Sample,BRCA,CEAD,CESC,COAD,OV,READ,bcell,cd4tcell,cd8tcell,erythroblast,monocyte,naturalkillercell,neutrophil
Ov79_rep2_Dep6_Tu5,0.832,3.670,0.758,0.000,2.689,1.360,2.010,3.148,0.000,12.168,8.276,3.296,61.793
Ov79_rep8_Dep6_Tu30,4.340,5.366,3.663,1.856,8.927,5.053,1.571,3.320,0.000,11.239,8.894,3.155,42.617
Ov79_rep6_Dep6_Tu0.3,0.000,1.632,0.468,0.000,1.125,0.000,2.296,1.802,3.530,12.545,8.828,2.444,65.331
Ov79_rep1_Dep6_Tu3,0.000,2.960,0.117,0.000,1.114,0.242,2.518,0.453,3.012,12.245,10.216,2.008,65.115
Ov79_rep1_Dep6_Tu50,6.140,8.160,5.706,4.425,12.462,7.308,0.821,3.708,0.000,12.085,8.136,2.217,28.832
Ov79_rep7_Dep6_Tu50,6.133,8.134,5.737,4.126,13.268,7.451,0.292,5.467,0.000,10.132,9.511,1.847,27.901
Ov79_rep4_Dep6_Tu50,6.670,7.668,6.129,4.015,12.302,7.406,1.074,2.114,0.000,10.690,10.974,2.807,28.151
Ov79_rep2_Dep6_Tu3,0.031,2.587,0.409,0.000,1.349,0.540,2.861,2.836,0.202,12.370,9.524,2.518,64.773
Ov79_rep7_Dep6_Tu1,0.000,1.311,0.590,0.000,2.473,0.166,2.381,1.933,1.800,12.976,7.949,2.501,65.922
Ov79_rep9_Dep6_Tu5,0.514,2.998,1.163,0.000,3.370,0.975,2.491,2.946,0.748,11.176,10.175,2.504,60.940
Ov79_rep3_Dep6_Tu1,0.000,1.452,0.691,0.000,2.313,0.573,2.304,0.000,4.484,11.735,9.326,2.877,64.246
Ov79_rep5_Dep6_Tu3,0.000,2.440,0.416,0.000,1.625,0.244,1.853,2.016,0.000,14.066,8.094,3.290,65.956
Ov79_rep10_Dep6_Tu0.3,0.000,1.978,0.142,0.000,1.671,0.114,2.060,3.866,1.413,12.633,7.739,2.431,65.954
Ov79_rep8_Dep6_Tu2,0.179,2.252,0.449,0.000,2.560,0.790,1.929,0.000,2.757,13.414,9.387,3.336,62.947
Ov79_rep1_Dep6_Tu0.5,0.000,3.091,0.188,0.000,1.782,0.000,2.604,2.643,1.595,12.159,9.629,1.944,64.365
Ov79_rep3_Dep6_Tu0.3,0.023,2.956,0.192,0.000,1.689,0.014,2.486,2.589,2.251,11.888,8.090,2.363,65.459
Ov79_rep8_Dep6_Tu50,7.098,7.002,5.906,4.675,12.465,7.898,0.563,5.093,1.599,7.296,10.171,2.386,27.849
Ov79_rep9_Dep6_Tu0.3,0.000,2.317,0.079,0.000,1.428,0.000,2.599,2.964,0.000,13.453,8.076,2.630,66.454
Ov79_rep7_Dep6_Tu2,0.319,3.724,0.218,0.000,1.793,0.373,2.228,1.533,1.208,12.087,9.378,2.725,64.412
Ov79_rep7_Dep6_Tu30,3.765,5.017,3.976,1.846,8.670,4.708,1.114,3.912,0.000,12.047,8.515,2.694,43.736
Ov79_rep5_Dep6_Tu50,6.187,9.201,5.796,2.890,12.494,7.506,0.000,1.671,1.434,11.985,9.650,2.687,28.500
Ov79_rep6_Dep6_Tu0.5,0.321,2.581,0.233,0.000,1.492,0.254,2.755,1.132,3.398,11.151,8.684,2.274,65.724
Ov79_rep2_Dep6_Tu2,0.416,2.137,0.408,0.000,2.446,0.959,2.696,1.672,1.448,11.566,11.138,2.234,62.879
Ov79_rep3_Dep6_Tu30,3.145,5.035,4.057,2.398,8.650,4.190,1.610,2.356,1.059,13.457,8.412,2.143,43.489
Ov79_rep9_Dep6_Tu3,0.000,2.883,0.315,0.000,1.438,0.000,1.993,1.317,2.592,13.543,8.478,2.474,64.968
Ov79_rep10_Dep6_Tu2,0.000,2.356,0.937,0.000,2.113,0.303,2.432,2.193,0.548,11.799,9.239,2.870,65.211
Ov79_rep10_Dep6_Tu1,0.000,2.980,0.198,0.000,2.097,0.161,1.896,1.360,2.837,12.231,8.222,2.848,65.170
Ov79_rep6_Dep6_Tu5,0.692,2.978,0.785,0.000,2.203,0.915,1.871,3.733,0.285,12.239,9.441,2.857,62.003
Ov79_rep2_Dep6_Tu0.3,0.250,3.541,0.192,0.000,1.369,0.123,2.077,2.786,0.000,12.405,8.518,3.156,65.584
Ov79_rep4_Dep6_Tu20,2.430,4.883,2.393,0.881,6.536,3.548,1.731,4.227,0.104,10.310,8.548,3.437,50.973
Ov79_rep1_Dep6_Tu0.1,0.000,2.543,0.063,0.000,1.557,0.000,2.038,1.114,2.391,13.239,8.411,2.555,66.087
Ov79_rep4_Dep6_Tu10,1.201,4.696,1.498,0.143,3.968,1.810,2.132,2.163,1.095,12.053,10.299,1.574,57.369
Ov79_rep4_Dep6_Tu30,3.116,5.299,4.086,2.070,9.072,4.382,1.710,3.688,0.000,13.155,7.127,2.970,43.326
Ov79_rep5_Dep6_Tu10,0.976,3.069,1.654,0.877,4.428,1.389,1.575,3.389,0.000,12.297,8.796,3.053,58.498
Ov79_rep7_Dep6_Tu3,0.190,2.934,0.518,0.000,1.711,0.661,2.327,0.901,3.787,11.014,9.429,1.695,64.834
Ov79_rep9_Dep6_Tu50,6.525,8.225,6.347,3.604,12.060,7.740,0.184,3.608,0.000,11.083,9.258,2.181,29.185
Ov79_rep10_Dep6_Tu0.5,0.000,2.927,0.258,0.000,2.098,0.218,2.708,1.660,0.000,13.321,9.032,3.028,64.750
Ov79_rep7_Dep6_Tu40,4.775,7.626,4.991,2.954,10.805,6.056,1.119,1.653,0.000,12.726,9.148,2.855,35.293
Ov79_rep7_Dep6_Tu0.1,0.000,1.692,0.467,0.000,2.285,0.368,2.434,2.677,0.911,12.606,8.590,2.006,65.966
Ov79_rep9_Dep6_Tu0.1,0.000,3.054,0.482,0.000,1.395,0.434,2.607,0.642,3.438,11.261,9.997,2.614,64.076
Ov79_rep1_Dep6_Tu5,0.704,2.828,0.884,0.000,3.163,1.183,2.171,2.718,2.938,10.919,8.433,2.497,61.563
Ov79_rep9_Dep6_Tu30,3.994,5.811,3.807,2.260,8.932,4.867,1.372,1.503,0.000,11.887,10.586,3.246,41.735
Ov79_rep2_Dep6_Tu0.1,0.000,2.399,0.479,0.000,2.405,0.124,1.771,0.494,3.579,11.876,9.599,2.794,64.481
Ov79_rep7_Dep6_Tu20,2.219,4.374,3.131,0.430,6.642,3.801,1.848,4.709,0.436,11.280,8.379,2.082,50.668
Ov79_rep7_Dep6_Tu5,0.699,2.524,1.341,0.000,3.321,0.967,2.316,5.040,0.000,10.806,10.364,1.893,60.731
Ov79_rep2_Dep6_Tu10,1.500,2.795,2.194,0.458,4.424,1.710,2.309,4.618,0.021,11.561,7.690,2.232,58.488
Ov79_rep8_Dep6_Tu0.1,0.053,3.182,0.368,0.000,1.673,0.206,2.821,1.247,2.226,11.902,9.441,2.756,64.125
Ov79_rep8_Dep6_Tu5,0.792,3.279,0.622,0.000,2.463,0.843,2.103,1.482,4.238,11.234,8.450,2.329,62.165
Ov79_rep1_Dep6_Tu10,1.282,3.986,1.638,0.240,3.409,2.184,2.520,1.776,3.811,9.740,9.319,1.555,58.539
Ov79_rep1_Dep6_Tu1,0.301,2.067,0.435,0.000,1.886,0.549,2.760,0.000,4.630,11.087,9.953,2.486,63.846
Ov79_rep10_Dep6_Tu10,1.307,3.539,1.869,0.000,4.354,1.986,2.370,1.481,1.250,12.309,9.344,2.528,57.664
Ov79_rep2_Dep6_Tu50,6.980,4.703,6.416,4.411,12.904,7.644,0.890,3.967,0.000,11.656,9.347,2.497,28.584
Ov79_rep3_Dep6_Tu20,2.229,3.706,3.209,0.620,6.170,3.528,1.951,3.673,0.000,12.493,8.599,3.090,50.732
Ov79_rep3_Dep6_Tu0.1,0.000,2.712,0.243,0.000,2.143,0.187,1.975,1.002,2.237,11.759,10.476,2.840,64.428
Ov79_rep10_Dep6_Tu3,0.427,2.900,0.072,0.000,1.658,0.391,2.290,2.043,3.272,11.466,7.670,1.476,66.335
Ov79_rep5_Dep6_Tu2,0.000,3.930,0.151,0.000,1.931,0.309,2.228,0.000,2.946,13.056,8.578,2.043,64.827
Ov79_rep10_Dep6_Tu0.1,0.076,2.460,0.285,0.000,1.321,0.151,2.331,1.850,2.258,12.271,9.271,2.685,65.042
Ov79_rep6_Dep6_Tu3,0.495,2.528,0.000,0.000,1.940,0.578,2.521,1.440,2.689,11.341,8.593,1.913,65.962
Ov79_rep4_Dep6_Tu0.3,0.000,2.430,0.428,0.000,1.763,0.274,2.260,0.000,2.850,14.727,7.923,2.393,64.952
Ov79_rep4_Dep6_Tu3,0.178,1.882,0.493,0.000,2.043,0.406,1.851,3.581,0.555,11.524,8.890,3.304,65.293
Ov79_rep3_Dep6_Tu10,1.775,3.385,1.296,0.000,4.088,2.045,2.888,4.350,0.000,11.305,8.994,2.308,57.564
Ov79_rep3_Dep6_Tu5,0.177,3.661,0.835,0.000,3.404,0.893,2.133,2.454,1.321,11.977,7.958,3.164,62.025
Ov79_rep7_Dep6_Tu0.3,0.000,3.115,0.224,0.000,1.666,0.358,2.239,0.510,2.556,12.280,8.948,2.001,66.102
Ov79_rep8_Dep6_Tu3,0.000,3.556,0.032,0.000,1.746,0.000,1.896,0.854,2.673,12.191,8.534,2.857,65.661
Ov79_rep1_Dep6_Tu20,2.365,5.023,2.346,1.076,6.504,2.901,1.497,1.657,2.688,12.489,8.874,1.459,51.119
Ov79_rep5_Dep6_Tu0.5,0.000,2.223,0.013,0.000,2.024,0.191,2.277,2.358,0.797,12.449,8.697,2.924,66.047
Ov79_rep7_Dep6_Tu10,1.017,2.786,1.539,0.000,4.874,2.275,2.003,3.858,0.570,12.186,8.012,2.468,58.411
Ov79_rep8_Dep6_Tu0.5,0.009,3.222,0.183,0.000,1.612,0.000,2.465,2.490,2.349,12.063,7.886,2.286,65.435
Ov79_rep4_Dep6_Tu0.5,0.156,2.938,0.000,0.000,1.702,0.639,2.384,0.000,4.818,11.076,9.513,2.026,64.748
Ov79_rep2_Dep6_Tu40,5.288,7.590,4.818,3.099,10.642,5.848,0.470,3.847,0.267,9.462,10.063,3.587,35.019
Ov79_rep9_Dep6_Tu10,2.136,3.240,1.468,0.375,4.456,2.095,2.220,0.513,0.000,12.432,9.871,3.829,57.365
Ov79_rep3_Dep6_Tu50,6.586,7.502,5.959,3.956,12.613,7.788,0.870,4.062,0.000,10.562,9.318,2.275,28.509
Ov79_rep10_Dep6_Tu50,6.517,7.647,5.682,4.088,12.608,7.261,1.065,1.820,0.000,12.942,9.096,2.591,28.681
Ov79_rep1_Dep6_Tu30,4.154,5.708,3.640,2.566,8.877,5.159,1.782,2.787,0.848,11.938,6.649,2.584,43.309
Ov79_rep8_Dep6_Tu20,2.414,5.425,2.521,0.898,6.063,3.178,1.089,0.806,4.433,11.914,8.401,2.080,50.776
Ov79_rep6_Dep6_Tu40,5.139,4.706,5.331,2.924,10.651,6.187,0.802,3.569,0.000,12.582,10.726,2.331,35.051
Ov79_rep6_Dep6_Tu20,2.242,5.499,2.314,0.437,5.573,3.462,1.560,2.911,3.769,11.282,8.304,1.480,51.168
Ov79_rep10_Dep6_Tu30,4.041,6.098,4.211,0.839,8.264,4.865,1.226,3.762,1.514,10.613,9.423,2.378,42.766
Ov79_rep4_Dep6_Tu0.1,0.175,1.875,0.250,0.000,1.236,0.276,2.864,3.909,0.267,12.141,8.943,2.437,65.628
Ov79_rep5_Dep6_Tu20,3.044,5.400,2.912,0.260,6.369,3.809,1.353,3.183,1.539,10.016,10.155,2.864,49.096
Ov79_rep2_Dep6_Tu30,3.595,4.994,3.915,1.661,8.709,4.829,1.744,3.051,0.000,12.926,8.024,3.136,43.416
Ov79_rep5_Dep6_Tu40,5.648,6.047,4.436,2.725,10.741,6.143,1.116,6.203,1.676,9.398,8.288,2.236,35.345
Ov79_rep8_Dep6_Tu0.3,0.000,2.379,0.143,0.000,1.464,0.000,2.578,3.141,0.000,13.308,7.969,2.680,66.338
Ov79_rep4_Dep6_Tu40,4.604,6.002,5.105,3.440,10.254,5.968,1.550,4.591,0.000,11.529,9.466,1.726,35.766
Ov79_rep3_Dep6_Tu0.5,0.000,1.687,0.565,0.000,1.162,0.000,2.255,1.772,3.563,12.593,8.792,2.448,65.164
Ov79_rep6_Dep6_Tu10,0.914,3.721,1.839,0.219,4.451,2.062,1.561,0.000,3.305,12.253,8.682,2.660,58.333
Ov79_rep8_Dep6_Tu1,0.508,2.212,0.229,0.000,2.312,0.532,2.122,0.983,2.417,11.721,9.896,2.469,64.600
Ov79_rep9_Dep6_Tu2,0.000,2.136,0.555,0.000,2.786,0.456,2.646,2.818,0.923,12.888,8.490,1.985,64.318
Ov79_rep6_Dep6_Tu0.1,0.173,2.223,0.103,0.000,1.502,0.389,2.542,0.000,4.993,12.141,9.114,1.902,64.919
Ov79_rep5_Dep6_Tu0.1,0.044,1.370,0.380,0.000,1.626,0.222,2.427,3.472,0.062,13.044,9.054,2.723,65.578
Ov79_rep10_Dep6_Tu20,2.327,5.838,2.352,1.141,5.924,3.409,1.199,1.906,2.422,11.632,10.127,2.262,49.461
Ov79_rep5_Dep6_Tu0.3,0.000,1.461,0.554,0.000,1.280,0.576,2.433,3.296,3.426,10.986,9.392,1.962,64.634
Ov79_rep10_Dep6_Tu5,0.534,3.412,0.311,0.000,3.137,1.001,2.548,0.914,2.587,12.850,8.660,2.087,61.959
Ov79_rep5_Dep6_Tu5,0.667,3.443,1.088,0.000,2.619,0.965,2.170,4.909,0.528,11.099,9.059,2.237,61.216
Ov79_rep1_Dep6_Tu40,4.839,7.712,4.717,2.801,9.515,6.053,0.401,4.550,0.544,12.490,8.282,2.349,35.747
Ov79_rep8_Dep6_Tu40,5.245,4.733,5.168,3.544,11.150,6.181,0.496,4.547,0.000,12.030,9.370,2.098,35.438
Ov79_rep6_Dep6_Tu50,5.378,6.785,6.772,4.127,12.930,7.321,0.486,1.124,2.228,12.818,9.902,1.837,28.293
Ov79_rep2_Dep6_Tu20,2.534,5.403,2.099,1.042,6.301,3.123,1.826,2.861,1.193,12.751,9.341,1.683,49.843
Ov79_rep1_Dep6_Tu0.3,0.000,2.780,0.330,0.000,1.217,0.344,2.636,1.671,1.672,11.875,11.028,2.565,63.882
Ov79_rep6_Dep6_Tu1,0.000,3.087,0.301,0.000,2.005,0.160,2.036,0.566,1.183,13.558,8.814,3.156,65.134
Ov79_rep8_Dep6_Tu10,1.561,3.314,1.246,0.000,3.558,2.156,2.086,0.537,5.660,10.697,9.171,2.366,57.649
Ov79_rep9_Dep6_Tu20,2.947,3.804,3.014,1.607,6.340,3.229,1.922,3.988,0.186,11.507,8.291,2.450,50.715
Ov79_rep6_Dep6_Tu2,0.114,2.395,0.378,0.000,2.289,0.463,2.013,1.227,3.385,11.955,9.644,2.000,64.137
Ov79_rep10_Dep6_Tu40,4.912,7.127,4.780,2.833,11.189,6.038,1.070,2.274,5.297,9.053,7.918,1.287,36.221
Ov79_rep4_Dep6_Tu1,0.139,3.256,0.391,0.000,2.058,0.510,2.345,0.000,3.149,10.242,10.525,2.541,64.845
Ov79_rep1_Dep6_Tu2,0.363,1.755,0.538,0.000,2.650,0.859,1.930,1.012,3.583,12.208,8.413,2.889,63.800
Ov79_rep3_Dep6_Tu2,0.207,2.971,0.759,0.000,2.498,0.774,3.034,0.927,3.989,10.160,9.336,1.915,63.432
Ov79_rep4_Dep6_Tu2,0.105,3.391,0.269,0.000,2.738,0.994,2.015,0.567,5.306,9.560,8.545,2.173,64.337
Ov79_rep9_Dep6_Tu40,5.426,7.821,4.676,3.172,10.830,6.109,0.613,3.203,0.001,10.265,9.138,2.669,36.076
Ov79_rep4_Dep6_Tu5,1.383,2.404,1.184,0.000,2.598,1.524,2.413,3.271,1.963,10.908,9.092,2.044,61.217
Ov79_rep2_Dep6_Tu0.5,0.000,2.905,0.286,0.000,2.126,0.015,2.289,1.161,1.075,13.309,8.051,3.068,65.714
Ov79_rep5_Dep6_Tu30,4.067,5.953,4.339,1.301,7.809,4.827,1.715,3.333,0.365,12.625,8.410,2.722,42.534
Ov79_rep3_Dep6_Tu40,5.047,5.940,4.725,3.121,10.289,6.424,0.628,2.445,1.024,12.570,9.152,2.662,35.972
Ov79_rep6_Dep6_Tu30,3.623,6.568,3.837,2.076,7.603,4.770,0.888,4.782,1.863,10.302,8.909,2.118,42.660
Ov79_rep2_Dep6_Tu1,0.000,3.083,0.123,0.000,1.386,0.085,2.471,2.728,1.262,13.317,9.403,1.658,64.484
Ov79_rep3_Dep6_Tu3,0.000,2.736,0.000,0.000,1.490,0.500,2.458,2.555,1.375,12.726,7.844,2.796,65.521
Ov79_rep9_Dep6_Tu0.5,0.000,0.983,0.518,0.000,2.460,0.532,2.038,3.762,0.719,12.200,9.099,2.474,65.215
Ov79_rep9_Dep6_Tu1,0.546,1.322,0.799,0.000,2.575,0.580,2.166,1.657,1.951,12.480,8.478,2.812,64.632
Ov79_rep5_Dep6_Tu1,0.000,2.357,0.878,0.000,1.824,0.362,2.339,2.983,1.030,11.304,10.473,2.336,64.112
Ov79_rep7_Dep6_Tu0.5,0.000,3.441,0.147,0.000,1.597,0.323,2.446,3.071,2.373,10.855,7.381,2.417,65.948
