Sample,BRCA,CEAD,CESC,COAD,OV,READ,bcell,cd4tcell,cd8tcell,erythroblast,monocyte,naturalkillercell,neutrophil,Unknown-1
Colo9345_rep1_Dep6_Tu5,0.000,0.000,0.000,21.338,26.016,2.046,0.000,0.000,0.000,0.000,0.872,0.000,49.659,0.069
Colo9345_rep8_Dep6_Tu30,0.000,1.505,3.407,30.040,17.526,4.289,0.000,0.000,0.000,0.000,1.372,0.000,40.766,1.096
Colo9345_rep5_Dep6_Tu1,0.000,0.000,0.000,0.872,35.776,0.000,0.000,0.000,0.000,0.000,3.011,0.000,60.341,0.000
Colo9345_rep5_Dep6_Tu20,0.000,11.404,1.375,40.992,11.662,9.078,0.000,0.000,0.000,0.000,1.513,0.000,20.901,3.074
Colo9345_rep7_Dep6_Tu20,0.000,3.860,2.202,48.635,10.779,6.501,0.000,0.000,0.000,0.000,0.322,0.000,23.050,4.650
Colo9345_rep6_Dep6_Tu2,0.000,0.000,0.000,5.160,37.309,0.000,0.000,0.000,0.000,0.000,1.847,0.000,55.684,0.000
Colo9345_rep10_Dep6_Tu10,0.000,0.000,0.000,10.341,30.349,0.000,0.000,0.000,0.000,0.000,4.444,0.000,54.865,0.000
Colo9345_rep1_Dep6_Tu10,0.000,2.195,3.089,28.401,24.479,6.083,0.000,0.000,0.000,0.000,0.893,0.000,33.856,1.003
Colo9345_rep3_Dep6_Tu30,0.000,6.122,3.199,53.372,6.075,11.499,0.000,0.000,0.000,0.000,0.079,0.000,15.137,4.515
Colo9345_rep6_Dep6_Tu1,0.000,0.000,0.000,1.051,31.848,0.000,0.000,0.000,0.000,0.000,3.186,0.000,63.915,0.000
Colo9345_rep2_Dep6_Tu10,0.000,0.000,3.796,30.267,17.986,7.152,0.000,0.000,0.000,0.000,0.853,0.000,37.911,2.036
Colo9345_rep6_Dep6_Tu5,0.000,0.000,0.000,19.694,25.448,3.345,0.000,0.000,0.000,0.000,1.070,0.000,50.442,0.000
Colo9345_rep5_Dep6_Tu10,0.000,2.587,2.113,28.225,19.933,4.375,0.000,0.000,0.000,0.000,2.100,0.000,35.518,5.150
Colo9345_rep5_Dep6_Tu40,0.000,11.121,1.565,57.302,1.627,11.372,0.000,0.000,0.000,0.000,0.000,0.000,9.014,7.999
Colo9345_rep1_Dep6_Tu0.1,0.000,0.000,0.000,0.000,27.072,0.000,0.000,0.000,0.000,0.000,5.484,0.000,67.443,0.000
Colo9345_rep3_Dep6_Tu10,0.017,0.000,0.473,30.437,18.482,4.584,0.000,0.000,0.000,0.000,1.704,0.000,36.318,7.986
Colo9345_rep4_Dep6_Tu2,0.000,0.000,0.000,6.358,33.080,0.000,0.000,0.000,0.000,0.000,4.288,0.000,56.273,0.000
Colo9345_rep2_Dep6_Tu20,0.000,6.708,1.728,45.852,10.515,8.540,0.000,0.000,0.000,0.000,0.494,0.000,22.889,3.273
Colo9345_rep3_Dep6_Tu50,0.000,11.906,2.097,61.948,0.000,12.525,0.000,0.000,0.000,0.000,0.000,0.000,5.143,6.381
Colo9345_rep6_Dep6_Tu0.1,0.000,0.000,0.000,0.000,31.492,0.000,0.000,0.000,0.000,0.000,2.828,0.000,65.679,0.000
Colo9345_rep3_Dep6_Tu40,0.000,8.559,3.523,56.151,0.366,13.474,0.000,0.000,0.000,0.000,0.000,0.000,8.802,9.125
Colo9345_rep6_Dep6_Tu3,0.000,0.000,0.000,12.225,30.439,0.000,0.000,0.000,0.000,0.000,1.343,0.000,55.992,0.000
Colo9345_rep9_Dep6_Tu50,0.949,0.000,1.168,50.285,13.464,5.903,0.000,0.000,0.000,0.000,0.000,0.000,24.250,3.981
Colo9345_rep1_Dep6_Tu3,0.000,0.000,0.000,10.964,28.568,2.203,0.000,0.000,0.000,0.000,5.253,0.000,52.991,0.021
Colo9345_rep6_Dep6_Tu30,0.000,3.588,2.300,51.460,8.592,12.378,0.000,0.000,0.000,0.000,0.000,0.000,13.535,8.147
Colo9345_rep1_Dep6_Tu20,0.000,5.760,4.520,42.126,13.679,10.331,0.000,0.000,0.000,0.000,0.310,0.000,20.735,2.539
Colo9345_rep4_Dep6_Tu0.5,0.000,0.000,0.000,0.048,38.144,0.000,0.000,0.000,0.000,0.000,2.771,0.000,59.036,0.000
Colo9345_rep9_Dep6_Tu10,0.000,0.000,0.000,9.054,32.822,0.000,0.000,0.000,0.000,0.000,4.559,0.000,53.564,0.000
Colo9345_rep3_Dep6_Tu1,0.000,0.000,0.000,0.568,32.916,0.000,0.000,0.000,0.000,0.000,6.894,0.000,59.621,0.000
Colo9345_rep7_Dep6_Tu0.1,0.000,0.000,0.000,0.000,29.949,0.000,0.000,0.000,0.000,0.000,2.376,0.000,67.674,0.000
Colo9345_rep4_Dep6_Tu20,0.000,4.615,3.753,45.281,13.512,8.175,0.000,0.000,0.000,0.000,0.000,0.000,21.823,2.841
Colo9345_rep7_Dep6_Tu5,0.000,0.000,0.500,19.258,26.552,2.963,0.000,0.000,0.000,0.000,2.404,0.000,48.323,0.000
Colo9345_rep10_Dep6_Tu50,0.000,5.894,0.788,44.802,13.174,7.096,0.000,0.000,0.000,0.000,0.097,0.000,25.030,3.118
Colo9345_rep2_Dep6_Tu50,0.000,7.993,1.827,62.372,0.000,13.744,0.000,0.000,0.000,0.000,0.000,0.000,5.816,8.247
Colo9345_rep10_Dep6_Tu40,0.122,7.759,1.410,29.424,15.283,12.163,0.000,0.000,0.000,0.000,0.057,0.000,29.631,4.151
Colo9345_rep9_Dep6_Tu20,0.015,0.000,0.000,19.284,24.151,6.035,0.000,0.000,0.000,0.000,1.130,0.000,48.629,0.757
Colo9345_rep8_Dep6_Tu3,0.000,0.000,0.000,0.120,34.930,0.000,0.000,0.000,0.000,0.000,0.980,0.000,63.969,0.000
Colo9345_rep5_Dep6_Tu3,0.000,0.000,0.000,13.848,27.841,0.000,0.000,0.000,0.000,0.000,1.003,0.000,57.308,0.000
Colo9345_rep1_Dep6_Tu40,2.239,8.876,2.043,55.918,2.156,13.021,0.000,0.000,0.000,0.000,0.000,0.000,9.569,6.177
Colo9345_rep9_Dep6_Tu0.3,0.000,0.000,0.000,0.000,27.307,0.000,0.000,0.000,0.000,0.000,6.433,0.000,66.260,0.000
Colo9345_rep4_Dep6_Tu1,0.000,0.000,0.000,0.793,38.983,0.000,0.000,0.000,0.000,0.000,2.254,0.000,57.970,0.000
Colo9345_rep10_Dep6_Tu20,0.000,0.480,0.577,20.109,32.020,2.236,0.000,0.000,0.000,0.000,1.380,0.000,43.197,0.000
Colo9345_rep1_Dep6_Tu1,0.000,0.000,0.000,0.513,36.148,0.000,0.000,0.000,0.000,0.000,4.712,0.000,58.626,0.000
Colo9345_rep6_Dep6_Tu50,2.070,0.000,0.298,3.117,56.641,3.402,0.000,0.000,0.000,0.000,0.427,0.000,33.906,0.138
Colo9345_rep7_Dep6_Tu0.5,0.000,0.000,0.000,0.060,32.280,0.000,0.000,0.000,0.000,0.000,1.249,0.000,66.410,0.000
Colo9345_rep10_Dep6_Tu0.3,0.000,0.000,0.000,0.000,31.177,0.000,0.000,0.000,0.000,0.000,4.518,0.000,64.304,0.000
Colo9345_rep9_Dep6_Tu3,0.000,0.000,0.000,0.059,32.956,0.000,0.000,0.000,0.000,0.000,7.099,0.000,59.885,0.000
Colo9345_rep3_Dep6_Tu0.1,0.000,0.000,0.000,0.000,32.430,0.000,0.000,0.000,0.000,0.000,6.376,0.000,61.193,0.000
Colo9345_rep6_Dep6_Tu20,0.000,7.375,1.020,44.332,10.853,9.461,0.000,0.000,0.000,0.000,0.000,0.000,24.370,2.587
Colo9345_rep8_Dep6_Tu0.5,0.000,0.000,0.000,0.000,31.725,0.000,0.000,0.000,0.000,0.000,2.168,0.000,66.106,0.000
Colo9345_rep9_Dep6_Tu0.5,0.000,0.000,0.000,0.000,29.874,0.000,0.000,0.000,0.000,0.000,2.622,0.000,67.503,0.000
Colo9345_rep9_Dep6_Tu2,0.000,0.000,0.000,0.004,31.069,0.000,0.000,0.000,0.000,0.000,3.403,0.000,65.523,0.000
Colo9345_rep8_Dep6_Tu0.3,0.000,0.000,0.000,0.000,27.302,0.000,0.000,0.000,0.000,0.000,6.444,0.000,66.254,0.000
Colo9345_rep6_Dep6_Tu0.5,0.000,0.000,0.000,0.043,35.627,0.000,0.000,0.000,0.000,0.000,4.680,0.000,59.650,0.000
Colo9345_rep4_Dep6_Tu0.1,0.000,0.000,0.000,0.000,31.120,0.000,0.000,0.000,0.000,0.000,4.260,0.000,64.619,0.000
Colo9345_rep1_Dep6_Tu0.3,0.000,0.000,0.000,0.000,30.942,0.000,0.000,0.000,0.000,0.000,7.242,0.000,61.815,0.000
Colo9345_rep5_Dep6_Tu30,0.036,6.217,3.152,52.131,6.573,10.836,0.000,0.000,0.000,0.000,0.572,0.000,14.643,5.840
Colo9345_rep2_Dep6_Tu2,0.000,0.000,0.000,6.560,31.888,0.000,0.000,0.000,0.000,0.000,0.943,0.000,60.609,0.000
Colo9345_rep4_Dep6_Tu40,0.000,10.917,2.229,57.248,0.925,12.626,0.000,0.000,0.000,0.000,0.000,0.000,9.712,6.342
Colo9345_rep7_Dep6_Tu30,0.000,4.774,1.068,54.998,6.087,10.073,0.000,0.000,0.000,0.000,0.000,0.000,15.475,7.523
Colo9345_rep5_Dep6_Tu0.3,0.000,0.000,0.000,0.000,37.775,0.000,0.000,0.000,0.000,0.000,3.181,0.000,59.043,0.000
Colo9345_rep5_Dep6_Tu0.5,0.000,0.000,0.000,0.074,29.790,0.000,0.000,0.000,0.000,0.000,3.772,0.000,66.364,0.000
Colo9345_rep2_Dep6_Tu1,0.000,0.000,0.000,1.473,32.846,0.000,0.000,0.000,0.000,0.000,4.047,0.000,61.633,0.000
Colo9345_rep2_Dep6_Tu3,0.000,0.000,0.000,12.361,30.507,0.000,0.000,0.000,0.000,0.000,2.393,0.000,54.738,0.000
Colo9345_rep4_Dep6_Tu30,0.413,6.781,4.208,53.770,5.342,10.510,0.000,0.000,0.000,0.000,0.314,0.000,15.050,3.612
Colo9345_rep7_Dep6_Tu2,0.000,0.000,0.000,7.701,30.500,0.000,0.000,0.000,0.000,0.000,1.748,0.000,60.051,0.000
Colo9345_rep8_Dep6_Tu40,0.233,0.417,0.194,44.036,17.981,4.341,0.000,0.000,0.000,0.000,0.014,0.000,31.471,1.313
Colo9345_rep10_Dep6_Tu3,0.000,0.000,0.000,0.157,34.070,0.000,0.000,0.000,0.000,0.000,2.906,0.000,62.867,0.000
Colo9345_rep3_Dep6_Tu0.3,0.000,0.000,0.000,0.000,31.853,0.000,0.000,0.000,0.000,0.000,2.112,0.000,66.034,0.000
Colo9345_rep5_Dep6_Tu0.1,0.000,0.000,0.000,0.000,27.239,0.000,0.000,0.000,0.000,0.000,6.611,0.000,66.148,0.000
Colo9345_rep2_Dep6_Tu0.5,0.000,0.000,0.000,0.021,29.036,0.000,0.000,0.000,0.000,0.000,4.868,0.000,66.074,0.000
Colo9345_rep6_Dep6_Tu10,28.872,0.265,0.673,21.033,11.737,4.634,0.000,0.000,0.000,0.000,1.164,0.000,29.829,1.793
Colo9345_rep9_Dep6_Tu0.1,0.000,0.000,0.000,0.000,36.398,0.000,0.000,0.000,0.000,0.000,4.242,0.000,59.359,0.000
Colo9345_rep7_Dep6_Tu10,0.000,0.212,2.125,34.464,18.652,5.056,0.000,0.000,0.000,0.000,0.357,0.000,38.365,0.769
Colo9345_rep10_Dep6_Tu2,0.000,0.000,0.000,0.029,32.557,0.000,0.000,0.000,0.000,0.000,3.467,0.000,63.946,0.000
Colo9345_rep7_Dep6_Tu40,0.000,0.000,0.239,4.499,55.307,4.731,0.000,0.000,0.000,0.000,0.000,0.000,34.337,0.886
Colo9345_rep8_Dep6_Tu20,0.000,0.111,3.546,19.100,29.188,1.674,0.000,0.000,0.000,0.000,1.241,0.000,45.096,0.043
Colo9345_rep3_Dep6_Tu5,0.000,0.000,0.048,21.383,27.103,1.198,0.000,0.000,0.000,0.000,0.785,0.000,49.452,0.031
Colo9345_rep5_Dep6_Tu2,0.000,0.000,0.000,4.066,39.561,0.000,0.000,0.000,0.000,0.000,1.282,0.000,55.090,0.000
Colo9345_rep1_Dep6_Tu30,0.000,8.938,2.369,53.061,4.834,11.158,0.000,0.000,0.000,0.000,0.000,0.000,14.936,4.703
Colo9345_rep10_Dep6_Tu1,0.000,0.000,0.000,0.000,34.466,0.000,0.000,0.000,0.000,0.000,1.207,0.000,64.327,0.000
Colo9345_rep4_Dep6_Tu10,0.000,0.000,0.441,35.652,19.920,4.050,0.000,0.000,0.000,0.000,0.894,0.000,37.644,1.398
Colo9345_rep3_Dep6_Tu3,0.000,0.000,0.000,13.363,30.275,0.000,0.000,0.000,0.000,0.000,1.646,0.000,54.715,0.000
Colo9345_rep5_Dep6_Tu50,0.000,12.227,3.134,60.968,0.000,13.447,0.000,0.000,0.000,0.000,0.000,0.000,5.299,4.924
Colo9345_rep2_Dep6_Tu40,0.000,15.045,1.684,55.537,0.000,13.278,0.000,0.000,0.000,0.000,0.000,0.000,8.731,5.725
Colo9345_rep1_Dep6_Tu2,0.000,0.000,0.000,7.074,26.926,0.000,0.000,0.000,0.000,0.000,4.956,0.000,61.043,0.000
Colo9345_rep2_Dep6_Tu5,0.000,0.000,0.415,19.719,29.586,0.000,0.000,0.000,0.000,0.000,0.265,0.000,50.015,0.000
Colo9345_rep2_Dep6_Tu0.1,0.000,0.000,0.000,0.000,33.427,0.000,0.000,0.000,0.000,0.000,3.580,0.000,62.993,0.000
Colo9345_rep10_Dep6_Tu5,0.000,0.000,0.000,2.629,32.720,0.000,0.000,0.000,0.000,0.000,1.468,0.000,63.182,0.000
Colo9345_rep1_Dep6_Tu0.5,0.000,0.000,0.000,0.037,32.919,0.000,0.000,0.000,0.000,0.000,2.300,0.000,64.743,0.000
Colo9345_rep8_Dep6_Tu10,0.000,0.000,0.000,7.620,35.270,0.000,0.000,0.000,0.000,0.000,2.887,0.000,54.222,0.000
Colo9345_rep9_Dep6_Tu5,0.000,0.000,0.000,1.151,35.819,0.000,0.000,0.000,0.000,0.000,2.927,0.000,60.103,0.000
Colo9345_rep7_Dep6_Tu1,0.000,0.000,0.000,1.003,30.908,0.000,0.000,0.000,0.000,0.000,2.734,0.000,65.354,0.000
Colo9345_rep5_Dep6_Tu5,0.000,0.000,0.074,16.337,33.356,2.852,0.000,0.000,0.000,0.000,0.673,0.000,46.318,0.389
Colo9345_rep7_Dep6_Tu50,0.000,11.915,1.828,60.907,0.000,14.507,0.000,0.000,0.000,0.000,0.000,0.000,5.672,5.170
Colo9345_rep3_Dep6_Tu20,0.000,4.054,4.194,47.806,10.406,6.411,0.000,0.000,0.000,0.000,0.287,0.000,23.528,3.314
Colo9345_rep8_Dep6_Tu1,0.000,0.000,0.000,0.000,32.175,0.000,0.000,0.000,0.000,0.000,6.065,0.000,61.759,0.000
Colo9345_rep4_Dep6_Tu5,0.000,0.000,0.000,17.389,31.396,4.570,0.000,0.000,0.000,0.000,2.197,0.000,44.067,0.380
Colo9345_rep10_Dep6_Tu30,0.000,4.467,0.896,26.544,20.586,6.316,0.000,0.000,0.000,0.000,0.194,0.000,40.168,0.829
Colo9345_rep10_Dep6_Tu0.5,0.000,0.000,0.000,0.000,31.963,0.000,0.000,0.000,0.000,0.000,5.201,0.000,62.835,0.000
Colo9345_rep8_Dep6_Tu2,0.000,0.000,0.000,0.025,33.884,0.000,0.000,0.000,0.000,0.000,7.331,0.000,58.760,0.000
Colo9345_rep7_Dep6_Tu0.3,0.000,0.000,0.000,0.000,30.832,0.000,0.000,0.000,0.000,0.000,3.461,0.000,65.706,0.000
Colo9345_rep4_Dep6_Tu3,0.000,0.000,0.000,10.833,33.374,0.000,0.000,0.000,0.000,0.000,0.720,0.000,55.072,0.000
Colo9345_rep3_Dep6_Tu0.5,0.000,0.000,0.000,0.006,32.325,0.000,0.000,0.000,0.000,0.000,8.411,0.000,59.257,0.000
Colo9345_rep8_Dep6_Tu50,0.000,1.056,1.035,38.784,13.790,13.807,0.000,0.000,0.000,0.000,0.715,0.000,22.942,7.872
Colo9345_rep2_Dep6_Tu30,0.000,7.872,2.039,54.352,4.947,10.239,0.000,0.000,0.000,0.000,0.000,0.000,15.009,5.542
Colo9345_rep8_Dep6_Tu5,0.067,0.000,0.000,0.655,38.905,0.000,0.000,0.000,0.000,0.000,1.479,0.000,58.893,0.000
Colo9345_rep1_Dep6_Tu50,0.000,11.030,1.970,60.702,0.000,13.385,0.000,0.000,0.000,0.000,0.000,0.000,5.179,7.734
Colo9345_rep8_Dep6_Tu0.1,0.000,0.000,0.000,0.000,35.118,0.000,0.000,0.000,0.000,0.000,3.386,0.000,61.496,0.000
Colo9345_rep6_Dep6_Tu0.3,0.000,0.000,0.000,0.000,32.302,0.000,0.000,0.000,0.000,0.000,8.403,0.000,59.294,0.000
Colo9345_rep9_Dep6_Tu1,0.000,0.000,0.000,0.000,27.547,0.000,0.000,0.000,0.000,0.000,6.646,0.000,65.806,0.000
Colo9345_rep7_Dep6_Tu3,0.000,0.000,0.000,8.931,35.515,3.005,0.000,0.000,0.000,0.000,1.500,0.000,51.049,0.000
Colo9345_rep9_Dep6_Tu40,0.000,3.777,1.758,30.862,15.954,9.187,0.000,0.000,0.000,0.000,1.265,0.000,31.113,6.084
Colo9345_rep3_Dep6_Tu2,0.000,0.000,0.000,5.203,32.830,0.000,0.000,0.000,0.000,0.000,4.552,0.000,57.414,0.000
Colo9345_rep2_Dep6_Tu0.3,0.000,0.000,0.000,0.000,34.207,0.000,0.000,0.000,0.000,0.000,1.060,0.000,64.732,0.000
Colo9345_rep4_Dep6_Tu0.3,0.000,0.000,0.000,0.000,31.048,0.000,0.000,0.000,0.000,0.000,5.200,0.000,63.751,0.000
Colo9345_rep9_Dep6_Tu30,4.408,1.088,1.319,24.572,22.722,7.897,0.000,0.000,0.000,0.000,1.533,0.000,36.214,0.246
Colo9345_rep6_Dep6_Tu40,0.000,9.404,3.636,57.247,0.932,13.336,0.000,0.000,0.000,0.000,0.000,0.000,9.647,5.799
Colo9345_rep10_Dep6_Tu0.1,0.000,0.000,0.000,0.000,30.918,0.000,0.000,0.000,0.000,0.000,6.020,0.000,63.061,0.000
Colo9345_rep4_Dep6_Tu50,0.000,11.832,2.358,59.205,0.000,14.978,0.000,0.000,0.000,0.000,0.000,0.000,5.166,6.460
