Sample,BRCA,CEAD,CESC,COAD,OV,READ,bcell,cd4tcell,cd8tcell,erythroblast,monocyte,naturalkillercell,neutrophil
Colo9345_rep1_Dep6_Tu5,3.522,1.182,0.641,11.807,5.983,5.544,13.050,2.748,3.791,47.603,3.064,0.209,0.856
Colo9345_rep8_Dep6_Tu30,1.384,1.208,0.839,19.175,7.226,7.919,21.737,2.112,0.000,33.856,3.244,0.820,0.479
Colo9345_rep5_Dep6_Tu1,0.000,6.668,1.167,0.693,0.534,1.688,17.940,0.966,0.851,59.268,9.234,0.223,0.769
Colo9345_rep5_Dep6_Tu20,2.323,9.659,3.185,32.667,9.959,13.877,0.000,2.316,0.000,20.446,2.376,1.544,1.647
Colo9345_rep7_Dep6_Tu20,5.480,4.273,1.519,38.275,11.696,11.162,0.000,1.851,0.000,20.641,2.097,0.479,2.526
Colo9345_rep6_Dep6_Tu2,0.068,10.289,0.996,3.145,0.556,3.328,10.476,1.452,1.432,57.673,7.235,2.001,1.349
Colo9345_rep10_Dep6_Tu10,0.006,2.305,2.134,6.648,1.508,3.389,17.761,2.503,0.857,54.061,7.187,1.023,0.619
Colo9345_rep1_Dep6_Tu10,1.123,10.594,2.606,21.441,5.105,10.342,4.131,1.217,0.000,34.615,5.075,0.416,3.334
Colo9345_rep3_Dep6_Tu30,4.698,5.648,2.157,45.388,11.527,13.868,0.000,1.567,0.000,13.024,1.571,0.551,0.000
Colo9345_rep6_Dep6_Tu1,0.000,2.711,0.357,0.593,0.749,1.063,24.831,1.505,0.392,61.438,5.597,0.314,0.450
Colo9345_rep2_Dep6_Tu10,2.620,3.328,1.884,19.937,8.722,8.675,15.958,1.845,0.000,31.701,4.252,0.571,0.505
Colo9345_rep6_Dep6_Tu5,4.033,1.453,1.838,9.871,4.669,6.783,13.748,1.441,5.215,47.043,3.735,0.170,0.000
Colo9345_rep5_Dep6_Tu10,2.053,9.643,3.842,21.168,3.137,8.150,12.013,1.158,0.000,31.597,5.542,0.699,0.999
Colo9345_rep5_Dep6_Tu40,4.784,7.132,1.796,49.848,10.283,15.163,0.000,2.356,0.000,8.638,0.000,0.000,0.000
Colo9345_rep1_Dep6_Tu0.1,0.000,0.171,0.092,0.000,0.275,0.014,33.350,0.844,0.539,59.617,4.479,0.443,0.176
Colo9345_rep3_Dep6_Tu10,7.340,2.013,2.032,20.597,4.340,9.655,7.421,2.927,0.000,35.697,3.752,2.428,1.798
Colo9345_rep4_Dep6_Tu2,0.000,10.201,0.365,3.661,0.662,1.980,21.505,0.835,1.808,50.788,6.943,0.906,0.346
Colo9345_rep2_Dep6_Tu20,6.817,3.244,1.651,34.944,12.108,12.665,0.000,2.060,0.000,21.227,3.018,1.693,0.574
Colo9345_rep3_Dep6_Tu50,4.708,5.321,1.727,54.165,13.398,16.137,0.000,0.601,0.000,3.943,0.000,0.000,0.000
Colo9345_rep6_Dep6_Tu0.1,0.000,0.245,0.014,0.000,0.666,0.229,21.910,0.871,6.131,64.380,5.332,0.222,0.000
Colo9345_rep3_Dep6_Tu40,5.393,8.322,2.711,50.681,8.297,14.926,0.000,1.180,0.000,7.658,0.000,0.832,0.000
Colo9345_rep6_Dep6_Tu3,1.633,0.720,0.385,5.109,5.049,4.587,16.573,1.276,5.276,54.044,4.299,0.631,0.417
Colo9345_rep9_Dep6_Tu50,3.921,4.398,1.443,33.518,8.525,13.122,7.283,2.271,0.000,22.170,1.943,0.843,0.561
Colo9345_rep1_Dep6_Tu3,0.596,0.817,1.725,6.474,2.142,5.385,15.503,2.370,0.395,51.058,9.169,3.149,1.218
Colo9345_rep6_Dep6_Tu30,4.957,9.050,2.155,42.057,7.802,16.072,0.000,1.744,0.000,12.932,1.267,1.021,0.944
Colo9345_rep1_Dep6_Tu20,2.313,9.422,2.432,34.224,9.215,12.889,0.000,1.605,0.000,21.237,1.305,1.499,3.859
Colo9345_rep4_Dep6_Tu0.5,0.000,10.317,0.217,0.125,0.175,0.967,12.952,1.175,4.520,59.791,8.416,0.664,0.682
Colo9345_rep9_Dep6_Tu10,0.010,9.992,1.348,5.743,0.330,1.915,18.636,0.666,0.000,48.610,6.856,5.183,0.711
Colo9345_rep3_Dep6_Tu1,0.000,9.235,0.406,0.476,0.167,0.883,21.735,0.588,0.513,53.325,9.258,3.304,0.109
Colo9345_rep7_Dep6_Tu0.1,0.000,0.663,0.040,0.000,0.140,0.073,30.162,0.438,0.253,62.492,5.069,0.249,0.422
Colo9345_rep4_Dep6_Tu20,2.661,8.143,1.050,35.067,12.754,12.330,0.000,1.412,0.000,20.359,1.909,2.641,1.674
Colo9345_rep7_Dep6_Tu5,1.525,1.355,2.231,11.610,3.205,6.418,12.625,4.318,0.236,47.630,4.460,2.858,1.529
Colo9345_rep10_Dep6_Tu50,1.540,3.716,1.241,31.984,18.096,12.669,2.345,0.676,0.000,21.797,3.205,0.048,2.684
Colo9345_rep2_Dep6_Tu50,5.775,5.879,1.671,53.521,11.349,16.857,0.000,0.832,0.000,4.115,0.000,0.000,0.000
Colo9345_rep10_Dep6_Tu40,4.047,9.643,2.086,24.568,7.758,11.082,2.744,1.197,0.587,27.859,2.380,3.608,2.441
Colo9345_rep9_Dep6_Tu20,6.237,0.942,1.353,10.140,5.690,7.553,12.039,1.174,3.206,46.299,4.479,0.726,0.162
Colo9345_rep8_Dep6_Tu3,0.000,12.753,0.062,0.187,0.499,0.385,22.740,0.412,0.922,59.079,2.702,0.261,0.000
Colo9345_rep5_Dep6_Tu3,1.173,1.727,0.686,7.182,1.584,3.501,25.378,0.927,0.110,53.499,3.250,0.476,0.508
Colo9345_rep1_Dep6_Tu40,4.552,8.405,1.718,49.021,11.709,14.948,0.000,0.952,0.000,8.344,0.000,0.351,0.000
Colo9345_rep9_Dep6_Tu0.3,0.000,0.188,0.080,0.000,0.235,0.000,32.646,1.038,0.393,59.057,5.465,0.736,0.162
Colo9345_rep4_Dep6_Tu1,0.000,10.431,0.079,0.506,0.399,2.263,11.967,0.884,5.972,57.641,9.113,0.619,0.127
Colo9345_rep10_Dep6_Tu20,1.235,10.433,1.944,11.936,2.984,7.014,5.702,1.229,0.142,45.824,4.613,2.940,4.004
Colo9345_rep1_Dep6_Tu1,0.003,8.701,0.250,0.392,0.718,0.905,13.967,0.819,9.829,54.166,8.272,1.505,0.474
Colo9345_rep6_Dep6_Tu50,0.811,7.041,1.049,5.820,1.084,5.011,6.689,1.263,0.631,28.013,4.063,0.400,38.125
Colo9345_rep7_Dep6_Tu0.5,0.000,0.328,0.000,0.090,1.997,0.705,21.238,1.570,7.254,62.986,3.666,0.124,0.042
Colo9345_rep10_Dep6_Tu0.3,0.000,0.885,0.041,0.000,0.156,0.000,26.897,0.463,1.874,60.860,7.321,1.214,0.289
Colo9345_rep9_Dep6_Tu3,0.000,8.163,0.287,0.186,0.196,0.355,23.237,0.575,0.361,54.560,9.669,1.736,0.676
Colo9345_rep3_Dep6_Tu0.1,0.000,9.249,0.112,0.000,0.097,0.036,22.332,0.353,0.123,55.134,8.529,3.418,0.617
Colo9345_rep6_Dep6_Tu20,4.027,3.665,0.740,33.994,16.517,12.747,0.000,2.181,0.000,21.645,1.653,0.378,2.453
Colo9345_rep8_Dep6_Tu0.5,0.000,0.194,0.066,0.000,1.036,0.077,21.478,0.728,4.784,64.773,5.936,0.745,0.182
Colo9345_rep9_Dep6_Tu0.5,0.000,0.607,0.099,0.000,0.114,0.141,30.178,0.568,0.394,62.211,5.058,0.247,0.383
Colo9345_rep9_Dep6_Tu2,0.000,1.007,0.175,0.081,0.231,0.666,29.018,0.866,0.231,60.735,6.121,0.428,0.441
Colo9345_rep8_Dep6_Tu0.3,0.000,0.204,0.075,0.000,0.222,0.000,32.623,1.029,0.400,59.026,5.482,0.747,0.192
Colo9345_rep6_Dep6_Tu0.5,0.000,8.914,0.247,0.132,0.382,0.347,14.313,0.705,10.230,55.387,8.298,0.947,0.098
Colo9345_rep4_Dep6_Tu0.1,0.041,0.215,0.188,0.020,0.153,0.071,20.540,1.539,0.878,65.251,8.363,1.848,0.892
Colo9345_rep1_Dep6_Tu0.3,0.000,0.338,0.218,0.021,0.216,1.076,19.784,1.842,4.361,59.130,11.398,1.169,0.447
Colo9345_rep5_Dep6_Tu30,5.689,4.892,1.577,41.955,12.318,14.586,0.000,2.688,0.000,13.483,1.451,0.922,0.439
Colo9345_rep2_Dep6_Tu2,0.769,1.334,0.604,2.518,3.575,3.917,17.954,1.200,5.837,58.204,3.710,0.345,0.032
Colo9345_rep4_Dep6_Tu40,6.605,5.874,1.761,48.951,11.626,15.407,0.000,1.709,0.000,8.067,0.000,0.000,0.000
Colo9345_rep7_Dep6_Tu30,6.255,5.531,1.825,44.658,10.056,13.870,0.000,2.959,0.000,14.156,0.000,0.691,0.000
Colo9345_rep5_Dep6_Tu0.3,0.000,10.278,0.231,0.012,0.112,0.974,11.977,1.231,3.353,59.718,10.857,0.456,0.800
Colo9345_rep5_Dep6_Tu0.5,0.085,0.322,0.261,0.119,0.313,0.492,31.065,1.132,0.185,60.648,4.439,0.571,0.369
Colo9345_rep2_Dep6_Tu1,0.289,2.111,0.296,0.901,1.279,1.578,24.002,0.894,1.056,56.774,9.834,0.688,0.299
Colo9345_rep2_Dep6_Tu3,0.376,3.360,1.184,7.009,2.596,3.587,21.281,1.630,0.386,50.276,7.218,0.694,0.401
Colo9345_rep4_Dep6_Tu30,4.631,4.962,1.946,45.327,13.460,12.781,0.000,2.128,0.000,12.700,1.030,1.035,0.000
Colo9345_rep7_Dep6_Tu2,1.769,0.844,1.395,2.799,2.159,3.948,18.151,1.575,6.150,56.827,4.249,0.137,0.000
Colo9345_rep8_Dep6_Tu40,1.714,3.018,0.907,29.092,5.423,10.457,14.629,1.831,0.000,27.871,2.402,0.587,2.069
Colo9345_rep10_Dep6_Tu3,0.100,6.126,0.049,0.154,0.407,0.904,23.255,0.865,1.828,58.542,7.220,0.390,0.160
Colo9345_rep3_Dep6_Tu0.3,0.000,0.215,0.102,0.031,1.235,0.280,21.292,0.811,4.815,64.442,5.856,0.749,0.172
Colo9345_rep5_Dep6_Tu0.1,0.000,0.110,0.082,0.000,0.293,0.042,34.260,0.928,0.480,57.911,5.352,0.353,0.190
Colo9345_rep2_Dep6_Tu0.5,0.000,0.453,0.084,0.031,1.189,0.281,31.184,0.876,0.358,59.045,5.647,0.701,0.152
Colo9345_rep6_Dep6_Tu10,1.711,10.480,1.870,19.902,4.461,9.146,12.263,1.065,0.617,32.849,3.490,1.581,0.566
Colo9345_rep9_Dep6_Tu0.1,0.000,9.401,0.105,0.000,0.246,0.000,13.635,0.538,7.057,58.509,9.802,0.575,0.131
Colo9345_rep7_Dep6_Tu10,1.706,2.867,1.712,22.989,4.374,8.379,16.812,1.444,0.127,35.178,2.237,0.383,1.791
Colo9345_rep10_Dep6_Tu2,0.000,1.327,0.387,0.164,0.740,0.541,22.359,0.954,1.622,63.023,7.302,1.086,0.494
Colo9345_rep7_Dep6_Tu40,1.375,7.371,1.586,7.277,1.159,4.985,14.510,1.481,0.000,23.292,3.828,2.544,30.591
Colo9345_rep8_Dep6_Tu20,0.076,9.298,0.828,14.673,2.590,3.256,17.702,1.632,0.653,41.078,5.813,1.663,0.737
Colo9345_rep3_Dep6_Tu5,0.336,4.401,0.932,13.805,2.738,4.520,18.944,1.481,0.636,48.742,1.994,0.654,0.818
Colo9345_rep5_Dep6_Tu2,0.000,10.353,0.731,1.813,0.787,3.422,8.468,1.468,2.378,57.556,6.968,1.256,4.798
Colo9345_rep1_Dep6_Tu30,4.096,4.579,2.099,44.004,14.478,13.341,0.000,3.270,0.000,13.105,0.261,0.766,0.000
Colo9345_rep10_Dep6_Tu1,0.000,12.478,0.021,0.000,0.378,0.070,23.073,0.390,0.947,59.602,2.825,0.215,0.000
Colo9345_rep4_Dep6_Tu10,1.989,3.071,1.384,22.627,5.714,8.921,16.630,1.732,0.207,33.668,3.291,0.310,0.455
Colo9345_rep3_Dep6_Tu3,0.239,3.465,1.027,7.365,2.730,3.217,21.535,2.526,1.634,50.667,3.446,1.843,0.304
Colo9345_rep5_Dep6_Tu50,4.389,4.963,1.602,54.928,14.362,15.514,0.000,0.575,0.000,3.667,0.000,0.000,0.000
Colo9345_rep2_Dep6_Tu40,3.747,7.975,2.183,48.516,12.066,15.898,0.000,1.337,0.000,8.279,0.000,0.000,0.000
Colo9345_rep1_Dep6_Tu2,0.424,0.534,0.503,3.430,2.536,1.711,31.357,0.775,0.798,52.328,4.594,1.010,0.000
Colo9345_rep2_Dep6_Tu5,0.927,12.340,0.767,11.432,3.166,3.724,17.180,0.714,0.310,46.953,1.877,0.224,0.386
Colo9345_rep2_Dep6_Tu0.1,0.000,10.228,0.038,0.000,0.156,0.001,24.063,0.330,2.789,57.073,5.041,0.271,0.009
Colo9345_rep10_Dep6_Tu5,0.473,0.885,1.002,1.269,1.848,2.910,20.179,1.119,2.221,62.261,4.222,0.494,1.116
Colo9345_rep1_Dep6_Tu0.5,0.000,0.282,0.246,0.087,1.641,0.697,21.099,1.152,3.991,62.083,7.591,0.641,0.492
Colo9345_rep8_Dep6_Tu10,0.302,9.452,1.194,4.067,1.800,2.428,11.973,1.224,5.712,52.499,4.960,2.619,1.771
Colo9345_rep9_Dep6_Tu5,0.011,6.601,1.161,0.574,0.579,1.970,17.780,1.311,0.929,59.186,9.260,0.157,0.484
Colo9345_rep7_Dep6_Tu1,0.000,0.544,0.211,0.770,0.573,1.202,29.490,0.977,0.656,58.654,6.052,0.660,0.211
Colo9345_rep5_Dep6_Tu5,0.774,10.542,0.634,10.515,3.065,6.774,7.103,0.838,2.842,46.333,7.883,0.716,1.982
Colo9345_rep7_Dep6_Tu50,3.799,5.196,1.817,53.511,14.304,16.592,0.000,0.883,0.000,3.899,0.000,0.000,0.000
Colo9345_rep3_Dep6_Tu20,4.977,3.633,2.181,38.214,13.416,9.856,0.000,4.015,0.000,20.202,2.063,0.866,0.576
Colo9345_rep8_Dep6_Tu1,0.000,10.514,0.024,0.038,0.115,0.137,22.879,0.526,1.019,57.133,6.959,0.499,0.157
Colo9345_rep4_Dep6_Tu5,1.345,10.898,2.400,9.417,1.451,8.621,6.991,2.260,0.488,44.525,8.503,1.338,1.763
Colo9345_rep10_Dep6_Tu30,6.286,3.145,1.632,15.069,7.868,10.680,8.892,2.693,0.273,37.032,3.291,1.024,2.115
Colo9345_rep10_Dep6_Tu0.5,0.000,2.878,0.037,0.000,0.350,0.051,24.165,1.127,1.041,61.052,8.471,0.511,0.315
Colo9345_rep8_Dep6_Tu2,0.004,9.336,0.339,0.121,0.100,0.231,21.758,0.413,0.347,54.123,8.933,4.018,0.278
Colo9345_rep7_Dep6_Tu0.3,0.000,0.597,0.236,0.047,0.266,0.388,30.407,0.756,0.538,60.720,5.773,0.248,0.024
Colo9345_rep4_Dep6_Tu3,0.614,12.019,0.539,6.356,1.716,2.635,19.765,1.007,0.488,50.492,3.492,0.346,0.532
Colo9345_rep3_Dep6_Tu0.5,0.000,6.442,0.239,0.096,0.122,0.221,23.956,0.721,0.828,54.066,12.154,0.804,0.351
Colo9345_rep8_Dep6_Tu50,3.476,10.956,3.378,29.265,6.319,16.566,0.000,1.817,0.000,21.868,4.313,1.029,1.013
Colo9345_rep2_Dep6_Tu30,6.676,4.405,2.075,45.392,12.917,12.930,0.000,1.173,0.000,12.345,1.199,0.888,0.000
Colo9345_rep8_Dep6_Tu5,0.120,10.068,0.405,0.554,0.297,1.802,11.542,0.463,5.519,60.280,6.536,1.584,0.829
Colo9345_rep1_Dep6_Tu50,4.575,7.380,1.769,54.527,11.018,15.674,0.000,1.213,0.000,3.844,0.000,0.000,0.000
Colo9345_rep8_Dep6_Tu0.1,0.000,7.927,0.043,0.000,0.123,0.013,14.883,0.728,3.515,61.483,8.276,1.468,1.542
Colo9345_rep6_Dep6_Tu0.3,0.000,6.346,0.282,0.032,0.096,0.156,24.058,0.669,0.862,54.375,12.187,0.774,0.163
Colo9345_rep9_Dep6_Tu1,0.000,0.229,0.082,0.006,0.264,0.159,34.303,0.535,0.805,57.105,6.096,0.416,0.000
Colo9345_rep7_Dep6_Tu3,0.330,11.068,1.049,4.917,1.381,5.837,7.923,1.306,3.161,51.944,9.005,0.686,1.394
Colo9345_rep9_Dep6_Tu40,3.506,9.839,2.675,25.064,3.369,10.071,8.976,0.957,0.000,27.414,3.196,4.660,0.273
Colo9345_rep3_Dep6_Tu2,0.211,0.739,1.043,2.626,1.528,4.521,17.159,2.264,3.998,52.631,10.310,2.611,0.361
Colo9345_rep2_Dep6_Tu0.3,0.000,11.912,0.174,0.035,0.440,0.102,23.344,0.343,0.600,59.797,2.692,0.247,0.313
Colo9345_rep4_Dep6_Tu0.3,0.000,1.030,0.033,0.035,0.401,0.470,26.969,0.973,1.161,62.467,6.050,0.411,0.000
Colo9345_rep9_Dep6_Tu30,0.644,10.065,3.801,18.136,2.135,8.335,12.381,1.657,0.000,33.204,3.131,5.781,0.731
Colo9345_rep6_Dep6_Tu40,4.804,5.816,2.506,50.690,11.836,14.926,0.000,1.063,0.000,8.358,0.000,0.000,0.000
Colo9345_rep10_Dep6_Tu0.1,0.000,0.685,0.063,0.000,0.110,0.000,22.550,1.027,2.049,63.809,8.583,0.606,0.517
Colo9345_rep4_Dep6_Tu50,4.473,7.229,1.866,52.211,12.617,16.986,0.000,0.860,0.000,3.758,0.000,0.000,0.000
