Sample,BRCA,CEAD,CESC,COAD,OV,READ,bcell,cd4tcell,cd8tcell,erythroblast,monocyte,naturalkillercell,neutrophil
Colo9345_rep1_Dep6_Tu5,0.904,4.478,0.774,11.413,1.730,5.161,2.100,5.467,0.902,7.125,8.510,2.184,49.253
Colo9345_rep8_Dep6_Tu30,0.075,7.745,0.685,17.976,1.240,7.183,1.729,8.899,0.000,5.360,7.020,0.811,41.276
Colo9345_rep5_Dep6_Tu1,1.148,2.084,2.157,1.454,2.884,3.362,2.957,0.000,0.092,9.358,11.350,3.227,59.927
Colo9345_rep5_Dep6_Tu20,0.000,9.888,0.000,30.646,0.000,10.142,0.016,17.915,0.000,0.354,5.682,0.000,25.357
Colo9345_rep7_Dep6_Tu20,0.000,8.539,0.000,31.343,0.000,9.929,0.000,18.507,0.000,0.000,6.534,0.000,25.148
Colo9345_rep6_Dep6_Tu2,0.793,3.662,1.339,4.404,2.762,3.572,2.569,0.228,2.834,8.427,9.468,2.566,57.378
Colo9345_rep10_Dep6_Tu10,0.650,3.803,1.513,6.138,2.475,3.820,2.757,1.441,1.231,8.069,9.164,2.702,56.239
Colo9345_rep1_Dep6_Tu10,0.000,7.901,0.444,20.888,0.614,6.910,1.253,11.896,0.203,2.953,7.441,0.000,39.497
Colo9345_rep3_Dep6_Tu30,0.000,9.310,0.000,37.793,0.000,11.550,0.000,19.635,0.000,0.000,4.894,0.000,16.818
Colo9345_rep6_Dep6_Tu1,0.835,2.979,1.847,0.634,2.947,3.411,2.935,0.000,0.000,10.477,9.813,2.738,61.383
Colo9345_rep2_Dep6_Tu10,0.000,8.157,0.878,19.761,0.453,6.952,1.156,10.530,0.000,4.873,7.573,0.000,39.667
Colo9345_rep6_Dep6_Tu5,0.973,4.631,1.048,10.671,1.491,5.231,2.151,3.117,3.402,7.489,8.018,1.500,50.279
Colo9345_rep5_Dep6_Tu10,0.000,7.175,0.695,19.900,0.773,6.926,0.939,10.281,0.000,6.109,8.904,0.000,38.299
Colo9345_rep5_Dep6_Tu40,0.000,7.885,0.000,43.020,0.000,12.938,0.000,22.955,0.000,0.000,3.200,0.000,10.001
Colo9345_rep1_Dep6_Tu0.1,1.495,0.394,1.942,0.000,3.196,2.658,2.911,0.000,0.000,9.989,9.296,3.835,64.284
Colo9345_rep3_Dep6_Tu10,0.550,6.591,0.639,19.220,0.702,7.262,0.938,11.830,0.000,3.847,7.975,0.565,39.881
Colo9345_rep4_Dep6_Tu2,0.555,3.333,1.203,4.710,3.423,3.846,2.624,0.522,1.840,8.321,8.983,3.041,57.601
Colo9345_rep2_Dep6_Tu20,0.000,9.503,0.000,31.171,0.000,9.910,0.000,17.771,0.000,0.027,5.785,0.000,25.833
Colo9345_rep3_Dep6_Tu50,0.000,8.649,0.000,46.993,0.000,13.535,0.000,23.504,0.000,0.000,1.440,0.000,5.879
Colo9345_rep6_Dep6_Tu0.1,1.515,0.964,1.677,0.000,3.362,2.623,3.036,0.000,0.000,10.250,9.721,3.262,63.590
Colo9345_rep3_Dep6_Tu40,0.000,8.782,0.000,43.201,0.000,12.733,0.000,22.190,0.000,0.000,2.419,0.000,10.675
Colo9345_rep6_Dep6_Tu3,1.632,4.052,0.781,6.245,2.208,4.521,2.316,2.533,1.079,7.664,8.742,2.852,55.376
Colo9345_rep9_Dep6_Tu50,0.000,10.199,0.000,30.289,0.000,9.532,0.310,15.789,0.000,0.308,5.462,0.000,28.111
Colo9345_rep1_Dep6_Tu3,1.315,5.291,0.856,6.746,1.256,4.095,2.385,1.963,0.000,8.633,10.031,2.894,54.536
Colo9345_rep6_Dep6_Tu30,0.000,8.240,0.000,37.850,0.000,11.876,0.000,21.550,0.000,0.000,3.978,0.000,16.507
Colo9345_rep1_Dep6_Tu20,0.000,10.002,0.000,31.669,0.000,9.446,0.000,18.555,0.000,0.000,4.301,0.000,26.026
Colo9345_rep4_Dep6_Tu0.5,1.388,1.669,1.724,0.630,2.609,3.004,3.476,0.000,0.000,10.734,7.950,3.495,63.321
Colo9345_rep9_Dep6_Tu10,0.939,2.944,1.332,6.822,2.806,3.338,2.899,0.609,0.000,8.667,9.547,3.322,56.776
Colo9345_rep3_Dep6_Tu1,0.515,2.168,1.901,1.535,3.344,3.454,2.722,0.000,0.000,9.196,10.216,3.998,60.949
Colo9345_rep7_Dep6_Tu0.1,1.418,0.429,1.857,0.000,3.659,2.695,3.091,0.000,0.000,9.381,10.419,3.175,63.876
Colo9345_rep4_Dep6_Tu20,0.000,9.292,0.000,31.478,0.000,9.705,0.000,17.823,0.000,0.089,4.726,0.000,26.888
Colo9345_rep7_Dep6_Tu5,0.663,5.503,1.059,11.090,1.485,5.010,1.980,5.776,0.000,7.174,8.244,2.023,49.993
Colo9345_rep10_Dep6_Tu50,0.000,9.407,0.000,30.829,0.000,9.091,0.117,15.741,0.000,2.377,4.773,0.000,27.665
Colo9345_rep2_Dep6_Tu50,0.000,8.780,0.000,46.355,0.000,13.938,0.000,23.880,0.000,0.000,1.481,0.000,5.566
Colo9345_rep10_Dep6_Tu40,0.000,8.887,0.004,24.928,0.517,8.135,0.595,14.236,0.855,2.988,5.875,0.000,32.979
Colo9345_rep9_Dep6_Tu20,0.958,5.741,0.539,11.434,1.517,5.350,1.594,2.001,5.610,6.874,8.180,0.909,49.292
Colo9345_rep8_Dep6_Tu3,1.550,2.559,1.689,0.535,2.930,3.116,2.880,0.000,0.000,9.593,8.975,3.891,62.283
Colo9345_rep5_Dep6_Tu3,0.559,3.505,1.537,6.339,2.284,4.088,2.191,1.114,0.000,10.232,8.888,3.099,56.163
Colo9345_rep1_Dep6_Tu40,0.000,8.911,0.000,42.685,0.000,12.849,0.000,22.606,0.000,0.000,2.688,0.000,10.260
Colo9345_rep9_Dep6_Tu0.3,1.457,0.165,2.089,0.000,2.616,2.680,3.481,0.000,0.000,9.719,9.827,3.716,64.250
Colo9345_rep4_Dep6_Tu1,1.302,3.354,1.308,1.396,2.931,3.246,3.261,0.000,0.000,9.483,8.824,3.984,60.910
Colo9345_rep10_Dep6_Tu20,0.352,6.276,0.889,13.191,1.272,5.228,1.544,6.648,1.653,5.585,7.884,2.331,47.149
Colo9345_rep1_Dep6_Tu1,1.296,1.989,1.681,1.637,2.664,3.173,2.980,0.000,0.687,9.483,9.750,4.163,60.496
Colo9345_rep6_Dep6_Tu50,0.808,1.008,1.817,10.081,2.021,5.001,1.816,3.166,3.297,10.691,8.667,1.353,50.275
Colo9345_rep7_Dep6_Tu0.5,1.500,3.065,1.242,0.000,2.657,3.136,3.122,0.000,0.000,9.469,8.194,3.932,63.682
Colo9345_rep10_Dep6_Tu0.3,1.624,0.000,1.683,0.000,2.947,2.446,2.949,0.000,0.000,10.531,9.226,4.109,64.485
Colo9345_rep9_Dep6_Tu3,0.960,1.309,2.148,0.879,3.036,2.923,3.237,0.000,0.000,10.527,9.329,4.019,61.635
Colo9345_rep3_Dep6_Tu0.1,1.144,1.478,1.840,0.000,3.914,2.725,2.260,0.000,0.000,7.787,11.578,4.634,62.640
Colo9345_rep6_Dep6_Tu20,0.000,9.317,0.000,30.164,0.000,10.179,0.030,18.910,0.000,0.000,5.261,0.000,26.140
Colo9345_rep8_Dep6_Tu0.5,1.245,2.710,1.662,0.000,2.591,2.099,2.806,0.000,0.000,9.559,9.308,3.892,64.128
Colo9345_rep9_Dep6_Tu0.5,1.241,0.451,1.906,0.000,3.292,2.756,3.066,0.000,0.000,9.752,10.766,3.576,63.196
Colo9345_rep9_Dep6_Tu2,1.188,1.158,1.654,0.000,3.326,3.109,3.474,0.000,0.000,10.461,9.073,3.410,63.147
Colo9345_rep8_Dep6_Tu0.3,1.402,0.189,2.109,0.000,2.677,2.682,3.386,0.000,0.000,9.599,10.013,3.719,64.223
Colo9345_rep6_Dep6_Tu0.5,1.246,2.658,1.479,0.401,3.050,2.632,3.390,0.000,0.000,10.401,8.582,4.130,62.031
Colo9345_rep4_Dep6_Tu0.1,1.664,0.521,2.126,0.000,2.553,2.516,2.991,0.000,0.000,10.281,9.430,3.770,64.149
Colo9345_rep1_Dep6_Tu0.3,0.864,1.490,1.986,0.000,2.909,2.941,3.172,0.000,0.000,9.497,10.324,4.062,62.757
Colo9345_rep5_Dep6_Tu30,0.000,9.316,0.000,37.511,0.000,11.662,0.000,21.615,0.000,0.000,3.953,0.000,15.942
Colo9345_rep2_Dep6_Tu2,1.521,4.052,1.406,3.000,2.634,3.740,2.736,0.000,0.937,10.269,9.372,2.621,57.713
Colo9345_rep4_Dep6_Tu40,0.000,8.564,0.000,43.139,0.000,12.744,0.000,22.365,0.000,0.000,3.260,0.000,9.928
Colo9345_rep7_Dep6_Tu30,0.000,9.169,0.000,37.796,0.000,11.702,0.000,20.214,0.000,0.000,3.616,0.000,17.503
Colo9345_rep5_Dep6_Tu0.3,1.114,0.685,2.227,0.000,2.749,3.097,3.643,0.000,1.008,9.343,9.945,3.566,62.624
Colo9345_rep5_Dep6_Tu0.5,1.865,0.677,1.777,0.000,2.817,3.139,3.310,0.000,0.000,10.308,8.315,3.581,64.211
Colo9345_rep2_Dep6_Tu1,1.485,2.625,1.417,1.936,2.070,3.205,2.912,0.000,0.000,9.925,12.051,3.045,59.327
Colo9345_rep2_Dep6_Tu3,0.735,5.189,1.325,6.133,1.542,4.316,2.482,1.993,0.585,8.787,10.275,2.479,54.158
Colo9345_rep4_Dep6_Tu30,0.000,8.892,0.000,37.676,0.000,11.711,0.000,21.146,0.000,0.000,4.663,0.000,15.912
Colo9345_rep7_Dep6_Tu2,1.099,2.801,1.614,3.918,2.208,3.791,2.710,0.000,0.646,10.508,9.596,3.290,57.820
Colo9345_rep8_Dep6_Tu40,0.000,7.694,0.000,24.891,0.298,8.594,0.560,13.875,0.000,2.935,7.120,0.000,34.033
Colo9345_rep10_Dep6_Tu3,2.155,1.464,1.578,0.557,3.328,3.230,3.086,0.000,0.000,10.159,8.732,3.258,62.451
Colo9345_rep3_Dep6_Tu0.3,1.219,3.156,1.643,0.000,2.354,2.345,2.811,0.000,0.000,9.816,9.301,3.868,63.485
Colo9345_rep5_Dep6_Tu0.1,1.435,0.274,2.062,0.000,2.805,2.528,3.075,0.000,0.000,11.720,8.790,3.430,63.881
Colo9345_rep2_Dep6_Tu0.5,0.917,2.112,1.601,0.000,3.688,3.061,2.850,0.000,0.000,9.191,11.059,3.408,62.113
Colo9345_rep6_Dep6_Tu10,0.000,7.159,0.604,19.482,0.888,7.253,0.702,6.611,5.187,4.626,7.960,0.118,39.412
Colo9345_rep9_Dep6_Tu0.1,0.830,1.965,1.953,0.000,3.415,2.429,3.037,0.000,0.000,8.801,10.032,4.089,63.448
Colo9345_rep7_Dep6_Tu10,0.000,6.499,0.758,19.892,0.844,7.145,1.662,12.204,0.181,3.730,7.222,0.293,39.570
Colo9345_rep10_Dep6_Tu2,1.229,1.239,1.984,0.472,2.705,2.748,2.931,0.000,0.000,9.977,9.227,3.741,63.748
Colo9345_rep7_Dep6_Tu40,0.759,4.141,1.226,12.009,2.449,4.976,2.087,6.265,0.000,8.804,7.597,2.479,47.209
Colo9345_rep8_Dep6_Tu20,0.000,7.198,0.746,12.931,1.248,4.683,2.017,2.327,3.324,7.045,6.827,1.714,49.940
Colo9345_rep3_Dep6_Tu5,0.173,4.548,1.218,12.255,1.717,4.848,1.949,2.963,4.187,6.867,5.456,2.149,51.670
Colo9345_rep5_Dep6_Tu2,0.817,3.569,1.671,3.815,2.236,3.868,2.587,0.000,2.931,8.202,8.760,2.718,58.826
Colo9345_rep1_Dep6_Tu30,0.000,9.530,0.000,38.324,0.000,11.409,0.000,20.186,0.000,0.000,3.601,0.000,16.950
Colo9345_rep10_Dep6_Tu1,1.458,2.057,1.726,0.000,3.246,2.458,2.966,0.000,0.000,9.437,9.132,3.894,63.627
Colo9345_rep4_Dep6_Tu10,0.116,7.982,0.243,19.984,0.363,7.194,0.687,8.463,1.180,4.963,9.178,0.000,39.648
Colo9345_rep3_Dep6_Tu3,0.902,4.409,0.985,6.815,1.862,4.135,2.724,2.772,0.645,8.542,8.673,2.662,54.874
Colo9345_rep5_Dep6_Tu50,0.000,9.228,0.000,46.258,0.000,13.792,0.000,23.482,0.000,0.000,1.467,0.000,5.773
Colo9345_rep2_Dep6_Tu40,0.000,9.317,0.000,43.373,0.000,12.629,0.000,21.745,0.000,0.000,2.017,0.000,10.918
Colo9345_rep1_Dep6_Tu2,1.162,2.996,1.434,3.631,2.486,3.587,2.851,0.000,0.796,11.677,7.939,3.410,58.032
Colo9345_rep2_Dep6_Tu5,0.868,5.087,1.124,10.392,1.630,5.391,2.000,4.608,0.771,7.659,7.551,1.563,51.357
Colo9345_rep2_Dep6_Tu0.1,0.743,1.724,1.753,0.000,4.040,2.423,2.602,0.000,0.000,9.981,9.032,3.944,63.756
Colo9345_rep10_Dep6_Tu5,1.680,2.724,1.489,3.033,2.861,2.900,2.607,0.000,0.200,10.118,8.707,2.758,60.922
Colo9345_rep1_Dep6_Tu0.5,1.315,2.510,1.811,0.000,2.049,2.721,2.673,0.000,0.000,11.191,10.261,3.196,62.274
Colo9345_rep8_Dep6_Tu10,1.204,3.646,1.728,6.017,1.402,3.846,2.297,1.217,2.135,7.916,8.706,3.385,56.500
Colo9345_rep9_Dep6_Tu5,1.364,2.509,2.057,1.365,3.015,3.357,2.971,0.000,0.192,9.431,11.211,2.758,59.770
Colo9345_rep7_Dep6_Tu1,1.363,1.717,1.614,1.267,2.627,3.380,2.987,0.000,0.000,10.182,9.846,3.582,61.435
Colo9345_rep5_Dep6_Tu5,0.631,6.311,0.473,11.055,1.751,4.937,1.864,5.596,1.108,6.415,8.368,1.427,50.065
Colo9345_rep7_Dep6_Tu50,0.000,8.744,0.000,46.374,0.000,13.835,0.000,23.478,0.000,0.000,2.155,0.000,5.415
Colo9345_rep3_Dep6_Tu20,0.000,9.664,0.000,31.245,0.000,9.440,0.000,16.231,0.000,0.819,6.028,0.000,26.573
Colo9345_rep8_Dep6_Tu1,1.563,0.632,1.834,0.000,3.747,3.050,3.267,0.000,0.000,8.699,9.669,3.925,63.614
Colo9345_rep4_Dep6_Tu5,0.829,4.560,1.348,11.795,1.634,5.044,2.356,5.719,1.102,5.787,9.742,1.553,48.532
Colo9345_rep10_Dep6_Tu30,0.716,7.435,0.155,16.218,0.617,7.405,1.726,8.994,2.739,4.524,6.997,0.274,42.199
Colo9345_rep10_Dep6_Tu0.5,0.877,1.324,1.748,0.000,3.565,2.390,3.261,0.000,0.000,11.578,9.108,3.447,62.702
Colo9345_rep8_Dep6_Tu2,0.943,1.603,1.722,0.663,3.344,2.874,2.701,0.000,0.000,10.083,9.447,4.261,62.357
Colo9345_rep7_Dep6_Tu0.3,0.915,1.577,1.851,0.000,3.094,3.026,2.735,0.000,0.000,10.406,9.580,3.146,63.671
Colo9345_rep4_Dep6_Tu3,0.982,3.742,1.461,7.602,2.214,4.332,2.500,3.036,0.493,7.452,9.110,2.258,54.818
Colo9345_rep3_Dep6_Tu0.5,0.970,1.202,2.058,0.186,2.812,2.872,3.106,0.000,0.165,10.350,10.741,3.988,61.548
Colo9345_rep8_Dep6_Tu50,0.000,8.716,0.374,30.383,0.000,9.653,0.633,16.206,0.000,0.000,6.561,0.000,27.473
Colo9345_rep2_Dep6_Tu30,0.000,9.066,0.000,38.652,0.000,11.439,0.000,19.616,0.000,0.000,4.317,0.000,16.910
Colo9345_rep8_Dep6_Tu5,1.724,3.474,1.194,1.959,2.915,3.190,2.771,0.000,1.950,8.262,7.758,3.467,61.338
Colo9345_rep1_Dep6_Tu50,0.000,7.873,0.000,46.781,0.000,13.835,0.000,24.780,0.000,0.000,1.034,0.000,5.697
Colo9345_rep8_Dep6_Tu0.1,1.382,1.721,1.833,0.000,3.066,2.212,3.131,0.000,0.000,9.396,9.336,4.335,63.589
Colo9345_rep6_Dep6_Tu0.3,0.936,0.744,2.123,0.000,2.794,2.740,3.073,0.000,0.000,10.576,11.068,4.066,61.880
Colo9345_rep9_Dep6_Tu1,1.468,0.000,1.987,0.000,3.399,2.728,2.834,0.000,0.000,11.887,9.810,3.401,62.485
Colo9345_rep7_Dep6_Tu3,1.127,4.889,1.235,6.638,1.784,4.642,2.296,2.888,2.264,6.291,10.078,2.062,53.806
Colo9345_rep9_Dep6_Tu40,0.279,8.431,0.453,24.120,0.500,8.131,0.284,11.447,1.637,1.744,6.762,0.745,35.468
Colo9345_rep3_Dep6_Tu2,1.018,3.371,1.401,4.096,2.314,3.759,2.841,0.000,2.478,8.739,10.787,2.743,56.452
Colo9345_rep2_Dep6_Tu0.3,1.657,1.580,1.883,0.000,3.038,2.588,2.983,0.000,0.000,9.701,8.056,3.739,64.776
Colo9345_rep4_Dep6_Tu0.3,0.900,2.091,1.929,0.000,2.840,2.637,3.209,0.000,0.000,11.235,8.864,2.861,63.434
Colo9345_rep9_Dep6_Tu30,0.093,7.460,0.817,17.695,1.015,6.745,1.525,7.629,1.346,5.095,7.232,0.755,42.592
Colo9345_rep6_Dep6_Tu40,0.000,8.584,0.000,42.615,0.000,13.070,0.000,22.093,0.000,0.000,2.839,0.000,10.799
Colo9345_rep10_Dep6_Tu0.1,1.388,0.747,1.629,0.000,3.712,2.348,2.895,0.000,0.000,10.209,9.238,4.047,63.788
Colo9345_rep4_Dep6_Tu50,0.000,8.151,0.000,46.550,0.000,13.692,0.000,24.752,0.000,0.000,1.284,0.000,5.571
