Sample,BRCA,CEAD,CESC,COAD,OV,READ,bcell,cd4tcell,cd8tcell,erythroblast,monocyte,naturalkillercell,neutrophil,Unknown-1,Unknown-2,Unknown-3,Unknown-4,Unknown-5,Unknown-6,Unknown-7,Unknown-8,Unknown-9,Unknown-10
Breast-GC1002975,3.815,1.383,4.261,0.602,5.996,2.283,1.952,3.014,7.024,0.969,13.928,0.272,9.048,3.061,0.571,10.914,10.363,2.627,1.298,0.953,6.613,7.132,1.920
Breast-GC1002976,6.822,6.596,5.904,2.230,0.490,5.558,1.537,0.027,2.700,7.979,4.268,6.668,8.169,0.816,5.573,7.812,4.394,2.111,4.376,3.704,0.191,0.130,11.947
Breast-GC1002977,1.435,0.499,0.722,0.466,1.914,0.631,5.371,5.111,5.769,0.069,1.510,11.961,15.596,2.316,5.764,1.210,11.619,2.633,16.074,3.844,1.881,0.076,3.530
Breast-GC1002978,4.193,4.600,3.769,1.469,4.708,1.884,4.320,5.860,6.170,6.047,8.003,1.409,1.582,0.961,0.016,5.390,5.530,1.769,5.794,6.991,1.722,11.562,6.252
Breast-GC1002979,4.946,6.933,1.820,1.871,3.904,0.519,3.655,6.625,3.072,4.462,4.993,3.371,11.368,1.747,2.914,3.741,10.020,6.862,3.200,1.634,0.623,2.278,9.443
Breast-GC1002980,1.245,6.048,2.440,0.863,4.112,0.925,3.462,5.833,4.926,6.229,8.064,3.950,4.793,9.642,5.076,2.341,0.539,0.748,4.474,3.653,6.137,10.390,4.111
Breast-GC1002981,2.959,4.302,2.255,1.259,5.780,0.511,1.597,5.551,2.329,8.505,11.846,3.247,0.108,6.131,3.025,6.997,4.746,0.910,6.271,9.961,2.501,7.371,1.836
Breast-GC1003967,2.445,6.878,3.056,1.377,6.082,2.532,0.139,4.302,2.977,8.002,6.705,4.750,4.395,6.559,7.056,3.449,8.246,3.105,1.583,5.674,1.561,6.805,2.323
Breast-GC1003968,5.834,9.932,4.593,3.277,2.215,2.243,4.734,0.784,0.223,6.408,5.226,4.045,2.784,1.947,0.823,9.453,2.429,3.414,6.882,7.669,9.055,3.068,2.961
Breast-GC1003970,2.348,8.199,2.642,0.567,3.359,1.538,5.000,8.391,7.653,5.675,5.913,2.146,8.251,1.800,2.086,3.782,5.637,3.946,9.379,0.591,3.282,4.389,3.425
Breast-GC1003971,3.832,1.430,4.126,1.751,6.682,3.248,2.581,5.829,5.695,3.428,12.566,6.100,2.833,2.807,3.652,5.650,4.949,1.963,4.045,0.930,7.555,7.949,0.399
Breast-GC1003972,2.362,0.435,6.011,2.858,1.246,2.641,5.493,9.021,3.374,11.155,2.069,3.929,4.324,4.171,1.020,1.061,6.541,0.237,3.224,2.594,3.917,11.976,10.342
Breast-GC1003974,2.797,0.379,3.392,2.071,4.968,1.741,2.078,6.048,0.518,3.166,8.172,4.588,14.952,8.288,0.274,7.003,0.163,7.058,4.752,5.557,6.674,3.913,1.449
Breast-GC1002311,0.985,7.403,3.525,0.732,4.939,2.192,4.593,6.603,9.083,0.567,8.621,0.527,5.036,3.652,0.761,8.119,4.083,3.892,7.906,1.415,3.041,2.635,9.690
Breast-GC1004006,3.074,5.106,3.477,0.323,1.687,3.022,4.751,4.784,5.621,7.103,5.045,5.401,7.911,6.620,5.274,2.604,5.006,6.852,4.069,2.113,4.591,4.077,1.489
Breast-GC1004007,4.478,6.659,4.755,1.804,3.732,3.554,3.130,5.425,5.353,7.029,0.400,6.159,0.598,6.564,1.120,4.230,3.756,3.275,6.137,5.246,6.405,1.543,8.649
Breast-GC1004008,1.951,5.448,0.547,1.181,4.514,1.308,4.082,6.994,1.509,6.699,6.983,3.533,5.229,3.268,5.032,6.237,6.502,9.779,5.119,1.375,2.277,0.638,9.795
Breast-GC1004009,5.788,1.059,1.824,2.464,1.765,3.089,3.824,5.448,5.000,0.340,2.975,3.730,13.992,8.136,4.580,0.326,8.346,2.504,4.469,6.075,3.462,2.534,8.269
Breast-GC110693,5.128,2.433,3.743,2.001,1.180,4.322,2.394,2.585,4.597,4.895,8.277,2.671,4.098,6.229,3.557,10.642,6.343,6.527,1.846,8.490,2.657,2.579,2.809
Breast-GC110694,3.091,6.814,3.225,0.559,4.867,1.904,2.286,4.254,9.023,3.884,3.699,4.050,5.745,3.884,3.353,8.884,6.809,3.471,6.147,3.437,3.647,5.070,1.897
Breast-GC110695,3.566,6.681,6.219,1.866,7.785,4.077,5.990,3.783,0.215,1.114,0.706,7.051,2.237,0.182,7.139,0.959,11.951,0.147,0.886,2.421,10.836,10.383,3.806
Breast-GC110696,2.432,0.564,3.875,1.157,5.539,2.528,3.537,6.578,6.607,6.181,6.355,5.998,4.026,4.951,8.035,9.266,2.977,3.709,2.639,0.449,3.220,4.136,5.241
Breast-GC116960,4.039,0.266,4.966,1.682,6.231,2.331,3.446,3.344,11.120,1.991,10.401,0.915,7.051,3.534,4.848,6.805,2.218,7.735,2.167,5.050,0.624,7.973,1.263
Breast-GC116963,0.293,2.890,1.366,0.958,2.897,0.308,2.204,6.113,7.260,4.261,0.119,2.526,13.547,5.450,4.115,5.701,0.139,6.224,12.879,4.495,6.501,1.950,7.803
Breast-GC116964,3.218,5.001,8.821,0.544,5.279,7.693,3.682,3.325,3.137,0.486,6.867,6.040,0.908,6.505,4.338,2.842,9.557,1.010,3.706,0.103,13.686,0.430,2.821
Breast-GC116965,1.973,8.191,5.756,0.895,2.943,3.778,2.785,8.912,1.504,8.663,0.678,6.049,2.440,2.514,1.771,7.737,2.426,4.553,4.746,2.551,4.012,12.170,2.951
Breast-GC116966,1.915,9.293,2.101,0.998,1.353,1.927,4.141,4.644,6.593,9.611,0.294,6.100,1.615,0.878,4.993,1.060,1.476,5.445,3.878,8.794,4.837,9.835,8.219
Breast-GC116967,2.734,2.874,6.293,1.049,7.255,4.651,4.354,4.689,0.441,5.609,6.036,7.553,2.122,0.603,2.173,4.842,6.660,4.754,8.932,7.396,1.072,1.557,6.351
Breast-GC116968,3.785,5.142,0.850,1.436,1.951,1.912,2.467,4.468,5.042,2.831,5.159,2.981,11.932,3.737,2.358,5.078,6.021,9.113,8.188,5.898,3.306,5.473,0.871
Breast-GC116969,2.043,3.353,2.133,0.669,4.283,0.895,3.813,4.341,6.206,2.628,2.733,4.354,6.830,15.125,0.019,1.609,5.667,10.412,3.140,14.197,1.148,0.689,3.711
Breast-GC116970,3.616,7.541,3.244,1.919,3.360,0.185,4.505,3.583,2.424,7.338,5.435,2.758,1.041,4.074,3.446,3.219,3.062,4.347,13.345,5.848,9.111,6.366,0.234
Breast-GC116971,3.200,5.395,2.814,1.197,2.825,2.156,6.213,8.258,4.706,7.003,7.605,3.394,4.848,2.011,0.018,6.673,3.834,2.806,5.966,2.335,8.315,1.438,6.990
Breast-GC110676,3.738,3.972,1.772,1.073,5.402,2.563,3.743,3.683,3.073,5.861,7.742,5.596,3.402,8.357,1.240,0.879,6.116,8.527,0.922,0.594,7.820,6.724,7.198
Breast-GC110678,1.188,2.805,5.516,2.673,3.982,2.396,1.527,2.617,8.712,6.069,10.608,6.958,6.289,1.318,4.404,0.615,6.001,5.457,6.216,2.064,6.043,5.693,0.852
Breast-GC110679,12.816,3.837,4.939,3.155,5.936,2.532,3.578,6.798,2.518,7.198,0.357,3.868,0.394,1.329,2.653,2.863,2.345,6.728,7.227,4.509,2.858,6.170,5.392
Breast-GC110680,3.625,1.246,4.412,1.417,3.507,3.720,4.072,1.488,4.949,4.540,7.571,3.820,8.338,6.450,0.745,3.341,6.405,5.308,7.671,3.785,2.774,5.385,5.431
Breast-GC110681,12.092,2.650,14.377,1.122,3.563,17.870,2.420,0.563,1.257,2.232,0.785,1.016,0.654,3.527,3.283,2.655,1.654,0.993,2.076,2.175,7.769,8.319,6.947
Breast-GC110682,2.957,0.606,3.930,1.766,8.913,4.892,6.146,2.465,5.791,7.299,2.339,2.066,7.390,2.207,5.576,0.747,8.319,6.228,2.120,6.138,6.201,4.007,1.897
Breast-GC110683,4.664,0.580,9.755,1.434,1.724,7.906,5.502,3.725,2.327,4.905,1.324,6.149,2.251,2.789,5.788,1.262,2.620,5.764,1.581,4.741,8.628,6.455,8.126
Breast-GC110684,1.330,4.104,5.306,2.090,5.765,2.615,4.978,4.368,5.931,1.624,2.615,4.828,3.797,4.689,5.429,4.400,13.036,5.746,2.330,8.638,3.352,0.106,2.920
Breast-GC110685,2.124,5.748,4.736,1.293,4.755,1.962,3.923,9.882,2.300,10.925,2.949,10.239,1.859,0.312,2.297,0.603,5.803,6.894,6.925,5.931,2.870,5.379,0.292
Ovarian-GC110686,2.244,2.260,1.914,1.042,4.880,0.625,6.161,3.522,9.061,3.099,4.333,7.012,6.638,2.873,11.860,6.579,0.657,3.013,1.456,5.669,11.543,3.123,0.434
Ovarian-GC114179,2.658,11.830,1.314,1.769,0.840,1.344,5.412,5.120,3.312,4.681,8.529,6.801,7.295,1.294,1.723,3.676,1.602,4.281,1.518,6.741,8.330,3.823,6.108
Ovarian-GC114180,1.086,2.553,2.473,1.606,1.302,0.795,5.856,8.880,10.470,6.485,10.378,4.034,6.385,3.105,3.209,3.415,6.211,2.182,0.159,4.887,9.264,2.032,3.232
Ovarian-GC114181,5.331,9.168,4.316,1.153,3.130,2.328,3.976,3.135,9.924,10.948,4.697,4.702,3.307,3.735,5.639,0.763,3.773,3.931,0.298,2.924,4.317,3.646,4.859
Ovarian-GC114182,9.098,0.504,13.612,1.703,14.379,12.929,1.845,0.876,3.230,0.070,1.624,2.880,3.560,0.060,4.745,1.443,0.170,0.636,0.218,2.438,0.780,10.585,12.613
Ovarian-GC116977,3.597,3.675,5.162,1.622,3.796,3.597,0.632,3.906,9.380,7.489,1.558,4.756,6.810,1.151,4.006,4.594,2.125,2.123,5.780,0.946,9.105,8.495,5.695
Ovarian-GC116979,2.946,4.549,4.011,2.129,11.804,1.092,1.416,7.382,9.122,4.396,4.805,3.902,2.991,5.296,6.874,0.684,1.281,0.794,6.643,6.348,2.636,3.199,5.702
Ovarian-GC116982,2.827,5.408,6.051,1.439,10.906,3.076,3.870,7.909,6.478,3.154,2.082,8.035,4.620,2.685,4.469,4.808,1.680,2.849,6.371,4.051,2.905,0.252,4.076
Ovarian-GC116990,3.686,1.197,4.357,0.898,1.898,3.306,5.671,4.405,8.824,6.047,0.967,2.367,11.836,4.700,8.691,2.722,1.290,10.838,2.680,3.587,0.172,8.608,1.254
Ovarian-GC119363,2.566,8.761,3.210,1.785,9.764,2.086,1.176,5.869,8.001,7.893,8.157,2.911,3.744,7.539,5.286,3.953,0.920,0.034,0.717,0.015,4.733,7.498,3.383
Ovarian-GC119364,1.962,3.024,3.055,0.411,3.805,1.254,5.785,7.273,2.173,7.774,11.432,5.729,2.359,5.963,7.220,5.985,6.214,1.506,5.842,2.085,0.268,4.314,4.567
Ovarian-GC119365,7.287,2.102,12.734,1.023,41.484,10.547,3.523,1.729,0.319,2.322,0.025,1.855,0.725,1.237,1.254,2.470,0.109,0.072,0.878,2.854,0.557,4.823,0.068
Ovarian-GC119366,3.020,12.826,3.499,2.685,1.023,2.971,1.193,12.033,9.271,6.553,5.208,5.218,1.553,2.267,6.785,1.257,0.031,4.918,0.547,4.784,2.606,5.456,4.296
Colorectal-GC121326,3.715,5.379,4.456,1.494,4.067,3.055,2.103,1.809,0.847,10.847,6.293,5.012,11.605,6.702,5.863,1.389,1.374,8.324,0.168,5.430,0.796,2.569,6.704
Colorectal-GC121327,3.800,8.943,1.496,14.727,1.086,0.463,3.391,11.033,10.083,6.125,6.202,0.841,2.851,4.212,2.241,2.594,5.694,5.846,0.714,2.000,3.920,1.305,0.433
Colorectal-GC121328,4.563,6.173,1.998,2.268,7.066,5.363,0.710,1.473,9.694,22.094,3.793,0.608,2.099,1.038,4.926,5.649,5.288,3.417,0.516,2.777,6.829,0.483,1.174
Colorectal-GC121329,3.073,2.994,3.805,2.979,4.354,22.660,4.579,5.417,10.535,10.395,3.476,4.691,2.513,0.477,2.528,3.579,0.214,2.310,2.489,1.033,2.442,3.259,0.199
Colorectal-GC121330,11.802,3.092,6.546,3.370,4.481,8.443,3.173,3.847,3.037,1.952,4.294,4.206,3.389,0.900,6.093,2.377,0.842,7.189,1.160,2.998,3.864,6.812,6.131
Colorectal-GC1003994,1.878,7.063,3.039,1.463,0.414,0.993,0.520,4.196,8.115,9.606,10.005,5.831,7.364,0.758,3.865,6.548,1.283,1.805,5.133,2.303,4.783,6.916,6.119
Colorectal-GC1003995,4.132,2.591,5.458,20.453,3.031,13.695,3.703,4.560,3.794,3.722,2.529,3.362,3.891,1.151,1.688,3.209,1.779,1.890,3.224,2.878,2.478,2.846,3.935
Colorectal-GC1003996,3.199,8.739,1.689,3.266,3.781,0.723,3.807,8.533,0.429,7.482,3.704,2.914,2.886,11.395,7.554,13.376,6.349,1.376,1.852,3.041,0.795,2.669,0.442
Colorectal-GC1003997,0.261,1.296,3.406,1.417,4.388,0.219,4.874,6.238,11.064,5.638,2.556,4.791,12.619,8.418,1.844,0.223,1.921,6.671,4.385,2.936,7.217,6.395,1.221
Colorectal-GC1003998,3.548,6.480,4.424,2.914,0.576,2.980,4.376,1.752,8.337,8.494,5.772,5.461,5.773,4.914,3.626,7.287,0.691,1.535,1.611,6.781,5.936,6.088,0.644
Colorectal-GC1003999,9.326,8.708,6.097,1.251,2.910,6.342,4.630,5.191,5.878,0.120,5.152,2.798,2.151,4.189,5.600,2.636,4.074,5.763,1.078,0.266,7.960,3.816,4.066
Colorectal-GC1004000,4.936,0.227,5.778,6.767,3.719,38.971,2.239,0.333,1.958,2.046,2.422,3.175,1.848,0.268,0.097,4.801,2.724,4.325,3.140,0.757,3.159,3.524,2.786
Colorectal-GC1004001,1.807,7.609,1.639,1.567,4.023,0.193,4.601,1.762,6.639,5.902,2.903,5.053,10.659,5.617,4.971,10.164,5.994,1.528,5.979,0.792,5.746,0.113,4.738
Colorectal-GC1004002,2.226,10.990,3.210,2.072,1.514,2.581,4.672,9.617,7.146,1.234,0.049,4.540,2.513,1.711,3.114,8.447,4.641,7.789,0.715,4.567,10.174,1.030,5.447
Colorectal-GC1004003,3.953,0.702,6.264,2.457,4.028,3.528,3.641,1.002,2.516,15.073,3.177,8.196,3.406,5.859,6.617,0.601,0.646,2.531,5.689,6.908,1.416,6.396,5.393
Colorectal-GC137538,6.453,0.441,9.712,1.497,3.597,6.084,5.885,0.503,6.983,2.455,8.311,8.258,3.988,0.591,4.477,6.986,2.245,0.657,5.189,3.166,4.523,5.222,2.778
Colorectal-GC137539,3.841,9.250,1.162,2.112,2.551,1.068,5.402,3.044,8.549,6.462,4.683,4.798,6.916,6.458,4.828,3.501,3.628,8.037,5.399,0.919,1.197,1.387,4.808
Colorectal-GC137540,1.594,2.537,4.045,0.815,4.602,1.928,4.316,9.967,3.989,0.763,9.989,6.026,0.105,12.915,0.055,1.137,6.409,6.298,3.227,4.145,5.140,7.490,2.509
Colorectal-GC137541,4.727,7.213,5.293,0.477,3.105,3.640,5.330,1.877,3.172,0.955,7.595,7.028,7.523,5.225,5.013,6.161,3.626,2.027,1.348,3.563,5.998,3.386,5.716
Colorectal-GC137542,1.031,2.026,3.877,1.212,4.491,1.847,2.964,11.484,6.122,0.067,8.598,6.543,5.668,3.720,8.885,5.233,3.749,1.136,3.560,1.615,2.817,1.921,11.434
Colorectal-GC137543,2.531,6.900,5.756,2.130,2.386,7.244,2.669,8.967,4.619,3.393,0.567,6.281,0.913,2.405,1.759,1.007,5.762,4.692,5.078,9.411,8.204,5.797,1.528
Colorectal-GC137544,2.457,5.518,3.589,1.001,3.286,1.463,5.389,2.612,2.919,4.778,8.642,5.592,5.770,1.337,8.382,6.969,6.741,3.212,5.370,1.724,2.730,8.112,2.408
Colorectal-GC137545,1.690,8.545,1.986,1.194,2.557,2.091,4.190,10.450,3.110,7.523,5.178,6.297,0.092,0.674,6.379,4.509,3.860,5.054,4.044,6.118,3.193,6.085,5.183
Colorectal-GC137546,1.463,8.696,2.568,0.416,1.546,1.589,5.296,4.567,10.338,2.287,6.769,3.679,5.614,9.278,1.598,3.031,5.253,2.271,7.770,0.704,5.782,8.401,1.083
Colorectal-GC137547,3.521,4.481,3.667,1.351,5.227,2.338,1.300,3.926,7.175,2.538,13.462,6.518,5.537,3.480,0.195,6.170,7.220,2.606,3.309,7.670,5.163,0.878,2.269
Colorectal-GC137548,2.269,4.761,1.772,0.705,2.157,1.655,2.978,2.597,3.583,3.652,4.008,6.160,14.742,0.443,3.189,9.397,3.749,9.410,5.815,9.386,0.337,0.647,6.588
Colorectal-GC137549,2.984,3.071,4.222,1.038,4.992,17.131,4.800,0.132,9.528,0.147,1.827,7.076,4.411,5.155,3.291,2.445,0.383,2.335,6.866,5.397,1.716,3.308,7.745
Colorectal-GC137550,2.315,4.478,5.733,0.952,1.263,3.870,0.983,6.322,9.135,5.683,6.000,5.218,4.847,3.475,6.739,3.043,7.374,0.597,1.410,5.675,3.769,2.074,9.046
Colorectal-GC137551,2.717,3.636,4.758,0.396,2.874,3.122,0.596,5.304,3.071,6.126,5.726,1.575,11.385,4.164,3.855,8.067,8.241,4.617,8.957,1.583,2.456,0.838,5.934
Colorectal-GC137552,4.252,6.026,2.156,0.001,7.879,3.673,1.920,1.354,4.517,7.814,5.710,5.242,5.520,4.559,1.977,7.202,5.079,0.198,7.590,4.379,8.064,3.960,0.930
Colorectal-GC137553,4.571,3.571,7.443,2.393,7.168,7.234,14.344,3.976,4.585,2.036,4.650,7.404,2.198,0.147,0.663,0.039,2.072,4.544,4.349,4.819,5.169,4.548,2.078
Colorectal-GC137554,6.130,2.583,6.357,1.627,6.394,6.952,1.935,4.160,3.552,8.760,2.754,6.072,4.283,5.063,2.820,2.144,3.542,4.931,4.302,4.331,2.946,3.674,4.688
Colorectal-GC137555,1.169,1.907,4.657,0.838,5.668,2.292,1.070,9.488,2.022,2.008,11.059,6.405,1.844,1.238,3.485,6.979,4.774,4.133,5.070,5.294,7.871,5.845,4.883
Colorectal-GC137556,2.684,4.328,5.799,1.438,3.535,2.492,4.457,6.129,3.962,0.291,5.914,4.912,3.619,8.991,8.139,9.389,0.453,1.005,3.690,4.396,7.558,1.382,5.437
Colorectal-GC137557,0.858,5.683,2.431,0.679,0.483,0.893,3.945,9.877,6.315,1.733,3.011,2.928,9.539,3.006,5.165,8.238,11.402,3.255,2.468,1.565,7.367,2.684,6.476
Cervical-GC1002983,4.280,5.952,5.686,1.687,4.952,4.799,2.518,5.309,2.275,1.134,3.511,1.483,11.380,5.488,0.804,7.555,6.184,6.245,2.406,2.052,5.391,1.079,7.830
Cervical-GC1002984,2.464,1.413,2.213,1.448,6.597,2.443,1.040,6.987,7.082,5.366,10.698,5.703,1.629,2.398,5.962,4.645,8.516,2.311,3.074,7.871,6.416,0.977,2.747
Cervical-GC114187,4.670,3.878,6.940,0.836,5.575,5.575,7.770,2.133,5.839,7.276,0.242,0.367,4.560,2.892,4.489,9.010,6.041,3.956,2.280,5.829,0.137,1.601,8.103
Cervical-GC114188,3.703,2.593,4.783,0.868,7.082,1.960,4.859,5.118,10.207,8.875,3.834,0.058,3.498,4.318,6.403,8.304,0.018,3.588,3.708,1.879,3.245,6.857,4.243
Control-GC1003986,2.051,4.752,4.372,1.151,0.540,2.435,3.755,3.846,4.945,2.325,6.165,4.815,13.186,10.718,1.514,0.299,10.306,11.686,1.581,3.157,3.903,0.929,1.571
Control-GC1003988,3.081,4.650,3.039,0.353,6.301,2.425,2.659,1.988,2.704,5.149,9.530,4.428,7.542,6.700,2.837,7.030,6.823,9.272,6.306,3.614,1.479,1.888,0.204
Control-GC110675,1.420,1.262,2.574,0.173,2.352,0.654,3.768,1.377,7.140,3.382,0.546,3.940,24.280,7.134,0.985,5.497,3.462,0.817,11.748,5.043,5.089,2.490,4.865
Control-GC112864,2.190,5.496,6.245,0.430,0.035,3.766,5.417,10.365,1.341,2.436,2.379,3.193,3.208,2.664,3.759,1.168,7.480,1.534,6.145,5.536,5.827,5.758,13.629
Control-GC112894,7.817,5.963,3.433,2.163,10.377,9.003,1.911,3.106,2.506,4.575,0.064,4.822,1.480,5.675,1.751,3.075,4.754,4.905,1.540,1.002,3.262,7.481,9.336
Control-GC112895,1.829,2.685,7.246,1.645,7.006,5.931,5.314,4.263,4.212,5.026,2.941,5.550,5.620,7.139,0.120,4.673,2.029,6.971,5.991,1.934,5.361,6.319,0.196
Control-GC112897,2.314,4.607,7.816,1.623,1.675,5.412,4.826,4.019,2.113,5.233,2.318,4.650,4.987,12.314,5.509,3.698,4.325,1.625,3.993,0.312,4.918,10.525,1.190
Control-GC119350,3.348,6.475,2.874,0.761,3.208,3.555,4.356,0.811,7.851,5.253,1.561,5.103,7.026,8.001,1.443,4.600,0.999,6.908,2.605,5.248,3.363,4.849,9.804
Control-GC119351,2.326,8.384,0.104,1.198,1.331,2.553,2.372,0.607,1.094,6.418,6.525,6.382,11.191,6.312,5.042,3.371,3.211,4.739,8.339,5.664,3.105,2.403,7.329
Control-GC119352,2.810,2.223,4.240,0.610,5.299,2.525,3.108,6.051,8.560,0.783,5.116,6.104,4.329,3.474,5.874,7.072,0.938,3.396,6.103,2.855,6.487,5.262,6.779
Control-GC119353,3.870,1.360,7.642,1.435,4.065,5.629,5.350,4.292,5.549,6.223,5.650,4.175,3.811,4.359,6.134,4.893,5.194,4.815,5.406,1.572,0.411,7.868,0.299
Control-GC119354,3.182,5.515,4.767,1.439,2.062,2.600,4.069,5.256,1.020,10.141,10.346,5.623,1.062,2.527,3.459,4.006,7.993,3.985,2.281,5.069,5.185,7.635,0.776
Control-GC119356,1.561,6.005,1.643,0.829,4.137,1.753,2.943,4.281,4.483,5.371,8.478,4.422,4.234,6.406,9.019,7.428,10.558,1.922,2.198,0.703,3.824,2.788,5.012
Control-GRP-GC114128,3.432,6.270,3.687,1.136,5.724,2.421,1.051,5.438,4.950,3.552,4.066,4.704,3.000,4.641,5.674,0.819,3.343,3.585,0.582,6.100,4.938,15.117,5.771
Control-GRP-GC114130,0.637,6.181,2.230,0.680,3.161,0.334,3.270,12.959,12.398,7.643,2.721,0.931,2.989,6.467,5.922,4.237,0.696,7.406,6.177,6.603,0.556,2.568,3.235
Control-GRP-GC114131,4.319,2.824,3.429,0.796,5.046,2.973,5.539,3.316,8.917,1.899,5.983,0.073,5.742,5.059,5.502,6.811,2.345,7.640,2.119,5.545,2.955,3.963,7.204
Control-GRP-GC114132,2.237,8.895,0.205,1.020,0.362,0.722,2.052,12.245,18.589,3.741,7.062,2.411,2.291,5.923,4.292,0.626,1.466,2.856,3.873,5.456,8.037,2.366,3.271
Control-GRP-GC114133,2.527,5.805,3.961,0.859,5.512,3.014,4.846,2.689,9.746,5.567,7.202,1.552,2.395,3.247,0.311,6.470,2.713,3.908,2.675,0.078,12.067,9.138,3.719
Control-GRP-GC114134,1.519,8.464,1.868,0.715,2.939,0.665,4.713,10.110,4.724,5.078,3.313,5.879,7.624,0.408,7.242,2.970,6.231,4.644,3.810,7.410,5.908,2.381,1.387
Control-GRP-GC114136,0.524,6.357,1.413,1.290,5.638,1.467,4.789,5.323,7.196,2.381,0.230,4.818,11.184,9.240,6.155,3.996,1.789,10.429,5.867,0.526,5.065,1.792,2.532
Control-GRP-GC114137,0.716,6.151,1.560,0.619,3.371,0.161,4.898,8.058,7.231,4.520,4.673,2.881,16.637,2.119,11.757,0.268,4.051,4.672,0.017,2.098,8.166,0.987,4.390
Control-GRP-GC114139,3.127,4.981,3.822,1.936,4.369,1.602,3.717,0.377,5.769,7.330,2.987,5.962,8.135,10.860,2.877,2.732,2.909,1.085,4.282,2.209,5.597,9.936,3.399
Control-GRP-GC114140,5.040,4.506,1.369,1.326,5.372,4.130,2.634,2.975,3.249,2.217,0.935,3.625,11.592,6.496,1.937,7.119,3.798,7.688,3.375,3.123,8.615,5.013,3.866
Control-GRP-GC114141,3.129,5.708,3.758,1.367,2.356,1.827,2.823,11.704,1.747,7.661,3.617,2.054,10.862,2.707,6.432,5.048,2.529,7.427,4.775,1.105,5.015,1.054,5.297
Control-GRP-GC114142,1.720,8.107,2.633,0.331,3.319,1.472,0.906,7.969,9.651,0.763,7.556,4.265,2.776,5.305,2.521,8.584,1.925,3.110,2.621,0.238,7.967,5.916,10.345
Control-GRP-GC114183,1.115,7.343,2.166,0.961,0.654,0.333,0.951,14.166,8.016,0.702,5.584,2.656,6.714,4.400,6.834,7.299,1.576,4.620,6.095,7.729,5.939,0.522,3.624
Control-GRP-GC114185,1.689,7.500,2.689,1.802,4.147,2.084,4.712,5.318,1.206,1.224,7.578,0.477,6.435,12.249,1.285,0.343,5.888,10.872,2.397,7.310,1.089,6.392,5.313
Control-GRP-GC114186,2.784,3.620,3.987,1.053,4.275,1.613,4.741,0.553,8.919,0.932,2.770,5.665,10.063,0.960,5.886,10.294,7.550,2.845,1.321,10.935,2.861,0.317,6.056
Control-GRP-GC118464,3.957,6.319,0.652,1.175,3.990,2.581,4.756,12.567,0.618,4.732,6.869,3.734,3.513,1.805,1.082,5.308,9.351,3.190,1.164,7.047,7.391,7.032,1.168
Control-GRP-GC118466,3.010,3.498,3.029,0.356,2.812,1.508,5.692,5.103,1.188,9.479,5.607,7.369,9.167,4.859,7.213,0.546,2.938,6.732,4.032,3.166,9.101,3.136,0.459
Control-GRP-GC118474,0.021,9.411,3.158,0.509,1.805,1.157,3.985,11.698,2.774,1.071,6.863,6.506,7.410,4.919,6.556,5.479,3.762,5.166,3.437,3.988,2.704,5.659,1.963
Control-GRP-GC118476,2.679,4.204,1.136,1.302,3.930,0.909,3.523,10.378,6.590,4.521,8.939,5.187,4.515,2.307,7.599,0.348,1.736,4.452,3.389,6.722,4.659,6.436,4.540
Control-GRP-GC118478,0.341,5.552,2.732,0.746,4.252,0.739,6.057,10.095,5.579,8.822,3.317,2.551,3.390,0.524,11.196,7.951,8.010,0.953,1.173,6.818,2.054,1.607,5.540
Control-GRP-GC118484,1.168,7.060,0.594,0.569,1.343,0.219,4.353,6.158,10.328,2.036,1.438,2.532,20.106,2.066,4.818,4.652,2.366,6.534,4.523,5.420,4.268,5.517,1.929
Control-GRP-GC118485,1.322,4.692,2.116,0.230,1.534,0.560,3.590,10.517,6.366,4.349,10.997,2.269,10.639,3.678,0.248,3.675,5.370,6.069,5.535,5.630,4.214,4.194,2.208
Control-GRP-GC118486,0.350,6.091,0.947,0.388,2.543,0.031,3.585,0.318,7.059,1.414,9.380,3.336,22.412,12.040,4.904,3.373,0.375,4.293,2.535,3.315,6.686,2.154,2.469
Control-GRP-GC118489,1.243,7.073,2.131,0.403,1.709,0.664,3.365,11.189,3.342,3.127,3.605,3.971,19.898,2.857,3.040,3.589,2.256,2.238,7.335,0.472,6.555,5.739,4.197
Control-GRP-GC118490,2.825,8.480,2.770,1.163,5.610,1.914,4.700,7.161,0.848,4.425,7.394,2.599,7.599,1.425,4.420,4.506,8.925,4.675,5.296,7.770,1.548,2.470,1.478
Control-GRP-GC118491,1.547,5.120,1.161,1.057,4.326,0.851,3.491,11.145,8.732,5.273,6.425,5.870,2.579,9.478,0.410,2.935,6.421,4.496,0.831,12.342,1.106,2.726,1.677
Control-GRP-GC118494,1.819,6.280,3.085,0.316,3.643,0.980,5.383,0.910,3.565,5.968,12.828,6.302,8.422,3.989,7.242,6.819,4.363,0.210,10.225,1.424,0.232,3.530,2.464
Control-GRP-GC118496,0.611,0.508,1.406,0.542,2.113,0.327,2.597,5.443,7.061,2.208,9.951,1.481,20.683,4.534,8.032,6.944,4.721,2.714,3.970,1.359,6.342,4.564,1.891
Control-GRP-GC118497,1.313,5.509,1.675,0.211,1.289,0.349,2.654,12.547,1.102,5.093,9.158,4.856,13.034,1.279,5.481,2.027,0.548,5.057,0.795,7.737,8.028,4.643,5.616
Control-GRP-GC118499,1.205,7.663,2.630,0.758,1.167,0.069,4.384,2.400,8.897,3.123,12.369,1.574,6.004,12.469,8.914,9.600,0.509,2.717,0.968,6.434,1.334,0.982,3.830
Control-GRP-GC119340,1.600,5.589,1.701,0.964,3.300,0.635,0.689,11.891,4.389,5.237,12.360,5.505,6.053,8.212,8.856,0.900,3.971,0.478,6.869,2.252,2.290,5.541,0.718
Control-GRP-GC119343,1.327,8.105,2.098,0.706,2.275,0.531,4.252,6.633,9.699,7.068,5.768,5.661,3.934,5.755,9.505,2.627,6.107,0.687,1.909,0.431,10.551,0.241,4.128
Control-GRP-GC119367,2.871,8.264,4.292,1.663,2.303,2.037,3.421,6.753,3.079,3.393,7.842,7.240,6.255,0.083,8.264,8.392,7.719,1.773,4.153,2.374,3.252,0.138,4.438
Control-GRP-GC119369,1.244,5.715,0.263,0.625,3.344,0.067,3.066,6.501,4.250,5.194,12.565,3.131,14.270,6.378,2.832,1.840,6.173,8.066,0.448,6.735,1.758,4.180,1.353
Control-GRP-GC119370,1.872,5.877,2.227,0.756,3.012,0.766,6.033,8.430,1.984,0.833,14.798,5.412,6.174,2.999,8.211,5.255,4.614,3.514,7.883,4.438,1.149,3.696,0.068
Control-GRP-GC119374,1.605,1.346,1.695,0.556,2.579,0.909,1.980,8.645,8.321,6.361,13.247,4.737,11.068,0.533,3.397,1.421,8.379,1.171,1.113,5.439,2.755,6.761,5.982
Control-GRP-GC119375,2.882,9.501,3.331,1.188,4.914,1.478,3.898,0.488,10.249,8.007,0.139,3.519,8.426,2.740,7.639,5.961,3.239,0.501,5.814,2.037,2.249,5.943,5.855
Control-GRP-GC119377,2.696,14.702,1.089,1.684,0.361,0.420,2.395,13.667,1.152,2.667,1.678,6.332,6.623,4.690,6.854,3.023,1.494,7.467,7.439,2.462,5.537,0.531,5.037
Control-GRP-GC119383,1.595,8.292,2.600,0.601,2.049,0.956,5.037,0.728,11.197,7.315,10.607,0.757,7.093,7.500,8.613,2.905,4.459,0.853,2.577,3.382,4.776,0.304,5.804
Control-GRP-GC119384,0.364,3.540,2.613,0.790,2.727,0.563,4.575,3.860,8.722,8.815,5.569,5.950,11.297,0.938,9.929,2.294,2.659,3.217,7.621,5.844,0.861,2.429,4.825
Control-GRP-GC119386,2.424,1.990,1.457,2.940,3.298,0.289,3.763,14.723,3.485,2.870,10.135,5.028,3.011,3.617,4.653,0.574,5.305,6.410,4.099,7.687,0.170,4.924,7.148
Control-GRP-GC119388,1.217,8.217,2.857,1.021,4.942,1.090,3.353,2.818,1.038,8.275,12.361,4.749,2.056,4.642,8.695,7.823,9.368,4.072,5.759,2.521,0.904,0.903,1.319
Control-GRP-GC119389,0.292,7.802,0.304,1.038,2.887,0.044,2.073,14.838,8.887,4.974,2.969,3.219,10.661,4.333,7.039,1.396,2.689,1.209,0.176,7.210,7.366,6.566,2.028
Control-GRP-GC119390,1.636,9.814,3.371,2.004,2.258,0.500,4.384,7.965,0.369,3.347,14.242,3.178,1.918,2.619,2.942,2.048,4.211,5.734,1.995,9.707,0.364,10.996,4.398
Control-GRP-GC119391,1.836,4.051,1.912,0.415,3.853,0.579,2.394,1.717,17.031,8.459,12.399,5.666,4.363,1.915,2.355,0.272,5.777,6.826,5.276,2.570,3.484,2.715,4.134
Control-GRP-GC119394,1.314,7.645,0.492,0.457,3.924,0.485,3.940,10.105,10.662,6.018,3.927,2.052,0.953,4.263,8.557,4.300,7.792,3.125,1.012,7.971,3.845,6.695,0.466
Control-GRP-GC119395,1.858,8.530,2.895,1.097,4.101,1.307,3.229,15.511,0.099,5.709,6.180,2.388,8.716,8.636,1.179,2.653,2.136,3.797,0.905,10.718,0.456,7.582,0.318
Control-GRP-GC119397,1.229,5.638,2.032,1.351,2.842,0.250,4.687,6.363,2.450,6.978,1.620,6.726,12.687,0.051,9.561,1.453,1.471,7.179,9.035,6.824,4.806,1.513,3.256
Control-GRP-GC119398,1.013,6.186,0.647,0.307,3.356,0.221,2.174,12.928,4.999,0.544,13.505,2.462,0.626,1.738,2.206,3.294,7.423,7.785,8.069,9.887,3.274,6.682,0.677
Control-GRP-GC119399,1.341,7.546,1.872,0.628,1.658,0.362,4.050,12.549,7.292,1.750,10.332,2.897,8.705,1.368,0.182,0.218,0.061,5.842,4.880,0.837,10.168,6.005,9.457
Control-GRP-GC119400,2.125,6.452,1.989,0.612,3.078,0.670,1.841,10.705,8.040,4.491,4.851,2.999,12.269,8.318,1.605,3.130,0.447,8.296,3.567,2.293,2.203,6.419,3.604
Control-GRP-GC119401,1.144,8.793,1.400,0.716,2.708,0.382,3.379,3.190,10.578,7.695,10.275,4.232,7.106,1.985,1.285,2.803,3.560,5.677,2.498,7.093,6.577,1.069,5.855
Control-GRP-GC119402,1.958,3.863,2.541,0.445,3.469,1.508,4.132,7.543,8.966,7.409,7.776,3.984,1.647,8.870,7.892,7.434,4.301,2.493,2.186,0.318,0.316,6.206,4.744
Control-GRP-GC119403,2.243,0.514,3.333,0.779,1.266,0.771,0.778,4.531,9.076,1.009,10.588,6.216,14.072,5.775,8.177,5.696,2.880,7.696,5.899,1.417,5.161,1.009,1.115
Control-GRP-GC119405,1.319,5.489,0.555,1.185,4.891,1.832,3.501,7.289,4.866,3.492,8.024,5.487,9.727,6.388,3.956,7.254,4.670,1.715,4.729,2.695,1.222,5.879,3.834
Control-GRP-GC119410,0.864,8.786,1.198,0.539,2.125,0.019,4.089,9.348,11.670,2.939,8.886,1.356,6.202,0.828,3.675,4.685,3.117,7.490,2.003,7.120,5.894,3.457,3.712
Control-GRP-GC119411,1.665,6.206,1.432,1.013,3.350,0.367,2.766,12.744,1.204,4.081,12.261,3.574,5.031,5.523,5.850,4.737,4.847,2.906,5.729,4.606,1.927,4.495,3.685
Control-GRP-GC119415,1.039,0.323,1.978,0.719,3.426,0.374,2.654,2.423,14.800,8.850,10.370,2.552,4.493,5.326,2.445,4.957,5.718,5.129,3.705,7.906,1.945,4.559,4.309
Control-GRP-GC119416,2.571,0.856,3.388,1.052,4.338,2.042,2.760,12.242,4.016,3.650,12.194,5.348,4.045,1.675,4.964,3.544,3.765,4.642,0.112,6.902,7.128,4.074,4.691
Control-GRP-GC119417,0.771,2.918,2.314,1.306,3.016,0.503,2.730,9.399,4.246,5.456,9.392,5.730,9.173,6.681,5.402,2.086,1.447,3.096,8.265,3.601,0.650,4.615,7.201
Control-GRP-GC119419,0.717,3.139,3.344,1.386,4.406,1.134,1.446,1.917,9.878,3.877,10.498,2.992,13.521,1.451,0.788,4.152,1.988,8.041,7.088,7.118,2.080,3.182,5.855
Control-GRP-GC119420,1.201,3.008,1.729,0.674,3.348,0.763,0.204,8.592,6.294,4.780,8.955,3.605,6.902,5.866,2.331,3.949,8.470,8.841,9.730,2.691,6.945,0.031,1.090
Control-GRP-GC119421,3.606,8.113,4.628,1.555,1.628,2.556,5.961,6.950,0.070,5.760,1.078,1.986,7.499,5.854,2.222,6.098,6.516,5.297,7.245,1.576,7.845,3.746,2.213
Control-GRP-GC119422,1.069,7.308,2.447,0.706,2.159,0.441,1.602,14.842,4.065,3.510,6.795,7.250,4.050,0.624,8.312,2.102,0.941,7.906,4.562,6.256,1.051,7.285,4.718
Control-GRP-GC119426,2.735,3.693,3.054,0.850,2.889,1.726,5.012,11.547,1.796,5.103,5.979,4.818,8.481,0.438,1.307,3.369,3.706,7.593,7.681,5.228,3.348,4.808,4.839
Control-GRP-GC119430,2.396,8.447,1.865,0.824,1.967,1.666,5.444,6.752,7.097,6.751,7.518,5.573,3.067,0.751,0.896,1.816,3.337,3.176,0.902,7.168,8.206,8.712,5.666
Control-GRP-GC121331,2.713,4.388,0.217,2.070,4.780,0.042,0.890,13.536,7.268,0.630,12.065,5.126,8.570,2.836,2.534,1.967,2.818,8.292,3.823,1.624,4.886,0.748,8.176
Control-GRP-GC121332,2.965,4.528,1.474,1.027,4.525,2.346,4.007,3.374,5.503,3.845,6.815,1.590,18.576,5.340,2.040,0.160,1.742,6.978,2.599,3.299,4.664,3.931,8.675
Control-GRP-GC121336,0.040,1.220,2.026,0.397,0.529,0.687,4.375,12.198,6.608,8.830,9.188,6.214,5.272,2.460,3.978,2.768,6.828,0.162,2.409,3.953,4.277,10.450,5.131
Control-GRP-GC121337,2.329,2.908,2.218,0.894,3.050,0.542,5.283,2.339,0.576,10.872,6.736,9.940,6.791,0.008,9.327,6.884,7.067,6.539,0.892,0.919,4.398,5.575,3.912
Control-GRP-GC121338,0.667,7.476,1.563,0.204,2.881,0.416,3.651,12.632,3.318,5.167,8.958,3.384,5.496,4.766,6.703,3.019,2.773,9.467,4.242,0.781,2.170,4.753,5.512
Control-GRP-GC121339,2.294,4.493,0.708,1.438,3.829,0.560,3.179,2.954,5.087,0.554,9.664,5.839,11.452,4.514,7.194,7.781,8.440,6.478,0.836,0.980,0.370,6.790,4.566
Control-GRP-GC121340,1.644,3.364,1.886,0.818,2.508,0.346,4.728,5.218,6.451,2.309,10.603,3.743,17.220,7.675,2.832,9.490,1.701,5.565,2.077,2.692,1.200,2.205,3.722
Control-GRP-GC121341,2.861,8.620,0.258,1.840,4.299,1.131,4.614,8.609,8.214,4.796,3.206,0.610,3.433,3.058,2.341,7.943,0.821,7.979,10.215,4.727,4.171,4.572,1.684
Control-GRP-GC121342,3.375,8.274,0.077,1.146,1.758,1.683,2.159,6.328,7.244,7.226,3.571,3.437,9.736,5.678,4.442,5.663,4.463,5.670,3.258,6.292,5.321,1.962,1.237
Control-GRP-GC121343,2.926,7.131,3.780,1.264,0.161,1.450,1.111,5.772,8.269,7.855,7.543,5.049,5.822,5.276,8.344,6.065,0.002,4.164,5.909,4.417,1.398,5.199,1.091
Control-GRP-GC121346,0.675,7.484,0.669,0.562,2.317,0.046,2.065,7.026,0.286,4.239,12.558,4.515,15.494,4.610,2.069,1.463,7.743,6.194,5.664,7.740,3.412,0.852,2.319
Control-GRP-GC121347,2.148,4.153,4.069,1.394,1.632,1.933,3.791,7.424,9.281,5.548,4.709,3.117,9.115,4.106,6.670,0.807,3.769,5.621,1.388,6.287,6.295,3.991,2.753
Control-GRP-GC121348,1.486,4.655,1.273,0.823,3.821,0.054,2.762,1.849,7.348,5.035,9.758,3.124,1.553,1.080,6.941,7.152,2.005,15.505,6.736,3.998,1.902,6.014,5.125
Control-GRP-GC121349,0.613,6.191,0.515,0.355,1.228,0.076,1.522,12.533,5.117,6.829,12.400,2.069,7.094,0.062,7.088,6.703,0.053,10.221,4.354,1.038,0.669,5.708,7.562
