Sample,BRCA,CEAD,CESC,COAD,OV,READ,bcell,cd4tcell,cd8tcell,erythroblast,monocyte,naturalkillercell,neutrophil,Unknown-1
Breast-GC1002975,0.892,0.891,2.164,0.005,5.928,2.063,2.126,5.292,8.984,4.322,13.973,2.783,16.916,33.661
Breast-GC1002976,3.652,8.267,2.698,0.036,8.623,5.055,4.102,2.092,5.570,6.516,3.915,3.732,21.100,24.642
Breast-GC1002977,0.182,0.454,0.754,0.000,0.988,0.841,8.747,0.696,1.601,0.185,8.738,14.599,41.641,20.576
Breast-GC1002978,2.250,3.653,2.301,0.005,7.023,2.119,2.125,1.771,9.505,4.224,19.823,2.804,10.033,32.365
Breast-GC1002979,5.046,10.552,1.010,0.515,3.114,0.874,2.178,2.883,1.700,2.857,11.899,3.383,34.905,19.084
Breast-GC1002980,0.021,6.865,0.961,0.002,3.736,0.394,1.756,12.678,4.854,5.786,11.789,2.554,12.340,36.263
Breast-GC1002981,0.336,9.060,1.330,0.000,4.182,1.707,1.730,5.824,3.710,4.739,14.986,2.574,23.044,26.780
Breast-GC1003967,0.411,6.993,1.972,0.026,6.119,1.772,2.117,2.875,7.779,8.427,13.881,2.919,9.149,35.561
Breast-GC1003968,2.272,9.877,2.622,0.459,6.481,2.934,2.327,3.919,5.098,8.326,6.922,3.913,15.251,29.599
Breast-GC1003970,1.663,4.636,1.692,0.007,4.792,2.055,2.569,3.780,2.698,4.345,30.326,4.062,18.930,18.445
Breast-GC1003971,1.182,8.528,1.878,0.458,5.548,2.424,2.045,5.643,6.835,7.386,17.819,7.188,2.691,30.373
Breast-GC1003972,1.704,11.308,1.726,0.729,5.671,1.870,1.659,6.164,3.176,7.229,17.893,4.251,2.743,33.877
Breast-GC1003974,1.044,4.315,2.272,1.067,3.686,1.837,2.147,2.841,1.192,3.217,12.763,3.987,35.139,24.492
Breast-GC1002311,0.389,3.871,1.343,0.001,4.569,1.533,1.604,10.651,4.310,7.529,16.444,2.648,10.969,34.139
Breast-GC1004006,0.405,5.385,1.934,0.000,5.783,1.844,3.395,5.653,3.056,6.962,15.049,4.949,17.402,28.182
Breast-GC1004007,1.306,9.234,2.110,0.033,6.647,2.640,2.701,4.748,6.571,9.976,10.119,3.937,2.970,37.008
Breast-GC1004008,0.200,8.849,1.103,0.164,3.687,1.209,2.486,4.015,5.021,3.758,9.780,2.321,32.197,25.209
Breast-GC1004009,1.873,8.537,1.869,0.130,6.561,2.506,1.224,2.095,3.933,3.056,9.477,1.337,34.018,23.382
Breast-GC110693,1.338,1.069,4.047,0.001,8.769,3.954,3.439,1.073,3.239,1.100,10.967,4.349,31.003,25.652
Breast-GC110694,1.121,3.550,1.844,0.013,5.062,1.916,2.317,8.227,3.515,6.337,14.057,4.206,17.728,30.108
Breast-GC110695,1.969,2.545,3.474,0.001,9.246,4.019,4.169,5.443,0.755,8.677,10.748,7.343,3.743,37.869
Breast-GC110696,0.178,2.680,2.047,0.001,5.602,1.933,5.003,6.257,6.428,7.191,14.076,4.408,10.718,33.477
Breast-GC116960,1.199,4.620,2.667,0.142,6.006,2.639,4.639,5.438,6.429,0.567,19.845,4.883,13.823,27.105
Breast-GC116963,0.018,7.891,0.749,0.042,2.275,0.173,1.127,3.718,3.468,2.299,4.032,1.294,52.846,20.068
Breast-GC116964,1.225,0.442,4.516,0.000,11.456,5.582,4.851,0.314,0.652,6.629,16.192,8.311,2.631,37.199
Breast-GC116965,1.018,9.500,1.441,0.001,6.226,1.940,1.881,5.082,8.621,12.515,8.342,3.928,0.164,39.340
Breast-GC116966,0.147,2.255,1.884,0.002,4.247,1.083,2.467,8.748,7.740,11.442,14.363,3.763,0.821,41.038
Breast-GC116967,1.368,1.259,3.422,0.015,9.253,3.728,3.448,0.764,6.150,5.715,16.510,6.403,6.420,35.546
Breast-GC116968,0.660,9.667,1.139,0.073,3.401,1.175,1.403,4.248,4.562,4.332,6.787,2.130,32.293,28.130
Breast-GC116969,0.253,5.320,1.526,0.000,4.213,1.091,2.080,5.641,2.025,0.818,9.152,2.941,39.344,25.594
Breast-GC116970,0.935,5.770,1.755,0.310,5.380,1.947,2.212,5.994,4.258,6.035,11.322,2.834,24.751,26.497
Breast-GC116971,0.761,12.805,1.346,0.145,3.527,0.897,3.580,8.673,4.612,7.501,11.598,4.226,10.243,30.085
Breast-GC110676,0.496,4.538,1.990,0.494,6.056,1.462,3.560,2.577,7.763,6.366,10.970,3.358,14.435,35.933
Breast-GC110678,1.248,9.480,2.290,0.950,4.418,2.034,2.451,3.752,4.450,7.190,21.776,4.427,14.240,21.294
Breast-GC110679,13.660,6.376,2.645,1.360,5.466,2.145,2.901,5.272,2.232,5.830,10.899,3.528,10.381,27.304
Breast-GC110680,0.427,4.029,2.237,0.004,7.923,2.603,2.210,2.709,6.178,6.253,10.721,2.091,19.713,32.899
Breast-GC110681,9.454,0.034,6.608,0.000,22.206,14.313,1.102,0.025,0.084,2.658,0.070,4.184,3.777,35.485
Breast-GC110682,1.396,1.558,3.584,0.001,10.101,4.565,5.225,2.707,1.610,3.842,12.650,6.478,18.545,27.737
Breast-GC110683,2.372,0.311,4.714,0.001,11.618,6.003,4.946,1.229,1.002,6.269,9.338,7.590,9.746,34.862
Breast-GC110684,0.784,2.671,3.302,0.115,7.008,3.244,4.181,3.905,0.365,3.179,14.647,5.114,25.073,26.412
Breast-GC110685,1.173,9.284,1.854,0.008,5.111,2.344,4.212,6.185,10.672,6.295,17.814,6.694,5.620,22.734
Ovarian-GC110686,0.000,16.726,0.001,0.005,0.280,0.000,1.366,15.712,5.745,9.844,9.612,2.741,3.935,34.034
Ovarian-GC114179,0.136,17.238,0.118,0.403,3.178,0.181,1.329,6.801,5.661,10.519,15.751,2.808,9.477,26.401
Ovarian-GC114180,0.043,17.155,0.023,0.448,0.474,0.001,2.075,15.717,3.868,5.747,16.996,3.897,6.247,27.308
Ovarian-GC114181,4.160,26.011,1.133,0.762,2.082,0.604,0.794,5.665,6.853,11.508,9.726,1.518,9.083,20.103
Ovarian-GC114182,5.421,0.360,3.200,0.007,43.588,8.902,0.300,0.020,0.550,3.879,2.636,1.849,12.481,16.806
Ovarian-GC116977,0.815,6.206,2.269,0.191,7.268,2.563,2.772,5.115,2.442,8.258,15.834,5.919,4.946,35.402
Ovarian-GC116979,1.383,16.067,0.293,0.507,15.475,0.124,1.458,8.787,4.097,2.499,10.533,1.333,21.516,15.928
Ovarian-GC116982,0.922,9.902,0.788,0.002,17.137,1.694,1.267,6.260,8.378,7.943,10.213,6.383,9.040,20.070
Ovarian-GC116990,1.550,2.926,2.587,0.327,6.552,2.717,2.864,4.059,5.841,1.967,16.105,3.983,23.481,25.041
Ovarian-GC119363,0.710,24.544,0.062,0.133,10.441,0.770,1.560,10.929,7.484,3.902,6.245,2.118,6.923,24.179
Ovarian-GC119364,0.429,5.486,1.682,0.138,4.025,1.262,3.379,4.573,9.893,3.358,18.096,3.639,20.011,24.030
Ovarian-GC119365,0.578,0.145,0.001,0.002,88.140,3.531,1.040,0.149,1.218,3.503,0.004,0.538,0.071,1.079
Ovarian-GC119366,1.755,39.181,0.002,0.492,0.490,0.209,0.756,2.512,13.116,12.093,8.756,0.786,0.414,19.437
Colorectal-GC121326,0.783,10.526,1.677,0.059,5.561,2.277,1.801,4.640,2.090,16.500,4.596,1.751,24.001,23.738
Colorectal-GC121327,1.505,19.082,1.066,13.616,0.097,0.000,0.722,15.912,8.671,1.473,14.333,0.714,0.523,22.287
Colorectal-GC121328,1.157,3.089,2.532,0.007,5.825,3.513,2.676,0.458,2.928,40.390,6.236,4.799,0.075,26.316
Colorectal-GC121329,0.391,17.096,1.358,0.080,5.065,22.232,1.693,14.200,3.470,15.862,7.134,1.010,1.009,9.400
Colorectal-GC121330,6.878,42.194,0.673,0.195,6.410,5.574,0.425,1.739,0.407,4.008,2.124,1.540,8.982,18.852
Colorectal-GC1003994,0.034,16.340,0.039,0.183,2.022,0.001,1.147,5.691,10.294,10.607,12.395,1.610,11.546,28.093
Colorectal-GC1003995,0.869,10.926,2.864,21.897,4.383,12.128,3.781,2.929,6.234,1.731,4.003,0.899,9.980,17.375
Colorectal-GC1003996,1.167,12.980,1.747,1.836,3.042,1.288,3.023,5.074,2.343,2.876,9.626,3.611,28.091,23.295
Colorectal-GC1003997,0.071,14.236,0.160,0.142,0.510,0.001,0.975,10.761,8.123,6.715,12.540,2.224,13.877,29.667
Colorectal-GC1003998,0.596,9.771,1.725,1.907,4.817,2.352,2.989,7.007,5.087,7.558,12.954,5.408,9.347,28.483
Colorectal-GC1003999,4.273,44.138,0.112,0.001,3.248,2.846,0.202,3.661,2.360,7.166,2.888,2.328,3.176,23.602
Colorectal-GC1004000,2.543,2.244,4.280,3.566,11.046,38.141,1.350,2.124,2.828,0.842,3.144,2.793,6.084,19.015
Colorectal-GC1004001,0.131,9.076,1.263,0.333,2.555,0.491,1.857,9.104,2.218,5.354,12.446,3.705,23.402,28.065
Colorectal-GC1004002,0.523,13.814,1.397,0.670,2.224,1.229,2.613,3.079,9.462,12.047,6.251,2.837,14.927,28.927
Colorectal-GC1004003,2.383,16.245,1.243,0.172,5.899,2.875,1.942,4.709,2.425,12.298,14.522,3.413,5.145,26.730
Colorectal-GC137538,2.655,0.610,5.652,0.009,9.784,5.337,7.100,2.713,0.884,5.822,16.857,10.193,5.989,26.395
Colorectal-GC137539,1.246,14.800,1.097,0.093,3.935,2.033,2.271,7.924,1.725,4.868,17.837,3.284,20.796,18.092
Colorectal-GC137540,0.018,13.086,0.373,0.003,2.349,0.073,1.120,11.717,2.061,12.891,11.028,3.013,6.082,36.187
Colorectal-GC137541,1.088,7.043,2.157,0.001,6.226,2.892,2.325,4.626,1.187,11.672,13.823,4.868,15.685,26.407
Colorectal-GC137542,0.023,16.275,0.315,0.022,1.942,0.151,1.458,9.741,5.657,7.829,9.320,3.738,12.767,30.763
Colorectal-GC137543,0.600,8.352,2.021,0.186,5.838,6.265,3.344,1.752,11.832,9.738,11.404,2.692,4.030,31.944
Colorectal-GC137544,0.102,7.882,0.867,0.054,3.769,0.664,3.207,1.296,11.675,10.491,10.997,2.589,13.511,32.895
Colorectal-GC137545,0.067,17.609,0.489,0.000,2.429,0.112,1.140,6.207,11.749,12.372,11.420,1.598,1.187,33.623
Colorectal-GC137546,0.117,13.721,0.345,0.006,1.918,0.450,2.086,0.277,11.871,7.534,11.419,2.775,21.272,26.208
Colorectal-GC137547,0.929,10.475,1.357,0.062,4.881,1.414,2.027,3.883,7.824,7.192,19.997,3.345,8.209,28.406
Colorectal-GC137548,0.063,4.415,1.449,0.006,4.480,1.258,2.317,2.718,3.268,1.504,4.525,6.488,40.141,27.370
Colorectal-GC137549,0.208,7.125,1.398,0.000,5.487,16.979,3.641,7.397,0.808,7.384,8.399,4.865,15.119,21.190
Colorectal-GC137550,1.487,5.089,2.244,0.001,5.876,2.563,7.783,4.627,5.548,3.630,5.197,8.729,19.545,27.680
Colorectal-GC137551,0.291,0.177,2.467,0.000,7.116,2.949,4.222,0.631,1.376,1.954,18.728,4.373,26.415,29.301
Colorectal-GC137552,0.467,3.516,2.516,0.003,8.343,2.355,3.218,5.661,0.066,9.439,11.527,5.525,10.051,37.313
Colorectal-GC137553,2.700,0.940,5.578,0.160,8.965,6.032,19.359,0.357,1.895,8.772,11.608,8.514,0.530,24.589
Colorectal-GC137554,2.495,9.721,3.013,0.023,8.732,5.716,3.917,1.188,3.615,10.467,11.794,4.945,6.034,28.341
Colorectal-GC137555,0.072,2.483,1.778,0.000,4.814,1.353,3.009,5.891,6.718,7.991,14.305,4.259,11.162,36.166
Colorectal-GC137556,0.480,4.961,2.306,0.000,5.337,1.971,2.537,2.901,4.980,9.772,10.563,5.218,16.684,32.292
Colorectal-GC137557,0.022,9.112,0.457,0.289,2.199,0.491,1.329,4.260,2.804,3.482,11.902,2.154,38.863,22.635
Cervical-GC1002983,1.807,1.480,4.352,0.000,9.551,4.755,3.295,0.969,1.448,4.684,11.273,3.674,29.672,23.039
Cervical-GC1002984,0.230,5.266,2.136,0.365,6.039,1.378,1.929,4.342,7.506,7.053,24.731,2.284,6.186,30.556
Cervical-GC114187,0.937,0.590,3.714,0.000,12.010,4.030,5.072,3.201,1.660,8.522,12.960,7.855,3.194,36.255
Cervical-GC114188,0.805,8.532,1.832,0.081,8.874,1.569,2.188,5.848,6.412,6.770,14.516,3.307,11.665,27.599
Control-GC1003986,0.531,3.508,2.318,0.009,5.796,2.391,3.546,1.930,5.235,1.351,8.432,3.510,39.625,21.819
Control-GC1003988,0.059,4.462,1.616,0.002,5.074,1.589,2.707,4.966,5.301,8.476,11.257,3.664,16.380,34.449
Control-GC110675,0.098,1.712,1.558,0.320,3.692,0.484,1.756,3.241,2.930,2.773,7.334,1.811,51.000,21.294
Control-GC112864,0.661,0.971,3.100,0.000,7.653,2.287,4.035,1.642,3.328,6.033,12.528,4.625,21.177,31.961
Control-GC112894,5.317,1.745,5.419,0.165,13.801,7.354,4.702,0.425,0.161,5.722,8.948,6.449,6.641,33.151
Control-GC112895,2.055,4.266,3.267,0.005,8.573,4.773,8.147,1.570,2.954,8.359,9.751,4.436,12.521,29.325
Control-GC112897,2.221,1.745,3.972,0.048,9.244,4.358,4.656,1.234,1.673,4.662,7.741,5.994,20.996,31.455
Control-GC119350,0.110,1.363,2.269,0.000,6.955,2.058,3.646,4.596,3.838,9.259,13.155,5.111,7.899,39.741
Control-GC119351,0.337,3.241,1.580,0.047,5.215,1.636,2.906,3.488,3.574,6.671,7.815,3.802,30.501,29.186
Control-GC119352,0.372,8.461,1.235,0.018,3.910,1.484,1.882,9.540,5.828,9.461,10.174,2.632,11.801,33.201
Control-GC119353,2.297,7.010,2.683,0.001,8.900,4.242,3.105,6.970,3.703,4.817,14.632,6.339,2.437,32.866
Control-GC119354,0.766,8.274,1.607,0.040,5.727,1.662,3.861,6.181,2.549,11.297,16.678,4.991,4.029,32.337
Control-GC119356,0.278,3.933,1.644,0.121,5.403,1.467,2.240,5.471,3.714,3.641,10.412,3.338,29.993,28.346
Control-GRP-GC114128,1.005,2.861,1.703,0.034,6.618,1.353,2.997,8.904,2.735,11.703,12.590,3.917,1.473,42.108
Control-GRP-GC114130,0.013,19.288,0.001,0.000,0.061,0.000,0.536,20.131,3.313,4.325,14.076,1.897,10.718,25.643
Control-GRP-GC114131,0.445,3.496,2.528,0.726,4.868,1.454,2.673,3.131,7.811,8.895,10.563,3.810,13.973,35.628
Control-GRP-GC114132,0.163,23.074,0.001,0.013,0.187,0.004,0.720,12.536,8.499,3.093,17.690,2.663,15.249,16.106
Control-GRP-GC114133,0.692,2.749,2.583,0.014,6.392,2.887,5.607,7.685,2.030,4.008,21.157,4.856,3.249,36.092
Control-GRP-GC114134,0.018,17.632,0.026,0.001,0.281,0.003,1.658,14.826,0.738,6.806,16.402,3.801,9.028,28.781
Control-GRP-GC114136,0.252,14.826,0.698,0.420,1.987,0.615,1.341,0.726,7.878,5.257,10.003,3.126,29.054,23.816
Control-GRP-GC114137,0.004,16.146,0.028,0.000,0.191,0.002,1.374,14.954,5.288,1.808,10.883,1.621,25.273,22.428
Control-GRP-GC114139,0.373,2.458,2.753,0.027,5.470,2.089,3.035,6.187,5.588,8.698,9.050,4.134,13.158,36.980
Control-GRP-GC114140,0.945,0.145,4.061,0.007,8.362,4.216,3.434,0.325,0.890,1.083,8.359,4.196,35.741,28.235
Control-GRP-GC114141,0.783,23.508,0.211,0.291,2.371,1.188,1.189,8.247,0.050,4.613,10.666,3.043,24.435,19.404
Control-GRP-GC114142,0.212,12.654,0.694,0.016,2.887,0.744,1.945,2.186,5.526,5.523,13.281,2.511,27.831,23.989
Control-GRP-GC114183,0.000,13.894,0.113,0.005,0.372,0.001,1.265,3.061,14.898,0.856,11.668,1.364,30.951,21.554
Control-GRP-GC114185,0.477,0.566,2.566,0.415,5.574,2.377,2.532,4.958,0.705,2.081,14.179,4.383,28.853,30.334
Control-GRP-GC114186,0.283,8.047,1.601,0.551,3.941,1.030,1.992,6.840,2.332,6.694,10.692,3.451,22.373,30.174
Control-GRP-GC118464,1.198,13.142,1.342,0.036,4.053,1.972,1.261,10.226,2.432,4.930,11.565,3.820,18.761,25.261
Control-GRP-GC118466,0.205,14.224,0.714,0.001,2.331,0.794,1.876,10.024,3.452,7.686,15.226,3.597,12.304,27.567
Control-GRP-GC118474,0.084,13.458,0.358,0.000,1.194,0.106,1.473,7.804,7.834,7.254,15.346,2.438,17.537,25.112
Control-GRP-GC118476,0.307,16.903,0.110,0.004,0.860,0.125,0.581,10.263,9.300,10.304,15.445,1.801,5.449,28.547
Control-GRP-GC118478,0.037,8.840,0.502,0.000,2.834,0.537,3.472,8.093,5.485,7.679,18.478,3.711,12.435,27.895
Control-GRP-GC118484,0.002,12.174,0.005,0.002,0.166,0.000,1.256,5.863,8.710,2.545,12.018,1.684,36.032,19.542
Control-GRP-GC118485,0.004,10.001,0.129,0.001,0.868,0.000,1.814,12.832,5.070,3.909,15.065,2.385,21.507,26.414
Control-GRP-GC118486,0.000,11.055,0.014,0.002,0.118,0.000,0.599,8.584,3.439,0.735,9.501,0.572,50.947,14.435
Control-GRP-GC118489,0.123,11.211,0.545,0.143,1.987,0.247,2.178,5.914,4.494,1.059,15.341,2.791,33.720,20.246
Control-GRP-GC118490,0.685,4.535,2.622,0.084,5.481,2.491,3.109,6.018,8.193,1.199,15.602,3.516,18.816,27.650
Control-GRP-GC118491,0.026,18.422,0.068,0.000,0.623,0.017,1.217,11.142,9.812,7.244,13.712,1.668,7.622,28.426
Control-GRP-GC118494,0.117,5.132,1.640,0.004,3.839,1.138,2.552,8.024,5.566,4.807,20.733,2.331,18.898,25.218
Control-GRP-GC118496,0.000,11.024,0.053,0.001,0.764,0.000,0.518,4.625,1.772,0.957,5.434,1.080,57.003,16.768
Control-GRP-GC118497,0.002,12.458,0.024,0.000,0.078,0.000,1.434,11.731,6.745,2.937,11.244,1.825,25.812,25.711
Control-GRP-GC118499,0.084,15.836,0.163,0.006,0.956,0.057,1.122,4.978,6.425,3.078,10.495,1.417,34.853,20.530
Control-GRP-GC119340,0.010,17.533,0.007,0.000,0.332,0.000,1.557,3.616,11.837,7.678,18.941,2.328,13.337,22.823
Control-GRP-GC119343,0.000,15.010,0.000,0.000,0.010,0.000,0.816,3.042,17.651,12.591,14.509,2.121,0.825,33.425
Control-GRP-GC119367,0.375,10.066,1.737,0.546,4.021,1.561,1.643,7.921,5.076,6.211,19.360,4.526,6.874,30.083
Control-GRP-GC119369,0.010,11.775,0.161,0.002,0.399,0.000,1.461,10.598,4.028,2.253,14.803,1.929,32.055,20.525
Control-GRP-GC119370,0.039,13.315,0.296,0.057,1.789,0.222,2.980,7.971,3.861,4.997,19.215,3.370,21.340,20.549
Control-GRP-GC119374,0.024,10.676,0.433,0.001,1.769,0.165,1.754,8.867,3.232,3.545,21.244,4.241,20.188,23.860
Control-GRP-GC119375,0.860,9.923,1.234,0.005,5.396,2.118,1.798,10.358,5.526,6.482,15.170,2.813,10.146,28.171
Control-GRP-GC119377,0.251,17.811,0.240,0.004,1.090,0.234,2.434,10.930,6.617,5.357,14.481,1.747,13.211,25.591
Control-GRP-GC119383,0.059,13.449,0.182,0.000,1.298,0.025,1.797,10.447,6.057,7.017,17.229,2.058,6.523,33.859
Control-GRP-GC119384,0.077,16.683,0.071,0.002,0.638,0.011,1.276,6.738,9.578,5.538,17.063,1.412,18.152,22.760
Control-GRP-GC119386,0.443,11.396,0.346,2.852,0.633,0.000,1.455,9.139,11.176,0.557,16.219,0.964,21.009,23.812
Control-GRP-GC119388,0.159,6.245,1.288,0.310,3.949,0.936,2.626,2.247,6.195,7.202,21.124,4.884,12.172,30.661
Control-GRP-GC119389,0.001,14.708,0.000,0.002,0.006,0.000,0.591,19.412,6.171,2.861,11.819,2.472,16.637,25.320
Control-GRP-GC119390,0.267,8.374,1.094,1.541,2.442,0.104,2.099,16.018,0.709,6.243,16.572,2.959,8.776,32.803
Control-GRP-GC119391,0.005,17.646,0.001,0.000,0.196,0.000,1.094,15.114,6.750,6.779,11.030,6.311,9.755,25.319
Control-GRP-GC119394,0.001,14.474,0.020,0.000,0.624,0.000,1.641,9.078,10.332,5.423,13.762,2.234,12.984,29.427
Control-GRP-GC119395,0.032,19.510,0.154,0.162,1.645,0.043,0.877,4.467,11.213,6.715,17.617,2.182,5.357,30.027
Control-GRP-GC119397,0.076,17.460,0.186,0.295,0.858,0.053,1.263,9.078,5.181,2.172,15.034,2.106,23.230,23.007
Control-GRP-GC119398,0.008,12.689,0.027,0.016,0.234,0.000,0.732,8.769,5.587,1.644,11.823,1.201,37.863,19.407
Control-GRP-GC119399,0.053,12.501,0.083,0.036,0.553,0.000,1.050,10.335,12.072,3.822,14.364,0.693,17.327,27.113
Control-GRP-GC119400,0.377,21.933,0.058,0.088,0.482,0.062,0.715,7.431,6.882,3.023,8.721,0.689,31.000,18.540
Control-GRP-GC119401,0.005,16.414,0.011,0.000,0.420,0.000,0.811,11.898,10.067,5.752,12.828,1.396,13.523,26.873
Control-GRP-GC119402,0.202,13.125,0.368,0.122,2.781,0.631,2.742,7.074,6.209,7.404,11.676,2.750,19.535,25.380
Control-GRP-GC119403,0.207,4.215,1.093,0.183,1.879,0.199,1.857,10.147,8.926,3.637,11.316,1.687,30.018,24.634
Control-GRP-GC119405,0.476,9.967,1.110,0.011,2.846,1.131,2.044,1.851,8.948,4.371,14.011,3.391,23.780,26.064
Control-GRP-GC119410,0.000,14.000,0.000,0.000,0.005,0.000,0.322,22.181,6.442,1.633,11.016,1.281,18.649,24.471
Control-GRP-GC119411,0.038,17.515,0.065,0.003,0.635,0.010,1.335,7.748,7.342,2.089,15.351,2.263,21.778,23.828
Control-GRP-GC119415,0.000,13.289,0.005,0.000,0.381,0.000,0.802,5.223,9.667,6.200,16.455,2.896,18.961,26.122
Control-GRP-GC119416,0.866,25.909,0.127,0.001,0.963,0.499,1.071,4.460,9.321,3.817,10.294,2.811,18.223,21.637
Control-GRP-GC119417,0.034,12.528,0.409,0.450,1.146,0.041,1.626,11.953,2.931,1.589,14.198,2.980,24.341,25.774
Control-GRP-GC119419,0.222,3.355,1.616,0.788,3.909,0.977,3.219,5.800,6.277,1.873,9.883,4.075,34.473,23.535
Control-GRP-GC119420,0.061,8.199,0.828,0.025,2.093,0.421,1.472,6.216,5.768,2.695,7.437,1.225,41.747,21.813
Control-GRP-GC119421,0.886,4.410,2.678,0.045,6.300,2.664,3.818,5.230,4.830,5.199,10.667,3.229,18.822,31.221
Control-GRP-GC119422,0.089,8.790,0.489,0.025,0.726,0.004,1.216,14.352,11.238,6.601,16.383,2.138,8.330,29.619
Control-GRP-GC119426,0.742,10.713,1.350,0.486,2.826,0.861,2.352,7.207,5.856,4.071,14.310,3.462,20.560,25.203
Control-GRP-GC119430,0.088,17.362,0.191,0.139,1.418,0.048,2.369,7.148,12.700,8.422,10.386,3.127,1.189,35.413
Control-GRP-GC121331,0.092,16.621,0.009,0.342,0.295,0.000,1.097,17.158,1.838,4.772,15.697,2.524,14.756,24.798
Control-GRP-GC121332,0.898,10.341,1.287,0.110,4.084,1.932,2.497,4.372,2.060,3.718,5.515,2.743,38.955,21.488
Control-GRP-GC121336,0.000,11.078,0.000,0.000,0.026,0.000,0.542,15.870,13.040,5.068,14.505,1.560,1.723,36.588
Control-GRP-GC121337,0.007,12.580,0.127,0.002,0.710,0.005,1.451,2.970,15.356,10.816,16.127,1.908,4.128,33.813
Control-GRP-GC121338,0.001,13.961,0.001,0.001,0.145,0.000,1.342,12.607,6.775,3.950,10.956,1.963,21.166,27.132
Control-GRP-GC121339,0.061,12.025,0.709,0.252,1.680,0.098,1.431,6.808,5.520,2.815,9.906,1.935,29.877,26.883
Control-GRP-GC121340,0.009,12.354,0.032,0.028,0.373,0.000,1.104,6.374,9.967,4.075,9.832,1.204,29.891,24.757
Control-GRP-GC121341,0.539,7.801,0.896,1.190,4.145,0.887,2.216,6.047,4.354,7.442,17.916,2.843,20.276,23.449
Control-GRP-GC121342,0.582,21.282,0.043,0.019,1.743,0.869,0.500,8.392,0.074,7.604,9.792,1.477,27.908,19.715
Control-GRP-GC121343,0.409,21.155,0.200,0.045,1.731,0.056,1.159,12.311,2.358,7.224,10.372,3.570,10.482,28.926
Control-GRP-GC121346,0.000,8.433,0.100,0.000,0.482,0.001,1.435,7.608,3.640,1.307,16.581,2.490,36.027,21.896
Control-GRP-GC121347,0.709,25.207,0.140,0.036,1.292,0.457,1.139,0.074,12.136,6.372,10.225,0.374,20.567,21.272
Control-GRP-GC121348,0.193,11.901,0.430,0.100,1.721,0.111,1.267,3.162,5.333,2.082,6.910,1.486,45.830,19.474
Control-GRP-GC121349,0.000,11.686,0.000,0.000,0.010,0.000,0.484,15.019,6.145,0.028,9.631,0.547,37.493,18.955
