Sample,BRCA,CEAD,CESC,COAD,OV,READ,bcell,cd4tcell,cd8tcell,erythroblast,monocyte,naturalkillercell,neutrophil,Unknown-1,Unknown-2,Unknown-3,Unknown-4,Unknown-5,Unknown-6,Unknown-7,Unknown-8,Unknown-9,Unknown-10
Breast-GC1002975,0.000,0.000,0.000,0.000,0.000,0.000,0.216,0.000,0.000,7.123,11.379,1.429,36.535,25.415,2.403,0.000,6.608,2.312,3.467,3.110,0.000,0.000,0.000
Breast-GC1002976,1.682,0.000,0.000,0.145,0.000,1.834,1.624,0.000,0.000,5.744,2.464,0.377,33.726,24.002,8.366,0.172,5.454,0.000,3.208,6.387,0.000,0.000,4.817
Breast-GC1002977,0.000,0.000,0.000,0.000,0.000,0.000,10.330,0.000,0.000,1.100,9.920,15.333,51.976,11.339,0.000,0.000,0.000,0.000,0.000,0.000,0.000,0.000,0.000
Breast-GC1002978,0.810,0.000,0.000,0.000,0.705,0.000,0.000,0.000,0.000,5.800,17.760,1.396,27.407,25.524,5.699,0.000,3.891,5.878,4.048,0.000,0.000,1.082,0.000
Breast-GC1002979,8.234,0.000,0.000,0.000,0.000,0.000,0.665,0.000,0.000,4.134,9.992,1.286,45.833,13.869,1.790,0.000,5.580,4.695,1.082,0.000,0.000,2.839,0.000
Breast-GC1002980,0.000,0.000,0.000,0.000,0.193,0.000,0.556,0.000,0.000,10.604,9.748,1.641,32.637,33.309,2.840,0.000,5.337,0.000,1.503,0.000,0.000,1.417,0.212
Breast-GC1002981,0.000,0.000,0.000,0.000,0.000,0.000,0.169,0.000,0.000,7.919,13.232,0.894,38.052,18.349,1.839,6.283,6.760,2.723,3.780,0.000,0.000,0.000,0.000
Breast-GC1003967,0.000,0.000,0.000,0.000,0.000,0.000,0.090,0.000,0.000,9.645,12.557,1.131,28.206,26.043,1.338,0.171,2.633,5.619,0.077,0.000,0.000,12.488,0.000
Breast-GC1003968,0.409,0.000,0.000,0.000,0.079,0.000,0.000,0.000,0.000,10.580,5.103,0.959,31.128,26.084,2.709,0.749,4.460,0.485,8.619,0.000,0.000,0.000,8.635
Breast-GC1003970,0.094,0.000,0.000,0.000,0.000,0.000,0.717,0.000,0.000,3.117,32.128,1.016,29.000,14.199,0.000,0.000,5.375,2.224,4.839,7.291,0.000,0.000,0.000
Breast-GC1003971,0.000,0.000,0.000,0.000,0.000,0.000,0.059,0.000,0.000,10.814,16.248,4.863,17.526,27.060,0.000,0.000,9.938,8.477,4.559,0.454,0.000,0.000,0.000
Breast-GC1003972,0.178,0.000,0.000,0.000,0.000,0.000,0.000,0.000,0.000,8.968,15.318,1.292,21.522,26.465,3.096,0.000,8.405,6.244,8.513,0.000,0.000,0.000,0.000
Breast-GC1003974,0.000,0.000,0.000,0.554,0.000,0.000,0.336,0.000,0.000,4.237,12.713,1.272,50.344,19.164,3.870,2.347,1.529,0.832,0.000,2.800,0.000,0.000,0.000
Breast-GC1002311,0.000,0.000,0.000,0.000,0.000,0.000,0.021,0.000,0.000,11.155,14.191,1.046,29.770,21.497,1.921,0.000,13.373,5.366,1.660,0.000,0.000,0.000,0.000
Breast-GC1004006,0.000,0.000,0.000,0.000,0.000,0.000,0.803,0.000,0.000,9.125,11.655,1.612,32.254,23.918,0.218,0.000,11.815,3.286,5.313,0.000,0.000,0.000,0.000
Breast-GC1004007,0.000,0.000,0.000,0.000,0.000,0.000,0.000,0.000,0.000,12.656,8.740,1.352,21.656,30.124,5.120,6.321,1.967,7.232,0.000,4.830,0.000,0.000,0.000
Breast-GC1004008,0.000,0.000,0.000,0.000,0.000,0.000,0.658,0.000,0.000,7.692,7.417,0.629,47.647,17.316,0.411,0.000,5.166,8.760,0.000,2.716,0.000,1.587,0.000
Breast-GC1004009,0.345,0.000,0.000,0.000,0.421,0.457,0.000,0.000,0.000,1.991,5.864,0.000,48.161,20.935,6.272,7.273,6.329,0.000,0.000,0.000,0.000,0.000,1.953
Breast-GC110693,0.000,0.000,0.000,0.000,0.000,0.000,0.574,0.000,0.000,3.282,11.612,0.603,48.274,15.006,0.000,4.356,10.749,3.103,2.441,0.000,0.000,0.000,0.000
Breast-GC110694,0.000,0.000,0.000,0.000,0.000,0.000,0.197,0.000,0.000,7.320,11.108,1.728,34.401,18.335,1.242,0.000,10.673,0.000,3.146,10.469,0.000,1.380,0.000
Breast-GC110695,0.000,0.000,0.000,0.000,0.000,0.000,0.960,0.000,0.000,10.416,11.261,2.791,23.940,23.339,0.876,0.000,4.507,19.044,2.864,0.000,0.000,0.000,0.000
Breast-GC110696,0.000,0.000,0.000,0.000,0.000,0.000,3.054,0.000,0.000,10.985,11.843,2.555,29.523,21.041,0.000,4.899,4.279,3.331,3.338,3.171,0.504,1.477,0.000
Breast-GC116960,0.000,0.000,0.000,0.000,0.000,0.000,2.871,0.000,0.000,6.740,18.857,2.903,28.934,18.710,3.488,0.000,6.283,6.537,4.676,0.000,0.000,0.000,0.000
Breast-GC116963,0.000,0.000,0.000,0.000,0.000,0.000,0.054,0.000,0.000,3.073,3.489,0.332,65.180,15.520,1.260,0.000,2.864,5.549,0.767,1.912,0.000,0.000,0.000
Breast-GC116964,0.000,0.000,0.000,0.000,0.000,0.000,1.733,0.000,0.000,11.680,22.675,3.947,22.156,23.090,2.065,0.000,1.947,4.149,4.605,0.000,0.000,1.951,0.000
Breast-GC116965,0.000,0.000,0.000,0.000,0.000,0.000,0.000,0.000,0.000,14.356,8.407,2.037,16.749,36.485,5.242,0.000,4.825,5.595,0.683,0.000,0.000,0.000,5.620
Breast-GC116966,0.000,0.000,0.000,0.000,0.000,0.000,0.408,0.000,0.000,12.736,11.499,2.518,21.111,36.266,3.875,0.000,4.749,6.837,0.000,0.000,0.000,0.000,0.000
Breast-GC116967,0.000,0.000,0.000,0.000,0.000,0.000,0.538,0.000,0.000,7.925,17.542,3.216,26.239,26.132,7.521,0.053,3.589,4.452,1.811,0.982,0.000,0.000,0.000
Breast-GC116968,0.000,0.000,0.000,0.000,0.000,0.000,0.000,0.000,0.000,6.407,4.594,0.476,48.809,22.640,0.000,0.000,4.918,5.651,2.700,3.803,0.000,0.000,0.000
Breast-GC116969,0.000,0.000,0.000,0.000,0.000,0.000,0.609,0.000,0.000,5.856,7.029,1.075,56.048,18.369,1.233,0.000,4.222,0.870,1.334,3.356,0.000,0.000,0.000
Breast-GC116970,0.000,0.000,0.000,0.000,0.000,0.000,0.408,0.000,0.000,6.682,9.156,0.816,39.977,18.533,2.525,0.000,5.862,6.661,3.848,5.532,0.000,0.000,0.000
Breast-GC116971,0.000,0.000,0.000,0.000,0.000,0.000,2.344,0.000,0.000,10.638,8.340,2.332,26.843,29.838,6.087,0.000,3.816,1.138,1.714,6.908,0.000,0.000,0.000
Breast-GC110676,0.000,0.000,0.000,0.000,0.000,0.000,1.396,0.000,0.000,8.206,9.258,1.769,34.074,26.854,0.000,0.000,10.248,2.551,0.000,0.000,0.000,0.000,5.645
Breast-GC110678,0.000,0.000,0.000,1.351,0.000,0.000,0.590,0.000,0.000,8.341,21.165,2.525,25.857,17.184,4.545,0.000,5.270,6.210,4.133,0.000,0.000,2.826,0.000
Breast-GC110679,21.991,0.000,0.000,0.322,0.000,0.000,0.267,0.000,0.000,6.156,8.554,0.697,25.473,18.183,3.683,0.000,2.191,0.215,3.213,1.056,0.000,0.000,7.998
Breast-GC110680,0.000,0.000,0.000,0.000,0.000,0.000,0.011,0.000,0.000,9.204,9.971,0.000,38.968,15.764,0.000,0.000,11.742,12.801,1.538,0.000,0.000,0.000,0.000
Breast-GC110681,11.676,0.000,0.328,0.000,3.978,9.633,0.000,0.000,0.000,7.072,0.000,0.000,24.535,19.782,5.326,0.000,11.133,6.029,0.508,0.000,0.000,0.000,0.000
Breast-GC110682,0.000,0.000,0.000,0.000,0.000,0.000,2.147,0.000,0.000,5.514,12.425,1.964,33.310,15.746,1.926,0.000,8.259,18.004,0.704,0.000,0.000,0.000,0.000
Breast-GC110683,0.000,0.000,0.000,0.000,0.000,0.000,1.395,0.000,0.000,9.947,11.396,2.809,29.521,28.791,0.000,0.914,7.171,5.473,0.614,1.968,0.000,0.000,0.000
Breast-GC110684,0.000,0.000,0.000,0.000,0.411,0.000,2.159,0.000,0.000,6.326,15.035,1.620,40.244,17.151,0.000,0.000,3.869,5.615,1.958,3.116,0.000,2.495,0.000
Breast-GC110685,0.000,0.000,0.000,0.000,0.000,0.000,2.473,0.000,0.000,7.052,14.837,6.228,17.797,23.628,6.973,10.307,4.921,2.504,2.668,0.609,0.000,0.000,0.000
Ovarian-GC110686,0.000,0.000,0.000,0.000,0.135,0.000,0.601,0.000,0.000,23.194,5.183,2.191,21.109,29.464,3.754,0.000,0.000,4.287,10.082,0.000,0.000,0.000,0.000
Ovarian-GC114179,0.000,0.000,0.000,0.000,0.541,0.000,0.052,0.000,0.000,13.335,10.851,1.466,23.630,18.692,1.440,0.000,8.916,13.579,7.103,0.393,0.000,0.000,0.000
Ovarian-GC114180,0.000,0.000,0.000,0.000,0.000,0.000,1.436,0.000,0.000,13.966,12.877,3.906,21.958,27.442,7.288,0.000,2.729,1.308,6.191,0.896,0.000,0.000,0.000
Ovarian-GC114181,5.399,0.634,0.217,0.208,0.896,0.583,0.000,0.000,0.000,14.993,5.104,0.617,21.439,22.165,17.635,0.000,2.897,7.211,0.000,0.000,0.000,0.000,0.000
Ovarian-GC114182,7.784,0.000,1.468,0.000,23.599,8.440,0.000,0.000,0.000,7.668,4.644,0.000,23.001,12.347,3.083,0.000,0.000,6.345,0.000,1.620,0.000,0.000,0.000
Ovarian-GC116977,0.000,0.000,0.000,0.000,0.017,0.000,0.233,0.000,0.000,10.689,14.087,2.474,26.054,27.390,5.909,0.000,0.311,8.187,4.648,0.000,0.000,0.000,0.000
Ovarian-GC116979,1.463,0.000,0.000,0.000,8.818,0.000,0.736,0.000,0.000,6.634,8.893,0.726,31.483,16.452,7.357,0.000,8.776,7.708,0.000,0.955,0.000,0.000,0.000
Ovarian-GC116982,0.852,0.000,0.000,0.000,9.149,1.384,0.000,0.000,0.000,9.297,5.969,7.045,21.477,18.035,3.295,0.000,9.624,2.677,1.409,6.280,0.278,2.951,0.280
Ovarian-GC116990,0.052,0.000,0.000,0.194,0.000,0.000,0.527,0.000,0.000,0.962,12.666,1.651,37.417,17.092,4.519,3.195,10.078,0.000,11.452,0.000,0.189,0.000,0.005
Ovarian-GC119363,1.340,0.000,0.000,0.000,5.587,0.703,0.523,0.000,0.000,15.898,3.405,1.870,21.315,23.560,11.573,0.740,4.430,3.117,1.677,4.261,0.000,0.000,0.000
Ovarian-GC119364,0.000,0.000,0.000,0.000,0.000,0.000,1.466,0.000,0.000,3.408,16.626,2.288,33.348,18.911,7.342,7.764,4.058,0.000,0.000,2.186,0.000,2.602,0.000
Ovarian-GC119365,0.395,0.000,0.000,0.000,72.449,2.998,0.000,0.000,0.000,3.773,0.000,0.000,1.943,16.255,0.000,0.000,0.000,2.184,0.000,0.000,0.000,0.000,0.000
Ovarian-GC119366,3.139,0.000,0.000,0.309,0.175,0.811,0.110,0.000,0.000,19.078,5.312,0.693,8.515,26.827,16.945,6.776,6.258,1.159,2.573,0.000,0.000,1.319,0.000
Colorectal-GC121326,0.000,0.000,0.000,0.000,0.000,0.000,0.000,0.000,0.000,17.749,2.186,0.000,37.370,18.523,2.589,0.000,10.519,10.190,0.872,0.000,0.000,0.000,0.000
Colorectal-GC121327,1.027,7.451,0.170,7.997,0.513,0.000,0.732,0.000,0.000,13.781,10.083,2.622,15.351,28.557,1.787,0.000,0.000,9.927,0.000,0.000,0.000,0.000,0.000
Colorectal-GC121328,0.000,0.000,0.000,0.000,0.000,0.000,0.111,0.000,0.000,45.210,8.564,1.369,7.898,19.875,0.348,0.000,3.120,10.259,3.243,0.000,0.000,0.000,0.000
Colorectal-GC121329,0.000,0.000,0.000,0.046,0.175,21.980,0.000,0.000,0.000,10.662,3.186,0.000,1.465,15.693,5.243,0.000,1.887,0.000,0.673,0.529,0.000,38.460,0.000
Colorectal-GC121330,9.677,0.000,0.000,0.156,0.278,5.096,0.000,0.000,0.000,5.511,0.743,0.000,17.944,20.271,3.249,0.000,15.409,0.000,1.943,0.000,0.000,11.377,8.344
Colorectal-GC1003994,0.000,0.000,0.000,0.000,0.269,0.000,0.148,0.000,0.000,15.007,7.501,1.151,27.309,22.848,1.903,0.000,1.693,9.650,8.136,0.000,3.549,0.000,0.834
Colorectal-GC1003995,0.000,0.612,0.064,44.503,0.151,5.794,1.288,0.000,0.000,2.396,3.175,0.000,15.942,13.592,0.000,3.015,9.467,0.000,0.000,0.000,0.000,0.000,0.000
Colorectal-GC1003996,0.000,0.000,0.000,0.707,0.000,0.000,0.973,0.000,0.000,6.761,8.387,1.337,41.272,19.685,1.415,0.460,8.817,3.378,3.857,0.000,0.000,2.365,0.585
Colorectal-GC1003997,0.000,0.000,0.000,0.000,0.000,0.000,0.194,0.000,0.000,14.921,7.424,1.889,30.656,26.843,2.706,0.000,1.851,4.959,6.674,0.000,0.000,1.883,0.000
Colorectal-GC1003998,0.000,0.000,0.000,0.318,0.000,0.867,0.835,0.000,0.000,10.227,8.834,2.633,23.871,24.154,3.968,0.000,3.388,3.932,0.888,16.084,0.000,0.000,0.000
Colorectal-GC1003999,4.745,0.000,0.000,0.000,0.000,2.140,0.000,0.000,0.000,8.914,0.925,0.000,14.471,26.273,18.199,17.286,3.098,0.042,0.386,2.223,0.000,0.000,1.297
Colorectal-GC1004000,0.334,0.655,0.000,1.334,1.087,49.410,0.000,0.000,0.000,0.637,2.935,0.000,14.723,19.098,2.226,0.000,6.449,0.005,0.000,0.000,0.000,0.000,1.106
Colorectal-GC1004001,0.000,0.000,0.000,0.000,0.000,0.000,0.549,0.000,0.000,9.176,9.192,1.741,39.783,24.498,0.861,0.000,0.692,8.922,1.214,0.000,0.000,3.371,0.000
Colorectal-GC1004002,0.000,0.000,0.000,0.030,0.000,0.000,0.828,0.000,0.000,19.958,3.005,1.597,30.601,31.376,3.203,0.000,2.044,0.000,6.431,0.296,0.000,0.358,0.272
Colorectal-GC1004003,0.261,0.000,0.000,0.000,0.480,2.342,0.000,0.000,0.000,14.213,12.480,0.507,18.050,27.255,12.528,0.000,8.695,1.412,0.000,1.775,0.000,0.000,0.000
Colorectal-GC137538,0.000,0.375,0.000,0.000,0.000,0.000,2.684,1.013,0.175,3.598,15.219,3.261,17.858,27.766,3.012,0.000,11.010,0.000,14.028,0.000,0.000,0.000,0.000
Colorectal-GC137539,0.164,0.000,0.000,0.000,0.000,1.681,0.416,0.000,0.000,4.121,14.841,0.762,29.889,14.936,0.709,0.000,10.548,6.802,6.011,4.039,0.000,4.523,0.559
Colorectal-GC137540,0.000,0.000,0.000,0.000,0.000,0.000,0.065,0.000,0.000,18.759,6.784,1.371,25.812,22.378,0.000,0.000,8.159,0.000,15.582,1.089,0.000,0.000,0.000
Colorectal-GC137541,0.000,0.000,0.000,0.000,0.000,0.000,0.000,0.000,0.000,11.238,11.660,1.268,30.776,22.288,3.426,0.000,8.487,3.580,6.254,1.023,0.000,0.000,0.000
Colorectal-GC137542,0.000,0.000,0.000,0.000,0.000,0.000,0.153,0.000,0.000,13.667,5.402,2.184,30.009,26.280,0.000,0.000,8.772,7.392,1.633,0.000,4.507,0.000,0.000
Colorectal-GC137543,0.000,0.000,0.000,0.078,0.000,6.087,1.279,0.000,0.000,12.780,6.664,1.188,22.983,31.264,5.853,1.462,2.068,8.293,0.000,0.000,0.000,0.000,0.000
Colorectal-GC137544,0.000,0.000,0.000,0.000,0.000,0.000,1.589,0.000,0.000,14.225,7.836,2.036,31.124,18.587,1.699,0.000,4.339,7.379,11.184,0.000,0.000,0.000,0.000
Colorectal-GC137545,0.000,0.000,0.000,0.000,0.000,0.000,0.090,0.000,0.000,16.597,7.264,0.737,16.704,24.028,0.000,0.000,4.395,0.502,0.000,29.683,0.000,0.000,0.000
Colorectal-GC137546,0.000,0.000,0.000,0.000,0.000,0.000,0.513,0.000,0.000,9.282,7.046,2.602,35.553,16.113,1.762,0.000,2.392,13.335,0.000,11.400,0.000,0.000,0.000
Colorectal-GC137547,0.000,0.000,0.000,0.000,0.118,0.000,0.242,0.000,0.000,7.843,16.233,1.567,22.908,23.056,2.827,0.779,2.003,1.021,1.485,0.000,0.000,0.000,19.918
Colorectal-GC137548,0.000,0.000,0.000,0.000,0.000,0.000,0.330,0.000,0.000,2.747,3.152,4.505,56.468,19.481,0.000,3.595,2.173,1.064,2.308,0.000,0.000,4.176,0.000
Colorectal-GC137549,0.000,0.000,0.000,0.000,0.000,19.111,2.575,0.000,0.000,7.885,5.661,2.314,26.522,15.539,2.568,0.000,7.540,7.835,0.000,2.446,0.000,0.000,0.000
Colorectal-GC137550,0.079,0.000,0.000,0.000,0.000,0.000,5.647,0.000,0.000,4.185,5.677,6.461,32.302,20.469,0.000,0.000,0.000,9.185,0.386,15.608,0.000,0.000,0.000
Colorectal-GC137551,0.000,0.000,0.000,0.000,0.000,0.000,1.948,0.000,0.000,3.502,18.335,1.493,45.687,21.715,0.000,0.000,0.000,4.413,0.000,1.315,0.000,1.590,0.000
Colorectal-GC137552,0.000,0.000,0.000,0.000,0.206,0.000,0.673,0.000,0.000,13.548,9.950,2.112,30.738,29.231,0.839,0.366,3.237,2.171,2.552,0.000,0.000,4.376,0.000
Colorectal-GC137553,0.000,0.000,0.000,0.843,0.000,0.000,24.419,0.000,0.000,10.039,11.089,3.191,12.326,22.385,8.831,0.000,2.927,3.227,0.000,0.722,0.000,0.000,0.000
Colorectal-GC137554,0.144,0.000,0.000,0.186,0.000,2.669,0.441,0.000,0.000,9.701,9.945,0.593,19.685,25.076,6.158,0.000,5.894,2.165,1.460,0.099,0.000,0.000,15.781
Colorectal-GC137555,0.000,0.000,0.000,0.000,0.000,0.000,0.979,0.000,0.000,13.060,12.733,3.011,31.381,26.391,1.567,0.000,3.012,5.611,0.000,2.254,0.000,0.000,0.000
Colorectal-GC137556,0.000,0.000,0.000,0.000,0.000,0.000,0.404,0.000,0.000,10.084,8.408,2.875,34.385,26.789,3.228,0.000,5.880,1.433,0.970,5.543,0.000,0.000,0.000
Colorectal-GC137557,0.000,0.000,0.000,0.000,0.000,0.000,0.000,0.000,0.000,2.431,7.283,0.613,54.243,22.014,1.611,0.000,4.039,0.000,2.220,5.546,0.000,0.000,0.000
Cervical-GC1002983,0.000,0.175,0.000,0.000,0.294,0.774,0.006,0.000,0.000,3.481,11.502,0.000,42.605,19.055,6.058,1.197,5.489,1.702,3.410,2.296,1.955,0.000,0.000
Cervical-GC1002984,0.000,0.000,0.000,0.000,0.606,0.000,0.120,0.000,0.000,8.911,25.203,0.905,22.545,22.605,3.680,0.000,6.289,5.200,2.738,0.870,0.000,0.000,0.326
Cervical-GC114187,0.000,0.000,0.000,0.000,1.277,0.000,2.159,0.000,0.000,9.867,14.099,3.899,21.896,25.724,4.003,0.000,7.295,7.622,0.000,0.000,2.158,0.000,0.000
Cervical-GC114188,0.000,0.000,0.000,0.000,2.242,0.000,0.399,0.000,0.000,8.048,14.044,1.353,26.352,22.254,4.213,0.894,13.752,5.860,0.000,0.588,0.000,0.000,0.000
Control-GC1003986,0.000,0.000,0.000,0.000,0.000,0.000,1.401,0.000,0.000,0.374,5.759,0.526,54.385,17.016,0.000,2.177,3.924,9.281,0.000,0.000,0.000,5.154,0.000
Control-GC1003988,0.000,0.000,0.000,0.000,0.000,0.000,0.667,0.000,0.000,13.374,9.477,1.616,36.044,22.593,0.000,0.000,3.684,11.478,0.000,1.066,0.000,0.000,0.000
Control-GC110675,0.000,0.000,0.000,0.000,0.038,0.000,0.650,0.000,0.000,3.644,6.148,0.557,65.253,12.329,0.000,0.000,5.225,3.925,2.162,0.069,0.000,0.000,0.000
Control-GC112864,0.000,0.000,0.000,0.000,0.000,0.000,1.249,0.000,0.000,7.320,10.847,1.417,40.584,19.255,0.073,0.000,9.200,3.655,0.442,0.000,0.000,0.000,5.959
Control-GC112894,2.079,0.000,0.000,0.203,0.511,0.435,0.000,0.000,0.000,6.754,10.065,0.185,23.552,30.557,7.053,10.852,5.291,0.554,0.000,0.000,0.000,1.907,0.000
Control-GC112895,0.000,0.000,0.000,0.000,0.000,0.000,5.429,0.000,0.000,9.797,9.195,0.262,27.975,20.630,8.273,7.843,4.556,0.000,6.039,0.000,0.000,0.000,0.000
Control-GC112897,0.000,0.000,0.000,0.000,0.000,0.000,1.512,0.000,0.000,7.973,8.914,1.860,39.311,24.123,2.504,4.633,0.000,0.738,6.660,0.123,0.000,0.000,1.647
Control-GC119350,0.000,0.000,0.000,0.000,0.000,0.000,1.213,0.000,0.000,10.818,13.571,2.343,30.573,26.601,0.000,0.000,3.590,2.179,9.110,0.000,0.000,0.000,0.000
Control-GC119351,0.000,0.000,0.000,0.000,0.000,0.000,1.390,0.000,0.000,8.930,6.766,1.723,47.761,22.201,0.000,0.000,7.312,2.945,0.970,0.000,0.000,0.000,0.000
Control-GC119352,0.000,0.000,0.000,0.000,0.000,0.000,0.106,0.000,0.000,13.021,8.544,1.285,28.897,23.483,0.000,0.914,9.433,3.091,4.188,6.313,0.000,0.724,0.000
Control-GC119353,0.010,0.000,0.000,0.000,0.000,0.331,0.049,0.000,0.000,10.041,13.281,2.101,19.288,28.058,10.921,0.665,9.958,0.759,3.013,0.000,1.238,0.287,0.000
Control-GC119354,0.000,0.000,0.000,0.000,0.000,0.000,1.450,0.000,0.000,12.342,15.295,2.134,20.988,24.975,0.000,0.000,15.421,1.180,0.000,0.000,0.000,6.215,0.000
Control-GC119356,0.000,0.000,0.000,0.000,0.000,0.000,0.666,0.000,0.000,5.331,9.835,1.475,47.249,22.638,0.557,0.000,2.775,4.379,3.570,1.524,0.000,0.000,0.000
Control-GRP-GC114128,0.089,0.000,0.000,0.000,0.093,0.000,0.667,0.000,0.000,16.289,10.906,1.631,23.659,33.947,0.000,0.000,3.123,2.190,5.047,0.000,0.000,2.358,0.000
Control-GRP-GC114130,0.000,0.000,0.000,0.000,0.000,0.000,0.285,0.000,0.000,15.840,9.409,2.150,25.667,25.726,9.121,0.592,4.598,3.253,0.604,0.000,0.000,1.125,1.631
Control-GRP-GC114131,0.000,0.000,0.000,0.000,0.000,0.000,0.518,0.000,0.000,12.105,7.521,2.230,34.694,31.842,1.616,0.000,4.028,0.000,0.000,0.000,0.000,0.000,5.443
Control-GRP-GC114132,0.497,0.000,0.000,0.006,0.000,0.000,0.389,0.000,0.000,8.366,13.200,3.555,24.859,16.372,14.247,9.864,3.115,5.351,0.000,0.177,0.000,0.000,0.000
Control-GRP-GC114133,0.000,0.000,0.000,0.000,0.000,0.000,2.834,0.000,0.000,10.746,18.308,1.568,22.842,26.877,2.074,0.000,0.000,5.570,3.091,0.000,0.000,0.000,6.090
Control-GRP-GC114134,0.000,0.000,0.000,0.000,0.000,0.000,0.530,0.000,0.000,16.841,10.966,2.905,25.867,25.578,3.886,0.000,6.568,1.508,2.042,0.591,0.771,1.946,0.000
Control-GRP-GC114136,0.000,0.000,0.000,0.000,0.000,0.000,0.203,0.000,0.000,7.009,6.279,1.874,43.096,23.326,0.835,0.000,4.289,9.408,0.907,2.772,0.000,0.000,0.000
Control-GRP-GC114137,0.000,0.000,0.000,0.000,0.000,0.000,0.739,0.000,0.000,9.320,7.396,1.651,35.567,14.107,3.597,0.000,3.192,0.000,0.218,0.000,23.077,0.433,0.704
Control-GRP-GC114139,0.000,0.000,0.000,0.000,0.000,0.000,0.881,0.000,0.000,12.351,10.137,2.317,33.001,32.579,4.580,0.000,2.065,2.090,0.000,0.000,0.000,0.000,0.000
Control-GRP-GC114140,0.000,0.000,0.000,0.000,0.000,0.000,0.360,0.000,0.000,1.071,9.859,0.294,53.452,18.832,0.000,0.000,0.000,12.460,3.486,0.184,0.000,0.000,0.000
Control-GRP-GC114141,0.206,0.000,0.000,0.013,0.000,1.238,0.000,0.000,0.000,5.154,6.457,0.541,35.725,17.388,0.000,0.000,9.030,20.374,3.381,0.000,0.000,0.000,0.491
Control-GRP-GC114142,0.000,0.000,0.000,0.000,0.000,0.000,0.473,0.000,0.000,7.047,10.263,0.942,41.696,22.877,2.768,0.000,6.046,7.887,0.000,0.000,0.000,0.000,0.000
Control-GRP-GC114183,0.000,0.000,0.000,0.000,0.000,0.000,0.528,0.000,0.000,6.770,8.541,2.825,42.905,16.206,2.011,0.000,9.361,7.355,0.257,3.239,0.000,0.000,0.000
Control-GRP-GC114185,0.000,0.000,0.000,0.000,0.000,0.000,0.208,0.000,0.000,2.972,13.073,1.368,46.557,19.714,0.000,0.000,0.718,11.715,3.564,0.111,0.000,0.000,0.000
Control-GRP-GC114186,0.000,0.000,0.000,0.000,0.000,0.000,0.517,0.000,0.000,10.463,7.299,1.520,40.004,23.559,0.000,0.000,5.257,9.818,1.504,0.058,0.000,0.000,0.000
Control-GRP-GC118464,0.111,0.000,0.000,0.000,0.000,0.000,0.000,0.000,0.000,6.548,8.062,1.346,32.622,23.096,9.329,8.380,8.095,2.411,0.000,0.000,0.000,0.000,0.000
Control-GRP-GC118466,0.000,0.000,0.000,0.000,0.000,0.000,0.577,0.000,0.000,10.405,12.972,2.148,27.038,22.663,2.353,0.000,8.159,6.663,5.429,1.593,0.000,0.000,0.000
Control-GRP-GC118474,0.000,0.000,0.000,0.000,0.000,0.000,0.593,0.000,0.000,11.180,12.561,2.470,31.696,21.301,4.106,0.000,2.554,10.557,1.350,1.575,0.057,0.000,0.000
Control-GRP-GC118476,0.000,0.000,0.000,0.000,0.000,0.000,0.000,0.000,0.000,15.558,11.153,2.103,21.440,26.641,8.178,0.000,4.544,4.851,1.743,3.788,0.000,0.000,0.000
Control-GRP-GC118478,0.000,0.000,0.000,0.000,0.000,0.000,2.906,0.000,0.000,9.342,17.537,2.533,27.341,23.163,0.000,2.556,3.539,3.517,6.760,0.000,0.000,0.000,0.805
Control-GRP-GC118484,0.000,0.000,0.000,0.000,0.000,0.000,0.702,0.000,0.000,6.451,7.083,1.974,47.163,13.109,0.000,9.613,5.566,3.755,0.050,0.000,4.532,0.000,0.000
Control-GRP-GC118485,0.000,0.000,0.000,0.000,0.000,0.000,1.243,0.000,0.000,10.551,11.609,2.454,36.644,20.372,3.729,0.000,6.240,0.953,0.832,5.373,0.000,0.000,0.000
Control-GRP-GC118486,0.000,0.000,0.000,0.000,0.000,0.000,0.265,0.000,0.000,3.278,5.805,0.577,60.645,13.415,0.000,0.000,5.002,9.644,1.369,0.000,0.000,0.000,0.000
Control-GRP-GC118489,0.000,0.000,0.000,0.000,0.000,0.000,1.595,0.000,0.000,1.308,13.406,2.252,45.245,16.838,0.962,0.000,8.422,8.230,1.741,0.000,0.000,0.000,0.000
Control-GRP-GC118490,0.000,0.000,0.000,0.000,0.000,0.000,1.098,0.000,0.000,4.173,13.573,1.642,35.011,23.503,8.143,0.000,2.609,0.711,0.308,6.235,0.000,2.993,0.000
Control-GRP-GC118491,0.000,0.000,0.000,0.000,0.000,0.000,0.472,0.000,0.000,15.197,10.752,1.911,23.051,27.224,3.163,0.000,5.676,5.245,0.000,7.308,0.000,0.000,0.000
Control-GRP-GC118494,0.000,0.000,0.000,0.000,0.000,0.000,0.982,0.000,0.000,4.866,18.675,1.081,33.004,24.196,4.656,0.000,1.993,0.785,0.000,0.000,0.000,1.618,8.143
Control-GRP-GC118496,0.000,0.000,0.000,0.000,0.000,0.000,0.000,0.000,0.000,3.848,2.022,0.217,67.264,14.373,0.000,0.000,4.215,8.059,0.000,0.000,0.000,0.000,0.000
Control-GRP-GC118497,0.000,0.000,0.000,0.000,0.000,0.000,0.831,0.000,0.000,9.065,8.184,2.271,40.218,24.304,0.588,0.000,1.821,3.648,1.345,7.723,0.000,0.000,0.000
Control-GRP-GC118499,0.000,0.000,0.000,0.000,0.000,0.000,0.204,0.000,0.000,6.179,6.723,1.111,47.202,16.058,3.475,0.000,6.263,7.433,3.468,0.220,0.239,1.424,0.000
Control-GRP-GC119340,0.000,0.000,0.000,0.000,0.000,0.000,1.189,0.000,0.000,14.386,14.127,3.056,25.857,20.196,1.371,0.000,9.031,4.997,3.408,2.382,0.000,0.000,0.000
Control-GRP-GC119343,0.000,0.000,0.000,0.000,0.000,0.000,0.227,0.000,0.000,25.691,7.742,2.901,17.094,30.213,3.628,0.000,5.029,6.599,0.053,0.821,0.000,0.000,0.000
Control-GRP-GC119367,0.000,0.000,0.000,0.000,0.000,0.000,0.000,0.000,0.000,8.577,16.113,2.666,23.341,26.208,0.000,9.667,5.665,4.437,1.910,1.414,0.000,0.000,0.000
Control-GRP-GC119369,0.000,0.000,0.000,0.000,0.000,0.000,0.600,0.000,0.000,6.450,11.081,1.799,45.625,19.574,2.208,0.000,0.542,9.074,2.213,0.000,0.000,0.834,0.000
Control-GRP-GC119370,0.000,0.000,0.000,0.000,0.000,0.000,1.896,0.000,0.000,6.094,16.532,2.380,32.630,18.948,0.000,0.000,7.391,6.996,0.440,6.166,0.000,0.526,0.000
Control-GRP-GC119374,0.000,0.000,0.000,0.000,0.000,0.000,0.577,0.000,0.000,5.429,20.192,3.519,33.151,19.256,0.950,0.000,6.809,7.217,2.899,0.000,0.000,0.000,0.000
Control-GRP-GC119375,0.000,0.000,0.000,0.000,0.058,0.247,0.000,0.000,0.000,9.024,11.406,0.914,25.953,26.425,5.990,7.153,3.793,1.090,0.495,5.599,0.000,1.853,0.000
Control-GRP-GC119377,0.000,0.000,0.000,0.000,0.000,0.000,1.142,0.000,0.000,9.609,10.636,1.259,27.489,26.308,10.716,0.000,8.132,0.556,1.018,0.000,3.134,0.000,0.000
Control-GRP-GC119383,0.000,0.000,0.000,0.000,0.000,0.000,0.502,0.000,0.000,12.122,12.922,1.283,24.609,25.773,2.656,0.000,3.022,12.326,4.785,0.000,0.000,0.000,0.000
Control-GRP-GC119384,0.000,0.000,0.000,0.000,0.000,0.000,0.824,0.000,0.000,9.878,13.292,1.781,31.416,24.910,5.324,1.467,1.909,3.374,4.907,0.000,0.000,0.916,0.000
Control-GRP-GC119386,0.226,0.000,0.000,1.500,0.000,0.000,0.746,0.000,0.000,6.241,13.884,1.968,34.398,21.004,8.139,1.656,3.014,6.961,0.000,0.000,0.000,0.262,0.000
Control-GRP-GC119388,0.000,0.000,0.000,0.000,0.000,0.000,0.689,0.000,0.000,8.247,18.713,3.255,29.443,26.273,0.000,0.000,1.930,11.449,0.000,0.000,0.000,0.000,0.000
Control-GRP-GC119389,0.000,0.000,0.000,0.000,0.000,0.000,0.566,0.000,0.000,13.621,6.886,3.884,31.291,25.797,5.921,0.000,5.265,5.260,1.409,0.099,0.000,0.000,0.000
Control-GRP-GC119390,0.000,0.000,0.000,0.000,0.000,0.000,0.463,0.000,0.000,8.294,12.328,1.881,26.903,31.332,6.362,0.000,3.611,8.573,0.000,0.253,0.000,0.000,0.000
Control-GRP-GC119391,0.000,0.000,0.000,0.000,0.000,0.000,0.584,0.000,0.000,15.071,6.748,6.552,23.588,24.830,2.185,0.000,0.000,2.894,0.888,14.757,1.902,0.000,0.000
Control-GRP-GC119394,0.000,0.000,0.000,0.000,0.000,0.000,0.574,0.000,0.000,12.896,9.799,2.516,29.454,28.453,4.112,0.711,1.317,5.514,1.881,0.654,0.000,0.955,1.163
Control-GRP-GC119395,0.000,0.000,0.000,0.000,0.000,0.000,0.004,0.000,0.000,11.187,10.945,1.832,24.217,25.746,6.188,0.000,18.010,1.871,0.000,0.000,0.000,0.000,0.000
Control-GRP-GC119397,0.000,0.000,0.000,0.000,0.000,0.000,0.347,0.000,0.000,6.296,10.964,1.334,36.121,20.157,0.768,0.000,4.892,5.310,12.742,0.022,0.000,1.046,0.000
Control-GRP-GC119398,0.000,0.000,0.000,0.000,0.000,0.000,0.402,0.000,0.000,5.751,8.475,1.580,50.423,18.919,2.745,0.000,3.299,3.836,2.076,2.493,0.000,0.000,0.000
Control-GRP-GC119399,0.000,0.000,0.000,0.000,0.000,0.000,0.577,0.000,0.000,10.239,10.764,1.917,32.781,26.836,6.448,0.000,4.831,4.164,1.442,0.000,0.000,0.000,0.000
Control-GRP-GC119400,0.503,0.000,0.000,0.000,0.000,0.000,0.000,0.000,0.000,6.482,5.562,0.588,41.517,22.774,9.561,1.499,3.267,1.198,2.578,3.444,0.000,1.025,0.000
Control-GRP-GC119401,0.000,0.000,0.000,0.000,0.000,0.000,0.236,0.000,0.000,15.377,8.197,2.276,29.155,22.707,4.374,0.000,5.738,7.911,4.029,0.000,0.000,0.000,0.000
Control-GRP-GC119402,0.000,0.000,0.000,0.000,0.000,0.000,1.722,0.000,0.000,9.561,7.820,1.953,34.603,24.634,2.578,0.372,5.748,10.529,0.480,0.000,0.000,0.000,0.000
Control-GRP-GC119403,0.000,0.000,0.000,0.000,0.000,0.000,0.705,0.000,0.000,5.835,8.036,1.840,44.223,24.365,3.442,0.000,3.255,4.172,2.258,1.870,0.000,0.000,0.000
Control-GRP-GC119405,0.000,0.000,0.000,0.000,0.000,0.000,0.515,0.000,0.000,5.591,12.990,2.239,38.549,27.518,6.239,0.000,0.442,2.368,2.832,0.716,0.000,0.000,0.000
Control-GRP-GC119410,0.000,0.000,0.000,0.000,0.000,0.000,0.382,0.000,0.000,13.140,7.146,2.821,33.180,21.835,3.519,0.000,4.692,3.519,6.673,1.553,0.000,1.537,0.000
Control-GRP-GC119411,0.000,0.000,0.000,0.000,0.000,0.000,0.420,0.000,0.000,7.279,11.581,1.877,35.758,24.433,5.147,0.863,6.701,0.941,0.601,0.000,3.581,0.632,0.186
Control-GRP-GC119415,0.000,0.000,0.000,0.000,0.000,0.000,0.140,0.000,0.000,11.126,12.812,3.251,33.512,26.528,1.013,0.000,3.312,4.320,3.314,0.672,0.000,0.000,0.000
Control-GRP-GC119416,0.583,0.000,0.000,0.000,0.000,0.000,0.104,0.000,0.000,8.404,6.078,2.214,30.490,26.060,11.101,4.767,5.497,0.000,0.000,1.367,0.000,3.335,0.000
Control-GRP-GC119417,0.000,0.000,0.000,0.000,0.000,0.000,0.618,0.000,0.000,5.789,10.660,2.279,39.497,26.500,1.346,0.000,8.747,3.441,0.913,0.210,0.000,0.000,0.000
Control-GRP-GC119419,0.000,0.000,0.000,0.000,0.000,0.000,1.693,0.000,0.000,2.487,8.994,3.012,49.136,21.224,3.339,3.614,3.611,1.894,0.287,0.706,0.000,0.000,0.000
Control-GRP-GC119420,0.000,0.000,0.000,0.000,0.000,0.000,0.183,0.000,0.000,4.784,4.875,0.573,54.889,19.251,3.382,0.000,1.470,4.530,1.412,2.097,2.553,0.000,0.000
Control-GRP-GC119421,0.000,0.000,0.000,0.000,0.065,0.000,1.485,0.000,0.000,6.981,9.665,0.995,35.999,29.024,10.098,0.000,4.055,1.631,0.000,0.000,0.000,0.000,0.000
Control-GRP-GC119422,0.000,0.000,0.000,0.000,0.000,0.000,0.514,0.000,0.000,13.127,10.593,3.848,26.177,27.242,3.921,0.000,8.076,0.880,0.764,4.857,0.000,0.000,0.000
Control-GRP-GC119426,0.000,0.000,0.000,0.000,0.000,0.000,0.526,0.000,0.000,4.089,11.878,1.815,34.057,19.665,2.739,0.000,0.000,2.649,0.805,20.545,0.000,1.231,0.000
Control-GRP-GC119430,0.000,0.000,0.000,0.000,0.000,0.000,0.920,0.000,0.000,15.361,7.290,3.009,19.080,37.798,6.466,0.000,1.470,6.805,0.000,1.320,0.480,0.000,0.000
Control-GRP-GC121331,0.000,0.000,0.000,0.000,0.000,0.000,0.676,0.000,0.000,10.893,11.299,1.864,29.199,20.524,4.974,0.000,8.415,3.035,9.120,0.000,0.000,0.000,0.000
Control-GRP-GC121332,0.000,0.000,0.000,0.000,0.000,0.000,0.675,0.000,0.000,4.516,3.304,0.493,53.134,17.714,9.857,0.000,8.657,0.024,0.000,0.000,1.626,0.000,0.000
Control-GRP-GC121336,0.000,0.000,0.000,0.000,0.000,0.000,0.409,0.000,0.000,19.501,8.494,2.685,21.296,34.482,3.184,0.000,3.513,0.000,3.875,2.560,0.000,0.000,0.000
Control-GRP-GC121337,0.000,0.000,0.000,0.000,0.000,0.000,0.431,0.000,0.000,16.389,10.421,2.320,22.538,31.974,0.574,0.000,3.476,9.283,0.000,1.058,0.000,0.000,1.536
Control-GRP-GC121338,0.000,0.000,0.000,0.000,0.000,0.000,0.873,0.000,0.000,10.056,5.512,1.755,36.305,26.802,5.728,0.000,0.184,3.191,9.592,0.000,0.000,0.000,0.000
Control-GRP-GC121339,0.000,0.000,0.000,0.000,0.000,0.000,0.474,0.000,0.000,7.380,6.781,1.143,45.100,22.163,0.961,0.000,3.705,7.474,4.818,0.000,0.000,0.000,0.000
Control-GRP-GC121340,0.000,0.000,0.000,0.000,0.000,0.000,0.360,0.000,0.000,8.782,5.496,1.464,44.076,25.653,2.489,0.000,1.500,5.611,0.000,4.568,0.000,0.000,0.000
Control-GRP-GC121341,0.000,0.000,0.000,0.054,0.000,0.000,0.406,0.000,0.000,6.192,14.826,0.967,34.114,21.539,2.637,0.000,0.000,1.362,0.480,0.000,0.000,0.000,17.423
Control-GRP-GC121342,0.396,0.000,0.000,0.000,0.000,1.184,0.000,0.000,0.000,10.184,6.608,0.000,38.721,16.985,7.355,4.591,12.037,0.371,0.000,1.566,0.000,0.000,0.000
Control-GRP-GC121343,0.000,0.000,0.000,0.000,0.000,0.000,0.149,0.000,0.000,16.521,5.323,1.977,26.869,24.483,2.712,0.000,12.160,9.108,0.000,0.697,0.000,0.000,0.000
Control-GRP-GC121346,0.000,0.000,0.000,0.000,0.000,0.000,0.740,0.000,0.000,5.549,13.809,1.796,49.061,14.770,0.000,0.000,3.140,5.113,0.000,6.020,0.000,0.000,0.000
Control-GRP-GC121347,0.163,0.000,0.000,0.000,0.000,1.638,0.134,0.000,0.000,8.198,5.576,0.116,31.966,24.538,6.504,0.000,8.024,7.444,2.608,2.013,0.000,1.077,0.000
Control-GRP-GC121348,0.000,0.000,0.000,0.000,0.000,0.000,0.113,0.000,0.000,1.981,3.378,0.600,57.177,17.506,2.884,1.195,0.571,0.541,1.072,10.016,2.965,0.000,0.000
Control-GRP-GC121349,0.000,0.000,0.000,0.000,0.000,0.000,0.533,0.000,0.000,10.403,5.855,1.545,49.258,19.867,4.004,0.000,1.985,2.348,0.235,1.743,0.000,0.000,2.224
