Sample,BRCA,CEAD,CESC,COAD,OV,READ,bcell,cd4tcell,cd8tcell,erythroblast,monocyte,naturalkillercell,neutrophil,Unknown-1
Colo_rep2_Dep6_Tu0.5,0.050,23.781,6.269,0.000,14.401,0.779,1.447,3.785,4.471,1.962,11.479,4.090,15.546,11.940
Colo_rep2_Dep6_Tu50,0.524,2.050,3.491,0.804,12.122,36.690,4.001,5.094,5.703,4.843,7.460,3.858,0.014,13.345
Colo_rep6_Dep6_Tu1,0.738,28.880,3.415,0.001,10.978,0.963,2.149,3.902,0.792,3.704,8.194,4.355,28.934,2.994
Colo_rep3_Dep6_Tu2,0.217,16.259,3.566,0.003,23.538,1.057,2.477,2.843,4.549,6.560,10.879,2.917,14.472,10.662
Colo_rep7_Dep6_Tu2,0.378,7.421,6.690,0.036,22.227,1.578,2.468,0.734,5.775,7.876,7.498,1.052,33.143,3.124
Colo_rep8_Dep6_Tu0.1,0.298,12.601,2.691,0.006,22.472,0.331,2.587,2.299,5.650,6.531,9.738,2.380,23.171,9.245
Colo_rep10_Dep6_Tu2,1.199,5.310,3.012,0.018,22.930,1.600,1.534,0.454,7.115,1.571,9.561,5.733,28.699,11.262
Colo_rep6_Dep6_Tu3,0.717,16.038,1.335,0.052,23.338,2.006,1.278,3.203,7.293,1.680,9.467,3.872,21.813,7.908
Colo_rep9_Dep6_Tu30,0.797,11.630,5.929,0.079,4.484,22.077,6.278,0.110,4.986,6.197,7.365,6.176,9.310,14.583
Colo_rep9_Dep6_Tu0.5,0.546,22.975,0.385,0.026,22.972,0.271,2.180,1.525,3.066,8.829,3.839,3.510,23.033,6.843
Colo_rep6_Dep6_Tu20,0.118,20.112,6.347,0.017,4.690,15.339,2.351,3.683,5.400,5.174,9.351,4.347,9.834,13.237
Colo_rep8_Dep6_Tu30,1.906,6.999,4.304,0.275,15.677,20.982,4.870,1.727,0.829,8.243,6.327,5.372,13.538,8.951
Colo_rep3_Dep6_Tu5,0.336,18.903,5.012,0.061,24.851,2.914,0.258,5.173,0.836,8.381,6.511,3.922,17.454,5.388
Colo_rep4_Dep6_Tu3,0.408,28.838,8.634,0.032,2.441,2.846,1.661,3.755,1.372,5.493,11.560,2.513,26.877,3.570
Colo_rep2_Dep6_Tu10,0.862,18.182,4.742,0.051,21.417,6.656,4.170,3.790,1.576,8.650,3.005,3.910,13.565,9.423
Colo_rep3_Dep6_Tu40,1.403,12.940,3.388,0.354,0.253,30.631,5.305,5.427,0.243,4.260,9.256,4.628,12.041,9.869
Colo_rep3_Dep6_Tu30,2.055,4.005,2.624,0.166,16.115,22.214,2.904,5.954,4.095,5.938,5.153,4.137,9.023,15.616
Colo_rep6_Dep6_Tu30,1.392,3.919,3.930,0.198,20.044,21.943,3.463,1.736,6.350,7.789,6.663,2.871,14.441,5.260
Colo_rep4_Dep6_Tu50,2.167,0.203,6.642,0.462,12.702,36.684,0.413,8.237,0.892,8.450,5.606,4.874,1.642,11.029
Colo_rep5_Dep6_Tu50,1.511,2.429,3.790,0.582,9.208,37.166,5.791,0.654,6.570,4.262,7.341,4.529,7.853,8.314
Colo_rep6_Dep6_Tu2,0.493,23.650,3.770,0.046,4.495,2.539,0.072,2.652,7.702,4.845,11.011,1.585,29.414,7.726
Colo_rep10_Dep6_Tu50,2.008,6.701,7.523,0.458,7.854,36.778,4.576,3.061,5.409,2.908,8.606,4.878,0.731,8.509
Colo_rep7_Dep6_Tu50,1.984,5.217,3.838,0.336,12.512,36.212,2.736,8.255,1.939,9.452,5.530,0.564,1.718,9.706
Colo_rep9_Dep6_Tu40,2.219,8.760,6.337,0.447,13.570,28.673,6.653,1.057,3.294,3.234,0.236,6.249,14.951,4.321
Colo_rep8_Dep6_Tu5,0.413,26.653,7.385,0.020,7.597,3.161,1.947,3.746,1.646,8.508,10.642,4.461,10.672,13.148
Colo_rep1_Dep6_Tu20,0.895,12.921,5.358,0.192,17.653,14.403,2.484,0.869,7.142,8.029,10.024,0.642,10.390,9.000
Colo_rep9_Dep6_Tu2,0.621,17.687,5.856,0.009,3.671,2.495,3.477,2.068,8.357,0.010,3.846,5.497,30.287,16.119
Colo_rep5_Dep6_Tu30,0.961,13.436,4.227,0.338,4.341,21.986,0.827,5.790,4.881,6.914,8.372,4.436,12.913,10.578
Colo_rep4_Dep6_Tu0.1,0.552,27.891,1.123,0.003,6.893,0.456,3.323,0.311,4.949,5.477,11.468,3.672,21.116,12.766
Colo_rep5_Dep6_Tu0.1,0.486,3.981,1.132,0.014,33.088,0.395,2.864,3.395,3.376,4.498,9.962,2.486,27.100,7.222
Colo_rep9_Dep6_Tu3,0.827,11.924,4.973,0.068,40.090,0.522,0.942,2.133,7.738,3.309,12.060,2.704,6.238,6.473
Colo_rep2_Dep6_Tu0.1,0.409,16.437,3.535,0.013,19.695,0.437,1.584,3.181,3.862,6.721,10.145,2.044,24.652,7.284
Colo_rep8_Dep6_Tu10,0.852,8.835,2.716,0.098,18.070,7.116,4.224,5.092,3.826,5.691,7.713,2.065,25.980,7.722
Colo_rep4_Dep6_Tu30,1.535,16.849,7.124,0.194,3.757,22.276,4.898,4.217,3.120,2.371,7.346,5.369,11.795,9.150
Colo_rep2_Dep6_Tu2,0.307,19.370,5.571,0.020,11.272,0.949,2.447,1.131,4.050,10.746,5.329,2.843,25.846,10.119
Colo_rep1_Dep6_Tu5,0.573,25.651,7.082,0.010,5.836,3.532,0.938,6.070,1.616,6.968,6.406,3.411,27.091,4.816
Colo_rep8_Dep6_Tu50,3.004,5.303,3.635,0.535,1.592,37.116,2.715,1.274,4.129,9.338,6.933,5.513,8.188,10.726
Colo_rep5_Dep6_Tu5,0.740,16.012,7.354,0.037,17.467,3.452,2.166,5.115,3.333,3.908,2.754,5.260,24.537,7.865
Colo_rep6_Dep6_Tu50,1.181,4.819,6.741,0.346,7.997,37.370,5.438,8.182,2.834,1.027,7.446,3.553,3.024,10.042
Colo_rep5_Dep6_Tu0.5,0.300,4.071,7.541,0.003,17.006,0.614,3.263,3.940,4.590,3.457,11.125,2.782,22.329,18.979
Colo_rep4_Dep6_Tu20,1.166,8.661,3.929,0.133,26.417,14.100,1.754,2.086,8.119,4.707,5.406,3.422,18.481,1.619
Colo_rep8_Dep6_Tu40,2.243,7.110,7.034,0.241,4.815,29.547,3.397,5.552,7.640,3.012,4.592,1.574,10.903,12.339
Colo_rep7_Dep6_Tu0.3,0.295,27.576,4.153,0.013,10.825,0.350,2.043,2.465,2.960,4.502,10.774,3.857,19.248,10.941
Colo_rep7_Dep6_Tu30,1.916,4.914,4.694,0.112,10.748,22.310,3.977,3.641,4.658,5.429,6.671,5.178,8.542,17.208
Colo_rep10_Dep6_Tu20,0.770,1.869,9.521,0.089,15.020,14.833,5.705,5.563,1.669,2.234,12.253,4.764,12.120,13.590
Colo_rep9_Dep6_Tu10,0.417,19.121,0.530,0.230,17.948,6.790,3.764,3.514,4.970,6.373,8.711,2.371,14.547,10.714
Colo_rep9_Dep6_Tu0.1,0.346,19.397,5.374,0.015,22.098,0.548,1.598,2.602,5.158,0.533,10.929,4.612,22.934,3.855
Colo_rep10_Dep6_Tu0.3,0.287,11.808,5.113,0.018,25.828,0.324,2.907,0.271,4.207,9.377,9.621,0.087,25.195,4.958
Colo_rep8_Dep6_Tu20,0.145,6.986,7.751,0.091,7.497,15.663,4.249,2.320,6.571,2.752,7.592,5.564,19.211,13.607
Colo_rep3_Dep6_Tu3,0.452,17.595,1.538,0.227,19.872,1.566,1.743,5.599,0.987,9.707,5.754,3.992,21.842,9.127
Colo_rep4_Dep6_Tu2,0.048,3.634,7.180,0.059,16.308,2.063,2.911,4.047,3.980,2.799,10.313,4.226,29.587,12.845
Colo_rep10_Dep6_Tu0.1,0.438,25.473,3.234,0.016,20.774,0.335,2.663,2.400,2.008,5.582,10.179,3.186,21.986,1.726
Colo_rep4_Dep6_Tu0.3,0.397,27.116,5.325,0.014,16.486,0.257,1.823,2.146,3.612,5.824,9.184,2.670,21.975,3.171
Colo_rep9_Dep6_Tu0.3,0.421,23.202,0.105,0.002,14.965,0.613,3.012,3.944,3.507,2.867,9.488,3.724,23.813,10.337
Colo_rep1_Dep6_Tu10,0.659,2.638,6.624,0.106,31.816,6.782,3.033,4.174,6.146,2.447,8.536,2.288,19.185,5.565
Colo_rep6_Dep6_Tu0.3,0.430,16.802,4.524,0.012,23.099,0.412,2.049,4.027,2.253,4.617,10.489,2.148,25.192,3.946
Colo_rep6_Dep6_Tu0.5,0.429,13.133,5.132,0.006,26.385,0.247,1.967,1.090,3.086,7.981,7.915,3.693,23.098,5.838
Colo_rep10_Dep6_Tu10,0.592,13.264,5.796,0.106,21.574,6.889,2.663,2.499,4.701,5.858,8.491,2.707,21.188,3.672
Colo_rep10_Dep6_Tu1,0.062,4.970,4.446,0.010,31.197,0.705,2.495,2.595,5.142,6.177,10.565,1.219,25.715,4.701
Colo_rep10_Dep6_Tu5,0.176,27.276,5.432,0.053,4.039,4.161,4.524,0.828,10.143,6.849,2.953,0.694,23.954,8.917
Colo_rep10_Dep6_Tu40,1.710,4.211,7.006,0.319,8.519,29.970,7.659,1.112,2.606,0.721,6.164,7.540,12.758,9.706
Colo_rep10_Dep6_Tu0.5,0.039,29.017,7.810,0.035,2.215,0.943,4.623,5.003,1.454,7.262,6.532,0.721,28.656,5.688
Colo_rep1_Dep6_Tu1,0.030,21.975,6.381,0.004,20.420,0.631,2.785,4.614,4.262,4.431,10.336,2.357,14.394,7.380
Colo_rep7_Dep6_Tu20,0.889,7.743,5.303,0.095,10.799,15.254,3.568,4.459,6.552,1.338,6.715,4.237,18.122,14.925
Colo_rep6_Dep6_Tu10,0.727,5.718,5.152,0.031,33.678,6.834,3.361,4.600,4.100,1.013,8.743,3.704,13.411,8.928
Colo_rep10_Dep6_Tu3,0.597,30.407,0.300,0.025,5.031,2.279,3.134,3.261,6.275,8.825,2.978,0.656,26.665,9.568
Colo_rep1_Dep6_Tu30,2.349,12.870,4.879,0.130,11.970,21.998,1.890,3.460,2.989,13.946,1.258,0.204,18.341,3.715
Colo_rep1_Dep6_Tu0.1,0.516,13.336,4.179,0.007,24.009,0.394,0.284,3.206,2.311,6.171,9.682,3.330,28.174,4.401
Colo_rep7_Dep6_Tu5,0.208,24.473,7.357,0.078,5.600,4.092,2.949,2.091,5.234,2.649,9.460,3.817,24.946,7.048
Colo_rep7_Dep6_Tu0.1,0.188,18.863,4.716,0.001,22.029,0.197,2.585,3.926,6.256,5.304,6.305,0.584,18.091,10.956
Colo_rep6_Dep6_Tu40,1.390,11.228,7.903,0.287,2.638,30.405,4.724,5.866,1.548,0.161,8.187,5.571,12.609,7.484
Colo_rep8_Dep6_Tu2,0.662,4.802,3.384,0.022,26.920,1.104,2.829,3.267,2.565,9.605,8.811,0.069,28.360,7.600
Colo_rep7_Dep6_Tu0.5,0.279,20.085,3.410,0.023,31.135,0.098,3.065,1.820,2.160,7.963,5.930,3.357,16.557,4.119
Colo_rep5_Dep6_Tu20,1.453,16.136,0.057,0.008,10.783,15.041,3.195,3.438,5.864,7.656,3.661,4.152,21.527,7.029
Colo_rep8_Dep6_Tu0.3,0.235,11.089,5.031,0.014,25.992,0.239,3.087,1.847,5.534,3.739,9.343,2.245,24.195,7.410
Colo_rep4_Dep6_Tu5,0.074,21.173,7.573,0.008,11.151,4.006,1.938,6.633,1.618,1.235,13.540,4.868,16.156,10.027
Colo_rep9_Dep6_Tu1,0.385,17.927,5.469,0.004,3.063,0.930,3.727,0.726,7.104,8.968,4.565,3.084,29.904,14.145
Colo_rep1_Dep6_Tu0.5,0.442,3.821,6.458,0.009,10.798,0.757,3.094,3.082,4.944,8.393,8.805,1.584,32.321,15.492
Colo_rep8_Dep6_Tu3,0.705,10.848,0.992,0.067,31.014,1.681,3.219,1.498,6.243,6.707,8.146,0.008,23.623,5.250
Colo_rep5_Dep6_Tu0.3,0.401,14.000,3.544,0.000,9.863,0.903,2.321,1.689,6.759,6.504,10.875,2.828,27.918,12.396
Colo_rep2_Dep6_Tu30,0.898,11.779,6.004,0.165,15.032,22.607,3.879,5.322,5.230,0.557,8.526,3.137,11.866,4.998
Colo_rep7_Dep6_Tu10,0.179,0.822,7.541,0.084,30.979,6.945,2.327,1.926,1.836,7.045,10.524,3.374,19.868,6.550
Colo_rep2_Dep6_Tu40,2.002,8.038,2.001,0.623,0.491,30.612,3.975,3.383,4.731,5.925,7.905,4.881,14.260,11.173
Colo_rep3_Dep6_Tu0.1,0.365,6.297,10.209,0.013,17.510,0.727,2.393,1.562,4.213,6.924,11.189,0.984,34.093,3.521
Colo_rep3_Dep6_Tu1,0.077,24.784,6.845,0.010,25.879,0.551,1.487,5.042,6.020,0.871,12.717,0.847,8.470,6.400
Colo_rep8_Dep6_Tu1,0.447,21.057,5.099,0.008,15.810,1.074,3.514,2.324,2.384,0.781,10.186,4.879,26.321,6.116
Colo_rep4_Dep6_Tu1,0.443,7.571,5.379,0.033,32.620,0.636,1.804,2.124,5.446,4.830,6.484,2.741,28.078,1.811
Colo_rep5_Dep6_Tu40,1.005,6.572,7.893,0.329,2.070,30.648,2.784,1.193,4.172,7.242,8.396,6.310,13.231,8.156
Colo_rep5_Dep6_Tu10,0.928,7.031,2.286,0.101,25.007,6.386,4.098,2.240,6.776,8.237,3.313,2.688,17.892,13.015
Colo_rep2_Dep6_Tu0.3,0.335,26.574,4.446,0.004,16.353,0.327,2.984,2.890,4.151,4.078,8.021,2.438,21.137,6.261
Colo_rep10_Dep6_Tu30,1.691,5.551,3.394,0.333,15.604,22.747,3.898,8.254,0.992,5.312,8.302,0.983,11.294,11.645
Colo_rep1_Dep6_Tu40,0.429,0.146,3.674,0.664,12.122,30.414,4.226,6.005,2.312,8.365,6.402,1.424,15.059,8.758
Colo_rep6_Dep6_Tu0.1,0.283,40.594,6.248,0.007,9.478,0.024,3.654,4.566,3.723,6.548,2.006,3.325,11.580,7.966
Colo_rep7_Dep6_Tu40,1.638,11.798,4.772,0.576,9.727,30.039,6.515,5.497,7.683,0.618,1.568,1.015,12.576,5.978
Colo_rep1_Dep6_Tu50,1.578,4.927,5.441,0.811,4.380,37.487,5.886,5.618,3.783,7.531,1.189,3.289,7.780,10.301
Colo_rep1_Dep6_Tu0.3,0.224,4.661,6.139,0.003,4.031,1.195,2.154,4.366,5.546,8.995,9.537,2.031,30.958,20.157
Colo_rep9_Dep6_Tu20,0.447,11.472,5.018,0.144,13.184,14.637,3.503,0.685,5.919,6.205,8.731,4.318,16.504,9.233
Colo_rep4_Dep6_Tu10,0.721,17.783,6.379,0.042,20.915,5.998,3.574,4.526,1.744,7.933,9.887,1.887,3.556,15.055
Colo_rep6_Dep6_Tu5,0.496,22.922,1.993,0.034,9.720,3.870,2.206,4.197,4.554,3.843,8.738,4.100,21.473,11.856
Colo_rep9_Dep6_Tu5,0.367,19.615,3.718,0.115,19.643,2.693,4.090,0.260,1.889,9.214,7.590,4.330,18.323,8.154
Colo_rep3_Dep6_Tu50,0.235,6.753,6.438,0.650,7.036,37.168,5.570,1.195,6.354,2.291,9.199,4.520,4.603,7.988
Colo_rep5_Dep6_Tu1,0.506,1.099,5.944,0.017,31.674,0.613,0.314,4.993,1.650,6.213,8.690,4.171,25.758,8.358
Colo_rep5_Dep6_Tu3,0.010,24.892,5.694,0.005,4.062,2.204,3.082,0.702,3.794,8.854,10.947,3.704,13.752,18.298
Colo_rep2_Dep6_Tu1,0.142,3.161,6.947,0.016,25.761,0.633,1.078,1.575,5.904,5.853,10.479,2.835,26.581,9.035
Colo_rep7_Dep6_Tu1,0.054,17.119,4.704,0.008,25.061,0.255,2.278,4.259,1.565,8.626,5.454,3.009,17.117,10.492
Colo_rep5_Dep6_Tu2,0.474,18.595,4.613,0.038,19.983,1.505,0.070,0.452,6.241,6.974,9.816,2.089,29.139,0.012
Colo_rep4_Dep6_Tu40,1.864,10.902,4.328,0.491,11.490,29.702,3.145,8.880,3.394,2.411,3.731,3.104,9.874,6.684
Colo_rep2_Dep6_Tu20,1.041,18.523,5.593,0.129,17.340,13.771,3.099,2.600,6.335,5.191,4.347,4.426,10.877,6.727
Colo_rep4_Dep6_Tu0.5,0.040,13.041,8.442,0.021,34.962,0.145,0.672,0.976,4.796,8.319,11.440,3.609,5.320,8.218
Colo_rep2_Dep6_Tu5,1.332,2.374,1.700,0.044,33.467,3.138,1.689,9.420,1.536,0.647,8.379,2.865,24.817,8.592
Colo_rep2_Dep6_Tu3,0.432,4.450,2.484,0.008,18.612,2.873,1.601,4.672,4.251,5.727,12.010,3.143,23.038,16.699
Colo_rep3_Dep6_Tu10,0.824,25.483,1.568,0.126,4.619,8.770,1.357,8.649,4.194,0.632,9.647,3.116,18.620,12.397
Colo_rep8_Dep6_Tu0.5,0.180,5.352,8.485,0.004,31.469,0.293,2.935,5.265,4.443,4.179,9.092,0.671,19.674,7.957
Colo_rep7_Dep6_Tu3,0.325,15.423,6.185,0.063,26.981,1.444,2.465,4.157,4.177,7.594,6.605,0.051,21.031,3.500
Colo_rep3_Dep6_Tu0.5,0.218,20.869,6.150,0.020,23.697,0.621,1.429,2.704,6.279,0.789,2.822,5.461,26.861,2.081
Colo_rep3_Dep6_Tu20,1.358,5.537,2.323,0.080,10.124,15.159,4.064,3.125,4.251,7.511,9.727,3.151,15.300,18.289
Colo_rep1_Dep6_Tu2,0.392,10.412,6.639,0.004,19.723,1.037,2.718,3.951,5.940,8.674,1.826,2.584,23.110,12.989
Colo_rep9_Dep6_Tu50,2.076,10.113,6.241,0.615,2.788,37.588,3.673,4.905,4.045,6.190,3.837,2.721,5.208,10.000
Colo_rep3_Dep6_Tu0.3,0.314,22.316,4.793,0.022,15.525,0.230,1.108,4.302,0.390,8.558,7.999,3.857,23.796,6.790
Colo_rep1_Dep6_Tu3,0.277,20.638,4.215,0.117,19.233,1.809,1.428,2.664,3.041,4.516,10.730,4.336,22.697,4.299
Br62_rep5_Dep6_Tu0.5,0.360,5.142,4.784,0.003,35.194,0.197,2.759,3.243,4.177,3.525,10.874,3.563,11.070,15.108
Br62_rep5_Dep6_Tu3,0.972,18.388,1.377,0.861,25.888,0.329,3.049,2.336,6.284,5.867,5.683,1.474,21.097,6.396
Br62_rep6_Dep6_Tu30,20.687,8.664,8.683,5.606,11.626,0.335,3.657,4.795,5.568,4.216,5.884,2.082,6.199,11.999
Br62_rep7_Dep6_Tu20,15.002,15.856,1.252,3.935,5.824,0.471,3.878,4.185,6.931,6.979,3.154,2.122,8.682,21.730
Br62_rep2_Dep6_Tu40,30.690,10.890,6.472,8.699,0.855,0.243,4.523,2.876,4.604,1.539,5.499,3.308,7.967,11.834
Br62_rep8_Dep6_Tu0.5,0.014,16.463,6.447,0.014,19.687,0.376,2.573,4.932,5.494,0.288,8.423,4.161,21.358,9.769
Br62_rep5_Dep6_Tu2,1.179,18.823,3.114,0.188,28.467,0.184,2.656,5.269,4.873,4.265,10.903,1.406,7.675,10.998
Br62_rep4_Dep6_Tu50,39.217,6.438,5.923,10.640,2.680,0.104,2.746,3.021,2.453,4.694,4.145,2.044,6.343,9.552
Br62_rep8_Dep6_Tu40,30.843,5.829,8.563,8.151,3.130,0.224,1.596,3.989,3.428,5.139,3.777,2.958,4.058,18.316
Br62_rep7_Dep6_Tu2,1.140,11.704,1.925,0.154,10.991,1.151,2.261,0.080,12.200,0.913,10.392,2.888,28.864,15.339
Br62_rep9_Dep6_Tu40,32.278,10.786,4.878,8.608,11.866,0.140,2.129,4.907,0.030,1.346,5.149,3.103,10.340,4.441
Br62_rep10_Dep6_Tu2,0.616,12.303,5.821,0.031,18.711,0.393,3.111,3.724,5.341,6.967,6.517,1.679,22.578,12.209
Br62_rep6_Dep6_Tu10,5.934,25.057,9.628,2.050,21.058,0.305,0.325,2.051,3.155,7.169,9.600,3.305,7.548,2.813
Br62_rep2_Dep6_Tu2,0.561,17.383,6.254,0.118,23.106,0.206,2.465,2.945,4.857,6.234,9.938,2.835,9.753,13.341
Br62_rep9_Dep6_Tu5,3.124,15.906,7.266,0.513,2.188,0.582,3.352,1.585,5.991,7.999,9.093,2.777,21.474,18.150
Br62_rep6_Dep6_Tu40,30.145,4.082,8.538,8.205,12.010,0.143,2.222,2.851,5.082,2.772,3.416,2.241,7.947,10.345
Br62_rep4_Dep6_Tu20,13.290,3.021,7.591,4.559,17.903,0.358,3.242,2.697,5.225,6.310,4.872,3.667,15.146,12.120
Br62_rep9_Dep6_Tu1,0.999,16.665,3.297,0.040,32.315,0.226,0.626,5.728,3.171,2.699,13.038,3.835,7.172,10.188
Br62_rep1_Dep6_Tu0.3,0.447,19.760,6.311,0.004,6.149,0.519,3.047,0.893,2.753,7.613,8.878,4.651,28.756,10.219
Br62_rep3_Dep6_Tu5,2.052,23.683,6.269,0.382,3.744,1.339,1.059,5.109,3.900,5.878,8.778,2.494,24.484,10.830
Br62_rep9_Dep6_Tu50,38.977,1.050,9.507,10.098,3.820,0.111,4.108,0.964,1.141,4.717,4.315,3.121,2.020,16.050
Br62_rep5_Dep6_Tu30,20.446,6.008,5.417,6.557,5.703,0.236,1.063,4.692,7.302,5.703,5.891,3.006,8.871,19.106
Br62_rep9_Dep6_Tu0.5,0.288,15.406,4.981,0.014,15.455,0.432,1.791,1.181,6.265,8.996,7.339,0.391,27.369,10.090
Br62_rep1_Dep6_Tu20,15.008,2.752,7.136,2.924,13.911,0.749,3.696,6.063,3.440,1.816,9.374,4.307,7.339,21.485
Br62_rep4_Dep6_Tu2,0.414,22.595,7.087,0.045,30.266,0.200,2.696,4.086,2.862,6.277,10.412,2.116,2.769,8.175
Br62_rep8_Dep6_Tu3,1.677,5.950,2.086,0.383,28.462,0.527,2.541,3.978,2.874,6.376,8.721,2.382,24.371,9.671
Br62_rep2_Dep6_Tu5,2.148,9.364,8.015,0.689,9.922,0.841,2.394,2.658,2.504,8.870,7.155,4.295,27.947,13.198
Br62_rep2_Dep6_Tu1,0.295,35.230,7.114,0.028,2.375,0.511,2.111,3.887,2.461,7.936,6.149,1.890,26.300,3.712
Br62_rep8_Dep6_Tu1,0.355,25.644,1.749,0.095,7.597,1.033,0.941,1.035,7.126,5.229,10.703,2.674,27.181,8.638
Br62_rep10_Dep6_Tu0.1,0.691,40.876,1.258,0.013,0.471,0.363,2.953,0.498,1.631,9.588,13.068,3.840,16.300,8.449
Br62_rep3_Dep6_Tu40,31.148,14.599,5.258,8.281,12.938,0.168,3.952,4.664,3.948,1.405,0.340,1.684,9.212,2.402
Br62_rep8_Dep6_Tu0.3,0.453,33.232,4.540,0.017,17.518,0.134,1.765,2.676,3.464,3.814,11.830,3.334,10.430,6.792
Br62_rep4_Dep6_Tu0.5,0.312,20.466,6.274,0.049,6.460,0.805,4.541,2.082,3.155,8.168,2.425,3.549,35.181,6.533
Br62_rep6_Dep6_Tu50,39.175,2.176,2.984,10.856,1.126,0.178,2.960,3.371,6.821,0.252,5.404,2.327,3.855,18.517
Br62_rep7_Dep6_Tu0.1,0.117,4.108,6.345,0.010,31.676,0.361,2.371,3.297,3.409,3.487,9.477,2.631,27.211,5.499
Br62_rep9_Dep6_Tu30,23.727,9.597,9.826,5.148,4.711,0.490,4.013,5.570,6.082,0.739,2.343,2.265,11.898,13.591
Br62_rep6_Dep6_Tu20,13.167,14.325,4.635,3.922,15.154,0.365,1.697,5.499,5.516,2.235,6.468,3.521,12.993,10.502
Br62_rep5_Dep6_Tu5,4.037,16.029,1.642,0.400,7.502,0.387,3.294,3.143,3.260,9.827,6.118,3.577,26.942,13.843
Br62_rep4_Dep6_Tu40,30.028,1.763,11.616,7.353,8.040,0.341,3.074,3.905,5.074,2.606,1.888,2.416,12.062,9.836
Br62_rep8_Dep6_Tu0.1,0.338,25.049,5.785,0.006,13.557,0.276,2.330,1.855,5.769,4.530,10.822,2.909,19.589,7.184
Br62_rep1_Dep6_Tu40,30.763,2.430,8.848,9.051,12.269,0.221,5.363,0.306,1.547,1.853,2.281,4.868,13.844,6.357
Br62_rep3_Dep6_Tu30,22.568,16.256,8.707,5.829,11.071,0.167,4.200,0.177,6.312,5.271,4.258,2.105,0.451,12.627
Br62_rep7_Dep6_Tu0.5,0.412,33.946,2.988,0.009,24.215,0.203,1.641,7.421,0.826,4.612,10.578,2.578,2.745,7.823
Br62_rep1_Dep6_Tu10,4.425,15.579,7.494,2.179,23.469,0.619,2.994,4.537,5.204,1.843,6.922,3.136,18.971,2.629
Br62_rep10_Dep6_Tu20,16.713,7.648,7.943,2.984,11.833,0.371,3.732,4.235,4.864,5.245,3.056,2.595,18.057,10.722
Br62_rep1_Dep6_Tu5,2.700,19.433,6.839,0.563,12.466,0.219,3.002,3.538,5.658,8.018,7.946,0.973,15.193,13.453
Br62_rep3_Dep6_Tu50,36.696,5.774,7.283,9.722,3.017,0.149,3.432,2.239,6.308,5.080,3.649,0.765,4.931,10.957
Br62_rep1_Dep6_Tu3,1.738,5.929,6.534,0.337,24.455,0.218,1.400,5.908,4.798,7.872,0.917,2.874,26.592,10.428
Br62_rep7_Dep6_Tu30,22.900,1.019,9.302,6.230,11.192,0.056,1.787,3.756,1.862,8.076,2.768,3.233,12.661,15.158
Br62_rep6_Dep6_Tu1,0.598,22.881,5.461,0.040,20.576,0.385,2.127,0.465,3.957,5.081,10.570,3.238,18.678,5.945
Br62_rep1_Dep6_Tu0.5,0.383,18.002,5.119,0.008,19.907,0.220,3.532,0.373,4.565,4.650,7.686,4.270,23.966,7.318
Br62_rep1_Dep6_Tu0.1,0.371,1.705,4.109,0.016,25.674,0.629,3.016,4.058,4.556,4.817,7.798,1.206,33.284,8.762
Br62_rep9_Dep6_Tu3,1.650,21.869,6.203,0.273,28.053,0.176,3.110,4.779,3.276,4.174,3.737,3.392,16.233,3.075
Br62_rep5_Dep6_Tu40,29.452,12.911,1.975,8.847,5.558,0.334,2.612,4.591,3.163,4.897,3.965,3.211,12.601,5.882
Br62_rep10_Dep6_Tu3,1.581,17.883,5.243,0.108,17.180,0.356,3.229,6.042,0.420,7.368,7.588,0.752,24.220,8.032
Br62_rep2_Dep6_Tu0.3,0.156,29.799,2.848,0.009,16.842,0.238,2.203,1.390,8.255,6.774,8.132,0.462,13.807,9.084
Br62_rep10_Dep6_Tu40,29.308,2.919,6.130,8.401,12.775,0.222,0.889,3.402,3.408,6.669,5.320,2.940,9.019,8.599
Br62_rep3_Dep6_Tu2,1.081,21.171,4.631,0.116,26.791,0.368,2.835,5.060,4.575,0.769,10.985,3.058,10.995,7.564
Br62_rep5_Dep6_Tu1,0.745,3.180,3.574,0.094,29.562,0.482,3.030,1.664,4.443,3.081,9.815,4.488,26.040,9.801
Br62_rep4_Dep6_Tu1,0.176,19.545,9.621,0.043,9.857,0.929,1.461,3.681,5.320,6.086,12.045,1.170,20.443,9.623
Br62_rep10_Dep6_Tu0.5,0.281,6.113,8.519,0.090,25.289,0.695,1.394,3.164,7.089,3.090,7.103,2.414,30.876,3.884
Br62_rep5_Dep6_Tu20,12.865,9.932,10.856,4.946,9.194,0.748,3.733,4.221,3.393,5.382,6.516,2.886,15.587,9.740
Br62_rep6_Dep6_Tu0.3,0.367,5.993,6.306,0.004,34.258,0.320,3.535,0.305,2.858,1.280,11.194,4.634,26.418,2.528
Br62_rep9_Dep6_Tu0.3,0.205,24.150,4.462,0.012,10.735,0.526,0.357,1.972,3.349,5.919,10.172,4.797,24.571,8.772
Br62_rep2_Dep6_Tu20,15.876,3.516,9.183,3.663,21.779,0.021,0.737,1.552,9.913,1.908,2.231,3.522,17.856,8.243
Br62_rep6_Dep6_Tu0.5,0.531,4.369,8.218,0.009,23.633,0.389,1.753,3.970,0.518,7.313,10.028,3.851,27.632,7.785
Br62_rep8_Dep6_Tu10,7.075,21.021,3.843,1.940,6.304,0.496,2.420,5.430,4.909,7.846,8.152,1.551,16.171,12.842
Br62_rep2_Dep6_Tu0.1,0.476,8.553,0.849,0.014,31.291,0.291,2.284,3.703,5.435,5.588,5.429,2.719,26.169,7.196
Br62_rep5_Dep6_Tu10,7.309,17.514,5.706,1.687,16.479,0.414,3.437,0.921,7.316,5.512,2.900,2.407,20.599,7.799
Br62_rep10_Dep6_Tu10,6.726,18.304,4.324,1.733,4.879,0.816,3.645,5.116,5.010,6.784,6.679,1.534,20.435,14.014
Br62_rep4_Dep6_Tu10,5.314,17.792,0.018,2.842,15.760,0.711,2.407,2.455,7.033,1.602,9.542,4.015,16.818,13.694
Br62_rep3_Dep6_Tu0.1,0.064,28.446,5.257,0.018,8.594,0.593,3.829,3.315,3.439,2.725,6.912,4.121,26.793,5.893
Br62_rep2_Dep6_Tu50,39.083,5.497,7.175,9.859,5.602,0.226,3.463,4.236,4.818,1.719,1.395,0.408,5.095,11.422
Br62_rep9_Dep6_Tu10,4.088,17.125,6.487,2.540,23.942,0.118,3.476,2.338,6.386,9.601,6.053,0.491,6.119,11.235
Br62_rep5_Dep6_Tu0.3,0.318,18.768,3.275,0.034,24.541,0.334,2.387,4.508,3.415,3.866,9.837,3.252,19.059,6.408
Br62_rep8_Dep6_Tu50,37.251,7.242,4.072,10.903,7.301,0.173,4.211,3.317,3.506,3.530,1.278,3.222,4.075,9.919
Br62_rep4_Dep6_Tu0.3,0.238,18.078,4.820,0.011,11.447,0.435,2.060,2.131,5.031,6.853,8.279,3.687,24.760,12.171
Br62_rep7_Dep6_Tu1,0.799,25.741,2.949,0.008,7.276,0.592,3.473,3.320,6.942,2.553,9.106,1.550,20.293,15.399
Br62_rep3_Dep6_Tu0.5,0.629,12.881,5.273,0.016,27.103,0.161,2.837,0.158,9.509,3.645,3.635,2.379,26.431,5.343
Br62_rep7_Dep6_Tu40,29.114,3.608,10.746,7.222,7.207,0.412,4.180,4.051,3.887,2.788,2.625,4.329,5.272,14.558
Br62_rep2_Dep6_Tu3,2.336,12.054,2.253,0.206,19.319,0.349,2.218,5.271,2.318,10.470,0.862,3.037,28.442,10.864
Br62_rep2_Dep6_Tu0.5,0.376,29.246,3.447,0.004,8.788,0.588,3.534,4.473,2.680,2.763,4.873,4.372,26.970,7.885
Br62_rep1_Dep6_Tu50,34.336,5.109,11.268,10.677,2.844,0.403,3.021,4.735,1.890,5.289,3.948,2.493,4.640,9.348
Br62_rep3_Dep6_Tu3,0.835,22.761,4.666,0.349,1.689,0.559,2.585,6.378,3.533,9.406,3.544,4.192,22.644,16.860
Br62_rep7_Dep6_Tu3,1.771,18.240,4.020,0.314,18.440,0.485,1.927,4.308,5.250,6.175,5.186,2.837,23.227,7.819
Br62_rep3_Dep6_Tu0.3,0.395,26.634,7.365,0.015,12.283,0.276,2.272,5.260,2.565,6.439,7.049,0.986,23.831,4.630
Br62_rep8_Dep6_Tu30,22.556,11.234,11.589,5.246,3.697,0.386,4.861,1.022,4.580,4.407,6.389,3.408,5.323,15.303
Br62_rep4_Dep6_Tu30,22.715,6.068,9.741,5.893,7.211,0.134,1.845,5.742,4.951,5.028,1.235,4.339,4.345,20.753
Br62_rep6_Dep6_Tu3,0.520,23.221,8.570,0.109,14.761,0.304,3.776,1.704,4.939,8.984,6.196,3.876,8.570,14.470
Br62_rep4_Dep6_Tu0.1,0.325,15.875,3.951,0.006,18.583,0.343,2.222,2.397,3.572,5.858,8.461,3.504,26.558,8.344
Br62_rep8_Dep6_Tu5,2.343,8.957,7.828,0.749,20.945,0.412,2.979,5.347,2.591,3.676,7.789,4.016,21.392,10.974
Br62_rep10_Dep6_Tu50,37.766,0.907,12.772,9.849,3.005,0.191,3.530,1.866,5.337,4.042,3.201,2.536,0.381,14.618
Br62_rep10_Dep6_Tu0.3,0.362,16.839,5.545,0.043,24.552,0.291,2.496,4.045,1.810,5.465,7.657,2.672,26.190,2.034
Br62_rep3_Dep6_Tu20,15.554,15.201,5.053,2.492,12.411,0.590,0.298,6.558,6.629,0.769,9.145,2.419,6.571,16.308
Br62_rep1_Dep6_Tu1,0.235,7.393,0.094,0.240,41.188,0.244,1.338,4.150,3.846,5.738,7.892,3.037,24.356,0.248
Br62_rep3_Dep6_Tu1,0.211,17.936,8.055,0.022,16.273,0.558,2.834,2.407,2.725,2.984,11.277,3.999,24.951,5.768
Br62_rep9_Dep6_Tu2,0.970,23.326,5.452,0.079,14.270,0.772,3.311,7.642,3.293,0.556,4.695,2.817,22.229,10.586
Br62_rep7_Dep6_Tu50,38.714,8.365,8.180,9.799,2.575,0.197,3.216,5.471,1.259,3.614,4.395,1.891,0.363,11.962
Br62_rep7_Dep6_Tu5,0.606,20.066,6.951,0.824,0.556,1.148,3.211,3.783,5.170,7.313,9.282,3.122,20.009,17.957
Br62_rep8_Dep6_Tu2,2.074,15.701,4.016,0.196,30.551,0.173,2.814,4.111,1.652,3.274,9.338,3.343,20.353,2.403
Br62_rep5_Dep6_Tu0.1,0.280,21.177,6.112,0.005,18.014,0.329,2.999,4.590,3.649,3.027,5.631,3.593,23.096,7.498
Br62_rep6_Dep6_Tu5,2.881,36.816,1.137,1.201,2.610,0.213,3.314,3.184,1.170,7.555,5.654,3.586,25.711,4.966
Br62_rep9_Dep6_Tu20,12.092,0.828,15.457,4.160,13.035,0.724,2.844,2.931,2.573,8.074,3.467,3.689,27.476,2.649
Br62_rep2_Dep6_Tu30,24.265,4.540,7.626,6.408,4.154,0.180,3.138,4.177,2.790,4.693,4.449,2.705,14.585,16.289
Br62_rep7_Dep6_Tu10,5.259,16.824,7.041,2.038,20.147,0.277,2.152,3.655,5.025,4.927,8.639,3.004,4.968,16.044
Br62_rep6_Dep6_Tu0.1,0.408,11.361,5.850,0.005,25.538,0.222,1.768,7.728,1.257,3.268,6.195,4.470,23.859,8.071
Br62_rep5_Dep6_Tu50,39.224,6.388,3.055,10.966,6.998,0.197,2.068,5.810,5.304,2.023,4.459,0.128,1.133,12.249
Br62_rep10_Dep6_Tu1,0.875,10.966,3.994,0.046,24.547,0.300,2.748,4.433,5.941,1.003,9.578,2.448,27.377,5.743
Br62_rep1_Dep6_Tu30,22.867,3.695,1.413,5.944,12.366,0.521,5.022,3.777,3.749,1.531,6.646,4.487,11.124,16.860
Br62_rep7_Dep6_Tu0.3,0.519,25.053,0.071,0.128,23.991,0.269,2.439,1.964,4.224,5.761,8.233,1.356,24.675,1.316
Br62_rep2_Dep6_Tu10,5.618,6.536,5.301,1.895,32.814,0.482,3.306,6.851,6.095,0.017,6.786,0.927,16.905,6.466
Br62_rep9_Dep6_Tu0.1,0.187,21.748,5.070,0.030,21.393,0.302,2.636,5.079,3.112,5.749,6.651,1.474,24.212,2.358
Br62_rep3_Dep6_Tu10,5.323,20.810,4.814,2.286,15.574,0.435,4.618,1.424,2.528,5.187,9.250,4.739,14.235,8.776
Br62_rep4_Dep6_Tu5,3.663,13.507,1.346,0.594,22.993,0.200,3.843,3.121,2.196,7.835,6.356,4.205,19.133,11.005
Br62_rep8_Dep6_Tu20,13.482,6.490,10.327,4.125,13.081,0.325,2.942,3.084,4.064,5.382,5.740,3.798,13.596,13.563
Br62_rep1_Dep6_Tu2,2.025,9.881,10.205,0.237,8.406,0.324,3.720,3.372,1.032,3.860,11.127,4.430,32.522,8.856
Br62_rep10_Dep6_Tu5,3.450,20.417,7.465,0.681,6.068,0.744,3.564,0.547,1.686,8.064,9.383,4.385,25.288,8.258
Br62_rep10_Dep6_Tu30,19.501,8.689,7.335,6.078,12.743,0.292,5.662,4.871,2.201,1.273,3.606,5.027,8.296,14.426
Br62_rep6_Dep6_Tu2,0.728,6.060,9.264,0.017,4.476,1.702,3.794,4.788,3.572,1.802,12.146,4.566,30.183,16.903
Br62_rep4_Dep6_Tu3,2.111,10.145,6.379,0.280,18.052,0.092,2.873,3.140,4.643,8.779,1.583,3.024,27.036,11.865
Br66_rep4_Dep6_Tu50,45.650,9.840,5.038,6.371,3.398,0.278,0.530,1.425,3.524,4.943,3.150,0.791,7.901,7.160
Br66_rep3_Dep6_Tu0.5,0.042,3.750,6.858,0.017,28.790,0.385,0.830,3.376,4.669,7.173,10.094,1.100,26.276,6.639
Br66_rep2_Dep6_Tu3,1.340,20.512,6.610,0.141,14.353,0.519,3.490,0.744,4.092,6.877,9.069,2.414,21.801,8.038
Br66_rep6_Dep6_Tu40,33.395,14.581,7.105,5.078,0.406,1.400,2.616,4.280,2.370,5.696,1.209,2.557,2.917,16.389
Br66_rep9_Dep6_Tu0.1,0.304,12.874,6.791,0.026,27.164,0.325,2.316,1.752,6.160,5.508,7.664,1.307,27.440,0.367
Br66_rep9_Dep6_Tu5,3.348,12.980,4.320,0.692,20.985,0.679,4.661,0.721,5.579,2.532,6.549,4.439,23.369,9.145
Br66_rep10_Dep6_Tu1,0.477,24.354,6.713,0.009,9.332,0.299,3.100,1.728,3.077,10.649,7.006,2.271,19.856,11.130
Br66_rep6_Dep6_Tu20,13.650,14.162,6.363,3.523,11.191,0.823,2.471,0.490,7.429,7.277,7.149,2.804,6.500,16.167
Br66_rep10_Dep6_Tu30,21.540,9.359,3.107,4.987,9.636,1.459,2.186,0.857,6.841,5.858,6.367,3.777,10.190,13.836
Br66_rep10_Dep6_Tu5,3.621,26.261,2.027,0.641,12.971,0.638,2.906,4.897,0.836,3.205,9.525,3.956,23.146,5.369
Br66_rep7_Dep6_Tu1,0.172,12.800,6.476,0.009,19.350,0.347,4.036,0.349,6.551,6.708,2.461,2.870,26.386,11.487
Br66_rep6_Dep6_Tu0.3,0.210,29.668,4.506,0.004,17.570,0.186,3.232,2.160,4.007,4.979,9.723,3.783,10.722,9.248
Br66_rep1_Dep6_Tu30,25.673,12.892,7.499,3.601,3.776,1.452,0.051,5.981,5.147,4.804,3.449,1.322,9.671,14.683
Br66_rep3_Dep6_Tu1,0.657,30.941,4.230,0.052,17.571,0.336,1.797,2.749,4.317,4.197,10.804,1.792,18.118,2.440
Br66_rep3_Dep6_Tu30,26.571,15.292,8.091,3.229,0.395,1.048,3.956,1.326,5.481,2.103,7.321,1.764,7.085,16.336
Br66_rep9_Dep6_Tu1,0.563,6.308,3.337,0.018,24.396,0.266,3.094,1.713,4.149,9.039,8.840,2.765,23.196,12.316
Br66_rep9_Dep6_Tu40,35.224,10.198,3.666,5.392,9.432,1.142,3.580,4.634,2.066,0.012,4.419,2.079,8.488,9.668
Br66_rep5_Dep6_Tu1,0.528,6.583,8.730,0.019,22.852,0.294,0.307,1.514,4.468,10.346,4.182,4.491,24.795,10.893
Br66_rep2_Dep6_Tu5,2.726,7.880,3.986,0.281,21.723,0.344,4.084,6.832,0.330,5.871,7.492,2.107,24.893,11.452
Br66_rep5_Dep6_Tu30,23.869,3.125,10.663,3.602,10.855,1.417,3.587,2.444,7.021,2.671,4.860,0.463,16.319,9.104
Br66_rep7_Dep6_Tu50,42.679,0.767,6.549,6.093,6.596,1.438,1.782,3.454,2.169,4.280,3.465,2.128,5.267,13.334
Br66_rep4_Dep6_Tu40,31.581,6.092,7.111,5.785,6.639,1.221,2.112,0.888,4.951,5.127,5.602,3.065,5.242,14.584
Br66_rep8_Dep6_Tu5,3.160,15.409,8.175,0.224,7.650,1.217,2.763,3.389,5.470,5.600,7.949,2.122,25.860,11.012
Br66_rep9_Dep6_Tu2,1.080,38.453,4.164,0.111,3.308,0.153,0.251,1.439,4.495,10.803,3.158,4.525,15.897,12.165
Br66_rep6_Dep6_Tu30,24.703,10.321,10.581,3.166,2.943,1.674,2.477,5.075,4.469,3.002,2.052,2.858,15.412,11.267
Br66_rep4_Dep6_Tu0.1,0.067,12.872,3.125,0.014,22.113,0.489,4.242,3.130,0.531,3.249,7.713,5.521,29.516,7.418
Br66_rep5_Dep6_Tu10,7.876,0.576,7.005,0.950,21.807,0.515,3.634,0.959,4.609,6.670,6.731,3.033,22.380,13.254
Br66_rep3_Dep6_Tu40,35.471,9.171,3.303,5.654,9.407,0.820,3.417,1.654,3.308,4.301,1.013,3.584,4.631,14.266
Br66_rep9_Dep6_Tu0.5,0.464,19.371,4.267,0.013,4.713,0.171,2.900,4.272,0.751,8.378,8.521,4.076,23.813,18.290
Br66_rep8_Dep6_Tu2,1.457,12.787,6.546,0.160,25.566,0.640,0.790,2.932,2.711,3.276,8.675,4.823,28.741,0.898
Br66_rep10_Dep6_Tu2,1.574,10.890,0.953,0.279,30.946,0.221,2.036,2.592,4.092,5.877,8.159,2.578,25.758,4.043
Br66_rep6_Dep6_Tu0.1,0.199,20.074,5.363,0.003,23.489,0.237,2.498,1.785,8.840,3.519,11.303,1.030,12.046,9.613
Br66_rep5_Dep6_Tu0.5,0.069,11.852,5.553,0.004,26.697,0.331,3.783,3.149,5.935,3.535,8.480,0.905,18.132,11.573
Br66_rep2_Dep6_Tu20,15.835,18.356,9.473,2.954,13.154,0.600,3.379,4.080,4.023,5.357,0.620,1.281,18.414,2.473
Br66_rep4_Dep6_Tu0.5,0.587,19.913,3.618,0.041,25.381,0.462,2.799,3.741,3.273,2.558,9.994,2.677,21.748,3.208
Br66_rep4_Dep6_Tu5,2.609,14.337,4.987,0.193,19.258,0.211,2.213,4.979,1.218,12.155,6.516,4.204,11.996,15.123
Br66_rep8_Dep6_Tu0.5,0.487,19.673,5.617,0.009,9.577,0.286,1.770,4.713,5.500,8.015,2.097,3.163,26.677,12.418
Br66_rep5_Dep6_Tu20,14.900,5.626,8.998,2.238,11.257,1.673,1.211,6.335,0.918,4.654,6.620,5.616,19.402,10.552
Br66_rep1_Dep6_Tu3,0.854,10.902,3.432,0.134,37.016,0.169,3.049,1.196,7.843,4.897,9.846,3.835,4.476,12.351
Br66_rep10_Dep6_Tu10,6.616,11.574,7.309,0.983,14.979,1.050,4.268,3.379,6.963,2.343,2.944,3.476,22.795,11.320
Br66_rep3_Dep6_Tu10,5.169,19.297,5.680,0.993,8.539,1.024,4.252,2.557,4.839,7.533,1.197,4.310,23.825,10.784
Br66_rep10_Dep6_Tu40,32.025,8.415,8.606,5.719,10.241,1.069,1.918,0.657,4.836,3.879,6.159,3.464,1.625,11.388
Br66_rep1_Dep6_Tu50,44.270,0.532,2.106,7.348,11.058,0.832,0.900,4.891,2.622,2.593,3.484,2.844,3.616,12.904
Br66_rep10_Dep6_Tu0.5,0.430,31.854,3.375,0.006,11.413,0.486,0.856,5.056,6.211,6.288,3.430,2.173,21.049,7.372
Br66_rep1_Dep6_Tu0.3,0.211,21.333,8.085,0.016,9.073,0.301,2.047,0.748,0.732,10.431,8.887,4.942,24.690,8.505
Br66_rep10_Dep6_Tu0.1,0.182,28.854,5.897,0.007,23.442,0.293,2.195,2.827,7.879,1.149,10.780,0.819,13.165,2.512
Br66_rep8_Dep6_Tu40,32.933,0.508,9.020,4.997,10.307,1.175,3.919,2.235,4.396,3.725,2.688,3.072,1.264,19.760
Br66_rep3_Dep6_Tu20,16.237,11.354,7.850,1.365,3.433,1.368,4.158,3.144,4.419,2.164,9.338,4.175,9.886,21.108
Br66_rep9_Dep6_Tu0.3,0.669,21.931,0.112,0.027,18.778,0.121,0.760,1.406,3.886,8.626,7.058,4.475,22.606,9.546
Br66_rep7_Dep6_Tu0.3,0.415,11.891,4.754,0.001,15.851,0.177,4.238,1.151,10.855,5.160,2.450,2.168,20.670,20.219
Br66_rep5_Dep6_Tu2,1.117,7.603,2.462,0.088,32.608,0.317,2.414,1.974,7.478,4.451,10.109,1.097,20.328,7.955
Br66_rep5_Dep6_Tu0.3,0.307,16.693,3.575,0.064,21.236,0.593,1.768,1.865,5.173,7.096,10.401,0.999,28.752,1.477
Br66_rep6_Dep6_Tu5,1.659,28.078,6.749,0.203,1.946,1.251,4.187,4.323,3.766,3.887,7.244,4.561,16.892,15.254
Br66_rep5_Dep6_Tu3,1.147,4.007,6.692,0.026,30.752,0.406,3.543,2.639,4.037,6.791,8.313,2.077,15.528,14.042
Br66_rep1_Dep6_Tu5,2.135,13.731,5.985,0.257,13.302,0.908,0.330,6.358,5.665,8.428,2.124,3.055,24.337,13.386
Br66_rep6_Dep6_Tu10,6.536,6.696,9.201,0.808,26.002,0.911,1.159,4.421,4.845,4.417,8.398,2.040,16.019,8.547
Br66_rep3_Dep6_Tu5,2.748,10.331,4.490,0.291,19.034,0.685,3.484,2.949,6.106,7.534,0.700,3.815,23.414,14.419
Br66_rep1_Dep6_Tu1,0.871,19.124,2.238,0.058,26.605,0.217,3.282,1.419,7.664,1.491,5.309,3.845,24.500,3.377
Br66_rep4_Dep6_Tu30,23.399,17.281,8.013,4.004,13.433,0.626,3.711,3.279,2.431,5.566,2.213,3.617,0.499,11.928
Br66_rep8_Dep6_Tu20,14.277,7.774,6.472,2.728,15.970,1.185,2.712,2.175,4.893,5.578,5.907,3.779,12.404,14.147
Br66_rep4_Dep6_Tu10,6.620,22.861,7.119,1.307,2.151,1.191,1.835,4.785,2.714,6.240,9.712,2.087,16.267,15.110
Br66_rep2_Dep6_Tu1,0.760,31.703,0.911,0.012,7.903,0.392,2.325,2.645,4.795,6.777,11.187,1.910,16.930,11.749
Br66_rep6_Dep6_Tu2,0.262,21.893,2.938,0.060,20.352,0.548,2.714,3.003,6.241,6.509,13.334,2.305,3.709,16.130
Br66_rep6_Dep6_Tu0.5,0.465,12.141,2.974,0.027,26.894,0.363,2.488,2.878,4.828,5.724,6.154,2.309,28.845,3.909
Br66_rep5_Dep6_Tu0.1,0.327,17.398,4.875,0.001,19.875,0.286,3.266,0.039,5.022,6.259,7.530,3.078,25.120,6.924
Br66_rep2_Dep6_Tu2,1.004,22.140,5.772,0.087,14.672,0.953,3.090,4.241,4.771,0.571,8.512,3.083,24.148,6.957
Br66_rep10_Dep6_Tu50,44.452,8.135,2.400,6.220,3.040,1.580,3.090,1.637,5.013,3.317,4.325,0.971,1.044,14.775
Br66_rep7_Dep6_Tu3,0.212,0.319,7.594,0.129,31.732,0.504,2.446,3.655,7.436,9.364,2.055,0.230,25.968,8.357
Br66_rep7_Dep6_Tu10,7.450,17.670,6.482,0.990,15.877,0.500,2.051,4.337,3.046,6.177,7.493,2.810,10.084,15.031
Br66_rep2_Dep6_Tu0.5,0.036,29.762,5.075,0.001,11.779,0.301,3.174,3.565,1.727,6.494,9.406,2.334,16.607,9.738
Br66_rep5_Dep6_Tu50,42.786,8.123,6.793,7.168,3.851,1.409,2.779,3.401,2.207,0.839,1.075,3.757,3.560,12.252
Br66_rep9_Dep6_Tu20,15.480,17.179,1.303,3.797,17.419,0.653,3.142,1.648,5.195,4.697,6.704,2.510,9.265,11.008
Br66_rep8_Dep6_Tu3,2.376,22.112,3.903,0.036,15.079,0.419,3.705,2.590,3.339,9.627,2.034,1.646,26.360,6.774
Br66_rep9_Dep6_Tu10,6.877,28.259,2.692,0.711,0.816,1.163,2.793,4.906,4.616,6.373,7.800,4.049,10.333,18.611
Br66_rep7_Dep6_Tu2,0.581,15.391,3.996,0.055,26.744,0.319,2.843,2.939,2.024,8.155,6.430,2.667,22.973,4.883
Br66_rep6_Dep6_Tu3,1.177,25.910,5.391,0.151,21.771,0.101,3.879,0.170,7.555,5.744,7.453,2.403,9.090,9.204
Br66_rep1_Dep6_Tu0.5,0.256,4.920,7.883,0.018,22.870,0.333,2.805,3.759,2.683,4.737,10.325,3.072,26.550,9.790
Br66_rep2_Dep6_Tu40,35.409,8.763,5.696,4.718,0.708,1.537,4.653,5.089,0.342,2.227,4.832,1.594,12.816,11.616
Br66_rep1_Dep6_Tu2,0.740,30.449,3.504,0.066,14.033,0.545,0.386,0.333,8.288,5.286,9.220,3.678,16.601,6.870
Br66_rep8_Dep6_Tu1,0.731,36.950,1.655,0.017,22.447,0.342,2.034,4.788,4.592,2.544,13.362,1.495,1.665,7.378
Br66_rep4_Dep6_Tu3,0.557,17.502,6.842,0.294,21.496,0.533,3.131,2.953,3.743,4.572,8.334,2.925,19.915,7.204
Br66_rep7_Dep6_Tu40,34.683,11.126,5.211,5.582,1.665,1.033,0.240,2.566,3.780,5.529,3.907,3.323,6.499,14.855
Br66_rep7_Dep6_Tu0.5,0.322,19.930,5.621,0.012,16.137,0.433,2.565,1.523,6.360,7.369,6.584,0.375,28.288,4.482
Br66_rep2_Dep6_Tu30,25.221,4.083,8.290,4.674,10.511,0.636,3.797,3.833,4.319,2.000,5.882,3.093,4.427,19.233
Br66_rep2_Dep6_Tu0.1,0.202,27.997,5.912,0.005,15.563,0.297,2.186,2.157,1.514,6.835,11.140,4.112,15.196,6.883
Br66_rep7_Dep6_Tu0.1,0.322,18.941,6.603,0.007,13.744,0.510,1.971,2.070,5.210,4.728,8.305,1.919,29.273,6.395
Br66_rep1_Dep6_Tu40,32.403,10.302,7.352,5.420,7.623,1.315,2.764,3.640,1.117,4.803,4.446,2.753,6.458,9.604
Br66_rep7_Dep6_Tu5,2.581,6.203,7.238,0.154,13.493,0.429,5.134,4.207,2.086,11.735,3.968,1.116,25.039,16.617
Br66_rep4_Dep6_Tu1,0.537,15.454,5.287,0.073,18.397,0.930,3.271,4.947,3.295,1.460,8.361,3.457,28.858,5.673
Br66_rep8_Dep6_Tu0.1,0.468,29.581,1.738,0.007,11.010,0.809,0.994,5.284,7.106,1.175,11.278,1.834,22.320,6.398
Br66_rep4_Dep6_Tu2,1.403,21.148,0.708,0.148,24.912,0.360,2.746,6.073,5.484,1.667,7.694,1.165,19.885,6.608
Br66_rep1_Dep6_Tu0.1,0.411,20.554,7.790,0.005,0.456,1.276,3.286,4.141,5.375,0.397,9.000,2.814,34.162,10.334
Br66_rep2_Dep6_Tu10,7.435,20.770,1.531,1.286,14.921,0.916,3.281,0.493,3.834,9.629,9.207,0.132,20.457,6.107
Br66_rep4_Dep6_Tu20,16.818,7.424,7.170,2.823,18.144,0.730,2.382,1.884,1.405,4.642,5.015,5.584,20.034,5.946
Br66_rep4_Dep6_Tu0.3,0.468,21.700,5.280,0.004,6.311,0.616,2.262,3.562,0.477,9.892,8.088,2.810,29.732,8.796
Br66_rep10_Dep6_Tu3,1.291,21.710,4.932,0.254,23.536,0.367,0.858,4.663,3.454,5.925,9.221,2.958,12.777,8.056
Br66_rep1_Dep6_Tu20,15.435,16.556,3.709,2.576,13.931,0.732,2.348,4.587,3.321,4.789,9.120,4.146,1.765,16.987
Br66_rep6_Dep6_Tu1,0.682,38.111,7.304,0.002,9.834,0.291,3.683,3.212,0.241,2.959,13.935,4.252,3.535,11.958
Br66_rep6_Dep6_Tu50,43.472,3.415,4.543,6.442,8.812,1.108,2.798,1.445,3.885,3.190,2.976,1.115,5.385,11.415
Br66_rep9_Dep6_Tu3,0.823,22.473,9.050,0.035,19.577,0.403,2.656,3.779,6.935,4.385,11.836,2.331,1.935,13.784
Br66_rep3_Dep6_Tu50,42.239,6.771,6.374,6.624,7.109,1.351,4.376,4.017,1.700,0.304,2.946,1.623,5.862,8.702
Br66_rep8_Dep6_Tu30,23.015,6.820,8.121,3.630,7.768,1.582,3.815,4.559,1.198,2.346,7.102,4.313,10.587,15.142
Br66_rep7_Dep6_Tu20,16.074,1.651,9.736,1.226,21.630,0.551,2.258,3.323,3.650,5.314,7.305,3.786,4.264,19.231
Br66_rep3_Dep6_Tu2,1.195,7.697,8.080,0.019,24.543,0.447,3.503,1.834,6.007,4.123,8.141,2.847,22.236,9.327
Br66_rep8_Dep6_Tu50,43.190,6.057,8.745,6.353,3.259,1.542,0.121,4.021,0.664,3.985,4.539,3.349,4.883,9.291
Br66_rep3_Dep6_Tu3,1.294,20.439,5.095,0.469,15.192,0.989,2.317,6.228,2.422,2.622,6.791,3.534,31.297,1.310
Br66_rep3_Dep6_Tu0.3,0.164,30.105,6.870,0.017,10.877,0.461,3.155,2.521,8.321,0.734,10.549,0.433,19.552,6.243
Br66_rep8_Dep6_Tu0.3,0.141,18.132,5.722,0.010,16.680,0.196,4.937,1.090,3.232,5.632,2.564,5.457,25.148,11.057
Br66_rep3_Dep6_Tu0.1,0.354,21.837,5.701,0.007,13.609,0.436,1.532,2.761,5.547,5.379,9.769,1.964,23.627,7.476
Br66_rep10_Dep6_Tu0.3,0.201,10.511,4.692,0.013,26.313,0.187,2.228,1.260,5.560,6.644,8.714,2.498,23.486,7.693
Br66_rep2_Dep6_Tu50,42.692,7.435,8.557,7.201,10.481,1.025,2.082,2.262,1.378,1.126,4.816,2.727,3.205,5.013
Br66_rep5_Dep6_Tu5,2.518,25.986,7.223,0.169,15.987,0.872,1.368,5.710,3.876,2.380,9.593,4.243,9.916,10.160
Br66_rep10_Dep6_Tu20,14.442,9.709,5.143,2.318,16.656,1.036,2.919,5.439,2.316,6.101,6.645,3.907,7.599,15.770
Br66_rep7_Dep6_Tu30,22.947,7.086,10.212,3.273,3.426,1.582,5.173,5.141,1.903,4.055,2.887,4.313,7.413,20.588
Br66_rep9_Dep6_Tu30,23.905,14.335,7.953,3.713,12.889,0.983,2.373,5.720,3.439,2.121,3.958,3.437,3.488,11.686
Br66_rep5_Dep6_Tu40,34.053,12.528,7.670,4.543,8.563,1.118,4.225,4.178,0.886,2.583,3.703,3.305,3.075,9.571
Br66_rep8_Dep6_Tu10,6.913,20.071,11.025,0.519,9.535,1.356,2.851,4.240,5.767,0.702,12.262,3.803,8.518,12.438
Br66_rep9_Dep6_Tu50,45.140,4.260,3.668,6.007,3.694,1.445,1.471,1.904,3.873,4.036,1.795,2.096,2.403,18.208
Br66_rep2_Dep6_Tu0.3,0.414,0.846,3.451,0.009,33.166,0.073,2.515,2.646,3.079,6.945,6.413,3.467,28.466,8.510
Br66_rep1_Dep6_Tu10,6.474,0.533,9.634,0.780,28.065,0.701,3.079,5.088,9.805,1.196,1.368,2.258,19.397,11.623
Cer77_rep9_Dep6_Tu3,1.539,19.414,9.772,0.137,22.062,0.264,1.762,6.477,3.844,4.410,12.019,3.697,3.373,11.229
Cer77_rep5_Dep6_Tu30,8.414,9.770,36.792,8.935,2.016,0.390,4.736,10.889,3.364,2.964,0.138,3.895,5.457,2.240
Cer77_rep3_Dep6_Tu30,6.086,4.592,40.306,9.629,2.725,0.275,3.912,2.344,7.556,8.004,3.667,3.575,2.230,5.098
Cer77_rep8_Dep6_Tu50,16.628,0.512,40.901,12.292,0.216,0.137,2.806,6.328,9.386,4.782,0.756,1.790,0.957,2.510
Cer77_rep1_Dep6_Tu1,0.265,26.272,6.835,0.032,15.218,0.404,1.358,3.257,5.769,4.509,9.534,3.401,18.494,4.653
Cer77_rep7_Dep6_Tu3,1.316,27.439,12.174,0.300,0.491,1.115,3.359,7.253,0.675,1.303,11.048,4.973,18.792,9.761
Cer77_rep10_Dep6_Tu2,1.547,22.110,5.172,0.410,12.443,0.738,2.152,3.269,6.541,3.855,9.536,1.600,22.303,8.325
Cer77_rep2_Dep6_Tu0.5,0.144,35.067,5.873,0.004,19.022,0.159,1.296,2.816,5.405,5.485,7.665,4.318,1.284,11.461
Cer77_rep3_Dep6_Tu20,7.280,4.104,25.926,6.539,7.351,0.287,3.769,7.662,4.441,5.371,5.786,2.649,7.962,10.873
Cer77_rep1_Dep6_Tu2,0.405,9.287,10.488,0.188,19.058,0.475,3.477,4.369,3.010,7.593,8.231,1.948,22.037,9.435
Cer77_rep2_Dep6_Tu5,1.959,9.283,13.482,1.176,12.065,0.304,4.028,0.394,3.299,10.932,5.456,3.029,26.653,7.939
Cer77_rep5_Dep6_Tu0.5,0.244,8.118,4.914,0.011,14.163,0.579,3.946,0.854,4.780,6.398,10.919,3.176,24.126,17.772
