Sample,BRCA,CEAD,CESC,COAD,OV,READ,bcell,cd4tcell,cd8tcell,erythroblast,monocyte,naturalkillercell,neutrophil
Colo_rep2_Dep6_Tu0.5,0.139,15.102,3.558,0.008,46.563,0.479,2.457,3.916,4.186,1.140,14.101,3.991,4.363
Colo_rep2_Dep6_Tu50,2.289,11.579,6.076,0.650,14.612,36.749,4.350,6.337,7.466,5.238,2.532,0.903,1.219
Colo_rep6_Dep6_Tu1,0.560,29.081,2.241,0.017,13.676,0.933,2.826,2.675,4.525,6.968,7.866,1.659,26.974
Colo_rep3_Dep6_Tu2,0.475,32.542,2.790,0.021,12.815,1.781,2.227,7.030,3.815,3.344,1.379,5.555,26.225
Colo_rep7_Dep6_Tu2,0.429,5.081,6.415,0.015,29.636,2.055,2.725,5.397,5.601,1.734,4.389,3.476,33.049
Colo_rep8_Dep6_Tu0.1,0.322,20.292,6.290,0.009,15.118,1.092,2.453,5.386,4.423,1.775,11.844,2.794,28.202
Colo_rep10_Dep6_Tu2,0.325,38.959,7.542,0.011,2.621,1.732,3.455,4.573,2.068,6.746,10.690,1.898,19.381
Colo_rep6_Dep6_Tu3,0.618,29.196,5.402,0.028,3.872,2.885,1.818,4.334,4.628,4.613,11.380,2.195,29.031
Colo_rep9_Dep6_Tu30,1.681,20.413,14.197,0.020,2.716,22.069,0.190,3.789,3.110,9.456,11.823,5.226,5.308
Colo_rep9_Dep6_Tu0.5,0.225,28.582,0.899,0.059,16.785,0.762,3.161,2.345,3.596,7.255,8.494,1.981,25.857
Colo_rep6_Dep6_Tu20,1.358,18.766,4.451,0.064,20.926,14.772,3.367,1.736,7.845,4.564,7.318,2.813,12.021
Colo_rep8_Dep6_Tu30,1.798,11.692,7.907,0.080,17.601,22.353,0.444,4.846,6.303,0.225,11.439,5.572,9.741
Colo_rep3_Dep6_Tu5,0.420,16.596,6.122,0.033,35.379,3.138,2.176,0.442,8.594,2.030,8.318,5.280,11.471
Colo_rep4_Dep6_Tu3,1.122,19.099,0.924,0.079,26.553,1.901,2.782,2.493,3.876,5.931,9.206,2.766,23.267
Colo_rep2_Dep6_Tu10,0.920,6.758,7.276,0.042,25.966,7.896,2.455,1.556,6.749,5.975,6.989,3.133,24.285
Colo_rep3_Dep6_Tu40,2.265,11.307,8.826,0.113,1.691,30.989,5.401,0.796,7.468,4.007,9.076,1.788,16.273
Colo_rep3_Dep6_Tu30,2.127,10.655,8.717,0.167,21.644,21.946,4.281,0.184,6.708,5.797,9.352,2.772,5.650
Colo_rep6_Dep6_Tu30,1.445,25.269,4.790,0.165,6.716,22.791,1.932,7.470,5.938,6.465,0.720,4.357,11.942
Colo_rep4_Dep6_Tu50,2.659,15.239,8.508,0.193,5.163,37.331,3.258,6.588,4.878,6.619,3.250,2.481,3.832
Colo_rep5_Dep6_Tu50,1.290,7.645,5.961,0.705,10.901,37.552,5.342,6.351,5.586,6.542,4.537,0.186,7.402
Colo_rep6_Dep6_Tu2,0.414,35.099,5.908,0.041,3.995,2.132,6.128,2.721,4.672,0.481,0.138,6.418,31.852
Colo_rep10_Dep6_Tu50,1.896,8.489,7.130,0.684,7.375,37.523,4.245,1.470,7.837,5.307,2.086,5.674,10.284
Colo_rep7_Dep6_Tu50,0.907,13.104,7.012,0.705,5.588,37.303,1.105,1.709,5.707,8.454,10.203,4.465,3.739
Colo_rep9_Dep6_Tu40,1.690,9.800,8.996,0.365,12.682,29.829,1.069,2.425,11.284,0.669,3.211,5.700,12.281
Colo_rep8_Dep6_Tu5,0.556,3.996,7.402,0.125,28.800,3.979,3.168,6.508,2.179,1.547,8.893,3.638,29.210
Colo_rep1_Dep6_Tu20,1.116,17.480,8.195,0.182,3.021,16.131,3.253,3.868,2.180,7.400,10.615,2.329,24.229
Colo_rep9_Dep6_Tu2,0.180,26.172,6.213,0.028,13.985,2.337,0.918,5.032,3.830,2.765,9.413,3.971,25.156
Colo_rep5_Dep6_Tu30,1.351,12.661,5.882,0.340,14.299,21.662,5.606,5.867,1.763,5.598,4.678,4.733,15.559
Colo_rep4_Dep6_Tu0.1,0.502,6.136,4.493,0.007,29.242,0.699,2.674,1.947,4.983,3.765,9.281,3.798,32.473
Colo_rep5_Dep6_Tu0.1,0.375,1.749,6.502,0.005,50.445,0.294,0.491,5.706,2.049,4.113,14.897,3.436,9.939
Colo_rep9_Dep6_Tu3,0.339,24.779,7.576,0.008,13.911,2.495,3.740,6.972,6.387,1.565,2.372,2.981,26.875
Colo_rep2_Dep6_Tu0.1,0.090,31.956,2.964,0.039,9.580,0.749,2.730,3.444,3.402,5.844,8.779,3.796,26.625
Colo_rep8_Dep6_Tu10,1.143,18.666,3.803,0.096,16.657,7.468,3.756,4.360,6.790,2.475,11.462,1.045,22.277
Colo_rep4_Dep6_Tu30,2.058,6.915,7.900,0.144,12.289,22.525,3.221,4.815,1.536,10.677,9.086,1.263,17.570
Colo_rep2_Dep6_Tu2,0.348,17.819,4.252,0.018,21.681,1.907,0.339,3.237,5.943,3.398,6.955,5.065,29.039
Colo_rep1_Dep6_Tu5,0.613,27.324,6.276,0.005,24.011,2.735,1.444,4.672,3.826,7.085,12.799,2.369,6.839
Colo_rep8_Dep6_Tu50,2.095,7.404,8.564,0.491,10.922,37.497,5.628,2.890,4.991,2.207,8.640,5.460,3.212
Colo_rep5_Dep6_Tu5,0.739,27.297,6.182,0.016,18.261,3.253,0.925,1.753,3.848,8.252,11.478,4.128,13.868
Colo_rep6_Dep6_Tu50,2.211,7.576,7.744,0.308,12.415,37.413,0.297,5.723,3.515,6.160,9.793,5.141,1.704
Colo_rep5_Dep6_Tu0.5,0.266,22.774,7.373,0.009,13.831,0.697,3.618,3.277,2.021,8.145,1.544,4.156,32.288
Colo_rep4_Dep6_Tu20,1.849,3.005,4.216,0.079,19.184,15.909,3.027,5.975,5.720,1.516,6.202,4.178,29.138
Colo_rep8_Dep6_Tu40,2.724,16.883,5.649,0.299,5.599,29.578,5.903,1.000,3.374,4.901,7.235,4.736,12.119
Colo_rep7_Dep6_Tu0.3,0.292,38.243,5.026,0.009,4.162,1.060,1.286,4.351,4.636,1.950,11.784,2.908,24.294
Colo_rep7_Dep6_Tu30,2.088,13.794,4.346,0.250,18.231,22.431,3.232,3.758,5.564,5.297,7.322,3.082,10.606
Colo_rep10_Dep6_Tu20,1.244,22.573,7.266,0.113,5.570,14.724,2.979,0.208,9.375,9.312,2.362,3.428,20.848
Colo_rep9_Dep6_Tu10,0.955,12.889,7.075,0.129,21.772,7.481,1.034,5.933,4.705,2.626,5.883,4.994,24.524
Colo_rep9_Dep6_Tu0.1,0.420,24.161,5.745,0.008,11.537,0.798,2.891,2.772,4.442,4.850,8.816,4.126,29.435
Colo_rep10_Dep6_Tu0.3,0.212,19.034,5.612,0.017,27.515,0.632,3.085,4.659,5.508,0.761,11.533,2.681,18.751
Colo_rep8_Dep6_Tu20,1.247,11.254,8.046,0.150,21.643,14.542,2.075,5.502,1.944,8.105,9.466,3.020,13.004
Colo_rep3_Dep6_Tu3,0.162,28.735,4.573,0.096,8.616,2.671,2.904,4.396,4.261,7.149,5.185,3.201,28.050
Colo_rep4_Dep6_Tu2,0.362,0.842,9.079,0.021,47.253,1.066,1.862,7.780,2.482,1.889,1.640,6.302,19.421
Colo_rep10_Dep6_Tu0.1,0.527,22.077,5.820,0.021,15.199,0.971,1.033,1.131,7.742,1.666,12.430,4.362,27.021
Colo_rep4_Dep6_Tu0.3,0.244,18.608,6.670,0.008,16.903,1.029,2.850,5.181,7.318,3.843,1.246,2.335,33.766
Colo_rep9_Dep6_Tu0.3,0.157,14.882,8.474,0.005,11.121,1.236,2.895,1.730,5.771,6.479,8.847,2.187,36.216
Colo_rep1_Dep6_Tu10,0.823,4.972,8.192,0.089,34.179,6.686,1.613,6.702,2.129,8.948,10.509,1.478,13.680
Colo_rep6_Dep6_Tu0.3,0.869,24.412,0.081,0.034,23.162,0.109,3.174,1.594,2.512,7.316,10.114,3.879,22.743
Colo_rep6_Dep6_Tu0.5,0.456,23.622,4.594,0.020,16.055,0.843,3.107,4.448,1.828,3.831,8.680,4.419,28.096
Colo_rep10_Dep6_Tu10,0.822,17.118,5.253,0.060,20.594,7.746,1.914,5.009,5.303,1.652,12.192,3.939,18.397
Colo_rep10_Dep6_Tu1,0.327,1.757,6.330,0.041,38.249,0.524,2.784,4.984,2.801,5.429,9.696,3.568,23.512
Colo_rep10_Dep6_Tu5,0.439,9.040,4.293,0.114,36.047,3.253,3.311,0.978,6.530,8.041,9.184,1.816,16.955
Colo_rep10_Dep6_Tu40,2.533,20.539,8.544,0.368,6.250,30.099,1.283,8.559,1.001,1.455,12.413,5.477,1.480
Colo_rep10_Dep6_Tu0.5,0.340,10.932,6.700,0.047,25.068,0.941,1.607,3.014,6.244,3.431,9.000,3.872,28.802
Colo_rep1_Dep6_Tu1,0.382,21.967,3.916,0.012,24.670,0.512,2.106,1.383,5.955,7.421,8.438,4.072,19.165
Colo_rep7_Dep6_Tu20,0.071,3.450,11.990,0.155,15.579,15.920,3.637,4.733,3.936,3.300,9.844,3.520,23.866
Colo_rep6_Dep6_Tu10,1.061,16.766,6.927,0.053,21.798,7.527,3.464,3.199,7.184,4.053,7.771,0.265,19.932
Colo_rep10_Dep6_Tu3,0.394,14.318,7.126,0.000,22.794,2.280,2.415,2.948,5.147,6.209,10.444,1.135,24.790
Colo_rep1_Dep6_Tu30,1.118,14.304,7.793,0.200,10.332,23.051,3.985,4.431,2.556,5.470,5.700,5.219,15.842
Colo_rep1_Dep6_Tu0.1,0.513,15.555,3.339,0.005,26.685,0.773,3.625,6.127,2.425,0.265,10.593,2.290,27.806
Colo_rep7_Dep6_Tu5,0.757,24.407,5.443,0.073,23.100,2.977,2.808,3.645,4.334,8.253,9.660,0.651,13.892
Colo_rep7_Dep6_Tu0.1,0.177,26.535,6.436,0.004,34.961,0.159,2.464,4.349,5.043,4.913,8.166,2.896,3.899
Colo_rep6_Dep6_Tu40,2.342,6.853,7.655,0.536,13.890,29.485,4.697,2.651,0.932,7.961,7.254,4.086,11.658
Colo_rep8_Dep6_Tu2,0.267,10.970,6.318,0.014,32.618,1.539,1.928,5.293,3.447,2.248,12.665,3.528,19.164
Colo_rep7_Dep6_Tu0.5,0.337,22.460,4.733,0.024,27.189,0.531,3.578,1.948,4.655,2.636,11.518,3.357,17.034
Colo_rep5_Dep6_Tu20,1.647,20.208,1.897,0.162,11.419,14.929,2.931,2.917,4.459,8.433,6.374,4.285,20.337
Colo_rep8_Dep6_Tu0.3,0.339,16.830,6.894,0.009,18.102,0.681,1.477,1.863,5.719,7.236,10.106,1.869,28.875
Colo_rep4_Dep6_Tu5,1.083,15.321,10.144,0.102,2.211,4.400,3.515,2.713,6.626,7.954,5.304,1.428,39.199
Colo_rep9_Dep6_Tu1,0.572,20.426,4.105,0.008,22.374,0.560,2.745,3.496,2.058,10.111,1.974,4.203,27.367
Colo_rep1_Dep6_Tu0.5,0.348,14.517,4.902,0.016,28.000,0.391,3.130,4.856,1.556,7.586,8.270,2.014,24.413
Colo_rep8_Dep6_Tu3,0.661,1.976,6.336,0.039,33.304,2.236,3.939,1.160,7.740,4.549,2.887,3.045,32.127
Colo_rep5_Dep6_Tu0.3,0.369,4.615,10.285,0.028,5.682,2.395,2.384,3.237,2.386,6.302,13.461,4.221,44.636
Colo_rep2_Dep6_Tu30,0.928,5.776,6.599,0.130,21.200,22.792,4.390,6.567,4.635,4.570,5.394,2.055,14.963
Colo_rep7_Dep6_Tu10,0.665,15.324,7.523,0.030,22.822,7.209,2.229,5.380,1.580,8.388,3.807,3.837,21.208
Colo_rep2_Dep6_Tu40,2.373,4.775,6.890,0.446,13.407,30.591,4.543,6.544,3.527,1.290,9.121,3.772,12.720
Colo_rep3_Dep6_Tu0.1,0.383,14.884,8.025,0.012,21.938,0.404,2.654,1.135,1.907,7.407,10.283,4.476,26.493
Colo_rep3_Dep6_Tu1,0.627,24.403,2.839,0.005,22.499,0.651,0.907,1.235,5.504,6.126,12.095,3.037,20.072
Colo_rep8_Dep6_Tu1,0.418,23.800,5.088,0.006,22.356,0.799,0.815,3.592,5.764,7.434,9.423,0.998,19.506
Colo_rep4_Dep6_Tu1,0.194,15.439,7.523,0.041,22.401,0.980,0.057,0.914,5.102,8.197,12.368,3.670,23.113
Colo_rep5_Dep6_Tu40,0.739,9.276,6.274,0.484,12.425,30.927,1.465,6.519,8.603,4.466,5.020,2.782,11.020
Colo_rep5_Dep6_Tu10,1.057,11.347,4.052,0.163,28.507,6.887,2.102,0.315,5.462,6.757,11.905,3.803,17.644
Colo_rep2_Dep6_Tu0.3,0.551,22.646,1.707,0.027,24.660,0.198,3.207,0.636,2.900,9.303,7.522,3.203,23.441
Colo_rep10_Dep6_Tu30,2.310,2.218,5.618,0.155,13.478,24.049,3.072,4.537,2.124,5.648,4.843,5.371,26.578
Colo_rep1_Dep6_Tu40,3.177,10.068,4.042,0.434,20.498,29.232,4.890,2.748,2.139,7.938,7.707,3.124,4.005
Colo_rep6_Dep6_Tu0.1,0.041,24.029,4.342,0.002,32.749,0.396,1.900,3.873,6.207,4.157,14.675,1.923,5.704
Colo_rep7_Dep6_Tu40,1.912,5.938,7.341,0.555,12.706,30.442,1.145,6.003,3.155,6.881,8.713,3.323,11.886
Colo_rep1_Dep6_Tu50,2.251,2.381,7.157,0.863,10.868,38.171,2.860,8.865,0.269,6.355,1.649,6.055,12.257
Colo_rep1_Dep6_Tu0.3,0.219,22.614,0.753,0.020,30.041,0.471,2.697,1.118,4.329,6.202,13.275,3.433,14.829
Colo_rep9_Dep6_Tu20,1.517,23.901,2.464,0.222,9.078,14.663,3.787,4.960,2.219,10.995,1.263,2.956,21.975
Colo_rep4_Dep6_Tu10,0.905,30.277,4.147,0.074,8.211,7.549,3.815,2.672,3.343,5.812,8.465,2.618,22.112
Colo_rep6_Dep6_Tu5,0.695,14.589,1.683,0.032,39.790,2.760,0.998,2.215,3.780,8.248,12.853,3.548,8.809
Colo_rep9_Dep6_Tu5,0.417,7.948,13.447,0.027,26.548,3.626,3.566,1.102,7.398,2.108,13.434,2.866,17.513
Colo_rep3_Dep6_Tu50,1.129,4.957,6.581,0.678,11.189,38.013,5.801,11.572,0.096,2.517,7.740,0.579,9.150
Colo_rep5_Dep6_Tu1,0.465,5.424,8.525,0.030,27.822,0.824,2.815,4.111,2.042,8.870,10.064,0.681,28.326
Colo_rep5_Dep6_Tu3,0.145,17.933,2.482,0.026,31.140,2.524,2.781,6.366,1.180,1.683,11.642,3.745,18.354
Colo_rep2_Dep6_Tu1,0.411,14.981,6.041,0.014,27.431,0.440,2.523,3.699,2.568,6.328,8.536,3.516,23.511
Colo_rep7_Dep6_Tu1,0.147,5.247,7.841,0.001,35.164,0.744,1.509,2.823,3.678,5.561,10.502,3.267,23.517
Colo_rep5_Dep6_Tu2,0.308,24.731,5.037,0.034,11.005,2.199,2.648,5.017,6.861,2.609,4.292,2.784,32.474
Colo_rep4_Dep6_Tu40,1.323,8.666,7.594,0.496,9.481,30.760,1.768,2.749,10.899,3.661,8.397,1.694,12.512
Colo_rep2_Dep6_Tu20,0.953,8.275,7.151,0.192,26.286,13.959,3.508,2.564,2.246,8.306,7.885,5.153,13.522
Colo_rep4_Dep6_Tu0.5,0.654,13.980,5.242,0.043,21.857,0.744,2.497,3.203,4.371,5.641,8.018,3.238,30.513
Colo_rep2_Dep6_Tu5,0.296,30.890,8.310,0.041,6.379,3.492,1.718,1.376,4.562,7.546,11.340,3.137,20.914
Colo_rep2_Dep6_Tu3,0.140,18.228,6.675,0.022,24.856,2.393,1.831,3.286,4.671,5.139,11.654,2.754,18.350
Colo_rep3_Dep6_Tu10,1.275,34.945,2.864,0.110,1.956,8.520,3.627,4.556,1.002,3.477,10.233,4.855,22.581
Colo_rep8_Dep6_Tu0.5,0.419,25.392,4.357,0.011,18.796,0.567,0.840,6.277,3.286,4.925,6.595,4.230,24.303
Colo_rep7_Dep6_Tu3,0.701,10.965,10.132,0.048,26.044,2.153,3.410,5.147,2.070,0.962,12.447,4.189,21.733
Colo_rep3_Dep6_Tu0.5,0.182,18.796,5.196,0.024,22.401,0.628,1.319,4.671,0.721,7.965,10.655,3.604,23.838
Colo_rep3_Dep6_Tu20,0.831,14.204,5.469,0.216,19.458,15.285,4.543,5.180,5.507,2.851,8.798,0.804,16.853
Colo_rep1_Dep6_Tu2,0.766,22.437,6.696,0.015,15.017,1.803,1.628,3.356,9.414,5.269,5.712,0.538,27.350
Colo_rep9_Dep6_Tu50,1.809,5.895,8.311,0.683,6.447,39.071,2.728,5.196,6.381,3.064,3.397,4.377,12.643
Colo_rep3_Dep6_Tu0.3,0.227,39.908,8.906,0.004,14.662,0.235,2.893,2.960,0.552,9.793,14.604,2.612,2.644
Colo_rep1_Dep6_Tu3,0.594,4.548,7.906,0.031,30.717,2.256,3.122,2.699,6.789,0.770,13.258,2.451,24.858
Br62_rep5_Dep6_Tu0.5,0.338,13.786,6.052,0.016,19.832,0.961,2.761,3.271,1.527,6.841,9.113,2.969,32.534
Br62_rep5_Dep6_Tu3,2.086,7.125,5.329,0.157,34.843,0.784,1.628,5.674,4.587,4.301,8.258,1.271,23.957
Br62_rep6_Dep6_Tu30,19.373,18.926,11.703,6.309,5.397,0.534,4.221,4.691,2.116,7.314,4.497,3.027,11.892
Br62_rep7_Dep6_Tu20,14.099,7.303,14.472,3.823,17.054,0.643,3.608,4.266,2.947,2.891,6.866,3.239,18.789
Br62_rep2_Dep6_Tu40,30.070,12.932,6.407,9.536,7.941,0.258,3.392,3.569,2.058,3.585,5.904,3.355,10.993
Br62_rep8_Dep6_Tu0.5,0.049,25.275,4.187,0.082,14.196,0.730,0.156,5.393,4.394,6.681,9.481,2.273,27.103
Br62_rep5_Dep6_Tu2,0.859,29.981,10.779,0.342,3.271,1.089,2.313,4.362,1.917,3.968,12.896,4.067,24.155
Br62_rep4_Dep6_Tu50,35.841,10.987,17.499,11.243,0.737,0.156,1.529,5.044,2.525,3.765,3.375,3.855,3.444
Br62_rep8_Dep6_Tu40,27.776,9.929,11.617,9.625,12.102,0.435,1.826,1.185,5.055,6.070,4.675,2.721,6.983
Br62_rep7_Dep6_Tu2,1.746,22.008,0.514,0.297,23.864,0.613,2.597,3.289,2.884,2.720,10.670,4.649,24.150
Br62_rep9_Dep6_Tu40,27.533,2.842,20.388,8.763,6.675,0.450,2.271,4.233,2.646,3.659,4.376,3.833,12.332
Br62_rep10_Dep6_Tu2,0.967,17.050,7.011,0.073,19.124,0.923,3.011,3.455,4.586,5.462,10.128,0.935,27.274
Br62_rep6_Dep6_Tu10,8.760,8.647,1.682,2.427,23.356,0.844,3.009,1.999,5.661,3.966,9.621,1.787,28.242
Br62_rep2_Dep6_Tu2,1.119,19.512,3.672,0.218,31.570,0.338,3.016,2.522,2.508,5.476,9.801,4.505,15.740
Br62_rep9_Dep6_Tu5,2.263,33.339,7.033,0.963,8.725,0.732,4.312,0.891,6.723,4.744,10.615,1.534,18.125
Br62_rep6_Dep6_Tu40,28.303,16.506,15.748,8.752,0.814,0.379,3.984,1.810,1.719,4.701,5.493,3.286,8.504
Br62_rep4_Dep6_Tu20,14.043,15.165,11.045,4.635,17.917,0.435,1.481,7.676,1.839,2.185,6.284,5.062,12.232
Br62_rep9_Dep6_Tu1,1.451,21.788,3.422,0.043,27.031,0.017,2.966,0.114,8.216,7.573,9.386,0.224,17.770
Br62_rep1_Dep6_Tu0.3,0.513,39.079,1.889,0.025,9.288,0.555,0.335,4.965,3.571,7.118,7.683,4.221,20.758
Br62_rep3_Dep6_Tu5,2.583,22.532,6.858,0.102,28.884,0.469,4.023,6.681,0.613,4.798,3.731,4.923,13.805
Br62_rep9_Dep6_Tu50,37.482,6.902,15.845,11.199,4.739,0.191,3.975,0.802,3.128,3.844,4.070,1.690,6.133
Br62_rep5_Dep6_Tu30,18.572,8.618,15.740,7.141,5.670,0.517,4.171,1.314,5.971,5.086,6.531,2.967,17.703
Br62_rep9_Dep6_Tu0.5,0.272,26.019,7.120,0.005,27.025,0.220,2.976,0.557,3.033,7.067,11.418,3.508,10.778
Br62_rep1_Dep6_Tu20,10.410,3.439,15.312,4.805,24.812,0.515,3.709,3.559,5.469,3.886,9.067,2.145,12.871
Br62_rep4_Dep6_Tu2,0.486,11.596,10.764,0.036,40.662,0.440,2.743,1.145,6.751,2.753,15.241,3.266,4.118
Br62_rep8_Dep6_Tu3,2.042,13.453,8.072,0.250,22.667,1.027,1.034,0.729,9.238,1.096,9.403,3.778,27.211
Br62_rep2_Dep6_Tu5,2.239,4.992,10.156,0.874,33.728,0.204,2.398,5.283,5.262,4.432,5.100,2.584,22.748
Br62_rep2_Dep6_Tu1,0.654,18.172,6.585,0.023,18.950,0.457,2.533,2.442,4.163,7.139,10.641,1.252,26.990
Br62_rep8_Dep6_Tu1,0.568,26.083,7.220,0.037,6.724,1.226,3.423,0.414,8.025,2.486,10.806,1.914,31.075
Br62_rep10_Dep6_Tu0.1,0.528,3.346,7.144,0.001,28.444,0.737,2.170,6.023,0.923,6.206,9.779,3.356,31.342
Br62_rep3_Dep6_Tu40,29.246,3.107,19.271,8.240,5.839,0.277,3.498,3.787,2.575,2.797,5.624,3.351,12.387
Br62_rep8_Dep6_Tu0.3,0.278,11.010,5.243,0.000,33.724,0.299,2.618,1.690,0.770,8.109,11.072,4.144,21.042
Br62_rep4_Dep6_Tu0.5,1.305,31.433,2.923,0.042,12.769,0.838,1.384,5.160,4.998,0.833,11.667,3.262,23.386
Br62_rep6_Dep6_Tu50,34.962,9.653,18.046,11.511,2.527,0.215,1.032,0.384,6.866,3.917,6.037,2.843,2.007
Br62_rep7_Dep6_Tu0.1,0.189,4.325,6.840,0.008,31.446,0.451,3.058,4.731,2.178,6.948,4.297,2.812,32.718
Br62_rep9_Dep6_Tu30,21.237,5.560,13.348,6.142,15.985,0.448,3.740,4.212,1.845,5.192,4.283,3.806,14.202
Br62_rep6_Dep6_Tu20,13.010,13.213,7.209,4.251,13.584,0.462,2.907,1.474,5.773,7.944,5.566,2.035,22.573
Br62_rep5_Dep6_Tu5,3.478,23.617,3.701,0.421,13.548,1.230,2.811,4.331,8.671,1.819,7.477,1.145,27.750
Br62_rep4_Dep6_Tu40,29.448,11.825,12.331,7.972,12.022,0.350,3.357,9.630,2.878,0.503,0.542,0.815,8.327
Br62_rep8_Dep6_Tu0.1,0.189,18.520,3.541,0.024,21.928,0.549,2.333,3.460,4.344,5.613,9.965,3.437,26.095
Br62_rep1_Dep6_Tu40,28.703,10.539,11.833,9.433,12.333,0.233,2.282,3.696,1.310,5.699,4.878,3.726,5.336
Br62_rep3_Dep6_Tu30,20.410,8.038,10.029,6.953,29.002,0.327,3.704,4.305,2.346,3.260,7.708,3.872,0.044
Br62_rep7_Dep6_Tu0.5,0.238,6.265,6.303,0.008,30.903,0.529,2.679,1.080,8.201,7.154,0.458,3.392,32.791
Br62_rep1_Dep6_Tu10,4.805,3.937,12.325,1.783,26.474,0.882,4.211,8.367,0.337,2.799,7.602,3.836,22.642
Br62_rep10_Dep6_Tu20,15.934,2.652,12.027,3.641,16.194,0.691,3.393,3.171,6.571,2.761,9.926,1.033,22.006
Br62_rep1_Dep6_Tu5,3.594,33.234,3.416,0.986,4.757,0.970,2.155,5.259,3.126,5.392,8.722,2.597,25.791
Br62_rep3_Dep6_Tu50,35.064,8.303,14.719,10.372,3.819,0.359,4.288,2.701,5.519,1.494,2.115,3.636,7.612
Br62_rep1_Dep6_Tu3,0.535,27.641,8.983,0.480,14.461,0.588,3.265,4.571,1.339,5.572,10.938,4.415,17.211
Br62_rep7_Dep6_Tu30,20.999,10.904,14.126,6.927,14.756,0.288,0.896,6.155,1.081,5.677,5.633,3.558,9.001
Br62_rep6_Dep6_Tu1,0.622,19.886,2.052,0.096,27.168,0.772,4.196,5.755,3.501,1.898,8.849,1.248,23.956
Br62_rep1_Dep6_Tu0.5,0.577,18.249,4.113,0.047,26.327,0.103,2.856,2.650,2.976,9.047,9.373,1.539,22.142
Br62_rep1_Dep6_Tu0.1,0.734,6.719,1.669,0.018,41.639,0.128,3.112,2.158,5.017,4.897,6.530,3.225,24.155
Br62_rep9_Dep6_Tu3,2.528,27.020,6.582,0.324,8.685,0.669,1.256,5.160,1.230,5.871,9.800,4.321,26.555
Br62_rep5_Dep6_Tu40,26.203,14.015,10.942,8.904,6.741,0.540,4.959,3.713,7.073,2.688,2.672,2.340,9.209
Br62_rep10_Dep6_Tu3,2.476,29.723,2.494,0.117,11.906,0.666,3.290,1.078,4.756,3.755,10.046,3.953,25.740
Br62_rep2_Dep6_Tu0.3,0.527,8.920,6.115,0.022,29.361,0.476,3.388,4.219,5.913,1.182,6.792,2.398,30.687
Br62_rep10_Dep6_Tu40,28.148,15.922,12.535,8.561,8.732,0.261,1.418,3.144,5.713,3.155,5.891,3.824,2.697
Br62_rep3_Dep6_Tu2,0.343,21.036,6.419,0.331,14.324,0.995,0.736,4.453,3.715,7.616,10.114,3.031,26.887
Br62_rep5_Dep6_Tu1,0.076,15.063,7.052,0.215,27.870,0.582,0.302,6.151,2.420,4.160,10.359,4.381,21.369
Br62_rep4_Dep6_Tu1,0.615,30.760,7.236,0.081,9.217,0.769,2.558,5.712,0.030,5.718,8.981,4.381,23.942
Br62_rep10_Dep6_Tu0.5,0.510,29.822,7.011,0.114,6.616,0.715,0.411,4.201,2.103,8.824,11.423,2.640,25.611
Br62_rep5_Dep6_Tu20,15.177,15.058,10.128,4.694,13.794,0.433,4.320,0.685,8.454,6.662,1.975,0.620,17.999
Br62_rep6_Dep6_Tu0.3,0.539,20.772,6.689,0.022,10.901,0.764,1.066,0.843,4.886,7.109,11.311,3.600,31.498
Br62_rep9_Dep6_Tu0.3,0.167,11.693,7.503,0.009,26.977,0.735,2.439,2.631,6.360,4.138,13.718,0.103,23.528
Br62_rep2_Dep6_Tu20,12.826,21.259,8.796,4.719,7.088,0.735,4.497,4.422,2.015,3.280,7.811,4.239,18.313
Br62_rep6_Dep6_Tu0.5,0.674,6.475,7.167,0.015,30.023,0.665,2.848,4.380,5.044,2.013,10.502,2.452,27.741
Br62_rep8_Dep6_Tu10,3.854,21.381,10.298,2.485,15.058,0.728,3.461,4.615,4.421,5.399,9.378,3.230,15.693
Br62_rep2_Dep6_Tu0.1,0.495,18.789,7.798,0.014,18.244,0.446,2.935,2.786,4.840,4.893,8.517,3.183,27.061
Br62_rep5_Dep6_Tu10,7.341,9.278,11.555,1.581,23.976,0.623,4.919,1.880,4.508,1.202,11.307,2.208,19.623
Br62_rep10_Dep6_Tu10,5.928,6.054,11.700,2.053,19.808,0.604,3.739,3.521,1.978,7.127,6.569,3.903,27.015
Br62_rep4_Dep6_Tu10,2.613,15.415,9.942,2.637,18.359,0.778,5.273,3.041,1.905,9.146,4.200,2.454,24.237
Br62_rep3_Dep6_Tu0.1,0.162,35.060,2.835,0.038,7.549,0.585,0.194,4.149,5.028,9.481,3.899,3.120,27.899
Br62_rep2_Dep6_Tu50,37.709,2.598,17.375,10.525,5.545,0.321,2.191,6.522,1.368,4.146,1.933,0.114,9.654
Br62_rep9_Dep6_Tu10,3.116,4.804,9.009,3.203,28.232,0.778,3.254,3.415,2.510,5.928,9.830,4.231,21.690
Br62_rep5_Dep6_Tu0.3,0.529,27.589,2.418,0.064,11.807,0.657,2.375,3.491,3.044,7.195,9.338,3.508,27.984
Br62_rep8_Dep6_Tu50,34.236,6.359,17.805,11.238,0.966,0.385,3.814,4.684,2.695,4.326,4.813,1.687,6.992
Br62_rep4_Dep6_Tu0.3,0.446,13.699,1.509,0.026,30.875,0.420,3.368,1.822,5.189,7.111,8.769,1.433,25.332
Br62_rep7_Dep6_Tu1,0.447,23.795,5.873,0.013,39.748,0.123,2.814,2.513,3.958,6.691,9.379,3.491,1.155
Br62_rep3_Dep6_Tu0.5,0.436,1.366,9.563,0.030,28.421,0.528,1.074,0.980,4.596,8.224,12.390,2.891,29.504
Br62_rep7_Dep6_Tu40,29.990,10.188,4.964,8.768,14.906,0.308,0.550,7.030,0.840,8.007,0.032,3.153,11.264
Br62_rep2_Dep6_Tu3,3.073,26.263,0.034,0.449,21.185,0.234,2.203,6.189,1.688,8.366,0.442,4.138,25.735
Br62_rep2_Dep6_Tu0.5,0.174,15.289,8.240,0.008,16.646,0.819,2.183,2.114,4.466,6.391,8.646,3.345,31.678
Br62_rep1_Dep6_Tu50,34.857,8.135,15.886,10.813,7.639,0.143,3.223,2.581,4.803,5.095,3.388,1.284,2.154
Br62_rep3_Dep6_Tu3,1.306,9.493,14.036,0.325,17.488,0.692,2.308,3.148,5.461,7.124,9.865,2.304,26.451
Br62_rep7_Dep6_Tu3,2.790,10.128,3.459,0.595,27.307,0.468,0.179,5.962,0.439,8.525,10.105,3.098,26.945
Br62_rep3_Dep6_Tu0.3,0.491,22.987,8.061,0.010,16.312,0.340,1.604,5.452,0.832,7.650,7.693,3.883,24.684
Br62_rep8_Dep6_Tu30,22.982,14.315,10.527,6.325,11.055,0.184,1.220,6.784,1.793,6.395,3.783,1.702,12.935
Br62_rep4_Dep6_Tu30,22.291,7.274,3.908,7.803,23.258,0.132,4.039,2.163,4.548,5.670,1.065,3.247,14.603
Br62_rep6_Dep6_Tu3,1.054,19.155,6.129,0.514,18.181,0.602,2.065,2.274,4.502,8.246,7.834,3.401,26.044
Br62_rep4_Dep6_Tu0.1,0.539,31.442,3.756,0.005,20.759,0.276,1.472,1.190,6.999,4.452,11.107,3.434,14.569
Br62_rep8_Dep6_Tu5,2.659,11.215,7.785,1.005,24.756,0.567,2.679,0.693,3.299,6.886,8.175,4.889,25.393
Br62_rep10_Dep6_Tu50,34.384,1.146,22.680,11.189,1.585,0.393,1.922,2.530,5.414,5.363,3.318,2.715,7.362
Br62_rep10_Dep6_Tu0.3,0.426,16.844,6.122,0.027,31.934,0.194,2.924,3.516,5.238,2.487,11.374,3.202,15.712
Br62_rep3_Dep6_Tu20,15.689,26.214,7.023,2.975,7.469,0.659,2.421,5.844,6.039,1.142,5.348,1.814,17.363
Br62_rep1_Dep6_Tu1,0.143,37.571,7.352,0.033,0.521,0.887,4.983,2.369,2.959,1.769,9.070,6.333,26.010
Br62_rep3_Dep6_Tu1,0.651,12.780,9.867,0.020,17.219,0.752,1.286,3.015,3.464,5.472,10.807,3.958,30.709
Br62_rep9_Dep6_Tu2,1.376,10.668,5.149,0.144,29.889,0.697,2.271,2.375,4.976,4.841,7.482,3.264,26.868
Br62_rep7_Dep6_Tu50,37.791,9.683,9.575,10.872,8.816,0.142,3.804,0.064,2.093,6.154,3.283,3.381,4.341
Br62_rep7_Dep6_Tu5,0.551,3.584,8.433,1.430,29.333,0.987,2.472,5.855,1.523,6.174,10.167,3.177,26.315
Br62_rep8_Dep6_Tu2,1.522,6.553,6.846,0.242,29.842,0.811,1.676,2.935,6.050,2.428,11.110,3.616,26.369
Br62_rep5_Dep6_Tu0.1,0.189,23.710,3.190,0.010,23.117,0.618,4.346,8.341,1.975,1.117,6.478,2.388,24.521
Br62_rep6_Dep6_Tu5,2.258,15.276,5.407,0.829,25.689,0.423,1.971,4.398,3.731,7.986,7.033,1.822,23.176
Br62_rep9_Dep6_Tu20,12.834,23.223,15.136,3.846,1.723,0.750,3.047,4.481,3.031,4.168,8.787,3.574,15.400
Br62_rep2_Dep6_Tu30,23.342,15.684,10.630,7.264,9.155,0.232,1.379,5.041,1.417,2.925,6.255,4.002,12.674
Br62_rep7_Dep6_Tu10,0.531,8.203,7.669,3.912,32.260,0.822,3.855,8.591,3.922,4.131,0.208,2.454,23.443
Br62_rep6_Dep6_Tu0.1,0.182,23.198,3.751,0.019,20.722,0.411,3.529,6.655,0.222,4.925,6.966,4.270,25.150
Br62_rep5_Dep6_Tu50,37.161,8.879,15.372,10.968,7.432,0.198,2.848,3.464,3.793,2.806,4.867,1.459,0.754
Br62_rep10_Dep6_Tu1,0.535,25.701,6.024,0.063,11.215,0.669,0.587,4.742,5.675,5.641,9.843,2.711,26.593
Br62_rep1_Dep6_Tu30,19.069,9.012,16.606,5.805,11.597,0.870,3.858,1.543,5.939,3.103,5.691,4.312,12.594
Br62_rep7_Dep6_Tu0.3,0.395,14.552,6.515,0.039,23.492,0.383,1.643,3.446,1.852,6.694,9.654,3.448,27.888
Br62_rep2_Dep6_Tu10,3.879,16.932,3.477,2.701,29.970,0.540,2.604,4.880,3.616,7.614,5.931,3.614,14.242
Br62_rep9_Dep6_Tu0.1,0.868,5.396,0.711,0.052,35.912,0.599,1.748,2.036,7.415,3.536,12.287,2.917,26.521
Br62_rep3_Dep6_Tu10,5.417,2.737,5.415,2.725,31.940,0.372,3.766,1.705,5.417,6.626,6.707,3.346,23.827
Br62_rep4_Dep6_Tu5,3.219,22.662,5.832,0.631,17.730,0.692,2.472,3.624,3.837,4.167,10.985,3.779,20.370
Br62_rep8_Dep6_Tu20,11.128,17.104,15.945,4.760,9.194,0.515,4.153,0.464,4.894,8.362,4.775,3.079,15.626
Br62_rep1_Dep6_Tu2,0.716,3.959,9.262,0.177,40.081,0.183,2.941,3.823,1.633,8.957,9.342,3.105,15.823
Br62_rep10_Dep6_Tu5,0.696,3.211,11.787,0.996,33.086,0.783,2.959,4.099,6.609,4.931,8.977,2.161,19.705
Br62_rep10_Dep6_Tu30,18.880,19.151,12.289,6.454,8.101,0.347,2.288,1.412,6.287,6.966,5.227,2.294,10.306
Br62_rep6_Dep6_Tu2,1.078,23.800,6.844,0.072,28.899,0.456,3.429,3.976,3.660,2.657,14.095,2.929,8.105
Br62_rep4_Dep6_Tu3,1.610,24.689,7.150,0.282,22.918,0.504,3.535,5.123,4.131,4.927,7.960,1.443,15.728
Br66_rep4_Dep6_Tu50,42.322,4.708,12.237,6.156,11.029,1.527,3.328,1.552,2.424,1.731,4.870,2.887,5.229
Br66_rep3_Dep6_Tu0.5,0.602,20.306,5.209,0.007,18.285,0.555,1.928,4.417,1.423,5.369,11.030,3.953,26.914
Br66_rep2_Dep6_Tu3,1.885,7.040,2.396,0.395,32.222,0.764,1.116,3.984,3.031,7.881,9.311,2.696,27.277
Br66_rep6_Dep6_Tu40,34.132,13.999,11.103,5.822,5.788,1.419,3.362,2.222,0.102,0.670,5.630,4.103,11.647
Br66_rep9_Dep6_Tu0.1,0.348,20.484,4.507,0.026,17.144,0.621,2.881,4.353,3.973,5.402,7.572,3.503,29.184
Br66_rep9_Dep6_Tu5,3.198,17.233,7.355,0.494,29.512,0.487,3.217,4.808,3.268,5.855,5.966,3.331,15.276
Br66_rep10_Dep6_Tu1,0.948,18.531,5.764,0.022,19.013,0.459,2.674,0.645,0.394,9.870,10.255,3.753,27.673
Br66_rep6_Dep6_Tu20,14.278,13.843,11.347,3.172,27.081,0.594,3.021,2.718,5.594,6.964,7.062,0.035,4.289
Br66_rep10_Dep6_Tu30,23.377,6.209,12.566,4.439,4.352,1.719,4.469,0.762,2.496,7.079,5.005,2.990,24.537
Br66_rep10_Dep6_Tu5,3.402,21.919,6.030,0.396,18.864,0.645,4.127,2.825,0.826,3.912,11.384,4.427,21.244
Br66_rep7_Dep6_Tu1,0.609,20.742,3.866,0.012,30.242,0.278,2.278,2.327,5.825,5.921,4.430,3.387,20.084
Br66_rep6_Dep6_Tu0.3,0.251,21.176,7.555,0.008,12.750,0.576,2.188,4.750,2.318,8.918,2.367,3.951,33.193
Br66_rep1_Dep6_Tu30,22.777,19.435,12.997,4.199,1.938,2.023,3.306,3.152,4.177,3.994,6.495,2.001,13.504
Br66_rep3_Dep6_Tu1,1.019,18.319,2.048,0.038,22.212,0.680,2.772,0.410,5.703,4.569,10.720,3.462,28.048
Br66_rep3_Dep6_Tu30,23.426,7.998,16.138,3.826,23.190,0.985,0.410,4.519,5.482,3.190,3.363,3.389,4.084
Br66_rep9_Dep6_Tu1,0.930,20.441,0.868,0.060,25.708,0.508,3.645,1.826,7.095,5.552,10.496,0.278,22.592
Br66_rep9_Dep6_Tu40,30.020,2.270,17.491,5.786,9.932,1.804,3.538,2.608,0.565,5.781,4.316,3.987,11.902
Br66_rep5_Dep6_Tu1,0.814,26.760,7.140,0.015,18.080,0.404,2.092,0.856,3.831,9.069,13.596,1.034,16.308
Br66_rep2_Dep6_Tu5,2.161,29.002,8.757,0.150,14.042,0.862,2.543,3.682,5.505,4.425,10.315,2.018,16.539
Br66_rep5_Dep6_Tu30,22.458,10.056,11.880,4.100,16.916,1.328,3.343,4.797,4.176,2.878,6.009,2.088,9.971
Br66_rep7_Dep6_Tu50,41.185,3.527,12.318,7.318,9.832,0.360,2.795,0.828,2.166,5.390,4.919,2.456,6.906
Br66_rep4_Dep6_Tu40,31.019,16.391,15.530,5.794,7.006,1.149,4.517,2.852,1.049,3.177,4.361,4.154,3.000
Br66_rep8_Dep6_Tu5,2.503,11.549,8.641,0.467,29.486,0.718,3.855,4.701,3.290,4.242,3.374,4.799,22.373
Br66_rep9_Dep6_Tu2,1.209,1.287,2.233,0.202,55.060,0.274,1.659,0.225,8.820,2.846,7.115,4.694,14.377
Br66_rep6_Dep6_Tu30,26.823,17.472,0.439,4.252,13.253,1.485,2.990,3.307,2.855,0.344,8.026,3.894,14.861
Br66_rep4_Dep6_Tu0.1,0.592,25.752,0.217,0.012,33.692,0.167,3.455,0.783,4.171,5.486,11.896,4.016,9.763
Br66_rep5_Dep6_Tu10,6.760,28.681,12.361,0.836,11.043,1.576,1.819,6.369,5.333,0.140,10.666,2.980,11.436
Br66_rep3_Dep6_Tu40,32.083,6.192,18.178,5.980,12.576,0.833,2.452,2.920,3.909,3.363,7.434,1.058,3.020
Br66_rep9_Dep6_Tu0.5,0.261,18.181,7.173,0.021,18.141,0.780,2.804,1.874,3.636,4.909,9.799,3.351,29.071
Br66_rep8_Dep6_Tu2,1.852,13.213,4.490,0.122,29.065,0.706,2.607,6.497,0.887,0.258,11.286,4.970,24.049
Br66_rep10_Dep6_Tu2,0.847,20.825,8.271,0.099,16.558,0.801,1.303,1.026,4.696,7.763,12.507,3.149,22.153
Br66_rep6_Dep6_Tu0.1,0.319,1.095,7.414,0.017,40.356,0.014,3.454,3.333,0.341,8.358,12.922,2.381,19.998
Br66_rep5_Dep6_Tu0.5,0.669,17.022,6.873,0.014,24.521,0.748,0.448,2.921,8.053,3.120,10.048,1.484,24.080
Br66_rep2_Dep6_Tu20,15.630,11.464,11.691,3.057,19.126,0.565,1.256,2.623,3.081,5.549,8.379,4.162,13.415
Br66_rep4_Dep6_Tu0.5,0.643,21.046,8.484,0.005,20.947,0.712,1.993,3.702,7.166,2.600,13.446,0.892,18.365
Br66_rep4_Dep6_Tu5,1.972,13.779,10.206,0.390,17.198,1.195,3.378,4.583,4.913,4.381,7.286,3.410,27.308
Br66_rep8_Dep6_Tu0.5,0.548,9.067,3.196,0.057,36.544,0.299,2.760,3.722,5.587,3.482,10.243,2.100,22.395
Br66_rep5_Dep6_Tu20,15.913,20.138,9.629,2.110,18.541,1.132,1.042,4.347,5.406,1.173,10.310,4.246,6.014
Br66_rep1_Dep6_Tu3,1.936,24.079,6.109,0.111,18.916,0.428,3.228,3.133,4.178,2.871,11.489,3.734,19.789
Br66_rep10_Dep6_Tu10,5.050,20.836,5.238,1.775,28.138,0.800,3.097,4.007,2.659,6.176,11.018,3.684,7.522
Br66_rep3_Dep6_Tu10,5.662,22.742,7.462,0.916,17.289,1.258,2.880,3.943,5.519,1.991,9.390,4.015,16.933
Br66_rep10_Dep6_Tu40,31.867,6.897,9.652,6.671,10.132,1.159,1.441,2.274,3.256,4.383,4.903,3.255,14.112
Br66_rep1_Dep6_Tu50,42.583,10.411,13.181,7.056,2.682,1.435,2.884,2.994,0.894,4.246,4.564,1.612,5.460
Br66_rep10_Dep6_Tu0.5,1.126,12.264,0.982,0.069,30.868,0.390,3.707,1.819,3.262,4.411,8.792,4.242,28.069
Br66_rep1_Dep6_Tu0.3,0.271,11.911,5.016,0.014,32.017,0.254,2.977,1.825,4.208,7.649,10.328,2.472,21.058
Br66_rep10_Dep6_Tu0.1,0.740,36.846,3.408,0.008,26.950,0.261,0.564,7.015,1.190,0.932,15.314,6.474,0.297
Br66_rep8_Dep6_Tu40,32.391,14.355,13.403,5.696,9.440,1.571,2.558,4.113,4.257,0.316,3.874,2.001,6.025
Br66_rep3_Dep6_Tu20,15.926,17.863,8.559,2.019,13.857,1.038,3.873,0.985,4.744,4.120,5.649,3.489,17.875
Br66_rep9_Dep6_Tu0.3,0.312,0.159,6.824,0.006,46.075,0.196,1.838,3.823,0.966,7.062,10.591,3.965,18.185
Br66_rep7_Dep6_Tu0.3,0.017,23.724,5.962,0.030,16.951,0.768,2.797,2.720,5.873,4.407,10.621,0.553,25.575
Br66_rep5_Dep6_Tu2,0.269,2.565,10.078,0.073,31.966,1.025,3.374,2.571,6.932,0.321,8.919,4.431,27.476
Br66_rep5_Dep6_Tu0.3,0.424,14.938,7.942,0.012,17.169,1.015,2.143,3.273,8.313,2.858,10.138,1.545,30.232
Br66_rep6_Dep6_Tu5,3.690,28.005,6.371,0.290,3.985,1.688,2.273,3.629,6.673,0.913,7.026,3.896,31.562
Br66_rep5_Dep6_Tu3,1.762,7.164,6.440,0.246,42.323,0.256,3.321,0.254,1.961,2.569,13.305,5.622,14.777
Br66_rep1_Dep6_Tu5,1.360,24.810,7.980,0.217,25.928,0.752,2.750,5.845,4.218,6.315,6.924,3.030,9.871
Br66_rep6_Dep6_Tu10,6.952,22.731,10.507,0.716,14.884,1.218,2.804,4.898,5.102,4.416,3.810,2.443,19.519
Br66_rep3_Dep6_Tu5,3.261,12.174,6.455,0.443,29.736,0.715,1.974,3.242,4.914,4.671,2.117,5.557,24.741
Br66_rep1_Dep6_Tu1,0.950,28.687,4.763,0.038,7.906,0.545,2.293,1.031,4.462,7.859,7.881,4.429,29.156
Br66_rep4_Dep6_Tu30,24.499,13.138,7.088,4.602,20.456,0.641,3.392,2.442,3.915,3.808,0.984,3.908,11.126
Br66_rep8_Dep6_Tu20,13.702,8.966,14.024,2.568,20.763,1.481,2.671,3.784,3.970,4.002,6.390,3.204,14.474
Br66_rep4_Dep6_Tu10,5.622,17.100,11.205,1.374,25.510,0.668,3.691,1.791,5.581,7.248,3.437,2.695,14.077
Br66_rep2_Dep6_Tu1,0.975,21.848,1.768,0.021,20.378,0.549,2.899,3.556,4.280,5.416,8.933,1.766,27.611
Br66_rep6_Dep6_Tu2,0.530,22.935,5.531,0.140,18.363,0.750,2.503,2.945,4.925,6.925,9.840,1.987,22.625
Br66_rep6_Dep6_Tu0.5,0.952,31.712,0.980,0.027,19.054,0.431,0.854,1.861,6.126,4.694,11.229,4.218,17.863
Br66_rep5_Dep6_Tu0.1,0.417,17.136,5.008,0.005,27.544,0.338,0.927,4.423,5.200,7.475,4.127,2.802,24.599
Br66_rep2_Dep6_Tu2,0.726,10.399,6.068,0.249,29.486,0.630,3.668,4.346,0.889,6.269,7.913,3.613,25.746
Br66_rep10_Dep6_Tu50,43.821,15.971,6.742,6.996,1.390,1.883,1.153,4.091,2.694,1.320,0.163,3.368,10.408
Br66_rep7_Dep6_Tu3,1.814,18.738,5.468,0.130,23.875,0.224,3.003,3.626,1.452,8.438,6.831,4.043,22.359
Br66_rep7_Dep6_Tu10,7.295,11.336,9.402,1.235,20.265,1.387,0.618,1.028,6.805,3.695,8.940,3.482,24.511
Br66_rep2_Dep6_Tu0.5,0.258,5.529,7.582,0.021,32.809,0.180,2.520,3.775,4.556,3.052,5.189,4.718,29.812
Br66_rep5_Dep6_Tu50,43.613,20.388,4.549,8.113,0.449,1.451,1.269,3.870,1.197,2.280,1.902,3.178,7.740
Br66_rep9_Dep6_Tu20,14.054,2.290,12.452,3.741,17.429,1.357,1.987,0.845,5.179,6.376,6.291,3.691,24.309
Br66_rep8_Dep6_Tu3,1.886,26.675,6.724,0.115,20.404,0.470,2.604,1.439,3.295,7.832,11.550,2.880,14.125
Br66_rep9_Dep6_Tu10,2.654,21.689,10.722,1.960,16.181,1.193,1.257,4.547,5.039,6.479,5.532,4.242,18.506
Br66_rep7_Dep6_Tu2,1.203,28.640,3.424,0.073,7.988,1.030,0.137,4.436,2.579,8.629,7.292,3.620,30.950
Br66_rep6_Dep6_Tu3,2.174,5.211,3.182,0.281,37.089,0.460,5.399,4.392,1.497,3.474,6.193,3.906,26.740
Br66_rep1_Dep6_Tu0.5,0.488,16.119,2.943,0.031,34.531,0.276,0.942,5.756,5.153,5.573,11.389,0.564,16.236
Br66_rep2_Dep6_Tu40,32.824,7.436,12.724,5.259,6.126,1.746,2.538,2.319,3.264,2.512,4.557,3.670,15.025
Br66_rep1_Dep6_Tu2,1.053,23.956,8.829,0.079,4.593,1.482,3.320,3.289,8.770,1.690,2.728,3.805,36.408
Br66_rep8_Dep6_Tu1,0.074,23.454,6.421,0.028,19.779,0.682,3.093,1.007,7.390,4.923,11.007,1.294,20.847
Br66_rep4_Dep6_Tu3,1.088,34.082,9.873,0.190,2.558,1.055,1.819,1.794,5.303,6.337,9.791,3.306,22.804
Br66_rep7_Dep6_Tu40,30.327,11.768,15.647,5.821,10.721,1.493,3.393,1.475,2.930,5.124,3.517,3.733,4.051
Br66_rep7_Dep6_Tu0.5,0.796,20.369,0.951,0.029,26.150,0.537,3.540,1.938,8.401,1.312,6.584,3.204,26.188
Br66_rep2_Dep6_Tu30,21.489,7.690,14.473,5.630,16.801,1.245,3.170,4.035,1.960,4.548,7.611,2.800,8.546
Br66_rep2_Dep6_Tu0.1,0.370,6.479,7.338,0.012,28.475,0.775,1.222,2.997,5.965,3.219,10.806,3.571,28.769
Br66_rep7_Dep6_Tu0.1,0.268,25.963,4.541,0.012,28.807,0.319,3.679,0.839,4.255,0.701,13.261,4.515,12.840
Br66_rep1_Dep6_Tu40,28.568,10.229,21.817,5.428,0.293,2.643,3.125,3.849,3.076,4.035,7.339,3.460,6.137
Br66_rep7_Dep6_Tu5,0.445,30.778,7.919,0.673,4.082,1.782,4.613,3.174,7.842,3.411,6.208,1.698,27.376
Br66_rep4_Dep6_Tu1,1.817,22.246,5.974,0.208,14.866,0.195,2.280,1.848,6.746,2.090,13.325,1.524,26.881
Br66_rep8_Dep6_Tu0.1,0.262,13.003,10.965,0.024,4.185,1.435,3.774,1.238,2.292,5.794,13.189,4.875,38.965
Br66_rep4_Dep6_Tu2,0.792,23.851,8.345,0.036,15.936,1.124,2.572,3.901,3.168,1.761,10.533,4.786,23.194
Br66_rep1_Dep6_Tu0.1,0.230,7.895,4.072,0.033,37.029,0.101,2.884,1.686,4.241,4.460,10.938,3.067,23.363
Br66_rep2_Dep6_Tu10,6.512,23.304,7.762,0.834,26.734,0.917,1.035,4.876,3.048,6.419,11.344,3.385,3.830
Br66_rep4_Dep6_Tu20,18.512,20.771,0.388,3.352,11.181,0.943,3.444,3.384,1.774,4.750,5.094,4.094,22.312
Br66_rep4_Dep6_Tu0.3,0.311,22.730,4.267,0.012,21.508,0.518,2.769,3.781,0.167,5.314,10.402,5.225,22.996
Br66_rep10_Dep6_Tu3,1.850,3.080,6.966,0.198,41.646,0.126,2.639,0.751,5.177,7.991,7.140,3.456,18.979
Br66_rep1_Dep6_Tu20,13.874,4.027,13.192,3.026,21.506,0.687,1.816,1.337,6.077,6.584,4.152,3.825,19.895
Br66_rep6_Dep6_Tu1,0.889,0.365,6.284,0.019,40.382,0.349,2.830,3.960,5.033,4.376,7.186,1.355,26.970
Br66_rep6_Dep6_Tu50,40.458,4.181,14.131,6.904,12.552,1.409,1.534,2.636,1.580,3.923,4.899,3.000,2.793
Br66_rep9_Dep6_Tu3,2.144,18.098,2.913,0.081,24.536,0.670,2.802,4.009,5.285,4.419,8.748,2.802,23.493
Br66_rep3_Dep6_Tu50,42.070,10.661,3.364,7.673,11.844,1.324,2.628,4.220,2.619,3.137,4.196,0.114,6.148
Br66_rep8_Dep6_Tu30,21.477,16.635,14.253,4.175,5.814,1.685,2.866,3.705,1.098,5.201,7.381,3.807,11.903
Br66_rep7_Dep6_Tu20,15.943,2.428,9.445,1.942,23.187,1.253,2.658,2.885,3.062,5.413,8.363,1.971,21.450
Br66_rep3_Dep6_Tu2,2.271,23.435,0.355,0.205,28.575,0.329,3.525,3.639,4.681,3.626,9.921,2.980,16.458
Br66_rep8_Dep6_Tu50,42.555,11.075,12.709,6.602,7.915,1.576,3.286,4.584,1.252,0.242,6.228,1.599,0.378
Br66_rep3_Dep6_Tu3,1.895,24.711,7.576,0.187,12.086,0.869,0.234,1.745,13.106,4.013,6.410,0.806,26.362
Br66_rep3_Dep6_Tu0.3,0.465,22.450,6.849,0.004,17.075,0.321,4.121,6.074,2.014,8.354,2.794,1.150,28.328
Br66_rep8_Dep6_Tu0.3,0.547,39.951,3.877,0.008,4.513,0.911,3.307,5.852,0.553,1.121,10.068,5.553,23.740
Br66_rep3_Dep6_Tu0.1,0.415,35.923,5.912,0.008,6.791,0.868,3.202,8.238,1.565,0.834,10.309,2.533,23.403
Br66_rep10_Dep6_Tu0.3,0.321,23.386,7.063,0.009,11.363,0.684,2.385,1.226,5.853,6.161,11.369,2.255,27.925
Br66_rep2_Dep6_Tu50,42.077,4.547,11.797,7.538,10.253,1.199,2.464,2.324,2.044,3.016,4.294,1.637,6.810
Br66_rep5_Dep6_Tu5,3.294,29.599,7.908,0.260,7.643,0.915,2.235,2.943,4.359,7.279,4.234,3.717,25.613
Br66_rep10_Dep6_Tu20,15.324,12.027,5.299,3.311,16.283,0.967,2.007,1.836,3.959,6.324,5.066,4.069,23.527
Br66_rep7_Dep6_Tu30,22.608,4.322,13.261,3.972,20.164,1.290,2.676,2.792,5.076,5.338,4.814,1.504,12.181
Br66_rep9_Dep6_Tu30,21.584,17.329,14.050,4.344,4.873,1.374,3.045,3.663,2.436,6.378,3.391,3.621,13.912
Br66_rep5_Dep6_Tu40,33.226,3.935,15.143,5.046,2.462,2.188,4.791,0.333,2.523,1.257,5.200,5.279,18.617
Br66_rep8_Dep6_Tu10,7.456,24.851,8.489,1.023,3.474,1.813,2.976,0.346,8.772,1.401,11.099,3.082,25.219
Br66_rep9_Dep6_Tu50,39.108,8.288,12.814,7.608,6.193,2.358,5.203,3.713,0.271,0.794,4.336,2.561,6.754
Br66_rep2_Dep6_Tu0.3,0.283,19.174,5.343,0.007,25.023,0.331,2.276,5.068,3.915,5.765,6.279,2.398,24.138
Br66_rep1_Dep6_Tu10,3.654,18.318,11.046,1.879,12.604,0.864,5.524,0.413,1.027,11.113,6.028,3.978,23.551
Cer77_rep9_Dep6_Tu3,1.655,19.091,7.409,0.778,17.046,0.143,2.357,1.629,5.373,8.332,8.731,3.782,23.673
Cer77_rep5_Dep6_Tu30,8.181,2.126,39.447,9.670,1.483,0.420,6.209,1.852,10.234,4.077,6.024,2.519,7.757
Cer77_rep3_Dep6_Tu30,7.317,4.972,42.081,9.984,3.497,0.289,4.870,2.383,6.680,6.682,7.291,3.685,0.270
Cer77_rep8_Dep6_Tu50,10.760,2.182,38.298,15.894,0.650,0.168,2.459,16.112,4.478,4.701,1.010,2.111,1.179
Cer77_rep1_Dep6_Tu1,0.450,15.982,7.764,0.006,19.147,0.748,3.261,5.123,2.218,3.118,10.484,4.785,26.913
Cer77_rep7_Dep6_Tu3,0.416,8.371,13.605,0.775,23.132,0.781,1.555,6.283,3.089,6.396,11.297,2.480,21.820
Cer77_rep10_Dep6_Tu2,1.462,0.672,7.308,0.622,37.177,0.148,3.734,0.780,2.658,7.114,9.562,4.130,24.634
Cer77_rep2_Dep6_Tu0.5,0.500,5.125,4.737,0.019,39.946,0.497,2.031,5.495,3.278,0.670,11.512,3.357,22.833
Cer77_rep3_Dep6_Tu20,0.840,8.250,39.647,7.102,0.980,1.273,4.176,6.481,6.785,5.414,7.378,3.274,8.401
Cer77_rep1_Dep6_Tu2,0.638,15.295,9.465,0.374,17.105,0.852,2.256,0.146,6.893,6.178,10.006,3.871,26.920
Cer77_rep2_Dep6_Tu5,2.608,24.709,13.011,1.203,8.404,0.925,5.384,6.502,0.095,0.854,11.491,3.012,21.801
Cer77_rep5_Dep6_Tu0.5,0.456,21.321,1.774,0.055,42.045,0.328,2.623,6.462,6.687,0.744,6.471,3.347,7.688
Cer77_rep2_Dep6_Tu50,10.929,0.226,45.100,15.714,0.689,0.227,0.144,16.465,1.908,4.966,2.710,0.898,0.025
Cer77_rep9_Dep6_Tu0.5,0.365,13.257,6.883,0.029,32.005,0.362,2.365,4.155,2.929,4.391,10.809,2.357,20.093
Cer77_rep4_Dep6_Tu10,3.220,15.571,22.423,2.961,9.302,0.746,1.158,4.369,4.875,6.024,10.650,3.329,15.370
Cer77_rep9_Dep6_Tu20,4.715,5.687,35.190,6.567,9.720,0.490,5.082,8.726,7.226,3.104,0.189,4.033,9.271
Cer77_rep3_Dep6_Tu10,2.931,20.943,13.303,4.430,10.335,0.560,2.505,3.073,8.175,4.544,6.715,4.403,18.084
Cer77_rep6_Dep6_Tu5,1.773,19.904,13.814,1.125,21.299,0.610,2.312,4.985,7.605,2.183,11.087,2.325,10.979
Cer77_rep5_Dep6_Tu1,0.680,18.587,7.320,0.105,16.403,1.029,2.021,2.795,8.613,2.390,12.356,0.263,27.438
Cer77_rep5_Dep6_Tu0.3,0.503,18.396,4.657,0.025,17.284,0.624,4.171,0.806,3.103,8.767,10.516,1.735,29.412
Cer77_rep4_Dep6_Tu50,8.225,0.213,43.267,16.030,0.478,0.320,0.237,4.691,16.538,4.683,1.279,2.936,1.104
Cer77_rep6_Dep6_Tu0.3,0.620,21.391,3.068,0.024,19.495,0.454,3.971,0.550,3.373,6.273,11.422,3.022,26.337
Cer77_rep4_Dep6_Tu40,7.734,3.464,44.088,13.123,0.056,0.215,6.780,9.375,4.979,5.479,2.703,1.339,0.667
Cer77_rep10_Dep6_Tu5,2.624,8.555,8.185,2.062,23.097,0.635,3.899,8.821,1.717,4.337,2.905,4.010,29.153
Cer77_rep3_Dep6_Tu1,0.414,34.021,10.223,0.039,15.229,0.550,1.251,6.347,0.124,3.872,15.007,4.781,8.141
Cer77_rep8_Dep6_Tu40,8.357,1.229,44.530,11.896,1.642,0.450,3.097,16.740,2.027,4.315,2.509,2.015,1.194
Cer77_rep7_Dep6_Tu0.3,0.181,14.219,5.856,0.078,31.957,0.437,0.890,6.524,3.258,3.217,7.564,3.681,22.138
Cer77_rep3_Dep6_Tu0.1,0.282,9.611,11.786,0.003,11.763,1.185,3.791,1.127,5.033,4.692,9.614,3.351,37.762
Cer77_rep4_Dep6_Tu0.3,0.618,24.181,6.542,0.015,13.124,0.758,4.859,4.357,3.693,2.922,6.480,2.445,30.006
Cer77_rep6_Dep6_Tu2,1.022,26.397,11.479,0.365,12.233,0.779,2.060,5.174,8.105,0.945,7.650,2.736,21.054
Cer77_rep6_Dep6_Tu20,3.509,2.729,34.505,7.473,9.224,0.604,1.897,7.361,7.878,7.098,5.284,1.362,11.076
Cer77_rep9_Dep6_Tu40,7.281,4.708,41.530,13.035,0.062,0.322,4.195,12.533,2.261,5.582,2.468,4.367,1.657
Cer77_rep6_Dep6_Tu40,8.388,4.671,42.748,12.952,1.366,0.447,1.025,12.951,10.447,0.913,0.805,2.847,0.439
