Sample,BRCA,CEAD,CESC,COAD,OV,READ,bcell,cd4tcell,cd8tcell,erythroblast,monocyte,naturalkillercell,neutrophil
Colo_rep2_Dep6_Tu0.5,0.000,0.013,0.013,0.000,0.932,0.000,2.235,1.958,0.158,26.218,4.413,0.000,64.060
Colo_rep2_Dep6_Tu50,0.000,0.000,0.000,53.716,0.597,0.021,1.085,5.204,1.119,10.265,0.604,3.337,24.052
Colo_rep6_Dep6_Tu1,0.000,0.000,0.026,0.000,2.759,0.000,7.621,6.994,0.414,19.394,0.247,0.000,62.546
Colo_rep3_Dep6_Tu2,0.000,0.011,0.000,0.957,2.970,0.000,1.106,13.022,3.124,14.558,5.068,0.000,59.183
Colo_rep7_Dep6_Tu2,0.000,0.000,0.000,0.740,0.140,0.000,0.661,4.724,12.222,19.627,0.067,0.000,61.819
Colo_rep8_Dep6_Tu0.1,0.000,0.006,0.000,0.000,0.613,0.000,15.896,5.188,9.194,5.432,4.492,0.056,59.126
Colo_rep10_Dep6_Tu2,0.000,0.027,0.000,1.523,2.437,0.000,4.220,2.748,0.378,23.847,4.199,0.020,60.601
Colo_rep6_Dep6_Tu3,0.000,0.000,0.000,0.000,4.613,0.003,2.371,5.601,10.101,15.759,0.079,0.000,61.472
Colo_rep9_Dep6_Tu30,0.000,0.000,0.000,32.650,1.318,0.000,13.618,7.576,0.210,4.648,4.333,0.029,35.618
Colo_rep9_Dep6_Tu0.5,0.000,0.007,0.000,0.000,0.060,0.000,2.181,2.879,0.231,30.114,0.138,0.166,64.224
Colo_rep6_Dep6_Tu20,0.000,0.000,0.000,24.799,0.747,0.000,0.803,2.416,12.043,12.985,0.045,0.000,46.162
Colo_rep8_Dep6_Tu30,0.000,0.000,0.000,33.885,9.229,0.000,1.204,3.885,0.637,12.299,0.221,0.211,38.429
Colo_rep3_Dep6_Tu5,0.000,0.009,0.000,4.646,0.518,0.000,7.969,5.056,0.839,20.758,0.580,0.070,59.554
Colo_rep4_Dep6_Tu3,0.000,0.006,0.012,2.464,0.135,0.004,20.002,1.884,1.289,14.534,0.016,0.086,59.568
Colo_rep2_Dep6_Tu10,0.000,0.007,0.000,11.717,2.443,0.000,2.844,3.310,0.491,21.644,4.196,0.098,53.250
Colo_rep3_Dep6_Tu40,0.019,0.000,0.000,43.392,3.171,0.000,11.263,6.326,0.441,2.218,0.000,2.790,30.379
Colo_rep3_Dep6_Tu30,0.034,0.000,0.000,36.070,0.071,0.000,2.270,5.911,1.339,15.931,0.000,0.524,37.850
Colo_rep6_Dep6_Tu30,0.000,0.000,0.000,34.207,0.061,0.000,12.875,9.549,6.902,1.388,0.000,0.518,34.500
Colo_rep4_Dep6_Tu50,0.000,0.000,0.013,52.907,1.176,0.005,6.272,5.159,7.877,1.393,0.000,1.027,24.171
Colo_rep5_Dep6_Tu50,0.000,0.000,0.089,55.120,0.000,0.000,1.007,3.389,3.212,9.184,1.938,2.394,23.667
Colo_rep6_Dep6_Tu2,0.000,0.012,0.000,1.289,0.119,0.005,17.231,9.734,6.931,5.635,1.152,0.000,57.891
Colo_rep10_Dep6_Tu50,0.000,0.000,0.028,51.984,0.000,0.000,8.999,6.914,7.524,1.091,0.000,0.630,22.828
Colo_rep7_Dep6_Tu50,0.000,0.000,0.040,54.915,0.239,0.000,0.988,4.989,8.502,6.114,0.000,0.697,23.514
Colo_rep9_Dep6_Tu40,0.011,0.000,0.055,42.509,2.120,0.003,11.562,5.986,0.426,1.454,3.672,1.302,30.899
Colo_rep8_Dep6_Tu5,0.000,0.000,0.000,3.942,0.055,0.000,16.725,8.614,8.541,4.767,0.652,0.000,56.703
Colo_rep1_Dep6_Tu20,0.000,0.000,0.000,24.311,0.000,0.000,14.218,10.077,6.244,2.040,0.000,0.136,42.974
Colo_rep9_Dep6_Tu2,0.000,0.000,0.000,1.136,0.032,0.005,4.561,6.492,0.149,25.932,0.732,0.112,60.849
Colo_rep5_Dep6_Tu30,0.000,0.000,0.022,34.353,0.098,0.002,1.494,6.580,8.504,11.158,0.716,1.208,35.866
Colo_rep4_Dep6_Tu0.1,0.000,0.014,0.000,0.000,1.453,0.000,1.308,10.524,4.382,15.756,5.596,0.000,60.966
Colo_rep5_Dep6_Tu0.1,0.000,0.014,0.000,0.000,11.573,0.000,2.021,3.317,0.233,20.861,0.163,0.000,61.816
Colo_rep9_Dep6_Tu3,0.000,0.011,0.000,1.381,0.147,0.000,20.483,5.495,0.425,10.299,2.773,0.000,58.985
Colo_rep2_Dep6_Tu0.1,0.000,0.000,0.000,0.000,0.246,0.000,20.261,2.207,2.132,14.389,0.102,0.000,60.663
Colo_rep8_Dep6_Tu10,0.008,0.000,0.015,11.249,5.645,0.000,13.734,5.792,8.061,2.522,0.057,0.000,52.918
Colo_rep4_Dep6_Tu30,0.000,0.000,0.047,36.632,0.000,0.000,1.333,2.410,1.791,16.134,3.341,0.300,38.013
Colo_rep2_Dep6_Tu2,0.000,0.000,0.006,0.586,1.896,0.000,1.479,6.711,10.922,17.972,0.213,0.000,60.214
Colo_rep1_Dep6_Tu5,0.000,0.030,0.000,3.133,1.386,0.000,1.490,3.972,12.017,18.288,0.000,0.000,59.684
Colo_rep8_Dep6_Tu50,0.000,0.000,0.000,52.752,0.452,0.000,9.160,7.954,5.558,0.514,0.000,1.303,22.307
Colo_rep5_Dep6_Tu5,0.000,0.002,0.000,4.408,0.024,0.003,17.623,9.603,9.225,4.601,0.869,0.000,53.641
Colo_rep6_Dep6_Tu50,0.000,0.000,0.031,52.492,0.000,0.000,7.616,9.265,4.714,1.030,0.448,2.629,21.774
Colo_rep5_Dep6_Tu0.5,0.000,0.000,0.000,0.000,2.503,0.000,2.431,3.881,0.087,26.824,0.192,0.000,64.081
Colo_rep4_Dep6_Tu20,0.000,0.000,0.000,23.525,0.066,0.000,12.114,5.400,8.356,6.893,0.000,0.000,43.646
Colo_rep8_Dep6_Tu40,0.000,0.000,0.000,44.655,0.623,0.000,1.635,4.636,1.294,14.474,0.225,1.717,30.742
Colo_rep7_Dep6_Tu0.3,0.000,0.005,0.049,0.000,0.415,0.000,4.822,6.681,0.193,26.000,0.171,0.000,61.663
Colo_rep7_Dep6_Tu30,0.000,0.000,0.000,36.513,0.789,0.000,0.864,4.533,0.507,17.305,0.268,0.904,38.317
Colo_rep10_Dep6_Tu20,0.000,0.000,0.000,22.921,5.160,0.000,12.631,5.721,7.593,1.410,0.000,0.080,44.484
Colo_rep9_Dep6_Tu10,0.000,0.000,0.000,9.685,0.229,0.000,18.669,6.370,0.095,6.699,6.632,0.096,51.526
Colo_rep9_Dep6_Tu0.1,0.000,0.013,0.000,0.000,0.118,0.000,18.305,8.071,9.887,3.578,2.772,0.000,57.256
Colo_rep10_Dep6_Tu0.3,0.000,0.008,0.000,0.048,0.124,0.005,17.363,9.738,6.936,5.927,1.204,0.000,58.648
Colo_rep8_Dep6_Tu20,0.000,0.005,0.022,23.102,0.446,0.000,16.317,6.254,0.357,5.899,2.231,0.628,44.740
Colo_rep3_Dep6_Tu3,0.000,0.049,0.050,1.960,1.406,0.004,9.686,4.840,3.022,18.906,1.086,0.000,58.991
Colo_rep4_Dep6_Tu2,0.000,0.000,0.000,0.916,5.052,0.000,17.827,5.024,0.649,10.707,0.065,0.000,59.760
Colo_rep10_Dep6_Tu0.1,0.000,0.004,0.000,0.000,5.114,0.000,16.147,7.564,8.226,2.510,2.740,0.000,57.695
Colo_rep4_Dep6_Tu0.3,0.000,0.005,0.000,0.000,1.353,0.000,9.458,7.980,0.993,18.391,0.887,0.000,60.932
Colo_rep9_Dep6_Tu0.3,0.000,0.000,0.000,0.000,3.972,0.000,1.009,1.753,0.083,25.456,3.945,0.085,63.697
Colo_rep1_Dep6_Tu10,0.000,0.000,0.000,10.072,0.072,0.003,17.127,11.448,8.424,3.029,0.253,0.000,49.572
Colo_rep6_Dep6_Tu0.3,0.000,0.019,0.000,0.000,0.667,0.000,20.827,6.902,0.330,10.056,1.529,0.000,59.669
Colo_rep6_Dep6_Tu0.5,0.000,0.015,0.000,0.000,0.676,0.000,17.456,6.678,10.589,3.334,3.940,0.000,57.312
Colo_rep10_Dep6_Tu10,0.000,0.008,0.000,11.089,0.384,0.001,14.224,5.092,9.390,3.957,3.646,0.419,51.791
Colo_rep10_Dep6_Tu1,0.000,0.006,0.000,0.000,0.094,0.004,18.043,8.702,9.341,4.151,2.585,0.000,57.073
Colo_rep10_Dep6_Tu5,0.000,0.000,0.007,4.907,0.600,0.000,18.580,2.377,3.175,13.183,0.000,0.000,57.170
Colo_rep10_Dep6_Tu40,0.000,0.000,0.307,44.696,8.512,0.000,1.194,4.396,0.938,9.488,0.835,0.111,29.522
Colo_rep10_Dep6_Tu0.5,0.000,0.006,0.000,0.000,0.068,0.000,19.191,11.480,8.266,4.147,0.265,0.000,56.577
Colo_rep1_Dep6_Tu1,0.000,0.005,0.000,0.000,0.670,0.000,17.477,6.632,10.149,3.196,4.802,0.000,57.070
Colo_rep7_Dep6_Tu20,0.000,0.000,0.046,24.293,0.166,0.000,1.189,3.702,0.262,22.562,0.000,1.259,46.521
Colo_rep6_Dep6_Tu10,0.000,0.005,0.000,10.420,4.845,0.000,17.181,4.467,0.632,7.402,0.909,0.000,54.139
Colo_rep10_Dep6_Tu3,0.000,0.000,0.012,2.587,0.907,0.008,1.492,1.823,0.536,25.786,4.475,0.000,62.376
Colo_rep1_Dep6_Tu30,0.000,0.000,0.051,36.350,1.713,0.000,1.345,3.701,0.992,15.199,3.469,0.000,37.180
Colo_rep1_Dep6_Tu0.1,0.000,0.000,0.000,0.000,8.429,0.000,1.214,1.698,0.056,22.861,0.233,0.090,65.420
Colo_rep7_Dep6_Tu5,0.009,0.007,0.000,4.515,0.847,0.004,1.874,11.445,1.361,17.003,5.745,0.120,57.069
Colo_rep7_Dep6_Tu0.1,0.000,0.010,0.000,0.000,0.143,0.000,2.539,2.970,0.165,29.900,0.083,0.346,63.844
Colo_rep6_Dep6_Tu40,0.000,0.006,0.000,46.272,0.000,0.000,3.040,6.931,1.616,10.823,0.410,0.637,30.264
Colo_rep8_Dep6_Tu2,0.003,0.000,0.000,1.037,0.191,0.000,19.544,6.979,0.060,8.473,6.684,0.022,57.006
Colo_rep7_Dep6_Tu0.5,0.000,0.000,0.000,0.000,1.418,0.000,1.476,2.279,13.200,18.698,0.034,0.000,62.894
Colo_rep5_Dep6_Tu20,0.000,0.000,0.017,20.725,5.639,0.000,12.915,7.968,6.836,0.991,1.292,0.045,43.571
Colo_rep8_Dep6_Tu0.3,0.000,0.000,0.000,0.000,3.975,0.000,1.022,1.811,0.100,25.442,3.838,0.118,63.694
Colo_rep4_Dep6_Tu5,0.000,0.006,0.000,4.061,0.059,0.000,17.954,11.756,7.043,5.326,0.123,0.131,53.541
Colo_rep9_Dep6_Tu1,0.000,0.028,0.000,0.000,11.469,0.000,2.021,3.614,0.210,21.194,0.060,0.000,61.403
Colo_rep1_Dep6_Tu0.5,0.000,0.023,0.000,0.000,0.262,0.000,2.195,8.344,9.210,18.063,1.218,0.000,60.684
Colo_rep8_Dep6_Tu3,0.000,0.000,0.015,0.871,0.055,0.003,22.056,0.616,2.878,13.313,0.014,0.000,60.179
Colo_rep5_Dep6_Tu0.3,0.000,0.008,0.000,0.042,0.059,0.000,18.370,11.599,7.899,5.535,0.139,0.000,56.349
Colo_rep2_Dep6_Tu30,0.000,0.000,0.000,36.492,3.702,0.000,0.567,2.262,0.010,14.782,2.139,1.067,38.980
Colo_rep7_Dep6_Tu10,0.000,0.000,0.000,11.289,0.083,0.000,1.755,3.119,0.283,26.808,0.054,0.179,56.430
Colo_rep2_Dep6_Tu40,0.000,0.000,0.016,41.977,4.670,0.000,8.251,6.825,6.210,0.726,1.283,0.463,29.580
Colo_rep3_Dep6_Tu0.1,0.004,0.003,0.000,0.000,2.068,0.000,19.595,5.908,0.026,8.368,5.255,0.088,58.685
Colo_rep3_Dep6_Tu1,0.000,0.000,0.000,0.000,1.934,0.000,18.334,6.973,0.085,8.453,5.022,0.000,59.199
Colo_rep8_Dep6_Tu1,0.000,0.000,0.000,0.000,3.691,0.000,19.560,5.228,0.366,10.588,0.637,0.000,59.928
Colo_rep4_Dep6_Tu1,0.000,0.009,0.016,0.000,0.077,0.000,19.262,11.424,8.408,4.054,0.095,0.000,56.655
Colo_rep5_Dep6_Tu40,0.028,0.000,0.000,44.161,0.189,0.000,8.007,4.380,6.811,3.683,1.662,1.627,29.451
Colo_rep5_Dep6_Tu10,0.000,0.000,0.048,10.344,0.067,0.000,18.157,6.128,0.328,9.390,3.163,0.000,52.373
Colo_rep2_Dep6_Tu0.3,0.000,0.003,0.000,0.000,0.104,0.000,21.817,0.800,2.518,13.783,0.060,0.000,60.916
Colo_rep10_Dep6_Tu30,0.000,0.000,0.006,36.740,0.455,0.010,1.292,4.010,0.597,16.756,0.946,1.268,37.919
Colo_rep1_Dep6_Tu40,0.041,0.000,0.004,42.478,0.287,0.000,13.869,2.588,4.495,3.981,0.000,0.181,32.076
Colo_rep6_Dep6_Tu0.1,0.000,0.000,0.000,0.000,4.150,0.000,1.626,6.583,9.935,16.418,0.065,0.000,61.222
Colo_rep7_Dep6_Tu40,0.000,0.000,0.000,43.001,1.578,0.003,12.024,6.636,0.251,2.286,4.477,0.120,29.623
Colo_rep1_Dep6_Tu50,0.000,0.000,0.046,52.438,0.764,0.007,9.907,6.186,2.472,1.754,0.000,3.248,23.178
Colo_rep1_Dep6_Tu0.3,0.000,0.018,0.000,0.082,2.998,0.000,1.288,13.896,1.189,14.784,5.864,0.075,59.806
Colo_rep9_Dep6_Tu20,0.000,0.000,0.000,24.714,0.140,0.000,1.234,6.141,8.744,11.896,2.072,0.130,44.929
Colo_rep4_Dep6_Tu10,0.000,0.000,0.044,12.017,0.440,0.000,3.665,7.034,0.220,22.609,0.000,0.000,53.971
Colo_rep6_Dep6_Tu5,0.000,0.000,0.000,3.287,0.103,0.000,0.555,4.635,12.237,19.015,0.021,0.000,60.147
Colo_rep9_Dep6_Tu5,0.000,0.036,0.000,3.370,0.222,0.000,13.322,12.495,2.604,12.136,0.118,0.000,55.697
Colo_rep3_Dep6_Tu50,0.000,0.000,0.036,54.843,1.371,0.000,1.155,6.348,6.591,5.092,0.000,1.562,23.002
Colo_rep5_Dep6_Tu1,0.000,0.022,0.000,0.000,0.176,0.000,13.852,12.601,1.705,13.179,0.201,0.000,58.263
Colo_rep5_Dep6_Tu3,0.000,0.000,0.005,2.596,0.302,0.007,2.370,4.121,0.085,27.688,0.065,0.195,62.565
Colo_rep2_Dep6_Tu1,0.000,0.006,0.000,0.000,0.169,0.000,8.178,6.712,1.313,19.517,2.419,0.000,61.685
Colo_rep7_Dep6_Tu1,0.000,0.000,0.000,0.000,0.612,0.000,3.225,3.609,0.157,27.368,0.723,0.000,64.306
Colo_rep5_Dep6_Tu2,0.000,0.011,0.000,1.424,0.018,0.000,17.469,9.870,6.960,4.994,1.628,0.000,57.627
Colo_rep4_Dep6_Tu40,0.000,0.000,0.000,45.746,0.227,0.000,2.059,6.510,1.998,12.811,0.000,0.839,29.810
Colo_rep2_Dep6_Tu20,0.000,0.000,0.000,24.507,1.007,0.000,0.698,5.839,8.762,11.682,2.169,0.277,45.058
Colo_rep4_Dep6_Tu0.5,0.000,0.000,0.000,0.000,0.644,0.000,18.958,11.319,8.145,3.815,0.149,0.000,56.970
Colo_rep2_Dep6_Tu5,0.000,0.000,0.037,2.681,0.022,0.001,21.395,0.661,2.897,13.115,0.033,0.000,59.158
Colo_rep2_Dep6_Tu3,0.000,0.004,0.000,1.769,0.034,0.000,9.884,6.206,0.837,19.134,2.776,0.000,59.356
Colo_rep3_Dep6_Tu10,0.000,0.000,0.000,11.723,1.340,0.007,0.732,9.801,4.840,13.440,5.095,0.000,53.023
Colo_rep8_Dep6_Tu0.5,0.000,0.058,0.000,0.000,0.971,0.000,1.385,5.573,10.836,17.237,2.689,0.000,61.251
Colo_rep7_Dep6_Tu3,0.000,0.008,0.000,1.409,0.016,0.002,18.724,10.427,8.777,4.418,0.848,0.000,55.371
Colo_rep3_Dep6_Tu0.5,0.000,0.025,0.000,0.000,0.638,0.000,20.905,6.819,0.314,9.962,1.727,0.000,59.610
Colo_rep3_Dep6_Tu20,0.000,0.000,0.013,25.108,3.368,0.000,0.929,2.710,0.159,18.235,2.488,0.451,46.539
Colo_rep1_Dep6_Tu2,0.000,0.010,0.026,0.000,11.609,0.005,1.813,3.195,0.379,21.435,0.071,0.000,61.456
Colo_rep9_Dep6_Tu50,0.000,0.000,0.060,56.266,0.941,0.006,1.694,4.927,1.217,8.801,0.000,2.811,23.276
Colo_rep3_Dep6_Tu0.3,0.000,0.051,0.000,0.000,1.008,0.000,1.376,5.587,10.801,17.266,2.654,0.000,61.256
Colo_rep1_Dep6_Tu3,0.000,0.000,0.000,1.482,3.528,0.012,1.435,12.106,1.597,15.057,5.532,0.000,59.252
Br62_rep5_Dep6_Tu0.5,0.000,0.000,0.000,0.000,2.539,0.000,2.472,3.709,0.106,26.858,0.203,0.000,64.112
Br62_rep5_Dep6_Tu3,2.650,0.070,0.000,0.000,0.528,0.028,2.328,3.610,0.062,27.601,0.108,0.121,62.895
Br62_rep6_Dep6_Tu30,34.300,0.033,0.000,0.000,0.346,0.894,12.389,7.272,5.439,2.499,0.857,0.022,35.949
Br62_rep7_Dep6_Tu20,24.311,0.066,0.000,0.000,0.210,0.265,1.509,2.228,0.132,22.933,0.234,0.160,47.952
Br62_rep2_Dep6_Tu40,40.024,0.096,0.000,0.000,6.247,2.244,8.283,4.141,4.914,0.499,2.421,0.000,31.131
Br62_rep8_Dep6_Tu0.5,0.000,0.050,0.000,0.000,0.969,0.000,1.344,5.567,10.850,17.241,2.717,0.000,61.261
Br62_rep5_Dep6_Tu2,0.000,0.029,0.000,0.000,0.021,0.026,17.783,9.836,7.222,5.118,1.927,0.000,58.037
Br62_rep4_Dep6_Tu50,63.216,1.422,0.000,0.000,3.527,3.252,0.000,2.103,0.000,0.917,3.263,0.000,22.298
Br62_rep8_Dep6_Tu40,47.502,0.410,0.000,0.000,0.708,2.142,0.749,0.744,0.000,15.775,0.441,0.000,31.528
Br62_rep7_Dep6_Tu2,0.059,0.100,0.000,0.000,0.177,0.000,0.697,4.780,12.287,19.681,0.089,0.000,62.130
Br62_rep9_Dep6_Tu40,45.721,0.320,0.000,0.000,2.575,1.087,11.145,1.321,0.000,1.197,5.147,0.000,31.487
Br62_rep10_Dep6_Tu2,0.162,0.074,0.000,0.000,2.378,0.000,4.084,2.536,0.386,24.481,4.343,0.258,61.298
Br62_rep6_Dep6_Tu10,9.548,0.061,0.000,0.000,4.604,0.073,17.256,3.244,0.301,8.816,1.645,0.000,54.452
Br62_rep2_Dep6_Tu2,0.136,0.000,0.000,0.000,1.954,0.020,1.489,6.683,10.891,18.105,0.369,0.000,60.354
Br62_rep9_Dep6_Tu5,3.436,0.084,0.000,0.000,0.452,0.037,13.399,12.245,1.985,12.102,0.240,0.000,56.020
Br62_rep6_Dep6_Tu40,47.888,0.193,0.000,0.000,1.119,1.590,1.652,2.750,0.000,11.603,1.241,0.000,31.964
Br62_rep4_Dep6_Tu20,25.187,0.056,0.000,0.000,0.341,0.301,11.231,2.513,6.940,5.875,3.666,0.000,43.890
Br62_rep9_Dep6_Tu1,0.004,0.045,0.000,0.000,11.439,0.000,2.135,3.598,0.215,21.126,0.099,0.000,61.337
Br62_rep1_Dep6_Tu0.3,0.000,0.010,0.000,0.000,3.008,0.000,1.209,13.914,1.194,14.867,5.876,0.063,59.859
Br62_rep3_Dep6_Tu5,4.071,0.032,0.000,0.000,0.823,0.036,7.925,4.752,0.615,21.430,0.503,0.000,59.812
Br62_rep9_Dep6_Tu50,59.343,0.546,0.000,0.000,1.474,3.036,0.631,0.964,0.000,10.386,0.384,0.000,23.235
Br62_rep5_Dep6_Tu30,35.066,0.416,0.000,0.000,0.725,1.858,1.221,4.234,5.870,11.229,2.084,0.000,37.296
Br62_rep9_Dep6_Tu0.5,0.000,0.027,0.000,0.000,0.057,0.000,2.189,2.850,0.250,30.079,0.159,0.228,64.160
Br62_rep1_Dep6_Tu20,23.168,0.019,0.000,0.000,0.011,0.698,13.548,8.258,5.901,2.483,1.722,0.000,44.193
Br62_rep4_Dep6_Tu2,0.038,0.000,0.000,0.000,5.196,0.009,17.860,5.075,0.761,10.905,0.101,0.000,60.054
Br62_rep8_Dep6_Tu3,0.384,0.037,0.000,0.000,0.048,0.011,22.070,0.705,2.988,13.419,0.035,0.000,60.305
Br62_rep2_Dep6_Tu5,3.030,0.029,0.000,0.000,0.065,0.032,21.487,0.679,2.929,12.687,0.070,0.000,58.992
Br62_rep2_Dep6_Tu1,0.021,0.026,0.000,0.000,0.154,0.000,8.070,6.837,1.277,19.438,2.530,0.000,61.646
Br62_rep8_Dep6_Tu1,0.023,0.000,0.000,0.000,3.617,0.000,19.539,5.138,0.370,10.574,0.818,0.000,59.921
Br62_rep10_Dep6_Tu0.1,0.000,0.004,0.000,0.000,5.469,0.000,16.037,7.648,8.272,2.284,2.592,0.000,57.692
Br62_rep3_Dep6_Tu40,44.179,0.094,0.000,0.000,2.650,2.554,11.437,1.607,0.000,1.256,5.236,0.001,30.987
Br62_rep8_Dep6_Tu0.3,0.000,0.000,0.000,0.000,3.961,0.000,0.931,1.728,0.104,25.479,3.951,0.123,63.722
Br62_rep4_Dep6_Tu0.5,0.017,0.001,0.000,0.000,0.778,0.000,18.876,11.303,8.122,3.838,0.170,0.000,56.894
Br62_rep6_Dep6_Tu50,55.692,0.711,0.000,0.000,0.287,3.516,8.084,5.782,0.000,1.472,1.979,0.000,22.475
Br62_rep7_Dep6_Tu0.1,0.000,0.008,0.000,0.000,0.134,0.000,2.534,3.015,0.171,29.901,0.090,0.334,63.812
Br62_rep9_Dep6_Tu30,33.068,0.240,0.000,0.000,1.179,0.999,14.341,5.356,0.000,3.295,5.676,0.000,35.846
Br62_rep6_Dep6_Tu20,21.264,0.026,0.000,0.000,1.768,0.456,1.065,1.025,11.832,13.596,0.060,0.000,48.909
Br62_rep5_Dep6_Tu5,2.512,0.017,0.000,0.000,0.018,0.030,18.268,9.867,9.116,5.085,0.546,0.000,54.540
Br62_rep4_Dep6_Tu40,47.869,0.348,0.000,0.000,0.218,1.883,1.631,2.893,0.000,13.820,1.241,0.000,30.097
Br62_rep8_Dep6_Tu0.1,0.000,0.005,0.000,0.000,0.661,0.000,15.794,5.205,9.114,5.540,4.461,0.060,59.160
Br62_rep1_Dep6_Tu40,45.436,0.099,0.000,0.000,1.901,3.199,14.641,0.497,0.000,2.334,0.389,0.087,31.415
Br62_rep3_Dep6_Tu30,37.056,0.512,0.000,0.000,2.735,1.362,1.603,2.996,0.000,15.164,1.061,0.000,37.511
Br62_rep7_Dep6_Tu0.5,0.000,0.000,0.000,0.000,1.448,0.000,1.459,2.229,13.165,18.741,0.042,0.000,62.916
Br62_rep1_Dep6_Tu10,6.810,0.072,0.000,0.000,0.156,0.140,18.095,10.992,7.767,3.887,0.380,0.000,51.700
Br62_rep10_Dep6_Tu20,22.171,0.102,0.000,0.000,6.186,0.330,12.087,3.989,6.905,1.444,0.846,0.000,45.938
Br62_rep1_Dep6_Tu5,2.995,0.049,0.000,0.000,1.355,0.039,1.511,4.058,11.739,18.502,0.028,0.000,59.724
Br62_rep3_Dep6_Tu50,53.732,1.246,0.000,0.000,3.812,4.436,0.622,3.440,0.000,7.849,1.367,0.000,23.497
Br62_rep1_Dep6_Tu3,1.499,0.039,0.000,0.000,3.509,0.021,1.640,12.439,0.839,15.124,5.721,0.000,59.169
Br62_rep7_Dep6_Tu30,37.846,1.186,0.000,0.000,0.847,1.163,0.000,1.570,0.000,17.804,0.306,0.000,39.278
Br62_rep6_Dep6_Tu1,0.000,0.009,0.051,0.000,2.794,0.000,7.809,6.786,0.435,19.194,0.352,0.000,62.570
Br62_rep1_Dep6_Tu0.5,0.000,0.041,0.000,0.000,0.376,0.000,2.082,8.358,9.135,17.986,1.338,0.000,60.685
Br62_rep1_Dep6_Tu0.1,0.000,0.000,0.000,0.000,8.377,0.000,1.173,1.667,0.059,22.922,0.263,0.120,65.419
Br62_rep9_Dep6_Tu3,1.131,0.031,0.000,0.000,0.350,0.013,20.216,5.011,0.379,10.630,2.810,0.013,59.418
Br62_rep5_Dep6_Tu40,45.268,0.000,0.000,0.000,1.474,2.072,7.630,1.400,5.715,2.294,3.061,0.000,31.085
Br62_rep10_Dep6_Tu3,1.902,0.053,0.000,0.000,1.042,0.007,1.589,1.689,0.412,26.147,4.363,0.000,62.796
Br62_rep2_Dep6_Tu0.3,0.000,0.007,0.000,0.000,0.113,0.000,21.817,0.864,2.398,13.805,0.070,0.000,60.926
Br62_rep10_Dep6_Tu40,44.169,0.447,0.000,0.000,9.266,2.286,0.859,0.910,0.000,9.795,0.896,0.000,31.372
Br62_rep3_Dep6_Tu2,0.209,0.042,0.000,0.000,3.071,0.015,1.269,12.745,3.550,14.473,5.040,0.000,59.588
Br62_rep5_Dep6_Tu1,0.013,0.027,0.000,0.000,0.216,0.005,13.908,12.599,1.624,13.075,0.252,0.000,58.281
Br62_rep4_Dep6_Tu1,0.000,0.015,0.013,0.000,0.124,0.006,19.174,11.347,8.409,4.158,0.122,0.000,56.631
Br62_rep10_Dep6_Tu0.5,0.000,0.010,0.000,0.000,0.080,0.000,19.171,11.474,8.296,4.113,0.274,0.000,56.582
Br62_rep5_Dep6_Tu20,20.146,0.107,0.000,0.000,6.373,0.289,12.128,6.222,6.771,0.978,2.457,0.000,44.529
Br62_rep6_Dep6_Tu0.3,0.000,0.024,0.000,0.000,0.709,0.000,20.847,6.874,0.264,9.987,1.689,0.000,59.605
Br62_rep9_Dep6_Tu0.3,0.000,0.000,0.000,0.000,3.947,0.000,0.924,1.716,0.098,25.488,3.969,0.138,63.720
Br62_rep2_Dep6_Tu20,24.151,0.049,0.000,0.000,1.235,0.389,0.806,4.135,8.252,11.546,3.002,0.000,46.436
Br62_rep6_Dep6_Tu0.5,0.000,0.016,0.000,0.000,0.753,0.000,17.388,6.670,10.509,3.440,3.888,0.000,57.336
Br62_rep8_Dep6_Tu10,9.459,0.000,0.000,0.000,6.063,0.081,13.773,5.095,8.323,2.288,1.022,0.000,53.896
Br62_rep2_Dep6_Tu0.1,0.000,0.000,0.000,0.000,0.271,0.000,20.243,2.186,2.165,14.359,0.091,0.022,60.664
Br62_rep5_Dep6_Tu10,9.502,0.023,0.000,0.000,0.149,0.075,18.654,5.331,0.198,9.142,3.244,0.000,53.681
Br62_rep10_Dep6_Tu10,11.489,0.017,0.000,0.000,0.829,0.043,14.349,4.731,8.538,3.587,3.754,0.180,52.481
Br62_rep4_Dep6_Tu10,10.276,0.083,0.000,0.000,0.877,0.104,3.034,6.258,0.152,24.180,0.040,0.000,54.996
Br62_rep3_Dep6_Tu0.1,0.010,0.000,0.000,0.000,2.058,0.000,19.605,5.896,0.028,8.377,5.247,0.091,58.688
Br62_rep2_Dep6_Tu50,59.182,0.603,0.000,0.000,1.358,2.500,0.323,1.292,0.000,10.213,0.381,0.000,24.148
Br62_rep9_Dep6_Tu10,8.762,0.012,0.000,0.000,0.850,0.135,18.389,5.641,0.064,7.181,6.662,0.004,52.300
Br62_rep5_Dep6_Tu0.3,0.000,0.013,0.000,0.007,0.053,0.000,18.459,11.566,7.928,5.432,0.127,0.000,56.414
Br62_rep8_Dep6_Tu50,56.696,0.458,0.000,0.000,1.208,3.651,8.101,4.427,0.000,1.581,1.507,0.000,22.370
Br62_rep4_Dep6_Tu0.3,0.000,0.004,0.000,0.000,1.095,0.000,9.534,7.936,1.031,18.539,0.864,0.000,60.996
Br62_rep7_Dep6_Tu1,0.000,0.009,0.000,0.000,0.552,0.000,3.230,3.486,0.152,27.539,0.752,0.000,64.278
Br62_rep3_Dep6_Tu0.5,0.000,0.021,0.000,0.000,0.663,0.000,20.874,6.816,0.294,9.959,1.737,0.000,59.636
Br62_rep7_Dep6_Tu40,43.029,0.282,0.000,0.000,1.950,1.473,11.854,2.157,0.000,2.575,6.636,0.000,30.045
Br62_rep2_Dep6_Tu3,1.259,0.016,0.000,0.000,0.206,0.008,9.480,6.246,0.824,19.374,3.052,0.000,59.534
Br62_rep2_Dep6_Tu0.5,0.000,0.022,0.000,0.000,0.915,0.000,2.161,1.964,0.172,26.278,4.393,0.000,64.094
Br62_rep1_Dep6_Tu50,54.153,1.223,0.000,0.000,1.776,3.728,8.092,1.015,0.000,2.876,2.590,0.000,24.549
Br62_rep3_Dep6_Tu3,1.851,0.151,0.066,0.000,2.721,0.004,8.537,4.206,3.178,17.428,3.060,0.000,58.797
Br62_rep7_Dep6_Tu3,0.261,0.021,0.000,0.000,0.027,0.024,18.857,10.301,8.833,4.712,0.854,0.000,56.109
Br62_rep3_Dep6_Tu0.3,0.000,0.058,0.000,0.000,1.005,0.000,1.398,5.589,10.744,17.236,2.687,0.000,61.283
Br62_rep8_Dep6_Tu30,34.350,0.240,0.000,0.000,10.474,0.845,0.862,1.530,0.051,12.043,0.318,0.000,39.287
Br62_rep4_Dep6_Tu30,36.385,0.255,0.000,0.000,1.835,1.248,0.924,0.821,0.000,16.413,3.458,0.000,38.662
Br62_rep6_Dep6_Tu3,0.383,0.000,0.000,0.000,4.922,0.019,2.252,5.148,10.022,15.715,0.152,0.000,61.388
Br62_rep4_Dep6_Tu0.1,0.000,0.012,0.000,0.000,1.495,0.000,1.265,10.626,4.115,15.885,5.564,0.000,61.037
Br62_rep8_Dep6_Tu5,2.566,0.024,0.000,0.000,0.084,0.033,17.007,8.643,8.595,4.753,0.754,0.000,57.541
Br62_rep10_Dep6_Tu50,56.158,1.302,0.000,0.000,3.014,3.473,7.039,4.253,0.000,0.844,2.376,0.000,21.541
Br62_rep10_Dep6_Tu0.3,0.000,0.009,0.000,0.000,0.125,0.006,17.590,9.728,7.090,5.650,1.189,0.000,58.613
Br62_rep3_Dep6_Tu20,25.100,0.037,0.000,0.000,4.738,0.172,0.628,1.601,0.033,17.975,1.535,0.034,48.149
Br62_rep1_Dep6_Tu1,0.000,0.010,0.000,0.000,0.789,0.000,17.302,6.588,10.182,3.184,4.852,0.000,57.092
Br62_rep3_Dep6_Tu1,0.009,0.000,0.000,0.000,1.899,0.000,18.339,6.942,0.077,8.485,5.062,0.000,59.186
Br62_rep9_Dep6_Tu2,0.335,0.002,0.000,0.000,0.066,0.019,4.643,6.454,0.100,26.165,0.876,0.356,60.983
Br62_rep7_Dep6_Tu50,57.276,1.799,0.000,0.000,2.760,3.852,0.824,2.251,0.000,7.936,0.353,0.000,22.949
Br62_rep7_Dep6_Tu5,3.941,0.020,0.000,0.000,0.951,0.080,2.054,10.450,3.387,16.183,5.499,0.096,57.339
Br62_rep8_Dep6_Tu2,0.510,0.000,0.000,0.000,0.242,0.008,19.560,6.914,0.062,8.784,6.698,0.014,57.206
Br62_rep5_Dep6_Tu0.1,0.000,0.014,0.000,0.000,11.572,0.000,2.064,3.353,0.220,20.814,0.160,0.000,61.803
Br62_rep6_Dep6_Tu5,2.088,0.037,0.000,0.000,0.354,0.039,0.737,4.569,12.225,19.023,0.093,0.000,60.834
Br62_rep9_Dep6_Tu20,22.596,0.026,0.000,0.000,0.833,0.498,0.881,4.696,7.934,12.307,2.880,0.000,47.350
Br62_rep2_Dep6_Tu30,36.123,0.117,0.000,0.000,3.518,2.031,0.254,0.863,0.000,14.953,2.396,0.000,39.744
Br62_rep7_Dep6_Tu10,9.977,0.081,0.000,0.000,0.103,0.123,1.809,1.977,0.051,27.811,0.178,0.447,57.444
Br62_rep6_Dep6_Tu0.1,0.000,0.000,0.000,0.000,4.230,0.000,1.575,6.523,9.849,16.472,0.066,0.000,61.284
Br62_rep5_Dep6_Tu50,56.868,2.220,0.000,0.000,5.170,3.792,0.279,0.891,0.000,6.416,1.310,0.000,23.055
Br62_rep10_Dep6_Tu1,0.000,0.009,0.000,0.000,0.116,0.007,18.185,8.708,9.297,4.007,2.728,0.000,56.942
Br62_rep1_Dep6_Tu30,35.659,0.072,0.000,0.000,3.223,1.071,1.253,1.188,0.000,15.343,3.690,0.000,38.501
Br62_rep7_Dep6_Tu0.3,0.000,0.009,0.058,0.000,0.441,0.000,4.836,6.696,0.174,25.898,0.218,0.000,61.670
Br62_rep2_Dep6_Tu10,10.088,0.000,0.000,0.000,2.534,0.118,3.172,2.017,0.514,22.219,4.169,0.084,55.086
Br62_rep9_Dep6_Tu0.1,0.000,0.013,0.000,0.000,0.095,0.000,18.319,8.026,9.860,3.580,2.876,0.000,57.231
Br62_rep3_Dep6_Tu10,11.185,0.016,0.000,0.000,1.494,0.116,1.023,9.646,5.010,12.317,5.641,0.000,53.552
Br62_rep4_Dep6_Tu5,3.079,0.020,0.000,0.000,0.100,0.042,18.536,11.448,7.039,5.301,0.183,0.172,54.080
Br62_rep8_Dep6_Tu20,23.431,0.187,0.000,0.000,1.209,0.623,15.591,3.304,0.221,7.268,2.725,0.000,45.440
Br62_rep1_Dep6_Tu2,0.589,0.019,0.000,0.000,11.615,0.006,1.638,3.059,0.325,21.306,0.182,0.000,61.261
Br62_rep10_Dep6_Tu5,5.038,0.016,0.010,0.000,1.084,0.021,18.350,1.961,3.096,12.826,0.025,0.000,57.573
Br62_rep10_Dep6_Tu30,35.170,0.347,0.000,0.000,1.414,1.438,1.112,1.129,0.399,17.358,0.953,0.000,40.680
Br62_rep6_Dep6_Tu2,0.015,0.041,0.000,0.000,0.168,0.023,17.508,9.575,7.151,6.061,1.278,0.006,58.176
Br62_rep4_Dep6_Tu3,1.554,0.068,0.000,0.000,0.259,0.022,20.437,1.704,1.787,14.363,0.018,0.064,59.724
Br66_rep4_Dep6_Tu50,64.642,0.619,0.000,0.000,0.454,2.443,0.000,3.613,4.355,0.770,1.389,0.000,21.716
Br66_rep3_Dep6_Tu0.5,0.000,0.023,0.000,0.000,0.660,0.000,20.899,6.850,0.301,9.962,1.685,0.000,59.620
Br66_rep2_Dep6_Tu3,0.233,0.047,0.000,0.000,0.129,0.008,9.968,6.409,0.819,19.183,3.036,0.000,60.168
Br66_rep6_Dep6_Tu40,48.949,0.681,0.000,0.000,0.000,1.070,1.377,4.232,0.000,12.074,0.624,0.000,30.994
Br66_rep9_Dep6_Tu0.1,0.000,0.015,0.000,0.000,0.115,0.000,18.293,8.130,9.869,3.652,2.659,0.000,57.265
Br66_rep9_Dep6_Tu5,3.476,0.097,0.000,0.000,0.293,0.031,13.358,12.333,1.835,12.264,0.254,0.000,56.058
Br66_rep10_Dep6_Tu1,0.000,0.026,0.000,0.000,0.057,0.000,22.126,0.674,2.981,13.523,0.036,0.000,60.576
Br66_rep6_Dep6_Tu20,23.585,0.382,0.000,0.000,0.223,0.268,0.889,1.537,11.847,13.239,0.081,0.000,47.947
Br66_rep10_Dep6_Tu30,36.058,0.098,0.000,0.000,0.370,1.109,1.070,5.485,4.542,9.992,1.853,0.000,39.423
Br66_rep10_Dep6_Tu5,2.997,0.280,0.000,0.000,3.129,0.038,1.605,6.069,9.737,17.081,0.669,0.000,58.396
Br66_rep7_Dep6_Tu1,0.000,0.005,0.000,0.000,0.557,0.000,3.189,3.620,0.147,27.506,0.645,0.000,64.330
Br66_rep6_Dep6_Tu0.3,0.000,0.025,0.000,0.000,0.655,0.000,20.897,6.871,0.291,9.981,1.646,0.000,59.634
Br66_rep1_Dep6_Tu30,37.760,0.119,0.000,0.000,0.126,0.389,1.059,1.699,0.077,15.618,4.512,0.094,38.546
Br66_rep3_Dep6_Tu1,0.016,0.004,0.000,0.000,1.902,0.000,18.395,6.957,0.069,8.446,5.036,0.000,59.176
Br66_rep3_Dep6_Tu30,35.390,0.142,0.000,0.000,0.147,1.202,1.329,4.406,0.137,16.505,0.679,0.000,40.063
Br66_rep9_Dep6_Tu1,0.032,0.036,0.000,0.000,11.504,0.000,2.006,3.605,0.179,21.140,0.118,0.000,61.379
Br66_rep9_Dep6_Tu40,43.608,0.111,0.095,0.000,0.000,1.521,12.825,3.090,0.000,1.275,4.905,0.000,32.569
Br66_rep5_Dep6_Tu1,0.000,0.044,0.000,0.000,0.277,0.000,13.931,12.652,1.431,13.070,0.224,0.000,58.370
Br66_rep2_Dep6_Tu5,1.345,0.073,0.000,0.000,0.093,0.008,21.708,0.754,2.893,13.166,0.083,0.000,59.877
Br66_rep5_Dep6_Tu30,36.098,1.096,0.084,0.000,0.103,0.697,1.020,6.744,2.450,12.557,1.728,0.000,37.423
Br66_rep7_Dep6_Tu50,58.917,0.745,0.000,0.000,0.000,2.346,0.562,2.960,5.683,5.612,0.119,0.000,23.055
Br66_rep4_Dep6_Tu40,48.090,0.237,0.000,0.000,0.031,1.632,1.456,4.277,0.000,13.393,0.217,0.000,30.667
Br66_rep8_Dep6_Tu5,2.160,0.010,0.000,0.000,0.067,0.014,16.945,8.432,8.474,5.633,0.701,0.000,57.564
Br66_rep9_Dep6_Tu2,0.104,0.016,0.000,0.000,0.041,0.010,4.979,6.495,0.145,26.088,0.886,0.137,61.099
Br66_rep6_Dep6_Tu30,35.284,0.148,0.000,0.000,0.042,0.358,12.751,8.562,5.298,1.392,0.297,0.149,35.719
Br66_rep4_Dep6_Tu0.1,0.000,0.010,0.000,0.000,1.421,0.000,1.311,10.509,4.452,15.741,5.584,0.000,60.971
Br66_rep5_Dep6_Tu10,9.790,0.145,0.000,0.000,0.063,0.040,18.521,5.868,0.186,9.310,2.234,0.034,53.808
Br66_rep3_Dep6_Tu40,44.105,0.543,0.000,0.000,0.085,2.177,11.415,3.858,0.000,1.217,5.327,0.000,31.273
Br66_rep9_Dep6_Tu0.5,0.000,0.013,0.000,0.000,0.059,0.000,2.257,2.884,0.265,30.070,0.141,0.129,64.180
Br66_rep8_Dep6_Tu2,0.305,0.001,0.000,0.000,0.230,0.003,19.568,6.948,0.039,8.783,6.764,0.000,57.358
Br66_rep10_Dep6_Tu2,0.221,0.004,0.023,0.000,1.574,0.010,9.043,6.915,2.964,14.474,3.857,0.000,60.915
Br66_rep6_Dep6_Tu0.1,0.000,0.000,0.000,0.000,4.145,0.000,1.627,6.583,9.928,16.435,0.071,0.000,61.211
Br66_rep5_Dep6_Tu0.5,0.000,0.000,0.000,0.000,2.465,0.000,2.467,3.779,0.108,26.888,0.223,0.000,64.071
Br66_rep2_Dep6_Tu20,23.121,0.302,0.000,0.000,0.263,0.229,0.740,5.300,7.846,12.265,2.750,0.000,47.182
Br66_rep4_Dep6_Tu0.5,0.008,0.008,0.000,0.000,0.615,0.003,18.972,11.330,8.162,3.774,0.155,0.000,56.974
Br66_rep4_Dep6_Tu5,3.186,0.012,0.000,0.000,0.042,0.019,18.464,11.677,6.781,5.324,0.189,0.287,54.020
Br66_rep8_Dep6_Tu0.5,0.000,0.084,0.000,0.000,1.007,0.000,1.393,5.578,10.818,17.231,2.647,0.000,61.241
Br66_rep5_Dep6_Tu20,18.829,0.058,0.000,0.000,6.015,0.078,13.283,7.057,6.760,1.038,1.847,0.000,45.035
Br66_rep1_Dep6_Tu3,0.902,0.054,0.000,0.000,3.545,0.018,1.720,12.305,1.452,15.004,5.677,0.000,59.322
Br66_rep10_Dep6_Tu10,9.929,0.121,0.000,0.000,1.958,0.063,7.378,7.358,2.786,13.247,3.542,0.000,53.619
Br66_rep3_Dep6_Tu10,9.461,0.034,0.000,0.000,1.253,0.029,0.909,9.619,3.878,13.739,5.803,0.098,55.177
Br66_rep10_Dep6_Tu40,41.272,0.237,0.000,0.000,0.072,1.406,10.501,3.161,6.648,0.515,4.768,0.000,31.422
Br66_rep1_Dep6_Tu50,57.617,0.825,0.000,0.000,0.065,3.086,10.052,3.330,0.028,0.660,1.660,0.000,22.678
Br66_rep10_Dep6_Tu0.5,0.023,0.012,0.000,0.000,3.247,0.000,12.403,8.049,0.681,14.536,0.373,0.000,60.675
Br66_rep1_Dep6_Tu0.3,0.000,0.020,0.000,0.000,3.014,0.000,1.202,13.860,1.249,14.844,5.876,0.061,59.873
Br66_rep10_Dep6_Tu0.1,0.000,0.000,0.000,0.000,2.488,0.000,6.731,9.517,1.162,15.073,4.062,0.000,60.967
Br66_rep8_Dep6_Tu40,46.195,1.970,0.000,0.000,0.122,1.603,0.983,2.062,0.000,15.172,0.101,0.000,31.791
Br66_rep3_Dep6_Tu20,21.624,0.100,0.000,0.000,3.845,0.151,0.669,2.087,0.000,19.535,2.391,0.000,49.597
Br66_rep9_Dep6_Tu0.3,0.000,0.005,0.000,0.000,4.006,0.000,1.040,1.848,0.107,25.390,3.843,0.084,63.677
Br66_rep7_Dep6_Tu0.3,0.000,0.000,0.053,0.000,0.416,0.000,4.872,6.669,0.192,25.959,0.188,0.000,61.653
Br66_rep5_Dep6_Tu2,0.000,0.079,0.000,0.000,0.023,0.003,17.865,9.858,7.158,4.975,1.966,0.000,58.073
Br66_rep5_Dep6_Tu0.3,0.000,0.013,0.000,0.016,0.079,0.000,18.438,11.611,7.903,5.424,0.130,0.000,56.386
Br66_rep6_Dep6_Tu5,2.045,0.506,0.000,0.000,0.142,0.066,0.424,4.705,11.863,19.298,0.061,0.000,60.888
Br66_rep5_Dep6_Tu3,1.701,0.000,0.000,0.000,0.512,0.022,2.845,3.813,0.161,27.389,0.089,0.411,63.057
Br66_rep1_Dep6_Tu5,1.544,0.039,0.000,0.000,1.012,0.032,1.742,4.170,12.132,18.800,0.021,0.000,60.508
Br66_rep6_Dep6_Tu10,7.924,0.077,0.093,0.000,4.476,0.027,17.828,4.393,0.419,8.444,1.062,0.000,55.257
Br66_rep3_Dep6_Tu5,4.556,0.032,0.000,0.000,0.656,0.010,8.291,5.428,0.439,20.582,0.527,0.000,59.480
Br66_rep1_Dep6_Tu1,0.000,0.013,0.000,0.000,0.761,0.000,17.350,6.625,10.162,3.269,4.756,0.000,57.064
Br66_rep4_Dep6_Tu30,35.167,0.240,0.000,0.000,0.862,0.564,1.064,1.465,0.000,17.779,2.202,0.000,40.656
Br66_rep8_Dep6_Tu20,19.513,0.268,0.000,0.000,0.241,0.525,16.721,4.983,0.066,7.509,2.238,0.451,47.485
Br66_rep4_Dep6_Tu10,10.138,0.072,0.043,0.000,0.453,0.069,3.259,6.709,0.080,23.476,0.036,0.000,55.664
Br66_rep2_Dep6_Tu1,0.007,0.000,0.000,0.000,0.170,0.000,8.286,6.755,1.270,19.527,2.191,0.000,61.795
Br66_rep6_Dep6_Tu2,0.032,0.033,0.000,0.000,0.134,0.015,17.275,9.496,7.125,6.332,1.227,0.030,58.300
Br66_rep6_Dep6_Tu0.5,0.000,0.020,0.000,0.000,0.727,0.000,17.421,6.662,10.615,3.408,3.899,0.000,57.249
Br66_rep5_Dep6_Tu0.1,0.000,0.013,0.000,0.000,11.574,0.000,2.012,3.319,0.221,20.881,0.157,0.000,61.823
Br66_rep2_Dep6_Tu2,0.235,0.000,0.000,0.000,1.871,0.016,1.652,6.616,11.080,17.936,0.338,0.000,60.256
Br66_rep10_Dep6_Tu50,61.485,1.794,0.108,0.000,0.000,3.094,1.552,4.672,0.000,5.250,0.272,0.000,21.773
Br66_rep7_Dep6_Tu3,0.106,0.014,0.000,0.000,0.023,0.014,19.005,10.453,8.779,4.672,0.944,0.000,55.991
Br66_rep7_Dep6_Tu10,9.810,0.272,0.000,0.000,0.065,0.040,1.617,2.623,0.146,27.567,0.100,0.431,57.329
Br66_rep2_Dep6_Tu0.5,0.000,0.018,0.000,0.000,1.015,0.000,2.210,1.971,0.144,26.197,4.370,0.000,64.074
Br66_rep5_Dep6_Tu50,59.062,2.190,0.000,0.000,0.034,4.026,0.234,1.784,0.141,8.376,0.374,0.000,23.779
Br66_rep9_Dep6_Tu20,21.908,0.000,0.000,0.000,0.072,0.722,1.038,5.409,7.491,12.687,3.093,0.000,47.578
Br66_rep8_Dep6_Tu3,0.230,0.030,0.000,0.000,0.084,0.004,22.101,0.756,3.006,13.401,0.048,0.000,60.339
Br66_rep9_Dep6_Tu10,8.530,0.058,0.000,0.000,0.540,0.040,18.938,5.978,0.016,6.513,6.698,0.092,52.597
Br66_rep7_Dep6_Tu2,0.000,0.188,0.000,0.000,0.186,0.000,0.736,4.714,12.295,19.694,0.074,0.000,62.112
Br66_rep6_Dep6_Tu3,0.208,0.000,0.000,0.000,4.746,0.009,2.281,5.308,10.008,15.815,0.087,0.000,61.538
Br66_rep1_Dep6_Tu0.5,0.000,0.042,0.000,0.000,0.267,0.000,2.179,8.345,9.195,18.018,1.233,0.000,60.720
Br66_rep2_Dep6_Tu40,52.761,0.596,0.680,0.000,5.404,1.860,0.000,5.842,0.000,0.613,2.839,0.000,29.403
Br66_rep1_Dep6_Tu2,0.442,0.000,0.000,0.000,11.656,0.000,1.683,3.162,0.247,21.316,0.154,0.000,61.339
Br66_rep8_Dep6_Tu1,0.018,0.000,0.000,0.000,3.646,0.000,19.525,5.221,0.366,10.559,0.729,0.000,59.935
Br66_rep4_Dep6_Tu3,0.854,0.110,0.037,0.000,0.210,0.009,20.468,1.970,1.700,14.502,0.037,0.139,59.964
Br66_rep7_Dep6_Tu40,40.739,1.281,0.000,0.000,0.466,1.736,13.325,4.640,0.000,1.610,6.022,0.000,30.180
Br66_rep7_Dep6_Tu0.5,0.000,0.005,0.000,0.000,1.409,0.000,1.516,2.238,13.203,18.688,0.034,0.000,62.907
Br66_rep2_Dep6_Tu30,37.260,0.283,0.000,0.000,1.302,1.475,0.226,1.360,0.000,15.531,2.302,0.000,40.261
Br66_rep2_Dep6_Tu0.1,0.000,0.000,0.000,0.000,0.229,0.000,20.265,2.216,2.141,14.390,0.104,0.000,60.656
Br66_rep7_Dep6_Tu0.1,0.000,0.013,0.000,0.000,0.148,0.000,2.554,2.938,0.174,29.892,0.087,0.340,63.854
Br66_rep1_Dep6_Tu40,44.073,0.164,0.000,0.000,0.041,1.849,15.089,0.606,2.112,2.425,0.181,0.000,33.460
Br66_rep7_Dep6_Tu5,2.453,0.038,0.000,0.000,0.991,0.029,2.018,11.046,1.952,17.236,5.840,0.000,58.399
Br66_rep4_Dep6_Tu1,0.000,0.020,0.008,0.000,0.133,0.003,19.251,11.349,8.400,4.002,0.161,0.000,56.673
Br66_rep8_Dep6_Tu0.1,0.000,0.006,0.000,0.000,0.625,0.000,15.849,5.179,9.197,5.508,4.435,0.064,59.137
Br66_rep4_Dep6_Tu2,0.176,0.003,0.000,0.000,5.087,0.007,17.912,5.231,0.676,10.830,0.124,0.000,59.954
Br66_rep1_Dep6_Tu0.1,0.000,0.000,0.000,0.000,8.428,0.000,1.180,1.702,0.047,22.876,0.229,0.100,65.438
Br66_rep2_Dep6_Tu10,10.351,0.059,0.000,0.000,2.099,0.021,3.520,2.365,0.329,21.901,4.172,0.000,55.183
Br66_rep4_Dep6_Tu20,22.650,0.490,0.000,0.000,0.085,0.094,12.401,3.818,6.341,5.617,3.404,0.000,45.100
Br66_rep4_Dep6_Tu0.3,0.000,0.005,0.000,0.000,1.064,0.000,9.708,7.961,0.955,18.463,0.904,0.000,60.940
Br66_rep10_Dep6_Tu3,1.328,0.005,0.000,0.000,3.899,0.010,13.469,6.402,2.097,12.682,0.622,0.012,59.474
Br66_rep1_Dep6_Tu20,21.883,0.171,0.000,0.000,0.000,0.255,14.086,8.694,5.379,2.805,1.284,0.000,45.443
Br66_rep6_Dep6_Tu1,0.035,0.020,0.000,0.000,2.904,0.000,7.591,6.932,0.348,19.311,0.264,0.000,62.594
Br66_rep6_Dep6_Tu50,56.082,1.250,0.000,0.000,0.000,2.745,7.980,6.904,1.661,0.420,0.175,0.000,22.783
Br66_rep9_Dep6_Tu3,0.653,0.028,0.000,0.000,0.534,0.000,20.308,5.381,0.420,10.571,2.660,0.000,59.444
Br66_rep3_Dep6_Tu50,57.775,2.891,0.158,0.000,1.330,3.477,0.000,5.632,0.000,6.183,0.572,0.000,21.981
Br66_rep8_Dep6_Tu30,32.078,0.394,0.000,0.000,10.480,0.407,0.710,2.059,0.016,12.766,0.503,0.000,40.587
Br66_rep7_Dep6_Tu20,24.153,0.051,0.000,0.000,0.050,0.051,1.074,1.773,0.170,23.239,0.121,0.118,49.201
Br66_rep3_Dep6_Tu2,0.588,0.035,0.000,0.000,2.983,0.012,1.159,12.895,3.029,14.817,5.054,0.000,59.428
Br66_rep8_Dep6_Tu50,65.429,1.758,0.000,0.000,0.339,3.200,0.000,7.664,0.000,0.826,0.737,0.000,20.048
Br66_rep3_Dep6_Tu3,0.201,0.197,0.000,0.000,1.745,0.004,9.351,4.826,3.178,18.993,1.661,0.000,59.844
Br66_rep3_Dep6_Tu0.3,0.000,0.075,0.000,0.000,0.975,0.000,1.420,5.574,10.808,17.228,2.671,0.000,61.249
Br66_rep8_Dep6_Tu0.3,0.000,0.007,0.000,0.000,3.972,0.000,0.982,1.776,0.107,25.451,3.906,0.105,63.694
Br66_rep3_Dep6_Tu0.1,0.007,0.000,0.000,0.000,2.076,0.000,19.596,5.900,0.026,8.348,5.256,0.098,58.694
Br66_rep10_Dep6_Tu0.3,0.000,0.000,0.000,0.000,0.339,0.000,8.502,5.324,0.940,20.034,3.133,0.000,61.727
Br66_rep2_Dep6_Tu50,58.334,1.734,0.000,0.000,0.131,3.085,0.194,2.367,0.000,10.685,0.178,0.000,23.291
Br66_rep5_Dep6_Tu5,2.005,0.054,0.000,0.000,0.019,0.011,18.292,9.546,9.397,5.225,0.691,0.000,54.759
Br66_rep10_Dep6_Tu20,20.637,0.020,0.000,0.000,0.099,0.274,14.370,7.975,6.207,3.152,1.235,0.000,46.031
Br66_rep7_Dep6_Tu30,37.631,0.285,0.000,0.000,0.446,0.274,0.620,1.929,0.098,18.047,0.234,0.047,40.388
Br66_rep9_Dep6_Tu30,32.936,0.126,0.000,0.000,0.253,0.173,15.189,5.953,0.000,2.672,6.033,0.000,36.665
Br66_rep5_Dep6_Tu40,46.375,0.343,0.000,0.000,0.487,1.656,6.201,2.682,1.024,6.939,2.652,0.000,31.641
Br66_rep8_Dep6_Tu10,7.273,0.016,0.000,0.000,6.017,0.042,14.653,5.761,8.027,2.572,0.656,0.000,54.985
Br66_rep9_Dep6_Tu50,58.912,1.249,0.000,0.000,0.097,3.610,0.212,2.260,0.000,10.197,0.375,0.000,23.089
Br66_rep2_Dep6_Tu0.3,0.000,0.005,0.000,0.000,0.108,0.000,21.796,0.839,2.468,13.814,0.065,0.000,60.905
Br66_rep1_Dep6_Tu10,6.868,0.025,0.000,0.000,0.057,0.052,18.076,10.899,7.781,3.777,0.381,0.000,52.083
Cer77_rep9_Dep6_Tu3,0.006,0.986,0.000,0.000,0.578,0.016,20.359,5.357,0.490,10.542,2.842,0.000,58.823
Cer77_rep5_Dep6_Tu30,1.275,1.917,58.972,0.627,0.553,0.546,1.983,4.969,0.000,0.000,2.289,1.745,25.123
Cer77_rep3_Dep6_Tu30,1.410,2.052,61.841,0.000,1.324,0.583,2.282,1.974,0.000,0.000,1.062,2.389,25.083
Cer77_rep8_Dep6_Tu50,1.363,2.715,72.393,0.154,0.469,0.769,5.348,1.883,0.000,0.000,1.167,0.000,13.738
Cer77_rep1_Dep6_Tu1,0.000,0.033,0.000,0.000,0.803,0.000,17.290,6.630,10.119,3.327,4.765,0.000,57.032
Cer77_rep7_Dep6_Tu3,0.037,0.094,0.000,0.000,0.031,0.040,18.762,10.148,8.720,5.237,1.091,0.000,55.840
Cer77_rep10_Dep6_Tu2,0.051,0.046,1.628,0.000,1.708,0.035,9.011,6.774,3.626,13.599,3.603,0.000,59.920
Cer77_rep2_Dep6_Tu0.5,0.000,0.027,0.000,0.000,0.950,0.000,2.232,2.034,0.163,26.206,4.378,0.000,64.011
Cer77_rep3_Dep6_Tu20,0.831,1.503,39.676,0.776,3.042,0.264,0.884,1.581,0.000,12.140,1.503,0.595,37.204
Cer77_rep1_Dep6_Tu2,0.087,0.246,0.742,0.000,11.509,0.003,2.021,3.091,0.316,20.925,0.226,0.000,60.833
Cer77_rep2_Dep6_Tu5,0.024,0.263,7.816,0.000,0.115,0.062,20.501,0.724,2.016,12.180,0.060,0.000,56.239
Cer77_rep5_Dep6_Tu0.5,0.000,0.013,0.000,0.000,2.475,0.000,2.521,3.803,0.106,26.797,0.282,0.000,64.002
Cer77_rep2_Dep6_Tu50,1.408,4.940,75.100,0.000,0.441,0.760,1.600,0.752,0.000,0.000,0.636,0.000,14.362
Cer77_rep9_Dep6_Tu0.5,0.000,0.084,0.000,0.000,0.084,0.000,2.264,2.845,0.274,30.043,0.144,0.127,64.135
Cer77_rep4_Dep6_Tu10,0.127,0.730,20.996,0.000,0.745,0.114,2.815,5.384,0.003,20.233,0.079,0.343,48.431
Cer77_rep9_Dep6_Tu20,0.463,1.362,41.581,0.149,0.724,0.312,1.206,3.327,4.925,7.220,2.580,0.571,35.579
Cer77_rep3_Dep6_Tu10,0.332,0.939,20.151,0.000,1.333,0.124,1.434,8.503,2.773,10.900,5.183,0.000,48.327
Cer77_rep6_Dep6_Tu5,0.013,0.477,8.231,0.000,0.275,0.049,0.765,4.039,11.174,17.591,0.046,0.000,57.341
Cer77_rep5_Dep6_Tu1,0.000,0.043,0.000,0.000,0.334,0.000,13.946,12.631,1.848,12.892,0.259,0.000,58.047
Cer77_rep5_Dep6_Tu0.3,0.000,0.014,0.000,0.026,0.074,0.000,18.444,11.613,7.917,5.422,0.126,0.000,56.364
Cer77_rep4_Dep6_Tu50,1.047,3.444,72.689,0.233,0.430,0.619,4.311,1.295,0.000,0.000,1.964,0.000,13.970
Cer77_rep6_Dep6_Tu0.3,0.000,0.034,0.000,0.000,0.682,0.000,20.856,6.838,0.302,9.974,1.685,0.000,59.629
Cer77_rep4_Dep6_Tu40,1.477,2.751,68.075,0.619,0.769,0.672,2.734,2.214,0.000,0.000,1.040,0.000,19.648
Cer77_rep10_Dep6_Tu5,0.101,0.401,8.648,0.060,2.119,0.088,1.898,5.800,9.522,16.075,0.585,0.000,54.702
Cer77_rep3_Dep6_Tu1,0.000,0.023,0.000,0.000,1.928,0.005,18.284,6.916,0.070,8.633,5.030,0.000,59.111
Cer77_rep8_Dep6_Tu40,1.024,2.850,68.915,0.781,0.746,0.483,2.627,0.759,0.000,0.000,0.715,2.012,19.089
Cer77_rep7_Dep6_Tu0.3,0.000,0.007,0.092,0.000,0.435,0.000,4.857,6.663,0.189,25.909,0.214,0.000,61.634
Cer77_rep3_Dep6_Tu0.1,0.009,0.003,0.011,0.000,2.074,0.000,19.598,5.908,0.025,8.347,5.253,0.081,58.691
Cer77_rep4_Dep6_Tu0.3,0.000,0.015,0.000,0.000,1.321,0.000,9.492,7.940,1.001,18.402,0.917,0.000,60.911
Cer77_rep6_Dep6_Tu2,0.000,0.117,0.426,0.000,0.178,0.062,16.996,9.487,7.062,6.459,1.338,0.000,57.873
Cer77_rep6_Dep6_Tu20,0.300,0.996,41.367,0.139,0.988,0.344,1.164,1.001,8.672,7.779,0.181,0.101,36.968
Cer77_rep9_Dep6_Tu40,0.691,2.266,62.043,0.182,0.947,0.560,7.810,1.033,0.000,0.000,3.173,0.810,20.483
Cer77_rep6_Dep6_Tu40,1.074,3.130,67.214,0.789,0.858,0.603,2.842,2.057,0.000,0.000,0.854,0.382,20.198
Cer77_rep8_Dep6_Tu5,0.061,0.280,8.780,0.000,0.114,0.049,16.218,7.732,8.083,4.164,0.723,0.000,53.796
Cer77_rep5_Dep6_Tu50,1.070,3.234,72.081,0.728,2.332,0.660,1.685,0.889,0.000,0.000,1.850,0.000,15.472
Cer77_rep1_Dep6_Tu30,1.679,1.993,57.602,1.455,1.712,0.434,2.238,1.063,0.000,0.000,3.208,3.744,24.871
