Sample,BRCA,CEAD,CESC,COAD,OV,READ,bcell,cd4tcell,cd8tcell,erythroblast,monocyte,naturalkillercell,neutrophil,Unknown-1
Colo_rep2_Dep6_Tu0.5,0.000,0.000,0.000,0.000,0.000,0.000,0.000,29.570,0.000,0.000,0.771,0.000,69.659,0.000
Colo_rep2_Dep6_Tu50,0.000,0.000,0.000,58.580,2.513,0.017,0.000,11.360,0.000,0.000,2.978,0.000,24.552,0.000
Colo_rep6_Dep6_Tu1,0.000,0.000,0.000,0.000,0.000,0.000,0.000,30.563,0.000,0.000,3.008,0.000,66.429,0.000
Colo_rep3_Dep6_Tu2,0.000,0.000,0.000,0.000,0.000,0.000,0.000,30.953,0.000,0.000,5.904,0.000,63.143,0.000
Colo_rep7_Dep6_Tu2,0.000,0.000,0.000,0.000,0.000,0.000,0.000,36.731,0.000,0.000,0.857,0.000,62.411,0.000
Colo_rep8_Dep6_Tu0.1,0.000,0.000,0.000,0.000,0.000,0.000,0.000,28.752,0.000,0.000,13.784,0.000,57.463,0.000
Colo_rep10_Dep6_Tu2,0.000,0.000,0.000,0.000,0.000,0.000,0.000,30.986,0.000,0.000,0.510,0.000,68.504,0.000
Colo_rep6_Dep6_Tu3,0.000,0.000,0.000,0.000,0.000,0.000,0.000,36.169,0.000,0.000,0.944,0.000,62.886,0.000
Colo_rep9_Dep6_Tu30,0.000,0.000,0.000,41.331,0.000,0.000,0.000,13.117,0.000,0.000,11.928,0.000,33.624,0.000
Colo_rep9_Dep6_Tu0.5,0.000,0.000,0.000,0.000,0.000,0.000,0.000,29.607,0.000,0.000,0.441,0.000,69.951,0.000
Colo_rep6_Dep6_Tu20,0.000,0.000,0.000,27.502,0.000,0.000,0.000,27.649,0.000,0.000,0.538,0.000,44.311,0.000
Colo_rep8_Dep6_Tu30,0.000,0.000,0.000,41.077,0.201,0.000,0.000,18.321,0.000,0.000,1.334,0.000,39.067,0.000
Colo_rep3_Dep6_Tu5,0.000,0.000,0.000,0.000,0.000,0.000,0.000,32.502,0.000,0.000,0.994,0.000,66.503,0.000
Colo_rep4_Dep6_Tu3,0.000,0.000,0.000,0.000,0.000,0.000,0.000,31.963,0.000,0.000,4.724,0.000,63.312,0.000
Colo_rep2_Dep6_Tu10,0.000,0.000,0.000,16.908,0.000,0.000,0.000,25.611,0.000,0.000,0.946,0.000,56.535,0.000
Colo_rep3_Dep6_Tu40,0.000,0.000,0.000,51.106,0.848,0.000,0.000,10.850,0.000,0.000,9.806,0.000,27.389,0.000
Colo_rep3_Dep6_Tu30,0.000,0.000,0.000,41.979,0.113,0.000,0.000,18.041,0.000,0.000,2.457,0.000,37.409,0.000
Colo_rep6_Dep6_Tu30,0.000,0.000,0.000,40.739,0.197,0.000,0.000,18.445,0.000,0.000,10.635,0.000,29.984,0.000
Colo_rep4_Dep6_Tu50,0.000,0.000,0.000,57.829,0.280,0.004,0.000,13.753,0.000,0.000,7.136,0.000,20.998,0.000
Colo_rep5_Dep6_Tu50,0.000,0.000,0.000,60.469,1.055,0.000,0.000,12.534,0.000,0.000,1.862,0.000,24.080,0.000
Colo_rep6_Dep6_Tu2,0.000,0.000,0.000,0.000,0.000,0.000,0.000,28.255,0.000,0.000,15.037,0.000,56.707,0.000
Colo_rep10_Dep6_Tu50,0.000,0.000,0.000,58.325,0.285,0.000,0.000,13.794,0.000,0.000,8.103,0.000,19.493,0.000
Colo_rep7_Dep6_Tu50,0.000,0.000,0.000,59.165,0.296,0.000,0.000,16.063,0.000,0.000,1.980,0.000,22.494,0.000
Colo_rep9_Dep6_Tu40,0.000,0.000,0.000,50.957,0.638,0.006,0.000,10.862,0.000,0.000,10.234,0.000,27.303,0.000
Colo_rep8_Dep6_Tu5,0.000,0.000,0.000,0.000,0.000,0.000,0.000,30.340,0.000,0.000,13.848,0.000,55.811,0.000
Colo_rep1_Dep6_Tu20,0.000,0.000,0.000,27.076,0.000,0.000,0.000,20.999,0.000,0.000,12.943,0.000,38.982,0.000
Colo_rep9_Dep6_Tu2,0.000,0.000,0.000,0.000,0.000,0.000,0.000,30.291,0.000,0.000,1.754,0.000,67.955,0.000
Colo_rep5_Dep6_Tu30,0.000,0.000,0.000,39.897,0.250,0.000,0.000,21.547,0.000,0.000,2.759,0.000,35.546,0.000
Colo_rep4_Dep6_Tu0.1,0.000,0.000,0.000,0.000,0.000,0.000,0.000,32.684,0.000,0.000,3.833,0.000,63.482,0.000
Colo_rep5_Dep6_Tu0.1,0.000,0.000,0.000,0.000,0.000,0.000,0.000,30.286,0.000,0.000,0.943,0.000,68.770,0.000
Colo_rep9_Dep6_Tu3,0.000,0.000,0.000,0.000,0.000,0.000,0.000,21.989,0.000,0.000,16.910,0.000,61.100,0.000
Colo_rep2_Dep6_Tu0.1,0.000,0.000,0.000,0.000,0.000,0.000,0.000,29.367,0.000,0.000,7.296,0.000,63.336,0.000
Colo_rep8_Dep6_Tu10,0.000,0.000,0.000,11.244,0.000,0.000,0.000,26.596,0.000,0.000,12.031,0.000,50.129,0.000
Colo_rep4_Dep6_Tu30,0.000,0.000,0.000,43.103,0.332,0.000,0.000,17.222,0.000,0.000,1.097,0.000,38.245,0.000
Colo_rep2_Dep6_Tu2,0.000,0.000,0.000,0.000,0.000,0.000,0.000,36.930,0.000,0.000,0.679,0.000,62.391,0.000
Colo_rep1_Dep6_Tu5,0.000,0.000,0.000,0.000,0.000,0.000,0.000,37.147,0.000,0.000,0.608,0.000,62.244,0.000
Colo_rep8_Dep6_Tu50,0.000,0.000,0.000,58.634,0.449,0.000,0.000,13.458,0.000,0.000,8.264,0.000,19.196,0.000
Colo_rep5_Dep6_Tu5,0.000,0.000,0.000,0.000,0.000,0.000,0.000,31.304,0.000,0.000,14.468,0.000,54.227,0.000
Colo_rep6_Dep6_Tu50,0.000,0.000,0.000,58.298,0.543,0.000,0.000,12.838,0.000,0.000,8.740,0.000,19.581,0.000
Colo_rep5_Dep6_Tu0.5,0.000,0.000,0.000,0.000,0.000,0.000,0.000,29.952,0.000,0.000,0.696,0.000,69.351,0.000
Colo_rep4_Dep6_Tu20,0.000,0.000,0.000,27.876,0.000,0.000,0.000,23.060,0.000,0.000,8.359,0.000,40.704,0.000
Colo_rep8_Dep6_Tu40,0.000,0.000,0.000,51.582,0.552,0.000,0.000,15.493,0.000,0.000,1.452,0.000,30.920,0.000
Colo_rep7_Dep6_Tu0.3,0.000,0.000,0.000,0.000,0.000,0.000,0.000,29.877,0.000,0.000,1.986,0.000,68.136,0.000
Colo_rep7_Dep6_Tu30,0.000,0.000,0.000,43.877,0.000,0.000,0.000,16.635,0.000,0.000,1.527,0.000,37.960,0.000
Colo_rep10_Dep6_Tu20,0.000,0.000,0.000,25.940,0.073,0.000,0.000,22.073,0.000,0.000,11.334,0.000,40.579,0.000
Colo_rep9_Dep6_Tu10,0.000,0.000,0.000,14.987,0.000,0.000,0.000,18.713,0.000,0.000,15.310,0.000,50.989,0.000
Colo_rep9_Dep6_Tu0.1,0.000,0.000,0.000,0.000,0.000,0.000,0.000,29.592,0.000,0.000,15.272,0.000,55.135,0.000
Colo_rep10_Dep6_Tu0.3,0.000,0.000,0.000,0.000,0.000,0.000,0.000,28.086,0.000,0.000,15.065,0.000,56.848,0.000
Colo_rep8_Dep6_Tu20,0.000,0.000,0.000,30.676,0.077,0.000,0.000,15.979,0.000,0.000,12.230,0.000,41.038,0.000
Colo_rep3_Dep6_Tu3,0.000,0.000,0.000,0.000,0.000,0.000,0.000,32.385,0.000,0.000,2.709,0.000,64.905,0.000
Colo_rep4_Dep6_Tu2,0.000,0.000,0.000,0.000,0.000,0.000,0.000,25.675,0.000,0.000,13.040,0.000,61.284,0.000
Colo_rep10_Dep6_Tu0.1,0.000,0.000,0.000,0.000,0.000,0.000,0.000,29.933,0.000,0.000,14.623,0.000,55.443,0.000
Colo_rep4_Dep6_Tu0.3,0.000,0.000,0.000,0.000,0.000,0.000,0.000,29.558,0.000,0.000,5.456,0.000,64.985,0.000
Colo_rep9_Dep6_Tu0.3,0.000,0.000,0.000,0.000,0.000,0.000,0.000,28.490,0.000,0.000,0.984,0.000,70.525,0.000
Colo_rep1_Dep6_Tu10,0.000,0.000,0.000,11.029,0.000,0.000,0.000,28.378,0.000,0.000,13.495,0.000,47.097,0.000
Colo_rep6_Dep6_Tu0.3,0.000,0.000,0.000,0.000,0.000,0.000,0.000,20.712,0.000,0.000,17.713,0.000,61.574,0.000
Colo_rep6_Dep6_Tu0.5,0.000,0.000,0.000,0.000,0.000,0.000,0.000,30.475,0.000,0.000,14.083,0.000,55.442,0.000
Colo_rep10_Dep6_Tu10,0.000,0.000,0.000,12.605,0.000,0.000,0.000,26.104,0.000,0.000,12.168,0.000,49.122,0.000
Colo_rep10_Dep6_Tu1,0.000,0.000,0.000,0.000,0.000,0.000,0.000,30.011,0.000,0.000,14.429,0.000,55.559,0.000
Colo_rep10_Dep6_Tu5,0.000,0.000,0.000,0.000,0.000,0.000,0.000,29.945,0.000,0.000,7.696,0.000,62.358,0.000
Colo_rep10_Dep6_Tu40,0.000,0.000,0.000,52.469,0.228,0.000,0.000,14.944,0.000,0.000,2.518,0.000,29.840,0.000
Colo_rep10_Dep6_Tu0.5,0.000,0.000,0.000,0.000,0.000,0.000,0.000,30.473,0.000,0.000,14.953,0.000,54.573,0.000
Colo_rep1_Dep6_Tu1,0.000,0.000,0.000,0.000,0.000,0.000,0.000,30.452,0.000,0.000,14.250,0.000,55.297,0.000
Colo_rep7_Dep6_Tu20,0.000,0.000,0.000,30.774,0.000,0.000,0.000,20.569,0.000,0.000,0.647,0.000,48.009,0.000
Colo_rep6_Dep6_Tu10,0.000,0.000,0.000,13.392,0.000,0.000,0.000,22.202,0.000,0.000,11.987,0.000,52.418,0.000
Colo_rep10_Dep6_Tu3,0.000,0.000,0.000,0.000,0.000,0.000,0.000,29.989,0.000,0.000,0.663,0.000,69.347,0.000
Colo_rep1_Dep6_Tu30,0.000,0.000,0.000,42.055,0.900,0.000,0.000,17.926,0.000,0.000,1.505,0.000,37.613,0.000
Colo_rep1_Dep6_Tu0.1,0.000,0.000,0.000,0.000,0.000,0.000,0.000,29.212,0.000,0.000,0.620,0.000,70.166,0.000
Colo_rep7_Dep6_Tu5,0.000,0.000,0.000,0.000,0.000,0.000,0.000,33.130,0.000,0.000,4.192,0.000,62.677,0.000
Colo_rep7_Dep6_Tu0.1,0.000,0.000,0.000,0.000,0.000,0.000,0.000,29.973,0.000,0.000,0.400,0.000,69.627,0.000
Colo_rep6_Dep6_Tu40,0.000,0.000,0.000,52.060,0.061,0.000,0.000,14.544,0.000,0.000,3.541,0.000,29.794,0.000
Colo_rep8_Dep6_Tu2,0.000,0.000,0.000,0.000,0.000,0.000,0.000,21.535,0.000,0.000,17.350,0.000,61.114,0.000
Colo_rep7_Dep6_Tu0.5,0.000,0.000,0.000,0.000,0.000,0.000,0.000,36.927,0.000,0.000,0.282,0.000,62.790,0.000
Colo_rep5_Dep6_Tu20,0.000,0.000,0.000,25.838,0.000,0.000,0.000,23.261,0.000,0.000,12.416,0.000,38.484,0.000
Colo_rep8_Dep6_Tu0.3,0.000,0.000,0.000,0.000,0.000,0.000,0.000,28.512,0.000,0.000,0.980,0.000,70.507,0.000
Colo_rep4_Dep6_Tu5,0.000,0.000,0.000,0.000,0.000,0.000,0.000,31.317,0.000,0.000,14.280,0.000,54.402,0.000
Colo_rep9_Dep6_Tu1,0.000,0.000,0.000,0.000,0.000,0.000,0.000,30.546,0.000,0.000,0.925,0.000,68.529,0.000
Colo_rep1_Dep6_Tu0.5,0.000,0.000,0.000,0.000,0.000,0.000,0.000,34.168,0.000,0.000,2.456,0.000,63.375,0.000
Colo_rep8_Dep6_Tu3,0.000,0.000,0.000,0.000,0.000,0.000,0.000,34.781,0.000,0.000,0.902,0.000,64.316,0.000
Colo_rep5_Dep6_Tu0.3,0.000,0.000,0.000,0.000,0.000,0.000,0.000,29.413,0.000,0.000,15.600,0.000,54.986,0.000
Colo_rep2_Dep6_Tu30,0.000,0.000,0.000,43.444,0.041,0.000,0.000,15.800,0.000,0.000,1.742,0.000,38.972,0.000
Colo_rep7_Dep6_Tu10,0.000,0.000,0.000,15.664,0.000,0.000,0.000,24.760,0.000,0.000,0.598,0.000,58.978,0.000
Colo_rep2_Dep6_Tu40,0.000,0.000,0.000,48.516,0.106,0.000,0.000,16.515,0.000,0.000,9.634,0.000,25.229,0.000
Colo_rep3_Dep6_Tu0.1,0.000,0.000,0.000,0.000,0.000,0.000,0.000,21.937,0.000,0.000,16.624,0.000,61.438,0.000
Colo_rep3_Dep6_Tu1,0.000,0.000,0.000,0.000,0.000,0.000,0.000,21.586,0.000,0.000,17.022,0.000,61.391,0.000
Colo_rep8_Dep6_Tu1,0.000,0.000,0.000,0.000,0.000,0.000,0.000,25.110,0.000,0.000,13.561,0.000,61.328,0.000
Colo_rep4_Dep6_Tu1,0.000,0.000,0.000,0.000,0.000,0.000,0.000,31.273,0.000,0.000,14.394,0.000,54.333,0.000
Colo_rep5_Dep6_Tu40,0.000,0.000,0.000,50.581,0.287,0.000,0.000,15.983,0.000,0.000,6.184,0.000,26.964,0.000
Colo_rep5_Dep6_Tu10,0.000,0.000,0.000,15.325,0.000,0.000,0.000,19.381,0.000,0.000,13.530,0.000,51.764,0.000
Colo_rep2_Dep6_Tu0.3,0.000,0.000,0.000,0.000,0.000,0.000,0.000,34.410,0.000,0.000,0.922,0.000,64.667,0.000
Colo_rep10_Dep6_Tu30,0.000,0.000,0.000,43.301,0.256,0.010,0.000,17.240,0.000,0.000,1.303,0.000,37.891,0.000
Colo_rep1_Dep6_Tu40,0.000,0.000,0.000,51.428,0.304,0.000,0.000,13.919,0.000,0.000,7.112,0.000,27.237,0.000
Colo_rep6_Dep6_Tu0.1,0.000,0.000,0.000,0.000,0.000,0.000,0.000,35.216,0.000,0.000,1.490,0.000,63.293,0.000
Colo_rep7_Dep6_Tu40,0.000,0.000,0.000,51.322,2.007,0.000,0.000,10.383,0.000,0.000,9.885,0.000,26.402,0.000
Colo_rep1_Dep6_Tu50,0.000,0.000,0.000,59.379,1.459,0.011,0.000,9.875,0.000,0.000,8.422,0.000,20.853,0.000
Colo_rep1_Dep6_Tu0.3,0.000,0.000,0.000,0.000,0.000,0.000,0.000,29.658,0.000,0.000,6.913,0.000,63.428,0.000
Colo_rep9_Dep6_Tu20,0.000,0.000,0.000,28.427,0.058,0.000,0.000,24.885,0.000,0.000,2.300,0.000,44.330,0.000
Colo_rep4_Dep6_Tu10,0.000,0.000,0.000,15.970,0.000,0.000,0.000,25.211,0.000,0.000,1.826,0.000,56.992,0.000
Colo_rep6_Dep6_Tu5,0.000,0.000,0.000,0.000,0.000,0.000,0.000,37.137,0.000,0.000,0.639,0.000,62.223,0.000
Colo_rep9_Dep6_Tu5,0.000,0.000,0.000,0.000,0.000,0.000,0.000,30.633,0.000,0.000,10.313,0.000,59.053,0.000
Colo_rep3_Dep6_Tu50,0.000,0.000,0.000,58.645,0.113,0.000,0.000,15.203,0.000,0.000,3.140,0.000,22.898,0.000
Colo_rep5_Dep6_Tu1,0.000,0.000,0.000,0.000,0.000,0.000,0.000,30.065,0.000,0.000,10.618,0.000,59.316,0.000
Colo_rep5_Dep6_Tu3,0.000,0.000,0.000,0.000,0.000,0.000,0.000,29.895,0.000,0.000,0.448,0.000,69.657,0.000
Colo_rep2_Dep6_Tu1,0.000,0.000,0.000,0.000,0.000,0.000,0.000,29.773,0.000,0.000,5.234,0.000,64.992,0.000
Colo_rep7_Dep6_Tu1,0.000,0.000,0.000,0.000,0.000,0.000,0.000,30.070,0.000,0.000,0.709,0.000,69.221,0.000
Colo_rep5_Dep6_Tu2,0.000,0.000,0.000,0.000,0.000,0.000,0.000,28.631,0.000,0.000,15.506,0.000,55.862,0.000
Colo_rep4_Dep6_Tu40,0.000,0.000,0.000,52.502,0.571,0.000,0.000,13.993,0.000,0.094,3.443,0.000,29.397,0.000
Colo_rep2_Dep6_Tu20,0.000,0.000,0.000,27.745,0.024,0.000,0.000,25.604,0.000,0.000,1.495,0.000,45.131,0.000
Colo_rep4_Dep6_Tu0.5,0.000,0.000,0.000,0.000,0.000,0.000,0.000,29.943,0.000,0.000,15.166,0.000,54.890,0.000
Colo_rep2_Dep6_Tu5,0.000,0.000,0.000,0.000,0.000,0.000,0.000,35.073,0.000,0.000,0.682,0.000,64.244,0.000
Colo_rep2_Dep6_Tu3,0.000,0.000,0.000,0.000,0.000,0.000,0.000,31.051,0.000,0.000,4.870,0.000,64.078,0.000
Colo_rep3_Dep6_Tu10,0.000,0.000,0.000,14.584,0.000,0.003,0.000,27.987,0.000,0.000,3.630,0.000,53.795,0.000
Colo_rep8_Dep6_Tu0.5,0.000,0.000,0.000,0.000,0.000,0.000,0.000,35.328,0.000,0.000,1.110,0.000,63.561,0.000
Colo_rep7_Dep6_Tu3,0.000,0.000,0.000,0.000,0.000,0.000,0.000,30.454,0.000,0.000,15.257,0.000,54.288,0.000
Colo_rep3_Dep6_Tu0.5,0.000,0.000,0.000,0.000,0.000,0.000,0.000,20.708,0.000,0.000,17.716,0.000,61.575,0.000
Colo_rep3_Dep6_Tu20,0.000,0.000,0.000,32.213,0.000,0.000,0.000,18.723,0.000,0.000,2.097,0.000,46.966,0.000
Colo_rep1_Dep6_Tu2,0.000,0.000,0.000,0.000,0.000,0.000,0.000,30.901,0.000,0.000,0.682,0.000,68.416,0.000
Colo_rep9_Dep6_Tu50,0.000,0.000,0.000,62.031,0.962,0.000,0.000,10.989,0.000,0.000,2.423,0.000,23.595,0.000
Colo_rep3_Dep6_Tu0.3,0.000,0.000,0.000,0.000,0.000,0.000,0.000,35.343,0.000,0.000,1.065,0.000,63.591,0.000
Colo_rep1_Dep6_Tu3,0.000,0.000,0.000,0.000,0.000,0.000,0.000,30.529,0.000,0.000,6.108,0.000,63.362,0.000
Br62_rep5_Dep6_Tu0.5,0.000,0.000,0.000,0.000,0.000,0.000,0.000,29.845,0.000,0.000,0.779,0.000,69.376,0.000
Br62_rep5_Dep6_Tu3,0.000,0.000,0.000,0.000,0.000,0.007,0.000,29.844,0.000,0.000,0.541,0.000,69.608,0.000
Br62_rep6_Dep6_Tu30,36.866,0.000,0.000,0.000,0.000,0.998,0.000,18.106,0.000,0.000,8.971,0.000,35.058,0.000
Br62_rep7_Dep6_Tu20,29.691,0.000,0.000,0.000,0.000,0.308,0.000,19.509,0.000,0.000,0.271,0.000,50.220,0.000
Br62_rep2_Dep6_Tu40,45.151,0.000,0.000,0.000,0.000,2.210,0.765,13.896,0.000,0.000,8.686,0.000,29.292,0.000
Br62_rep8_Dep6_Tu0.5,0.000,0.000,0.000,0.000,0.000,0.000,0.000,35.313,0.000,0.000,1.113,0.000,63.573,0.000
Br62_rep5_Dep6_Tu2,0.000,0.000,0.000,0.000,0.000,0.000,0.000,28.601,0.000,0.000,15.554,0.000,55.843,0.000
Br62_rep4_Dep6_Tu50,49.980,0.000,0.265,0.000,0.000,2.058,6.730,3.842,0.000,0.000,1.683,0.000,23.259,12.183
Br62_rep8_Dep6_Tu40,50.576,0.000,0.303,0.000,0.000,2.344,0.000,12.001,0.000,0.000,0.136,0.000,34.640,0.000
Br62_rep7_Dep6_Tu2,0.000,0.000,0.000,0.000,0.000,0.000,0.000,36.693,0.000,0.000,0.919,0.000,62.387,0.000
Br62_rep9_Dep6_Tu40,50.416,0.000,0.285,0.000,1.598,1.115,0.000,8.629,0.000,0.000,6.151,0.000,31.807,0.000
Br62_rep10_Dep6_Tu2,0.000,0.000,0.000,0.000,0.000,0.000,0.000,31.105,0.000,0.000,0.496,0.000,68.398,0.000
Br62_rep6_Dep6_Tu10,12.048,0.000,0.009,0.000,0.000,0.089,0.000,21.909,0.000,0.000,11.787,0.000,54.158,0.000
Br62_rep2_Dep6_Tu2,0.000,0.000,0.000,0.000,0.000,0.000,0.000,36.876,0.000,0.000,0.685,0.000,62.438,0.000
Br62_rep9_Dep6_Tu5,1.079,0.000,0.025,0.000,0.000,0.040,0.000,29.581,0.000,0.000,10.737,0.000,58.537,0.000
Br62_rep6_Dep6_Tu40,51.609,0.000,0.079,0.000,0.000,1.454,0.000,11.826,0.000,0.000,0.751,0.000,34.281,0.000
Br62_rep4_Dep6_Tu20,27.642,0.000,0.000,0.000,0.000,0.269,0.000,21.769,0.000,0.000,6.633,0.000,43.685,0.000
Br62_rep9_Dep6_Tu1,0.000,0.000,0.000,0.000,0.000,0.000,0.000,30.658,0.000,0.000,0.938,0.000,68.403,0.000
Br62_rep1_Dep6_Tu0.3,0.000,0.000,0.000,0.000,0.000,0.000,0.000,29.763,0.000,0.000,6.799,0.000,63.438,0.000
Br62_rep3_Dep6_Tu5,0.000,0.000,0.000,0.000,0.000,0.025,0.000,32.617,0.000,0.000,0.943,0.000,66.413,0.000
Br62_rep9_Dep6_Tu50,60.567,0.000,0.370,0.000,0.000,2.884,0.472,7.492,0.000,0.000,0.231,0.000,27.983,0.000
Br62_rep5_Dep6_Tu30,37.607,0.000,0.162,0.000,0.000,1.783,0.000,19.257,0.000,0.000,1.318,0.000,39.872,0.000
Br62_rep9_Dep6_Tu0.5,0.000,0.000,0.000,0.000,0.000,0.000,0.000,29.648,0.000,0.000,0.481,0.000,69.870,0.000
Br62_rep1_Dep6_Tu20,24.954,0.000,0.000,0.000,0.000,0.642,0.000,21.115,0.000,0.000,11.833,0.000,41.455,0.000
Br62_rep4_Dep6_Tu2,0.000,0.000,0.000,0.000,0.000,0.000,0.000,25.429,0.000,0.000,13.196,0.000,61.374,0.000
Br62_rep8_Dep6_Tu3,0.000,0.000,0.000,0.000,0.000,0.000,0.000,34.794,0.000,0.000,0.921,0.000,64.284,0.000
Br62_rep2_Dep6_Tu5,1.380,0.000,0.000,0.000,0.000,0.024,0.000,34.334,0.000,0.000,0.736,0.000,63.525,0.000
Br62_rep2_Dep6_Tu1,0.000,0.000,0.000,0.000,0.000,0.000,0.000,29.914,0.000,0.000,5.229,0.000,64.856,0.000
Br62_rep8_Dep6_Tu1,0.000,0.000,0.000,0.000,0.000,0.000,0.000,24.936,0.000,0.000,13.701,0.000,61.363,0.000
Br62_rep10_Dep6_Tu0.1,0.000,0.000,0.000,0.000,0.000,0.000,0.000,30.003,0.000,0.000,14.607,0.000,55.389,0.000
Br62_rep3_Dep6_Tu40,48.387,0.000,0.007,0.000,1.915,2.227,0.187,7.650,0.000,0.000,8.071,0.000,30.693,0.863
Br62_rep8_Dep6_Tu0.3,0.000,0.000,0.000,0.000,0.000,0.000,0.000,28.500,0.000,0.000,1.000,0.000,70.499,0.000
Br62_rep4_Dep6_Tu0.5,0.000,0.000,0.000,0.000,0.000,0.000,0.000,29.971,0.000,0.000,15.125,0.000,54.903,0.000
Br62_rep6_Dep6_Tu50,55.857,0.000,0.501,0.000,0.000,2.867,0.000,9.934,0.000,0.000,7.286,0.000,23.554,0.000
Br62_rep7_Dep6_Tu0.1,0.000,0.000,0.000,0.000,0.000,0.000,0.000,29.973,0.000,0.000,0.382,0.000,69.644,0.000
Br62_rep9_Dep6_Tu30,40.987,0.000,0.156,0.000,0.000,0.941,0.000,10.271,0.000,0.000,11.257,0.000,36.387,0.000
Br62_rep6_Dep6_Tu20,22.046,0.000,0.000,0.000,0.000,0.478,0.000,28.270,0.000,0.000,0.253,0.000,48.953,0.000
Br62_rep5_Dep6_Tu5,0.056,0.000,0.000,0.000,0.000,0.016,0.000,31.050,0.000,0.000,14.441,0.000,54.437,0.000
Br62_rep4_Dep6_Tu40,50.830,0.000,0.098,0.000,0.721,1.663,0.000,12.344,0.000,0.000,0.565,0.000,33.779,0.000
Br62_rep8_Dep6_Tu0.1,0.000,0.000,0.000,0.000,0.000,0.000,0.000,28.687,0.000,0.000,13.823,0.000,57.490,0.000
Br62_rep1_Dep6_Tu40,48.442,0.000,0.000,0.000,1.546,3.202,0.000,14.222,0.000,0.000,0.526,0.000,32.061,0.000
Br62_rep3_Dep6_Tu30,40.431,0.000,0.068,0.000,1.108,1.417,0.000,16.566,0.000,0.000,0.398,0.000,40.011,0.000
Br62_rep7_Dep6_Tu0.5,0.000,0.000,0.000,0.000,0.000,0.000,0.000,36.907,0.000,0.000,0.266,0.000,62.826,0.000
Br62_rep1_Dep6_Tu10,5.337,0.000,0.000,0.000,0.000,0.143,0.000,29.285,0.000,0.000,14.331,0.000,50.903,0.000
Br62_rep10_Dep6_Tu20,25.281,0.000,0.000,0.000,0.000,0.442,0.000,20.875,0.000,0.000,11.087,0.000,42.315,0.000
Br62_rep1_Dep6_Tu5,0.987,0.000,0.000,0.000,0.000,0.021,0.000,36.473,0.000,0.000,0.686,0.000,61.833,0.000
Br62_rep3_Dep6_Tu50,52.648,0.000,0.483,0.000,0.000,4.002,0.508,10.017,0.000,0.000,0.383,0.000,25.845,6.113
Br62_rep1_Dep6_Tu3,0.000,0.000,0.000,0.000,0.000,0.000,0.000,30.642,0.000,0.000,5.891,0.000,63.465,0.000
Br62_rep7_Dep6_Tu30,44.687,0.000,0.213,0.000,0.000,1.208,0.000,12.871,0.000,0.000,0.341,0.000,40.680,0.000
Br62_rep6_Dep6_Tu1,0.000,0.000,0.000,0.000,0.000,0.000,0.000,30.601,0.000,0.000,2.926,0.000,66.472,0.000
Br62_rep1_Dep6_Tu0.5,0.000,0.000,0.000,0.000,0.000,0.000,0.000,34.139,0.000,0.000,2.492,0.000,63.368,0.000
Br62_rep1_Dep6_Tu0.1,0.000,0.000,0.000,0.000,0.000,0.000,0.000,29.187,0.000,0.000,0.680,0.000,70.132,0.000
Br62_rep9_Dep6_Tu3,0.000,0.000,0.000,0.000,0.000,0.000,0.000,21.969,0.000,0.000,16.804,0.000,61.227,0.000
Br62_rep5_Dep6_Tu40,40.955,0.000,0.000,0.000,0.000,1.557,11.735,10.866,0.000,0.000,2.301,0.000,32.586,0.000
Br62_rep10_Dep6_Tu3,0.000,0.000,0.000,0.000,0.000,0.000,0.000,29.948,0.000,0.000,0.600,0.000,69.452,0.000
Br62_rep2_Dep6_Tu0.3,0.000,0.000,0.000,0.000,0.000,0.000,0.000,34.380,0.000,0.000,0.918,0.000,64.702,0.000
Br62_rep10_Dep6_Tu40,49.821,0.000,0.349,0.000,0.000,2.283,0.035,13.127,0.000,0.000,0.190,0.000,34.196,0.000
Br62_rep3_Dep6_Tu2,0.000,0.000,0.000,0.000,0.000,0.000,0.000,31.059,0.000,0.000,5.815,0.000,63.125,0.000
Br62_rep5_Dep6_Tu1,0.000,0.000,0.000,0.000,0.000,0.000,0.000,29.895,0.000,0.000,10.744,0.000,59.360,0.000
Br62_rep4_Dep6_Tu1,0.000,0.000,0.000,0.000,0.000,0.000,0.000,31.085,0.000,0.000,14.495,0.000,54.420,0.000
Br62_rep10_Dep6_Tu0.5,0.000,0.000,0.000,0.000,0.000,0.000,0.000,30.520,0.000,0.000,14.855,0.000,54.624,0.000
Br62_rep5_Dep6_Tu20,24.498,0.000,0.071,0.000,0.000,0.311,0.000,22.220,0.000,0.000,11.739,0.000,41.160,0.000
Br62_rep6_Dep6_Tu0.3,0.000,0.000,0.000,0.000,0.000,0.000,0.000,20.733,0.000,0.000,17.700,0.000,61.567,0.000
Br62_rep9_Dep6_Tu0.3,0.000,0.000,0.000,0.000,0.000,0.000,0.000,28.524,0.000,0.000,0.959,0.000,70.516,0.000
Br62_rep2_Dep6_Tu20,27.000,0.000,0.000,0.000,0.000,0.307,0.000,24.369,0.000,0.000,0.789,0.000,47.534,0.000
Br62_rep6_Dep6_Tu0.5,0.000,0.000,0.000,0.000,0.000,0.000,0.000,30.446,0.000,0.000,14.102,0.000,55.451,0.000
Br62_rep8_Dep6_Tu10,10.036,0.000,0.000,0.000,0.000,0.103,0.000,26.695,0.000,0.000,12.136,0.000,51.029,0.000
Br62_rep2_Dep6_Tu0.1,0.000,0.000,0.000,0.000,0.000,0.000,0.000,28.901,0.000,0.000,7.920,0.000,63.178,0.000
Br62_rep5_Dep6_Tu10,13.094,0.000,0.000,0.000,0.000,0.070,0.000,19.308,0.000,0.000,14.075,0.000,53.452,0.000
Br62_rep10_Dep6_Tu10,9.861,0.000,0.000,0.000,0.000,0.041,0.000,26.346,0.000,0.000,12.605,0.000,51.146,0.000
Br62_rep4_Dep6_Tu10,13.849,0.000,0.000,0.000,0.000,0.116,0.000,25.304,0.000,0.000,1.312,0.000,59.419,0.000
Br62_rep3_Dep6_Tu0.1,0.000,0.000,0.000,0.000,0.000,0.000,0.000,21.938,0.000,0.000,16.692,0.000,61.369,0.000
Br62_rep2_Dep6_Tu50,61.103,0.000,0.481,0.000,0.000,2.606,0.037,7.387,0.000,0.000,0.438,0.000,27.948,0.000
Br62_rep9_Dep6_Tu10,14.175,0.000,0.000,0.000,0.000,0.126,0.000,18.441,0.000,0.000,14.460,0.000,52.797,0.000
Br62_rep5_Dep6_Tu0.3,0.000,0.000,0.000,0.000,0.000,0.000,0.000,29.367,0.000,0.000,15.570,0.000,55.063,0.000
Br62_rep8_Dep6_Tu50,55.669,0.000,0.203,0.000,0.000,3.277,0.350,14.113,0.000,0.000,1.722,0.000,24.667,0.000
Br62_rep4_Dep6_Tu0.3,0.000,0.000,0.000,0.000,0.000,0.000,0.000,29.613,0.000,0.000,5.312,0.000,65.074,0.000
Br62_rep7_Dep6_Tu1,0.000,0.000,0.000,0.000,0.000,0.000,0.000,29.855,0.000,0.000,0.745,0.000,69.400,0.000
Br62_rep3_Dep6_Tu0.5,0.000,0.000,0.000,0.000,0.000,0.000,0.000,20.735,0.000,0.000,17.665,0.000,61.599,0.000
Br62_rep7_Dep6_Tu40,46.656,0.000,0.122,0.000,3.254,1.087,0.000,8.408,0.000,0.000,7.785,0.000,30.115,2.573
Br62_rep2_Dep6_Tu3,0.000,0.000,0.000,0.000,0.000,0.000,0.000,30.169,0.000,0.000,6.037,0.000,63.793,0.000
Br62_rep2_Dep6_Tu0.5,0.000,0.000,0.000,0.000,0.000,0.000,0.000,29.545,0.000,0.000,0.802,0.000,69.652,0.000
Br62_rep1_Dep6_Tu50,56.092,0.000,1.014,0.000,0.000,3.241,0.000,8.688,0.000,0.000,4.289,0.000,26.676,0.000
Br62_rep3_Dep6_Tu3,0.000,0.000,0.000,0.000,0.000,0.000,0.000,32.189,0.000,0.000,2.812,0.000,64.999,0.000
Br62_rep7_Dep6_Tu3,0.000,0.000,0.000,0.000,0.000,0.005,0.000,30.232,0.000,0.000,15.134,0.000,54.628,0.000
Br62_rep3_Dep6_Tu0.3,0.000,0.000,0.000,0.000,0.000,0.000,0.000,35.304,0.000,0.000,1.137,0.000,63.559,0.000
Br62_rep8_Dep6_Tu30,41.234,0.000,0.214,0.000,0.000,0.935,0.541,15.091,0.000,0.000,0.528,0.000,41.457,0.000
Br62_rep4_Dep6_Tu30,42.672,0.000,0.026,0.000,0.000,1.366,0.000,14.178,0.000,0.000,0.304,0.000,41.454,0.000
Br62_rep6_Dep6_Tu3,0.000,0.000,0.000,0.000,0.000,0.000,0.000,36.100,0.000,0.000,0.976,0.000,62.924,0.000
Br62_rep4_Dep6_Tu0.1,0.000,0.000,0.000,0.000,0.000,0.000,0.000,32.729,0.000,0.000,3.863,0.000,63.407,0.000
Br62_rep8_Dep6_Tu5,0.950,0.000,0.000,0.000,0.000,0.036,0.000,30.145,0.000,0.000,13.762,0.000,55.107,0.000
Br62_rep10_Dep6_Tu50,55.244,0.000,0.996,0.000,0.560,2.942,0.000,10.777,0.000,0.000,6.784,0.000,22.696,0.000
Br62_rep10_Dep6_Tu0.3,0.000,0.000,0.000,0.000,0.000,0.000,0.000,28.114,0.000,0.000,15.044,0.000,56.840,0.000
Br62_rep3_Dep6_Tu20,32.404,0.000,0.000,0.000,0.000,0.196,0.000,16.931,0.000,0.000,0.897,0.000,49.572,0.000
Br62_rep1_Dep6_Tu1,0.000,0.000,0.000,0.000,0.000,0.000,0.000,30.346,0.000,0.000,14.230,0.000,55.423,0.000
Br62_rep3_Dep6_Tu1,0.000,0.000,0.000,0.000,0.000,0.000,0.000,21.599,0.000,0.000,17.009,0.000,61.390,0.000
Br62_rep9_Dep6_Tu2,0.000,0.000,0.000,0.000,0.000,0.000,0.000,30.362,0.000,0.000,1.821,0.000,67.817,0.000
Br62_rep7_Dep6_Tu50,52.349,0.000,0.783,0.000,0.253,3.448,5.171,11.112,0.000,0.000,0.288,0.000,26.595,0.000
Br62_rep7_Dep6_Tu5,0.112,0.000,0.000,0.000,0.000,0.037,0.000,33.239,0.000,0.000,4.236,0.000,62.375,0.000
Br62_rep8_Dep6_Tu2,0.000,0.000,0.000,0.000,0.000,0.000,0.000,21.562,0.000,0.000,17.286,0.000,61.152,0.000
Br62_rep5_Dep6_Tu0.1,0.000,0.000,0.000,0.000,0.000,0.000,0.000,30.277,0.000,0.000,0.998,0.000,68.724,0.000
Br62_rep6_Dep6_Tu5,0.000,0.000,0.000,0.000,0.000,0.007,0.000,36.882,0.000,0.000,0.771,0.000,62.339,0.000
Br62_rep9_Dep6_Tu20,25.547,0.000,0.000,0.000,0.000,0.523,0.000,24.787,0.000,0.000,1.170,0.000,47.973,0.000
Br62_rep2_Dep6_Tu30,43.253,0.000,0.028,0.000,0.000,2.091,0.000,12.916,0.000,0.000,0.462,0.000,41.250,0.000
Br62_rep7_Dep6_Tu10,15.020,0.000,0.000,0.000,0.000,0.114,0.000,23.933,0.000,0.000,0.302,0.000,60.630,0.000
Br62_rep6_Dep6_Tu0.1,0.000,0.000,0.000,0.000,0.000,0.000,0.000,35.227,0.000,0.000,1.477,0.000,63.295,0.000
Br62_rep5_Dep6_Tu50,59.397,0.000,2.452,0.000,0.000,3.557,0.000,6.967,0.000,0.000,0.522,0.000,27.104,0.000
Br62_rep10_Dep6_Tu1,0.000,0.000,0.000,0.000,0.000,0.000,0.000,30.112,0.000,0.000,14.305,0.000,55.582,0.000
Br62_rep1_Dep6_Tu30,42.179,0.000,0.000,0.000,0.000,0.968,0.000,16.301,0.000,0.000,0.252,0.000,40.301,0.000
Br62_rep7_Dep6_Tu0.3,0.000,0.000,0.000,0.000,0.000,0.000,0.000,29.880,0.000,0.000,1.937,0.000,68.182,0.000
Br62_rep2_Dep6_Tu10,14.501,0.000,0.000,0.000,0.000,0.108,0.000,25.992,0.000,0.000,0.413,0.000,58.985,0.000
Br62_rep9_Dep6_Tu0.1,0.000,0.000,0.000,0.000,0.000,0.000,0.000,29.600,0.000,0.000,15.223,0.000,55.176,0.000
Br62_rep3_Dep6_Tu10,12.948,0.000,0.000,0.000,0.000,0.087,0.000,28.302,0.000,0.000,3.637,0.000,55.025,0.000
Br62_rep4_Dep6_Tu5,0.242,0.000,0.000,0.000,0.000,0.036,0.000,30.521,0.000,0.000,14.624,0.000,54.576,0.000
Br62_rep8_Dep6_Tu20,28.586,0.000,0.191,0.000,0.148,0.585,0.000,13.847,0.000,0.000,12.451,0.000,44.191,0.000
Br62_rep1_Dep6_Tu2,0.000,0.000,0.000,0.000,0.000,0.000,0.000,30.994,0.000,0.000,0.646,0.000,68.359,0.000
Br62_rep10_Dep6_Tu5,5.927,0.000,0.000,0.000,0.000,0.018,0.000,27.810,0.000,0.000,6.854,0.000,59.390,0.000
Br62_rep10_Dep6_Tu30,40.458,0.000,0.221,0.000,0.000,1.702,0.000,15.290,0.000,0.000,0.250,0.000,42.080,0.000
Br62_rep6_Dep6_Tu2,0.000,0.000,0.000,0.000,0.000,0.000,0.000,28.323,0.000,0.000,14.970,0.000,56.706,0.000
Br62_rep4_Dep6_Tu3,0.000,0.000,0.000,0.000,0.000,0.000,0.000,32.308,0.000,0.000,4.009,0.000,63.682,0.000
Br66_rep4_Dep6_Tu50,58.819,0.000,0.080,0.000,0.000,2.141,0.000,8.804,0.000,0.000,6.526,0.000,23.629,0.000
Br66_rep3_Dep6_Tu0.5,0.000,0.000,0.000,0.000,0.000,0.000,0.000,20.719,0.000,0.000,17.712,0.000,61.568,0.000
Br66_rep2_Dep6_Tu3,0.000,0.000,0.000,0.000,0.000,0.000,0.000,30.605,0.000,0.000,5.312,0.000,64.083,0.000
Br66_rep6_Dep6_Tu40,52.270,0.000,0.165,0.000,0.000,0.934,0.000,11.460,0.000,0.000,1.718,0.000,33.452,0.000
Br66_rep9_Dep6_Tu0.1,0.000,0.000,0.000,0.000,0.000,0.000,0.000,29.583,0.000,0.000,15.276,0.000,55.140,0.000
Br66_rep9_Dep6_Tu5,2.270,0.000,0.009,0.000,0.000,0.020,0.000,29.282,0.000,0.000,10.443,0.000,57.974,0.000
Br66_rep10_Dep6_Tu1,0.000,0.000,0.000,0.000,0.000,0.000,0.000,34.508,0.000,0.000,1.133,0.000,64.358,0.000
Br66_rep6_Dep6_Tu20,23.414,0.000,0.142,0.000,0.000,0.310,0.000,28.028,0.000,0.000,0.436,0.000,47.669,0.000
Br66_rep10_Dep6_Tu30,38.879,0.000,0.000,0.000,0.000,0.784,0.000,17.864,0.000,0.000,3.211,0.000,39.262,0.000
Br66_rep10_Dep6_Tu5,2.281,0.000,0.000,0.000,0.000,0.010,0.000,35.621,0.000,0.000,0.945,0.000,61.142,0.000
Br66_rep7_Dep6_Tu1,0.000,0.000,0.000,0.000,0.000,0.000,0.000,29.920,0.000,0.000,0.768,0.000,69.311,0.000
Br66_rep6_Dep6_Tu0.3,0.000,0.000,0.000,0.000,0.000,0.000,0.000,20.717,0.000,0.000,17.715,0.000,61.567,0.000
Br66_rep1_Dep6_Tu30,43.223,0.000,0.051,0.000,0.000,0.331,0.000,15.082,0.000,0.000,0.535,0.000,40.777,0.000
Br66_rep3_Dep6_Tu1,0.000,0.000,0.000,0.000,0.000,0.000,0.000,21.570,0.000,0.000,17.022,0.000,61.407,0.000
Br66_rep3_Dep6_Tu30,40.806,0.000,0.015,0.000,0.000,1.061,0.000,15.619,0.000,0.000,1.312,0.000,41.187,0.000
Br66_rep9_Dep6_Tu1,0.000,0.000,0.000,0.000,0.000,0.000,0.000,30.627,0.000,0.000,0.921,0.000,68.451,0.000
Br66_rep9_Dep6_Tu40,49.433,0.000,0.057,0.000,0.000,1.337,0.000,7.809,0.000,0.000,9.984,0.000,31.379,0.000
Br66_rep5_Dep6_Tu1,0.000,0.000,0.000,0.000,0.000,0.000,0.000,29.907,0.000,0.000,10.745,0.000,59.348,0.000
Br66_rep2_Dep6_Tu5,0.066,0.000,0.000,0.000,0.000,0.000,0.000,34.596,0.000,0.000,1.222,0.000,64.116,0.000
Br66_rep5_Dep6_Tu30,38.709,0.000,0.235,0.000,0.068,0.555,0.000,18.538,0.000,0.000,2.150,0.000,39.745,0.000
Br66_rep7_Dep6_Tu50,57.981,0.000,0.149,0.000,0.000,1.852,0.000,13.005,0.000,0.000,0.698,0.000,26.314,0.000
Br66_rep4_Dep6_Tu40,52.156,0.000,0.106,0.000,0.000,1.970,0.000,10.902,0.000,0.000,1.929,0.000,32.937,0.000
Br66_rep8_Dep6_Tu5,0.849,0.000,0.000,0.000,0.000,0.000,0.000,30.253,0.000,0.000,13.650,0.000,55.247,0.000
Br66_rep9_Dep6_Tu2,0.000,0.000,0.000,0.000,0.000,0.000,0.000,30.141,0.000,0.000,1.959,0.000,67.899,0.000
Br66_rep6_Dep6_Tu30,37.372,0.000,0.000,0.000,0.000,0.378,0.000,17.493,0.000,0.000,10.384,0.000,34.372,0.000
Br66_rep4_Dep6_Tu0.1,0.000,0.000,0.000,0.000,0.000,0.000,0.000,32.657,0.000,0.000,3.928,0.000,63.415,0.000
Br66_rep5_Dep6_Tu10,12.557,0.000,0.058,0.000,0.000,0.042,0.000,18.892,0.000,0.000,14.485,0.000,53.966,0.000
Br66_rep3_Dep6_Tu40,50.312,0.000,0.481,0.000,0.356,1.683,0.000,7.695,0.000,0.000,9.453,0.000,30.020,0.000
Br66_rep9_Dep6_Tu0.5,0.000,0.000,0.000,0.000,0.000,0.000,0.000,29.609,0.000,0.000,0.470,0.000,69.920,0.000
Br66_rep8_Dep6_Tu2,0.000,0.000,0.000,0.000,0.000,0.000,0.000,21.452,0.000,0.000,17.312,0.000,61.236,0.000
Br66_rep10_Dep6_Tu2,0.000,0.000,0.000,0.000,0.000,0.000,0.000,30.662,0.000,0.000,6.219,0.000,63.118,0.000
Br66_rep6_Dep6_Tu0.1,0.000,0.000,0.000,0.000,0.000,0.000,0.000,35.244,0.000,0.000,1.455,0.000,63.300,0.000
Br66_rep5_Dep6_Tu0.5,0.000,0.000,0.000,0.000,0.000,0.000,0.000,29.938,0.000,0.000,0.696,0.000,69.365,0.000
Br66_rep2_Dep6_Tu20,25.133,0.000,0.000,0.000,0.000,0.159,0.000,24.771,0.000,0.000,1.791,0.000,48.146,0.000
Br66_rep4_Dep6_Tu0.5,0.000,0.000,0.000,0.000,0.000,0.000,0.000,29.945,0.000,0.000,15.164,0.000,54.890,0.000
Br66_rep4_Dep6_Tu5,0.985,0.000,0.000,0.000,0.000,0.008,0.000,30.262,0.000,0.000,14.507,0.000,54.238,0.000
Br66_rep8_Dep6_Tu0.5,0.000,0.000,0.000,0.000,0.000,0.000,0.000,35.334,0.000,0.000,1.066,0.000,63.599,0.000
Br66_rep5_Dep6_Tu20,23.035,0.000,0.000,0.000,0.000,0.089,0.000,23.454,0.000,0.000,11.924,0.000,41.497,0.000
Br66_rep1_Dep6_Tu3,0.000,0.000,0.000,0.000,0.000,0.000,0.000,30.543,0.000,0.000,6.080,0.000,63.376,0.000
Br66_rep10_Dep6_Tu10,11.358,0.000,0.000,0.000,0.000,0.049,0.000,26.879,0.000,0.000,6.662,0.000,55.051,0.000
Br66_rep3_Dep6_Tu10,10.316,0.000,0.000,0.000,0.000,0.017,0.000,29.144,0.000,0.000,3.427,0.000,57.096,0.000
Br66_rep10_Dep6_Tu40,46.237,0.000,0.086,0.000,0.000,1.162,0.000,14.446,0.000,0.000,8.803,0.000,29.265,0.000
Br66_rep1_Dep6_Tu50,59.746,0.000,0.432,0.000,0.000,2.830,0.000,5.239,0.000,0.000,7.860,0.000,23.893,0.000
Br66_rep10_Dep6_Tu0.5,0.000,0.000,0.000,0.000,0.000,0.000,0.000,29.026,0.000,0.000,8.901,0.000,62.072,0.000
Br66_rep1_Dep6_Tu0.3,0.000,0.000,0.000,0.000,0.000,0.000,0.000,29.665,0.000,0.000,6.903,0.000,63.431,0.000
Br66_rep10_Dep6_Tu0.1,0.000,0.000,0.000,0.000,0.000,0.000,0.000,29.276,0.000,0.000,7.640,0.000,63.083,0.000
Br66_rep8_Dep6_Tu40,50.107,0.000,1.802,0.000,0.062,1.989,0.000,11.317,0.000,0.000,0.425,0.000,34.297,0.000
Br66_rep3_Dep6_Tu20,29.084,0.000,0.000,0.000,0.000,0.174,0.000,18.101,0.000,0.000,0.986,0.000,51.654,0.000
Br66_rep9_Dep6_Tu0.3,0.000,0.000,0.000,0.000,0.000,0.000,0.000,28.485,0.000,0.000,1.009,0.000,70.505,0.000
Br66_rep7_Dep6_Tu0.3,0.000,0.000,0.000,0.000,0.000,0.000,0.000,29.924,0.000,0.000,1.922,0.000,68.154,0.000
Br66_rep5_Dep6_Tu2,0.000,0.000,0.000,0.000,0.000,0.000,0.000,28.533,0.000,0.000,15.731,0.000,55.736,0.000
Br66_rep5_Dep6_Tu0.3,0.000,0.000,0.000,0.000,0.000,0.000,0.000,29.421,0.000,0.000,15.582,0.000,54.996,0.000
Br66_rep6_Dep6_Tu5,1.508,0.000,0.000,0.000,0.000,0.000,0.000,36.145,0.000,0.000,0.794,0.000,61.552,0.000
Br66_rep5_Dep6_Tu3,0.000,0.000,0.000,0.000,0.000,0.000,0.000,30.013,0.000,0.000,0.596,0.000,69.390,0.000
Br66_rep1_Dep6_Tu5,0.039,0.000,0.000,0.000,0.000,0.000,0.000,36.985,0.000,0.000,0.656,0.000,62.320,0.000
Br66_rep6_Dep6_Tu10,10.667,0.000,0.031,0.000,0.000,0.033,0.000,22.312,0.000,0.000,12.329,0.000,54.630,0.000
Br66_rep3_Dep6_Tu5,5.010,0.000,0.000,0.000,0.000,0.000,0.000,30.003,0.000,0.000,1.339,0.000,63.648,0.000
Br66_rep1_Dep6_Tu1,0.000,0.000,0.000,0.000,0.000,0.000,0.000,30.400,0.000,0.000,14.201,0.000,55.398,0.000
Br66_rep4_Dep6_Tu30,41.297,0.000,0.155,0.000,0.000,1.165,0.000,14.446,0.000,0.000,0.570,0.000,42.367,0.000
Br66_rep8_Dep6_Tu20,25.779,0.000,0.338,0.000,0.000,0.568,0.000,15.220,0.000,0.000,12.412,0.000,45.683,0.000
Br66_rep4_Dep6_Tu10,13.384,0.000,0.000,0.000,0.000,0.056,0.000,25.042,0.000,0.000,1.668,0.000,59.850,0.000
Br66_rep2_Dep6_Tu1,0.000,0.000,0.000,0.000,0.000,0.000,0.000,29.898,0.000,0.000,5.210,0.000,64.892,0.000
Br66_rep6_Dep6_Tu2,0.000,0.000,0.000,0.000,0.000,0.000,0.000,28.285,0.000,0.000,14.918,0.000,56.796,0.000
Br66_rep6_Dep6_Tu0.5,0.000,0.000,0.000,0.000,0.000,0.000,0.000,30.497,0.000,0.000,14.107,0.000,55.396,0.000
Br66_rep5_Dep6_Tu0.1,0.000,0.000,0.000,0.000,0.000,0.000,0.000,30.261,0.000,0.000,0.985,0.000,68.753,0.000
Br66_rep2_Dep6_Tu2,0.000,0.000,0.000,0.000,0.000,0.000,0.000,36.813,0.000,0.000,0.785,0.000,62.401,0.000
Br66_rep10_Dep6_Tu50,57.105,0.000,0.614,0.000,0.000,2.352,0.000,12.555,0.000,0.000,1.354,0.000,26.020,0.000
Br66_rep7_Dep6_Tu3,0.000,0.000,0.000,0.000,0.000,0.000,0.000,30.091,0.000,0.000,15.296,0.000,54.613,0.000
Br66_rep7_Dep6_Tu10,14.850,0.000,0.017,0.000,0.000,0.048,0.000,24.249,0.000,0.000,0.323,0.000,60.512,0.000
Br66_rep2_Dep6_Tu0.5,0.000,0.000,0.000,0.000,0.000,0.000,0.000,29.524,0.000,0.000,0.791,0.000,69.685,0.000
Br66_rep5_Dep6_Tu50,62.289,0.000,1.348,0.000,0.000,3.546,0.000,5.314,0.000,0.000,0.723,0.000,26.780,0.000
Br66_rep9_Dep6_Tu20,25.044,0.000,0.000,0.000,0.000,0.612,0.000,24.645,0.000,0.000,1.679,0.000,48.019,0.000
Br66_rep8_Dep6_Tu3,0.000,0.000,0.000,0.000,0.000,0.000,0.000,34.702,0.000,0.000,1.080,0.000,64.218,0.000
Br66_rep9_Dep6_Tu10,12.572,0.000,0.000,0.000,0.000,0.033,0.000,18.863,0.000,0.000,15.319,0.000,53.212,0.000
Br66_rep7_Dep6_Tu2,0.000,0.000,0.000,0.000,0.000,0.000,0.000,36.643,0.000,0.000,0.838,0.000,62.518,0.000
Br66_rep6_Dep6_Tu3,0.000,0.000,0.000,0.000,0.000,0.000,0.000,36.006,0.000,0.000,1.050,0.000,62.943,0.000
Br66_rep1_Dep6_Tu0.5,0.000,0.000,0.000,0.000,0.000,0.000,0.000,34.203,0.000,0.000,2.401,0.000,63.395,0.000
Br66_rep2_Dep6_Tu40,46.272,0.016,0.304,0.000,0.000,0.883,0.000,14.144,0.000,0.000,8.653,0.000,28.839,0.889
Br66_rep1_Dep6_Tu2,0.000,0.000,0.000,0.000,0.000,0.000,0.000,30.905,0.000,0.000,0.713,0.000,68.382,0.000
Br66_rep8_Dep6_Tu1,0.000,0.000,0.000,0.000,0.000,0.000,0.000,25.172,0.000,0.000,13.548,0.000,61.279,0.000
Br66_rep4_Dep6_Tu3,0.000,0.000,0.000,0.000,0.000,0.000,0.000,31.699,0.000,0.000,5.255,0.000,63.046,0.000
Br66_rep7_Dep6_Tu40,48.438,0.000,1.101,0.000,0.000,1.354,0.000,8.614,0.000,0.000,10.326,0.000,30.167,0.000
Br66_rep7_Dep6_Tu0.5,0.000,0.000,0.000,0.000,0.000,0.000,0.000,36.944,0.000,0.000,0.286,0.000,62.769,0.000
Br66_rep2_Dep6_Tu30,43.572,0.000,0.042,0.000,0.000,2.571,0.000,12.326,0.000,0.000,0.591,0.000,40.897,0.000
Br66_rep2_Dep6_Tu0.1,0.000,0.000,0.000,0.000,0.000,0.000,0.000,29.295,0.000,0.000,7.368,0.000,63.337,0.000
Br66_rep7_Dep6_Tu0.1,0.000,0.000,0.000,0.000,0.000,0.000,0.000,29.943,0.000,0.000,0.406,0.000,69.650,0.000
Br66_rep1_Dep6_Tu40,47.488,0.000,0.038,0.000,0.097,2.317,0.000,13.590,0.000,0.000,3.752,0.000,32.719,0.000
Br66_rep7_Dep6_Tu5,0.142,0.000,0.000,0.000,0.000,0.000,0.000,32.815,0.000,0.000,4.451,0.000,62.592,0.000
Br66_rep4_Dep6_Tu1,0.000,0.000,0.000,0.000,0.000,0.000,0.000,31.178,0.000,0.000,14.417,0.000,54.404,0.000
Br66_rep8_Dep6_Tu0.1,0.000,0.000,0.000,0.000,0.000,0.000,0.000,28.786,0.000,0.000,13.762,0.000,57.451,0.000
Br66_rep4_Dep6_Tu2,0.000,0.000,0.000,0.000,0.000,0.000,0.000,25.542,0.000,0.000,13.210,0.000,61.247,0.000
Br66_rep1_Dep6_Tu0.1,0.000,0.000,0.000,0.000,0.000,0.000,0.000,29.224,0.000,0.000,0.615,0.000,70.161,0.000
Br66_rep2_Dep6_Tu10,14.981,0.000,0.000,0.000,0.000,0.010,0.000,25.511,0.000,0.000,0.507,0.000,58.991,0.000
Br66_rep4_Dep6_Tu20,25.434,0.000,0.719,0.000,0.000,0.094,0.000,21.773,0.000,0.000,8.366,0.000,43.614,0.000
Br66_rep4_Dep6_Tu0.3,0.000,0.000,0.000,0.000,0.000,0.000,0.000,29.587,0.000,0.000,5.351,0.000,65.061,0.000
Br66_rep10_Dep6_Tu3,0.000,0.000,0.000,0.000,0.000,0.000,0.000,29.793,0.000,0.000,8.617,0.000,61.589,0.000
Br66_rep1_Dep6_Tu20,23.908,0.000,0.017,0.000,0.000,0.222,0.000,20.841,0.000,0.000,12.339,0.000,42.672,0.000
Br66_rep6_Dep6_Tu1,0.000,0.000,0.000,0.000,0.000,0.000,0.000,30.516,0.000,0.000,2.982,0.000,66.501,0.000
Br66_rep6_Dep6_Tu50,56.167,0.000,1.309,0.000,0.000,2.693,0.000,8.635,0.000,0.000,8.474,0.000,22.721,0.000
Br66_rep9_Dep6_Tu3,0.000,0.000,0.000,0.000,0.000,0.000,0.000,21.841,0.000,0.000,16.937,0.000,61.222,0.000
Br66_rep3_Dep6_Tu50,55.829,0.000,2.205,0.000,0.000,2.996,0.000,11.855,0.000,0.000,1.526,0.000,25.426,0.163
Br66_rep8_Dep6_Tu30,40.806,0.000,0.375,0.000,0.082,0.441,0.000,15.725,0.000,0.000,0.402,0.000,42.169,0.000
Br66_rep7_Dep6_Tu20,29.574,0.000,0.000,0.000,0.000,0.049,0.000,19.293,0.000,0.000,0.244,0.000,50.840,0.000
Br66_rep3_Dep6_Tu2,0.000,0.000,0.000,0.000,0.000,0.000,0.000,31.042,0.000,0.000,5.675,0.000,63.282,0.000
Br66_rep8_Dep6_Tu50,56.589,0.000,0.785,0.000,0.000,2.325,0.000,9.881,0.000,0.000,7.530,0.000,22.890,0.000
Br66_rep3_Dep6_Tu3,0.000,0.000,0.000,0.000,0.000,0.000,0.000,32.351,0.000,0.000,2.960,0.000,64.688,0.000
Br66_rep3_Dep6_Tu0.3,0.000,0.000,0.000,0.000,0.000,0.000,0.000,35.328,0.000,0.000,1.083,0.000,63.589,0.000
Br66_rep8_Dep6_Tu0.3,0.000,0.000,0.000,0.000,0.000,0.000,0.000,28.489,0.000,0.000,0.994,0.000,70.516,0.000
Br66_rep3_Dep6_Tu0.1,0.000,0.000,0.000,0.000,0.000,0.000,0.000,21.934,0.000,0.000,16.633,0.000,61.433,0.000
Br66_rep10_Dep6_Tu0.3,0.000,0.000,0.000,0.000,0.000,0.000,0.000,30.154,0.000,0.000,4.059,0.000,65.786,0.000
Br66_rep2_Dep6_Tu50,61.503,0.000,1.445,0.000,0.000,3.408,0.000,6.439,0.000,0.000,0.725,0.000,26.480,0.000
Br66_rep5_Dep6_Tu5,0.160,0.000,0.000,0.000,0.000,0.004,0.000,31.060,0.000,0.000,14.592,0.000,54.183,0.000
Br66_rep10_Dep6_Tu20,22.885,0.000,0.000,0.000,0.000,0.264,0.000,21.356,0.000,0.000,12.008,0.000,43.485,0.000
Br66_rep7_Dep6_Tu30,43.188,0.000,0.096,0.000,0.000,0.318,0.000,13.865,0.000,0.000,0.362,0.000,42.170,0.000
Br66_rep9_Dep6_Tu30,42.607,0.000,0.042,0.000,0.000,0.170,0.000,8.999,0.000,0.000,11.827,0.000,36.355,0.000
Br66_rep5_Dep6_Tu40,48.912,0.000,0.076,0.000,0.003,1.516,0.027,12.831,0.000,0.000,4.568,0.000,32.065,0.000
Br66_rep8_Dep6_Tu10,8.367,0.000,0.000,0.000,0.000,0.030,0.000,26.772,0.000,0.000,12.994,0.000,51.836,0.000
Br66_rep9_Dep6_Tu50,62.955,0.000,0.608,0.000,0.000,3.359,0.000,5.892,0.000,0.000,0.450,0.000,26.737,0.000
Br66_rep2_Dep6_Tu0.3,0.000,0.000,0.000,0.000,0.000,0.000,0.000,34.432,0.000,0.000,0.948,0.000,64.619,0.000
Br66_rep1_Dep6_Tu10,5.181,0.000,0.000,0.000,0.000,0.042,0.000,29.469,0.000,0.000,14.050,0.000,51.257,0.000
Cer77_rep9_Dep6_Tu3,0.000,0.000,1.739,0.000,0.106,0.006,0.000,21.976,0.000,0.000,16.465,0.000,59.708,0.000
Cer77_rep5_Dep6_Tu30,0.822,54.660,2.184,0.000,1.878,0.515,0.000,11.368,0.000,0.000,1.293,0.000,27.280,0.000
Cer77_rep3_Dep6_Tu30,0.838,59.092,2.384,0.000,3.172,0.478,0.053,6.829,0.000,0.000,0.661,0.000,26.494,0.000
Cer77_rep8_Dep6_Tu50,1.153,69.897,3.079,0.052,2.433,0.699,1.271,2.648,0.000,0.000,1.478,0.000,13.535,3.755
Cer77_rep1_Dep6_Tu1,0.000,0.000,0.000,0.000,0.000,0.000,0.000,30.474,0.000,0.000,14.135,0.000,55.390,0.000
Cer77_rep7_Dep6_Tu3,0.000,0.000,0.025,0.000,0.000,0.025,0.000,30.441,0.000,0.000,15.056,0.000,54.453,0.000
Cer77_rep10_Dep6_Tu2,0.000,0.000,0.000,0.000,0.000,0.023,0.000,30.711,0.000,0.000,6.500,0.000,62.765,0.000
Cer77_rep2_Dep6_Tu0.5,0.000,0.000,0.000,0.000,0.000,0.000,0.000,29.590,0.000,0.000,0.771,0.000,69.638,0.000
Cer77_rep3_Dep6_Tu20,0.476,45.915,2.134,0.000,2.721,0.316,0.000,11.070,0.000,0.000,0.706,0.000,36.661,0.000
Cer77_rep1_Dep6_Tu2,0.000,0.000,0.055,0.000,0.000,0.000,0.000,31.116,0.000,0.000,0.636,0.000,68.194,0.000
Cer77_rep2_Dep6_Tu5,0.000,8.298,0.408,0.000,0.115,0.085,0.000,31.329,0.000,0.000,0.680,0.000,59.084,0.000
Cer77_rep5_Dep6_Tu0.5,0.000,0.000,0.000,0.000,0.000,0.000,0.000,29.974,0.000,0.000,0.684,0.000,69.341,0.000
Cer77_rep2_Dep6_Tu50,1.161,71.335,5.730,0.000,3.162,0.655,0.489,0.627,0.000,0.000,0.351,0.000,16.339,0.152
