Sample,BRCA,CEAD,CESC,COAD,OV,READ,bcell,cd4tcell,cd8tcell,erythroblast,monocyte,naturalkillercell,neutrophil
Colo_rep2_Dep6_Tu0.5,0.000,0.427,0.000,0.000,5.813,0.000,2.501,0.000,1.919,13.835,8.018,3.476,64.011
Colo_rep2_Dep6_Tu50,0.182,3.766,0.000,1.088,6.049,30.273,3.608,2.309,1.796,9.677,6.660,2.455,32.137
Colo_rep6_Dep6_Tu1,0.000,1.213,0.000,0.000,4.468,0.000,2.712,0.000,3.012,14.055,8.233,3.121,63.187
Colo_rep3_Dep6_Tu2,0.000,0.969,0.003,0.000,4.549,1.412,2.873,0.000,2.846,13.190,8.846,3.575,61.737
Colo_rep7_Dep6_Tu2,0.000,0.000,0.544,0.000,3.730,0.523,2.477,0.000,1.662,16.366,8.896,3.051,62.750
Colo_rep8_Dep6_Tu0.1,0.000,1.260,0.251,0.000,4.548,0.000,3.927,1.856,0.944,13.286,9.522,2.479,61.927
Colo_rep10_Dep6_Tu2,0.000,0.380,1.107,0.000,5.291,0.550,2.460,2.350,0.000,14.664,7.540,3.716,61.942
Colo_rep6_Dep6_Tu3,0.000,0.000,0.000,0.000,5.597,0.987,4.821,0.000,3.704,12.903,7.809,2.653,61.526
Colo_rep9_Dep6_Tu30,0.000,3.106,0.000,0.000,7.083,19.105,1.822,0.000,2.274,13.475,7.436,2.924,42.776
Colo_rep9_Dep6_Tu0.5,0.000,0.000,0.000,0.000,5.408,0.000,2.250,2.015,1.075,15.461,8.262,2.556,62.973
Colo_rep6_Dep6_Tu20,0.000,0.636,0.795,0.000,5.744,13.788,2.357,0.261,6.068,8.833,7.513,3.427,50.578
Colo_rep8_Dep6_Tu30,0.000,0.374,0.327,0.471,9.307,17.534,2.921,3.218,1.636,9.953,9.144,1.787,43.329
Colo_rep3_Dep6_Tu5,0.000,0.000,0.638,0.177,6.814,2.919,2.193,0.000,2.731,13.857,7.542,3.486,59.643
Colo_rep4_Dep6_Tu3,0.000,2.604,0.000,0.583,4.396,0.891,2.601,3.088,1.713,12.368,8.235,1.869,61.651
Colo_rep2_Dep6_Tu10,0.000,0.000,0.933,0.000,6.425,6.822,1.510,1.732,2.530,12.408,8.387,3.318,55.935
Colo_rep3_Dep6_Tu40,0.904,2.404,0.000,0.000,5.668,25.088,0.257,8.297,1.742,8.919,8.275,0.855,37.591
Colo_rep3_Dep6_Tu30,1.442,0.728,0.000,0.000,6.788,19.271,1.727,2.413,4.668,9.573,8.599,1.831,42.961
Colo_rep6_Dep6_Tu30,0.000,0.813,0.000,0.000,9.368,19.699,3.111,0.880,8.270,8.019,6.625,0.313,42.901
Colo_rep4_Dep6_Tu50,1.030,2.783,0.000,0.974,4.533,31.004,3.208,2.086,5.448,10.226,5.565,0.000,33.144
Colo_rep5_Dep6_Tu50,0.000,1.021,0.000,0.000,8.795,30.743,1.113,3.399,2.482,12.133,7.908,2.248,30.159
Colo_rep6_Dep6_Tu2,0.000,2.057,0.000,0.000,2.681,1.581,3.297,0.000,2.431,14.303,9.429,2.646,61.577
Colo_rep10_Dep6_Tu50,0.000,1.925,0.424,0.417,8.223,30.998,1.723,1.562,5.990,9.661,7.466,1.171,30.440
Colo_rep7_Dep6_Tu50,0.000,1.453,0.000,0.000,7.060,31.322,2.273,5.933,1.894,8.905,7.029,1.538,32.594
Colo_rep9_Dep6_Tu40,0.581,4.192,0.000,0.512,5.762,24.661,2.019,3.359,2.296,9.108,6.911,1.815,38.781
Colo_rep8_Dep6_Tu5,0.643,0.702,0.000,0.000,7.295,3.011,2.138,0.000,2.873,11.325,8.770,3.489,59.755
Colo_rep1_Dep6_Tu20,0.000,0.717,0.000,0.081,7.309,13.169,0.477,0.000,6.947,11.714,9.073,0.872,49.641
Colo_rep9_Dep6_Tu2,0.000,0.000,0.000,0.000,5.320,0.988,2.677,0.274,1.731,15.162,8.125,3.253,62.468
Colo_rep5_Dep6_Tu30,0.000,1.531,0.000,0.000,8.676,17.650,1.376,3.429,0.000,14.940,8.368,2.081,41.951
Colo_rep4_Dep6_Tu0.1,0.318,1.089,0.022,0.000,1.936,0.000,4.141,0.000,1.896,14.236,8.750,3.743,63.870
Colo_rep5_Dep6_Tu0.1,0.000,0.035,0.893,0.000,4.509,0.000,2.987,0.623,2.437,12.970,9.240,2.712,63.592
Colo_rep9_Dep6_Tu3,0.000,0.331,0.198,0.525,7.922,0.633,0.553,0.438,3.912,13.612,8.763,2.614,60.498
Colo_rep2_Dep6_Tu0.1,0.000,1.379,0.000,0.000,7.441,0.000,1.389,0.394,2.283,12.529,8.965,3.432,62.187
Colo_rep8_Dep6_Tu10,0.038,2.083,0.000,0.630,4.733,5.595,3.397,0.000,5.525,11.294,8.733,1.613,56.360
Colo_rep4_Dep6_Tu30,0.000,1.314,0.000,0.000,7.235,18.479,1.535,0.000,4.708,15.738,6.823,1.170,42.996
Colo_rep2_Dep6_Tu2,0.924,0.683,0.000,0.000,3.399,1.067,3.740,0.000,0.744,16.106,9.831,2.631,60.877
Colo_rep1_Dep6_Tu5,0.000,2.065,0.258,0.000,5.455,2.998,3.647,0.000,1.783,12.717,8.571,2.948,59.557
Colo_rep8_Dep6_Tu50,1.711,1.783,0.000,0.824,7.710,30.719,2.663,0.000,9.014,7.049,6.518,0.922,31.086
Colo_rep5_Dep6_Tu5,0.401,1.190,0.000,0.000,7.469,3.085,2.312,0.000,6.038,10.554,8.256,1.772,58.923
Colo_rep6_Dep6_Tu50,0.000,1.306,0.000,0.000,8.583,32.487,0.507,3.010,3.555,8.612,8.976,1.469,31.493
Colo_rep5_Dep6_Tu0.5,0.000,0.000,0.000,0.000,6.141,0.000,3.275,0.000,0.000,15.372,8.106,3.426,63.681
Colo_rep4_Dep6_Tu20,0.000,2.085,0.000,0.000,6.676,12.286,2.050,0.000,4.120,13.056,6.859,2.658,50.209
Colo_rep8_Dep6_Tu40,0.000,1.737,0.000,0.157,8.198,24.697,3.113,4.170,0.000,10.907,7.135,2.132,37.753
Colo_rep7_Dep6_Tu0.3,0.000,1.748,0.000,0.000,4.179,0.000,2.322,0.000,2.375,13.674,8.838,2.829,64.035
Colo_rep7_Dep6_Tu30,0.761,0.931,0.000,0.000,7.177,19.210,1.941,2.678,3.602,10.711,7.507,2.339,43.142
Colo_rep10_Dep6_Tu20,0.736,1.873,0.000,0.291,5.882,11.956,2.815,0.648,7.103,9.894,7.768,1.153,49.881
Colo_rep9_Dep6_Tu10,0.000,0.029,0.000,0.000,8.404,5.717,2.492,0.553,2.172,13.181,8.572,3.048,55.832
Colo_rep9_Dep6_Tu0.1,0.000,0.663,0.610,0.000,6.160,0.000,1.777,0.000,6.567,10.500,9.203,3.067,61.453
Colo_rep10_Dep6_Tu0.3,0.000,1.384,0.000,0.000,2.898,0.234,3.379,0.000,2.642,14.369,9.633,2.698,62.761
Colo_rep8_Dep6_Tu20,0.000,2.928,0.000,0.784,7.630,11.966,0.000,3.797,0.000,13.210,6.887,2.709,50.089
Colo_rep3_Dep6_Tu3,0.000,1.706,1.192,0.000,2.811,0.594,3.835,0.000,5.084,14.464,7.544,1.418,61.353
Colo_rep4_Dep6_Tu2,0.000,1.755,0.000,0.000,7.960,1.151,2.365,0.000,4.790,9.613,8.668,2.008,61.690
Colo_rep10_Dep6_Tu0.1,0.000,1.596,0.577,0.000,6.259,0.000,2.733,0.000,3.209,11.506,9.215,2.871,62.035
Colo_rep4_Dep6_Tu0.3,0.000,0.000,0.625,0.000,4.582,0.000,2.408,0.000,4.697,14.480,7.741,2.788,62.679
Colo_rep9_Dep6_Tu0.3,0.000,0.000,0.000,0.000,3.680,0.000,4.376,0.678,0.000,15.688,7.455,3.133,64.990
Colo_rep1_Dep6_Tu10,0.000,1.708,0.004,0.000,5.967,6.049,1.577,0.000,4.827,13.606,8.718,2.159,55.386
Colo_rep6_Dep6_Tu0.3,0.000,0.000,0.627,0.000,4.866,0.000,2.640,0.000,4.496,12.573,9.267,2.074,63.457
Colo_rep6_Dep6_Tu0.5,0.000,0.182,0.871,0.000,6.692,0.000,2.193,0.000,3.915,13.210,7.629,2.122,63.186
Colo_rep10_Dep6_Tu10,0.000,0.845,0.168,0.000,5.640,6.251,3.608,5.631,0.000,9.891,8.807,3.127,56.032
Colo_rep10_Dep6_Tu1,0.000,0.681,0.117,0.000,5.501,0.370,1.626,0.000,4.731,12.893,9.592,3.108,61.382
Colo_rep10_Dep6_Tu5,0.000,2.238,0.000,0.000,8.414,2.878,2.260,0.000,4.855,11.269,7.765,1.783,58.537
Colo_rep10_Dep6_Tu40,0.499,4.501,0.499,0.250,3.976,24.690,1.727,0.000,3.131,12.194,7.137,3.148,38.247
Colo_rep10_Dep6_Tu0.5,0.000,1.438,0.000,0.000,5.932,0.000,2.594,0.000,3.663,12.392,9.182,2.706,62.094
Colo_rep1_Dep6_Tu1,0.000,0.000,0.520,0.000,6.558,0.004,2.234,0.000,2.402,13.765,8.893,3.865,61.760
Colo_rep7_Dep6_Tu20,0.000,1.596,0.000,0.000,5.592,12.739,2.878,2.575,3.114,11.799,8.517,1.122,50.068
Colo_rep6_Dep6_Tu10,0.000,1.769,0.970,0.000,5.278,7.409,2.781,0.000,1.401,10.838,8.455,3.570,57.529
Colo_rep10_Dep6_Tu3,0.000,0.149,0.053,0.454,4.432,0.991,2.805,0.233,4.389,14.246,8.079,2.147,62.021
Colo_rep1_Dep6_Tu30,0.608,2.616,0.000,0.000,7.353,19.440,2.709,0.000,1.943,11.337,5.967,4.440,43.587
Colo_rep1_Dep6_Tu0.1,0.000,0.000,0.000,0.000,4.586,0.000,3.964,0.000,0.714,14.790,8.247,3.299,64.400
Colo_rep7_Dep6_Tu5,2.372,0.000,0.000,0.000,5.081,2.747,3.381,1.212,0.000,12.756,9.746,3.224,59.480
Colo_rep7_Dep6_Tu0.1,0.000,0.125,0.020,0.043,4.019,0.000,3.020,2.800,1.513,13.550,8.557,2.224,64.129
Colo_rep6_Dep6_Tu40,0.000,0.000,0.211,0.680,8.040,25.008,0.000,3.755,3.021,12.294,8.638,1.909,36.444
Colo_rep8_Dep6_Tu2,0.000,0.558,0.000,0.000,5.426,0.376,2.542,0.575,1.547,14.224,9.849,3.657,61.246
Colo_rep7_Dep6_Tu0.5,0.000,2.580,0.000,0.000,5.876,0.000,2.977,0.000,2.608,11.498,6.695,4.435,63.332
Colo_rep5_Dep6_Tu20,0.000,4.479,0.000,0.000,6.626,11.854,2.555,0.000,3.482,10.222,8.699,3.231,48.852
Colo_rep8_Dep6_Tu0.3,0.000,0.000,0.071,0.000,3.304,0.000,4.330,1.259,0.000,15.352,7.455,3.139,65.090
Colo_rep4_Dep6_Tu5,0.598,0.682,0.568,0.055,5.221,2.291,2.488,4.241,2.037,11.833,8.727,2.284,58.974
Colo_rep9_Dep6_Tu1,0.540,0.000,1.052,0.000,5.358,0.000,3.247,0.000,2.548,13.749,8.700,2.191,62.615
Colo_rep1_Dep6_Tu0.5,0.000,0.339,1.298,0.000,4.304,0.000,2.149,0.259,2.295,14.966,8.991,2.370,63.031
Colo_rep8_Dep6_Tu3,0.000,2.574,0.000,0.016,5.275,0.168,1.724,0.555,4.593,14.775,7.400,1.670,61.249
Colo_rep5_Dep6_Tu0.3,0.000,0.000,0.028,0.000,6.516,0.414,2.492,0.322,4.288,12.679,8.748,2.750,61.763
Colo_rep2_Dep6_Tu30,0.000,0.000,0.000,0.000,7.095,19.725,1.521,5.971,0.000,12.071,6.830,1.790,44.997
Colo_rep7_Dep6_Tu10,0.000,0.000,0.108,0.000,4.874,5.797,2.482,2.039,2.268,14.431,8.736,2.250,57.015
Colo_rep2_Dep6_Tu40,1.201,3.596,0.000,0.000,6.480,25.608,3.052,3.460,1.684,7.866,5.658,2.667,38.726
Colo_rep3_Dep6_Tu0.1,0.000,1.467,0.000,0.000,7.270,0.000,1.730,2.037,1.245,11.618,9.978,2.534,62.120
Colo_rep3_Dep6_Tu1,0.000,0.000,0.010,0.000,6.023,0.286,3.273,0.063,1.707,12.996,8.862,4.029,62.751
Colo_rep8_Dep6_Tu1,1.224,0.236,0.000,0.000,5.477,0.000,4.022,0.000,1.343,12.403,9.615,3.070,62.610
Colo_rep4_Dep6_Tu1,0.000,3.359,0.000,0.000,6.420,0.000,1.283,0.000,1.946,11.857,10.264,3.182,61.688
Colo_rep5_Dep6_Tu40,1.555,0.550,0.158,0.000,6.310,26.286,3.139,2.958,4.665,7.827,6.720,2.026,37.807
Colo_rep5_Dep6_Tu10,0.000,3.636,0.000,0.000,5.415,5.343,2.070,0.000,3.980,11.264,9.395,1.965,56.931
Colo_rep2_Dep6_Tu0.3,0.000,2.157,0.239,0.000,4.493,0.000,1.372,2.635,1.565,12.949,8.081,3.178,63.331
Colo_rep10_Dep6_Tu30,0.333,2.061,0.000,1.083,7.000,18.888,1.743,1.213,4.840,10.308,6.175,1.410,44.944
Colo_rep1_Dep6_Tu40,0.092,4.214,0.000,0.164,6.510,25.503,4.304,0.000,7.285,7.775,6.528,0.213,37.412
Colo_rep6_Dep6_Tu0.1,0.274,0.000,0.000,0.000,2.673,0.000,3.835,0.000,4.580,16.000,8.091,1.536,63.010
Colo_rep7_Dep6_Tu40,0.000,1.413,0.000,0.621,6.487,25.269,1.986,0.000,4.848,13.666,6.127,1.745,37.838
Colo_rep1_Dep6_Tu50,1.053,2.619,0.000,0.743,8.352,32.217,2.839,0.008,9.044,4.785,5.841,1.074,31.425
Colo_rep1_Dep6_Tu0.3,0.000,0.246,0.767,0.000,3.666,0.000,2.529,1.216,0.748,14.629,10.973,2.945,62.281
Colo_rep9_Dep6_Tu20,0.000,0.328,0.000,0.000,9.396,12.620,1.456,1.670,2.164,11.550,7.253,3.554,50.010
Colo_rep4_Dep6_Tu10,0.000,2.835,0.000,0.000,4.937,6.326,2.076,0.000,2.703,13.911,9.036,1.521,56.656
Colo_rep6_Dep6_Tu5,0.000,0.098,0.444,0.000,3.601,1.914,2.689,0.000,3.118,17.423,8.613,1.993,60.106
Colo_rep9_Dep6_Tu5,0.382,2.162,0.000,0.000,4.912,2.060,2.361,0.112,2.353,14.550,9.449,2.709,58.950
Colo_rep3_Dep6_Tu50,1.586,2.222,0.000,0.000,5.094,31.034,2.441,1.272,6.627,10.261,7.166,0.324,31.973
Colo_rep5_Dep6_Tu1,0.171,1.602,0.000,0.000,4.744,0.000,2.510,0.000,2.270,13.858,9.981,3.341,61.524
Colo_rep5_Dep6_Tu3,0.000,1.372,0.000,0.844,3.866,0.559,3.449,1.545,0.000,16.315,7.390,2.432,62.228
Colo_rep2_Dep6_Tu1,0.000,1.585,0.000,0.000,4.292,0.000,2.697,0.000,1.542,14.611,9.809,3.082,62.383
Colo_rep7_Dep6_Tu1,0.000,0.807,0.000,0.000,5.696,0.000,2.378,0.000,0.448,16.319,7.644,3.391,63.317
Colo_rep5_Dep6_Tu2,0.000,0.609,0.000,0.000,5.439,1.927,1.825,1.461,3.277,10.795,8.829,3.110,62.728
Colo_rep4_Dep6_Tu40,0.000,0.947,0.000,0.283,7.872,25.696,2.061,2.274,3.410,12.356,7.705,0.915,36.480
Colo_rep2_Dep6_Tu20,0.000,0.000,0.000,0.000,7.028,12.313,3.649,1.092,3.957,12.072,6.457,2.164,51.268
Colo_rep4_Dep6_Tu0.5,0.690,1.693,0.000,0.000,5.451,0.197,2.089,0.000,2.377,12.847,9.139,3.638,61.880
Colo_rep2_Dep6_Tu5,0.741,4.313,0.248,0.000,4.661,1.510,0.711,0.000,4.047,13.875,6.867,2.801,60.226
Colo_rep2_Dep6_Tu3,0.000,0.234,0.000,0.000,6.353,1.122,1.709,3.575,0.000,13.065,9.665,3.496,60.780
Colo_rep3_Dep6_Tu10,1.769,0.000,0.254,0.000,3.037,5.502,4.922,0.000,3.348,13.931,8.033,2.505,56.700
Colo_rep8_Dep6_Tu0.5,0.000,0.000,0.816,0.000,5.107,0.000,3.008,0.000,1.926,13.109,7.521,4.432,64.080
Colo_rep7_Dep6_Tu3,0.000,1.726,0.000,0.000,6.782,1.658,1.652,0.000,3.148,13.204,8.409,3.394,60.027
Colo_rep3_Dep6_Tu0.5,0.000,0.000,0.792,0.000,4.946,0.000,2.722,0.000,3.747,13.182,9.169,2.315,63.127
Colo_rep3_Dep6_Tu20,0.000,2.631,0.000,0.000,5.824,12.071,2.462,0.625,1.127,14.592,6.129,2.359,52.180
Colo_rep1_Dep6_Tu2,0.536,1.229,0.338,0.144,4.433,0.000,1.577,0.000,3.925,15.962,8.338,1.907,61.612
Colo_rep9_Dep6_Tu50,1.758,0.483,0.000,1.283,6.047,31.469,2.585,2.215,1.171,12.840,7.719,0.801,31.629
Colo_rep3_Dep6_Tu0.3,0.000,0.000,0.744,0.000,5.122,0.000,2.923,0.000,2.010,13.031,7.484,4.498,64.187
Colo_rep1_Dep6_Tu3,1.086,0.571,0.563,0.000,3.078,1.231,2.842,0.000,1.602,14.629,9.763,3.286,61.348
Br62_rep5_Dep6_Tu0.5,0.000,0.000,0.000,0.000,6.393,0.000,3.384,0.000,0.000,14.782,8.359,3.388,63.694
Br62_rep5_Dep6_Tu3,2.324,0.827,0.049,0.762,3.791,0.000,3.600,0.811,0.000,14.775,7.353,3.220,62.488
Br62_rep6_Dep6_Tu30,24.352,0.000,1.098,3.278,6.338,0.000,2.877,1.435,3.671,5.908,5.734,2.303,43.006
Br62_rep7_Dep6_Tu20,18.368,0.000,0.000,1.699,5.628,0.000,2.822,0.933,0.937,10.102,7.013,2.438,50.061
Br62_rep2_Dep6_Tu40,32.292,1.998,1.132,4.560,4.848,0.000,2.236,0.000,3.574,3.170,4.852,2.278,39.059
Br62_rep8_Dep6_Tu0.5,0.000,0.000,0.708,0.000,5.188,0.000,2.823,0.000,2.342,12.979,7.490,4.497,63.973
Br62_rep5_Dep6_Tu2,0.919,0.989,0.000,0.073,5.577,0.457,1.504,1.258,3.676,11.541,9.076,2.797,62.133
Br62_rep4_Dep6_Tu50,39.250,0.000,2.497,7.212,3.608,0.000,2.280,0.000,0.442,4.387,4.845,1.668,33.809
Br62_rep8_Dep6_Tu40,34.190,0.000,1.647,3.642,4.243,0.000,3.056,0.000,0.000,7.636,4.797,1.472,39.317
Br62_rep7_Dep6_Tu2,0.610,0.000,0.781,0.000,3.494,0.000,2.781,0.000,1.332,16.035,9.201,3.301,62.465
Br62_rep9_Dep6_Tu40,33.726,0.066,3.006,3.679,5.839,0.000,2.163,0.000,0.000,4.836,5.696,1.711,39.276
Br62_rep10_Dep6_Tu2,1.087,0.000,1.208,0.000,5.468,0.000,2.420,3.097,0.000,13.349,7.380,3.775,62.216
Br62_rep6_Dep6_Tu10,8.826,1.464,1.631,0.930,4.922,0.000,1.799,0.000,1.824,10.843,7.685,3.158,56.918
Br62_rep2_Dep6_Tu2,2.851,0.699,0.000,0.000,3.373,0.000,3.641,0.000,1.614,15.146,9.226,1.963,61.487
Br62_rep9_Dep6_Tu5,5.153,1.617,0.000,0.000,5.412,0.000,3.194,0.000,1.255,10.882,9.552,3.648,59.287
Br62_rep6_Dep6_Tu40,30.929,0.000,1.392,5.127,6.423,0.000,0.405,0.382,0.627,8.818,5.803,1.624,38.470
Br62_rep4_Dep6_Tu20,16.698,0.000,2.427,1.518,4.865,0.000,1.968,0.000,2.602,10.458,7.331,2.405,49.728
Br62_rep9_Dep6_Tu1,0.895,0.000,1.235,0.000,5.679,0.000,3.157,0.000,2.522,12.717,8.791,2.507,62.496
Br62_rep1_Dep6_Tu0.3,0.067,0.474,0.637,0.000,3.667,0.000,2.683,0.830,0.839,14.700,10.779,3.146,62.178
Br62_rep3_Dep6_Tu5,2.727,0.000,1.584,0.702,6.315,0.000,1.477,0.000,2.126,13.945,7.328,3.983,59.812
Br62_rep9_Dep6_Tu50,38.743,0.000,2.602,6.981,5.863,0.000,3.842,0.000,0.000,3.693,3.916,1.251,33.110
Br62_rep5_Dep6_Tu30,24.235,0.000,1.172,1.914,6.298,0.000,2.462,0.000,1.596,9.316,6.116,2.434,44.458
Br62_rep9_Dep6_Tu0.5,0.000,0.000,0.000,0.000,5.839,0.000,2.175,2.119,1.831,14.350,8.383,2.463,62.839
Br62_rep1_Dep6_Tu20,17.191,0.828,0.000,2.337,6.191,0.000,0.121,0.000,3.747,9.541,7.565,1.664,50.814
Br62_rep4_Dep6_Tu2,0.433,1.829,0.000,0.072,7.880,0.000,2.361,0.000,4.736,10.265,8.899,1.872,61.653
Br62_rep8_Dep6_Tu3,1.562,2.153,0.967,0.000,4.580,0.000,1.509,0.796,4.227,12.556,7.613,2.123,61.915
Br62_rep2_Dep6_Tu5,5.700,1.179,0.657,0.036,4.984,0.000,0.873,3.044,1.653,11.406,7.205,2.993,60.271
Br62_rep2_Dep6_Tu1,0.731,1.622,0.000,0.000,4.539,0.000,2.550,0.000,1.582,13.606,9.814,3.147,62.410
Br62_rep8_Dep6_Tu1,2.875,0.000,0.000,0.000,4.940,0.000,3.872,0.000,0.703,11.900,9.373,3.506,62.831
Br62_rep10_Dep6_Tu0.1,0.000,1.274,0.536,0.000,6.178,0.000,2.780,0.000,3.325,11.603,9.238,2.902,62.165
Br62_rep3_Dep6_Tu40,31.144,2.640,2.172,3.037,4.213,0.000,1.728,3.126,0.666,4.504,4.796,3.288,38.686
Br62_rep8_Dep6_Tu0.3,0.000,0.000,0.076,0.000,3.759,0.000,4.241,1.663,0.000,14.550,7.566,3.079,65.067
Br62_rep4_Dep6_Tu0.5,1.702,1.207,0.000,0.000,5.544,0.000,2.105,0.000,2.005,12.411,9.323,3.781,61.923
Br62_rep6_Dep6_Tu50,37.635,0.000,2.902,7.246,6.691,0.000,0.199,0.000,0.376,7.086,4.448,0.871,32.547
Br62_rep7_Dep6_Tu0.1,0.000,0.189,0.011,0.000,3.969,0.000,3.108,2.719,1.912,13.333,8.461,2.147,64.151
Br62_rep9_Dep6_Tu30,25.381,4.332,1.144,2.404,6.429,0.000,1.587,0.000,0.000,6.341,5.259,3.672,43.450
Br62_rep6_Dep6_Tu20,16.611,1.145,0.997,1.300,6.140,0.000,2.768,0.000,4.092,6.630,5.961,3.138,51.217
Br62_rep5_Dep6_Tu5,4.867,0.000,0.000,0.089,7.664,0.000,1.371,0.000,4.746,11.746,8.157,2.485,58.874
Br62_rep4_Dep6_Tu40,29.622,0.000,1.264,4.032,7.724,0.000,2.003,0.000,2.353,8.326,5.656,1.895,37.126
Br62_rep8_Dep6_Tu0.1,0.000,1.002,0.318,0.000,4.778,0.000,3.998,2.153,0.957,12.801,9.463,2.530,61.999
Br62_rep1_Dep6_Tu40,30.714,2.236,0.000,6.073,4.732,0.000,3.107,0.000,4.437,3.807,5.156,1.196,38.543
Br62_rep3_Dep6_Tu30,25.001,0.000,1.030,2.700,7.792,0.000,2.047,0.000,0.246,10.779,4.401,1.962,44.041
Br62_rep7_Dep6_Tu0.5,0.000,2.106,0.194,0.000,6.194,0.000,2.886,0.000,3.009,10.801,6.954,4.473,63.383
Br62_rep1_Dep6_Tu10,8.553,0.701,0.000,0.796,4.860,0.000,3.226,0.000,2.837,13.006,7.418,2.232,56.370
Br62_rep10_Dep6_Tu20,19.183,0.000,1.754,2.050,3.308,0.000,2.526,0.000,4.485,7.336,7.750,1.447,50.162
Br62_rep1_Dep6_Tu5,3.363,2.612,0.642,0.000,5.840,0.000,2.534,0.000,2.409,11.631,8.058,3.163,59.748
Br62_rep3_Dep6_Tu50,38.321,0.803,1.924,6.265,3.660,0.000,2.873,0.000,0.000,5.040,4.868,3.243,33.003
Br62_rep1_Dep6_Tu3,2.913,0.000,1.204,0.001,3.309,0.000,3.064,0.000,0.000,14.081,9.822,4.162,61.444
Br62_rep7_Dep6_Tu30,26.598,1.940,0.000,2.664,4.301,0.000,2.676,0.000,0.000,8.806,5.395,2.632,44.989
Br62_rep6_Dep6_Tu1,0.520,0.930,0.000,0.000,4.559,0.000,2.819,0.000,2.612,13.880,7.912,3.455,63.312
Br62_rep1_Dep6_Tu0.5,0.000,0.463,1.375,0.000,4.085,0.000,2.303,0.544,2.380,14.303,9.105,2.387,63.055
Br62_rep1_Dep6_Tu0.1,0.000,0.000,0.000,0.000,4.584,0.000,4.026,0.038,1.156,14.369,8.083,3.301,64.443
Br62_rep9_Dep6_Tu3,2.286,0.000,0.517,0.177,6.972,0.000,1.123,1.181,3.143,11.505,8.737,3.130,61.227
Br62_rep5_Dep6_Tu40,31.629,0.000,0.031,4.695,6.553,0.000,3.500,0.000,2.043,6.177,4.505,2.892,37.975
Br62_rep10_Dep6_Tu3,1.285,0.000,0.884,0.000,5.064,0.000,3.020,0.000,2.641,13.893,8.113,2.947,62.153
Br62_rep2_Dep6_Tu0.3,0.000,2.048,0.316,0.000,4.829,0.000,1.539,2.957,1.548,12.263,8.085,3.155,63.261
Br62_rep10_Dep6_Tu40,28.894,1.957,3.100,3.764,5.144,0.000,2.505,0.000,0.956,8.344,4.448,3.099,37.789
Br62_rep3_Dep6_Tu2,1.802,0.000,1.012,0.000,4.235,0.000,3.221,0.000,3.871,12.523,8.539,3.177,61.620
Br62_rep5_Dep6_Tu1,1.489,0.593,0.000,0.000,5.193,0.000,2.651,0.000,2.022,12.209,10.214,4.063,61.566
Br62_rep4_Dep6_Tu1,0.343,3.751,0.000,0.000,6.173,0.000,1.696,0.000,0.953,11.193,10.615,3.639,61.636
Br62_rep10_Dep6_Tu0.5,0.132,1.429,0.011,0.000,5.956,0.000,2.303,0.000,3.684,12.317,9.223,2.874,62.071
Br62_rep5_Dep6_Tu20,18.269,1.159,1.883,1.021,6.276,0.000,3.018,0.000,1.372,7.551,6.851,2.941,49.658
Br62_rep6_Dep6_Tu0.3,0.000,0.000,0.690,0.000,5.253,0.000,2.883,0.000,3.180,12.667,9.360,2.596,63.371
Br62_rep9_Dep6_Tu0.3,0.000,0.000,0.267,0.000,3.100,0.000,4.250,2.092,0.000,14.492,7.618,3.050,65.131
Br62_rep2_Dep6_Tu20,18.060,0.000,0.864,1.318,6.329,0.000,4.034,0.000,0.334,8.692,6.547,2.548,51.275
Br62_rep6_Dep6_Tu0.5,0.000,0.717,0.426,0.000,6.934,0.000,2.334,0.000,4.320,11.995,7.856,2.235,63.185
Br62_rep8_Dep6_Tu10,9.822,1.070,0.000,0.908,4.749,0.000,2.575,0.000,4.954,9.605,7.720,2.007,56.590
Br62_rep2_Dep6_Tu0.1,0.000,1.379,0.000,0.000,7.494,0.000,1.403,0.752,2.158,12.288,8.929,3.345,62.252
Br62_rep5_Dep6_Tu10,9.309,0.192,1.082,0.405,5.095,0.000,2.717,0.820,1.282,10.682,8.954,1.794,57.668
Br62_rep10_Dep6_Tu10,9.013,1.376,0.470,0.403,4.585,0.000,3.997,1.838,0.000,9.700,8.636,2.966,57.016
Br62_rep4_Dep6_Tu10,9.209,3.773,0.047,0.219,4.896,0.000,1.710,0.000,2.250,11.013,8.787,1.536,56.559
Br62_rep3_Dep6_Tu0.1,0.000,1.413,0.000,0.000,7.173,0.000,1.873,1.917,1.378,11.723,9.941,2.476,62.106
Br62_rep2_Dep6_Tu50,39.349,0.000,3.279,5.235,6.034,0.000,3.493,0.000,0.000,3.242,5.213,1.747,32.408
Br62_rep9_Dep6_Tu10,8.797,0.000,0.000,0.883,5.708,0.000,3.560,0.000,0.943,11.249,8.507,3.776,56.577
Br62_rep5_Dep6_Tu0.3,0.283,0.000,0.134,0.000,6.632,0.000,2.476,0.524,3.839,13.103,8.656,2.633,61.719
Br62_rep8_Dep6_Tu50,37.456,0.000,2.561,5.763,6.971,0.000,4.605,0.000,0.000,3.730,3.789,2.358,32.768
Br62_rep4_Dep6_Tu0.3,0.000,0.000,0.591,0.000,4.504,0.000,2.125,0.000,5.107,14.182,7.774,2.956,62.760
Br62_rep7_Dep6_Tu1,0.000,0.907,0.000,0.000,5.798,0.000,2.349,0.000,0.495,16.093,7.575,3.386,63.398
Br62_rep3_Dep6_Tu0.5,0.000,0.000,0.745,0.000,5.186,0.000,2.831,0.000,3.551,12.749,9.231,2.492,63.214
Br62_rep7_Dep6_Tu40,30.079,0.327,2.638,4.374,5.711,0.000,2.121,0.000,1.920,6.784,4.487,3.692,37.867
Br62_rep2_Dep6_Tu3,3.052,0.000,0.000,0.000,6.024,0.000,2.087,3.559,0.000,11.452,9.267,3.655,60.905
Br62_rep2_Dep6_Tu0.5,0.000,0.722,0.000,0.000,5.962,0.000,2.240,0.000,1.954,13.257,8.093,3.681,64.090
Br62_rep1_Dep6_Tu50,38.365,0.000,2.834,5.745,4.884,0.000,3.458,0.000,0.000,4.614,4.216,1.935,33.949
Br62_rep3_Dep6_Tu3,1.790,1.541,1.265,0.000,3.300,0.000,4.357,0.000,4.818,11.980,7.591,1.899,61.458
Br62_rep7_Dep6_Tu3,2.749,1.249,0.000,0.045,6.473,0.000,1.847,0.000,2.729,13.012,8.413,3.454,60.029
Br62_rep3_Dep6_Tu0.3,0.000,0.000,0.788,0.000,5.129,0.000,2.934,0.000,2.162,12.770,7.446,4.480,64.289
Br62_rep8_Dep6_Tu30,23.249,0.000,3.600,2.719,6.444,0.000,3.253,0.000,1.744,6.164,7.018,1.617,44.191
Br62_rep4_Dep6_Tu30,23.759,0.000,1.407,3.180,6.372,0.000,3.003,0.000,0.695,9.188,5.479,3.019,43.898
Br62_rep6_Dep6_Tu3,2.835,0.000,0.000,0.000,4.772,0.000,4.644,0.000,4.138,11.610,7.822,2.529,61.651
Br62_rep4_Dep6_Tu0.1,0.575,0.956,0.014,0.000,1.968,0.000,4.076,0.000,1.976,13.983,8.774,3.808,63.871
Br62_rep8_Dep6_Tu5,4.983,1.152,0.000,0.000,6.467,0.000,2.103,0.000,2.494,11.318,9.093,3.105,59.286
Br62_rep10_Dep6_Tu50,37.982,2.779,4.133,5.620,5.188,0.000,0.723,0.000,0.920,3.462,4.804,2.201,32.188
Br62_rep10_Dep6_Tu0.3,0.000,1.649,0.000,0.000,2.797,0.060,3.333,0.000,2.536,14.388,9.629,2.755,62.853
Br62_rep3_Dep6_Tu20,17.080,0.000,0.691,1.491,5.161,0.000,2.245,0.000,1.506,11.367,6.890,1.193,52.376
Br62_rep1_Dep6_Tu1,0.000,0.000,0.804,0.000,6.899,0.000,2.003,0.000,2.721,12.940,9.044,4.058,61.531
Br62_rep3_Dep6_Tu1,0.143,0.000,0.236,0.000,6.234,0.000,3.534,0.368,1.557,12.577,8.651,4.065,62.635
Br62_rep9_Dep6_Tu2,0.747,0.071,0.000,0.119,5.042,0.000,3.861,1.762,0.324,14.107,7.891,3.466,62.610
Br62_rep7_Dep6_Tu50,36.775,1.502,1.531,6.665,5.110,0.000,3.635,0.000,0.000,7.252,3.735,1.610,32.186
Br62_rep7_Dep6_Tu5,6.213,0.000,0.000,0.000,5.189,0.000,2.786,0.632,1.981,11.652,9.272,2.620,59.655
Br62_rep8_Dep6_Tu2,2.137,0.535,0.000,0.000,5.021,0.000,2.379,0.000,2.236,12.905,9.981,3.704,61.102
Br62_rep5_Dep6_Tu0.1,0.000,0.000,0.910,0.000,4.626,0.000,2.884,1.239,2.282,12.505,9.251,2.682,63.622
Br62_rep6_Dep6_Tu5,3.588,0.000,0.750,0.000,3.149,0.000,3.212,0.000,1.557,15.010,8.763,3.031,60.939
Br62_rep9_Dep6_Tu20,16.730,1.167,0.320,1.851,4.555,0.000,2.422,0.000,1.394,9.452,7.356,3.313,51.440
Br62_rep2_Dep6_Tu30,26.685,0.118,1.209,3.443,4.706,0.000,1.135,0.000,0.006,9.142,5.606,2.781,45.169
Br62_rep7_Dep6_Tu10,7.289,0.000,0.379,1.154,4.644,0.000,3.092,1.701,1.416,13.355,7.203,1.970,57.798
Br62_rep6_Dep6_Tu0.1,0.302,0.000,0.000,0.000,2.861,0.000,3.897,0.000,4.815,15.441,8.019,1.682,62.984
Br62_rep5_Dep6_Tu50,39.100,1.335,2.526,6.468,5.471,0.000,1.298,0.000,0.000,3.659,5.767,1.811,32.565
Br62_rep10_Dep6_Tu1,0.000,1.025,0.250,0.000,5.871,0.000,1.546,0.000,4.537,12.903,9.606,2.952,61.309
Br62_rep1_Dep6_Tu30,24.558,0.000,1.146,3.340,6.148,0.000,2.077,0.000,0.000,7.409,5.574,4.513,45.235
Br62_rep7_Dep6_Tu0.3,0.000,1.860,0.000,0.000,4.625,0.000,2.410,0.000,2.094,13.126,8.851,3.092,63.943
Br62_rep2_Dep6_Tu10,8.216,0.000,0.311,1.012,6.746,0.000,2.207,0.694,0.000,12.754,7.120,4.198,56.741
Br62_rep9_Dep6_Tu0.1,0.000,0.493,0.589,0.000,6.640,0.000,1.704,0.000,6.937,9.852,9.233,3.162,61.390
Br62_rep3_Dep6_Tu10,10.431,0.000,0.232,0.311,1.145,0.000,4.380,0.000,1.752,13.147,8.544,3.629,56.428
Br62_rep4_Dep6_Tu5,3.976,0.878,0.345,0.114,5.774,0.000,2.410,1.153,3.794,11.405,8.986,2.270,58.896
Br62_rep8_Dep6_Tu20,12.957,0.000,2.200,3.511,7.138,0.000,1.262,0.000,2.309,11.162,6.491,1.907,51.063
Br62_rep1_Dep6_Tu2,2.174,0.000,0.622,0.000,5.188,0.000,2.056,0.000,4.252,13.299,8.519,2.224,61.667
Br62_rep10_Dep6_Tu5,3.460,3.194,0.000,0.000,6.633,0.000,2.418,0.000,4.951,11.689,7.244,1.626,58.786
Br62_rep10_Dep6_Tu30,22.272,0.000,1.625,3.062,6.622,0.000,1.923,0.000,4.364,8.210,5.306,1.494,45.121
Br62_rep6_Dep6_Tu2,0.400,1.421,0.000,0.591,3.012,0.000,3.599,0.181,2.231,14.607,9.442,2.850,61.666
Br62_rep4_Dep6_Tu3,3.017,1.956,0.000,0.078,4.475,0.000,2.968,2.995,2.350,10.532,8.510,1.684,61.435
Br66_rep4_Dep6_Tu50,48.217,0.000,1.269,5.394,0.000,0.000,0.952,0.000,0.223,3.109,5.742,2.067,33.027
Br66_rep3_Dep6_Tu0.5,0.000,0.000,0.713,0.000,5.287,0.000,2.678,0.000,2.970,13.080,9.496,2.560,63.216
Br66_rep2_Dep6_Tu3,3.205,0.082,0.086,0.000,5.562,0.000,1.948,3.700,0.000,11.342,9.418,3.400,61.258
Br66_rep6_Dep6_Tu40,37.154,0.030,2.493,4.178,1.426,0.000,0.000,0.000,0.000,7.040,7.189,2.251,38.239
Br66_rep9_Dep6_Tu0.1,0.000,0.782,0.637,0.000,5.950,0.000,1.716,0.000,6.679,10.483,9.343,3.001,61.410
Br66_rep9_Dep6_Tu5,5.845,0.788,0.033,0.000,4.539,0.000,2.510,0.000,1.893,12.515,9.206,3.459,59.212
Br66_rep10_Dep6_Tu1,0.000,1.405,1.127,0.000,4.750,0.000,1.590,0.000,4.745,13.008,8.015,2.428,62.933
Br66_rep6_Dep6_Tu20,20.095,0.000,2.426,1.531,3.905,0.000,1.192,0.000,1.386,7.012,6.384,4.516,51.553
Br66_rep10_Dep6_Tu30,28.741,0.649,0.135,3.486,2.724,0.000,0.960,0.000,0.000,9.555,6.381,2.585,44.783
Br66_rep10_Dep6_Tu5,5.185,0.764,0.000,0.000,3.068,0.000,3.118,0.000,1.809,13.360,8.882,3.261,60.554
Br66_rep7_Dep6_Tu1,0.000,1.507,0.000,0.000,5.497,0.000,2.248,0.000,0.000,16.256,7.491,3.460,63.540
Br66_rep6_Dep6_Tu0.3,0.000,0.000,0.751,0.000,5.024,0.000,2.868,0.000,3.252,12.776,9.252,2.574,63.504
Br66_rep1_Dep6_Tu30,29.345,0.000,1.524,2.467,5.149,0.000,0.568,0.000,0.000,7.427,5.720,3.374,44.427
Br66_rep3_Dep6_Tu1,0.508,0.000,0.261,0.000,5.917,0.000,3.537,0.169,1.205,12.981,8.691,4.070,62.661
Br66_rep3_Dep6_Tu30,30.059,0.000,0.872,2.733,4.078,0.000,1.171,0.395,0.215,6.818,6.727,2.580,44.351
Br66_rep9_Dep6_Tu1,1.039,0.000,1.108,0.000,5.323,0.000,3.290,0.000,1.546,13.593,8.735,2.821,62.545
Br66_rep9_Dep6_Tu40,36.558,2.341,0.531,4.414,3.434,0.000,0.506,0.000,1.150,4.662,5.888,1.962,38.556
Br66_rep5_Dep6_Tu1,1.339,0.484,0.233,0.000,4.948,0.000,2.650,0.000,2.018,12.811,10.171,3.795,61.551
Br66_rep2_Dep6_Tu5,4.507,1.449,0.567,0.000,4.814,0.000,1.176,2.278,1.684,12.117,7.308,3.420,60.679
Br66_rep5_Dep6_Tu30,28.134,0.000,2.058,1.603,4.555,0.000,0.561,0.000,0.000,8.853,7.701,2.968,43.566
Br66_rep7_Dep6_Tu50,44.934,1.615,1.092,5.612,3.021,0.000,0.000,0.000,0.000,2.686,5.726,2.748,32.567
Br66_rep4_Dep6_Tu40,35.144,0.000,2.491,4.024,3.283,0.000,1.844,0.000,0.000,6.295,6.583,2.108,38.228
Br66_rep8_Dep6_Tu5,5.961,0.785,0.000,0.000,5.791,0.000,1.950,0.000,3.243,10.628,8.995,2.912,59.735
Br66_rep9_Dep6_Tu2,1.503,0.000,0.000,0.038,5.375,0.000,2.595,1.099,0.227,14.757,8.283,3.580,62.543
Br66_rep6_Dep6_Tu30,29.669,0.000,0.373,2.734,4.725,0.000,1.395,2.392,3.250,4.102,6.140,1.172,44.049
Br66_rep4_Dep6_Tu0.1,0.399,0.954,0.052,0.000,2.010,0.000,4.159,0.000,1.590,14.355,8.794,3.869,63.817
Br66_rep5_Dep6_Tu10,10.080,1.482,1.115,0.811,3.564,0.000,1.614,1.481,0.000,9.695,9.409,2.436,58.314
Br66_rep3_Dep6_Tu40,37.533,0.660,3.505,3.743,2.059,0.000,0.000,0.966,0.000,4.036,6.938,1.753,38.806
Br66_rep9_Dep6_Tu0.5,0.000,0.000,0.000,0.000,5.653,0.000,2.083,1.609,2.275,14.455,8.421,2.452,63.051
Br66_rep8_Dep6_Tu2,2.298,0.000,0.000,0.000,5.251,0.000,2.745,0.000,0.423,13.941,9.666,4.157,61.519
Br66_rep10_Dep6_Tu2,0.641,2.106,0.000,0.000,5.842,0.000,3.698,0.000,0.000,12.066,8.555,4.187,62.905
Br66_rep6_Dep6_Tu0.1,0.371,0.000,0.000,0.000,2.504,0.000,3.940,0.000,4.616,15.988,8.112,1.557,62.913
Br66_rep5_Dep6_Tu0.5,0.000,0.264,0.000,0.000,6.195,0.000,3.278,0.000,0.000,14.906,8.115,3.554,63.688
Br66_rep2_Dep6_Tu20,21.830,0.000,0.540,0.908,3.956,0.000,2.180,0.000,0.000,9.051,7.104,3.090,51.342
Br66_rep4_Dep6_Tu0.5,1.198,1.574,0.000,0.000,5.322,0.000,2.052,0.000,2.534,12.607,9.287,3.586,61.839
Br66_rep4_Dep6_Tu5,5.943,0.000,0.092,0.719,4.907,0.000,2.231,3.200,1.567,11.091,9.117,2.651,58.483
Br66_rep8_Dep6_Tu0.5,0.000,0.000,0.906,0.000,5.114,0.000,3.104,0.338,1.606,12.774,7.328,4.574,64.257
Br66_rep5_Dep6_Tu20,22.643,2.880,0.941,0.304,3.174,0.000,2.282,0.000,0.713,4.978,8.184,3.841,50.060
Br66_rep1_Dep6_Tu3,4.088,0.033,1.041,0.000,2.287,0.000,2.675,0.000,0.000,14.352,10.160,4.082,61.281
Br66_rep10_Dep6_Tu10,9.277,2.586,0.474,0.461,3.782,0.000,4.245,0.000,0.175,9.936,8.128,3.924,57.011
Br66_rep3_Dep6_Tu10,10.570,0.000,0.230,0.000,1.704,0.000,4.315,1.907,0.076,11.522,8.508,4.025,57.142
Br66_rep10_Dep6_Tu40,36.888,0.493,2.333,3.760,4.061,0.000,0.490,0.000,1.745,3.845,4.295,2.390,39.700
Br66_rep1_Dep6_Tu50,47.017,0.040,2.603,6.142,3.259,0.000,1.122,0.000,1.007,0.075,4.845,1.476,32.414
Br66_rep10_Dep6_Tu0.5,0.071,2.016,0.000,0.000,4.351,0.000,3.369,0.000,0.000,16.144,8.249,2.803,62.998
Br66_rep1_Dep6_Tu0.3,0.004,0.442,0.739,0.000,3.526,0.000,2.737,1.005,0.630,14.557,10.750,3.274,62.336
Br66_rep10_Dep6_Tu0.1,0.000,0.760,0.000,0.000,5.378,0.000,3.556,0.000,0.000,13.734,9.165,4.830,62.579
Br66_rep8_Dep6_Tu40,35.614,0.702,2.626,3.475,3.727,0.000,1.754,0.000,0.000,6.075,5.479,1.964,38.584
Br66_rep3_Dep6_Tu20,19.791,0.000,1.107,1.748,3.482,0.000,2.159,0.000,0.000,8.991,6.641,3.574,52.507
Br66_rep9_Dep6_Tu0.3,0.000,0.000,0.308,0.000,3.350,0.000,4.492,1.212,0.008,14.960,7.458,3.065,65.148
Br66_rep7_Dep6_Tu0.3,0.000,1.841,0.000,0.000,4.452,0.000,2.368,0.000,1.927,13.551,8.852,2.989,64.020
Br66_rep5_Dep6_Tu2,0.641,0.873,0.267,0.000,5.496,0.874,2.089,0.888,4.250,10.693,8.777,2.677,62.474
Br66_rep5_Dep6_Tu0.3,0.213,0.000,0.286,0.000,6.403,0.135,2.542,0.290,4.061,12.874,8.753,2.591,61.852
Br66_rep6_Dep6_Tu5,3.036,0.173,1.462,0.000,2.699,0.000,2.717,0.000,2.047,15.132,8.874,2.896,60.966
Br66_rep5_Dep6_Tu3,2.018,0.751,0.168,0.603,3.967,0.000,3.186,3.246,0.034,13.067,7.667,3.076,62.216
Br66_rep1_Dep6_Tu5,3.714,0.615,0.300,0.227,5.907,0.000,3.357,0.000,1.420,13.182,7.893,3.230,60.155
Br66_rep6_Dep6_Tu10,9.642,2.832,1.417,0.844,3.390,0.000,1.611,0.000,0.354,10.851,8.389,3.203,57.467
Br66_rep3_Dep6_Tu5,5.612,0.000,1.082,0.225,5.311,0.000,2.788,0.000,0.689,13.444,7.535,3.928,59.385
Br66_rep1_Dep6_Tu1,0.000,0.000,1.018,0.000,6.627,0.000,2.308,0.000,2.393,12.743,8.987,3.994,61.930
Br66_rep4_Dep6_Tu30,26.987,0.000,2.003,2.677,5.517,0.000,1.232,0.000,0.000,8.532,6.640,2.472,43.941
Br66_rep8_Dep6_Tu20,18.214,0.000,2.118,2.477,5.930,0.000,0.218,0.379,1.727,7.916,6.722,2.679,51.620
Br66_rep4_Dep6_Tu10,11.322,2.466,0.225,0.196,5.273,0.000,1.558,0.000,0.000,10.676,9.862,1.974,56.450
Br66_rep2_Dep6_Tu1,0.124,1.703,0.000,0.000,4.196,0.000,2.889,0.000,2.042,13.447,9.752,3.094,62.753
Br66_rep6_Dep6_Tu2,0.375,2.420,0.000,0.462,2.476,0.000,3.142,0.287,1.967,15.020,9.519,2.694,61.637
Br66_rep6_Dep6_Tu0.5,0.000,0.032,0.873,0.000,6.952,0.000,2.499,0.000,3.441,12.851,7.928,2.391,63.033
Br66_rep5_Dep6_Tu0.1,0.000,0.000,0.894,0.000,4.558,0.000,2.963,0.571,2.482,12.887,9.382,2.709,63.554
Br66_rep2_Dep6_Tu2,3.430,0.363,0.000,0.000,3.157,0.000,3.955,0.000,0.387,15.518,9.487,2.453,61.250
Br66_rep10_Dep6_Tu50,44.372,0.000,1.799,5.603,2.328,0.000,0.930,0.000,0.000,6.708,4.810,1.155,32.296
Br66_rep7_Dep6_Tu3,2.908,0.899,0.000,0.530,6.139,0.000,1.284,0.000,2.157,13.486,8.672,3.766,60.159
Br66_rep7_Dep6_Tu10,9.670,0.000,1.270,0.991,4.169,0.000,2.283,3.736,0.101,11.142,7.728,1.992,56.917
Br66_rep2_Dep6_Tu0.5,0.000,0.329,0.019,0.000,6.089,0.000,2.455,0.026,1.574,13.662,8.049,3.785,64.013
Br66_rep5_Dep6_Tu50,44.525,0.000,3.461,5.346,1.579,0.000,0.037,0.000,0.000,4.580,6.140,1.396,32.937
Br66_rep9_Dep6_Tu20,20.878,0.000,1.087,1.427,3.271,0.000,0.791,0.000,0.000,11.058,6.812,3.778,50.898
Br66_rep8_Dep6_Tu3,2.182,1.341,0.800,0.000,4.702,0.000,1.981,0.000,3.858,12.914,8.187,2.510,61.524
Br66_rep9_Dep6_Tu10,8.712,0.000,0.875,0.532,5.374,0.000,3.358,0.000,0.000,11.804,8.568,3.561,57.216
Br66_rep7_Dep6_Tu2,0.158,0.978,0.536,0.000,3.016,0.000,2.802,0.000,0.404,16.560,9.093,3.745,62.709
Br66_rep6_Dep6_Tu3,2.260,0.686,0.000,0.000,4.655,0.000,4.053,0.000,3.317,12.647,7.705,2.734,61.943
Br66_rep1_Dep6_Tu0.5,0.000,0.215,1.590,0.000,3.862,0.000,2.029,0.176,2.722,14.846,8.910,2.412,63.238
Br66_rep2_Dep6_Tu40,38.612,2.698,1.968,3.281,0.000,0.000,1.531,0.000,0.000,2.925,5.777,3.125,40.084
Br66_rep1_Dep6_Tu2,2.718,0.000,0.397,0.000,4.897,0.000,2.131,0.000,2.635,13.855,8.366,2.947,62.056
Br66_rep8_Dep6_Tu1,2.476,0.313,0.000,0.000,4.914,0.000,3.736,0.000,0.853,11.879,9.639,3.375,62.815
Br66_rep4_Dep6_Tu3,2.267,3.489,0.058,0.271,4.004,0.000,2.613,4.215,0.655,10.028,8.251,2.528,61.621
Br66_rep7_Dep6_Tu40,35.953,1.618,1.936,3.863,5.320,0.000,0.347,0.000,0.000,4.254,6.245,3.426,37.039
Br66_rep7_Dep6_Tu0.5,0.000,2.363,0.167,0.000,6.000,0.000,3.076,0.000,2.888,10.890,6.881,4.399,63.336
Br66_rep2_Dep6_Tu30,27.293,0.000,1.283,3.811,3.550,0.000,0.282,0.000,0.000,10.301,5.625,2.645,45.210
Br66_rep2_Dep6_Tu0.1,0.000,1.447,0.000,0.000,7.417,0.000,1.361,0.351,2.279,12.471,8.996,3.512,62.166
Br66_rep7_Dep6_Tu0.1,0.000,0.137,0.052,0.016,3.911,0.000,3.033,2.468,1.853,13.595,8.675,2.175,64.084
Br66_rep1_Dep6_Tu40,36.502,0.000,0.979,5.853,3.190,0.000,1.217,0.000,0.000,6.318,5.399,1.553,38.988
Br66_rep7_Dep6_Tu5,6.308,0.000,0.000,0.000,4.626,0.000,2.746,0.421,0.000,12.684,9.847,3.427,59.941
Br66_rep4_Dep6_Tu1,0.421,3.215,0.000,0.000,6.219,0.000,1.739,0.000,0.715,11.390,10.543,3.985,61.774
Br66_rep8_Dep6_Tu0.1,0.000,1.069,0.357,0.000,4.667,0.000,3.953,2.182,0.740,13.087,9.519,2.499,61.927
Br66_rep4_Dep6_Tu2,1.380,1.306,0.000,0.270,8.394,0.000,2.139,0.000,4.649,9.305,9.141,1.978,61.439
Br66_rep1_Dep6_Tu0.1,0.000,0.000,0.137,0.000,4.552,0.000,3.956,0.113,0.648,14.509,8.213,3.441,64.432
Br66_rep2_Dep6_Tu10,10.484,0.000,1.411,0.633,3.685,0.000,1.860,0.000,0.199,13.683,7.108,3.950,56.988
Br66_rep4_Dep6_Tu20,18.083,0.000,2.826,1.668,4.048,0.000,1.372,0.000,0.933,11.641,6.644,2.811,49.973
Br66_rep4_Dep6_Tu0.3,0.125,0.000,0.725,0.000,4.386,0.000,2.266,0.000,4.777,14.537,7.726,2.850,62.609
Br66_rep10_Dep6_Tu3,4.123,1.203,0.398,0.000,5.004,0.000,3.157,0.892,1.231,11.130,7.401,3.389,62.073
Br66_rep1_Dep6_Tu20,21.201,0.000,0.168,1.599,4.346,0.000,0.000,0.000,2.508,9.424,8.286,2.370,50.097
Br66_rep6_Dep6_Tu1,0.811,0.433,0.285,0.000,4.806,0.000,2.888,0.000,1.942,13.497,8.181,3.684,63.473
Br66_rep6_Dep6_Tu50,45.935,0.000,4.014,5.116,0.799,0.000,0.000,0.000,1.474,4.527,4.824,0.429,32.882
Br66_rep9_Dep6_Tu3,2.404,0.000,0.648,0.058,6.872,0.000,1.447,0.000,3.125,12.316,8.817,3.160,61.153
Br66_rep3_Dep6_Tu50,43.684,1.573,3.056,5.120,0.000,0.000,1.027,0.000,0.000,4.502,6.841,1.841,32.356
Br66_rep8_Dep6_Tu30,26.138,0.000,3.103,2.848,5.244,0.000,1.163,0.000,0.000,6.164,6.930,3.092,45.318
Br66_rep7_Dep6_Tu20,22.087,0.000,0.009,0.864,2.549,0.000,0.947,1.220,2.150,9.655,6.943,2.220,51.354
Br66_rep3_Dep6_Tu2,2.703,0.460,0.153,0.102,4.688,0.000,3.176,0.000,2.339,12.132,8.739,3.678,61.829
Br66_rep8_Dep6_Tu50,47.353,1.964,1.519,4.936,2.497,0.000,0.619,0.000,0.000,1.476,5.138,2.891,31.606
Br66_rep3_Dep6_Tu3,1.739,0.000,1.785,0.000,3.215,0.000,4.517,0.000,3.414,12.970,8.031,2.501,61.830
Br66_rep3_Dep6_Tu0.3,0.000,0.000,0.883,0.000,4.903,0.000,3.016,0.000,1.914,12.992,7.487,4.500,64.305
Br66_rep8_Dep6_Tu0.3,0.000,0.000,0.268,0.000,3.346,0.000,4.405,1.139,0.089,14.978,7.697,3.058,65.020
Br66_rep3_Dep6_Tu0.1,0.000,1.404,0.000,0.000,7.102,0.000,1.795,2.247,1.011,11.764,9.974,2.580,62.123
Br66_rep10_Dep6_Tu0.3,0.654,0.000,0.000,0.000,4.237,0.000,2.389,0.840,1.205,15.517,8.110,3.626,63.420
Br66_rep2_Dep6_Tu50,47.298,0.317,2.585,5.649,2.237,0.000,1.690,0.000,0.000,0.000,5.742,2.234,32.248
Br66_rep5_Dep6_Tu5,6.081,1.549,0.469,0.000,6.578,0.000,1.467,0.000,3.030,9.719,8.059,3.242,59.808
Br66_rep10_Dep6_Tu20,18.637,0.000,0.000,2.438,4.198,0.000,2.153,0.000,0.000,12.186,7.547,2.832,50.009
Br66_rep7_Dep6_Tu30,28.772,0.000,0.271,2.895,3.522,0.000,2.968,0.000,0.000,8.345,5.614,2.445,45.168
Br66_rep9_Dep6_Tu30,29.962,0.971,0.114,2.191,3.306,0.000,0.982,0.000,0.000,8.629,6.715,3.035,44.095
Br66_rep5_Dep6_Tu40,37.223,0.000,1.246,3.678,3.989,0.000,3.265,0.000,0.000,5.392,5.366,1.887,37.954
Br66_rep8_Dep6_Tu10,11.137,1.692,0.000,0.517,2.150,0.000,2.525,0.000,2.351,11.684,8.914,2.715,56.315
Br66_rep9_Dep6_Tu50,44.445,0.000,2.919,6.415,1.804,0.000,0.638,0.000,0.000,4.428,4.987,1.732,32.632
Br66_rep2_Dep6_Tu0.3,0.000,2.119,0.295,0.000,4.317,0.000,1.401,2.547,1.937,12.841,8.128,3.099,63.317
Br66_rep1_Dep6_Tu10,9.791,2.394,0.000,0.693,4.897,0.000,2.306,0.000,0.000,11.428,8.163,3.481,56.847
Cer77_rep9_Dep6_Tu3,0.079,0.618,2.384,1.471,7.784,0.000,1.298,0.000,2.864,11.975,8.460,3.479,59.587
Cer77_rep5_Dep6_Tu30,8.944,9.256,9.125,9.353,10.560,0.000,1.874,4.600,0.000,1.709,5.248,2.311,37.020
Cer77_rep3_Dep6_Tu30,7.885,10.634,11.332,9.812,10.710,0.000,1.226,1.801,0.000,1.800,5.165,2.124,37.510
Cer77_rep8_Dep6_Tu50,10.414,16.347,14.619,14.069,11.238,0.000,2.202,0.000,0.000,0.000,3.315,3.264,24.532
Cer77_rep1_Dep6_Tu1,0.000,0.000,1.344,0.000,6.756,0.000,1.884,0.000,2.783,13.238,8.943,4.053,60.998
Cer77_rep7_Dep6_Tu3,1.189,2.301,0.782,1.226,7.845,0.000,1.578,0.000,1.953,12.128,8.174,4.086,58.739
Cer77_rep10_Dep6_Tu2,0.000,2.785,0.128,0.705,6.651,0.000,4.012,0.000,0.000,11.279,8.470,3.813,62.158
Cer77_rep2_Dep6_Tu0.5,0.000,0.608,0.020,0.000,6.143,0.000,2.424,0.000,1.177,14.060,7.973,3.822,63.772
Cer77_rep3_Dep6_Tu20,5.876,7.075,8.759,7.428,8.898,0.000,1.974,0.761,0.000,4.672,5.774,3.168,45.613
Cer77_rep1_Dep6_Tu2,1.313,1.702,2.367,0.000,5.628,0.000,2.115,0.000,2.037,13.403,8.113,2.523,60.799
Cer77_rep2_Dep6_Tu5,1.605,5.018,2.231,2.357,5.073,0.000,1.486,0.254,2.969,9.991,7.090,3.293,58.634
Cer77_rep5_Dep6_Tu0.5,0.000,0.934,0.000,0.000,6.138,0.000,3.525,0.000,0.000,14.142,8.084,3.665,63.512
Cer77_rep2_Dep6_Tu50,9.145,16.091,16.688,13.320,10.155,0.000,1.749,1.804,0.000,0.000,4.082,1.897,25.069
Cer77_rep9_Dep6_Tu0.5,0.000,0.000,0.381,0.000,5.533,0.000,2.396,1.904,1.709,14.392,8.314,2.538,62.833
Cer77_rep4_Dep6_Tu10,3.305,6.782,3.946,3.539,5.259,0.076,2.550,1.229,0.072,9.299,8.849,2.228,52.865
Cer77_rep9_Dep6_Tu20,5.446,7.646,7.458,7.708,6.778,0.000,2.095,3.435,0.000,5.144,5.692,3.454,45.144
Cer77_rep3_Dep6_Tu10,4.276,3.926,4.826,2.468,5.075,0.000,3.641,0.803,0.000,10.475,7.085,4.003,53.423
Cer77_rep6_Dep6_Tu5,0.286,2.799,4.261,0.991,4.909,0.000,3.474,0.000,1.671,11.959,8.023,2.975,58.654
Cer77_rep5_Dep6_Tu1,0.732,1.193,0.188,0.000,5.440,0.000,2.755,0.000,1.582,13.034,10.034,3.859,61.184
Cer77_rep5_Dep6_Tu0.3,0.033,0.269,0.358,0.000,6.318,0.181,2.547,0.418,3.747,12.900,8.701,2.671,61.858
Cer77_rep4_Dep6_Tu50,9.512,15.681,14.442,13.582,11.182,0.249,0.904,4.349,0.000,0.000,3.716,1.241,25.142
Cer77_rep6_Dep6_Tu0.3,0.000,0.000,1.319,0.000,5.097,0.000,2.589,0.000,3.974,12.233,9.319,2.267,63.202
Cer77_rep4_Dep6_Tu40,6.665,13.537,13.902,11.971,12.766,0.471,1.775,1.734,0.000,0.000,4.952,1.679,30.548
Cer77_rep10_Dep6_Tu5,3.060,3.633,1.820,1.075,4.340,0.573,3.528,1.043,1.246,10.025,8.444,3.263,57.949
Cer77_rep3_Dep6_Tu1,0.000,0.000,1.001,0.000,5.927,0.000,3.734,0.472,0.938,12.824,8.610,4.274,62.221
Cer77_rep8_Dep6_Tu40,8.514,12.825,13.086,11.764,12.698,0.000,1.916,3.545,0.000,0.000,3.930,1.434,30.289
Cer77_rep7_Dep6_Tu0.3,0.000,1.932,0.000,0.000,4.479,0.000,2.448,0.000,2.332,13.367,8.711,2.797,63.933
Cer77_rep3_Dep6_Tu0.1,0.000,2.278,0.000,0.000,6.771,0.000,1.811,1.847,1.117,11.425,9.920,2.668,62.163
Cer77_rep4_Dep6_Tu0.3,0.000,0.000,1.067,0.000,4.480,0.000,2.300,0.000,4.632,14.359,7.719,2.892,62.551
Cer77_rep6_Dep6_Tu2,0.000,2.443,0.202,1.110,3.426,0.000,2.722,0.000,3.156,13.949,9.308,2.770,60.915
Cer77_rep6_Dep6_Tu20,3.900,11.805,7.741,7.390,6.907,0.000,2.673,0.000,0.314,3.846,4.301,4.780,46.342
Cer77_rep9_Dep6_Tu40,6.886,14.314,12.521,12.179,12.107,0.000,2.341,3.297,0.000,0.000,4.064,1.541,30.751
Cer77_rep6_Dep6_Tu40,7.333,13.348,14.848,11.696,10.685,0.000,1.943,2.341,0.000,0.000,3.878,2.066,31.863
Cer77_rep8_Dep6_Tu5,1.816,5.010,1.542,1.320,7.076,0.000,3.170,0.000,1.630,8.541,8.738,3.581,57.577
Cer77_rep5_Dep6_Tu50,9.320,15.670,15.269,13.056,11.121,0.402,0.888,2.361,0.000,0.000,3.802,2.272,25.838
Cer77_rep1_Dep6_Tu30,6.806,11.293,10.283,11.466,10.316,0.000,1.826,0.000,0.000,2.123,4.513,4.096,37.278
Cer77_rep2_Dep6_Tu20,5.470,8.340,8.040,6.691,7.482,0.000,3.744,1.095,0.000,5.466,5.610,3.083,44.980
