Sample,BRCA,CEAD,CESC,COAD,OV,READ,bcell,cd4tcell,cd8tcell,erythroblast,monocyte,naturalkillercell,neutrophil
Colo_rep2_Dep6_Tu0.5,0.000,0.000,0.000,0.000,6.837,2.707,2.843,0.000,0.000,9.749,8.899,4.839,64.127
Colo_rep2_Dep6_Tu50,1.201,2.529,0.000,0.537,7.186,32.472,4.309,0.000,0.000,7.023,7.599,4.267,32.877
Colo_rep6_Dep6_Tu1,0.808,0.000,0.000,0.000,6.096,2.401,3.137,0.000,0.000,10.447,9.085,4.789,63.236
Colo_rep3_Dep6_Tu2,0.582,0.000,0.040,0.000,5.459,3.763,3.347,0.000,0.000,10.182,9.609,5.157,61.863
Colo_rep7_Dep6_Tu2,0.000,0.000,0.320,0.000,4.688,3.596,2.793,0.000,0.000,11.386,9.855,4.423,62.938
Colo_rep8_Dep6_Tu0.1,0.000,0.091,0.532,0.000,5.723,2.261,4.409,0.000,0.000,10.906,10.268,3.804,62.006
Colo_rep10_Dep6_Tu2,0.000,0.000,1.066,0.000,6.264,3.126,2.888,0.000,0.000,11.313,8.405,4.861,62.076
Colo_rep6_Dep6_Tu3,0.000,0.000,0.000,0.000,6.466,3.672,5.306,0.000,0.000,9.581,8.677,4.601,61.698
Colo_rep9_Dep6_Tu30,0.000,2.159,0.025,0.000,8.049,20.906,2.262,0.000,0.000,11.067,8.119,4.271,43.144
Colo_rep9_Dep6_Tu0.5,0.000,0.000,0.000,0.000,6.558,2.066,2.660,0.000,0.000,12.833,8.978,3.869,63.036
Colo_rep6_Dep6_Tu20,0.344,0.000,0.838,0.000,6.636,15.741,2.969,0.000,2.172,6.853,8.235,5.344,50.869
Colo_rep8_Dep6_Tu30,0.738,0.000,0.325,0.000,10.174,19.768,3.660,0.000,0.000,7.907,9.959,3.648,43.822
Colo_rep3_Dep6_Tu5,0.360,0.000,0.472,0.000,7.479,5.181,2.618,0.000,0.000,10.801,8.275,4.986,59.830
Colo_rep4_Dep6_Tu3,0.878,1.410,0.000,0.024,5.749,3.963,3.431,0.000,0.000,9.635,9.233,3.891,61.786
Colo_rep2_Dep6_Tu10,0.224,0.000,0.825,0.000,7.173,8.704,2.112,0.000,0.100,10.716,9.037,4.983,56.125
Colo_rep3_Dep6_Tu40,1.964,1.068,0.000,0.000,6.982,27.305,1.246,3.436,0.430,7.049,9.246,3.031,38.244
Colo_rep3_Dep6_Tu30,2.195,0.000,0.000,0.000,7.703,21.223,2.460,0.000,2.159,7.709,9.371,3.764,43.417
Colo_rep6_Dep6_Tu30,0.000,0.253,0.000,0.000,10.162,21.094,3.583,0.000,6.078,6.773,7.180,1.685,43.193
Colo_rep4_Dep6_Tu50,2.101,1.611,0.000,0.430,5.761,33.199,4.059,0.000,2.570,7.903,6.540,1.942,33.882
Colo_rep5_Dep6_Tu50,0.000,0.175,0.000,0.000,10.153,32.805,1.993,0.000,0.520,10.292,8.820,4.328,30.914
Colo_rep6_Dep6_Tu2,0.000,0.873,0.000,0.000,3.964,4.162,3.774,0.000,0.000,11.085,10.247,4.199,61.696
Colo_rep10_Dep6_Tu50,0.000,0.799,0.823,0.000,9.480,33.216,2.562,0.000,2.530,7.568,8.397,3.421,31.206
Colo_rep7_Dep6_Tu50,0.327,0.521,0.000,0.000,8.375,33.283,3.137,1.581,0.744,7.284,7.947,3.511,33.289
Colo_rep9_Dep6_Tu40,1.498,3.289,0.000,0.051,6.755,26.556,2.777,0.000,1.015,7.535,7.703,3.531,39.292
Colo_rep8_Dep6_Tu5,1.203,0.000,0.000,0.000,8.000,4.983,2.595,0.000,0.000,8.922,9.420,4.982,59.894
Colo_rep1_Dep6_Tu20,0.277,0.000,0.000,0.000,8.144,14.857,1.031,0.000,3.613,10.019,9.660,2.510,49.889
Colo_rep9_Dep6_Tu2,0.000,0.000,0.000,0.000,6.060,3.628,3.001,0.000,0.000,11.121,8.975,4.578,62.637
Colo_rep5_Dep6_Tu30,0.000,0.818,0.000,0.000,9.714,19.458,1.980,0.000,0.000,13.264,9.075,3.353,42.336
Colo_rep4_Dep6_Tu0.1,1.434,0.000,0.021,0.000,3.586,2.183,4.329,0.000,0.000,10.032,9.554,4.961,63.900
Colo_rep5_Dep6_Tu0.1,0.182,0.000,0.867,0.000,6.160,2.006,3.286,0.000,0.000,9.734,9.962,4.190,63.611
Colo_rep9_Dep6_Tu3,0.182,0.000,0.329,0.035,8.827,3.169,1.262,0.000,0.000,11.328,9.538,4.672,60.658
Colo_rep2_Dep6_Tu0.1,0.000,0.822,0.000,0.000,8.623,1.565,1.785,0.000,0.000,10.782,9.502,4.709,62.213
Colo_rep8_Dep6_Tu10,1.043,0.910,0.000,0.135,5.861,8.224,4.149,0.000,0.770,8.784,9.581,3.942,56.600
Colo_rep4_Dep6_Tu30,0.026,0.337,0.000,0.000,8.518,20.766,2.293,0.000,0.080,13.331,7.701,3.480,43.468
Colo_rep2_Dep6_Tu2,1.388,0.000,0.000,0.000,4.182,3.763,3.929,0.000,0.000,11.363,10.682,3.615,61.079
Colo_rep1_Dep6_Tu5,0.000,0.850,0.520,0.000,6.389,5.041,4.007,0.000,0.000,10.123,9.250,4.136,59.685
Colo_rep8_Dep6_Tu50,2.493,0.850,0.000,0.422,8.567,32.431,3.278,0.000,5.134,5.095,7.237,2.807,31.685
Colo_rep5_Dep6_Tu5,1.179,0.030,0.000,0.000,8.412,5.256,2.954,0.000,1.905,8.442,8.986,3.768,59.068
Colo_rep6_Dep6_Tu50,0.000,0.799,0.000,0.000,9.447,33.744,1.082,0.284,2.816,7.610,9.538,2.730,31.949
Colo_rep5_Dep6_Tu0.5,0.000,0.000,0.000,0.000,7.190,2.266,3.256,0.000,0.000,10.593,8.885,4.027,63.784
Colo_rep4_Dep6_Tu20,0.086,1.245,0.000,0.000,7.722,14.255,2.663,0.000,0.324,11.115,7.578,4.530,50.481
Colo_rep8_Dep6_Tu40,0.480,1.002,0.000,0.000,9.102,26.287,3.720,0.415,0.000,9.556,7.824,3.420,38.195
Colo_rep7_Dep6_Tu0.3,0.314,0.587,0.000,0.000,5.583,2.304,2.739,0.000,0.000,10.514,9.609,4.275,64.076
Colo_rep7_Dep6_Tu30,1.588,0.000,0.000,0.000,8.170,21.213,2.700,0.000,1.290,8.840,8.327,4.275,43.596
Colo_rep10_Dep6_Tu20,1.673,0.689,0.000,0.000,6.974,14.322,3.562,0.000,2.959,7.607,8.614,3.372,50.228
Colo_rep9_Dep6_Tu10,0.000,0.000,0.000,0.000,9.062,7.766,2.898,0.000,0.000,10.525,9.250,4.443,56.057
Colo_rep9_Dep6_Tu0.1,0.293,0.000,0.676,0.000,7.052,2.187,2.394,0.000,2.467,8.462,9.894,5.011,61.564
Colo_rep10_Dep6_Tu0.3,0.000,0.203,0.000,0.000,4.211,2.897,3.883,0.000,0.000,11.144,10.466,4.336,62.860
Colo_rep8_Dep6_Tu20,0.000,2.003,0.272,0.364,8.794,14.297,0.727,0.000,0.000,11.240,7.750,4.153,50.401
Colo_rep3_Dep6_Tu3,0.000,0.041,1.580,0.000,4.412,3.853,4.643,0.000,0.000,11.291,8.628,4.052,61.499
Colo_rep4_Dep6_Tu2,0.026,0.939,0.000,0.000,9.008,3.321,2.977,0.000,0.965,7.722,9.363,3.902,61.777
Colo_rep10_Dep6_Tu0.1,0.578,0.383,0.770,0.000,7.507,1.990,3.195,0.000,0.000,9.090,9.900,4.496,62.091
Colo_rep4_Dep6_Tu0.3,0.704,0.000,0.457,0.000,5.780,1.963,2.944,0.000,0.000,12.113,8.435,4.865,62.740
Colo_rep9_Dep6_Tu0.3,0.000,0.000,0.000,0.000,4.786,2.642,4.453,0.000,0.000,10.701,8.360,3.966,65.091
Colo_rep1_Dep6_Tu10,0.720,0.321,0.182,0.000,7.021,8.373,2.291,0.000,0.364,11.280,9.514,4.326,55.608
Colo_rep6_Dep6_Tu0.3,0.000,0.000,0.708,0.000,6.306,1.620,3.128,0.000,0.000,10.921,9.841,4.020,63.455
Colo_rep6_Dep6_Tu0.5,0.591,0.000,0.768,0.000,7.772,1.860,2.664,0.000,0.000,10.895,8.286,3.930,63.235
Colo_rep10_Dep6_Tu10,0.000,0.000,0.387,0.000,6.878,8.607,4.348,0.881,0.000,8.296,9.648,4.734,56.220
Colo_rep10_Dep6_Tu1,0.000,0.000,0.276,0.000,6.462,2.542,2.236,0.000,0.808,10.912,10.273,5.004,61.487
Colo_rep10_Dep6_Tu5,0.000,1.505,0.000,0.000,9.353,4.804,2.813,0.000,1.421,9.551,8.402,3.489,58.661
Colo_rep10_Dep6_Tu40,1.328,2.819,0.718,0.000,5.092,26.955,2.325,0.000,0.000,8.935,8.048,4.938,38.842
Colo_rep10_Dep6_Tu0.5,0.555,0.101,0.143,0.000,7.068,2.404,3.188,0.000,0.000,9.792,9.963,4.597,62.188
Colo_rep1_Dep6_Tu1,0.000,0.000,0.385,0.000,7.316,2.390,2.615,0.000,0.000,10.467,9.635,5.283,61.910
Colo_rep7_Dep6_Tu20,0.476,0.704,0.000,0.000,6.631,14.655,3.549,0.000,1.354,10.234,9.234,2.823,50.339
Colo_rep6_Dep6_Tu10,0.000,0.779,1.175,0.000,6.037,9.017,3.077,0.000,0.000,8.738,9.008,4.511,57.658
Colo_rep10_Dep6_Tu3,0.000,0.000,0.135,0.000,5.543,3.997,3.509,0.000,0.000,11.157,9.014,4.457,62.189
Colo_rep1_Dep6_Tu30,1.137,1.530,0.064,0.000,8.059,20.943,3.068,0.000,0.000,9.167,6.573,5.559,43.901
Colo_rep1_Dep6_Tu0.1,0.000,0.000,0.000,0.000,6.153,2.286,3.964,0.000,0.000,9.926,9.070,4.150,64.451
Colo_rep7_Dep6_Tu5,2.669,0.000,0.000,0.000,5.614,5.147,3.579,0.000,0.000,8.680,10.518,4.093,59.700
Colo_rep7_Dep6_Tu0.1,0.536,0.000,0.000,0.000,5.011,2.034,3.583,0.000,0.000,11.590,9.258,3.819,64.170
Colo_rep6_Dep6_Tu40,0.522,0.000,0.211,0.136,9.011,27.013,0.297,0.000,1.839,10.699,9.488,3.765,37.018
Colo_rep8_Dep6_Tu2,0.388,0.000,0.000,0.000,6.329,3.336,2.927,0.000,0.000,9.734,10.778,5.062,61.445
Colo_rep7_Dep6_Tu0.5,0.000,1.536,0.140,0.000,6.884,2.134,3.439,0.000,0.000,9.173,7.410,5.885,63.400
Colo_rep5_Dep6_Tu20,0.737,3.031,0.000,0.000,7.718,14.191,3.151,0.000,0.000,7.337,9.531,5.094,49.212
Colo_rep8_Dep6_Tu0.3,0.000,0.000,0.000,0.000,4.527,2.628,4.488,0.000,0.000,10.740,8.361,4.087,65.170
Colo_rep4_Dep6_Tu5,1.424,0.000,0.534,0.000,6.212,4.577,3.255,0.186,0.918,10.186,9.517,4.076,59.116
Colo_rep9_Dep6_Tu1,1.423,0.000,0.749,0.000,6.524,2.131,3.497,0.000,0.000,9.922,9.440,3.608,62.707
Colo_rep1_Dep6_Tu0.5,0.000,0.000,1.428,0.000,5.925,1.659,2.414,0.000,0.000,12.272,9.611,3.657,63.033
Colo_rep8_Dep6_Tu3,0.358,0.922,0.304,0.000,6.728,3.314,2.581,0.000,0.000,11.744,8.456,4.202,61.391
Colo_rep5_Dep6_Tu0.3,0.279,0.000,0.000,0.000,7.047,2.090,2.949,0.000,1.200,11.017,9.281,4.278,61.861
Colo_rep2_Dep6_Tu30,0.000,0.000,0.000,0.000,8.022,21.606,2.208,1.380,0.000,10.475,7.615,3.300,45.394
Colo_rep7_Dep6_Tu10,0.000,0.000,0.019,0.000,5.912,8.461,3.154,0.000,0.000,11.416,9.604,4.164,57.270
Colo_rep2_Dep6_Tu40,1.895,2.697,0.000,0.000,7.333,27.056,3.660,0.342,0.820,6.654,6.336,4.068,39.138
Colo_rep3_Dep6_Tu0.1,0.543,0.760,0.000,0.000,8.556,1.547,2.174,0.000,0.000,9.967,10.537,3.789,62.128
Colo_rep3_Dep6_Tu1,0.000,0.000,0.000,0.000,6.692,2.753,3.551,0.000,0.000,9.218,9.638,5.243,62.905
Colo_rep8_Dep6_Tu1,1.912,0.000,0.000,0.000,6.528,2.479,4.140,0.000,0.000,7.583,10.447,4.165,62.746
Colo_rep4_Dep6_Tu1,0.498,2.057,0.000,0.000,7.608,2.267,1.679,0.000,0.000,8.648,10.994,4.468,61.782
Colo_rep5_Dep6_Tu40,2.040,0.000,0.178,0.000,6.910,27.356,3.589,0.607,3.978,6.915,7.214,3.083,38.129
Colo_rep5_Dep6_Tu10,0.546,2.195,0.000,0.000,6.698,8.061,2.756,0.000,0.000,8.202,10.292,4.095,57.155
Colo_rep2_Dep6_Tu0.3,0.452,1.472,0.431,0.000,6.083,1.431,1.882,0.000,0.000,11.679,8.671,4.612,63.286
Colo_rep10_Dep6_Tu30,1.228,1.093,0.000,0.630,7.954,20.934,2.458,0.000,1.708,8.335,6.970,3.340,45.351
Colo_rep1_Dep6_Tu40,0.918,3.050,0.000,0.000,7.475,27.367,4.930,0.000,3.083,5.668,7.302,2.268,37.939
Colo_rep6_Dep6_Tu0.1,1.021,0.000,0.000,0.000,3.681,2.308,4.343,0.000,0.000,12.985,8.876,3.673,63.113
Colo_rep7_Dep6_Tu40,0.066,0.621,0.000,0.264,7.731,27.474,2.731,0.000,0.379,11.339,6.999,3.983,38.411
Colo_rep1_Dep6_Tu50,1.668,1.884,0.000,0.432,9.010,33.528,3.315,0.000,6.038,3.296,6.408,2.536,31.886
Colo_rep1_Dep6_Tu0.3,0.374,0.000,0.547,0.000,4.668,2.897,2.879,0.000,0.000,10.121,11.860,4.205,62.448
Colo_rep9_Dep6_Tu20,0.000,0.000,0.000,0.000,10.198,14.286,2.022,0.000,0.193,10.141,7.874,5.032,50.253
Colo_rep4_Dep6_Tu10,0.000,1.807,0.000,0.000,6.073,8.573,2.584,0.000,0.000,11.233,9.779,3.108,56.842
Colo_rep6_Dep6_Tu5,0.000,0.000,0.258,0.000,4.799,5.429,3.194,0.000,0.000,12.217,9.730,3.999,60.374
Colo_rep9_Dep6_Tu5,1.263,0.377,0.000,0.000,6.141,4.943,2.877,0.000,0.000,10.523,10.387,4.340,59.149
Colo_rep3_Dep6_Tu50,2.556,0.793,0.000,0.000,6.346,33.125,3.274,0.000,2.479,7.839,8.112,2.744,32.732
Colo_rep5_Dep6_Tu1,1.078,0.000,0.000,0.000,6.013,2.657,2.950,0.000,0.000,9.983,10.841,4.831,61.648
Colo_rep5_Dep6_Tu3,0.000,0.043,0.000,0.343,5.402,3.951,3.918,0.000,0.000,11.784,8.482,3.695,62.383
Colo_rep2_Dep6_Tu1,0.589,0.242,0.000,0.000,5.791,2.251,2.982,0.000,0.000,10.894,10.571,4.234,62.447
Colo_rep7_Dep6_Tu1,0.000,0.000,0.000,0.000,6.915,2.411,2.543,0.000,0.000,12.048,8.461,4.211,63.410
Colo_rep5_Dep6_Tu2,0.000,0.080,0.000,0.000,6.291,3.543,2.331,0.000,1.613,9.606,9.363,4.402,62.770
Colo_rep4_Dep6_Tu40,0.000,0.514,0.000,0.023,8.785,27.225,2.647,0.000,2.147,11.116,8.321,2.317,36.904
Colo_rep2_Dep6_Tu20,0.410,0.000,0.000,0.000,7.762,14.441,4.286,0.000,0.124,9.848,7.258,4.273,51.599
Colo_rep4_Dep6_Tu0.5,1.357,0.441,0.000,0.000,6.356,2.336,2.536,0.000,0.000,10.148,9.829,5.017,61.979
Colo_rep2_Dep6_Tu5,1.570,2.654,0.424,0.000,5.797,4.128,1.413,0.000,0.000,10.989,7.771,4.880,60.375
Colo_rep2_Dep6_Tu3,0.000,0.000,0.000,0.000,7.446,4.110,2.310,0.000,0.000,9.556,10.631,4.989,60.959
Colo_rep3_Dep6_Tu10,2.412,0.000,0.000,0.000,4.001,8.888,5.355,0.000,0.000,8.567,9.163,4.538,57.076
Colo_rep8_Dep6_Tu0.5,0.000,0.000,0.753,0.000,5.958,1.694,3.256,0.000,0.000,10.601,8.095,5.508,64.135
Colo_rep7_Dep6_Tu3,0.210,0.869,0.000,0.000,7.703,3.611,2.182,0.000,0.000,11.257,9.046,4.988,60.135
Colo_rep3_Dep6_Tu0.5,0.000,0.000,0.803,0.000,6.194,1.843,3.158,0.000,0.000,10.976,9.793,4.066,63.167
Colo_rep3_Dep6_Tu20,0.435,1.108,0.000,0.000,7.008,14.566,2.891,0.000,0.000,10.802,7.065,3.636,52.489
Colo_rep1_Dep6_Tu2,1.578,0.000,0.376,0.000,5.820,2.963,2.195,0.000,0.000,11.953,9.328,4.030,61.758
Colo_rep9_Dep6_Tu50,2.475,0.000,0.012,0.746,6.831,33.253,3.149,0.000,0.000,10.546,8.463,2.262,32.263
Colo_rep3_Dep6_Tu0.3,0.000,0.000,0.716,0.000,6.081,1.516,3.152,0.000,0.000,10.738,8.018,5.560,64.219
Colo_rep1_Dep6_Tu3,1.612,0.000,0.427,0.000,3.865,3.616,3.141,0.000,0.000,10.856,10.513,4.463,61.507
Br62_rep5_Dep6_Tu0.5,0.173,0.000,0.000,0.000,7.491,1.989,3.323,0.000,0.000,10.271,9.066,3.914,63.773
Br62_rep5_Dep6_Tu3,3.205,0.000,0.000,1.254,5.279,1.059,3.554,0.000,0.000,11.603,7.889,3.696,62.460
Br62_rep6_Dep6_Tu30,24.256,0.000,1.131,3.177,6.149,0.000,2.831,1.941,3.807,5.859,5.699,2.154,42.995
Br62_rep7_Dep6_Tu20,18.646,0.000,0.000,2.014,6.178,0.000,2.934,0.000,0.000,10.102,7.113,2.945,50.067
Br62_rep2_Dep6_Tu40,32.064,2.184,1.182,4.250,4.312,0.000,2.142,0.000,5.104,3.234,4.759,1.750,39.018
Br62_rep8_Dep6_Tu0.5,0.564,0.000,0.568,0.000,6.123,1.292,3.048,0.000,0.000,10.843,7.974,5.598,63.991
Br62_rep5_Dep6_Tu2,1.561,0.150,0.000,0.000,6.363,2.220,2.059,0.000,1.479,10.061,9.653,4.256,62.198
Br62_rep4_Dep6_Tu50,38.665,0.000,2.800,6.384,2.046,0.000,1.961,1.884,3.537,4.347,4.559,0.214,33.602
Br62_rep8_Dep6_Tu40,33.773,0.000,1.829,3.115,3.248,0.000,2.842,2.648,0.494,7.462,4.603,0.753,39.232
Br62_rep7_Dep6_Tu2,1.399,0.000,0.471,0.000,4.610,2.055,2.899,0.000,0.000,11.819,9.906,4.278,62.564
Br62_rep9_Dep6_Tu40,33.294,0.415,3.131,3.088,4.775,0.000,2.045,2.236,0.000,5.089,5.497,1.229,39.201
Br62_rep10_Dep6_Tu2,1.938,0.000,0.981,0.000,6.563,1.574,2.766,0.000,0.000,11.150,7.998,4.779,62.251
Br62_rep6_Dep6_Tu10,9.410,0.806,1.601,1.359,5.939,0.474,1.923,0.000,0.000,9.676,7.971,3.923,56.917
Br62_rep2_Dep6_Tu2,3.391,0.000,0.000,0.000,4.253,2.383,3.907,0.000,0.000,11.274,9.997,3.160,61.635
Br62_rep9_Dep6_Tu5,6.110,0.657,0.000,0.000,6.839,1.137,3.276,0.000,0.000,8.258,10.026,4.385,59.312
Br62_rep6_Dep6_Tu40,30.494,0.000,1.564,4.629,5.473,0.000,0.157,2.929,1.290,8.588,5.623,0.874,38.381
Br62_rep4_Dep6_Tu20,16.962,0.000,2.331,1.808,5.338,0.000,2.054,0.000,1.106,10.347,7.404,2.916,49.734
Br62_rep9_Dep6_Tu1,1.942,0.000,0.998,0.000,7.068,1.398,3.309,0.000,0.000,9.707,9.348,3.717,62.513
Br62_rep1_Dep6_Tu0.3,0.845,0.000,0.431,0.000,4.770,2.512,2.940,0.000,0.000,10.352,11.584,4.257,62.309
Br62_rep3_Dep6_Tu5,3.352,0.000,1.384,0.697,7.155,1.344,1.701,0.000,0.000,11.616,7.825,5.031,59.894
Br62_rep9_Dep6_Tu50,38.148,0.000,2.974,6.067,4.214,0.000,3.750,2.939,0.498,4.491,3.584,0.447,32.886
Br62_rep5_Dep6_Tu30,23.974,0.000,1.274,1.598,5.775,0.000,2.363,0.241,3.029,9.393,6.028,1.895,44.430
Br62_rep9_Dep6_Tu0.5,0.000,0.000,0.005,0.000,7.228,1.602,2.645,0.000,0.000,12.772,8.977,3.931,62.839
Br62_rep1_Dep6_Tu20,17.407,0.657,0.000,2.583,6.604,0.000,0.200,0.000,2.550,9.476,7.631,2.079,50.812
Br62_rep4_Dep6_Tu2,1.363,0.896,0.000,0.036,9.000,1.756,2.936,0.000,0.396,8.596,9.508,3.810,61.702
Br62_rep8_Dep6_Tu3,2.820,1.306,0.939,0.477,6.373,0.854,1.957,0.000,0.000,11.390,8.103,3.949,61.832
Br62_rep2_Dep6_Tu5,6.669,0.679,0.542,0.710,6.469,0.396,1.293,0.000,0.000,11.226,7.563,4.274,60.181
Br62_rep2_Dep6_Tu1,1.786,0.442,0.000,0.000,6.031,1.555,2.725,0.000,0.000,10.524,10.404,4.114,62.420
Br62_rep8_Dep6_Tu1,3.675,0.000,0.000,0.000,6.204,1.621,3.786,0.000,0.000,7.683,9.997,4.151,62.884
Br62_rep10_Dep6_Tu0.1,0.676,0.030,0.723,0.000,7.487,1.988,3.245,0.000,0.000,9.139,9.930,4.566,62.215
Br62_rep3_Dep6_Tu40,31.049,2.688,2.199,2.921,3.993,0.000,1.677,3.658,0.817,4.441,4.757,3.129,38.670
Br62_rep8_Dep6_Tu0.3,0.000,0.000,0.000,0.000,5.131,2.451,4.430,0.000,0.000,10.377,8.431,4.063,65.117
Br62_rep4_Dep6_Tu0.5,2.333,0.069,0.000,0.000,6.421,1.901,2.479,0.000,0.000,9.879,9.942,4.970,62.006
Br62_rep6_Dep6_Tu50,36.862,0.245,3.211,6.209,4.679,0.000,0.000,3.080,2.377,6.988,4.045,0.000,32.306
Br62_rep7_Dep6_Tu0.1,0.744,0.000,0.000,0.000,4.984,1.921,3.681,0.000,0.000,11.521,9.142,3.829,64.180
Br62_rep9_Dep6_Tu30,25.288,4.488,1.157,2.257,6.198,0.000,1.621,0.000,0.000,6.668,5.217,3.663,43.442
Br62_rep6_Dep6_Tu20,16.852,0.993,0.957,1.566,6.580,0.000,2.841,0.000,2.827,6.566,6.034,3.573,51.212
Br62_rep5_Dep6_Tu5,5.526,0.000,0.000,0.383,8.612,0.751,1.719,0.000,0.763,10.828,8.510,4.012,58.895
Br62_rep4_Dep6_Tu40,29.259,0.000,1.417,3.568,6.938,0.000,1.847,0.469,4.446,8.419,5.517,1.082,37.038
Br62_rep8_Dep6_Tu0.1,0.000,0.000,0.574,0.000,5.981,2.147,4.492,0.000,0.000,10.677,10.183,3.883,62.063
Br62_rep1_Dep6_Tu40,30.387,2.477,0.065,5.662,3.991,0.000,2.974,0.319,6.276,3.848,5.026,0.493,38.482
Br62_rep3_Dep6_Tu30,24.655,0.000,1.168,2.272,7.094,0.000,1.920,0.000,2.475,10.948,4.273,1.194,44.001
Br62_rep7_Dep6_Tu0.5,0.000,1.236,0.437,0.000,7.213,1.733,3.337,0.000,0.000,9.125,7.558,5.944,63.416
Br62_rep1_Dep6_Tu10,9.304,0.000,0.000,1.394,6.162,0.475,3.400,0.000,0.000,11.803,7.752,3.347,56.363
Br62_rep10_Dep6_Tu20,19.527,0.000,1.625,2.443,3.965,0.000,2.640,0.000,2.434,7.200,7.848,2.149,50.168
Br62_rep1_Dep6_Tu5,4.141,1.622,0.737,0.000,6.953,1.364,2.832,0.000,0.000,9.626,8.580,4.346,59.800
Br62_rep3_Dep6_Tu50,37.631,1.360,2.127,5.287,1.809,0.000,2.607,3.362,1.118,5.234,4.520,2.160,32.786
Br62_rep1_Dep6_Tu3,3.372,0.000,0.937,0.000,4.045,1.724,3.058,0.000,0.000,10.316,10.388,4.600,61.561
Br62_rep7_Dep6_Tu30,26.381,2.323,0.000,2.312,3.738,0.000,2.758,0.000,0.059,9.574,5.293,2.588,44.975
Br62_rep6_Dep6_Tu1,1.710,0.000,0.002,0.000,6.210,1.675,3.063,0.000,0.000,10.666,8.590,4.777,63.307
Br62_rep1_Dep6_Tu0.5,0.225,0.000,1.548,0.000,5.851,1.328,2.569,0.000,0.000,12.141,9.650,3.672,63.015
Br62_rep1_Dep6_Tu0.1,0.244,0.000,0.000,0.000,6.112,2.237,4.065,0.000,0.000,9.667,8.901,4.285,64.489
Br62_rep9_Dep6_Tu3,3.164,0.000,0.296,0.653,8.179,0.638,1.492,0.000,0.000,10.723,9.089,4.584,61.183
Br62_rep5_Dep6_Tu40,31.191,0.000,0.205,4.150,5.571,0.000,3.294,1.573,3.716,6.101,4.316,2.006,37.876
Br62_rep10_Dep6_Tu3,2.143,0.000,0.677,0.002,6.202,1.387,3.238,0.000,0.000,11.329,8.645,4.187,62.190
Br62_rep2_Dep6_Tu0.3,0.800,1.437,0.429,0.000,6.398,1.211,2.048,0.000,0.000,11.280,8.622,4.579,63.198
Br62_rep10_Dep6_Tu40,28.559,2.217,3.178,3.331,4.402,0.000,2.374,0.000,3.062,8.462,4.319,2.373,37.724
Br62_rep3_Dep6_Tu2,2.439,0.000,0.762,0.000,5.051,2.159,3.711,0.000,0.000,9.875,9.236,5.019,61.747
Br62_rep5_Dep6_Tu1,2.201,0.000,0.000,0.000,6.208,1.801,2.904,0.000,0.000,9.208,10.823,5.205,61.649
Br62_rep4_Dep6_Tu1,1.145,2.538,0.000,0.000,7.310,1.653,1.877,0.000,0.000,8.180,11.185,4.422,61.690
Br62_rep10_Dep6_Tu0.5,1.043,0.249,0.139,0.000,7.148,1.856,2.806,0.000,0.000,10.152,9.870,4.614,62.120
Br62_rep5_Dep6_Tu20,18.631,0.839,1.820,1.469,6.997,0.000,3.060,0.000,0.000,7.133,6.969,3.425,49.658
Br62_rep6_Dep6_Tu0.3,0.000,0.000,0.754,0.000,6.652,1.432,3.191,0.000,0.000,10.671,9.883,4.050,63.366
Br62_rep9_Dep6_Tu0.3,0.107,0.000,0.135,0.000,4.480,2.568,4.504,0.000,0.000,10.358,8.519,4.147,65.183
Br62_rep2_Dep6_Tu20,18.143,0.000,0.828,1.421,6.492,0.000,4.038,0.000,0.000,8.564,6.575,2.664,51.275
Br62_rep6_Dep6_Tu0.5,0.367,0.000,0.634,0.000,8.362,1.544,2.846,0.000,0.000,10.517,8.443,4.115,63.172
Br62_rep8_Dep6_Tu10,10.687,0.444,0.000,1.784,6.251,0.055,2.847,0.000,0.600,9.323,7.966,3.520,56.522
Br62_rep2_Dep6_Tu0.1,0.000,0.862,0.000,0.000,8.710,1.551,1.823,0.000,0.000,10.668,9.469,4.648,62.270
Br62_rep5_Dep6_Tu10,10.061,0.000,0.837,1.097,6.421,0.351,2.749,0.000,0.000,9.076,9.252,2.515,57.642
Br62_rep10_Dep6_Tu10,9.732,0.549,0.449,0.860,5.847,0.696,4.114,0.000,0.000,8.163,9.020,3.548,57.021
Br62_rep4_Dep6_Tu10,9.893,2.959,0.038,0.693,6.087,0.629,1.882,0.000,0.000,9.618,9.128,2.504,56.569
Br62_rep3_Dep6_Tu0.1,0.658,0.660,0.000,0.000,8.467,1.528,2.308,0.000,0.000,10.020,10.500,3.745,62.113
Br62_rep2_Dep6_Tu50,38.733,0.000,3.693,4.197,4.282,0.000,3.435,1.191,2.348,4.406,4.889,0.669,32.157
Br62_rep9_Dep6_Tu10,9.230,0.000,0.000,1.111,6.532,0.784,3.530,0.000,0.000,9.015,8.860,4.292,56.647
Br62_rep5_Dep6_Tu0.3,0.793,0.000,0.000,0.000,7.203,1.706,2.958,0.000,0.708,11.392,9.205,4.221,61.815
Br62_rep8_Dep6_Tu50,36.694,0.000,2.977,4.645,5.009,0.000,4.344,1.974,3.595,4.161,3.404,0.712,32.486
Br62_rep4_Dep6_Tu0.3,0.889,0.000,0.417,0.000,5.767,1.790,2.685,0.000,0.000,12.113,8.427,5.114,62.798
Br62_rep7_Dep6_Tu1,0.577,0.000,0.005,0.000,7.104,1.858,2.433,0.000,0.000,12.251,8.265,4.068,63.439
Br62_rep3_Dep6_Tu0.5,0.000,0.000,0.808,0.000,6.534,1.470,3.198,0.000,0.000,10.934,9.760,4.080,63.217
Br62_rep7_Dep6_Tu40,29.619,0.675,2.746,3.774,4.676,0.000,1.942,0.000,4.872,6.939,4.303,2.678,37.777
Br62_rep2_Dep6_Tu3,3.931,0.000,0.000,0.000,7.230,1.434,2.441,0.000,0.000,9.471,9.846,4.707,60.940
Br62_rep2_Dep6_Tu0.5,0.000,0.000,0.048,0.000,7.339,2.150,2.551,0.000,0.000,10.022,8.836,4.925,64.128
Br62_rep1_Dep6_Tu50,37.697,0.000,3.182,4.791,3.148,0.000,3.125,1.996,3.519,4.623,3.888,0.312,33.719
Br62_rep3_Dep6_Tu3,3.114,0.754,1.320,0.000,5.086,1.085,4.761,0.000,0.000,10.541,8.111,3.814,61.413
Br62_rep7_Dep6_Tu3,3.372,0.490,0.000,0.000,7.284,1.405,2.245,0.000,0.000,11.466,8.894,4.746,60.097
Br62_rep3_Dep6_Tu0.3,0.169,0.000,0.734,0.000,6.120,1.439,3.162,0.000,0.000,10.531,7.967,5.567,64.310
Br62_rep8_Dep6_Tu30,23.322,0.000,3.568,2.806,6.588,0.000,3.278,0.000,1.291,6.135,7.040,1.773,44.199
Br62_rep4_Dep6_Tu30,23.574,0.000,1.481,2.957,6.003,0.000,2.939,0.000,1.863,9.270,5.415,2.620,43.877
Br62_rep6_Dep6_Tu3,3.685,0.000,0.000,0.000,5.918,1.285,4.994,0.000,0.000,9.865,8.335,4.238,61.679
Br62_rep4_Dep6_Tu0.1,1.703,0.000,0.000,0.000,3.625,2.004,4.245,0.000,0.000,10.006,9.529,4.999,63.887
Br62_rep8_Dep6_Tu5,5.841,0.425,0.000,0.000,7.671,1.037,2.359,0.000,0.000,9.617,9.515,4.227,59.308
Br62_rep10_Dep6_Tu50,37.268,3.296,4.367,4.632,3.361,0.000,0.321,2.408,4.004,3.288,4.469,0.635,31.951
Br62_rep10_Dep6_Tu0.3,0.000,0.428,0.000,0.000,4.126,2.768,3.829,0.000,0.000,11.051,10.476,4.369,62.953
Br62_rep3_Dep6_Tu20,17.618,0.000,0.435,2.198,6.256,0.000,2.189,0.000,0.000,10.123,7.075,1.734,52.373
Br62_rep1_Dep6_Tu1,0.318,0.000,0.720,0.000,7.946,1.562,2.304,0.000,0.000,10.607,9.588,5.364,61.592
Br62_rep3_Dep6_Tu1,0.820,0.000,0.000,0.000,7.110,1.869,3.740,0.000,0.000,9.323,9.291,5.125,62.722
Br62_rep9_Dep6_Tu2,1.318,0.000,0.000,0.000,5.838,2.327,4.134,0.000,0.000,10.455,8.681,4.507,62.738
Br62_rep7_Dep6_Tu50,36.127,2.058,1.691,5.750,3.460,0.000,3.371,0.807,3.708,7.483,3.429,0.142,31.975
Br62_rep7_Dep6_Tu5,6.839,0.000,0.000,0.000,6.148,1.416,3.019,0.000,0.000,9.270,9.794,3.772,59.742
Br62_rep8_Dep6_Tu2,3.022,0.000,0.000,0.000,6.294,1.688,2.596,0.000,0.000,9.748,10.594,4.888,61.170
Br62_rep5_Dep6_Tu0.1,0.007,0.000,0.951,0.000,6.401,1.946,3.235,0.000,0.000,9.657,9.967,4.216,63.619
Br62_rep6_Dep6_Tu5,4.497,0.000,0.482,0.000,4.499,1.628,3.275,0.000,0.000,11.250,9.382,3.975,61.012
Br62_rep9_Dep6_Tu20,17.002,0.987,0.281,2.151,5.061,0.000,2.506,0.000,0.000,9.351,7.433,3.793,51.435
Br62_rep2_Dep6_Tu30,26.219,0.411,1.306,2.881,3.717,0.000,0.936,0.712,2.175,9.187,5.435,1.883,45.136
Br62_rep7_Dep6_Tu10,8.024,0.000,0.152,1.586,5.804,0.614,3.307,0.000,0.000,12.186,7.565,2.960,57.801
Br62_rep6_Dep6_Tu0.1,1.059,0.000,0.000,0.000,3.867,2.260,4.430,0.000,0.000,12.630,8.790,3.882,63.082
Br62_rep5_Dep6_Tu50,38.410,2.095,2.710,5.390,3.587,0.000,1.090,0.326,3.830,4.392,5.446,0.385,32.339
Br62_rep10_Dep6_Tu1,0.690,0.126,0.362,0.000,6.870,1.586,2.066,0.000,0.775,11.383,10.145,4.638,61.359
Br62_rep1_Dep6_Tu30,24.390,0.000,1.241,3.098,5.762,0.000,2.112,0.361,0.000,7.880,5.501,4.438,45.217
Br62_rep7_Dep6_Tu0.3,0.543,0.703,0.000,0.000,6.030,2.045,2.746,0.000,0.000,10.036,9.561,4.369,63.969
Br62_rep2_Dep6_Tu10,8.708,0.000,0.096,1.406,7.607,0.413,2.151,0.000,0.000,11.030,7.386,4.447,56.757
Br62_rep9_Dep6_Tu0.1,0.183,0.000,0.654,0.000,7.572,2.070,2.297,0.000,2.809,7.956,9.893,5.076,61.489
Br62_rep3_Dep6_Tu10,11.246,0.000,0.000,1.018,2.754,0.780,4.279,0.000,0.000,10.017,9.006,4.426,56.474
Br62_rep4_Dep6_Tu5,4.794,0.175,0.359,0.355,6.933,1.045,2.862,0.000,0.846,10.510,9.426,3.780,58.915
Br62_rep8_Dep6_Tu20,13.266,0.000,2.092,3.828,7.663,0.000,1.361,0.000,0.631,11.034,6.578,2.484,51.064
Br62_rep1_Dep6_Tu2,3.358,0.000,0.429,0.000,6.741,1.288,2.402,0.000,0.000,11.070,9.063,3.980,61.667
Br62_rep10_Dep6_Tu5,4.221,2.482,0.000,0.177,7.682,1.051,2.825,0.000,1.292,10.617,7.680,3.153,58.819
Br62_rep10_Dep6_Tu30,22.090,0.000,1.696,2.847,6.268,0.000,1.858,0.000,5.501,8.287,5.244,1.105,45.104
Br62_rep6_Dep6_Tu2,1.300,0.083,0.029,0.204,4.174,2.558,4.056,0.000,0.000,11.229,10.249,4.327,61.793
Br62_rep4_Dep6_Tu3,4.139,1.099,0.000,0.494,6.085,1.170,3.521,0.000,0.000,9.632,9.066,3.408,61.387
Br66_rep4_Dep6_Tu50,48.559,0.000,0.943,6.233,1.207,0.000,0.715,0.000,0.000,0.957,5.984,2.184,33.218
Br66_rep3_Dep6_Tu0.5,0.000,0.000,0.757,0.000,6.579,1.445,2.980,0.000,0.000,11.054,10.012,3.949,63.224
Br66_rep2_Dep6_Tu3,4.134,0.000,0.000,0.000,6.844,1.820,2.359,0.000,0.000,8.836,10.106,4.587,61.314
Br66_rep6_Dep6_Tu40,37.626,0.000,2.070,5.148,2.898,0.000,0.000,0.000,0.000,4.200,7.412,2.240,38.406
Br66_rep9_Dep6_Tu0.1,0.490,0.000,0.703,0.000,6.894,2.100,2.327,0.000,2.508,8.506,10.018,4.945,61.509
Br66_rep9_Dep6_Tu5,6.723,0.000,0.000,0.080,5.922,1.615,2.692,0.000,0.000,9.325,9.821,4.529,59.292
Br66_rep10_Dep6_Tu1,1.075,0.623,1.239,0.000,6.521,1.207,2.059,0.000,0.000,11.498,8.555,4.348,62.875
Br66_rep6_Dep6_Tu20,20.692,0.000,2.088,2.223,5.221,0.377,1.125,0.000,0.000,4.865,6.715,5.084,51.610
Br66_rep10_Dep6_Tu30,29.206,0.000,0.018,4.221,3.983,0.116,0.771,0.000,0.000,7.550,6.629,2.667,44.841
Br66_rep10_Dep6_Tu5,5.668,0.000,0.000,0.000,3.890,2.124,3.426,0.000,0.000,10.191,9.571,4.438,60.694
Br66_rep7_Dep6_Tu1,0.771,0.099,0.000,0.000,6.950,1.928,2.314,0.000,0.000,12.142,8.216,4.010,63.570
Br66_rep6_Dep6_Tu0.3,0.000,0.000,0.804,0.000,6.353,1.472,3.199,0.000,0.000,10.823,9.781,4.062,63.505
Br66_rep1_Dep6_Tu30,29.755,0.000,1.220,3.197,6.248,0.000,0.332,0.000,0.000,5.439,5.924,3.398,44.487
Br66_rep3_Dep6_Tu1,1.133,0.000,0.000,0.000,6.759,2.007,3.687,0.000,0.000,9.266,9.366,5.014,62.768
Br66_rep3_Dep6_Tu30,30.605,0.000,0.499,3.670,5.536,0.000,0.938,0.000,0.000,4.569,6.985,2.767,44.429
Br66_rep9_Dep6_Tu1,2.057,0.000,0.852,0.000,6.726,1.401,3.316,0.000,0.000,10.077,9.301,3.705,62.565
Br66_rep9_Dep6_Tu40,37.140,1.387,0.419,5.427,5.115,0.000,0.393,0.000,0.000,2.853,6.178,2.420,38.668
Br66_rep5_Dep6_Tu1,2.096,0.000,0.121,0.000,6.011,1.872,2.898,0.000,0.000,9.606,10.800,4.956,61.639
Br66_rep2_Dep6_Tu5,5.366,0.672,0.586,0.187,6.051,1.196,1.653,0.000,0.000,11.024,7.829,4.757,60.680
Br66_rep5_Dep6_Tu30,28.567,0.000,1.740,2.371,5.707,0.000,0.316,0.000,0.000,6.770,7.897,2.996,43.636
Br66_rep7_Dep6_Tu50,45.406,0.525,0.986,6.622,4.646,0.000,0.000,0.000,0.000,0.303,5.990,2.778,32.744
Br66_rep4_Dep6_Tu40,35.599,0.000,2.099,4.903,4.690,0.067,1.542,0.000,0.000,3.705,6.849,2.169,38.378
Br66_rep8_Dep6_Tu5,6.837,0.000,0.000,0.000,7.059,1.599,2.335,0.000,0.000,8.349,9.586,4.433,59.801
Br66_rep9_Dep6_Tu2,1.904,0.000,0.000,0.000,6.005,2.292,2.794,0.000,0.000,10.817,9.043,4.454,62.690
Br66_rep6_Dep6_Tu30,30.108,0.000,0.208,3.097,5.724,0.417,1.727,0.000,1.929,3.974,6.433,2.211,44.171
Br66_rep4_Dep6_Tu0.1,1.488,0.000,0.018,0.000,3.621,2.080,4.295,0.000,0.000,10.133,9.566,4.953,63.846
Br66_rep5_Dep6_Tu10,10.761,0.338,1.184,0.937,4.791,1.416,1.826,0.000,0.000,7.263,9.961,3.144,58.380
Br66_rep3_Dep6_Tu40,38.046,0.000,3.310,4.658,3.574,0.000,0.000,0.000,0.000,2.319,7.186,1.987,38.919
Br66_rep9_Dep6_Tu0.5,0.000,0.000,0.000,0.000,6.939,1.699,2.559,0.000,0.000,12.713,9.030,3.994,63.066
Br66_rep8_Dep6_Tu2,2.920,0.000,0.000,0.000,6.255,1.708,2.698,0.000,0.000,9.795,10.281,4.723,61.620
Br66_rep10_Dep6_Tu2,1.535,0.746,0.000,0.000,7.161,1.702,3.721,0.000,0.000,8.341,9.193,4.661,62.938
Br66_rep6_Dep6_Tu0.1,1.141,0.000,0.000,0.000,3.546,2.270,4.440,0.000,0.000,13.005,8.891,3.695,63.011
Br66_rep5_Dep6_Tu0.5,0.132,0.000,0.000,0.000,7.375,1.961,3.253,0.000,0.000,10.630,8.815,4.082,63.754
Br66_rep2_Dep6_Tu20,22.431,0.000,0.159,1.867,5.390,0.000,1.860,0.000,0.000,6.464,7.354,3.123,51.352
Br66_rep4_Dep6_Tu0.5,1.869,0.377,0.000,0.000,6.236,2.067,2.506,0.000,0.000,10.062,9.954,4.997,61.931
Br66_rep4_Dep6_Tu5,6.708,0.000,0.000,0.906,5.983,0.957,2.706,0.000,0.175,10.527,9.538,3.994,58.506
Br66_rep8_Dep6_Tu0.5,0.664,0.000,0.711,0.000,6.001,1.377,3.286,0.000,0.000,10.321,7.842,5.516,64.283
Br66_rep5_Dep6_Tu20,23.166,1.568,1.012,0.590,4.502,1.293,2.348,0.000,0.000,2.109,8.730,4.455,50.227
Br66_rep1_Dep6_Tu3,4.555,0.000,0.767,0.000,3.090,1.852,2.675,0.000,0.000,10.334,10.760,4.558,61.409
Br66_rep10_Dep6_Tu10,9.887,1.212,0.602,0.529,4.936,1.571,4.292,0.000,0.000,6.698,8.723,4.427,57.122
Br66_rep3_Dep6_Tu10,11.440,0.000,0.000,0.301,3.338,1.620,4.349,0.000,0.000,7.652,9.203,4.835,57.262
Br66_rep10_Dep6_Tu40,37.343,0.000,2.182,4.534,5.339,0.000,0.495,0.000,0.000,2.774,4.527,3.018,39.788
Br66_rep1_Dep6_Tu50,47.106,0.000,2.348,6.703,4.040,0.000,0.737,0.000,0.000,0.000,4.946,1.589,32.532
Br66_rep10_Dep6_Tu0.5,0.986,0.474,0.094,0.000,5.739,1.864,3.410,0.000,0.000,12.103,8.948,3.345,63.037
Br66_rep1_Dep6_Tu0.3,0.746,0.000,0.520,0.000,4.576,2.554,3.002,0.000,0.000,10.211,11.562,4.357,62.472
Br66_rep10_Dep6_Tu0.1,0.526,0.000,0.000,0.000,6.511,1.748,3.558,0.000,0.000,9.937,9.787,5.292,62.641
Br66_rep8_Dep6_Tu40,36.113,0.000,2.437,4.414,5.217,0.000,1.499,0.000,0.000,3.854,5.748,2.029,38.688
Br66_rep3_Dep6_Tu20,20.270,0.000,0.787,2.088,4.644,1.036,2.008,0.000,0.000,5.541,7.126,3.854,52.647
Br66_rep9_Dep6_Tu0.3,0.043,0.000,0.163,0.000,4.629,2.532,4.636,0.000,0.000,10.462,8.335,3.985,65.216
Br66_rep7_Dep6_Tu0.3,0.363,0.678,0.000,0.000,5.823,2.180,2.715,0.000,0.000,10.343,9.590,4.251,64.057
Br66_rep5_Dep6_Tu2,1.207,0.000,0.347,0.000,6.224,2.526,2.596,0.000,1.889,9.259,9.329,4.091,62.531
Br66_rep5_Dep6_Tu0.3,0.687,0.000,0.119,0.000,6.928,1.778,2.995,0.000,0.976,11.194,9.274,4.104,61.945
Br66_rep6_Dep6_Tu5,3.818,0.000,1.178,0.000,3.874,2.294,2.951,0.000,0.000,10.944,9.653,4.183,61.106
Br66_rep5_Dep6_Tu3,3.034,0.000,0.119,0.689,5.408,1.761,3.571,0.000,0.000,10.602,8.381,4.203,62.232
Br66_rep1_Dep6_Tu5,4.333,0.000,0.282,0.091,6.791,1.705,3.562,0.000,0.000,10.334,8.482,4.161,60.260
Br66_rep6_Dep6_Tu10,10.174,1.608,1.530,0.838,4.392,1.491,1.724,0.000,0.000,7.992,8.933,3.746,57.572
Br66_rep3_Dep6_Tu5,6.283,0.000,0.788,0.504,6.423,1.159,2.733,0.000,0.000,10.170,8.032,4.460,59.449
Br66_rep1_Dep6_Tu1,0.643,0.000,0.829,0.000,7.640,1.582,2.549,0.000,0.000,10.027,9.546,5.191,61.994
Br66_rep4_Dep6_Tu30,27.503,0.000,1.632,3.561,6.849,0.000,0.940,0.000,0.000,6.108,6.879,2.509,44.019
Br66_rep8_Dep6_Tu20,18.909,0.000,1.767,3.179,7.348,0.479,0.239,0.000,0.000,5.812,7.098,3.482,51.688
Br66_rep4_Dep6_Tu10,11.734,1.298,0.377,0.050,6.068,1.568,1.667,0.000,0.000,7.846,10.382,2.428,56.583
Br66_rep2_Dep6_Tu1,1.177,0.427,0.000,0.000,5.667,1.813,3.154,0.000,0.000,10.294,10.407,4.284,62.777
Br66_rep6_Dep6_Tu2,1.329,0.853,0.106,0.058,3.751,2.754,3.599,0.000,0.000,11.219,10.393,4.164,61.774
Br66_rep6_Dep6_Tu0.5,0.471,0.000,0.782,0.000,8.064,1.569,2.870,0.000,0.000,10.724,8.499,3.959,63.062
Br66_rep5_Dep6_Tu0.1,0.234,0.000,0.851,0.000,6.221,1.944,3.246,0.000,0.000,9.674,10.087,4.174,63.568
Br66_rep2_Dep6_Tu2,3.798,0.000,0.000,0.000,3.891,2.540,4.047,0.000,0.000,10.720,10.296,3.266,61.441
Br66_rep10_Dep6_Tu50,44.787,0.000,1.331,6.579,4.051,0.250,0.590,0.000,0.000,3.341,5.203,1.281,32.587
Br66_rep7_Dep6_Tu3,3.524,0.000,0.072,0.342,6.953,1.646,1.654,0.000,0.000,11.414,9.217,4.929,60.250
Br66_rep7_Dep6_Tu10,10.441,0.000,1.046,1.192,5.365,1.102,2.666,0.000,0.000,9.917,8.231,3.066,56.974
Br66_rep2_Dep6_Tu0.5,0.000,0.000,0.034,0.000,7.270,2.197,2.690,0.000,0.000,10.028,8.799,4.902,64.080
Br66_rep5_Dep6_Tu50,44.968,0.000,2.967,6.421,3.228,0.000,0.000,0.000,0.000,1.426,6.406,1.399,33.186
Br66_rep9_Dep6_Tu20,21.458,0.000,0.710,2.191,4.667,0.388,0.537,0.000,0.000,8.020,7.161,3.899,50.969
Br66_rep8_Dep6_Tu3,3.232,0.312,0.839,0.289,6.221,1.248,2.377,0.000,0.000,11.081,8.733,4.160,61.508
Br66_rep9_Dep6_Tu10,9.265,0.000,0.596,0.662,6.362,1.344,3.256,0.000,0.000,8.181,9.085,3.914,57.336
Br66_rep7_Dep6_Tu2,1.125,0.000,0.480,0.000,4.481,2.142,2.846,0.000,0.000,11.819,9.868,4.460,62.780
Br66_rep6_Dep6_Tu3,3.306,0.000,0.000,0.000,6.108,1.578,4.363,0.000,0.000,10.079,8.334,4.268,61.964
Br66_rep1_Dep6_Tu0.5,0.148,0.000,1.697,0.000,5.576,1.350,2.281,0.000,0.000,12.552,9.453,3.737,63.207
Br66_rep2_Dep6_Tu40,39.243,1.223,1.983,4.229,1.282,0.723,1.298,0.000,0.000,0.000,6.303,3.311,40.406
Br66_rep1_Dep6_Tu2,3.832,0.000,0.161,0.000,6.427,1.426,2.292,0.000,0.000,10.641,8.954,4.194,62.074
Br66_rep8_Dep6_Tu1,3.197,0.000,0.000,0.000,6.055,2.021,3.763,0.000,0.000,7.523,10.351,4.187,62.903
Br66_rep4_Dep6_Tu3,3.430,2.442,0.080,0.520,5.650,1.544,3.181,0.000,0.000,8.619,8.924,4.013,61.596
Br66_rep7_Dep6_Tu40,36.267,0.640,1.941,4.249,6.406,0.676,0.294,0.000,0.000,2.024,6.617,3.643,37.243
Br66_rep7_Dep6_Tu0.5,0.000,1.445,0.424,0.000,7.079,1.764,3.506,0.000,0.000,9.070,7.504,5.840,63.368
Br66_rep2_Dep6_Tu30,27.808,0.000,0.918,4.694,4.910,0.000,0.000,0.000,0.000,7.834,5.878,2.681,45.277
Br66_rep2_Dep6_Tu0.1,0.000,0.885,0.000,0.000,8.586,1.561,1.752,0.000,0.000,10.715,9.530,4.778,62.193
Br66_rep7_Dep6_Tu0.1,0.693,0.000,0.000,0.000,4.894,1.977,3.577,0.000,0.000,11.572,9.361,3.803,64.124
Br66_rep1_Dep6_Tu40,36.860,0.000,0.678,6.565,4.317,0.000,0.974,0.000,0.000,4.316,5.607,1.591,39.092
Br66_rep7_Dep6_Tu5,6.651,0.000,0.000,0.000,5.341,2.031,2.784,0.000,0.000,8.535,10.518,4.031,60.111
Br66_rep4_Dep6_Tu1,1.207,1.969,0.013,0.000,7.344,1.676,1.895,0.000,0.000,8.259,11.121,4.689,61.829
Br66_rep8_Dep6_Tu0.1,0.000,0.000,0.621,0.000,5.863,2.183,4.434,0.000,0.000,10.858,10.247,3.798,61.996
Br66_rep4_Dep6_Tu2,2.200,0.398,0.000,0.012,9.321,2.003,2.735,0.000,0.715,7.471,9.779,3.838,61.528
Br66_rep1_Dep6_Tu0.1,0.044,0.000,0.049,0.000,6.154,2.290,3.969,0.000,0.000,9.687,9.037,4.293,64.478
Br66_rep2_Dep6_Tu10,10.994,0.000,1.142,0.832,4.654,1.099,1.786,0.000,0.000,10.536,7.570,4.304,57.084
Br66_rep4_Dep6_Tu20,18.659,0.000,2.489,2.264,5.299,0.528,1.275,0.000,0.000,9.128,7.003,3.284,50.071
Br66_rep4_Dep6_Tu0.3,1.075,0.000,0.516,0.000,5.551,1.764,2.789,0.000,0.000,12.391,8.366,4.893,62.656
Br66_rep10_Dep6_Tu3,5.080,0.000,0.461,0.000,6.457,2.008,3.430,0.000,0.000,7.744,8.170,4.525,62.124
Br66_rep1_Dep6_Tu20,21.740,0.000,0.000,2.208,5.537,0.307,0.000,0.000,0.000,8.161,8.566,3.328,50.152
Br66_rep6_Dep6_Tu1,1.832,0.000,0.144,0.000,6.220,1.732,3.040,0.000,0.000,9.911,8.846,4.779,63.496
Br66_rep6_Dep6_Tu50,46.246,0.000,3.722,5.791,1.943,0.032,0.000,0.000,0.000,3.221,5.033,0.966,33.045
Br66_rep9_Dep6_Tu3,3.202,0.000,0.414,0.360,7.980,1.027,1.705,0.000,0.000,10.422,9.251,4.473,61.166
Br66_rep3_Dep6_Tu50,44.012,0.437,3.119,5.426,0.822,1.163,1.055,0.000,0.000,1.569,7.377,2.218,32.800
Br66_rep8_Dep6_Tu30,26.663,0.000,2.722,3.729,6.578,0.000,0.870,0.000,0.000,3.767,7.167,3.123,45.383
Br66_rep7_Dep6_Tu20,22.720,0.000,0.000,1.654,4.074,0.327,1.064,0.000,0.000,8.156,7.311,3.285,51.409
Br66_rep3_Dep6_Tu2,3.256,0.000,0.064,0.000,5.450,2.162,3.536,0.000,0.000,9.128,9.428,5.020,61.957
Br66_rep8_Dep6_Tu50,47.665,1.068,1.452,5.719,3.750,0.000,0.372,0.000,0.000,0.000,5.352,2.890,31.732
Br66_rep3_Dep6_Tu3,2.733,0.000,1.522,0.000,4.564,1.722,4.794,0.000,0.000,10.011,8.681,4.089,61.884
Br66_rep3_Dep6_Tu0.3,0.160,0.000,0.819,0.000,5.866,1.435,3.218,0.000,0.000,10.670,8.004,5.501,64.328
Br66_rep8_Dep6_Tu0.3,0.000,0.000,0.133,0.000,4.623,2.560,4.554,0.000,0.000,10.460,8.578,4.000,65.092
Br66_rep3_Dep6_Tu0.1,0.600,0.670,0.000,0.000,8.384,1.546,2.237,0.000,0.000,10.103,10.536,3.796,62.129
Br66_rep10_Dep6_Tu0.3,1.286,0.000,0.000,0.000,5.155,1.816,2.595,0.000,0.000,12.242,8.765,4.651,63.491
Br66_rep2_Dep6_Tu50,47.312,0.000,2.408,6.173,2.897,0.000,1.131,0.000,0.000,0.000,5.805,1.939,32.335
Br66_rep5_Dep6_Tu5,6.794,0.761,0.547,0.000,7.595,1.203,1.842,0.000,0.000,8.309,8.520,4.582,59.848
Br66_rep10_Dep6_Tu20,18.890,0.000,0.000,2.316,4.946,1.490,2.111,0.000,0.000,8.686,8.087,3.221,50.252
Br66_rep7_Dep6_Tu30,29.316,0.000,0.000,3.927,5.098,0.000,2.588,0.000,0.000,5.414,5.918,2.486,45.252
Br66_rep9_Dep6_Tu30,30.566,0.000,0.000,3.133,5.023,0.342,0.750,0.000,0.000,5.685,7.102,3.186,44.212
Br66_rep5_Dep6_Tu40,37.424,0.000,1.063,4.075,4.662,0.096,3.119,0.000,0.000,4.069,5.517,1.933,38.040
Br66_rep8_Dep6_Tu10,12.070,0.300,0.000,0.949,3.886,1.481,2.744,0.000,0.000,8.681,9.546,3.943,56.400
Br66_rep9_Dep6_Tu50,44.867,0.000,2.471,7.416,3.413,0.000,0.300,0.000,0.000,1.615,5.287,1.785,32.846
Br66_rep2_Dep6_Tu0.3,0.909,1.466,0.401,0.000,5.965,1.183,1.889,0.000,0.000,11.711,8.663,4.565,63.248
Br66_rep1_Dep6_Tu10,10.444,1.219,0.000,1.100,6.164,0.963,2.250,0.000,0.000,8.571,8.616,3.780,56.892
Cer77_rep9_Dep6_Tu3,0.668,0.246,2.322,1.890,8.628,0.229,1.505,0.000,0.272,11.624,8.645,4.424,59.548
Cer77_rep5_Dep6_Tu30,6.787,10.222,9.757,7.672,7.208,0.000,1.101,14.785,0.234,0.819,4.573,0.146,36.698
Cer77_rep3_Dep6_Tu30,5.342,11.800,12.131,7.877,6.806,0.000,0.274,13.492,0.000,0.744,4.380,0.000,37.153
Cer77_rep8_Dep6_Tu50,6.039,18.755,16.211,10.792,4.259,0.000,0.618,18.344,0.000,0.000,1.787,0.000,23.194
Cer77_rep1_Dep6_Tu1,0.000,0.000,1.352,0.000,7.783,1.408,2.205,0.000,0.000,11.421,9.431,5.349,61.051
Cer77_rep7_Dep6_Tu3,1.550,1.843,0.842,1.136,8.279,0.837,1.840,0.000,0.183,11.344,8.457,4.898,58.790
Cer77_rep10_Dep6_Tu2,0.066,1.700,0.339,0.854,7.746,1.350,4.032,0.000,0.000,8.538,8.981,4.208,62.184
Cer77_rep2_Dep6_Tu0.5,0.000,0.000,0.122,0.000,7.315,2.060,2.624,0.000,0.000,10.585,8.686,4.775,63.833
Cer77_rep3_Dep6_Tu20,4.434,7.656,9.161,6.313,6.707,0.000,1.479,7.365,0.000,4.165,5.347,1.817,45.556
Cer77_rep1_Dep6_Tu2,2.318,0.695,2.362,0.402,7.153,0.817,2.235,0.000,0.000,11.242,8.553,3.462,60.761
Cer77_rep2_Dep6_Tu5,2.002,4.801,2.170,2.702,5.679,0.020,1.606,0.000,1.452,9.913,7.192,3.868,58.596
Cer77_rep5_Dep6_Tu0.5,0.000,0.000,0.117,0.000,7.547,2.004,3.568,0.000,0.000,10.174,8.801,4.232,63.556
Cer77_rep2_Dep6_Tu50,5.211,17.932,18.189,10.471,3.968,0.000,0.017,17.505,0.000,0.000,2.778,0.000,23.929
Cer77_rep9_Dep6_Tu0.5,0.000,0.000,0.415,0.000,6.733,1.620,2.834,0.000,0.000,12.719,8.902,3.924,62.853
Cer77_rep4_Dep6_Tu10,3.320,6.764,3.948,3.530,5.276,0.116,2.563,1.166,0.056,9.274,8.862,2.256,52.869
Cer77_rep9_Dep6_Tu20,4.140,8.172,7.799,6.708,4.778,0.000,1.636,9.007,0.598,4.642,5.313,2.122,45.084
Cer77_rep3_Dep6_Tu10,4.362,3.896,4.806,2.538,5.207,0.000,3.668,0.414,0.000,10.501,7.109,4.081,53.418
Cer77_rep6_Dep6_Tu5,0.858,2.123,4.252,1.209,5.757,0.714,3.629,0.000,0.000,10.700,8.340,3.746,58.672
Cer77_rep5_Dep6_Tu1,1.548,0.000,0.298,0.000,6.615,1.689,2.984,0.000,0.000,10.140,10.630,4.850,61.244
Cer77_rep5_Dep6_Tu0.3,0.521,0.000,0.272,0.000,6.885,1.772,2.997,0.000,0.961,11.338,9.214,4.102,61.939
Cer77_rep4_Dep6_Tu50,5.647,17.456,15.780,10.908,4.951,0.000,0.000,18.988,0.000,0.000,2.234,0.000,24.036
Cer77_rep6_Dep6_Tu0.3,0.000,0.000,1.392,0.000,6.392,1.366,3.014,0.000,0.000,10.860,9.810,3.970,63.197
Cer77_rep4_Dep6_Tu40,3.001,15.309,15.096,9.599,7.334,0.000,0.100,16.223,0.000,0.000,3.691,0.000,29.648
Cer77_rep10_Dep6_Tu5,3.269,3.380,1.855,0.950,4.591,1.157,3.713,0.128,1.005,9.648,8.637,3.678,57.990
Cer77_rep3_Dep6_Tu1,0.287,0.000,0.788,0.000,6.625,2.042,3.940,0.000,0.000,9.505,9.270,5.200,62.342
Cer77_rep8_Dep6_Tu40,5.192,14.236,14.198,9.316,7.608,0.000,0.449,16.629,0.000,0.000,2.834,0.000,29.538
Cer77_rep7_Dep6_Tu0.3,0.289,0.919,0.000,0.000,5.861,2.043,2.823,0.000,0.000,10.538,9.408,4.158,63.961
Cer77_rep3_Dep6_Tu0.1,0.522,1.565,0.000,0.000,8.086,1.489,2.204,0.000,0.000,9.673,10.466,3.826,62.167
Cer77_rep4_Dep6_Tu0.3,0.851,0.000,0.885,0.000,5.665,1.686,2.802,0.000,0.000,12.315,8.335,4.868,62.591
Cer77_rep6_Dep6_Tu2,0.347,1.377,0.464,0.773,4.424,2.167,3.256,0.000,0.000,11.766,9.985,4.415,61.027
Cer77_rep6_Dep6_Tu20,2.344,12.492,8.136,6.211,4.585,0.000,2.120,5.845,1.884,3.176,3.838,3.077,46.292
Cer77_rep9_Dep6_Tu40,3.513,15.780,13.609,9.757,7.016,0.000,0.911,16.418,0.000,0.000,2.975,0.000,30.021
Cer77_rep6_Dep6_Tu40,3.996,14.784,16.031,9.263,5.580,0.000,0.575,15.812,0.000,0.000,2.782,0.000,31.176
Cer77_rep8_Dep6_Tu5,2.256,4.443,1.575,1.379,7.686,0.749,3.363,0.000,0.000,7.571,9.023,4.335,57.619
Cer77_rep5_Dep6_Tu50,5.647,17.483,16.585,10.579,5.271,0.000,0.000,17.318,0.000,0.000,2.360,0.000,24.756
Cer77_rep1_Dep6_Tu30,3.972,12.702,11.125,9.349,5.978,0.000,0.916,12.549,0.000,1.368,3.618,1.546,36.876
Cer77_rep2_Dep6_Tu20,3.946,8.979,8.448,5.505,5.154,0.000,3.259,8.033,0.000,4.946,5.158,1.663,44.908
Cer77_rep4_Dep6_Tu0.5,1.818,0.783,0.235,0.000,6.233,1.926,2.485,0.000,0.000,10.011,9.902,4.827,61.780
