Sample,BRCA,CEAD,CESC,COAD,OV,READ,bcell,cd4tcell,cd8tcell,erythroblast,monocyte,naturalkillercell,neutrophil,Unknown-1
Br62_rep5_Dep6_Tu0.5,0.000,0.000,0.000,0.000,0.600,66.521,0.000,0.000,0.000,0.000,13.158,0.000,11.775,7.946
Br62_rep5_Dep6_Tu3,0.000,0.000,0.000,0.566,7.220,58.534,0.000,0.000,0.000,0.000,10.927,0.000,13.549,9.203
Br62_rep6_Dep6_Tu30,22.056,0.000,0.000,9.510,13.065,29.479,0.000,0.000,0.000,0.000,3.037,0.000,20.842,2.011
Br62_rep7_Dep6_Tu20,24.970,0.000,0.000,6.142,0.023,44.439,0.000,0.000,0.000,0.000,2.764,0.000,10.271,11.391
Br62_rep2_Dep6_Tu40,38.945,0.000,0.000,15.559,0.981,33.324,0.000,0.000,0.000,0.000,2.606,0.000,8.110,0.474
Br62_rep8_Dep6_Tu0.5,0.000,0.000,0.000,0.000,0.396,56.974,0.794,0.000,0.000,0.000,8.945,0.000,28.061,4.829
Br62_rep5_Dep6_Tu2,0.000,0.000,0.000,0.035,5.308,51.945,0.000,0.000,0.000,2.423,5.990,0.000,33.325,0.974
Br62_rep4_Dep6_Tu50,42.726,0.000,0.000,13.853,4.790,19.267,0.000,0.000,0.000,0.000,4.097,0.000,6.871,8.396
Br62_rep8_Dep6_Tu40,39.412,0.000,0.133,11.315,9.823,29.026,0.000,0.000,0.000,0.000,5.906,0.000,0.000,4.385
Br62_rep7_Dep6_Tu2,0.000,0.000,0.000,0.000,0.327,60.653,1.179,0.000,0.000,0.000,4.539,0.000,27.773,5.528
Br62_rep9_Dep6_Tu40,35.295,0.000,0.000,9.411,17.915,27.016,0.000,0.000,0.000,0.000,4.576,0.000,0.000,5.787
Br62_rep10_Dep6_Tu2,0.000,0.000,0.000,0.000,0.561,59.030,0.000,0.000,0.000,0.000,12.189,0.000,12.268,15.951
Br62_rep6_Dep6_Tu10,0.000,0.000,11.373,5.277,0.565,47.956,0.000,0.000,0.000,11.567,9.033,0.000,9.151,5.078
Br62_rep2_Dep6_Tu2,0.000,0.000,0.000,0.000,0.280,53.970,0.000,0.000,0.000,0.000,5.992,0.000,29.691,10.067
Br62_rep9_Dep6_Tu5,0.000,0.000,0.000,0.204,3.509,49.201,0.000,0.000,0.000,0.000,9.967,0.000,30.688,6.430
Br62_rep6_Dep6_Tu40,36.756,0.000,0.000,17.023,1.493,34.609,0.000,0.000,0.000,0.000,0.900,0.000,0.000,9.218
Br62_rep4_Dep6_Tu20,15.086,0.000,0.000,14.139,8.813,38.673,0.000,0.000,0.000,0.000,6.621,0.000,14.345,2.322
Br62_rep9_Dep6_Tu1,0.000,0.000,0.000,0.004,0.662,62.664,8.050,0.000,0.000,0.000,9.013,0.000,5.991,13.615
Br62_rep1_Dep6_Tu0.3,0.000,0.000,0.000,0.000,0.177,53.360,1.844,0.000,0.000,0.000,19.513,0.000,22.350,2.754
Br62_rep3_Dep6_Tu5,0.000,0.000,0.000,2.691,0.940,58.665,0.122,0.000,0.000,0.000,7.980,0.000,18.830,10.770
Br62_rep9_Dep6_Tu50,41.362,0.000,0.000,12.521,9.661,24.918,0.000,0.000,0.000,0.000,0.000,0.000,0.985,10.553
Br62_rep5_Dep6_Tu30,23.469,0.000,7.778,5.953,7.025,31.772,0.000,0.000,0.000,0.000,7.098,0.000,4.134,12.771
Br62_rep9_Dep6_Tu0.5,0.000,0.000,0.000,0.000,0.591,61.537,0.000,0.000,0.000,0.000,12.250,0.000,16.948,8.674
Br62_rep1_Dep6_Tu20,18.471,0.000,0.000,5.412,10.738,37.165,0.000,0.000,0.000,0.000,1.202,0.000,25.647,1.363
Br62_rep4_Dep6_Tu2,0.000,0.000,0.000,0.005,0.967,56.423,1.468,0.000,0.379,10.907,16.533,0.000,9.931,3.386
Br62_rep8_Dep6_Tu3,0.000,0.000,0.000,0.746,14.321,57.736,0.000,0.000,0.000,0.000,3.208,0.000,15.335,8.653
Br62_rep2_Dep6_Tu5,6.131,0.000,0.000,2.399,1.760,57.924,0.000,0.000,0.000,0.000,4.416,0.000,14.015,13.353
Br62_rep2_Dep6_Tu1,0.000,0.000,0.000,0.000,1.689,57.871,0.000,0.000,0.000,0.000,11.426,0.000,20.072,8.941
Br62_rep8_Dep6_Tu1,0.000,0.000,0.000,0.019,0.891,57.687,0.000,0.000,0.000,16.852,7.274,0.000,11.494,5.783
Br62_rep10_Dep6_Tu0.1,0.000,0.000,0.000,0.000,0.456,55.824,18.876,0.000,0.000,3.309,9.191,0.000,11.098,1.246
Br62_rep3_Dep6_Tu40,32.344,0.000,0.000,15.585,14.277,28.269,0.000,0.000,0.000,0.000,1.723,0.000,4.409,3.393
Br62_rep8_Dep6_Tu0.3,0.000,0.000,0.000,0.041,0.162,66.788,0.000,0.000,0.000,0.000,17.090,0.000,6.361,9.556
Br62_rep4_Dep6_Tu0.5,0.000,0.000,0.000,0.000,0.599,55.541,21.593,0.000,0.000,0.000,7.120,0.000,13.593,1.553
Br62_rep6_Dep6_Tu50,32.819,0.000,0.000,11.531,17.677,18.006,0.000,0.000,0.000,0.000,2.398,0.000,8.547,9.022
Br62_rep7_Dep6_Tu0.1,0.000,0.000,0.000,0.000,0.185,59.261,0.000,0.000,0.000,0.000,11.946,0.000,14.589,14.018
Br62_rep9_Dep6_Tu30,27.285,0.000,0.000,4.708,21.295,30.925,0.000,0.000,0.000,0.000,8.307,0.000,3.902,3.578
Br62_rep6_Dep6_Tu20,18.025,0.000,0.000,8.255,0.536,42.227,0.000,0.000,0.000,0.000,9.922,0.000,17.144,3.889
Br62_rep5_Dep6_Tu5,0.000,0.000,0.000,0.966,9.713,49.389,0.000,0.000,0.000,0.000,4.326,0.000,34.238,1.367
Br62_rep4_Dep6_Tu40,37.671,0.000,0.000,13.998,2.505,30.636,0.000,0.000,0.000,0.000,2.895,0.000,0.000,12.294
Br62_rep8_Dep6_Tu0.1,0.000,0.000,0.000,0.000,0.246,56.956,10.972,0.000,0.000,0.000,7.452,0.000,23.427,0.946
Br62_rep1_Dep6_Tu40,38.121,0.000,0.000,9.436,15.695,31.382,0.000,0.000,0.000,0.000,0.000,0.000,0.000,5.366
Br62_rep3_Dep6_Tu30,34.219,0.000,0.000,10.672,2.603,38.701,0.000,0.000,0.000,0.000,1.572,0.000,6.959,5.273
Br62_rep7_Dep6_Tu0.5,0.000,0.000,0.000,0.000,0.264,56.917,0.000,0.000,0.000,0.000,11.250,0.000,23.672,7.896
Br62_rep1_Dep6_Tu10,0.000,0.000,0.000,3.928,1.271,46.939,13.927,0.000,0.000,0.000,7.208,0.000,23.722,3.005
Br62_rep10_Dep6_Tu20,31.204,0.000,0.000,0.539,0.567,40.663,14.412,0.000,0.000,0.000,4.381,0.000,6.771,1.463
Br62_rep1_Dep6_Tu5,0.000,0.000,0.000,2.174,0.826,54.348,0.076,0.000,0.000,0.000,8.594,0.000,28.083,5.897
Br62_rep3_Dep6_Tu50,44.671,0.000,0.000,11.916,0.437,27.221,0.000,0.000,0.000,0.000,5.657,0.000,1.335,8.763
Br62_rep1_Dep6_Tu3,0.000,0.000,0.022,0.464,0.250,51.833,0.000,0.000,0.000,0.000,18.376,0.000,22.135,6.919
Br62_rep7_Dep6_Tu30,31.373,0.000,10.365,5.185,0.000,40.877,0.000,0.000,0.000,0.000,0.894,0.000,1.395,9.911
Br62_rep6_Dep6_Tu1,0.000,0.000,0.000,0.000,0.151,57.362,0.091,0.000,0.000,0.000,15.747,0.000,19.810,6.837
Br62_rep1_Dep6_Tu0.5,0.000,0.000,0.000,0.000,0.472,54.575,0.000,0.000,0.000,0.000,8.662,0.000,28.844,7.445
Br62_rep1_Dep6_Tu0.1,0.000,0.000,0.000,0.000,0.490,67.439,0.724,0.000,0.000,0.000,11.688,0.000,8.645,11.012
Br62_rep9_Dep6_Tu3,0.000,0.000,0.000,0.065,5.674,52.895,0.000,0.000,0.000,17.868,9.591,0.000,11.103,2.804
Br62_rep5_Dep6_Tu40,33.582,0.000,0.000,17.475,0.843,32.640,0.000,0.000,0.000,0.000,0.000,0.000,13.376,2.084
Br62_rep10_Dep6_Tu3,0.026,0.000,0.001,0.636,0.314,61.787,0.000,0.000,0.000,0.000,9.620,0.000,10.747,16.870
Br62_rep2_Dep6_Tu0.3,0.000,0.000,0.000,0.000,4.406,64.507,0.000,0.000,0.000,0.000,5.499,0.000,13.670,11.918
Br62_rep10_Dep6_Tu40,40.740,0.000,0.000,8.876,1.482,32.629,5.671,0.000,0.000,0.000,3.161,0.000,2.477,4.963
Br62_rep3_Dep6_Tu2,0.000,0.000,0.000,0.000,0.436,51.999,1.260,0.000,0.000,0.000,18.461,0.000,26.440,1.404
Br62_rep5_Dep6_Tu1,0.000,0.000,0.000,0.000,0.461,49.519,2.460,0.000,0.000,0.000,10.266,0.000,29.959,7.335
Br62_rep4_Dep6_Tu1,0.000,0.000,0.000,0.000,1.251,51.553,17.944,0.000,0.000,0.424,7.447,0.000,19.512,1.869
Br62_rep10_Dep6_Tu0.5,0.000,0.000,0.000,0.000,0.500,50.822,15.503,0.000,0.000,2.208,8.514,0.000,21.356,1.098
Br62_rep5_Dep6_Tu20,21.994,0.000,0.000,7.956,2.507,41.248,15.443,0.000,0.000,0.000,4.204,0.000,6.241,0.407
Br62_rep6_Dep6_Tu0.3,0.000,0.000,0.000,0.000,0.217,49.710,0.035,0.000,0.000,26.023,14.090,0.000,6.736,3.188
Br62_rep9_Dep6_Tu0.3,0.000,0.000,0.000,0.000,0.165,66.844,0.000,0.000,0.000,0.000,17.141,0.000,6.310,9.540
Br62_rep2_Dep6_Tu20,26.994,0.000,0.000,3.375,3.050,39.907,0.000,0.000,0.000,0.000,2.363,0.000,19.325,4.986
Br62_rep6_Dep6_Tu0.5,0.000,0.000,0.000,0.000,0.706,56.837,19.358,0.000,1.347,0.000,6.655,0.000,12.145,2.951
Br62_rep8_Dep6_Tu10,0.000,0.000,10.353,0.682,6.190,49.527,13.608,0.000,0.000,0.000,2.778,0.000,16.392,0.469
Br62_rep2_Dep6_Tu0.1,0.000,0.000,0.000,0.000,0.255,53.821,0.000,0.000,0.000,17.146,9.471,0.000,14.448,4.858
Br62_rep5_Dep6_Tu10,9.366,0.000,0.000,3.119,13.878,45.402,5.885,0.000,0.000,0.000,4.709,0.000,11.404,6.236
Br62_rep10_Dep6_Tu10,8.067,0.000,0.000,0.880,8.748,47.066,0.000,0.000,0.000,0.000,5.316,0.000,26.348,3.575
Br62_rep4_Dep6_Tu10,0.000,0.000,0.000,8.243,0.520,54.796,0.000,0.000,0.000,0.000,11.270,0.000,11.469,13.701
Br62_rep3_Dep6_Tu0.1,0.000,0.000,0.000,0.000,9.178,54.739,0.000,0.000,0.000,0.000,16.656,0.000,12.841,6.585
Br62_rep2_Dep6_Tu50,44.366,0.000,0.000,10.945,12.131,24.480,0.000,0.000,0.000,0.000,0.000,0.000,0.000,8.078
Br62_rep9_Dep6_Tu10,0.000,0.000,0.000,5.410,11.024,52.760,10.110,0.000,0.000,0.000,8.694,0.000,9.807,2.194
Br62_rep5_Dep6_Tu0.3,0.000,0.000,0.000,0.000,1.663,49.511,0.000,0.000,0.000,11.237,9.508,0.000,27.435,0.646
Br62_rep8_Dep6_Tu50,35.075,0.000,0.000,18.284,15.365,20.776,0.000,0.000,0.000,0.000,0.345,0.000,7.581,2.573
Br62_rep4_Dep6_Tu0.3,0.000,0.000,0.000,0.000,0.181,58.995,0.000,0.000,0.000,0.000,16.217,0.000,17.382,7.225
Br62_rep7_Dep6_Tu1,0.000,0.000,0.000,0.065,0.109,62.348,0.000,0.000,0.000,0.000,14.067,0.000,14.320,9.091
Br62_rep3_Dep6_Tu0.5,0.000,0.000,0.000,0.000,0.198,49.704,0.003,0.000,0.000,26.077,14.090,0.000,6.751,3.177
Br62_rep7_Dep6_Tu40,25.328,0.000,0.000,12.546,23.113,26.703,0.000,0.000,0.000,0.000,3.189,0.000,3.020,6.102
Br62_rep2_Dep6_Tu3,0.000,0.000,0.000,0.003,3.025,58.134,0.000,0.000,0.000,0.000,7.029,0.000,20.867,10.942
Br62_rep2_Dep6_Tu0.5,0.000,0.000,0.000,0.000,0.423,63.725,0.000,0.000,0.000,0.000,13.880,0.000,7.503,14.469
Br62_rep1_Dep6_Tu50,35.909,0.000,0.000,14.407,4.341,27.352,0.000,0.000,0.000,0.000,0.000,0.000,9.042,8.948
Br62_rep3_Dep6_Tu3,0.858,0.000,8.235,0.059,0.000,56.884,0.000,0.000,0.000,0.000,7.669,0.000,16.731,9.562
Br62_rep7_Dep6_Tu3,0.000,0.000,0.000,0.237,6.956,48.966,7.545,0.000,0.000,0.000,6.933,0.000,26.641,2.722
Br62_rep3_Dep6_Tu0.3,0.000,0.000,0.000,0.000,0.492,56.547,1.055,0.000,0.000,0.000,9.803,0.000,27.616,4.486
Br62_rep8_Dep6_Tu30,38.504,0.000,0.000,4.080,4.883,37.398,0.000,0.000,0.000,0.000,2.325,0.000,2.223,10.587
Br62_rep4_Dep6_Tu30,30.247,0.000,0.000,15.854,0.538,39.775,0.000,0.000,0.000,0.000,0.909,0.000,1.726,10.951
Br62_rep6_Dep6_Tu3,0.000,0.000,0.000,1.110,0.508,53.199,0.100,0.000,0.000,0.000,14.169,0.000,26.932,3.982
Br62_rep4_Dep6_Tu0.1,0.000,0.000,0.000,0.000,0.099,58.647,0.065,0.000,0.000,0.000,9.772,0.000,26.001,5.414
Br62_rep8_Dep6_Tu5,0.267,0.000,0.000,0.375,5.017,51.622,0.000,0.000,0.000,0.000,5.056,0.000,33.551,4.111
Br62_rep10_Dep6_Tu50,23.817,34.276,0.603,8.643,4.466,18.117,0.000,0.000,0.000,0.000,2.180,0.000,3.400,4.498
Br62_rep10_Dep6_Tu0.3,0.000,0.000,0.000,0.000,0.000,55.056,0.000,0.000,0.000,0.000,9.360,0.000,33.668,1.915
Br62_rep3_Dep6_Tu20,30.067,0.000,0.000,3.833,4.151,44.573,0.000,0.000,0.000,0.000,8.233,0.000,0.000,9.141
Br62_rep1_Dep6_Tu1,0.000,0.000,0.000,0.000,0.305,55.355,21.867,0.000,0.000,0.000,5.172,0.000,13.355,3.946
Br62_rep3_Dep6_Tu1,0.000,0.000,0.000,0.000,0.861,59.671,12.620,0.000,0.000,0.000,11.075,0.000,13.438,2.334
Br62_rep9_Dep6_Tu2,0.000,0.000,0.000,0.907,2.625,54.616,0.000,0.000,0.000,0.000,12.958,0.000,13.785,15.109
Br62_rep7_Dep6_Tu50,49.504,0.000,0.000,10.320,0.611,23.535,0.000,0.000,0.000,0.000,1.910,0.000,2.626,11.492
Br62_rep7_Dep6_Tu5,0.000,0.000,0.000,1.255,2.658,52.746,1.280,0.000,0.000,0.000,8.644,0.000,27.132,6.286
Br62_rep8_Dep6_Tu2,0.000,0.000,0.000,0.165,7.458,53.698,7.640,0.000,0.000,10.891,8.382,0.000,7.510,4.256
Br62_rep5_Dep6_Tu0.1,0.000,0.000,0.000,0.000,0.463,62.619,7.376,0.000,0.000,0.000,11.529,0.000,4.742,13.270
Br62_rep6_Dep6_Tu5,0.000,0.000,0.000,0.555,0.512,58.476,0.740,0.000,0.000,0.000,4.159,0.000,28.297,7.260
Br62_rep9_Dep6_Tu20,22.953,0.000,0.000,6.872,0.577,39.115,0.000,0.000,0.000,0.000,4.651,0.000,18.570,7.262
Br62_rep2_Dep6_Tu30,37.285,0.000,0.000,12.020,1.459,38.428,0.000,0.000,0.000,0.000,4.012,0.000,0.000,6.795
Br62_rep7_Dep6_Tu10,15.712,0.000,0.000,0.403,1.807,52.791,0.000,0.000,0.000,0.000,8.141,0.000,14.688,6.458
Br62_rep6_Dep6_Tu0.1,0.000,0.000,0.000,0.000,0.226,52.590,0.000,0.000,0.000,0.000,13.397,0.000,28.610,5.177
Br62_rep5_Dep6_Tu50,44.122,0.000,8.009,7.909,3.628,30.355,0.000,0.000,0.000,0.000,2.177,0.000,0.000,3.800
Br62_rep10_Dep6_Tu1,0.000,0.000,0.000,0.000,0.795,48.145,13.081,0.000,0.000,5.600,10.056,0.000,18.860,3.463
Br62_rep1_Dep6_Tu30,26.021,0.000,0.000,13.780,1.207,38.029,0.000,0.000,0.000,0.000,3.038,0.000,5.936,11.988
Br62_rep7_Dep6_Tu0.3,0.000,0.000,0.000,0.000,0.283,60.716,0.000,0.000,0.000,0.000,11.936,0.000,12.826,14.239
Br62_rep2_Dep6_Tu10,0.000,0.000,0.000,8.302,0.750,56.473,0.000,0.000,0.000,0.000,9.144,0.000,13.790,11.541
Br62_rep9_Dep6_Tu0.1,0.000,0.000,0.000,0.000,1.661,49.094,16.626,0.000,0.000,5.124,10.068,0.000,14.242,3.186
Br62_rep3_Dep6_Tu10,0.662,0.000,6.338,3.170,0.678,46.969,0.000,0.000,0.000,0.000,6.529,0.000,25.076,10.577
Br62_rep4_Dep6_Tu5,0.000,0.000,0.000,0.238,18.106,43.982,0.000,0.000,0.000,0.000,8.563,0.000,28.203,0.907
Br62_rep8_Dep6_Tu20,14.665,0.000,0.000,9.157,18.655,44.256,0.000,0.000,0.000,0.000,1.926,0.000,9.222,2.118
Br62_rep1_Dep6_Tu2,0.000,0.000,0.000,0.278,1.062,63.587,0.000,0.000,0.000,0.000,8.341,0.000,9.862,16.870
Br62_rep10_Dep6_Tu5,0.000,0.000,0.000,1.467,1.287,61.051,0.000,0.000,0.000,0.000,8.540,0.000,23.702,3.951
Br62_rep10_Dep6_Tu30,6.188,0.000,30.905,3.653,1.622,40.212,0.000,0.000,0.000,0.000,2.144,0.000,10.369,4.907
Br62_rep6_Dep6_Tu2,0.000,0.000,0.000,0.024,7.176,51.536,0.000,0.000,0.000,0.000,8.064,0.000,31.692,1.508
Br62_rep4_Dep6_Tu3,0.000,0.000,0.000,0.148,11.820,59.131,0.358,0.000,0.000,0.000,5.651,0.000,16.653,6.238
