Sample,BRCA,CEAD,CESC,COAD,OV,READ,bcell,cd4tcell,cd8tcell,erythroblast,monocyte,naturalkillercell,neutrophil,Unknown-1
Ov9433_rep10_Dep6_Tu5,0.141,9.489,2.164,0.040,13.578,0.859,1.822,1.129,1.322,3.815,2.454,0.939,36.004,26.245
Ov9433_rep6_Dep6_Tu20,5.256,5.769,1.736,3.838,3.860,2.639,1.107,3.306,2.854,6.625,9.840,0.485,19.554,33.132
Ov9433_rep8_Dep6_Tu5,0.047,4.812,4.924,0.123,10.402,1.641,1.696,3.891,0.359,5.807,0.958,3.637,30.201,31.499
Ov9433_rep2_Dep6_Tu5,0.031,8.014,1.450,0.111,4.161,1.335,1.051,0.958,1.343,7.030,7.315,2.031,34.536,30.635
Ov9433_rep5_Dep6_Tu0.5,0.053,0.589,3.625,0.001,7.454,0.379,0.296,2.412,2.946,1.874,9.642,2.038,32.694,35.997
Ov9433_rep5_Dep6_Tu5,0.002,10.642,3.382,0.004,0.379,0.698,1.538,1.760,3.199,2.225,11.288,3.570,31.908,29.405
Ov9433_rep8_Dep6_Tu30,5.769,7.951,5.911,6.836,13.358,1.290,2.432,1.966,0.670,4.909,2.271,0.649,10.892,35.097
Ov9433_rep6_Dep6_Tu0.3,0.005,5.278,4.002,0.000,1.171,0.226,1.180,2.559,0.598,6.606,17.444,2.496,30.947,27.488
Ov9433_rep1_Dep6_Tu0.3,0.017,4.268,0.308,0.000,3.812,0.571,2.785,2.096,3.908,1.937,9.815,2.828,37.816,29.839
Ov9433_rep2_Dep6_Tu10,0.050,5.839,4.549,1.073,9.952,1.515,1.002,1.679,2.274,1.542,10.183,1.089,23.987,35.266
Ov9433_rep4_Dep6_Tu20,3.656,4.331,5.339,2.186,10.693,0.431,3.852,2.028,3.859,3.521,5.094,1.393,20.507,33.109
Ov9433_rep3_Dep6_Tu10,0.249,4.135,5.295,0.341,9.010,1.361,2.726,1.466,1.688,7.668,6.992,1.274,19.879,37.915
Ov9433_rep4_Dep6_Tu0.3,0.004,1.713,5.741,0.000,7.878,0.199,1.525,0.738,2.101,5.499,13.697,3.327,20.428,37.151
Ov9433_rep9_Dep6_Tu0.1,0.001,0.124,3.630,0.000,14.020,0.437,2.561,1.472,3.550,1.077,11.626,4.557,29.100,27.846
Ov9433_rep10_Dep6_Tu0.5,0.004,4.212,2.611,0.000,7.842,0.367,1.823,0.210,0.411,4.753,11.557,2.033,38.234,25.944
Ov9433_rep6_Dep6_Tu30,3.278,13.062,3.624,6.595,13.685,2.031,1.551,0.403,3.938,1.312,5.524,1.915,12.979,30.103
Ov9433_rep1_Dep6_Tu2,0.046,1.768,1.839,0.000,8.442,0.888,2.032,0.645,2.843,8.318,7.541,1.027,36.452,28.158
Ov9433_rep1_Dep6_Tu5,0.114,6.311,3.921,0.008,4.389,0.226,3.171,1.825,3.443,5.078,6.826,1.907,26.748,36.033
Ov9433_rep5_Dep6_Tu1,0.014,11.096,1.511,0.000,7.091,0.029,1.245,0.518,0.820,7.698,11.226,3.432,23.748,31.570
Ov9433_rep9_Dep6_Tu5,0.053,8.601,1.170,0.430,8.416,0.375,2.390,0.683,2.416,7.486,9.369,2.155,28.926,27.529
Ov9433_rep9_Dep6_Tu0.3,0.009,1.712,2.618,0.000,9.010,0.644,0.524,1.655,1.204,1.051,13.348,1.445,39.834,26.945
Ov9433_rep4_Dep6_Tu10,2.570,8.561,2.097,0.368,10.577,0.679,1.314,1.651,2.156,1.129,9.523,1.382,22.140,35.853
Ov9433_rep1_Dep6_Tu3,0.016,7.194,2.049,0.003,6.957,0.464,2.064,1.462,1.593,6.537,5.058,2.179,34.097,30.328
Ov9433_rep4_Dep6_Tu50,20.176,4.059,4.130,12.439,7.034,1.900,1.710,2.845,1.344,2.549,5.532,0.096,5.673,30.513
Ov9433_rep9_Dep6_Tu30,6.748,5.338,6.402,6.607,6.749,0.745,3.670,2.055,1.205,3.633,4.760,3.136,14.765,34.187
Ov9433_rep4_Dep6_Tu2,0.009,5.308,1.716,0.055,9.980,0.149,1.929,1.687,1.856,2.295,10.931,2.826,30.868,30.392
Ov9433_rep7_Dep6_Tu3,0.022,7.334,4.043,0.000,6.858,0.669,1.519,2.905,0.150,5.014,11.931,2.968,23.354,33.232
Ov9433_rep8_Dep6_Tu1,0.007,4.866,1.389,0.001,9.210,0.143,1.285,0.635,2.021,5.055,3.861,4.072,38.389,29.066
Ov9433_rep2_Dep6_Tu30,15.389,7.100,3.274,4.457,8.977,1.004,1.573,0.934,0.966,2.158,3.532,0.971,14.048,35.617
Ov9433_rep7_Dep6_Tu1,0.010,1.803,4.116,0.001,9.285,0.232,2.059,2.088,1.331,1.322,7.812,2.824,27.588,39.529
Ov9433_rep6_Dep6_Tu3,0.004,4.801,3.801,0.006,6.835,0.792,2.086,0.805,2.107,3.528,11.970,2.471,26.357,34.437
Ov9433_rep8_Dep6_Tu0.3,0.004,3.606,2.185,0.000,8.188,0.499,0.391,1.346,0.676,5.205,12.339,0.103,39.076,26.383
Ov9433_rep5_Dep6_Tu3,0.110,9.222,2.336,0.000,2.837,0.646,1.218,1.347,2.561,7.089,7.304,1.590,29.692,34.048
Ov9433_rep4_Dep6_Tu0.1,0.006,7.553,0.129,0.000,5.105,0.366,1.668,3.418,0.728,8.262,4.049,0.391,31.862,36.462
Ov9433_rep2_Dep6_Tu40,15.910,1.585,6.221,8.253,1.920,1.039,4.456,1.761,2.416,2.954,7.654,1.756,13.678,30.398
Ov9433_rep2_Dep6_Tu20,2.711,7.494,4.679,2.714,13.197,0.776,3.636,0.237,3.342,5.084,5.014,0.813,14.321,35.983
Ov9433_rep10_Dep6_Tu3,0.002,6.168,2.788,0.006,5.341,0.940,2.533,0.079,3.120,4.539,10.681,2.217,28.699,32.887
Ov9433_rep4_Dep6_Tu3,0.012,6.492,3.849,0.001,9.249,0.280,1.360,1.343,1.074,4.820,7.884,2.886,26.820,33.931
Ov9433_rep2_Dep6_Tu3,0.018,8.129,0.599,0.051,5.952,0.905,1.122,3.721,1.990,7.311,5.853,1.913,31.836,30.601
Ov9433_rep3_Dep6_Tu50,18.463,3.627,4.828,11.433,9.325,1.372,1.743,0.633,1.356,3.207,3.221,0.096,3.332,37.366
Ov9433_rep6_Dep6_Tu2,0.017,0.746,3.475,0.003,9.395,0.523,0.516,2.458,1.812,5.918,11.376,2.859,33.694,27.207
Ov9433_rep1_Dep6_Tu30,8.062,4.280,5.866,4.959,6.787,1.803,0.843,0.163,1.020,7.245,6.254,1.261,16.533,34.925
Ov9433_rep9_Dep6_Tu40,12.399,8.500,4.527,9.592,7.903,1.857,1.144,0.506,1.685,4.897,9.955,0.939,6.577,29.520
Ov9433_rep8_Dep6_Tu0.1,0.001,6.647,3.058,0.000,8.652,0.326,2.281,3.835,1.596,4.223,2.236,2.646,31.620,32.880
Ov9433_rep7_Dep6_Tu0.5,0.000,4.310,2.422,0.000,10.377,0.316,1.041,1.361,0.932,5.588,11.061,1.472,38.954,22.167
Ov9433_rep7_Dep6_Tu0.1,0.003,3.509,1.858,0.000,9.364,0.136,1.164,1.958,2.181,4.478,9.094,0.657,37.050,28.548
Ov9433_rep9_Dep6_Tu2,0.011,6.099,2.357,0.000,9.242,0.552,1.369,0.725,1.601,5.595,10.595,2.488,21.776,37.589
Ov9433_rep3_Dep6_Tu2,0.006,6.330,1.536,0.001,7.431,0.550,2.365,2.690,0.008,2.638,12.185,3.014,31.263,29.984
Ov9433_rep4_Dep6_Tu40,12.304,6.288,5.864,8.350,8.542,1.246,0.197,1.987,0.743,5.309,3.992,1.783,8.004,35.389
Ov9433_rep9_Dep6_Tu10,0.491,9.017,2.154,0.350,10.121,1.270,3.199,2.876,0.356,2.851,8.334,1.590,21.579,35.811
Ov9433_rep9_Dep6_Tu50,18.370,5.706,6.532,12.631,8.202,2.999,1.156,1.096,0.586,2.673,2.048,0.746,3.222,34.033
Ov9433_rep2_Dep6_Tu1,0.001,5.552,1.838,0.000,11.319,0.370,0.538,1.456,1.944,5.126,13.045,1.705,23.150,33.956
Ov9433_rep8_Dep6_Tu3,0.095,0.252,6.653,0.003,8.640,0.854,1.051,2.363,2.594,3.338,6.721,1.932,34.289,31.217
Ov9433_rep3_Dep6_Tu40,11.563,9.072,5.381,7.982,9.725,2.677,3.427,1.450,1.615,2.139,1.454,2.948,4.427,36.140
Ov9433_rep6_Dep6_Tu40,14.310,3.470,6.082,9.935,6.903,2.537,0.214,2.115,0.511,2.706,4.397,2.593,10.052,34.174
Ov9433_rep6_Dep6_Tu50,16.464,6.364,4.182,11.845,10.962,3.589,2.667,1.581,1.089,2.698,4.442,1.184,3.171,29.762
Ov9433_rep5_Dep6_Tu2,0.014,9.530,0.853,0.001,3.243,0.318,1.258,3.172,5.464,6.121,5.356,0.464,35.725,28.481
Ov9433_rep9_Dep6_Tu3,0.046,5.919,3.432,0.012,8.412,0.254,0.759,1.762,1.669,5.329,11.179,2.714,31.476,27.036
Ov9433_rep10_Dep6_Tu40,10.982,9.621,4.220,9.953,6.442,1.581,3.484,2.050,1.877,3.532,4.862,0.784,8.380,32.235
Ov9433_rep1_Dep6_Tu50,16.671,0.538,7.459,12.531,11.092,2.614,1.536,1.735,0.219,6.803,4.849,1.699,3.229,29.025
Ov9433_rep6_Dep6_Tu5,0.042,8.456,2.659,0.012,5.156,0.783,3.821,2.097,0.472,3.189,4.992,2.209,26.878,39.235
Ov9433_rep2_Dep6_Tu2,0.030,9.833,1.590,0.000,2.764,0.784,1.549,0.253,2.556,5.420,9.428,1.803,26.844,37.144
Ov9433_rep9_Dep6_Tu0.5,0.006,5.201,2.891,0.000,7.493,0.192,0.660,1.523,2.004,3.829,12.506,2.414,29.302,31.979
Ov9433_rep3_Dep6_Tu5,0.136,9.442,4.224,0.018,1.698,0.713,1.576,2.500,1.772,5.863,4.068,2.421,29.096,36.474
Ov9433_rep4_Dep6_Tu1,0.007,5.432,2.373,0.029,11.157,0.659,0.731,0.824,0.516,5.221,12.779,3.204,36.155,20.913
Ov9433_rep3_Dep6_Tu1,0.009,9.152,2.887,0.000,1.708,0.151,0.682,1.680,2.373,4.364,7.608,4.089,30.529,34.768
Ov9433_rep1_Dep6_Tu0.5,0.002,6.198,1.686,0.000,8.898,0.327,0.698,0.970,3.030,6.627,8.352,0.518,36.632,26.064
Ov9433_rep5_Dep6_Tu0.1,0.006,6.294,3.368,0.000,7.044,0.522,1.808,1.725,0.984,2.327,11.398,1.940,26.150,36.436
Ov9433_rep7_Dep6_Tu0.3,0.001,6.566,2.926,0.001,6.096,0.144,1.094,0.584,0.779,5.832,10.053,2.687,29.027,34.209
Ov9433_rep1_Dep6_Tu40,10.533,5.491,4.535,9.842,14.912,1.392,1.472,1.700,2.276,3.292,3.172,1.226,6.150,34.008
Ov9433_rep8_Dep6_Tu2,0.006,3.834,4.913,0.001,14.337,0.735,1.028,2.909,2.057,5.432,2.676,2.716,21.793,37.563
Ov9433_rep2_Dep6_Tu0.3,0.009,2.981,4.175,0.000,12.325,0.159,1.004,0.690,2.774,1.026,10.363,2.179,29.386,32.930
Ov9433_rep7_Dep6_Tu20,5.732,4.514,1.221,4.595,11.076,0.651,0.833,2.359,1.623,5.009,6.837,1.642,18.884,35.025
Ov9433_rep6_Dep6_Tu0.5,0.003,6.459,3.663,0.000,7.058,0.434,1.181,0.089,3.584,5.975,8.838,2.388,27.488,32.842
Ov9433_rep8_Dep6_Tu40,16.200,6.876,5.116,7.701,5.459,2.125,0.833,2.076,2.368,4.175,3.729,0.155,7.348,35.841
Ov9433_rep10_Dep6_Tu30,10.215,9.353,4.124,4.056,16.995,0.223,2.339,2.727,1.164,2.613,8.148,0.387,4.463,33.192
Ov9433_rep7_Dep6_Tu50,19.282,5.616,3.917,12.474,9.081,0.208,2.994,0.762,1.299,4.742,0.366,0.595,6.135,32.529
Ov9433_rep1_Dep6_Tu1,0.004,1.887,5.660,0.000,4.591,0.303,1.828,1.986,3.308,3.612,10.992,3.477,31.820,30.532
Ov9433_rep2_Dep6_Tu0.5,0.004,3.628,2.194,0.000,8.356,0.662,0.802,0.386,1.078,5.606,11.238,1.292,38.513,26.241
Ov9433_rep1_Dep6_Tu10,0.146,11.613,4.588,0.685,8.852,0.760,5.035,3.268,1.459,3.930,5.598,3.502,9.942,40.622
Ov9433_rep5_Dep6_Tu0.3,0.002,8.908,2.745,0.000,0.980,0.101,0.317,0.152,3.341,5.208,13.686,3.623,35.161,25.776
Ov9433_rep7_Dep6_Tu40,12.748,3.781,2.533,8.102,14.596,0.892,3.412,0.428,1.375,3.400,2.673,2.316,11.651,32.093
Ov9433_rep8_Dep6_Tu50,18.321,6.870,1.882,12.990,8.985,1.549,2.182,0.462,2.238,5.377,7.340,0.359,0.558,30.886
Ov9433_rep5_Dep6_Tu50,22.151,0.155,3.385,12.849,10.889,0.775,1.680,0.997,0.181,4.017,3.635,1.338,4.514,33.434
Ov9433_rep4_Dep6_Tu5,0.012,6.742,2.523,0.003,15.104,1.554,1.440,2.423,2.832,1.232,4.258,3.713,31.113,27.051
Ov9433_rep3_Dep6_Tu3,0.022,12.325,3.464,0.000,2.506,0.292,0.863,2.806,4.104,5.730,8.821,1.765,18.083,39.219
Ov9433_rep8_Dep6_Tu0.5,0.003,6.158,0.936,0.000,11.837,0.489,3.349,1.148,3.341,3.661,2.184,0.556,33.146,33.191
Ov9433_rep9_Dep6_Tu20,3.518,6.665,1.844,3.158,18.381,2.001,2.290,2.063,1.827,2.554,10.481,1.657,6.660,36.902
Ov9433_rep10_Dep6_Tu0.3,0.002,2.976,2.387,0.001,7.771,0.386,0.443,2.133,2.812,3.434,12.169,1.734,37.876,25.877
Ov9433_rep5_Dep6_Tu40,12.687,2.647,8.054,9.313,6.467,1.285,1.664,4.311,1.881,1.477,5.925,0.542,10.560,33.186
Ov9433_rep2_Dep6_Tu50,19.589,4.099,6.100,11.998,8.083,1.210,1.057,0.586,0.921,2.948,3.044,0.766,4.044,35.555
Ov9433_rep1_Dep6_Tu20,1.953,8.083,1.857,3.368,13.857,1.204,1.859,0.826,3.622,4.602,7.229,1.995,17.536,32.008
Ov9433_rep3_Dep6_Tu0.1,0.013,0.944,2.366,0.000,9.813,0.285,0.392,1.877,1.632,6.050,14.155,2.143,34.472,25.857
Ov9433_rep5_Dep6_Tu20,1.690,11.237,3.737,3.149,14.323,1.696,1.844,4.273,0.136,1.733,2.663,1.781,16.119,35.618
Ov9433_rep3_Dep6_Tu30,8.950,8.975,1.261,6.225,4.830,0.544,2.582,1.055,2.071,5.435,2.417,1.353,17.374,36.926
Ov9433_rep6_Dep6_Tu0.1,0.010,6.712,2.020,0.000,2.266,0.130,1.119,3.403,4.259,3.358,11.376,0.376,33.023,31.947
Ov9433_rep5_Dep6_Tu30,7.660,9.433,4.407,6.489,8.817,2.683,3.304,1.639,1.055,6.400,3.186,0.649,9.929,34.348
Ov9433_rep3_Dep6_Tu0.3,0.006,3.241,3.263,0.001,4.250,0.179,3.337,2.207,2.381,7.474,8.649,1.269,29.867,33.876
Ov9433_rep9_Dep6_Tu1,0.011,3.996,5.506,0.000,10.039,0.248,1.727,1.274,2.258,4.026,14.028,1.031,14.212,41.645
Ov9433_rep6_Dep6_Tu1,0.000,5.415,2.110,0.001,8.104,0.605,0.506,0.411,1.582,5.563,10.868,2.154,30.911,31.770
Ov9433_rep10_Dep6_Tu1,0.004,3.176,5.021,0.004,12.755,0.648,0.352,1.063,1.619,4.289,13.509,2.724,16.505,38.330
Ov9433_rep7_Dep6_Tu5,0.331,11.194,3.267,0.139,3.046,1.312,1.438,2.195,1.572,3.520,8.534,2.352,30.122,30.978
Ov9433_rep3_Dep6_Tu0.5,0.014,5.182,1.559,0.000,6.313,0.241,1.972,1.677,0.482,7.329,14.316,1.897,35.385,23.633
Ov9433_rep4_Dep6_Tu30,13.849,2.747,1.936,4.631,10.934,3.296,1.081,0.312,0.576,2.494,7.379,1.690,15.205,33.869
Ov9433_rep4_Dep6_Tu0.5,0.003,1.399,3.645,0.000,8.994,0.210,1.295,1.721,2.531,5.016,7.082,2.821,33.796,31.485
Ov9433_rep3_Dep6_Tu20,3.169,7.538,6.474,3.067,12.251,0.615,0.170,0.021,3.196,0.172,13.027,0.829,9.700,39.769
Ov9433_rep6_Dep6_Tu10,0.050,5.494,4.475,0.343,10.988,0.251,1.539,1.373,0.024,3.620,10.978,4.413,19.005,37.446
Ov9433_rep5_Dep6_Tu10,0.047,8.972,5.749,1.885,10.245,0.217,2.328,1.106,2.442,4.127,10.026,1.508,22.809,28.538
Ov9433_rep8_Dep6_Tu10,1.129,1.467,3.432,1.470,7.685,1.203,4.888,2.603,3.524,4.090,2.109,1.785,37.899,26.717
Ov9433_rep7_Dep6_Tu2,0.012,8.226,2.905,0.001,7.913,0.921,0.543,1.501,1.890,5.687,8.805,2.126,18.532,40.940
Ov9433_rep10_Dep6_Tu2,0.043,3.477,2.085,0.000,8.174,0.795,1.290,1.550,2.157,6.478,10.516,0.662,36.337,26.436
Ov9433_rep7_Dep6_Tu30,10.268,9.160,2.587,5.120,12.702,1.652,1.677,0.597,0.868,6.674,3.696,1.327,4.119,39.551
Ov9433_rep1_Dep6_Tu0.1,0.006,3.477,1.903,0.000,7.633,0.542,0.964,1.248,1.450,3.884,8.758,1.547,40.156,28.433
Ov9433_rep8_Dep6_Tu20,3.042,8.611,4.352,2.399,17.307,1.005,1.836,1.707,2.771,3.912,7.161,1.988,11.702,32.209
Ov9433_rep10_Dep6_Tu0.1,0.003,3.596,2.394,0.000,6.687,0.260,2.318,2.257,0.638,6.286,10.302,3.219,35.134,26.906
Ov9433_rep7_Dep6_Tu10,2.949,10.764,3.894,0.553,11.418,1.143,0.869,0.087,1.104,3.225,10.272,2.009,17.672,34.041
Ov9433_rep10_Dep6_Tu50,22.352,4.304,4.624,10.123,1.090,2.703,3.365,1.458,1.116,5.466,1.551,0.304,4.430,37.114
Ov9433_rep2_Dep6_Tu0.1,0.007,1.842,4.114,0.000,16.090,0.192,0.033,1.498,2.765,4.459,15.882,2.545,22.361,28.212
Ov9433_rep10_Dep6_Tu10,0.732,9.951,3.767,0.262,6.634,0.787,1.133,0.284,0.586,8.908,9.399,3.486,25.195,28.877
Ov9433_rep10_Dep6_Tu20,5.115,0.913,6.869,2.356,9.926,1.759,1.687,2.955,3.812,4.153,7.775,1.214,20.431,31.035
