Sample,BRCA,CEAD,CESC,COAD,OV,READ,bcell,cd4tcell,cd8tcell,erythroblast,monocyte,naturalkillercell,neutrophil,Unknown-1
Colo_rep2_Dep6_Tu0.5,0.002,21.833,9.441,0.000,20.744,3.812,0.956,2.093,2.925,1.558,15.948,2.610,16.710,1.367
Colo_rep2_Dep6_Tu50,1.620,11.487,1.340,0.788,3.180,30.406,5.468,3.862,2.811,9.059,8.752,4.603,11.621,5.002
Colo_rep6_Dep6_Tu1,0.011,17.509,11.997,0.001,18.138,3.664,3.327,1.303,2.665,3.864,11.778,1.887,22.080,1.776
Colo_rep3_Dep6_Tu2,0.037,1.903,2.289,0.082,35.391,1.156,1.913,4.266,3.595,3.967,14.880,2.759,26.099,1.663
Colo_rep7_Dep6_Tu2,0.042,6.197,10.513,0.000,38.933,4.034,2.940,0.316,2.301,9.222,10.557,3.078,7.551,4.317
Colo_rep8_Dep6_Tu0.1,0.008,21.821,13.516,0.000,3.066,4.027,4.846,4.303,0.602,5.451,4.834,2.988,33.573,0.964
Colo_rep10_Dep6_Tu2,0.022,14.047,8.839,0.052,25.908,3.758,3.047,5.460,2.273,2.762,14.815,0.596,17.357,1.064
Colo_rep6_Dep6_Tu3,0.012,21.523,1.941,0.001,22.709,4.446,5.917,0.541,3.648,5.461,2.884,2.329,25.060,3.527
Colo_rep9_Dep6_Tu30,0.588,12.078,8.801,0.067,18.525,19.907,4.739,2.585,3.861,8.648,12.929,3.800,0.730,2.742
Colo_rep9_Dep6_Tu0.5,0.087,13.413,11.753,0.024,29.427,0.063,1.986,3.743,0.466,6.164,14.113,3.339,13.708,1.714
Colo_rep6_Dep6_Tu20,0.287,14.110,5.403,0.006,17.024,16.172,3.450,2.018,6.124,4.710,13.644,4.065,9.055,3.932
Colo_rep8_Dep6_Tu30,3.686,13.159,6.300,0.533,18.867,15.805,2.280,2.833,3.199,7.813,10.718,4.337,9.420,1.049
Colo_rep3_Dep6_Tu5,0.032,6.120,8.068,0.001,27.604,4.235,3.787,0.982,4.522,5.071,7.473,3.205,25.424,3.477
Colo_rep4_Dep6_Tu3,0.187,16.768,7.012,0.027,27.024,3.988,2.398,2.302,4.732,3.303,7.059,2.833,20.689,1.679
Colo_rep2_Dep6_Tu10,0.014,8.846,19.172,0.013,27.755,11.074,2.310,2.964,1.258,3.449,16.796,4.608,0.801,0.940
Colo_rep3_Dep6_Tu40,1.235,5.751,8.627,0.302,19.325,33.273,4.078,2.651,5.940,2.995,0.166,5.297,9.949,0.411
Colo_rep3_Dep6_Tu30,2.731,6.438,10.541,0.084,18.505,20.707,3.015,1.924,4.138,4.371,11.241,3.902,11.058,1.346
Colo_rep6_Dep6_Tu30,0.873,2.440,9.020,0.570,21.805,18.226,3.128,7.817,7.559,0.640,12.660,3.478,10.183,1.602
Colo_rep4_Dep6_Tu50,2.072,5.204,5.031,0.089,5.831,31.192,4.470,6.009,4.685,10.100,10.134,2.518,10.205,2.459
Colo_rep5_Dep6_Tu50,1.346,5.077,8.592,0.222,0.074,36.013,4.397,3.963,2.978,7.555,10.848,4.798,10.616,3.520
Colo_rep6_Dep6_Tu2,0.013,12.583,17.016,0.002,16.064,5.700,2.241,3.385,1.887,5.327,4.588,3.952,24.669,2.572
Colo_rep10_Dep6_Tu50,2.722,1.212,5.152,0.792,3.506,38.377,5.336,3.606,3.577,9.572,12.245,4.474,7.421,2.011
Colo_rep7_Dep6_Tu50,4.150,3.334,4.432,0.197,10.114,26.597,6.056,2.326,5.340,11.982,8.237,3.615,12.298,1.320
Colo_rep9_Dep6_Tu40,2.857,5.402,9.955,0.138,4.018,26.657,5.399,6.761,2.023,7.252,10.069,2.490,14.542,2.437
Colo_rep8_Dep6_Tu5,0.112,9.886,9.395,0.014,4.287,8.969,1.476,2.736,1.818,7.119,16.281,5.555,29.343,3.009
Colo_rep1_Dep6_Tu20,0.863,11.384,7.621,0.093,11.602,14.909,3.873,4.931,3.418,6.604,10.976,4.207,16.484,3.035
Colo_rep9_Dep6_Tu2,0.125,5.173,8.530,0.003,41.752,4.597,2.042,0.612,3.022,8.735,12.763,2.585,8.382,1.678
Colo_rep5_Dep6_Tu30,2.026,0.578,7.158,0.117,19.537,20.486,2.060,3.058,3.102,14.865,6.525,2.615,17.241,0.632
Colo_rep4_Dep6_Tu0.1,0.012,15.502,4.327,0.001,28.974,2.460,1.578,1.724,2.785,6.719,10.551,1.666,21.215,2.485
Colo_rep5_Dep6_Tu0.1,0.015,12.517,16.660,0.000,21.322,2.817,3.145,0.943,2.606,5.387,9.101,2.168,21.273,2.046
Colo_rep9_Dep6_Tu3,0.023,8.588,15.581,0.005,16.448,4.274,1.175,0.097,4.849,6.221,12.987,4.141,24.495,1.117
Colo_rep2_Dep6_Tu0.1,0.042,3.400,21.360,0.001,21.330,2.818,2.063,2.660,5.188,2.480,13.498,3.562,19.763,1.833
Colo_rep8_Dep6_Tu10,0.306,14.218,10.798,0.001,19.401,7.073,4.617,1.553,8.649,2.135,12.132,1.378,16.530,1.208
Colo_rep4_Dep6_Tu30,0.618,5.336,11.005,0.552,14.918,21.320,0.533,2.207,7.047,7.501,11.571,1.735,13.679,1.979
Colo_rep2_Dep6_Tu2,0.032,11.149,13.884,0.000,24.643,4.128,3.020,2.598,1.855,6.879,11.742,1.361,15.824,2.886
Colo_rep1_Dep6_Tu5,0.063,15.135,8.096,0.004,25.411,6.624,3.667,1.803,4.183,5.280,8.188,1.484,18.110,1.952
Colo_rep8_Dep6_Tu50,1.152,2.114,6.069,0.706,4.163,35.402,5.150,6.326,5.634,5.253,11.971,5.187,6.308,4.564
Colo_rep5_Dep6_Tu5,0.009,7.164,13.429,0.002,20.134,3.379,3.879,1.748,5.161,2.317,14.086,4.198,21.841,2.652
Colo_rep6_Dep6_Tu50,1.633,5.875,4.213,0.017,9.939,34.804,5.267,0.512,5.564,10.410,10.803,5.821,1.034,4.107
Colo_rep5_Dep6_Tu0.5,0.138,14.444,10.208,0.004,24.552,1.595,1.630,1.123,3.322,0.739,14.526,2.450,23.658,1.611
Colo_rep4_Dep6_Tu20,0.689,3.892,12.499,0.014,18.268,19.153,3.214,2.769,5.726,3.186,13.776,3.619,11.041,2.155
Colo_rep8_Dep6_Tu40,3.310,5.782,10.314,0.563,18.036,26.069,5.359,3.436,3.972,5.234,10.234,4.898,1.073,1.720
Colo_rep7_Dep6_Tu0.3,0.006,14.520,1.434,0.001,40.755,4.743,1.793,2.264,2.718,5.672,17.770,3.165,0.674,4.488
Colo_rep7_Dep6_Tu30,1.786,9.854,11.222,0.055,8.780,25.750,2.863,5.023,1.712,2.617,9.984,4.917,14.255,1.184
Colo_rep10_Dep6_Tu20,0.896,4.803,8.659,0.072,18.149,14.664,5.144,1.208,3.294,8.359,13.379,3.697,13.516,4.158
Colo_rep9_Dep6_Tu10,0.049,15.489,5.516,0.065,19.051,8.584,4.490,1.495,2.013,5.221,13.317,3.009,19.819,1.883
Colo_rep9_Dep6_Tu0.1,0.008,9.689,9.882,0.000,26.080,2.959,3.472,1.732,5.249,6.439,10.909,2.782,19.704,1.094
Colo_rep10_Dep6_Tu0.3,0.006,14.366,18.821,0.001,5.567,5.206,2.581,1.211,2.887,3.172,15.755,4.426,23.400,2.600
Colo_rep8_Dep6_Tu20,0.569,6.022,10.840,0.002,20.410,14.251,3.460,4.023,5.259,8.059,7.710,4.316,13.339,1.740
Colo_rep3_Dep6_Tu3,0.011,8.134,19.398,0.007,9.065,8.697,2.313,0.949,5.169,3.732,14.154,2.989,23.106,2.277
Colo_rep4_Dep6_Tu2,0.016,15.790,1.236,0.002,23.299,3.120,2.320,2.234,1.298,3.892,17.072,3.724,25.476,0.520
Colo_rep10_Dep6_Tu0.1,0.001,20.238,13.576,0.000,14.412,3.250,2.770,1.969,2.059,4.247,11.572,4.313,19.754,1.840
Colo_rep4_Dep6_Tu0.3,0.006,20.775,6.423,0.001,25.615,2.997,2.525,1.435,2.636,5.036,13.904,3.367,13.178,2.102
Colo_rep9_Dep6_Tu0.3,0.010,21.309,18.604,0.001,14.568,3.840,0.879,1.651,2.602,5.068,16.867,1.360,11.695,1.545
Colo_rep1_Dep6_Tu10,0.180,11.064,5.850,0.001,22.612,8.180,5.413,1.949,2.028,6.207,12.955,6.091,13.776,3.695
Colo_rep6_Dep6_Tu0.3,0.000,11.405,14.732,0.000,9.654,2.838,2.337,1.639,2.909,7.070,17.351,3.090,25.209,1.767
Colo_rep6_Dep6_Tu0.5,0.099,0.693,2.378,0.046,38.316,0.717,3.496,4.418,4.802,2.726,12.493,2.449,25.254,2.112
Colo_rep10_Dep6_Tu10,0.183,8.565,5.828,0.579,34.267,7.960,4.700,3.015,4.446,5.852,10.519,3.216,10.717,0.153
Colo_rep10_Dep6_Tu1,0.006,10.038,11.065,0.013,25.700,2.828,2.867,2.634,3.347,6.588,14.074,3.823,16.779,0.239
Colo_rep10_Dep6_Tu5,0.056,15.842,6.406,0.093,11.547,9.988,3.339,2.749,3.416,5.156,5.674,3.751,28.003,3.982
Colo_rep10_Dep6_Tu40,1.232,6.968,11.160,0.511,7.952,28.895,4.200,2.555,5.349,6.000,11.251,3.874,5.975,4.076
Colo_rep10_Dep6_Tu0.5,0.005,32.078,2.758,0.000,5.098,2.890,4.904,1.311,5.127,6.303,14.119,2.996,20.278,2.132
Colo_rep1_Dep6_Tu1,0.003,4.204,13.987,0.000,32.222,3.076,2.578,2.609,4.108,5.535,13.773,3.029,12.584,2.292
Colo_rep7_Dep6_Tu20,0.896,7.723,1.364,0.392,25.475,14.795,1.271,3.535,3.915,8.991,8.422,2.544,18.869,1.808
Colo_rep6_Dep6_Tu10,0.305,4.678,8.124,0.042,28.605,12.185,2.061,1.760,0.983,4.073,15.687,5.015,12.999,3.485
Colo_rep10_Dep6_Tu3,0.055,11.941,7.419,0.042,27.310,5.751,1.954,2.523,2.434,2.458,13.921,2.834,19.769,1.589
Colo_rep1_Dep6_Tu30,0.303,13.202,3.729,0.069,11.145,24.593,1.097,3.298,3.512,6.348,9.308,4.009,15.476,3.910
Colo_rep1_Dep6_Tu0.1,0.037,16.927,9.013,0.009,14.454,3.533,2.990,0.096,3.246,4.234,8.354,1.657,34.857,0.593
Colo_rep7_Dep6_Tu5,0.223,14.570,9.702,0.611,12.488,1.848,2.672,2.196,4.726,6.593,11.091,1.547,29.850,1.884
Colo_rep7_Dep6_Tu0.1,0.004,2.169,28.931,0.001,3.787,4.185,2.120,2.565,1.583,2.765,18.786,3.318,26.499,3.286
Colo_rep6_Dep6_Tu40,1.574,6.570,4.204,0.428,13.827,29.557,2.894,3.044,2.064,7.657,9.367,4.568,11.885,2.361
Colo_rep8_Dep6_Tu2,0.010,20.276,6.407,0.001,29.972,5.217,2.391,1.871,2.079,4.452,18.240,3.659,4.214,1.212
Colo_rep7_Dep6_Tu0.5,0.003,19.210,7.609,0.000,24.373,3.532,1.464,1.924,2.454,7.322,14.545,2.969,12.510,2.085
Colo_rep5_Dep6_Tu20,0.755,6.564,13.221,0.051,21.026,13.400,0.282,6.470,6.170,0.257,14.549,4.947,10.464,1.846
Colo_rep8_Dep6_Tu0.3,0.057,12.095,6.145,0.010,20.243,2.472,1.088,1.750,1.132,6.361,14.457,2.097,30.590,1.501
Colo_rep4_Dep6_Tu5,0.011,19.253,9.911,0.000,12.017,6.071,2.438,1.433,5.093,6.464,10.336,2.780,23.478,0.715
Colo_rep9_Dep6_Tu1,0.072,15.509,15.753,0.021,25.745,2.383,3.472,0.045,1.733,5.852,12.857,2.398,13.389,0.772
Colo_rep1_Dep6_Tu0.5,0.040,0.135,14.567,0.001,32.400,2.817,2.272,1.512,4.946,9.265,3.915,1.332,25.236,1.562
Colo_rep8_Dep6_Tu3,0.044,8.372,21.670,0.002,12.172,7.399,0.935,1.755,0.037,7.896,11.542,2.488,24.784,0.902
Colo_rep5_Dep6_Tu0.3,0.006,12.455,10.403,0.004,24.122,1.360,1.398,2.386,3.308,5.181,15.969,4.593,17.602,1.212
Colo_rep2_Dep6_Tu30,2.422,9.663,7.250,0.148,15.019,17.348,2.571,5.994,3.442,2.539,11.822,3.366,17.966,0.448
Colo_rep7_Dep6_Tu10,0.185,15.245,5.434,0.026,17.612,6.692,2.538,0.713,6.419,8.943,10.495,2.288,21.552,1.857
Colo_rep2_Dep6_Tu40,3.560,8.350,3.034,0.391,2.519,27.525,7.818,3.692,0.906,7.645,10.749,4.007,19.369,0.435
Colo_rep3_Dep6_Tu0.1,0.043,14.751,6.928,0.000,20.070,1.994,2.052,2.095,1.436,6.297,13.743,3.099,26.153,1.339
Colo_rep3_Dep6_Tu1,0.033,9.411,14.609,0.000,19.325,1.319,2.352,1.946,3.223,4.921,14.756,2.927,24.318,0.859
Colo_rep8_Dep6_Tu1,0.005,3.543,17.822,0.014,19.899,3.654,1.864,2.487,3.893,5.067,13.457,1.525,24.952,1.819
Colo_rep4_Dep6_Tu1,0.006,2.932,13.284,0.000,39.091,3.342,4.557,3.229,1.256,6.245,12.876,3.979,6.562,2.640
Colo_rep5_Dep6_Tu40,0.863,1.890,3.388,0.293,13.434,26.031,4.580,2.741,4.852,7.869,9.202,6.008,15.586,3.263
Colo_rep5_Dep6_Tu10,0.283,10.496,9.423,0.050,20.285,8.030,3.646,2.455,4.471,5.634,12.955,2.560,17.787,1.926
Colo_rep2_Dep6_Tu0.3,0.014,12.740,17.850,0.001,21.904,2.288,1.239,1.441,2.832,7.373,7.519,2.820,20.779,1.201
Colo_rep10_Dep6_Tu30,0.717,13.317,13.244,0.075,4.787,18.707,3.384,2.824,5.949,5.105,10.226,2.641,12.312,6.713
Colo_rep1_Dep6_Tu40,3.084,0.194,9.188,0.333,14.637,28.067,4.070,5.056,5.296,8.812,6.423,0.238,13.457,1.144
Colo_rep6_Dep6_Tu0.1,0.225,12.655,4.321,0.015,32.824,1.835,3.003,2.534,0.562,6.192,11.743,2.805,20.234,1.052
Colo_rep7_Dep6_Tu40,1.214,7.880,3.736,0.309,6.258,31.577,3.109,3.645,3.830,8.575,15.619,4.026,6.617,3.604
Colo_rep1_Dep6_Tu50,1.866,6.247,5.530,0.527,1.644,41.121,4.874,4.526,3.802,8.632,4.229,5.197,9.444,2.360
Colo_rep1_Dep6_Tu0.3,0.010,21.327,0.263,0.001,22.016,2.344,2.166,2.653,3.098,3.299,16.431,2.709,21.754,1.928
Colo_rep9_Dep6_Tu20,0.500,0.647,11.124,0.005,24.593,16.329,3.801,5.579,2.631,9.283,15.054,2.641,0.954,6.858
Colo_rep4_Dep6_Tu10,0.940,3.894,10.190,0.012,22.499,9.044,2.738,2.110,1.284,9.402,13.312,2.019,18.872,3.684
Colo_rep6_Dep6_Tu5,0.016,13.137,9.615,0.000,32.236,5.291,3.070,1.561,3.432,5.799,11.622,2.394,10.173,1.655
Colo_rep9_Dep6_Tu5,0.124,9.391,6.570,0.082,27.335,0.896,4.340,2.595,3.863,10.091,8.468,3.639,19.797,2.810
Colo_rep3_Dep6_Tu50,1.857,2.594,2.582,1.001,14.734,34.927,5.106,1.410,4.559,8.583,9.792,3.621,5.764,3.470
Colo_rep5_Dep6_Tu1,0.030,11.568,17.024,0.006,19.442,1.907,2.070,2.363,4.906,7.891,17.573,3.886,7.197,4.137
Colo_rep5_Dep6_Tu3,0.028,18.605,9.220,0.012,23.223,5.536,1.983,1.238,2.264,8.246,4.986,3.341,20.472,0.845
Colo_rep2_Dep6_Tu1,0.039,10.996,10.947,0.003,32.212,3.673,1.893,4.239,2.359,4.587,9.834,2.969,15.453,0.796
Colo_rep7_Dep6_Tu1,0.029,22.330,15.911,0.001,10.212,1.520,2.348,0.236,1.593,6.451,13.645,2.768,19.843,3.114
Colo_rep5_Dep6_Tu2,0.020,16.196,2.824,0.012,25.146,3.648,2.509,5.386,4.050,3.806,5.973,3.343,26.193,0.894
Colo_rep4_Dep6_Tu40,3.092,7.573,5.169,0.182,11.330,24.908,2.944,2.294,6.264,12.727,10.909,3.314,6.245,3.050
Colo_rep2_Dep6_Tu20,0.086,3.944,7.931,0.023,19.467,18.404,4.906,5.504,1.451,7.563,11.665,2.786,12.804,3.466
Colo_rep4_Dep6_Tu0.5,0.004,19.994,0.395,0.000,23.059,2.668,2.126,1.319,3.620,6.931,8.787,2.723,25.273,3.100
Colo_rep2_Dep6_Tu5,0.011,13.398,23.297,0.001,5.467,6.415,1.758,2.233,2.941,7.687,10.105,2.877,20.265,3.545
Colo_rep2_Dep6_Tu3,0.011,2.471,10.363,0.000,35.270,4.499,1.801,3.120,2.208,10.325,5.053,2.302,21.204,1.371
Colo_rep3_Dep6_Tu10,0.964,4.612,5.116,0.510,16.354,4.752,2.490,0.939,4.834,10.989,10.652,1.325,33.098,3.364
Colo_rep8_Dep6_Tu0.5,0.006,13.247,4.592,0.004,33.015,2.698,4.880,0.948,5.545,3.178,9.231,1.340,19.214,2.103
Colo_rep7_Dep6_Tu3,0.013,21.514,13.070,0.001,12.644,3.707,3.765,3.404,4.940,1.508,15.483,2.160,16.018,1.772
Colo_rep3_Dep6_Tu0.5,0.019,8.074,14.149,0.000,17.862,3.436,2.009,1.809,3.797,4.784,18.349,3.268,20.827,1.617
Colo_rep3_Dep6_Tu20,1.336,18.301,4.664,0.050,10.243,13.265,2.182,1.890,2.356,9.878,14.867,3.460,15.120,2.388
Colo_rep1_Dep6_Tu2,0.169,20.001,11.730,0.003,18.884,3.380,1.858,1.508,1.577,6.194,10.635,3.037,17.680,3.343
Colo_rep9_Dep6_Tu50,3.343,10.746,0.666,1.064,5.861,41.626,1.212,1.852,3.656,9.245,9.033,3.595,4.917,3.185
Colo_rep3_Dep6_Tu0.3,0.010,19.362,3.288,0.008,21.780,4.020,0.287,2.111,4.542,7.693,12.336,0.699,22.002,1.863
Colo_rep1_Dep6_Tu3,0.043,0.873,2.366,0.018,28.089,5.051,2.508,2.094,2.719,7.766,13.836,2.523,29.501,2.613
Br62_rep5_Dep6_Tu0.5,0.069,29.385,8.987,0.007,22.884,3.546,2.033,1.086,3.239,1.020,14.145,2.271,10.538,0.789
Br62_rep5_Dep6_Tu3,0.834,5.082,5.289,1.724,17.440,5.949,1.007,3.112,2.635,8.129,11.860,1.772,21.297,13.869
Br62_rep6_Dep6_Tu30,15.547,3.265,3.574,9.209,4.857,4.109,3.602,2.934,7.502,1.817,7.927,3.277,0.555,31.826
Br62_rep7_Dep6_Tu20,10.501,4.191,3.776,5.792,6.630,1.696,3.823,3.068,0.971,7.679,5.167,3.848,4.018,38.841
Br62_rep2_Dep6_Tu40,22.601,2.888,0.684,16.416,2.931,1.134,4.843,1.481,1.154,1.473,2.703,3.638,5.521,32.534
Br62_rep8_Dep6_Tu0.5,0.037,20.532,4.587,0.054,17.030,4.104,3.952,1.302,3.649,6.566,13.087,0.912,19.995,4.192
Br62_rep5_Dep6_Tu2,0.467,0.201,2.894,0.457,17.893,5.609,2.292,3.269,5.745,6.099,10.706,2.963,29.915,11.490
Br62_rep4_Dep6_Tu50,23.696,0.138,0.869,20.003,2.500,0.025,1.115,2.927,1.941,3.704,1.496,1.825,0.762,39.001
Br62_rep8_Dep6_Tu40,21.984,2.226,2.599,13.988,1.433,0.130,2.025,4.555,1.386,3.392,0.586,3.667,1.337,40.692
Br62_rep7_Dep6_Tu2,0.876,3.363,13.936,0.033,41.070,1.325,3.344,2.158,2.977,6.776,12.138,2.730,2.641,6.633
Br62_rep9_Dep6_Tu40,20.418,2.477,1.207,14.929,1.260,0.336,2.179,5.554,2.008,4.107,0.203,2.666,2.390,40.267
Br62_rep10_Dep6_Tu2,0.309,6.260,2.073,0.369,32.773,3.280,3.342,3.852,3.601,1.650,7.209,3.259,26.285,5.737
Br62_rep6_Dep6_Tu10,0.868,8.145,9.809,4.858,9.785,3.724,2.122,1.045,5.084,4.499,9.419,4.618,14.150,21.875
Br62_rep2_Dep6_Tu2,0.016,9.628,10.821,0.197,27.882,1.714,2.380,4.202,0.228,5.478,12.096,3.389,13.513,8.458
Br62_rep9_Dep6_Tu5,0.378,22.710,3.641,1.345,15.383,3.752,2.179,2.585,3.049,8.809,8.814,2.971,11.071,13.314
Br62_rep6_Dep6_Tu40,19.679,0.847,2.440,17.758,1.468,1.861,0.629,1.303,3.417,4.482,2.239,3.439,1.678,38.761
Br62_rep4_Dep6_Tu20,8.565,2.855,3.815,11.252,13.581,2.618,3.609,0.329,5.655,2.039,0.813,4.599,10.087,30.183
Br62_rep9_Dep6_Tu1,0.067,12.591,13.679,0.011,14.766,3.759,3.153,1.187,3.400,2.827,11.356,2.388,19.568,11.247
Br62_rep1_Dep6_Tu0.3,0.002,16.405,6.204,0.002,5.111,3.897,2.614,1.080,4.479,6.841,17.870,1.120,31.505,2.870
Br62_rep3_Dep6_Tu5,0.784,15.412,1.627,0.726,16.909,3.997,2.715,1.235,2.011,8.018,12.244,2.869,19.248,12.204
Br62_rep9_Dep6_Tu50,25.501,2.897,0.145,20.813,2.404,0.820,0.220,0.908,3.070,5.284,1.706,1.867,0.467,33.896
Br62_rep5_Dep6_Tu30,12.191,3.176,5.616,10.834,1.137,2.933,4.230,2.150,5.276,9.387,2.600,1.337,6.087,33.046
Br62_rep9_Dep6_Tu0.5,0.024,19.728,0.319,0.078,33.756,0.586,1.890,2.629,3.173,6.019,13.469,2.319,13.572,2.439
Br62_rep1_Dep6_Tu20,9.400,3.724,7.907,7.149,9.195,2.937,2.168,5.205,2.433,4.587,5.277,5.246,6.700,28.073
Br62_rep4_Dep6_Tu2,0.008,30.989,0.994,0.085,0.964,3.805,2.665,1.086,4.678,1.675,16.849,3.275,27.273,5.655
Br62_rep8_Dep6_Tu3,0.467,7.545,3.109,0.973,29.909,3.376,2.622,1.321,1.891,8.987,6.833,3.460,18.596,10.910
Br62_rep2_Dep6_Tu5,1.063,6.241,14.997,1.031,14.644,7.479,1.801,1.575,3.602,9.627,9.669,1.709,7.269,19.293
Br62_rep2_Dep6_Tu1,0.176,15.521,13.793,0.016,34.821,4.293,0.636,2.101,4.919,7.073,14.133,1.827,0.636,0.055
Br62_rep8_Dep6_Tu1,0.019,2.434,15.829,0.021,25.054,4.591,2.705,1.537,1.557,5.146,10.824,4.242,22.889,3.151
Br62_rep10_Dep6_Tu0.1,0.018,11.890,23.016,0.001,23.543,1.751,2.440,2.166,4.859,4.963,10.622,2.788,10.968,0.975
Br62_rep3_Dep6_Tu40,22.713,1.413,1.319,16.939,3.049,1.862,2.571,2.348,4.077,1.459,1.779,3.342,0.032,37.097
Br62_rep8_Dep6_Tu0.3,0.015,22.644,8.367,0.015,4.736,5.091,0.740,0.731,3.170,3.428,14.110,1.888,30.339,4.727
Br62_rep4_Dep6_Tu0.5,0.013,19.442,14.090,0.000,23.771,3.119,3.330,2.088,3.551,5.150,14.109,1.252,6.719,3.367
Br62_rep6_Dep6_Tu50,21.774,1.157,1.482,19.698,0.014,1.219,1.555,2.976,4.600,4.999,0.056,4.149,0.599,35.722
Br62_rep7_Dep6_Tu0.1,0.022,0.860,14.006,0.001,24.969,2.474,2.223,2.350,2.967,5.415,13.225,1.824,27.867,1.798
Br62_rep9_Dep6_Tu30,14.460,2.803,5.034,6.666,0.336,0.711,3.529,1.857,5.771,5.490,6.587,5.158,6.177,35.424
Br62_rep6_Dep6_Tu20,6.399,7.960,3.873,7.629,11.935,2.701,3.282,2.694,8.342,5.664,6.917,0.074,6.184,26.345
Br62_rep5_Dep6_Tu5,1.191,11.072,8.044,0.833,17.785,5.158,3.264,1.155,5.528,8.807,5.635,3.189,16.197,12.143
Br62_rep4_Dep6_Tu40,17.694,3.979,0.071,17.579,2.201,0.745,2.910,3.173,1.151,5.615,0.176,2.814,2.775,39.117
Br62_rep8_Dep6_Tu0.1,0.014,16.162,2.545,0.003,30.358,2.047,5.172,0.923,5.839,3.812,2.225,2.930,27.676,0.295
Br62_rep1_Dep6_Tu40,21.161,0.218,4.845,17.171,0.882,2.071,2.203,2.721,2.995,4.251,0.183,2.540,1.402,37.356
Br62_rep3_Dep6_Tu30,13.820,4.194,4.044,13.612,4.732,2.092,2.715,3.303,3.263,3.472,1.626,3.330,0.165,39.630
Br62_rep7_Dep6_Tu0.5,0.008,21.037,28.495,0.000,9.124,5.054,1.070,2.018,4.163,4.431,17.310,2.825,2.710,1.756
Br62_rep1_Dep6_Tu10,0.763,11.578,0.222,3.697,14.294,7.027,2.587,3.661,6.089,4.678,10.935,4.649,9.563,20.256
Br62_rep10_Dep6_Tu20,12.092,3.615,7.145,3.380,1.493,3.987,3.847,0.660,5.239,5.670,7.922,2.923,11.804,30.222
Br62_rep1_Dep6_Tu5,1.458,12.089,9.862,0.864,22.336,2.079,3.112,3.841,4.421,6.129,12.253,1.811,3.315,16.430
Br62_rep3_Dep6_Tu50,25.558,0.052,2.015,19.264,0.434,1.263,2.428,0.987,3.042,3.221,2.487,3.511,2.453,33.284
Br62_rep1_Dep6_Tu3,0.687,31.142,3.280,0.874,21.411,3.719,2.069,2.801,1.706,10.090,9.242,2.273,1.372,9.334
Br62_rep7_Dep6_Tu30,17.231,4.398,1.481,10.291,8.313,3.456,0.702,0.717,1.682,7.853,1.908,2.761,5.511,33.696
Br62_rep6_Dep6_Tu1,0.015,19.812,7.581,0.046,16.193,4.132,0.876,2.266,2.665,5.702,11.219,2.058,22.392,5.043
Br62_rep1_Dep6_Tu0.5,0.027,14.504,9.929,0.004,32.252,2.709,1.691,3.803,4.999,7.032,10.278,0.506,10.305,1.963
Br62_rep1_Dep6_Tu0.1,0.012,19.431,10.935,0.000,18.140,3.651,1.503,1.637,2.629,4.357,13.276,1.811,20.498,2.119
Br62_rep9_Dep6_Tu3,1.004,3.668,0.047,1.146,31.114,4.380,2.806,4.615,0.654,5.543,9.316,4.017,23.185,8.505
Br62_rep5_Dep6_Tu40,18.236,3.494,3.301,15.313,0.111,0.316,3.895,5.349,2.809,0.128,2.074,4.620,3.218,37.135
Br62_rep10_Dep6_Tu3,1.210,14.074,10.884,0.244,12.797,3.785,0.133,4.127,2.652,4.973,10.986,2.751,20.014,11.370
Br62_rep2_Dep6_Tu0.3,0.054,14.847,15.619,0.003,21.054,2.405,2.099,1.333,2.785,5.390,8.455,3.012,20.274,2.669
Br62_rep10_Dep6_Tu40,20.320,4.627,3.530,12.678,2.457,3.511,2.113,1.821,3.170,6.268,3.303,0.678,2.412,33.111
Br62_rep3_Dep6_Tu2,0.040,17.084,11.567,0.067,23.578,3.557,3.456,5.013,2.976,1.097,17.818,3.395,2.955,7.397
Br62_rep5_Dep6_Tu1,0.749,21.843,4.957,0.012,20.653,4.094,2.057,1.856,4.683,6.868,12.566,3.476,11.180,5.006
Br62_rep4_Dep6_Tu1,0.006,0.185,23.286,0.005,22.682,4.686,4.965,2.865,3.676,4.836,12.245,2.765,10.399,7.399
Br62_rep10_Dep6_Tu0.5,0.026,17.089,3.378,0.003,24.042,3.232,5.021,1.447,2.704,6.059,11.729,4.448,17.235,3.587
Br62_rep5_Dep6_Tu20,11.536,2.639,5.328,7.726,8.239,1.176,4.172,4.038,5.473,1.678,4.547,2.165,13.182,28.100
Br62_rep6_Dep6_Tu0.3,0.238,10.127,8.209,0.099,22.922,1.832,2.593,1.760,2.500,6.420,16.247,3.414,22.609,1.029
Br62_rep9_Dep6_Tu0.3,0.043,18.250,5.801,0.001,7.385,5.125,1.145,1.635,0.192,6.693,13.715,1.958,37.033,1.024
Br62_rep2_Dep6_Tu20,9.187,2.240,2.433,6.454,14.430,5.132,4.671,5.938,2.042,6.524,2.886,2.400,4.253,31.411
Br62_rep6_Dep6_Tu0.5,0.039,9.859,13.054,0.024,23.444,3.698,3.711,0.891,8.515,1.681,10.790,0.950,20.105,3.239
Br62_rep8_Dep6_Tu10,2.596,13.042,5.453,3.599,5.719,0.432,4.005,5.010,2.482,6.032,8.492,3.460,20.396,19.280
Br62_rep2_Dep6_Tu0.1,0.030,3.448,22.231,0.001,19.835,3.292,2.372,2.777,3.998,3.965,12.652,3.602,20.317,1.479
Br62_rep5_Dep6_Tu10,6.950,9.417,6.541,3.567,11.127,3.398,1.901,4.268,4.601,1.643,7.122,2.821,14.186,22.457
Br62_rep10_Dep6_Tu10,6.601,4.788,1.018,3.387,25.302,0.395,3.649,3.314,5.178,3.287,7.895,2.752,18.982,13.454
Br62_rep4_Dep6_Tu10,1.250,7.864,0.627,4.564,27.504,2.551,1.974,3.070,1.263,8.945,11.916,3.006,6.748,18.718
Br62_rep3_Dep6_Tu0.1,0.020,12.207,14.249,0.001,17.945,2.627,2.096,3.142,1.812,5.812,12.443,1.926,24.864,0.855
Br62_rep2_Dep6_Tu50,26.144,1.738,1.101,16.804,1.738,0.511,1.181,1.877,1.611,3.640,0.356,1.532,1.091,40.676
Br62_rep9_Dep6_Tu10,1.194,9.584,6.960,5.974,17.868,4.324,5.288,3.029,1.875,5.064,4.288,2.147,14.109,18.295
Br62_rep5_Dep6_Tu0.3,0.109,17.781,6.137,0.035,26.485,3.561,1.390,2.968,1.613,6.476,9.120,4.732,18.727,0.866
Br62_rep8_Dep6_Tu50,22.942,1.345,0.946,21.319,0.629,1.614,4.827,0.816,3.791,3.041,0.992,2.275,0.466,34.997
Br62_rep4_Dep6_Tu0.3,0.027,0.333,16.899,0.000,31.617,4.020,2.851,3.792,0.613,3.554,16.812,3.980,11.176,4.327
Br62_rep7_Dep6_Tu1,0.621,16.024,12.230,0.000,28.087,2.852,1.814,1.154,2.833,4.843,16.931,2.370,2.795,7.446
Br62_rep3_Dep6_Tu0.5,0.113,11.351,17.378,0.003,25.163,4.865,2.055,2.357,3.410,2.652,21.827,3.540,2.380,2.905
Br62_rep7_Dep6_Tu40,14.182,0.898,4.035,17.645,3.549,2.583,5.309,1.563,7.863,1.195,2.715,0.134,0.108,38.219
Br62_rep2_Dep6_Tu3,0.820,15.495,17.230,0.036,14.195,5.390,1.812,5.513,2.002,6.561,14.901,2.433,2.485,11.128
Br62_rep2_Dep6_Tu0.5,0.019,15.284,15.629,0.014,27.932,3.298,1.035,1.814,2.070,6.591,15.124,2.708,6.852,1.630
Br62_rep1_Dep6_Tu50,22.177,1.785,2.256,17.666,1.781,0.140,0.423,5.092,1.690,7.224,0.750,2.587,1.843,34.587
Br62_rep3_Dep6_Tu3,2.228,5.209,1.828,0.623,36.272,5.209,1.788,2.017,5.480,4.330,13.794,2.895,7.354,10.972
Br62_rep7_Dep6_Tu3,0.992,17.423,13.718,0.152,5.155,5.831,3.465,2.040,3.371,1.163,13.879,5.084,15.662,12.063
Br62_rep3_Dep6_Tu0.3,0.007,14.652,0.960,0.022,29.916,2.455,3.757,0.362,4.257,7.620,9.138,1.759,20.636,4.460
Br62_rep8_Dep6_Tu30,15.475,4.864,6.670,10.802,2.079,2.970,3.594,2.136,3.483,6.815,1.693,3.132,2.282,34.007
Br62_rep4_Dep6_Tu30,15.891,6.155,4.238,13.929,2.721,2.593,0.547,3.820,3.359,3.393,2.779,0.927,3.983,35.663
Br62_rep6_Dep6_Tu3,0.160,4.302,5.376,0.401,27.491,4.962,4.475,0.563,3.925,5.318,10.638,2.310,16.861,13.220
Br62_rep4_Dep6_Tu0.1,0.014,2.818,8.914,0.002,22.367,2.640,2.231,1.198,2.015,7.696,10.160,2.569,33.589,3.787
Br62_rep8_Dep6_Tu5,1.774,6.694,6.678,1.734,24.273,3.645,1.317,2.362,3.511,9.144,3.969,4.833,18.047,12.020
Br62_rep10_Dep6_Tu50,27.160,0.343,2.577,19.456,0.464,0.701,1.493,2.463,3.110,3.559,0.967,3.551,0.681,33.476
Br62_rep10_Dep6_Tu0.3,0.001,2.846,12.152,0.002,25.648,4.149,2.147,0.432,5.802,4.915,10.528,2.888,27.432,1.057
Br62_rep3_Dep6_Tu20,12.168,8.674,5.596,6.211,9.712,1.519,1.156,3.028,2.328,6.375,6.582,1.901,7.988,26.761
Br62_rep1_Dep6_Tu1,0.164,3.917,2.899,0.005,38.775,2.712,3.681,4.620,0.350,7.569,2.538,4.091,26.640,2.038
Br62_rep3_Dep6_Tu1,0.055,12.638,17.546,0.000,12.857,2.984,3.139,0.280,4.614,1.501,10.557,4.707,25.433,3.688
Br62_rep9_Dep6_Tu2,0.358,9.709,11.404,0.183,21.009,4.844,2.303,2.480,2.899,7.330,10.668,2.367,16.189,8.255
Br62_rep7_Dep6_Tu50,24.589,1.240,1.278,17.947,0.071,0.843,2.096,2.730,1.911,4.850,0.530,1.818,0.506,39.589
Br62_rep7_Dep6_Tu5,1.179,0.330,9.147,2.928,25.425,3.809,3.293,1.779,3.470,6.920,5.317,2.068,24.566,9.769
Br62_rep8_Dep6_Tu2,0.277,9.796,10.180,0.137,9.487,6.748,3.559,2.482,3.752,2.465,11.326,3.230,23.432,13.128
Br62_rep5_Dep6_Tu0.1,0.003,9.466,28.890,0.010,15.896,4.233,2.429,0.733,1.989,6.080,12.922,2.436,13.789,1.125
Br62_rep6_Dep6_Tu5,0.153,17.827,11.285,0.894,6.512,6.009,1.000,1.555,5.085,8.262,9.746,1.379,11.934,18.359
Br62_rep9_Dep6_Tu20,8.206,2.357,5.087,6.333,4.070,4.886,5.143,7.142,0.071,6.918,7.422,2.656,1.746,37.964
Br62_rep2_Dep6_Tu30,18.128,2.866,0.548,11.801,2.190,1.698,2.131,3.734,3.147,2.985,3.075,2.878,3.957,40.861
Br62_rep7_Dep6_Tu10,4.467,5.454,7.381,1.946,16.074,4.467,1.014,6.102,1.824,4.490,9.168,2.706,13.644,21.265
Br62_rep6_Dep6_Tu0.1,0.087,3.126,14.333,0.001,41.303,2.542,3.069,3.750,3.025,2.898,18.195,2.326,2.378,2.966
Br62_rep5_Dep6_Tu50,27.752,1.885,2.697,15.870,0.312,0.813,0.491,2.246,3.075,0.588,0.570,2.673,0.482,40.547
Br62_rep10_Dep6_Tu1,0.018,1.577,12.081,0.003,29.633,3.453,1.316,4.306,3.456,5.543,13.521,4.173,19.111,1.809
Br62_rep1_Dep6_Tu30,8.616,9.667,1.620,11.280,3.547,1.622,2.854,1.822,4.982,6.617,1.763,4.269,5.854,35.487
Br62_rep7_Dep6_Tu0.3,0.119,3.258,0.847,0.032,37.367,4.377,1.684,1.204,5.501,3.903,6.489,3.476,26.635,5.108
Br62_rep2_Dep6_Tu10,0.842,3.386,9.252,2.463,11.569,7.609,1.668,3.215,5.565,3.865,9.834,2.212,16.501,22.020
Br62_rep9_Dep6_Tu0.1,0.015,13.217,10.293,0.000,20.974,3.395,3.617,3.703,0.690,6.839,12.013,4.490,19.538,1.216
Br62_rep3_Dep6_Tu10,2.168,10.384,3.884,1.994,1.399,5.608,3.056,2.176,5.122,9.034,8.615,3.261,20.025,23.274
Br62_rep4_Dep6_Tu5,0.739,4.113,8.902,1.689,16.685,1.601,3.350,5.325,4.346,3.589,8.289,3.995,22.685,14.691
Br62_rep8_Dep6_Tu20,11.477,3.786,5.184,6.927,13.438,4.330,2.376,3.784,5.898,0.996,6.742,3.371,3.935,27.757
Br62_rep1_Dep6_Tu2,0.735,18.264,12.735,0.386,20.006,4.355,2.495,1.043,1.941,6.805,12.730,2.715,10.050,5.741
Br62_rep10_Dep6_Tu5,1.616,11.511,14.802,0.622,13.302,4.806,2.913,3.581,3.590,2.433,10.621,3.254,15.798,11.151
Br62_rep10_Dep6_Tu30,11.657,3.970,8.612,10.019,8.430,1.175,2.974,2.993,4.035,5.327,2.106,2.417,5.160,31.126
Br62_rep6_Dep6_Tu2,0.211,8.013,8.922,0.273,20.404,4.586,0.698,2.906,3.872,5.655,10.857,3.819,21.729,8.055
Br62_rep4_Dep6_Tu3,0.428,15.097,12.841,0.139,11.160,2.743,3.431,1.814,4.189,3.245,9.962,3.718,21.380,9.854
Br66_rep4_Dep6_Tu50,49.169,8.352,5.251,5.304,2.631,1.712,2.766,2.342,3.195,3.107,2.615,0.959,6.255,6.342
Br66_rep3_Dep6_Tu0.5,0.289,18.443,4.897,0.002,18.762,2.623,0.151,2.295,4.280,7.622,13.132,2.645,22.844,2.016
Br66_rep2_Dep6_Tu3,0.303,16.634,10.987,0.000,14.754,4.594,1.952,1.554,2.965,11.063,6.274,2.575,23.287,3.055
Br66_rep6_Dep6_Tu40,36.145,8.590,8.322,6.181,7.197,1.831,1.242,0.178,5.127,2.414,5.102,3.048,3.139,11.483
Br66_rep9_Dep6_Tu0.1,0.009,13.442,9.964,0.000,20.543,3.122,3.215,2.597,2.649,7.001,12.272,4.054,20.148,0.984
Br66_rep9_Dep6_Tu5,4.908,27.495,6.253,1.836,8.725,3.890,2.751,2.450,3.127,5.664,8.468,2.777,18.181,3.474
Br66_rep10_Dep6_Tu1,0.025,9.412,23.849,0.001,10.745,5.162,2.118,1.534,3.383,4.362,11.511,2.922,22.648,2.327
Br66_rep6_Dep6_Tu20,19.019,13.503,7.907,3.911,13.100,3.893,1.586,3.129,2.995,4.024,8.551,1.259,8.700,8.424
Br66_rep10_Dep6_Tu30,30.083,13.840,4.868,4.079,11.595,3.954,1.241,3.913,1.510,2.658,6.448,2.339,7.514,5.958
Br66_rep10_Dep6_Tu5,4.578,20.302,18.679,0.318,4.235,4.573,4.399,2.842,2.080,6.298,5.092,2.280,21.140,3.183
Br66_rep7_Dep6_Tu1,0.149,13.602,17.039,0.001,21.122,2.550,1.910,1.576,2.484,4.805,12.613,2.241,15.595,4.314
Br66_rep6_Dep6_Tu0.3,0.026,1.003,15.493,0.002,26.636,1.857,2.474,1.610,3.270,7.039,18.162,3.008,18.416,1.005
Br66_rep1_Dep6_Tu30,30.002,10.681,10.543,4.138,4.379,0.148,3.028,3.883,3.480,0.925,6.084,2.597,8.952,11.159
Br66_rep3_Dep6_Tu1,0.181,12.311,9.668,0.000,26.593,1.537,2.838,1.916,4.496,3.032,12.219,2.322,21.997,0.889
Br66_rep3_Dep6_Tu30,31.648,18.044,7.333,5.165,2.497,1.812,1.085,0.768,0.530,4.710,5.323,2.745,10.731,7.609
Br66_rep9_Dep6_Tu1,0.778,19.591,3.353,0.005,20.628,3.068,3.020,2.047,0.663,7.145,10.365,0.652,27.139,1.545
Br66_rep9_Dep6_Tu40,37.998,15.008,5.449,5.712,3.122,3.544,1.233,3.155,3.043,0.958,8.112,1.050,3.297,8.317
Br66_rep5_Dep6_Tu1,1.051,15.863,6.663,0.118,30.960,0.774,0.910,0.338,6.997,8.368,11.903,3.566,10.498,1.992
Br66_rep2_Dep6_Tu5,1.481,2.430,31.011,0.004,5.553,6.931,1.665,2.448,5.288,7.674,1.465,0.102,29.658,4.289
Br66_rep5_Dep6_Tu30,25.910,11.965,1.382,2.779,14.909,4.701,3.496,1.754,3.502,9.529,3.941,1.880,2.754,11.498
Br66_rep7_Dep6_Tu50,45.007,0.202,6.392,7.437,3.652,2.023,1.902,1.808,2.444,6.419,4.894,1.334,4.662,11.824
Br66_rep4_Dep6_Tu40,37.876,5.270,1.619,8.029,11.991,2.040,1.696,0.638,2.704,5.457,8.005,2.381,5.098,7.196
Br66_rep8_Dep6_Tu5,4.054,16.071,1.102,0.136,25.234,6.322,3.432,3.627,3.544,5.918,13.713,3.720,7.012,6.114
Br66_rep9_Dep6_Tu2,0.241,16.369,8.335,0.175,29.305,4.938,3.061,2.005,1.853,6.925,6.643,2.632,15.205,2.314
Br66_rep6_Dep6_Tu30,27.577,7.798,2.547,4.729,11.809,3.142,2.502,5.055,3.355,2.409,7.497,3.379,11.059,7.141
Br66_rep4_Dep6_Tu0.1,0.011,4.945,9.672,0.003,29.556,3.232,1.648,1.548,2.553,7.120,11.421,1.218,25.758,1.314
Br66_rep5_Dep6_Tu10,10.244,8.842,15.399,0.189,0.209,3.538,4.274,1.575,5.482,6.996,9.945,0.032,27.497,5.777
Br66_rep3_Dep6_Tu40,37.951,10.518,5.730,6.505,3.075,2.082,1.856,3.353,0.062,3.552,2.640,4.844,7.925,9.907
Br66_rep9_Dep6_Tu0.5,0.016,8.794,18.347,0.002,24.141,3.700,0.343,3.148,2.724,4.691,14.702,2.871,14.858,1.663
Br66_rep8_Dep6_Tu2,1.166,2.899,16.048,0.068,22.421,4.630,3.321,1.860,2.134,4.092,13.361,3.472,22.114,2.415
Br66_rep10_Dep6_Tu2,0.781,17.009,10.885,0.143,14.338,4.045,3.221,2.200,0.654,7.870,12.346,2.727,21.422,2.361
Br66_rep6_Dep6_Tu0.1,0.029,1.554,13.070,0.000,23.981,3.523,2.424,3.748,5.570,3.036,14.139,0.428,24.740,3.758
Br66_rep5_Dep6_Tu0.5,0.157,17.259,15.129,0.004,15.158,2.318,0.552,1.827,1.117,4.245,16.704,2.989,17.819,4.722
Br66_rep2_Dep6_Tu20,21.072,17.797,6.104,3.228,4.407,4.640,0.866,2.588,0.977,7.169,6.534,2.290,9.949,12.379
Br66_rep4_Dep6_Tu0.5,0.230,11.947,11.471,0.008,30.450,0.295,1.465,3.009,1.848,4.299,12.934,4.401,14.941,2.702
Br66_rep4_Dep6_Tu5,1.159,17.725,9.146,0.326,25.049,3.955,4.120,3.531,1.986,8.159,6.558,3.366,12.667,2.252
Br66_rep8_Dep6_Tu0.5,0.003,16.488,1.519,0.001,15.665,4.932,3.471,2.468,4.881,1.984,12.017,1.723,29.458,5.390
Br66_rep5_Dep6_Tu20,18.521,11.545,15.094,2.883,2.824,5.153,1.295,1.537,4.339,2.117,10.050,3.844,13.735,7.063
Br66_rep1_Dep6_Tu3,2.187,14.660,11.880,0.310,13.803,5.384,2.684,2.854,1.478,4.717,17.158,2.153,14.167,6.565
Br66_rep10_Dep6_Tu10,10.782,5.228,18.629,0.620,15.868,4.565,2.176,1.730,0.854,8.405,14.507,3.197,7.280,6.158
Br66_rep3_Dep6_Tu10,6.856,24.599,1.852,0.443,5.131,5.065,1.662,3.334,3.071,7.818,6.773,1.443,23.443,8.509
Br66_rep10_Dep6_Tu40,28.580,5.846,5.642,12.122,10.210,2.536,3.013,4.398,3.985,3.331,4.548,2.488,3.063,10.238
Br66_rep1_Dep6_Tu50,50.116,6.486,6.150,7.473,2.101,1.229,1.022,1.922,1.381,2.972,3.549,2.065,7.710,5.826
Br66_rep10_Dep6_Tu0.5,0.012,13.966,17.747,0.001,30.824,4.163,3.435,1.489,2.022,5.690,16.371,1.540,1.058,1.683
Br66_rep1_Dep6_Tu0.3,0.028,16.428,17.824,0.069,11.171,4.463,3.954,3.142,3.233,0.940,14.562,3.022,17.017,4.147
Br66_rep10_Dep6_Tu0.1,0.025,16.888,5.741,0.000,23.800,1.421,2.828,2.563,4.118,4.261,12.579,3.675,20.320,1.780
Br66_rep8_Dep6_Tu40,39.789,5.135,6.192,7.050,3.389,2.428,0.679,1.314,2.197,4.449,5.256,2.472,8.204,11.445
Br66_rep3_Dep6_Tu20,23.011,21.597,1.893,1.748,18.004,1.563,2.053,1.855,2.544,3.166,3.465,2.968,12.471,3.662
Br66_rep9_Dep6_Tu0.3,0.098,19.406,10.342,0.010,27.546,3.368,1.348,3.039,1.126,1.833,15.515,2.477,12.436,1.457
Br66_rep7_Dep6_Tu0.3,0.013,10.915,16.256,0.005,17.537,4.838,2.243,0.439,3.916,6.246,7.439,2.966,23.872,3.314
Br66_rep5_Dep6_Tu2,1.025,12.134,11.930,0.086,6.609,2.523,1.148,4.080,2.795,7.386,12.459,4.999,27.662,5.163
Br66_rep5_Dep6_Tu0.3,0.049,19.610,20.352,0.031,18.042,3.432,1.282,0.647,4.045,6.077,18.421,4.839,1.013,2.161
Br66_rep6_Dep6_Tu5,4.956,23.748,9.707,0.054,13.145,4.129,3.347,0.208,4.516,9.446,2.608,2.360,10.829,10.946
Br66_rep5_Dep6_Tu3,1.591,12.887,12.370,0.012,24.469,5.175,1.404,1.639,2.898,5.544,14.295,3.339,12.281,2.095
Br66_rep1_Dep6_Tu5,3.324,2.034,11.510,0.015,29.934,4.531,2.782,0.058,5.399,8.064,10.280,1.034,16.956,4.079
Br66_rep6_Dep6_Tu10,9.813,16.542,8.113,0.523,20.141,3.593,1.951,1.272,3.861,4.936,12.183,3.405,8.941,4.726
Br66_rep3_Dep6_Tu5,3.639,14.442,12.886,1.041,22.060,4.344,2.494,2.081,2.489,4.319,10.323,2.505,12.014,5.363
Br66_rep1_Dep6_Tu1,0.180,2.432,11.327,0.000,21.844,2.658,3.073,1.267,3.837,7.062,10.208,3.829,29.381,2.903
Br66_rep4_Dep6_Tu30,26.104,9.960,3.735,7.075,16.925,3.580,1.456,2.602,3.023,4.797,8.320,0.806,0.745,10.872
Br66_rep8_Dep6_Tu20,21.399,21.197,4.295,0.062,5.908,6.298,3.887,4.738,2.091,1.449,4.925,1.214,17.254,5.283
Br66_rep4_Dep6_Tu10,11.101,9.711,6.611,1.092,21.287,3.193,2.442,0.582,4.839,2.449,12.058,0.933,18.862,4.839
Br66_rep2_Dep6_Tu1,0.547,18.270,6.669,0.005,23.277,4.345,1.914,3.357,4.296,3.806,5.359,2.737,22.149,3.269
Br66_rep6_Dep6_Tu2,0.179,13.912,12.149,0.063,21.834,2.756,0.549,3.745,4.519,4.358,11.751,3.151,18.999,2.034
Br66_rep6_Dep6_Tu0.5,0.037,2.579,16.689,0.009,35.111,3.250,3.286,1.030,5.591,5.836,11.034,1.937,13.412,0.198
Br66_rep5_Dep6_Tu0.1,0.011,13.478,9.959,0.001,34.954,4.409,2.611,1.409,2.229,6.888,11.285,1.633,8.792,2.341
Br66_rep2_Dep6_Tu2,0.903,15.441,6.607,0.015,28.919,3.268,3.403,3.920,0.047,1.450,9.887,3.542,19.507,3.091
Br66_rep10_Dep6_Tu50,55.152,7.096,0.803,6.424,6.985,1.594,0.475,1.604,1.816,1.478,1.110,1.655,2.014,11.795
Br66_rep7_Dep6_Tu3,2.671,6.105,5.820,0.202,35.756,0.429,3.775,2.408,4.188,2.859,9.632,3.905,20.647,1.602
Br66_rep7_Dep6_Tu10,10.272,23.166,10.028,0.475,18.030,3.486,0.010,4.493,4.530,4.633,2.760,1.090,13.137,3.891
Br66_rep2_Dep6_Tu0.5,0.026,36.336,1.971,0.004,14.807,2.000,1.320,2.768,1.650,7.001,14.071,1.266,15.595,1.185
Br66_rep5_Dep6_Tu50,44.312,8.763,5.680,10.699,1.835,0.734,1.286,0.744,2.907,3.173,5.110,3.261,2.137,9.358
Br66_rep9_Dep6_Tu20,19.379,17.035,8.285,1.201,12.705,4.518,3.301,1.772,2.900,5.452,4.956,1.021,10.066,7.410
Br66_rep8_Dep6_Tu3,3.567,13.168,8.933,0.142,23.085,3.381,2.406,0.111,0.714,7.556,8.733,3.537,22.677,1.990
Br66_rep9_Dep6_Tu10,7.885,16.304,8.436,0.547,25.545,4.562,2.956,3.307,1.177,0.217,15.557,3.728,7.040,2.738
Br66_rep7_Dep6_Tu2,0.420,14.974,5.212,0.005,27.441,2.711,3.485,2.241,2.331,8.413,5.876,2.316,19.238,5.336
Br66_rep6_Dep6_Tu3,0.789,8.213,11.452,0.080,27.621,6.032,3.850,2.021,2.832,5.693,11.628,2.021,12.762,5.007
Br66_rep1_Dep6_Tu0.5,0.040,19.405,6.363,0.007,33.803,1.694,2.397,3.684,4.204,5.262,11.451,1.297,8.807,1.586
Br66_rep2_Dep6_Tu40,38.783,2.815,8.571,5.282,6.379,2.321,3.799,4.354,1.039,3.482,4.715,1.558,9.759,7.142
Br66_rep1_Dep6_Tu2,1.680,14.866,16.844,0.000,6.421,3.333,1.880,1.002,2.803,7.924,11.469,2.089,21.794,7.894
Br66_rep8_Dep6_Tu1,0.101,15.495,5.035,0.013,21.540,6.130,1.825,2.391,0.169,5.612,11.611,4.195,24.206,1.679
Br66_rep4_Dep6_Tu3,1.508,11.475,9.334,0.573,25.672,1.747,2.765,2.447,2.788,6.590,9.553,2.402,21.869,1.277
Br66_rep7_Dep6_Tu40,34.570,8.683,5.546,7.230,11.808,0.441,3.317,0.449,1.573,1.875,5.083,5.689,4.112,9.624
Br66_rep7_Dep6_Tu0.5,0.015,13.364,5.752,0.001,31.059,2.825,1.941,1.891,1.937,8.225,12.582,3.268,14.775,2.365
Br66_rep2_Dep6_Tu30,34.380,11.496,3.112,5.552,13.096,0.901,1.877,0.778,1.356,3.063,5.115,1.663,11.424,6.187
Br66_rep2_Dep6_Tu0.1,0.064,2.012,18.744,0.001,26.639,4.271,2.377,1.321,4.391,0.039,15.195,5.337,18.182,1.425
Br66_rep7_Dep6_Tu0.1,0.039,10.626,11.372,0.017,27.023,2.466,0.463,2.934,2.626,5.447,14.707,2.204,19.629,0.448
Br66_rep1_Dep6_Tu40,39.088,7.515,10.548,5.390,8.455,3.114,1.831,3.279,2.201,3.764,6.154,1.078,0.218,7.365
Br66_rep7_Dep6_Tu5,2.703,10.053,19.444,0.234,16.437,8.242,3.159,3.583,3.127,7.622,7.432,1.613,7.407,8.945
Br66_rep4_Dep6_Tu1,0.146,11.226,5.604,0.005,31.030,5.165,5.110,1.999,3.159,5.177,7.801,2.945,16.837,3.796
Br66_rep8_Dep6_Tu0.1,0.000,12.378,6.020,0.000,24.298,3.667,3.840,1.633,4.489,4.993,10.906,1.776,25.260,0.739
Br66_rep4_Dep6_Tu2,0.259,16.531,12.274,0.007,9.848,2.698,2.208,1.525,2.628,3.983,18.010,3.219,21.928,4.884
Br66_rep1_Dep6_Tu0.1,0.006,4.756,18.237,0.000,23.661,4.022,1.486,1.522,2.371,5.525,14.831,1.597,20.067,1.920
Br66_rep2_Dep6_Tu10,9.550,9.150,6.565,0.486,22.955,0.026,2.210,0.579,5.167,5.454,9.581,3.237,20.742,4.296
Br66_rep4_Dep6_Tu20,17.648,6.366,13.007,5.801,7.780,1.803,5.436,1.039,5.556,0.070,7.944,3.739,16.003,7.807
Br66_rep4_Dep6_Tu0.3,0.004,9.209,14.683,0.001,23.927,2.711,3.284,1.878,2.336,6.307,6.370,3.240,24.023,2.028
Br66_rep10_Dep6_Tu3,2.605,6.520,2.728,0.001,29.062,4.567,3.483,3.889,2.035,4.158,14.903,2.807,16.051,7.190
Br66_rep1_Dep6_Tu20,16.580,19.510,9.710,1.985,6.165,1.262,3.051,4.315,2.899,3.398,6.001,4.701,15.880,4.542
Br66_rep6_Dep6_Tu1,0.245,0.900,9.237,0.000,34.160,3.643,3.368,2.248,2.747,3.813,9.089,2.478,24.718,3.352
Br66_rep6_Dep6_Tu50,44.236,14.995,5.730,7.162,2.494,3.844,3.154,2.909,0.897,3.414,0.342,2.923,1.092,6.808
Br66_rep9_Dep6_Tu3,0.292,22.140,5.950,0.235,8.811,5.373,3.684,4.289,2.475,8.112,4.876,2.605,27.528,3.628
Br66_rep3_Dep6_Tu50,47.202,15.978,0.594,6.819,4.682,0.181,3.231,0.360,1.937,2.923,2.849,2.625,3.329,7.291
Br66_rep8_Dep6_Tu30,25.328,23.938,6.549,5.431,2.525,4.947,0.006,3.191,2.171,2.222,4.861,2.712,6.257,9.863
Br66_rep7_Dep6_Tu20,21.412,15.267,4.191,1.353,13.585,3.687,2.504,0.502,3.835,4.970,6.678,2.083,9.696,10.237
Br66_rep3_Dep6_Tu2,0.598,17.715,2.227,0.187,20.111,2.692,2.422,2.189,7.135,2.592,14.225,0.187,24.753,2.966
Br66_rep8_Dep6_Tu50,45.854,8.609,3.960,10.661,1.809,0.230,1.626,1.584,2.690,2.235,5.373,3.149,5.045,7.175
Br66_rep3_Dep6_Tu3,1.445,11.411,7.772,0.276,22.478,3.393,0.996,0.231,5.755,11.115,8.592,3.242,20.616,2.678
Br66_rep3_Dep6_Tu0.3,0.230,16.385,1.974,0.004,30.098,3.962,2.369,2.621,3.605,5.544,11.374,1.411,17.735,2.687
Br66_rep8_Dep6_Tu0.3,0.518,9.013,8.070,0.031,26.358,3.030,1.356,2.522,2.312,0.154,13.247,2.075,30.246,1.068
Br66_rep3_Dep6_Tu0.1,0.047,11.363,22.659,0.001,22.469,0.323,2.262,2.638,4.302,0.500,17.437,2.916,11.673,1.410
Br66_rep10_Dep6_Tu0.3,0.007,14.112,0.107,0.006,28.716,2.599,1.248,1.445,5.369,6.068,14.461,1.351,23.957,0.557
Br66_rep2_Dep6_Tu50,41.797,3.275,3.540,8.464,6.651,2.576,0.887,2.164,1.905,3.146,6.191,1.805,4.462,13.136
Br66_rep5_Dep6_Tu5,3.196,21.148,12.098,0.517,7.749,5.738,3.462,1.672,3.388,5.227,12.108,2.620,17.433,3.643
Br66_rep10_Dep6_Tu20,17.093,13.922,1.102,4.431,15.646,3.405,1.480,2.910,5.393,5.034,10.874,0.591,13.019,5.102
Br66_rep7_Dep6_Tu30,31.509,1.888,12.337,1.262,20.025,4.581,1.956,2.706,1.258,3.975,4.263,2.859,5.235,6.146
Br66_rep9_Dep6_Tu30,26.802,6.591,7.355,4.358,4.595,0.673,4.409,1.096,4.660,5.285,7.340,2.765,13.859,10.212
Br66_rep5_Dep6_Tu40,38.681,9.987,2.243,4.744,8.527,2.409,1.532,3.297,3.700,2.279,6.130,3.241,5.143,8.086
Br66_rep8_Dep6_Tu10,12.815,15.112,5.181,0.114,12.859,1.323,3.777,1.911,4.334,0.398,9.807,2.983,23.902,5.484
Br66_rep9_Dep6_Tu50,41.645,7.856,4.763,10.713,5.661,2.303,0.250,1.884,1.384,3.999,4.892,2.466,2.464,9.719
Br66_rep2_Dep6_Tu0.3,0.059,17.230,5.572,0.000,22.642,3.643,1.822,2.634,0.341,8.106,9.332,2.845,23.635,2.138
Br66_rep1_Dep6_Tu10,8.425,3.692,15.911,0.672,12.080,3.090,4.165,2.605,3.897,6.273,11.195,4.436,16.551,7.008
Cer77_rep9_Dep6_Tu3,0.267,0.370,27.830,1.310,9.238,3.012,3.380,3.530,4.785,5.049,13.011,2.783,25.143,0.291
Cer77_rep5_Dep6_Tu30,7.366,29.774,3.712,19.968,4.062,3.244,2.978,8.788,6.074,5.230,5.889,1.134,1.599,0.182
Cer77_rep3_Dep6_Tu30,7.664,20.271,16.871,23.261,3.490,2.744,1.081,8.313,3.657,1.513,2.301,3.195,5.427,0.212
Cer77_rep8_Dep6_Tu50,6.711,12.963,10.679,36.140,0.431,1.499,3.539,12.580,7.905,2.532,1.877,2.537,0.573,0.033
Cer77_rep1_Dep6_Tu1,0.131,14.200,5.879,0.002,31.914,3.122,1.807,4.325,1.921,4.976,12.134,4.152,14.634,0.803
Cer77_rep7_Dep6_Tu3,0.299,0.317,23.096,0.466,18.322,4.007,4.814,2.949,1.724,6.819,8.570,4.212,21.803,2.602
Cer77_rep10_Dep6_Tu2,0.309,41.344,5.709,1.325,4.019,3.333,4.246,1.350,2.740,5.059,7.685,2.452,16.423,4.006
Cer77_rep2_Dep6_Tu0.5,0.029,13.188,14.180,0.006,23.219,3.212,1.693,2.014,0.640,6.120,13.976,2.523,18.476,0.723
Cer77_rep3_Dep6_Tu20,6.270,23.614,18.502,13.233,2.437,3.792,2.275,0.530,5.517,3.999,10.355,2.348,6.778,0.351
Cer77_rep1_Dep6_Tu2,0.366,21.564,21.006,0.015,7.924,4.458,2.256,1.345,2.583,6.677,11.209,2.092,16.410,2.095
