Sample,BRCA,CEAD,CESC,COAD,OV,READ,bcell,cd4tcell,cd8tcell,erythroblast,monocyte,naturalkillercell,neutrophil,Unknown-1,Unknown-2,Unknown-3,Unknown-4,Unknown-5,Unknown-6,Unknown-7,Unknown-8,Unknown-9,Unknown-10
Colo_rep2_Dep6_Tu0.5,0.058,6.244,0.682,0.007,3.530,0.585,1.848,3.073,1.202,4.143,9.030,1.721,12.038,8.312,0.365,9.829,9.391,0.813,10.579,3.938,0.565,10.135,1.912
Colo_rep2_Dep6_Tu50,2.344,3.099,0.535,0.329,1.636,27.101,3.132,0.244,4.767,7.865,7.806,4.432,4.839,4.748,0.662,0.234,0.779,3.972,3.377,3.357,5.236,3.936,5.570
Colo_rep6_Dep6_Tu1,0.022,5.009,0.086,0.000,8.348,2.161,3.445,0.030,2.756,4.099,2.001,2.371,16.759,15.140,3.306,4.216,19.030,2.170,2.802,2.916,0.328,0.631,2.375
Colo_rep3_Dep6_Tu2,0.007,3.658,0.886,0.004,3.493,2.017,4.754,3.281,1.990,4.228,4.427,3.700,5.144,10.314,6.906,5.899,7.098,0.186,3.950,8.804,9.209,3.994,6.052
Colo_rep7_Dep6_Tu2,0.004,2.772,0.332,0.000,6.610,3.128,3.017,0.277,2.242,6.549,4.792,2.627,2.813,12.800,8.960,4.905,0.078,1.036,5.233,6.266,3.352,7.656,14.549
Colo_rep8_Dep6_Tu0.1,0.008,3.798,0.423,0.000,10.220,2.534,0.130,1.234,5.174,2.739,3.001,3.607,19.942,10.741,4.120,3.675,10.564,1.335,1.080,6.644,3.381,2.102,3.546
Colo_rep10_Dep6_Tu2,0.021,5.085,0.876,0.093,0.805,2.516,2.665,0.934,3.907,5.711,7.988,2.816,12.186,3.518,3.251,10.325,4.034,0.956,6.346,2.705,6.720,9.205,7.338
Colo_rep6_Dep6_Tu3,0.022,3.750,0.541,0.028,2.606,1.181,6.085,2.627,4.188,4.339,5.908,0.278,10.127,1.199,4.679,5.813,9.948,1.430,3.840,3.420,10.616,3.055,14.318
Colo_rep9_Dep6_Tu30,0.621,4.969,1.395,0.007,4.391,14.110,5.489,1.934,2.724,4.853,6.669,3.725,7.864,1.015,2.532,7.127,4.407,1.396,4.651,10.734,1.687,4.328,3.373
Colo_rep9_Dep6_Tu0.5,0.003,4.346,0.973,0.005,6.995,0.621,1.399,3.615,2.164,4.533,2.863,2.847,14.560,8.246,4.867,9.943,0.763,0.905,7.008,10.068,3.321,1.824,8.131
Colo_rep6_Dep6_Tu20,0.328,6.021,0.483,0.024,4.151,9.761,4.527,2.422,7.095,1.776,3.765,3.443,6.836,4.634,3.457,12.207,4.204,2.547,4.716,0.898,3.414,5.216,8.076
Colo_rep8_Dep6_Tu30,3.820,2.039,1.382,0.480,2.335,11.625,3.908,3.168,2.275,8.227,6.666,3.913,3.958,6.391,2.672,4.016,2.371,0.809,10.905,2.970,7.428,7.660,0.979
Colo_rep3_Dep6_Tu5,0.065,4.336,0.003,0.003,5.719,3.371,2.554,2.120,2.910,5.544,7.094,1.825,8.580,0.471,4.106,0.062,0.009,1.734,10.591,12.657,6.299,13.416,6.533
Colo_rep4_Dep6_Tu3,0.126,2.276,0.682,0.006,8.609,2.590,2.466,0.423,3.368,3.590,8.222,3.257,13.628,5.723,5.156,2.156,4.769,0.719,2.709,13.190,7.883,8.034,0.416
Colo_rep2_Dep6_Tu10,0.048,3.165,0.678,0.029,0.390,7.843,2.010,0.740,3.360,4.924,9.696,4.850,8.608,7.282,1.807,5.611,4.763,0.529,9.020,7.440,3.785,10.340,3.082
Colo_rep3_Dep6_Tu40,0.823,1.655,0.548,0.307,8.999,24.983,4.052,1.336,3.139,3.553,6.811,5.064,7.986,4.367,1.235,2.350,1.485,0.953,5.258,6.754,0.585,4.303,3.453
Colo_rep3_Dep6_Tu30,2.321,0.551,0.929,0.037,1.114,18.114,3.748,2.637,1.522,8.599,8.620,2.745,1.215,4.939,4.238,5.301,3.154,1.825,5.374,6.941,1.998,5.587,8.489
Colo_rep6_Dep6_Tu30,0.573,6.890,0.607,0.103,7.649,15.070,3.279,5.595,2.428,5.335,3.087,3.818,10.002,5.360,0.903,2.952,1.733,1.284,4.072,8.148,4.588,1.792,4.731
Colo_rep4_Dep6_Tu50,1.077,4.700,0.616,0.056,8.718,24.949,3.943,6.403,1.903,7.954,6.918,2.789,0.581,3.403,1.859,0.869,3.317,2.664,3.734,6.873,1.102,2.686,2.885
Colo_rep5_Dep6_Tu50,1.294,3.423,0.641,0.900,7.210,24.149,3.110,2.093,2.331,9.548,7.823,6.107,3.269,5.137,0.670,1.126,2.306,2.738,4.154,4.793,4.737,2.398,0.041
Colo_rep6_Dep6_Tu2,0.003,2.137,1.112,0.002,8.121,2.744,2.012,3.949,2.172,2.760,8.300,3.412,7.825,5.092,2.298,0.168,7.945,2.728,8.807,11.560,9.312,6.289,1.252
Colo_rep10_Dep6_Tu50,1.484,9.310,0.688,0.567,6.360,30.745,5.566,4.074,2.951,2.909,0.451,4.702,4.673,2.386,1.101,2.990,2.228,1.672,3.159,6.677,0.733,1.201,3.375
Colo_rep7_Dep6_Tu50,3.413,5.510,0.345,0.474,8.856,18.293,4.761,4.496,3.651,10.040,8.605,2.646,2.661,5.946,0.120,3.763,4.518,1.100,2.419,3.664,1.354,0.600,2.766
Colo_rep9_Dep6_Tu40,2.011,5.264,0.983,0.082,7.947,20.863,4.811,5.408,3.687,5.461,6.417,0.448,5.612,2.499,0.926,3.966,4.140,1.833,3.643,3.223,5.020,4.048,1.709
Colo_rep8_Dep6_Tu5,0.084,3.468,0.858,0.031,3.291,3.262,3.176,0.445,5.339,5.728,8.734,4.469,15.961,13.137,2.729,1.054,2.704,2.036,0.830,7.252,6.944,7.696,0.772
Colo_rep1_Dep6_Tu20,0.945,6.299,0.184,0.287,11.673,8.614,1.821,3.191,7.301,1.963,6.982,2.907,8.135,9.219,0.624,3.620,5.378,1.007,6.863,4.961,0.117,1.764,6.145
Colo_rep9_Dep6_Tu2,0.203,1.144,0.752,0.001,8.382,2.552,1.130,2.621,2.259,7.286,7.393,2.820,5.328,3.271,4.039,10.862,6.344,1.904,0.489,13.710,0.529,1.848,15.133
Colo_rep5_Dep6_Tu30,1.634,0.754,0.364,0.094,5.767,15.663,6.393,2.918,3.182,12.027,3.156,1.586,6.985,6.214,3.130,2.332,4.333,1.359,4.393,4.970,4.241,1.576,6.930
Colo_rep4_Dep6_Tu0.1,0.025,2.164,0.851,0.010,5.925,1.146,1.982,1.056,3.004,6.460,7.716,2.697,1.927,16.273,4.449,3.507,8.322,1.466,2.865,3.975,10.160,7.031,6.989
Colo_rep5_Dep6_Tu0.1,0.012,1.514,0.994,0.001,4.555,2.353,2.569,2.522,1.971,5.524,6.703,1.577,10.880,6.413,3.220,1.921,10.185,2.146,6.340,3.104,10.142,5.542,9.810
Colo_rep9_Dep6_Tu3,0.041,3.003,0.527,0.002,11.265,1.935,2.034,2.837,3.788,4.860,6.630,1.751,6.921,5.661,1.289,0.854,4.597,1.138,8.717,15.563,5.418,2.921,8.247
Colo_rep2_Dep6_Tu0.1,0.064,3.709,0.356,0.001,4.224,1.785,1.900,3.943,2.312,4.860,7.868,3.743,14.021,3.180,2.671,0.038,8.378,1.322,5.428,2.881,5.442,15.623,6.249
Colo_rep8_Dep6_Tu10,0.360,1.599,0.506,0.003,5.378,4.176,4.042,2.925,3.562,5.704,8.847,3.235,17.377,10.314,0.866,1.650,9.917,2.377,4.811,2.524,3.639,1.650,4.538
Colo_rep4_Dep6_Tu30,0.734,4.616,0.868,0.785,2.506,15.180,4.425,1.170,0.561,7.783,5.943,4.159,7.256,3.927,2.907,6.732,3.487,0.198,7.863,2.844,7.935,1.041,7.081
Colo_rep2_Dep6_Tu2,0.002,6.933,0.590,0.000,1.595,2.538,0.011,2.437,2.617,4.154,7.511,3.211,12.221,9.557,6.897,0.142,8.740,2.375,6.003,1.054,6.602,12.409,2.399
Colo_rep1_Dep6_Tu5,0.149,1.344,1.113,0.005,8.237,3.526,3.689,2.950,2.769,5.322,6.555,1.189,8.199,0.667,3.732,13.018,8.862,0.513,1.866,8.972,12.746,0.427,4.149
Colo_rep8_Dep6_Tu50,0.723,5.510,0.574,0.919,4.933,27.226,4.606,4.134,3.714,6.450,8.421,4.871,1.791,1.892,2.007,4.577,0.919,1.714,4.783,5.914,0.394,0.656,3.272
Colo_rep5_Dep6_Tu5,0.008,4.143,0.574,0.000,13.836,1.658,1.803,3.258,4.508,2.441,4.564,3.062,1.883,5.214,3.621,7.051,9.072,1.428,1.787,7.542,6.983,11.700,3.863
Colo_rep6_Dep6_Tu50,0.748,5.192,0.631,0.011,10.459,25.260,3.814,5.714,0.298,6.639,6.045,5.294,2.067,6.139,1.674,0.668,0.958,3.424,5.629,6.650,0.011,0.632,2.043
Colo_rep5_Dep6_Tu0.5,0.085,2.386,0.744,0.002,0.399,1.673,2.593,3.320,0.645,2.037,7.921,3.215,12.883,10.577,1.795,7.986,3.098,2.905,8.181,1.048,13.500,6.825,6.181
Colo_rep4_Dep6_Tu20,0.357,4.356,0.711,0.010,9.055,13.533,3.389,2.843,4.166,0.814,6.911,3.672,11.595,4.287,2.544,6.918,4.285,0.923,3.129,7.672,0.701,7.190,0.938
Colo_rep8_Dep6_Tu40,2.725,4.973,0.392,1.039,6.859,18.261,5.325,3.949,3.588,1.634,6.960,4.047,5.616,0.263,3.085,8.376,2.536,1.162,3.882,3.381,5.718,0.382,5.848
Colo_rep7_Dep6_Tu0.3,0.007,4.814,0.432,0.037,4.828,0.695,1.937,1.667,1.775,6.218,5.707,3.699,13.084,2.849,4.304,4.076,6.890,1.000,4.208,7.724,8.088,4.705,11.253
Colo_rep7_Dep6_Tu30,1.087,1.697,1.754,0.030,2.730,20.369,1.702,3.214,2.816,7.302,4.657,3.949,14.700,0.935,1.979,0.515,0.269,2.177,1.201,8.015,11.725,2.911,4.264
Colo_rep10_Dep6_Tu20,0.662,1.641,0.204,0.429,9.559,10.278,1.281,4.750,3.857,5.796,9.255,2.915,8.188,7.815,1.863,1.646,9.640,2.866,4.998,3.347,0.783,4.352,3.873
Colo_rep9_Dep6_Tu10,0.052,2.494,0.980,0.060,5.004,6.713,3.183,2.211,5.474,1.495,11.130,1.578,2.114,2.878,1.433,7.150,6.381,1.869,10.494,9.269,10.624,3.199,4.213
Colo_rep9_Dep6_Tu0.1,0.012,0.857,0.395,0.000,9.798,1.947,3.563,3.043,4.030,5.929,2.634,3.443,11.057,0.863,3.727,2.070,11.674,1.192,6.991,9.885,5.492,2.432,8.964
Colo_rep10_Dep6_Tu0.3,0.007,2.571,0.557,0.001,10.190,1.263,2.805,2.674,3.333,4.541,6.615,0.733,18.889,12.794,3.672,0.256,1.843,0.394,7.972,0.573,6.597,6.513,5.206
Colo_rep8_Dep6_Tu20,0.689,2.862,0.778,0.002,0.399,10.872,4.874,4.184,3.281,7.792,3.505,4.414,18.907,4.421,2.455,1.313,1.723,1.073,2.901,11.138,3.862,3.339,5.218
Colo_rep3_Dep6_Tu3,0.016,1.541,0.806,0.006,2.487,5.723,0.711,3.570,3.700,5.704,9.269,3.327,8.776,3.904,4.319,10.538,4.494,0.356,5.523,6.599,3.730,3.822,11.080
Colo_rep4_Dep6_Tu2,0.012,4.020,0.425,0.002,6.357,1.511,2.890,1.962,3.390,2.932,8.984,2.487,7.809,7.684,0.601,4.769,2.913,1.152,8.838,19.236,6.371,0.283,5.372
Colo_rep10_Dep6_Tu0.1,0.023,0.504,0.271,0.000,12.488,1.716,3.798,3.035,1.644,1.721,3.749,3.927,10.919,1.806,4.182,6.319,11.937,1.106,4.782,15.454,4.291,4.585,1.743
Colo_rep4_Dep6_Tu0.3,0.039,1.471,1.309,0.003,3.720,0.453,3.819,1.900,2.550,4.328,7.650,3.649,16.893,12.715,3.178,1.201,4.579,1.195,3.036,4.715,2.517,16.794,2.288
Colo_rep9_Dep6_Tu0.3,0.016,3.841,0.940,0.006,4.359,1.804,1.192,2.160,2.402,2.571,10.468,2.104,9.321,9.275,2.272,6.258,5.949,0.020,5.698,3.165,11.639,11.294,3.249
Colo_rep1_Dep6_Tu10,0.327,0.951,0.247,0.006,11.937,4.008,3.011,2.624,3.411,5.500,8.295,5.189,10.865,8.207,2.696,3.416,1.671,3.271,6.266,6.924,2.696,3.474,5.008
Colo_rep6_Dep6_Tu0.3,0.098,3.315,0.711,0.001,8.195,0.984,1.302,3.689,2.658,4.772,2.355,4.274,7.640,5.069,2.074,0.178,6.158,1.448,10.603,14.949,4.183,10.037,5.307
Colo_rep6_Dep6_Tu0.5,0.015,2.887,0.427,0.003,12.780,0.549,3.475,1.344,2.842,4.140,5.902,2.891,11.580,6.587,3.323,3.053,17.115,2.052,2.087,4.355,5.363,3.654,3.576
Colo_rep10_Dep6_Tu10,0.193,0.240,0.447,0.373,12.582,5.495,4.630,5.527,1.163,4.888,4.973,3.042,10.006,3.556,4.681,4.685,5.264,1.407,5.883,14.034,3.310,0.003,3.617
Colo_rep10_Dep6_Tu1,0.007,2.388,0.022,0.003,13.940,1.197,1.995,1.781,2.743,6.472,10.848,3.492,8.140,9.362,1.876,1.228,2.180,0.933,0.462,15.529,0.783,3.709,10.912
Colo_rep10_Dep6_Tu5,0.010,5.117,0.168,0.307,10.517,5.909,3.848,5.046,1.214,1.665,1.844,3.184,0.984,8.068,2.706,4.622,3.248,0.624,10.191,12.216,1.111,13.843,3.559
Colo_rep10_Dep6_Tu40,1.135,2.999,2.019,0.032,0.880,25.334,3.856,3.773,2.595,4.692,6.641,3.766,6.740,0.984,3.248,4.184,1.188,2.929,5.429,4.703,2.552,2.698,7.623
Colo_rep10_Dep6_Tu0.5,0.010,4.893,0.306,0.000,4.328,0.613,6.422,2.546,2.718,3.670,3.244,5.514,6.404,9.868,1.199,2.546,7.129,2.432,5.670,14.755,3.054,4.769,7.909
Colo_rep1_Dep6_Tu1,0.015,1.138,0.215,0.000,12.703,1.190,2.546,3.188,1.937,5.601,6.376,3.293,7.121,5.238,3.518,6.558,6.368,0.671,6.156,9.011,5.690,5.998,5.470
Colo_rep7_Dep6_Tu20,1.034,1.051,0.358,0.058,4.390,13.616,3.627,3.541,2.605,5.815,5.322,2.628,8.522,5.034,0.756,7.830,5.010,1.406,4.683,0.994,9.279,6.414,6.027
Colo_rep6_Dep6_Tu10,0.113,1.112,2.061,0.211,10.398,7.169,1.896,1.716,3.078,3.839,3.279,2.955,11.915,3.300,1.401,5.057,6.159,1.865,1.364,15.742,3.521,9.034,2.817
Colo_rep10_Dep6_Tu3,0.039,4.998,0.796,0.012,1.957,4.209,2.465,3.878,0.631,1.953,6.568,3.242,11.786,4.894,4.582,9.504,6.478,0.765,8.845,1.964,0.130,12.881,7.427
Colo_rep1_Dep6_Tu30,0.375,5.565,0.908,0.005,1.837,20.066,2.233,1.220,4.409,4.987,5.166,3.379,0.781,4.178,2.264,11.946,2.706,1.524,3.723,3.959,2.848,8.212,7.710
Colo_rep1_Dep6_Tu0.1,0.243,2.707,0.223,0.055,3.284,2.394,2.970,2.660,1.486,2.221,7.056,2.219,17.083,7.341,0.137,5.106,6.153,1.219,8.689,6.996,0.302,9.871,9.584
Colo_rep7_Dep6_Tu5,0.385,1.199,1.162,0.277,2.703,2.748,3.654,3.111,3.790,3.676,8.161,1.779,19.230,16.420,5.088,4.180,1.683,0.405,5.853,4.195,3.764,0.180,6.356
Colo_rep7_Dep6_Tu0.1,0.053,1.825,0.539,0.003,9.832,1.329,1.959,2.249,2.766,5.469,8.454,2.008,3.715,7.098,3.417,4.512,7.227,0.216,9.794,4.434,6.532,9.276,7.290
Colo_rep6_Dep6_Tu40,1.185,2.255,0.572,0.082,0.838,26.478,3.008,1.033,6.958,8.047,4.493,0.002,3.501,2.611,1.914,10.858,4.168,2.986,3.852,3.461,1.887,1.541,8.273
Colo_rep8_Dep6_Tu2,0.027,3.426,0.654,0.000,5.982,2.903,1.913,1.854,2.464,3.949,6.929,3.059,16.617,1.128,2.000,2.014,11.293,0.442,7.644,11.004,1.297,5.001,8.400
Colo_rep7_Dep6_Tu0.5,0.007,4.346,0.557,0.000,5.899,1.926,2.377,1.949,2.019,8.345,8.423,0.768,3.599,11.128,5.259,5.110,8.012,1.599,5.071,2.540,4.954,8.544,7.570
Colo_rep5_Dep6_Tu20,0.325,3.765,0.745,0.008,7.027,10.410,2.269,3.688,3.987,6.638,3.808,2.748,14.236,1.663,0.479,1.401,3.248,1.414,2.644,17.107,0.462,4.160,7.768
Colo_rep8_Dep6_Tu0.3,0.007,4.812,0.698,0.001,2.301,2.139,1.139,2.295,2.376,5.097,5.008,1.852,16.601,12.524,3.633,1.973,6.599,0.754,7.275,8.643,0.286,8.148,5.840
Colo_rep4_Dep6_Tu5,0.018,5.050,0.589,0.000,8.278,2.426,0.488,3.364,3.697,4.906,10.925,2.717,15.666,5.217,0.384,5.456,3.366,0.533,7.079,4.696,1.822,5.288,8.036
Colo_rep9_Dep6_Tu1,0.065,4.691,0.749,0.007,9.069,0.621,3.067,0.058,2.859,2.670,5.797,2.556,13.073,8.996,4.393,2.990,12.290,1.140,2.064,4.741,2.422,12.247,3.433
Colo_rep1_Dep6_Tu0.5,0.031,3.913,0.581,0.000,5.716,1.281,2.396,2.717,2.660,6.127,7.399,1.722,13.994,7.350,4.078,0.651,9.248,0.772,5.546,3.906,2.084,6.402,11.426
Colo_rep8_Dep6_Tu3,0.061,5.162,0.895,0.005,2.913,3.872,3.164,2.925,0.250,7.007,1.498,2.556,6.165,5.945,0.488,5.455,5.172,0.774,8.082,18.343,3.582,12.201,3.485
Colo_rep5_Dep6_Tu0.3,0.016,5.508,0.639,0.000,2.440,1.079,1.367,3.745,3.631,3.131,9.477,3.916,12.746,9.912,4.359,2.749,6.612,1.283,11.664,3.081,1.962,3.843,6.842
Colo_rep2_Dep6_Tu30,1.596,0.384,2.052,0.045,8.976,13.392,2.091,5.374,3.152,3.196,8.701,3.193,10.234,9.130,4.115,2.245,0.239,0.736,4.718,0.471,2.114,9.404,4.441
Colo_rep7_Dep6_Tu10,0.242,0.265,1.217,0.110,10.307,2.777,3.737,2.776,6.463,2.786,7.849,2.659,10.137,5.714,0.839,3.116,4.455,1.601,5.878,2.649,9.542,12.602,2.281
Colo_rep2_Dep6_Tu40,2.381,3.656,0.810,1.423,7.926,15.867,7.795,4.790,1.585,5.873,6.595,3.814,12.667,0.745,1.130,2.761,4.573,0.601,4.156,1.291,2.079,4.404,3.078
Colo_rep3_Dep6_Tu0.1,0.021,3.241,0.347,0.002,8.781,0.889,1.969,2.678,1.672,3.617,10.843,2.463,12.288,4.531,1.286,4.231,0.715,0.998,11.782,6.888,10.794,5.923,4.042
Colo_rep3_Dep6_Tu1,0.043,2.939,0.050,0.001,9.580,0.500,2.170,1.876,3.238,2.565,9.782,3.792,12.755,6.800,0.727,6.421,5.666,0.629,2.850,14.063,1.657,4.138,7.757
Colo_rep8_Dep6_Tu1,0.001,2.671,0.711,0.008,5.103,2.466,2.402,2.040,2.186,4.275,3.271,4.422,16.806,3.670,1.162,4.048,9.852,1.496,1.968,13.948,0.944,9.737,6.812
Colo_rep4_Dep6_Tu1,0.006,3.119,0.645,0.000,11.566,1.026,3.813,2.360,3.672,4.824,3.862,3.052,0.083,12.213,1.279,2.266,2.369,3.657,2.360,19.224,4.971,6.831,6.802
Colo_rep5_Dep6_Tu40,0.421,2.484,1.062,0.113,8.198,20.098,3.265,6.503,1.017,5.550,5.533,5.877,8.132,5.751,2.025,6.764,0.771,2.391,2.226,1.174,1.962,4.336,4.349
Colo_rep5_Dep6_Tu10,0.154,4.580,1.421,0.006,3.717,6.896,1.500,5.245,2.663,5.431,5.217,3.126,4.611,4.192,3.691,8.179,10.086,1.952,8.343,11.296,3.650,0.497,3.547
Colo_rep2_Dep6_Tu0.3,0.003,3.763,0.435,0.001,11.233,1.920,1.984,0.589,2.575,3.852,3.791,2.740,9.875,0.908,1.488,4.812,7.695,0.629,5.822,6.350,2.122,20.544,6.871
Colo_rep10_Dep6_Tu30,1.259,5.402,0.752,0.315,8.073,10.276,3.439,1.411,3.403,6.067,4.806,3.511,7.700,2.728,1.089,12.289,3.648,3.766,3.618,2.577,5.685,4.823,3.365
Colo_rep1_Dep6_Tu40,2.246,2.286,1.023,0.393,4.743,22.135,4.141,5.269,2.986,5.356,4.165,3.427,5.637,1.519,0.566,6.065,6.496,1.444,7.748,2.868,5.112,2.733,1.642
Colo_rep6_Dep6_Tu0.1,0.121,6.283,0.119,0.001,0.462,1.793,3.023,0.861,3.979,5.142,7.410,1.319,12.581,15.724,3.462,5.209,12.644,2.019,1.043,1.808,1.476,6.946,6.577
Colo_rep7_Dep6_Tu40,1.082,4.806,0.125,0.467,10.839,22.297,6.510,0.925,3.944,3.322,1.053,4.437,6.188,4.839,1.004,2.879,2.472,2.305,1.183,7.204,2.996,8.928,0.194
Colo_rep1_Dep6_Tu50,1.049,3.296,0.577,0.707,9.518,32.189,3.322,1.365,3.912,8.050,2.108,5.844,6.718,1.626,1.232,2.238,1.236,2.239,3.454,5.217,2.437,0.763,0.901
Colo_rep1_Dep6_Tu0.3,0.015,6.486,0.402,0.004,4.584,0.143,2.004,2.232,4.631,1.072,11.028,2.687,7.545,13.729,5.906,1.503,11.213,0.650,2.536,1.035,5.959,9.468,5.167
Colo_rep9_Dep6_Tu20,0.519,6.971,0.141,0.006,8.586,10.243,3.466,4.430,0.866,6.909,4.616,2.720,5.511,9.365,4.205,6.415,2.365,2.032,5.175,2.878,0.138,4.037,8.408
Colo_rep4_Dep6_Tu10,1.389,2.656,0.699,0.003,6.441,5.868,2.317,1.499,3.497,9.392,2.362,0.744,9.176,12.237,1.298,9.314,5.703,1.214,7.523,2.901,0.264,2.850,10.655
Colo_rep6_Dep6_Tu5,0.025,1.148,0.357,0.002,7.173,3.718,4.071,1.384,2.110,6.969,4.796,3.147,0.269,11.120,4.367,8.944,6.746,0.176,2.507,7.107,4.699,6.168,12.999
Colo_rep9_Dep6_Tu5,0.091,2.077,1.491,0.024,7.622,1.472,3.459,2.413,4.720,8.143,8.182,2.629,1.689,5.811,6.116,2.015,2.060,1.091,0.320,14.485,6.791,11.557,5.742
Colo_rep3_Dep6_Tu50,1.172,2.568,0.014,0.563,6.705,29.793,6.888,3.117,1.569,6.544,1.751,2.296,6.799,0.517,4.730,5.576,0.707,1.722,5.542,0.791,4.685,4.642,1.308
Colo_rep5_Dep6_Tu1,0.028,4.589,0.768,0.034,7.605,0.303,0.872,1.322,5.240,4.797,8.744,4.426,11.608,4.534,2.090,1.251,6.238,2.147,1.108,8.023,10.181,1.887,12.204
Colo_rep5_Dep6_Tu3,0.143,0.995,0.803,0.031,2.996,4.942,2.118,1.840,3.040,5.194,11.175,3.599,5.954,8.177,1.280,8.589,6.053,0.664,10.791,1.510,8.330,5.234,6.544
Colo_rep2_Dep6_Tu1,0.134,2.564,2.367,0.003,5.636,1.182,0.704,1.666,5.728,6.764,9.762,2.138,2.775,11.838,0.592,5.871,7.489,0.794,9.513,8.027,8.693,4.234,1.525
Colo_rep7_Dep6_Tu1,0.087,4.615,0.319,0.008,3.075,0.951,2.544,0.200,0.754,5.030,9.852,3.062,12.223,3.773,0.479,2.293,6.754,1.647,1.182,7.254,15.828,12.658,5.412
Colo_rep5_Dep6_Tu2,0.033,3.987,0.022,0.016,8.257,2.401,2.861,0.858,2.047,6.181,8.568,4.380,10.841,13.167,0.631,0.895,1.582,1.696,3.091,17.776,4.980,4.374,1.356
Colo_rep4_Dep6_Tu40,1.767,8.095,0.014,0.031,0.232,23.073,3.527,3.066,4.183,6.380,7.637,3.821,4.903,0.242,2.994,2.709,4.788,3.223,10.181,4.864,1.511,1.582,1.176
Colo_rep2_Dep6_Tu20,0.138,4.739,0.075,0.002,3.298,15.961,3.863,6.530,1.235,3.466,7.418,2.202,1.699,11.495,4.412,2.202,0.389,2.619,7.289,6.392,6.694,3.637,4.244
Colo_rep4_Dep6_Tu0.5,0.032,1.358,0.192,0.000,9.619,1.676,3.147,1.999,1.427,4.652,6.852,1.825,14.682,8.449,2.734,0.786,1.754,2.558,3.186,14.488,3.557,5.509,9.517
Colo_rep2_Dep6_Tu5,0.165,1.943,0.736,0.012,5.874,3.473,1.889,2.252,2.831,6.380,5.114,3.505,12.502,4.983,1.240,2.730,4.629,2.645,7.424,11.887,3.552,9.769,4.465
Colo_rep2_Dep6_Tu3,0.014,1.584,1.015,0.000,6.965,2.982,0.996,3.749,2.470,8.747,7.395,2.604,1.658,14.377,3.784,6.958,6.235,0.999,10.588,1.939,4.298,8.774,1.872
Colo_rep3_Dep6_Tu10,1.075,1.879,0.445,0.205,5.668,6.013,3.577,2.720,2.730,7.183,7.778,0.332,8.728,14.359,1.294,4.074,8.925,1.489,3.636,4.992,8.813,2.109,1.974
Colo_rep8_Dep6_Tu0.5,0.011,3.943,0.015,0.007,10.295,1.357,4.584,2.861,0.442,4.769,7.870,1.102,8.929,14.380,3.944,2.179,7.857,1.494,1.374,5.628,6.909,1.861,8.190
Colo_rep7_Dep6_Tu3,0.047,6.293,0.141,0.002,1.447,1.205,4.998,0.946,4.176,4.866,7.226,3.425,12.833,7.568,0.128,2.039,9.463,1.746,0.100,6.394,10.101,5.955,8.901
Colo_rep3_Dep6_Tu0.5,0.009,4.566,0.251,0.001,7.708,1.061,2.299,1.369,2.750,5.358,10.982,3.191,13.570,2.322,2.874,0.863,1.274,0.262,3.550,4.691,13.913,13.760,3.379
Colo_rep3_Dep6_Tu20,1.577,1.203,0.816,0.084,6.188,10.615,3.571,4.391,3.015,4.447,4.426,3.037,11.852,8.189,3.745,0.924,8.098,0.241,0.607,4.086,6.377,5.676,6.836
Colo_rep1_Dep6_Tu2,0.261,7.146,0.860,0.000,1.551,2.027,2.851,0.350,3.424,4.572,5.727,2.529,5.642,6.441,5.691,6.795,4.325,1.573,9.387,3.838,6.947,10.562,7.499
Colo_rep9_Dep6_Tu50,4.149,5.271,0.098,0.545,2.594,33.876,1.154,1.829,2.909,6.353,4.998,2.276,6.651,0.804,1.736,5.670,1.567,0.555,5.564,2.251,3.168,3.052,2.929
Colo_rep3_Dep6_Tu0.3,0.012,5.419,0.045,0.005,10.186,1.900,3.158,2.025,3.993,0.482,7.631,1.388,8.094,15.982,0.246,5.989,1.936,2.498,2.955,6.390,5.012,10.589,4.063
Colo_rep1_Dep6_Tu3,0.003,4.358,0.531,0.008,7.597,2.566,2.917,2.348,2.258,6.094,3.284,2.282,13.056,11.732,1.725,4.342,4.682,1.955,8.046,0.716,9.448,3.139,6.911
Br62_rep5_Dep6_Tu0.5,0.222,2.191,0.482,0.030,5.764,1.587,2.548,0.816,3.076,1.460,8.610,2.466,14.430,3.790,3.147,1.376,3.428,1.163,9.920,2.722,9.767,15.687,5.317
Br62_rep5_Dep6_Tu3,1.515,4.009,0.750,1.580,3.822,3.824,1.176,2.147,1.121,5.526,5.998,2.278,10.300,3.649,11.383,3.160,0.006,2.771,2.036,10.152,7.783,6.080,8.933
Br62_rep6_Dep6_Tu30,16.582,3.278,0.354,8.538,0.530,0.816,2.489,1.930,3.707,3.709,1.707,1.256,3.148,1.324,34.706,0.575,0.163,3.298,0.168,3.614,4.017,0.192,3.899
Br62_rep7_Dep6_Tu20,11.946,1.812,0.200,5.972,2.449,0.930,1.883,2.253,1.557,1.990,2.025,1.481,2.534,3.682,34.394,2.740,2.507,4.077,3.993,3.090,3.617,0.799,4.069
Br62_rep2_Dep6_Tu40,24.139,1.636,0.003,14.739,0.180,0.067,2.434,0.549,0.272,1.621,1.921,1.683,2.040,2.072,33.360,0.882,0.090,2.497,2.669,2.017,1.280,2.127,1.720
Br62_rep8_Dep6_Tu0.5,0.092,4.990,0.209,0.086,0.410,2.359,6.047,0.827,4.872,2.027,4.853,2.131,12.230,2.192,5.289,6.745,7.034,2.098,6.777,5.604,10.328,7.539,5.261
Br62_rep5_Dep6_Tu2,0.354,4.079,0.505,0.168,9.997,2.953,1.631,2.464,4.210,3.223,6.771,3.416,3.236,1.341,17.013,4.622,8.796,1.546,5.291,6.213,6.850,3.248,2.074
Br62_rep4_Dep6_Tu50,26.731,0.909,0.016,16.368,0.049,0.292,1.285,1.136,0.443,1.926,0.499,0.569,0.213,0.251,41.841,0.132,0.120,1.986,0.600,1.171,1.473,0.707,1.283
Br62_rep8_Dep6_Tu40,24.953,0.458,0.926,11.772,1.726,0.274,0.556,0.864,1.830,1.189,0.944,0.703,1.442,1.075,40.292,3.398,0.138,4.522,0.148,0.987,0.029,1.160,0.613
Br62_rep7_Dep6_Tu2,0.601,4.949,0.584,0.011,3.323,3.529,3.316,4.760,2.104,1.150,2.107,2.059,2.994,11.612,10.063,7.609,8.848,0.779,0.109,7.260,6.881,3.660,11.690
Br62_rep9_Dep6_Tu40,22.869,1.141,0.281,12.486,2.168,0.350,1.134,0.322,1.219,2.419,2.229,0.594,1.680,0.093,38.822,1.896,0.508,6.385,0.532,0.291,0.245,0.584,1.753
Br62_rep10_Dep6_Tu2,0.243,3.871,0.414,0.048,4.241,2.973,1.926,1.716,2.630,4.784,7.077,2.245,16.251,3.857,13.068,12.730,6.721,1.729,1.106,4.790,4.399,0.065,3.116
Br62_rep6_Dep6_Tu10,1.319,2.374,1.305,5.609,4.500,1.710,1.015,2.340,2.921,1.633,4.244,4.236,5.164,2.734,15.439,5.818,6.305,4.195,2.639,7.376,5.286,6.817,5.020
Br62_rep2_Dep6_Tu2,0.343,5.668,0.343,0.012,4.388,0.824,3.128,3.666,2.282,0.860,3.613,2.824,9.148,13.578,12.598,4.000,2.480,2.523,4.662,4.276,7.209,0.059,11.516
Br62_rep9_Dep6_Tu5,0.529,5.502,1.694,0.243,8.579,2.585,2.605,3.505,2.866,3.224,2.597,1.826,4.668,6.402,21.121,1.828,9.924,3.338,1.707,7.510,3.737,2.427,1.584
Br62_rep6_Dep6_Tu40,22.763,1.286,0.098,16.320,1.675,0.155,0.492,1.056,0.079,2.140,0.980,1.451,0.139,1.391,34.865,0.293,1.103,3.143,2.636,0.708,2.508,2.488,2.228
Br62_rep4_Dep6_Tu20,10.097,2.099,0.181,9.457,0.709,1.193,3.050,2.117,1.631,2.154,2.808,2.576,4.089,3.268,32.327,2.084,3.300,5.208,2.112,3.585,2.142,1.053,2.757
Br62_rep9_Dep6_Tu1,0.151,2.602,1.024,0.049,2.700,1.926,4.138,1.091,2.418,4.122,1.732,2.420,13.265,4.073,10.074,2.548,6.774,4.810,2.899,4.700,6.173,8.663,11.648
Br62_rep1_Dep6_Tu0.3,0.003,4.574,0.737,0.000,1.197,1.965,3.620,1.256,4.785,4.838,10.921,0.348,10.819,10.668,5.716,1.190,4.001,1.004,5.388,4.981,10.510,4.238,7.242
Br62_rep3_Dep6_Tu5,1.168,3.770,0.116,0.744,6.852,3.088,2.501,1.808,1.059,5.852,2.706,2.703,4.904,4.646,14.576,7.487,8.115,0.594,8.713,5.815,2.057,3.084,7.642
Br62_rep9_Dep6_Tu50,27.182,0.523,0.353,18.097,1.857,0.399,0.399,0.895,0.479,2.363,0.190,0.855,0.380,1.709,34.965,0.696,1.506,1.288,1.566,0.330,2.215,0.443,1.310
Br62_rep5_Dep6_Tu30,13.988,2.905,1.046,9.492,0.960,1.709,2.555,2.037,0.347,7.005,0.230,1.284,3.718,0.390,37.668,1.890,0.757,2.247,3.714,1.109,0.749,1.536,2.665
Br62_rep9_Dep6_Tu0.5,0.035,2.886,0.563,0.009,7.299,1.492,1.735,1.774,3.269,4.284,4.545,2.925,14.402,7.419,4.252,0.244,0.594,1.779,7.597,4.493,15.103,12.680,0.621
Br62_rep1_Dep6_Tu20,11.149,4.131,0.579,6.109,1.691,0.562,2.139,2.261,3.613,0.485,2.333,3.418,5.934,3.895,29.641,0.076,2.418,6.417,3.160,4.575,1.325,1.508,2.580
Br62_rep4_Dep6_Tu2,0.039,5.958,0.545,0.193,1.780,2.265,2.684,2.602,0.563,2.934,11.406,3.993,1.734,1.877,5.492,2.777,10.893,1.732,10.465,13.999,0.531,11.353,4.186
Br62_rep8_Dep6_Tu3,0.374,4.795,0.922,1.092,6.472,2.245,2.387,1.017,2.495,3.619,3.546,2.309,12.546,2.394,10.560,3.149,8.394,1.060,2.973,10.601,6.308,3.790,6.952
Br62_rep2_Dep6_Tu5,1.879,1.706,0.639,4.048,9.828,1.220,1.317,2.304,2.040,7.190,1.717,1.804,1.522,1.001,11.540,2.475,7.089,0.489,1.088,11.368,7.710,14.903,5.123
Br62_rep2_Dep6_Tu1,0.077,1.711,2.412,0.012,9.079,1.969,1.245,2.954,0.838,6.042,7.830,2.856,9.583,6.557,4.359,9.538,2.293,1.693,13.914,7.214,0.294,1.182,6.351
Br62_rep8_Dep6_Tu1,0.024,3.305,1.006,0.014,3.967,2.309,2.619,0.931,2.105,4.485,3.108,4.923,16.586,5.508,4.818,0.708,7.881,1.896,1.293,18.057,0.719,5.935,7.803
Br62_rep10_Dep6_Tu0.1,0.101,1.865,0.750,0.004,4.060,0.469,4.744,2.986,4.245,4.302,3.145,3.247,8.661,4.032,3.999,1.253,3.893,0.399,9.298,17.388,1.882,5.096,14.181
Br62_rep3_Dep6_Tu40,24.652,0.990,0.392,15.652,1.887,0.488,0.619,1.336,0.613,0.954,1.014,2.687,0.171,0.750,35.861,0.422,0.868,2.939,3.758,0.218,2.053,0.945,0.732
Br62_rep8_Dep6_Tu0.3,0.034,4.915,0.730,0.081,4.279,2.561,0.527,2.029,0.834,1.906,11.360,3.050,5.948,5.138,7.070,6.210,11.160,1.017,5.579,2.408,10.462,4.771,7.930
Br62_rep4_Dep6_Tu0.5,0.016,2.157,0.518,0.000,5.543,2.217,1.032,1.871,4.485,2.213,8.909,3.965,7.639,6.007,3.437,4.981,10.788,3.244,7.733,2.176,0.066,9.999,11.002
Br62_rep6_Dep6_Tu50,25.671,1.087,0.350,16.230,1.258,0.380,1.118,2.441,0.846,2.728,0.593,0.801,0.151,0.566,38.736,0.158,0.778,0.180,1.587,1.085,1.046,1.603,0.608
Br62_rep7_Dep6_Tu0.1,0.037,0.553,0.934,0.004,5.269,0.645,2.796,4.233,1.412,6.947,6.870,1.016,17.819,6.258,2.521,7.512,1.918,0.253,1.333,4.452,17.688,4.730,4.799
Br62_rep9_Dep6_Tu30,16.290,3.225,1.001,6.535,1.202,1.377,2.076,1.422,2.970,1.274,3.694,2.716,3.253,1.205,28.703,2.443,1.945,2.874,4.454,2.585,2.125,2.428,4.202
Br62_rep6_Dep6_Tu20,8.253,5.024,0.512,6.628,2.424,1.347,1.255,1.508,2.504,2.525,2.904,3.038,5.221,0.839,28.979,5.236,4.522,1.817,4.183,1.288,2.992,1.713,5.287
Br62_rep5_Dep6_Tu5,1.840,1.465,0.818,0.466,8.198,1.957,4.422,1.340,6.750,2.049,4.772,1.704,10.278,6.716,17.260,2.947,9.106,2.287,0.364,2.734,4.834,0.767,6.924
Br62_rep4_Dep6_Tu40,19.470,0.913,0.108,15.406,1.474,0.888,1.836,0.411,0.492,1.258,0.382,1.013,0.734,0.973,41.710,1.822,0.280,4.639,1.062,1.039,1.780,1.589,0.722
Br62_rep8_Dep6_Tu0.1,0.003,3.855,0.170,0.000,10.818,2.383,2.454,4.642,1.352,2.130,8.785,3.306,7.104,3.387,2.746,0.235,17.702,0.595,8.957,7.206,2.171,9.848,0.149
Br62_rep1_Dep6_Tu40,22.118,1.084,1.293,15.465,0.072,1.202,1.014,2.313,0.575,1.298,0.185,1.520,0.546,1.310,34.838,1.430,2.857,4.831,0.336,1.508,0.971,2.825,0.409
Br62_rep3_Dep6_Tu30,15.499,2.186,1.400,12.399,3.084,0.680,0.725,1.986,0.408,0.441,0.662,1.859,1.105,1.395,32.466,4.476,1.027,4.741,4.242,1.007,1.859,2.861,3.492
Br62_rep7_Dep6_Tu0.5,0.003,3.494,0.500,0.000,8.629,1.490,1.799,0.879,3.695,5.806,3.986,2.872,15.463,12.481,5.724,5.429,8.248,1.488,5.302,0.126,9.276,1.145,2.165
Br62_rep1_Dep6_Tu10,1.110,0.036,0.325,4.412,7.079,3.231,5.310,3.469,2.512,4.641,0.977,4.105,3.420,4.261,18.551,4.432,7.182,3.532,3.585,8.256,5.694,3.550,0.330
Br62_rep10_Dep6_Tu20,13.628,2.302,0.293,2.851,3.439,2.053,2.584,2.933,1.620,2.087,4.136,1.861,4.086,3.123,31.967,0.960,4.383,3.032,1.187,7.056,0.212,0.595,3.612
Br62_rep1_Dep6_Tu5,2.279,1.240,0.516,0.359,7.281,3.895,1.228,2.866,1.862,4.939,6.123,2.181,7.484,8.794,20.700,1.929,0.686,2.191,4.132,1.353,3.702,3.934,10.328
Br62_rep3_Dep6_Tu50,26.317,0.570,1.398,15.925,2.141,0.917,0.867,0.984,0.847,1.294,0.674,1.365,0.135,1.216,36.209,2.500,0.156,0.241,0.694,0.762,2.156,0.162,2.469
Br62_rep1_Dep6_Tu3,0.862,1.890,0.658,1.213,7.571,3.625,1.830,0.920,2.320,7.998,0.368,1.914,13.898,9.441,9.804,1.397,7.256,0.779,8.328,2.838,1.987,3.106,9.998
Br62_rep7_Dep6_Tu30,20.937,0.730,0.132,8.739,2.164,2.080,0.125,0.920,1.470,4.473,1.097,0.053,1.225,1.943,35.755,3.968,0.385,0.995,5.225,1.569,1.791,2.971,1.254
Br62_rep6_Dep6_Tu1,0.318,4.052,0.208,0.013,6.658,2.928,2.033,1.768,0.941,3.927,5.347,3.484,12.450,1.961,8.007,6.936,12.311,1.107,5.731,3.278,6.778,4.668,5.095
Br62_rep1_Dep6_Tu0.5,0.043,3.292,1.111,0.004,3.188,2.370,2.896,3.094,0.490,0.785,10.288,4.554,13.668,3.797,6.276,4.091,9.395,1.202,3.035,1.969,7.014,10.070,7.367
Br62_rep1_Dep6_Tu0.1,0.032,4.117,0.139,0.002,5.889,2.645,2.445,0.496,2.936,5.072,5.661,1.965,6.120,10.991,1.518,3.106,4.648,1.181,1.128,7.916,8.559,6.485,16.951
Br62_rep9_Dep6_Tu3,0.722,3.191,0.466,1.137,11.114,2.014,2.065,2.317,2.908,3.403,5.254,2.365,13.496,6.122,9.610,1.703,1.410,1.231,3.759,4.636,9.095,6.502,5.482
Br62_rep5_Dep6_Tu40,18.391,1.269,0.157,14.748,0.547,1.367,2.231,0.956,2.620,1.445,1.132,1.439,2.106,1.141,31.797,1.466,1.322,4.113,3.584,1.135,4.668,1.824,0.541
Br62_rep10_Dep6_Tu3,2.202,5.046,0.707,0.081,3.106,1.702,1.997,1.517,3.696,1.475,6.081,1.842,12.597,7.203,15.837,2.433,3.781,2.066,8.786,6.309,8.042,1.679,1.816
Br62_rep2_Dep6_Tu0.3,0.086,1.799,0.675,0.006,6.908,2.082,1.192,3.094,0.658,6.486,5.444,2.804,11.924,2.943,1.299,3.650,8.299,3.028,6.931,15.124,8.085,7.098,0.383
Br62_rep10_Dep6_Tu40,20.543,2.868,1.082,11.552,1.502,0.190,3.209,0.582,0.987,1.818,0.568,1.432,0.209,0.211,35.555,2.034,1.965,2.808,0.149,1.514,2.285,3.253,3.684
Br62_rep3_Dep6_Tu2,0.174,2.799,0.458,0.250,6.341,1.401,3.635,1.693,5.207,4.223,10.234,0.092,7.855,4.366,11.175,2.624,5.358,1.524,3.219,8.378,6.329,4.313,8.350
Br62_rep5_Dep6_Tu1,1.397,8.359,0.184,0.030,9.332,1.234,4.237,1.210,4.457,0.854,0.294,3.488,6.739,10.647,5.307,5.382,2.161,0.685,9.107,10.747,1.729,4.666,7.753
Br62_rep4_Dep6_Tu1,0.236,1.138,1.021,0.200,2.678,2.268,4.925,3.556,5.328,3.494,7.096,1.634,6.752,7.183,3.031,6.302,1.979,1.313,6.893,17.362,2.477,1.313,11.819
Br62_rep10_Dep6_Tu0.5,0.028,3.668,0.064,0.002,9.559,0.828,4.481,2.720,2.351,3.639,6.645,4.184,8.590,8.632,6.044,3.915,5.005,2.073,3.108,14.522,6.277,1.550,2.115
Br62_rep5_Dep6_Tu20,13.205,2.528,1.041,6.905,5.603,0.475,0.711,2.033,2.232,1.617,1.552,1.786,7.127,6.703,25.194,0.632,3.502,4.731,2.349,6.145,0.114,1.118,2.696
Br62_rep6_Dep6_Tu0.3,0.022,0.962,1.738,0.002,5.750,1.502,2.420,2.166,3.056,5.687,13.161,3.193,8.132,1.016,5.653,2.086,10.115,0.682,0.689,8.257,7.400,11.439,4.871
Br62_rep9_Dep6_Tu0.3,0.058,5.005,1.126,0.019,2.378,1.546,1.247,2.773,0.445,3.753,10.384,2.624,14.728,9.047,0.735,5.126,9.050,0.546,0.062,5.521,9.615,7.600,6.612
Br62_rep2_Dep6_Tu20,11.158,2.908,1.189,4.826,3.888,4.241,3.166,0.938,1.410,2.346,2.441,1.869,1.216,3.773,33.057,0.207,3.164,3.571,3.597,0.473,4.275,3.269,3.018
Br62_rep6_Dep6_Tu0.5,0.074,2.267,0.622,0.040,7.826,1.938,2.535,4.291,3.757,3.404,6.943,1.426,9.867,6.124,7.030,4.084,10.812,2.390,1.706,11.601,1.216,2.497,7.550
Br62_rep8_Dep6_Tu10,3.170,0.729,1.753,2.540,6.658,0.853,3.647,2.164,4.501,4.146,1.960,1.835,4.419,5.619,20.133,2.958,7.124,7.343,2.005,8.108,0.941,2.290,5.105
Br62_rep2_Dep6_Tu0.1,0.201,6.157,0.002,0.001,2.026,1.526,3.356,3.225,1.504,3.574,8.837,4.416,10.845,3.699,1.680,2.828,6.647,0.212,7.144,13.929,3.363,8.495,6.333
Br62_rep5_Dep6_Tu10,7.995,0.474,0.150,3.674,9.566,0.803,1.704,2.187,2.374,2.123,7.071,2.411,2.263,0.813,26.121,1.660,7.718,1.480,5.089,1.221,0.670,9.071,3.364
Br62_rep10_Dep6_Tu10,7.385,2.927,0.285,2.778,6.944,0.990,1.557,3.579,2.341,4.013,4.263,1.326,7.548,3.322,15.509,4.184,8.643,2.549,1.287,5.543,5.557,3.410,4.060
Br62_rep4_Dep6_Tu10,1.606,3.548,1.156,4.186,3.651,1.527,2.666,1.527,1.385,5.510,2.598,2.471,6.801,2.755,20.873,9.043,6.240,1.764,3.342,1.867,1.813,5.671,8.000
Br62_rep3_Dep6_Tu0.1,0.068,3.011,0.766,0.000,6.061,1.060,2.541,0.547,3.964,1.337,11.225,3.033,14.436,3.065,0.995,1.717,6.297,1.689,11.593,8.052,6.375,5.835,6.334
Br62_rep2_Dep6_Tu50,27.825,0.614,0.176,14.265,0.162,0.298,0.407,1.016,0.479,1.118,0.253,0.697,0.116,0.676,41.864,1.008,0.353,4.443,0.786,0.640,1.529,1.074,0.202
Br62_rep9_Dep6_Tu10,1.288,1.657,1.630,5.608,5.238,3.373,3.367,2.453,2.188,1.431,6.730,2.065,6.811,7.006,19.736,3.753,1.372,3.225,3.217,0.587,6.684,8.352,2.229
Br62_rep5_Dep6_Tu0.3,0.043,2.627,0.886,0.001,7.594,2.040,0.501,3.277,2.202,4.184,10.748,3.970,8.688,2.461,5.151,2.107,3.083,1.670,8.874,15.803,3.384,3.353,7.353
Br62_rep8_Dep6_Tu50,24.048,0.070,1.548,18.276,1.062,0.097,3.082,1.933,0.648,1.365,0.577,1.134,0.277,0.429,37.766,0.857,0.443,3.376,0.558,1.329,0.661,0.453,0.010
Br62_rep4_Dep6_Tu0.3,0.044,4.430,0.774,0.002,1.539,2.017,3.205,1.219,3.143,2.168,8.244,4.415,13.758,8.852,3.312,2.606,7.223,0.395,7.723,2.363,8.387,0.727,13.453
Br62_rep7_Dep6_Tu1,1.934,3.728,0.257,0.003,1.419,1.679,2.462,1.925,1.531,2.675,9.719,2.241,9.305,7.249,5.632,12.544,3.913,1.876,1.246,5.942,9.210,6.252,7.259
Br62_rep3_Dep6_Tu0.5,0.253,3.093,0.403,0.021,10.109,1.861,1.582,2.460,2.461,2.616,10.870,3.015,7.951,2.850,2.645,0.733,3.795,1.375,12.101,17.534,6.388,4.791,1.093
Br62_rep7_Dep6_Tu40,16.803,1.480,0.603,15.815,0.437,1.242,2.747,1.640,1.120,3.084,1.392,0.255,0.711,1.486,34.401,1.286,0.677,4.461,3.450,1.408,2.369,0.893,2.241
Br62_rep2_Dep6_Tu3,1.958,2.602,0.693,0.089,4.089,2.597,1.632,4.018,1.441,7.851,2.269,2.818,10.625,2.969,10.568,8.783,9.705,2.448,8.739,5.576,7.522,0.034,0.975
Br62_rep2_Dep6_Tu0.5,0.295,1.347,1.083,0.016,7.840,2.262,2.213,0.170,5.027,5.736,7.027,0.048,6.621,0.031,1.854,6.728,9.640,0.708,8.261,5.885,12.824,10.722,3.662
Br62_rep1_Dep6_Tu50,23.700,1.133,0.883,14.726,0.642,0.414,0.539,2.679,1.323,4.486,0.463,0.806,0.989,0.933,38.364,0.926,0.780,1.797,1.802,0.989,0.479,1.135,0.013
Br62_rep3_Dep6_Tu3,2.744,5.684,0.664,0.278,3.436,2.399,1.107,2.360,3.703,1.669,6.922,3.454,9.992,3.536,13.787,3.459,3.228,2.199,6.310,0.426,10.039,7.159,5.445
Br62_rep7_Dep6_Tu3,2.094,0.150,1.002,0.098,2.114,2.911,4.384,3.171,2.500,6.349,4.713,3.408,2.429,0.718,11.551,2.165,14.471,3.334,6.565,9.946,7.004,8.636,0.288
Br62_rep3_Dep6_Tu0.3,0.035,0.495,0.720,0.009,10.882,1.924,3.988,0.149,4.340,4.680,8.227,1.368,5.064,1.868,6.455,6.337,9.003,3.142,6.772,9.523,10.834,3.566,0.620
Br62_rep8_Dep6_Tu30,18.003,2.299,1.130,8.767,3.067,1.888,0.448,1.267,1.232,2.426,1.697,2.364,1.707,1.393,36.385,1.703,2.188,1.645,4.417,3.185,0.188,0.844,1.759
Br62_rep4_Dep6_Tu30,18.206,1.057,0.088,12.911,2.392,0.586,0.675,1.867,0.016,1.915,1.443,1.052,2.345,1.207,36.857,0.130,2.035,2.005,0.724,2.436,3.834,4.115,2.104
Br62_rep6_Dep6_Tu3,0.003,1.100,0.748,0.936,6.023,1.385,3.347,1.745,3.698,3.424,6.459,2.147,8.585,6.212,14.756,4.580,9.838,3.450,2.402,4.443,6.996,0.496,7.229
Br62_rep4_Dep6_Tu0.1,0.000,4.741,0.341,0.002,5.800,1.904,2.574,3.703,2.187,1.374,0.355,2.982,9.056,12.225,2.122,7.350,7.175,2.108,9.258,1.195,8.631,7.745,7.172
Br62_rep8_Dep6_Tu5,2.032,0.515,1.245,0.706,9.491,3.855,1.024,4.817,1.294,6.085,4.269,2.491,11.738,0.382,16.711,2.827,10.655,1.432,4.095,0.071,2.899,7.181,4.182
Br62_rep10_Dep6_Tu50,27.271,3.096,2.667,16.602,1.655,0.326,1.142,1.167,0.699,2.034,0.497,0.696,0.249,0.206,30.842,0.321,0.275,2.351,1.167,0.697,1.449,1.715,2.873
Br62_rep10_Dep6_Tu0.3,0.007,1.910,0.665,0.001,10.403,1.327,1.795,0.142,4.846,4.185,6.209,3.474,15.453,6.638,4.173,1.422,12.625,0.291,8.904,8.724,1.991,0.575,4.241
Br62_rep3_Dep6_Tu20,16.461,0.558,0.205,5.102,1.844,0.490,0.899,0.428,2.320,4.369,3.500,1.651,3.183,5.360,24.415,3.989,4.708,3.638,5.283,0.613,2.725,4.635,3.625
Br62_rep1_Dep6_Tu1,0.031,2.713,0.359,0.007,10.358,1.079,1.464,2.178,4.965,2.206,7.520,3.246,10.098,2.018,4.309,3.301,14.651,2.512,4.712,0.533,1.255,12.148,8.338
Br62_rep3_Dep6_Tu1,0.069,1.813,0.273,0.015,8.366,1.291,3.628,2.227,4.013,0.595,5.343,3.588,16.302,5.800,3.524,3.843,2.419,1.022,12.547,10.161,5.155,4.369,3.638
Br62_rep9_Dep6_Tu2,0.885,5.899,0.024,0.301,3.970,2.724,1.169,2.882,1.797,5.360,5.395,3.769,4.187,4.570,14.538,1.095,9.147,1.382,8.857,9.534,1.072,5.803,5.641
Br62_rep7_Dep6_Tu50,26.830,1.157,0.932,15.327,0.985,0.481,1.233,0.508,1.301,1.677,0.144,0.869,0.434,0.316,39.873,1.274,0.287,2.474,0.718,0.517,0.653,1.607,0.407
Br62_rep7_Dep6_Tu5,1.282,1.065,1.531,1.744,2.801,4.335,0.413,1.602,5.049,5.778,5.709,2.275,1.828,3.918,22.495,0.207,9.396,1.437,4.086,5.263,8.076,7.214,2.498
Br62_rep8_Dep6_Tu2,1.137,0.074,1.573,0.428,2.876,3.823,3.779,2.614,3.446,0.682,6.299,3.435,8.592,3.853,11.954,3.218,6.725,1.548,8.514,7.517,3.441,8.017,6.452
Br62_rep5_Dep6_Tu0.1,0.054,0.700,1.213,0.007,3.225,3.015,3.575,0.862,1.536,6.117,7.493,3.225,7.331,9.500,2.605,1.732,12.473,2.030,6.930,4.435,7.597,10.957,3.390
Br62_rep6_Dep6_Tu5,0.380,3.177,1.046,1.326,5.319,3.451,2.963,0.149,2.378,4.460,3.980,1.939,3.737,11.264,22.531,3.541,0.667,1.509,3.802,2.330,6.153,9.619,4.277
Br62_rep9_Dep6_Tu20,10.829,1.014,0.510,6.673,1.804,1.667,1.901,1.721,1.331,5.860,2.815,0.677,1.229,2.015,26.342,0.971,3.264,7.666,2.922,2.946,5.581,3.980,6.284
Br62_rep2_Dep6_Tu30,18.755,0.292,0.508,11.447,2.216,0.344,0.491,0.665,0.966,1.877,1.251,1.544,3.005,0.181,35.169,5.425,1.503,6.056,1.959,2.130,0.154,2.550,1.510
Br62_rep7_Dep6_Tu10,5.045,2.969,0.530,2.271,7.932,1.084,0.882,1.341,2.320,3.935,4.174,2.354,9.213,4.826,20.853,9.647,0.995,1.546,7.587,3.530,2.889,2.960,1.117
Br62_rep6_Dep6_Tu0.1,0.031,7.092,0.199,0.044,3.230,0.240,2.432,3.838,1.761,5.734,4.563,2.979,2.009,9.942,2.707,2.586,2.663,3.090,3.089,3.369,13.220,10.949,14.229
Br62_rep5_Dep6_Tu50,29.568,1.051,1.187,13.086,0.301,0.365,0.257,0.659,0.280,1.313,0.127,1.054,0.767,0.402,39.977,0.152,1.062,4.531,0.008,0.626,0.323,1.461,1.444
Br62_rep10_Dep6_Tu1,0.009,2.876,0.423,0.000,9.735,1.759,2.437,3.103,3.061,6.335,6.873,2.274,16.502,2.522,8.078,4.799,3.650,1.020,8.877,9.790,4.039,0.394,1.443
Br62_rep1_Dep6_Tu30,11.634,3.056,0.125,11.666,0.945,2.552,0.993,0.452,3.025,0.365,3.608,2.386,1.230,1.983,25.720,5.505,3.097,3.199,1.450,2.083,4.935,7.066,2.925
Br62_rep7_Dep6_Tu0.3,0.069,5.829,1.292,0.003,1.272,1.411,1.985,0.960,2.909,4.091,9.248,3.993,7.229,12.511,5.572,3.430,4.753,0.741,7.606,1.420,0.696,7.838,15.139
Br62_rep2_Dep6_Tu10,0.975,1.057,1.468,2.630,0.412,5.037,1.907,2.886,2.209,3.062,3.134,3.346,8.513,4.624,24.836,3.748,2.313,4.921,4.873,2.799,6.370,7.119,1.763
Br62_rep9_Dep6_Tu0.1,0.027,2.078,0.366,0.003,15.779,0.585,3.279,0.604,2.189,5.846,7.265,4.131,15.181,1.673,1.332,4.574,0.329,0.863,1.090,12.540,0.377,7.725,12.165
Br62_rep3_Dep6_Tu10,2.746,4.537,0.149,2.768,2.154,1.791,2.182,2.674,3.363,6.293,3.236,2.598,5.839,5.278,21.819,1.391,7.432,4.915,5.781,0.998,0.377,5.510,6.169
Br62_rep4_Dep6_Tu5,1.201,3.635,2.591,0.567,4.247,2.197,0.255,3.560,4.675,2.572,9.752,2.829,5.299,4.622,19.746,2.513,3.844,1.413,5.689,9.076,3.721,1.848,4.148
Br62_rep8_Dep6_Tu20,13.186,0.680,0.458,7.234,4.875,1.781,1.036,2.132,3.379,0.105,3.692,2.837,2.827,0.931,21.444,0.594,3.864,6.554,4.094,4.659,1.807,8.289,3.544
Br62_rep1_Dep6_Tu2,1.271,3.980,0.526,0.402,2.247,3.255,2.553,1.704,2.561,2.575,4.869,2.880,11.059,1.656,8.147,8.548,4.605,2.388,10.666,0.340,1.538,8.427,13.806
Br62_rep10_Dep6_Tu5,3.237,0.222,0.556,0.185,4.614,3.496,3.020,3.450,5.117,3.166,6.163,1.218,5.918,1.885,13.886,2.085,7.359,2.697,4.422,11.287,3.566,6.333,6.118
Br62_rep10_Dep6_Tu30,12.647,2.178,1.709,8.723,3.980,0.537,2.151,0.156,3.354,0.294,3.131,1.559,2.545,1.917,31.291,3.871,3.214,5.675,0.670,1.620,0.639,3.983,4.156
Br62_rep6_Dep6_Tu2,0.193,2.124,0.526,0.215,11.223,2.061,2.021,2.044,3.311,4.553,2.705,2.312,13.175,11.807,5.157,5.324,5.865,4.688,0.193,12.035,2.968,1.423,4.076
Br62_rep4_Dep6_Tu3,0.181,5.207,0.853,0.217,5.479,2.032,2.918,2.463,3.351,0.668,7.004,3.763,2.849,5.731,11.712,3.615,9.342,2.884,4.186,9.391,7.609,7.227,1.321
Br66_rep4_Dep6_Tu50,50.537,1.191,0.359,6.326,1.641,0.724,2.046,0.920,0.680,1.383,5.440,2.561,1.729,2.994,1.306,4.278,4.832,0.383,3.501,3.496,0.667,1.138,1.868
Br66_rep3_Dep6_Tu0.5,0.795,2.452,0.180,0.003,9.726,0.782,1.668,1.383,3.518,4.629,13.008,2.739,9.703,5.342,1.818,3.535,6.310,1.112,8.444,9.588,0.415,9.813,3.038
Br66_rep2_Dep6_Tu3,0.437,1.804,1.551,0.001,10.683,2.098,1.240,0.432,4.214,10.201,7.953,1.998,2.559,13.238,3.460,4.541,0.641,0.797,4.394,5.332,9.906,11.695,0.826
Br66_rep6_Dep6_Tu40,36.477,0.984,1.637,6.648,1.492,0.595,0.935,0.190,1.838,4.914,2.901,2.664,4.188,3.869,1.631,2.566,1.618,5.744,1.791,4.763,8.195,0.077,4.283
Br66_rep9_Dep6_Tu0.1,0.004,3.701,0.466,0.000,12.681,1.336,1.962,2.501,4.365,6.062,7.033,2.290,2.695,0.639,5.170,2.499,9.333,1.537,3.905,12.929,4.468,4.392,10.030
Br66_rep9_Dep6_Tu5,5.597,5.138,0.942,2.134,5.295,1.219,2.317,3.492,1.093,7.039,2.457,2.583,5.324,6.709,1.648,1.445,4.000,2.850,5.763,13.523,5.497,4.330,9.605
Br66_rep10_Dep6_Tu1,0.247,2.563,0.966,0.022,9.662,0.598,2.647,1.558,2.987,7.059,7.180,2.499,1.740,4.635,1.021,4.396,8.557,1.196,4.244,11.554,5.648,12.744,6.275
Br66_rep6_Dep6_Tu20,20.057,1.568,0.699,4.725,4.477,1.285,1.076,2.078,0.813,3.854,5.739,2.798,2.042,5.272,1.385,11.343,4.069,4.532,5.630,0.377,1.620,10.223,4.337
