Sample,BRCA,CEAD,CESC,COAD,OV,READ,bcell,cd4tcell,cd8tcell,erythroblast,monocyte,naturalkillercell,neutrophil,Unknown-1
Colo_rep2_Dep6_Tu0.5,3.331,0.000,0.000,0.000,0.000,0.000,0.000,0.187,0.000,64.324,14.058,0.000,0.000,18.100
Colo_rep2_Dep6_Tu50,9.018,0.000,45.214,0.000,0.000,0.065,0.000,0.457,0.000,24.585,6.942,0.000,0.000,13.720
Colo_rep6_Dep6_Tu1,16.829,0.000,0.000,0.000,0.000,0.000,4.201,0.096,0.000,55.959,12.684,0.000,0.000,10.230
Colo_rep3_Dep6_Tu2,29.135,0.000,0.000,0.000,0.000,0.000,0.158,0.079,0.000,52.644,17.424,0.000,0.000,0.560
Colo_rep7_Dep6_Tu2,30.680,0.000,0.000,0.000,0.000,0.000,0.150,0.075,0.000,55.162,2.438,0.000,0.000,11.494
Colo_rep8_Dep6_Tu0.1,21.306,0.000,0.000,0.000,0.000,0.000,12.816,0.231,0.000,59.319,5.201,0.000,0.000,1.126
Colo_rep10_Dep6_Tu2,6.297,0.000,0.000,0.000,0.000,0.000,0.000,1.125,0.000,60.968,12.987,0.000,0.000,18.622
Colo_rep6_Dep6_Tu3,28.653,0.000,0.000,0.000,0.000,0.000,0.178,0.199,0.000,52.762,11.706,0.000,0.000,6.502
Colo_rep9_Dep6_Tu30,6.956,0.000,28.422,0.000,0.000,0.000,7.995,2.391,0.000,37.639,10.941,0.000,0.000,5.655
Colo_rep9_Dep6_Tu0.5,9.104,0.000,0.000,0.000,0.000,0.000,0.000,0.885,0.000,61.125,11.998,0.000,0.000,16.888
Colo_rep6_Dep6_Tu20,18.422,0.000,19.452,0.000,0.000,0.000,0.000,0.000,0.000,42.881,6.650,0.000,0.234,12.360
Colo_rep8_Dep6_Tu30,3.178,0.000,25.424,0.000,0.000,0.985,0.000,0.666,0.000,38.235,13.363,0.000,0.000,18.149
Colo_rep3_Dep6_Tu5,11.371,0.000,0.000,0.000,0.000,0.000,2.492,4.048,0.000,59.839,9.883,0.000,0.000,12.367
Colo_rep4_Dep6_Tu3,5.494,0.000,0.000,0.000,0.000,0.000,9.047,4.969,0.000,60.732,2.425,5.794,0.000,11.539
Colo_rep2_Dep6_Tu10,8.202,0.000,9.769,0.000,0.000,0.000,0.000,0.101,0.000,54.903,9.956,0.000,0.000,17.068
Colo_rep3_Dep6_Tu40,10.457,0.000,37.281,0.000,0.000,0.000,0.000,11.062,0.000,28.075,11.662,0.000,0.000,1.461
Colo_rep3_Dep6_Tu30,7.436,0.000,25.522,0.000,0.000,0.587,0.000,0.147,0.000,39.063,13.233,0.000,0.000,14.011
Colo_rep6_Dep6_Tu30,19.513,0.000,25.082,0.000,0.000,0.000,0.000,9.590,9.203,30.422,5.380,0.000,0.000,0.811
Colo_rep4_Dep6_Tu50,22.270,0.000,46.330,0.000,0.000,0.834,0.000,0.000,0.000,22.769,4.453,0.000,0.000,3.344
Colo_rep5_Dep6_Tu50,8.415,0.000,48.615,0.000,0.000,0.066,0.000,0.111,0.000,21.749,8.676,0.000,0.000,12.367
Colo_rep6_Dep6_Tu2,34.408,0.000,0.000,0.000,0.000,0.000,0.000,3.177,0.000,56.687,5.315,0.000,0.000,0.412
Colo_rep10_Dep6_Tu50,18.737,0.000,49.403,0.000,0.000,0.000,0.000,3.096,0.000,19.007,4.317,0.000,0.000,5.439
Colo_rep7_Dep6_Tu50,18.326,0.000,46.508,0.000,0.000,0.506,0.000,0.000,0.000,21.287,3.354,0.000,0.000,10.018
Colo_rep9_Dep6_Tu40,14.651,0.000,32.191,0.000,0.000,0.106,0.000,10.121,0.000,27.955,7.808,0.000,0.000,7.168
Colo_rep8_Dep6_Tu5,31.276,0.000,0.000,0.000,0.000,0.000,0.000,1.097,0.000,54.002,4.002,8.976,0.000,0.646
Colo_rep1_Dep6_Tu20,26.710,0.000,26.559,0.000,0.000,0.011,0.000,3.763,0.000,38.934,3.598,0.000,0.000,0.424
Colo_rep9_Dep6_Tu2,8.137,0.000,0.000,0.000,0.000,0.000,0.000,2.394,0.000,58.882,13.507,0.000,0.000,17.080
Colo_rep5_Dep6_Tu30,29.417,0.000,22.776,0.000,0.000,0.000,1.383,0.837,0.000,33.174,1.996,0.000,0.000,10.417
Colo_rep4_Dep6_Tu0.1,29.966,0.000,0.000,0.000,0.000,0.000,0.017,0.038,0.000,55.353,8.640,0.000,0.000,5.986
Colo_rep5_Dep6_Tu0.1,0.764,0.000,0.000,0.000,0.000,0.000,9.060,0.281,0.000,58.322,14.229,0.000,0.000,17.343
Colo_rep9_Dep6_Tu3,7.029,0.000,0.000,0.000,0.000,0.000,0.000,0.860,0.000,53.037,11.649,20.420,0.000,7.005
Colo_rep2_Dep6_Tu0.1,15.600,0.000,0.000,0.000,0.000,0.000,0.000,0.527,0.000,65.689,6.451,0.000,0.000,11.733
Colo_rep8_Dep6_Tu10,23.657,0.000,7.417,0.000,0.000,0.000,12.383,0.078,0.000,50.244,4.941,0.000,0.000,1.280
Colo_rep4_Dep6_Tu30,7.030,0.000,24.679,1.108,0.000,0.000,0.000,0.049,0.000,40.729,7.268,0.000,0.044,19.094
Colo_rep2_Dep6_Tu2,32.400,0.000,0.000,0.000,0.000,0.000,0.000,0.193,0.000,54.156,4.679,0.000,0.000,8.571
Colo_rep1_Dep6_Tu5,25.997,0.000,0.000,0.000,0.000,0.000,0.000,0.119,0.000,54.738,4.781,0.000,0.000,14.364
Colo_rep8_Dep6_Tu50,18.972,0.000,53.711,0.004,0.000,0.090,0.000,0.000,0.000,19.942,6.508,0.000,0.000,0.772
Colo_rep5_Dep6_Tu5,23.522,0.000,0.000,0.000,0.000,0.000,12.942,0.000,0.000,55.461,6.553,0.000,0.000,1.521
Colo_rep6_Dep6_Tu50,18.884,0.000,44.106,0.000,0.000,0.000,0.000,10.129,0.000,19.153,6.770,0.000,0.000,0.957
Colo_rep5_Dep6_Tu0.5,4.896,0.000,0.000,0.000,0.000,0.000,0.000,0.261,0.000,64.781,17.235,0.000,0.000,12.826
Colo_rep4_Dep6_Tu20,18.303,0.000,24.427,0.000,0.000,0.000,0.000,5.833,0.000,38.831,7.977,0.000,0.000,4.627
Colo_rep8_Dep6_Tu40,13.565,0.000,37.831,0.000,0.000,0.336,0.000,1.505,0.000,28.348,6.817,0.000,0.000,11.597
Colo_rep7_Dep6_Tu0.3,8.926,0.000,0.000,0.000,0.000,0.000,0.000,0.138,0.000,60.321,15.757,0.000,0.000,14.857
Colo_rep7_Dep6_Tu30,13.543,0.000,30.175,0.000,0.000,0.120,0.000,5.224,0.000,33.476,5.064,0.000,0.000,12.396
Colo_rep10_Dep6_Tu20,23.151,0.000,18.700,0.002,0.000,0.039,10.304,0.148,0.000,44.138,2.390,0.000,0.000,1.129
Colo_rep9_Dep6_Tu10,3.865,0.000,5.594,0.000,0.000,0.000,8.622,7.665,0.000,54.673,13.512,0.000,0.000,6.068
Colo_rep9_Dep6_Tu0.1,25.039,0.000,0.000,0.000,0.000,0.000,13.349,0.321,0.000,53.762,4.396,1.464,0.000,1.670
Colo_rep10_Dep6_Tu0.3,34.612,0.000,0.000,0.000,0.000,0.000,0.000,0.000,0.000,59.620,5.412,0.000,0.000,0.355
Colo_rep8_Dep6_Tu20,10.352,0.000,21.471,0.000,0.000,0.000,8.569,4.236,0.000,43.227,6.770,0.000,0.000,5.375
Colo_rep3_Dep6_Tu3,13.198,0.000,0.000,0.013,0.000,0.000,0.000,0.000,0.000,60.417,10.862,0.000,0.063,15.447
Colo_rep4_Dep6_Tu2,6.507,0.000,0.000,0.000,0.000,0.000,2.853,0.679,0.000,59.455,13.552,10.361,0.000,6.593
Colo_rep10_Dep6_Tu0.1,18.048,0.000,0.000,0.000,0.000,0.000,14.841,0.134,0.000,56.173,8.026,0.427,0.000,2.351
Colo_rep4_Dep6_Tu0.3,13.397,0.000,0.000,0.000,0.000,0.000,0.000,0.199,0.000,59.485,14.341,0.000,0.000,12.578
Colo_rep9_Dep6_Tu0.3,3.101,0.000,0.000,0.000,0.000,0.000,0.000,0.197,0.000,64.997,15.136,0.000,0.000,16.568
Colo_rep1_Dep6_Tu10,21.448,0.000,9.458,0.000,0.000,0.000,12.166,0.000,0.000,44.866,6.668,3.201,0.000,2.194
Colo_rep6_Dep6_Tu0.3,4.895,0.000,0.000,0.000,0.000,0.000,0.603,0.079,0.000,52.026,12.965,21.155,0.000,8.276
Colo_rep6_Dep6_Tu0.5,19.208,0.000,0.000,0.000,0.000,0.000,18.380,0.215,0.000,53.327,4.882,0.000,0.000,3.987
Colo_rep10_Dep6_Tu10,29.301,0.000,0.000,0.009,0.000,0.000,6.974,0.669,0.000,56.296,3.806,0.000,0.000,2.944
Colo_rep10_Dep6_Tu1,22.986,0.000,0.000,0.000,0.000,0.000,11.579,0.323,0.000,52.598,3.624,6.246,0.000,2.643
Colo_rep10_Dep6_Tu5,15.519,0.000,0.000,0.020,0.000,0.000,0.000,10.217,0.000,59.246,5.866,0.000,0.000,9.131
Colo_rep10_Dep6_Tu40,5.624,0.000,38.588,0.000,0.000,1.389,0.000,1.432,0.000,29.091,11.092,0.000,0.000,12.784
Colo_rep10_Dep6_Tu0.5,22.619,0.000,0.000,0.000,0.000,0.000,14.890,0.120,0.000,51.686,7.379,1.801,0.000,1.504
Colo_rep1_Dep6_Tu1,19.213,0.000,0.000,0.000,0.000,0.000,19.127,0.074,0.000,53.144,4.365,0.000,0.000,4.077
Colo_rep7_Dep6_Tu20,8.853,0.000,20.446,0.000,0.000,0.023,0.000,0.355,0.000,44.191,9.128,0.000,0.000,17.004
Colo_rep6_Dep6_Tu10,11.011,0.000,17.042,0.012,0.000,0.000,0.000,0.200,0.000,52.778,10.415,0.000,0.835,7.706
Colo_rep10_Dep6_Tu3,6.365,0.000,0.000,0.000,0.000,0.000,0.000,0.281,0.000,61.359,11.414,0.000,0.000,20.581
Colo_rep1_Dep6_Tu30,5.947,0.000,27.834,0.000,0.000,0.000,0.000,0.861,0.000,38.779,9.983,0.000,0.000,16.595
Colo_rep1_Dep6_Tu0.1,4.353,0.000,0.000,0.000,0.000,0.000,0.145,0.251,0.000,66.098,13.622,0.000,0.000,15.531
Colo_rep7_Dep6_Tu5,27.885,0.000,0.000,0.000,0.000,0.000,1.267,0.414,0.000,53.911,11.416,0.000,0.000,5.107
Colo_rep7_Dep6_Tu0.1,10.391,0.000,0.000,0.000,0.000,0.000,0.000,3.519,0.000,57.828,11.931,0.000,0.000,16.331
Colo_rep6_Dep6_Tu40,9.310,0.000,37.878,0.000,0.000,0.000,0.000,0.000,0.000,32.542,8.604,0.000,0.000,11.666
Colo_rep8_Dep6_Tu2,7.254,0.000,0.483,0.000,0.000,0.000,6.418,0.236,0.000,56.653,13.095,10.990,0.000,4.871
Colo_rep7_Dep6_Tu0.5,25.228,0.000,0.000,0.000,0.000,0.000,0.000,0.040,0.000,56.291,4.984,0.000,0.000,13.456
Colo_rep5_Dep6_Tu20,22.712,0.000,23.641,0.000,0.000,0.000,0.000,3.187,0.000,43.095,6.738,0.000,0.000,0.627
Colo_rep8_Dep6_Tu0.3,2.990,0.000,0.000,0.000,0.000,0.000,0.000,0.258,0.000,64.935,15.210,0.000,0.000,16.605
Colo_rep4_Dep6_Tu5,27.815,0.000,0.000,0.000,0.000,0.000,0.000,16.224,0.000,50.278,4.834,0.000,0.000,0.849
Colo_rep9_Dep6_Tu1,0.594,0.000,0.000,0.000,0.000,0.000,11.046,0.148,0.000,58.102,11.693,0.000,0.000,18.416
Colo_rep1_Dep6_Tu0.5,28.738,0.000,0.000,0.000,0.000,0.000,0.000,0.271,0.000,52.700,7.426,0.000,0.000,10.865
Colo_rep8_Dep6_Tu3,8.475,0.000,4.461,0.000,0.000,0.000,0.000,11.413,0.000,61.099,2.826,0.000,0.000,11.725
Colo_rep5_Dep6_Tu0.3,23.836,0.000,0.000,0.000,0.000,0.000,0.000,0.000,0.000,51.695,7.429,16.383,0.000,0.658
Colo_rep2_Dep6_Tu30,6.105,0.000,24.572,0.000,0.000,1.506,0.000,1.269,0.000,43.098,11.043,0.000,0.000,12.408
Colo_rep7_Dep6_Tu10,11.396,0.000,0.000,0.000,0.000,0.000,0.000,8.349,0.000,54.638,10.337,0.000,0.000,15.278
Colo_rep2_Dep6_Tu40,15.103,0.000,35.684,0.000,0.000,0.059,9.853,0.006,0.000,30.177,6.389,0.000,0.000,2.728
Colo_rep3_Dep6_Tu0.1,7.296,0.000,0.000,0.000,0.000,0.000,0.000,13.237,0.000,56.850,18.347,0.000,0.000,4.270
Colo_rep3_Dep6_Tu1,5.620,0.000,0.000,0.000,0.000,0.000,2.508,0.291,0.000,56.941,16.070,14.311,0.000,4.259
Colo_rep8_Dep6_Tu1,8.698,0.000,0.000,0.000,0.000,0.000,0.000,1.653,0.000,58.820,8.607,15.782,0.000,6.439
Colo_rep4_Dep6_Tu1,22.558,0.000,0.000,0.000,0.000,0.000,18.107,0.600,0.000,51.870,5.490,0.000,0.000,1.376
Colo_rep5_Dep6_Tu40,22.767,0.000,34.688,0.000,0.000,0.000,0.000,1.505,0.000,30.661,4.849,0.000,0.000,5.530
Colo_rep5_Dep6_Tu10,7.719,0.000,0.462,0.053,0.000,0.000,11.446,6.993,0.000,56.536,7.628,0.000,0.000,9.163
Colo_rep2_Dep6_Tu0.3,7.650,0.000,0.000,0.000,0.000,0.000,0.000,12.242,0.000,64.255,2.618,0.000,0.000,13.234
Colo_rep10_Dep6_Tu30,10.351,0.000,21.733,0.009,0.000,0.470,0.000,0.408,0.000,36.780,12.778,0.000,4.471,13.000
Colo_rep1_Dep6_Tu40,9.927,0.000,39.499,0.000,0.000,1.633,0.000,1.140,0.000,35.458,1.402,0.000,0.000,10.942
Colo_rep6_Dep6_Tu0.1,33.046,0.000,0.000,0.000,0.000,0.000,0.000,0.064,0.000,50.928,9.358,0.000,0.000,6.603
Colo_rep7_Dep6_Tu40,3.808,0.000,38.419,0.000,0.000,0.000,2.112,8.158,0.000,29.904,10.486,0.000,0.000,7.113
Colo_rep1_Dep6_Tu50,14.875,0.000,56.100,0.000,0.000,0.000,0.000,3.558,0.000,19.049,4.759,0.000,0.000,1.658
Colo_rep1_Dep6_Tu0.3,26.341,0.000,0.000,0.000,0.000,0.000,0.107,0.030,0.000,52.335,19.769,0.000,0.000,1.418
Colo_rep9_Dep6_Tu20,26.779,0.000,12.180,0.000,0.000,0.000,0.000,0.289,0.000,42.515,9.269,0.000,0.000,8.967
Colo_rep4_Dep6_Tu10,4.927,0.000,10.736,0.000,0.000,0.044,0.000,0.077,0.000,52.975,15.952,0.000,0.000,15.289
Colo_rep6_Dep6_Tu5,31.008,0.000,0.000,0.000,0.000,0.000,0.019,0.060,0.000,54.055,2.874,0.000,0.000,11.984
Colo_rep9_Dep6_Tu5,23.971,0.000,0.000,0.000,0.000,0.000,7.160,0.107,0.000,53.882,6.645,0.000,0.000,8.235
Colo_rep3_Dep6_Tu50,18.514,0.000,43.221,0.000,0.000,0.025,0.184,0.106,0.000,21.978,7.750,0.000,0.000,8.222
Colo_rep5_Dep6_Tu1,29.398,0.000,0.000,0.000,0.000,0.000,0.000,0.051,0.000,53.734,9.472,0.000,0.000,7.344
Colo_rep5_Dep6_Tu3,8.493,0.000,0.000,0.000,0.000,0.000,0.000,6.525,0.000,58.909,11.929,0.000,0.000,14.143
Colo_rep2_Dep6_Tu1,20.148,0.000,0.000,0.000,0.000,0.000,0.000,0.414,0.000,59.956,9.734,0.000,0.000,9.748
Colo_rep7_Dep6_Tu1,11.737,0.000,0.000,0.000,0.000,0.000,0.000,0.000,0.000,59.848,14.518,0.000,0.000,13.896
Colo_rep5_Dep6_Tu2,31.597,0.000,0.000,0.000,0.000,0.000,0.000,0.442,0.000,54.723,5.427,7.302,0.000,0.508
Colo_rep4_Dep6_Tu40,13.556,0.000,37.711,0.000,0.000,0.315,0.000,1.010,0.000,24.371,8.733,0.000,0.000,14.302
Colo_rep2_Dep6_Tu20,27.418,0.000,23.931,0.000,0.000,0.000,0.000,0.316,0.000,36.673,5.124,0.000,0.000,6.536
Colo_rep4_Dep6_Tu0.5,18.490,0.000,0.000,0.000,0.000,0.000,19.975,0.137,0.000,54.965,5.604,0.000,0.000,0.830
Colo_rep2_Dep6_Tu5,9.178,0.000,0.000,0.005,0.000,0.000,0.000,12.793,0.000,62.336,2.143,0.000,0.655,12.890
Colo_rep2_Dep6_Tu3,16.455,0.000,0.000,0.000,0.000,0.000,0.000,4.286,0.000,57.193,12.506,0.000,0.000,9.559
Colo_rep3_Dep6_Tu10,28.851,0.000,2.671,0.192,0.000,0.011,0.253,0.000,0.000,51.175,10.412,0.000,0.000,6.435
Colo_rep8_Dep6_Tu0.5,29.655,0.000,0.000,0.000,0.000,0.000,0.213,0.234,0.000,53.981,7.880,0.000,0.000,8.036
Colo_rep7_Dep6_Tu3,26.849,0.000,0.000,0.000,0.000,0.000,10.493,0.184,0.000,55.954,5.162,0.000,0.000,1.357
Colo_rep3_Dep6_Tu0.5,5.093,0.000,0.000,0.000,0.000,0.000,0.000,0.105,0.000,51.920,13.025,21.672,0.000,8.185
Colo_rep3_Dep6_Tu20,7.248,0.000,17.153,0.000,0.000,0.464,0.000,0.161,0.000,49.158,12.798,0.000,0.000,13.019
Colo_rep1_Dep6_Tu2,2.676,0.000,0.000,0.000,0.000,0.000,0.000,0.749,0.000,60.957,14.710,0.000,0.000,20.907
Colo_rep9_Dep6_Tu50,13.849,0.000,49.284,0.000,0.000,0.542,0.000,1.153,0.000,22.766,2.555,0.000,0.000,9.850
Colo_rep3_Dep6_Tu0.3,29.793,0.000,0.000,0.000,0.000,0.000,0.175,0.220,0.000,53.929,7.809,0.000,0.000,8.073
Colo_rep1_Dep6_Tu3,25.296,0.000,0.000,0.000,0.000,0.000,0.000,0.000,0.000,52.759,17.296,0.000,0.000,4.649
Br62_rep5_Dep6_Tu0.5,4.764,0.000,0.000,0.000,0.000,0.000,0.000,0.386,0.000,64.439,17.778,0.000,0.000,12.632
Br62_rep5_Dep6_Tu3,9.371,0.000,0.000,1.449,0.000,0.000,0.000,4.918,0.000,59.096,11.535,0.000,0.000,13.631
Br62_rep6_Dep6_Tu30,16.474,0.000,0.000,4.428,0.000,27.896,0.077,12.915,0.000,33.149,3.704,0.000,0.000,1.358
Br62_rep7_Dep6_Tu20,0.000,0.000,0.000,2.168,0.000,26.468,0.000,1.861,0.000,46.293,8.943,0.000,0.000,14.268
Br62_rep2_Dep6_Tu40,0.000,0.000,0.000,5.978,0.000,39.481,14.863,0.205,0.718,33.970,3.470,0.000,0.000,1.315
Br62_rep8_Dep6_Tu0.5,30.745,0.000,0.000,0.000,0.000,0.000,0.231,0.317,0.000,53.958,7.050,0.000,0.000,7.699
Br62_rep5_Dep6_Tu2,31.492,0.000,0.000,0.032,0.000,0.000,0.000,1.350,0.000,54.524,4.982,6.910,0.000,0.710
Br62_rep4_Dep6_Tu50,0.000,0.000,0.000,4.909,0.000,57.270,0.000,2.113,0.000,26.728,2.970,0.000,0.000,6.009
Br62_rep8_Dep6_Tu40,0.000,0.000,0.000,6.176,0.000,39.029,0.000,3.462,0.000,28.115,4.658,0.000,5.001,13.558
Br62_rep7_Dep6_Tu2,31.509,0.000,0.000,0.000,0.000,0.000,0.132,0.118,0.000,54.190,2.259,0.000,0.000,11.791
Br62_rep9_Dep6_Tu40,0.000,0.000,0.000,4.373,0.000,43.145,0.000,10.031,0.000,29.934,5.903,0.000,0.000,6.614
Br62_rep10_Dep6_Tu2,7.860,0.000,0.000,0.023,0.000,0.000,0.000,0.556,0.000,61.826,11.892,0.000,0.000,17.842
Br62_rep6_Dep6_Tu10,7.775,0.000,0.000,1.762,0.000,0.000,0.000,2.190,0.000,54.265,10.520,8.603,6.763,8.120
Br62_rep2_Dep6_Tu2,34.201,0.000,0.000,0.000,0.000,0.000,0.000,0.175,0.000,52.705,4.164,0.000,0.000,8.755
Br62_rep9_Dep6_Tu5,24.294,0.000,0.000,0.403,0.000,0.000,6.585,0.330,0.000,52.619,6.695,0.000,0.112,8.963
Br62_rep6_Dep6_Tu40,0.000,0.000,0.000,5.528,0.000,44.302,0.000,0.330,0.000,33.509,3.670,0.000,0.000,12.660
Br62_rep4_Dep6_Tu20,9.312,0.000,0.000,3.993,0.000,22.576,0.144,2.959,0.000,42.643,8.560,7.451,0.000,2.362
Br62_rep9_Dep6_Tu1,0.776,0.000,0.000,0.009,0.000,0.000,11.360,0.293,0.000,57.662,11.473,0.000,0.000,18.426
Br62_rep1_Dep6_Tu0.3,26.276,0.000,0.000,0.000,0.000,0.000,0.140,0.051,0.000,51.936,19.890,0.000,0.000,1.707
Br62_rep3_Dep6_Tu5,12.594,0.000,0.000,0.954,0.000,4.662,0.086,3.334,0.000,57.387,9.415,0.000,0.000,11.568
Br62_rep9_Dep6_Tu50,0.000,0.000,0.000,6.478,0.000,47.064,0.000,5.922,0.000,26.131,1.276,0.000,0.000,13.127
Br62_rep5_Dep6_Tu30,0.000,0.000,0.000,6.232,0.000,30.772,6.226,1.703,0.000,36.238,3.457,0.000,0.602,14.769
Br62_rep9_Dep6_Tu0.5,9.435,0.000,0.000,0.000,0.000,0.000,0.000,1.031,0.000,60.936,11.663,0.000,0.000,16.934
Br62_rep1_Dep6_Tu20,21.065,0.000,0.000,1.384,0.000,27.000,0.000,1.828,0.000,42.465,1.702,3.408,0.000,1.148
Br62_rep4_Dep6_Tu2,7.036,0.000,0.000,0.013,0.000,0.000,1.216,0.848,0.000,58.824,14.373,11.579,0.000,6.110
Br62_rep8_Dep6_Tu3,6.776,0.000,0.000,0.539,0.000,0.000,0.000,14.498,0.000,61.539,2.728,0.000,0.000,13.920
Br62_rep2_Dep6_Tu5,7.340,0.000,0.000,0.905,0.000,3.289,0.000,13.935,0.000,59.791,1.798,0.000,0.000,12.942
Br62_rep2_Dep6_Tu1,21.266,0.000,0.000,0.000,0.000,0.000,0.000,0.791,0.000,57.712,9.893,0.000,0.000,10.336
Br62_rep8_Dep6_Tu1,9.687,0.000,0.000,0.039,0.000,0.000,0.000,2.020,0.000,59.173,8.604,14.680,0.000,5.797
Br62_rep10_Dep6_Tu0.1,18.510,0.000,0.000,0.000,0.000,0.000,14.851,0.138,0.000,55.654,7.859,0.584,0.000,2.404
Br62_rep3_Dep6_Tu40,0.000,0.000,0.000,8.178,0.000,45.026,0.000,9.670,0.000,27.992,4.395,0.000,0.000,4.739
Br62_rep8_Dep6_Tu0.3,2.915,0.000,0.000,0.027,0.000,0.000,0.000,0.316,0.000,64.705,15.255,0.000,0.000,16.781
Br62_rep4_Dep6_Tu0.5,18.353,0.000,0.000,0.000,0.000,0.000,20.154,0.160,0.000,54.711,5.649,0.000,0.000,0.973
Br62_rep6_Dep6_Tu50,0.000,0.000,0.000,6.761,0.000,44.122,0.000,14.026,0.000,23.460,2.702,0.000,0.000,8.928
Br62_rep7_Dep6_Tu0.1,10.157,0.000,0.000,0.000,0.000,0.000,0.000,3.703,0.000,57.926,12.004,0.000,0.000,16.210
Br62_rep9_Dep6_Tu30,0.000,0.000,0.000,1.802,0.000,28.171,0.000,5.339,0.000,38.090,11.898,8.825,0.000,5.874
Br62_rep6_Dep6_Tu20,16.115,0.000,0.000,1.590,0.000,19.280,0.000,0.730,0.069,42.335,4.105,0.000,0.000,15.775
Br62_rep5_Dep6_Tu5,24.298,0.000,0.000,1.159,0.000,0.000,10.648,5.019,0.000,52.735,4.479,0.000,0.000,1.661
Br62_rep4_Dep6_Tu40,0.000,0.000,0.000,7.414,0.000,42.864,0.000,0.481,0.000,32.005,3.717,0.000,0.000,13.518
Br62_rep8_Dep6_Tu0.1,21.920,0.000,0.000,0.000,0.000,0.000,12.560,0.228,0.000,59.145,5.004,0.000,0.000,1.143
Br62_rep1_Dep6_Tu40,0.000,0.000,0.000,7.695,0.000,42.751,0.000,6.149,0.000,34.055,0.000,0.000,0.000,9.350
Br62_rep3_Dep6_Tu30,0.000,0.000,0.000,3.532,0.000,35.169,0.000,1.651,0.000,34.409,10.126,0.000,0.000,15.113
Br62_rep7_Dep6_Tu0.5,25.293,0.000,0.000,0.000,0.000,0.000,0.000,0.082,0.000,56.200,4.986,0.000,0.000,13.439
Br62_rep1_Dep6_Tu10,21.831,0.000,0.000,1.589,0.000,0.000,13.646,0.284,0.000,45.221,6.249,5.816,0.000,5.364
Br62_rep10_Dep6_Tu20,16.286,0.000,0.000,0.453,0.000,21.442,10.885,1.427,2.246,41.002,3.971,0.000,0.000,2.289
Br62_rep1_Dep6_Tu5,24.216,0.000,0.000,1.736,0.000,0.000,0.087,0.386,0.000,52.302,5.717,0.000,0.000,15.556
Br62_rep3_Dep6_Tu50,0.000,0.000,0.000,7.422,0.000,48.197,0.000,3.603,0.000,26.187,3.823,0.000,0.000,10.767
Br62_rep1_Dep6_Tu3,24.339,0.000,0.000,0.837,0.000,0.000,0.000,0.154,0.000,51.889,16.919,0.000,0.000,5.861
Br62_rep7_Dep6_Tu30,0.000,0.000,0.000,1.831,0.000,38.610,0.000,0.129,0.000,38.387,1.929,0.000,4.797,14.316
Br62_rep6_Dep6_Tu1,18.014,0.000,0.000,0.000,0.000,0.000,2.376,0.112,0.000,56.245,12.670,0.000,0.000,10.583
Br62_rep1_Dep6_Tu0.5,27.875,0.000,0.000,0.000,0.000,0.000,0.000,0.344,0.000,52.564,8.055,0.000,0.000,11.161
Br62_rep1_Dep6_Tu0.1,4.092,0.000,0.000,0.000,0.000,0.000,0.159,0.278,0.000,66.152,13.545,0.000,0.000,15.773
Br62_rep9_Dep6_Tu3,6.623,0.000,0.000,0.039,0.000,0.000,0.000,1.746,0.000,52.729,11.793,20.276,0.000,6.794
Br62_rep5_Dep6_Tu40,13.687,0.000,0.000,6.259,0.000,37.930,0.000,5.189,0.000,31.753,0.000,0.000,0.000,5.182
Br62_rep10_Dep6_Tu3,5.660,0.000,0.000,0.303,0.000,0.000,0.000,0.586,0.000,60.966,10.895,0.000,0.000,21.589
Br62_rep2_Dep6_Tu0.3,7.651,0.000,0.000,0.000,0.000,0.000,0.000,11.484,0.000,64.828,2.617,0.000,0.000,13.419
Br62_rep10_Dep6_Tu40,0.000,0.000,0.000,4.398,0.000,36.986,4.651,0.636,0.000,33.746,4.258,0.000,0.000,15.325
Br62_rep3_Dep6_Tu2,29.564,0.000,0.000,0.000,0.000,0.000,0.134,0.117,0.000,52.346,16.880,0.000,0.000,0.958
Br62_rep5_Dep6_Tu1,26.579,0.000,0.000,0.000,0.000,0.000,7.299,0.134,0.000,51.202,7.351,0.000,0.000,7.435
Br62_rep4_Dep6_Tu1,21.628,0.000,0.000,0.000,0.000,0.000,17.423,1.236,0.000,51.308,5.383,1.180,0.000,1.842
Br62_rep10_Dep6_Tu0.5,22.601,0.000,0.000,0.000,0.000,0.000,14.520,0.179,0.000,51.086,7.016,2.924,0.000,1.672
Br62_rep5_Dep6_Tu20,8.185,0.000,0.000,2.066,0.000,22.575,14.140,0.598,0.791,44.036,5.956,1.103,0.000,0.550
Br62_rep6_Dep6_Tu0.3,4.967,0.000,0.000,0.000,0.000,0.000,0.703,0.125,0.000,51.948,12.948,21.046,0.000,8.263
Br62_rep9_Dep6_Tu0.3,3.061,0.000,0.000,0.000,0.000,0.000,0.000,0.263,0.000,64.749,15.116,0.000,0.000,16.811
Br62_rep2_Dep6_Tu20,19.562,0.000,0.000,1.465,0.000,26.453,0.068,1.527,0.000,38.102,4.805,0.000,0.000,8.016
Br62_rep6_Dep6_Tu0.5,18.581,0.000,0.000,0.000,0.000,0.000,17.183,0.201,0.069,54.590,4.600,0.000,0.000,4.776
Br62_rep8_Dep6_Tu10,19.253,0.000,0.000,0.232,0.000,8.301,11.635,1.222,0.771,50.006,4.620,0.000,2.799,1.160
Br62_rep2_Dep6_Tu0.1,15.523,0.000,0.000,0.000,0.000,0.000,0.000,1.055,0.000,64.965,6.455,0.000,0.000,12.002
Br62_rep5_Dep6_Tu10,4.021,0.000,0.000,1.156,0.000,14.160,8.312,4.795,0.000,52.260,6.631,0.000,0.000,8.665
Br62_rep10_Dep6_Tu10,18.542,0.000,0.000,0.141,0.000,15.683,6.417,2.118,0.335,49.997,3.043,1.376,0.000,2.348
Br62_rep4_Dep6_Tu10,3.524,0.000,0.000,0.863,0.000,10.204,0.000,1.031,0.000,54.088,13.919,0.000,0.000,16.369
Br62_rep3_Dep6_Tu0.1,6.971,0.000,0.000,0.000,0.000,0.000,0.000,13.189,0.000,57.102,18.136,0.000,0.000,4.601
Br62_rep2_Dep6_Tu50,0.000,0.000,0.000,7.512,0.000,47.881,0.000,2.073,0.000,29.030,1.431,0.000,0.000,12.072
Br62_rep9_Dep6_Tu10,3.609,0.000,0.000,3.113,0.000,0.000,10.678,8.743,0.000,54.065,14.031,0.000,0.000,5.760
Br62_rep5_Dep6_Tu0.3,23.479,0.000,0.000,0.000,0.000,0.000,0.000,0.029,0.000,51.788,7.652,16.279,0.000,0.772
Br62_rep8_Dep6_Tu50,0.000,0.000,0.000,10.938,0.000,45.519,3.526,13.845,0.000,20.081,1.398,0.000,0.000,4.693
Br62_rep4_Dep6_Tu0.3,13.434,0.000,0.000,0.000,0.000,0.000,0.000,0.392,0.000,58.548,14.202,0.000,0.000,13.424
Br62_rep7_Dep6_Tu1,10.812,0.000,0.000,0.133,0.000,0.000,0.000,0.064,0.000,60.131,14.611,0.000,0.000,14.248
Br62_rep3_Dep6_Tu0.5,4.872,0.000,0.000,0.000,0.000,0.000,0.661,0.124,0.000,52.059,13.081,20.958,0.000,8.245
Br62_rep7_Dep6_Tu40,0.000,0.000,0.000,7.523,0.000,37.699,0.000,11.219,0.000,30.920,7.261,0.000,0.000,5.378
Br62_rep2_Dep6_Tu3,16.655,0.000,0.000,0.023,0.000,0.000,0.000,5.675,0.000,57.151,11.709,0.000,0.000,8.788
Br62_rep2_Dep6_Tu0.5,3.504,0.000,0.000,0.000,0.000,0.000,0.000,0.249,0.000,63.990,13.595,0.000,0.000,18.662
Br62_rep1_Dep6_Tu50,0.000,0.000,0.000,4.316,0.000,52.492,0.000,4.243,0.000,28.364,0.000,0.000,0.000,10.585
Br62_rep3_Dep6_Tu3,10.726,0.000,0.000,0.037,0.000,3.980,0.000,0.215,0.000,57.777,12.584,0.000,1.289,13.393
Br62_rep7_Dep6_Tu3,26.730,0.000,0.000,0.072,0.000,0.000,7.947,6.829,0.000,51.220,4.834,0.000,0.000,2.366
Br62_rep3_Dep6_Tu0.3,29.554,0.000,0.000,0.000,0.000,0.000,0.209,0.275,0.000,54.094,7.931,0.000,0.000,7.936
Br62_rep8_Dep6_Tu30,0.000,0.000,0.000,4.306,0.000,31.214,0.000,1.727,0.000,38.493,8.192,0.000,0.000,16.068
Br62_rep4_Dep6_Tu30,0.000,0.000,0.000,6.093,0.000,31.965,0.000,0.199,0.000,39.784,4.436,0.000,0.000,17.522
Br62_rep6_Dep6_Tu3,27.709,0.000,0.000,0.471,0.000,0.000,0.036,0.134,0.000,52.385,11.563,0.000,0.000,7.702
Br62_rep4_Dep6_Tu0.1,30.017,0.000,0.000,0.000,0.000,0.000,0.010,0.037,0.000,54.912,8.780,0.000,0.000,6.243
Br62_rep8_Dep6_Tu5,30.816,0.000,0.000,0.861,0.000,0.624,0.000,5.244,0.000,53.297,4.314,3.224,0.000,1.620
Br62_rep10_Dep6_Tu50,0.000,10.626,0.000,3.635,0.000,50.946,0.000,4.617,0.000,20.964,1.629,0.000,0.488,7.094
Br62_rep10_Dep6_Tu0.3,34.814,0.000,0.000,0.000,0.000,0.000,0.000,0.000,0.000,59.263,5.506,0.000,0.000,0.417
Br62_rep3_Dep6_Tu20,0.000,0.000,0.000,1.189,0.000,30.045,0.000,1.191,0.000,47.864,8.625,0.000,0.000,11.086
Br62_rep1_Dep6_Tu1,19.331,0.000,0.000,0.000,0.000,0.000,19.397,0.086,0.000,53.100,3.979,0.000,0.000,4.106
Br62_rep3_Dep6_Tu1,8.274,0.000,0.000,0.000,0.000,0.000,8.773,0.627,0.000,62.756,15.674,0.000,0.000,3.895
Br62_rep9_Dep6_Tu2,7.580,0.000,0.000,1.398,0.000,0.000,0.000,2.285,0.000,58.132,13.712,0.000,0.000,16.891
Br62_rep7_Dep6_Tu50,0.000,0.000,0.000,8.150,0.000,51.323,0.000,0.487,0.000,25.226,1.788,0.000,0.000,13.027
Br62_rep7_Dep6_Tu5,29.469,0.000,0.000,1.137,0.000,0.281,1.841,0.270,0.000,53.108,8.276,0.000,0.000,5.617
Br62_rep8_Dep6_Tu2,7.178,0.000,0.000,0.051,0.000,0.000,5.816,3.207,0.000,56.625,12.514,9.940,0.000,4.670
Br62_rep5_Dep6_Tu0.1,0.802,0.000,0.000,0.000,0.000,0.000,9.055,0.329,0.000,58.278,14.033,0.000,0.000,17.502
Br62_rep6_Dep6_Tu5,31.528,0.000,0.000,1.161,0.000,0.000,0.209,0.263,0.000,52.639,1.928,0.000,0.000,12.272
Br62_rep9_Dep6_Tu20,18.353,0.000,0.000,2.898,0.000,21.570,0.240,0.605,0.000,41.754,6.112,0.000,0.000,8.467
Br62_rep2_Dep6_Tu30,0.000,0.000,0.000,3.027,0.000,39.294,0.000,0.267,0.000,39.903,6.582,0.000,0.000,10.926
Br62_rep7_Dep6_Tu10,7.841,0.000,0.000,0.202,0.000,9.588,0.000,1.633,0.000,53.913,9.167,0.000,0.000,17.654
Br62_rep6_Dep6_Tu0.1,33.042,0.000,0.000,0.000,0.000,0.000,0.000,0.077,0.000,50.788,9.419,0.000,0.000,6.673
Br62_rep5_Dep6_Tu50,0.000,0.000,0.000,3.756,0.000,48.546,0.000,1.520,0.000,24.392,2.746,0.000,7.867,11.173
Br62_rep10_Dep6_Tu1,22.105,0.000,0.000,0.000,0.000,0.000,12.172,0.400,0.000,52.578,4.953,5.378,0.000,2.413
Br62_rep1_Dep6_Tu30,0.000,0.000,0.000,4.142,0.000,30.442,0.000,3.618,0.000,39.683,6.017,0.000,0.000,16.098
Br62_rep7_Dep6_Tu0.3,8.547,0.000,0.000,0.000,0.000,0.000,0.000,0.223,0.000,59.934,16.123,0.000,0.000,15.173
Br62_rep2_Dep6_Tu10,5.614,0.000,0.000,1.096,0.000,3.720,0.000,0.900,0.000,57.884,11.365,0.000,0.000,19.420
Br62_rep9_Dep6_Tu0.1,25.405,0.000,0.000,0.000,0.000,0.000,13.299,0.446,0.000,53.490,4.097,1.466,0.000,1.797
Br62_rep3_Dep6_Tu10,29.046,0.000,0.000,0.972,0.000,5.106,0.000,0.082,0.000,48.441,7.131,0.000,3.289,5.932
Br62_rep4_Dep6_Tu5,24.626,0.000,0.000,0.340,0.000,0.000,0.000,13.174,4.873,49.924,6.316,0.000,0.000,0.746
Br62_rep8_Dep6_Tu20,0.000,0.000,0.000,3.183,0.000,29.097,0.000,3.428,4.727,44.827,3.593,5.486,0.000,5.658
Br62_rep1_Dep6_Tu2,1.019,0.000,0.000,0.059,0.000,0.000,9.966,0.466,0.000,57.685,11.932,0.000,0.000,18.872
Br62_rep10_Dep6_Tu5,12.173,0.000,0.000,0.079,0.000,6.987,0.000,1.153,0.000,62.792,6.566,0.000,0.000,10.251
Br62_rep10_Dep6_Tu30,0.000,0.000,0.000,3.898,0.000,20.730,0.000,1.041,0.000,41.018,9.526,0.000,7.625,16.162
Br62_rep6_Dep6_Tu2,33.355,0.000,0.000,0.030,0.000,0.000,0.000,3.423,0.000,57.784,4.872,0.000,0.000,0.536
Br62_rep4_Dep6_Tu3,5.440,0.000,0.000,0.038,0.000,0.000,8.182,4.500,0.000,60.669,2.800,6.474,0.000,11.898
Br66_rep4_Dep6_Tu50,0.000,0.000,0.000,5.616,0.000,48.264,7.996,0.000,3.558,24.891,5.331,0.593,0.000,3.751
Br66_rep3_Dep6_Tu0.5,5.019,0.000,0.000,0.000,0.000,0.000,0.659,0.135,0.000,52.030,12.883,21.061,0.000,8.213
Br66_rep2_Dep6_Tu3,15.727,0.000,0.000,0.000,0.000,0.000,0.000,5.335,0.000,57.676,12.399,0.000,0.000,8.862
Br66_rep6_Dep6_Tu40,0.000,0.000,0.000,4.142,0.000,42.051,0.000,0.000,0.000,34.358,7.315,1.660,0.000,10.475
Br66_rep9_Dep6_Tu0.1,25.192,0.000,0.000,0.000,0.000,0.000,13.235,0.377,0.000,53.886,4.380,1.390,0.000,1.540
Br66_rep9_Dep6_Tu5,23.746,0.000,0.000,2.134,0.000,2.928,6.709,0.150,0.000,49.088,5.885,0.000,0.000,9.361
Br66_rep10_Dep6_Tu1,6.850,0.000,0.000,0.000,0.000,0.000,0.000,14.118,0.000,62.119,3.120,0.000,0.000,13.791
Br66_rep6_Dep6_Tu20,13.745,0.000,0.000,1.269,0.000,21.696,0.000,0.000,0.347,42.073,5.198,0.135,0.000,15.537
Br66_rep10_Dep6_Tu30,12.694,0.000,0.000,1.276,0.000,32.384,0.000,0.000,0.000,34.728,8.506,0.000,0.000,10.411
Br66_rep10_Dep6_Tu5,23.018,0.000,0.000,0.202,0.000,4.941,0.000,0.212,0.000,53.157,9.673,0.000,0.000,8.797
Br66_rep7_Dep6_Tu1,11.090,0.000,0.000,0.000,0.000,0.000,0.000,0.044,0.000,59.992,14.985,0.000,0.000,13.889
Br66_rep6_Dep6_Tu0.3,5.087,0.000,0.000,0.000,0.000,0.000,0.000,0.096,0.000,51.975,13.088,21.539,0.000,8.214
Br66_rep1_Dep6_Tu30,0.000,0.000,0.000,1.144,0.000,33.447,0.182,0.000,0.033,39.581,6.957,3.216,0.000,15.440
Br66_rep3_Dep6_Tu1,6.159,0.000,0.000,0.000,0.000,0.000,9.236,1.309,0.000,62.739,16.443,0.000,0.000,4.115
Br66_rep3_Dep6_Tu30,0.000,0.000,0.000,4.318,0.000,32.610,0.000,0.000,0.000,38.052,10.881,0.000,0.000,14.138
Br66_rep9_Dep6_Tu1,0.872,0.000,0.000,0.000,0.000,0.000,10.971,0.249,0.000,57.926,11.706,0.000,0.000,18.275
Br66_rep9_Dep6_Tu40,0.000,0.000,0.000,1.528,3.615,44.570,0.000,2.899,0.000,33.992,8.751,2.597,0.000,2.047
Br66_rep5_Dep6_Tu1,29.296,0.000,0.000,0.000,0.000,0.000,0.000,0.162,0.000,54.045,8.545,0.000,0.000,7.951
Br66_rep2_Dep6_Tu5,8.143,0.000,0.000,0.028,0.000,0.546,0.000,12.823,0.000,62.361,2.309,0.000,0.000,13.791
Br66_rep5_Dep6_Tu30,0.000,0.011,0.000,1.979,0.000,33.135,8.115,0.853,0.000,37.334,7.744,0.000,0.000,10.829
Br66_rep7_Dep6_Tu50,0.000,0.000,0.000,5.161,0.000,54.157,0.000,0.000,0.000,25.491,2.544,0.000,0.000,12.648
Br66_rep4_Dep6_Tu40,0.000,0.000,0.000,3.855,0.000,45.743,0.000,0.000,0.000,29.452,8.692,0.000,0.000,12.258
Br66_rep8_Dep6_Tu5,27.653,0.000,0.000,1.220,0.000,2.087,2.520,3.239,0.000,52.864,4.601,4.914,0.000,0.903
Br66_rep9_Dep6_Tu2,7.671,0.000,0.000,0.000,0.000,0.000,0.000,2.474,0.000,59.062,13.519,0.000,0.000,17.274
Br66_rep6_Dep6_Tu30,3.679,0.000,0.000,4.220,0.000,30.742,7.389,0.000,7.900,35.725,5.926,3.939,0.000,0.480
Br66_rep4_Dep6_Tu0.1,30.199,0.000,0.000,0.000,0.000,0.000,0.016,0.040,0.000,55.327,8.458,0.000,0.000,5.959
Br66_rep5_Dep6_Tu10,2.994,0.000,0.000,0.032,0.000,13.394,11.982,4.905,0.000,52.071,5.791,0.000,0.000,8.832
Br66_rep3_Dep6_Tu40,0.000,0.000,0.000,5.148,0.000,41.205,2.008,7.093,0.000,30.639,5.749,5.851,0.000,2.306
Br66_rep9_Dep6_Tu0.5,8.645,0.000,0.000,0.000,0.000,0.000,0.000,1.439,0.000,61.030,12.126,0.000,0.000,16.759
Br66_rep8_Dep6_Tu2,5.180,0.000,0.000,0.019,0.000,0.000,5.374,1.336,0.000,57.742,14.073,11.189,0.000,5.088
Br66_rep10_Dep6_Tu2,16.207,0.000,0.000,0.076,0.000,0.000,0.000,8.898,0.000,58.488,8.952,0.000,0.000,7.379
Br66_rep6_Dep6_Tu0.1,33.066,0.000,0.000,0.000,0.000,0.000,0.000,0.086,0.000,50.970,9.256,0.000,0.000,6.622
Br66_rep5_Dep6_Tu0.5,4.935,0.000,0.000,0.000,0.000,0.000,0.000,0.267,0.000,64.787,17.183,0.000,0.000,12.827
Br66_rep2_Dep6_Tu20,21.423,0.000,0.000,0.374,0.000,28.069,0.092,0.060,0.000,39.075,5.796,0.000,0.000,5.110
Br66_rep4_Dep6_Tu0.5,17.878,0.000,0.000,0.000,0.000,0.000,20.826,0.162,0.000,54.784,5.434,0.000,0.000,0.916
Br66_rep4_Dep6_Tu5,29.038,0.000,0.000,0.000,0.000,0.000,0.000,16.830,0.000,48.185,5.224,0.000,0.000,0.722
Br66_rep8_Dep6_Tu0.5,29.607,0.000,0.000,0.000,0.000,0.000,0.167,0.226,0.000,54.086,7.900,0.000,0.000,8.013
Br66_rep5_Dep6_Tu20,6.588,0.000,0.000,4.062,0.000,17.088,15.051,0.000,0.848,44.042,7.621,4.593,0.000,0.106
Br66_rep1_Dep6_Tu3,26.930,0.000,0.000,0.074,0.000,0.106,0.000,0.000,0.000,52.749,17.406,0.000,0.000,2.734
Br66_rep10_Dep6_Tu10,12.960,0.000,0.000,0.687,0.000,10.776,0.000,0.231,0.000,48.629,14.296,7.119,0.000,5.301
Br66_rep3_Dep6_Tu10,26.525,0.000,0.000,0.161,0.000,7.810,0.000,0.000,0.000,49.158,9.046,0.000,0.000,7.299
Br66_rep10_Dep6_Tu40,0.000,0.000,0.000,4.522,0.000,39.351,14.871,0.416,1.262,33.649,4.296,0.000,0.000,1.633
Br66_rep1_Dep6_Tu50,0.000,0.000,0.000,5.020,0.000,57.892,0.000,0.000,0.000,29.895,3.219,0.000,0.000,3.973
Br66_rep10_Dep6_Tu0.5,11.180,0.000,0.000,0.000,0.000,0.000,6.698,0.223,0.000,58.906,14.104,0.000,0.000,8.889
Br66_rep1_Dep6_Tu0.3,26.267,0.000,0.000,0.000,0.000,0.000,0.128,0.064,0.000,52.301,19.802,0.000,0.000,1.437
Br66_rep10_Dep6_Tu0.1,25.431,0.000,0.000,0.000,0.000,0.000,0.000,0.000,0.000,54.872,13.968,0.000,0.000,5.728
Br66_rep8_Dep6_Tu40,0.000,0.000,0.000,2.981,0.000,48.264,0.000,0.507,0.000,33.263,4.960,0.000,0.000,10.025
Br66_rep3_Dep6_Tu20,0.000,0.000,0.000,1.646,0.000,23.207,0.092,0.337,0.000,49.346,12.343,1.955,0.000,11.074
Br66_rep9_Dep6_Tu0.3,2.783,0.000,0.000,0.000,0.000,0.000,0.000,0.318,0.000,64.900,15.384,0.000,0.000,16.614
Br66_rep7_Dep6_Tu0.3,8.468,0.000,0.000,0.000,0.000,0.000,0.000,0.217,0.000,60.173,15.876,0.000,0.000,15.265
Br66_rep5_Dep6_Tu2,31.159,0.000,0.000,0.000,0.000,0.000,0.000,0.443,0.000,54.758,5.621,7.546,0.000,0.473
Br66_rep5_Dep6_Tu0.3,23.995,0.000,0.000,0.000,0.000,0.000,0.000,0.186,5.096,49.431,6.945,13.108,0.000,1.239
Br66_rep6_Dep6_Tu5,28.554,0.000,0.000,0.175,0.000,3.973,0.056,0.114,0.000,52.530,2.257,0.000,0.000,12.342
Br66_rep5_Dep6_Tu3,9.576,0.000,0.000,0.000,0.000,0.000,0.000,6.453,0.000,58.692,10.714,0.000,0.000,14.564
Br66_rep1_Dep6_Tu5,24.394,0.000,0.000,0.332,0.000,2.396,0.000,0.079,0.000,52.908,5.176,0.000,0.000,14.715
Br66_rep6_Dep6_Tu10,5.679,0.000,0.000,0.009,0.000,7.820,0.000,0.718,0.000,52.782,11.078,9.083,5.200,7.631
Br66_rep3_Dep6_Tu5,12.134,0.000,0.000,0.365,0.000,5.495,0.310,3.789,0.000,55.658,10.690,0.000,0.000,11.559
Br66_rep1_Dep6_Tu1,18.996,0.000,0.000,0.000,0.000,0.000,19.225,0.136,0.000,52.999,4.514,0.000,0.000,4.130
Br66_rep4_Dep6_Tu30,0.000,0.000,0.000,5.919,0.000,31.951,0.000,0.000,0.000,39.943,6.172,0.000,0.000,16.014
Br66_rep8_Dep6_Tu20,1.286,0.000,0.000,0.283,10.216,19.788,4.782,0.295,2.268,42.941,4.524,6.998,0.000,6.617
Br66_rep4_Dep6_Tu10,2.645,0.000,0.000,0.250,0.000,11.559,0.317,0.369,0.000,55.007,15.412,0.000,0.000,14.441
Br66_rep2_Dep6_Tu1,20.518,0.000,0.000,0.000,0.000,0.000,0.000,0.349,0.000,59.537,10.402,0.000,0.000,9.194
Br66_rep6_Dep6_Tu2,34.189,0.000,0.000,0.000,0.000,0.000,0.000,2.368,0.000,57.462,5.425,0.000,0.000,0.555
Br66_rep6_Dep6_Tu0.5,19.024,0.000,0.000,0.000,0.000,0.000,18.460,0.218,0.000,53.379,4.868,0.000,0.000,4.050
Br66_rep5_Dep6_Tu0.1,0.758,0.000,0.000,0.000,0.000,0.000,9.070,0.314,0.000,58.349,14.210,0.000,0.000,17.298
Br66_rep2_Dep6_Tu2,31.819,0.000,0.000,0.000,0.000,0.000,0.000,0.141,0.000,55.466,4.169,0.000,0.000,8.404
Br66_rep10_Dep6_Tu50,0.000,0.000,0.000,3.863,0.000,61.299,0.000,0.000,0.000,23.984,4.720,0.000,0.000,6.133
Br66_rep7_Dep6_Tu3,25.776,0.000,0.000,0.000,0.000,0.000,4.851,0.746,0.000,52.643,7.056,7.698,0.000,1.229
Br66_rep7_Dep6_Tu10,8.304,0.000,0.000,0.039,0.000,9.174,0.000,1.611,0.000,54.360,9.904,0.100,2.135,14.372
Br66_rep2_Dep6_Tu0.5,3.333,0.000,0.000,0.000,0.000,0.000,0.000,0.221,0.000,64.376,14.048,0.000,0.000,18.021
Br66_rep5_Dep6_Tu50,0.000,0.000,0.000,8.853,0.000,49.365,0.000,0.000,0.000,25.996,7.939,1.874,0.000,5.972
Br66_rep9_Dep6_Tu20,20.200,0.000,0.000,0.146,0.000,19.993,0.000,0.000,0.000,44.463,7.049,0.000,0.000,8.147
Br66_rep8_Dep6_Tu3,6.240,0.000,0.000,0.050,0.000,0.311,0.000,13.897,0.000,60.929,2.999,0.000,1.949,13.624
Br66_rep9_Dep6_Tu10,1.784,0.000,0.000,0.056,0.000,11.003,6.209,0.235,0.000,54.104,13.008,8.741,0.000,4.859
Br66_rep7_Dep6_Tu2,31.035,0.000,0.000,0.000,0.000,0.000,0.140,0.117,0.000,55.125,1.911,0.000,0.000,11.672
Br66_rep6_Dep6_Tu3,29.202,0.000,0.000,0.000,0.000,0.000,0.044,0.336,0.000,52.398,10.820,0.000,0.000,7.200
Br66_rep1_Dep6_Tu0.5,28.771,0.000,0.000,0.000,0.000,0.000,0.000,0.241,0.000,52.812,7.355,0.000,0.000,10.821
Br66_rep2_Dep6_Tu40,0.000,0.000,0.000,3.381,0.000,40.219,16.059,0.000,0.000,31.737,6.004,2.030,0.000,0.570
Br66_rep1_Dep6_Tu2,0.352,0.000,0.000,0.000,0.000,0.699,9.494,0.404,0.000,57.412,12.727,0.000,0.000,18.912
Br66_rep8_Dep6_Tu1,9.550,0.000,0.000,0.027,0.000,0.000,0.000,0.954,0.000,59.966,8.556,14.879,0.000,6.067
Br66_rep4_Dep6_Tu3,5.093,0.000,0.000,0.000,0.000,0.000,9.146,4.919,0.000,60.528,3.194,6.519,0.000,10.602
Br66_rep7_Dep6_Tu40,0.000,0.000,0.000,4.230,0.000,34.833,1.257,9.566,0.000,32.425,9.768,7.043,0.000,0.877
Br66_rep7_Dep6_Tu0.5,24.750,0.000,0.000,0.000,0.000,0.000,0.000,0.045,0.000,56.610,5.157,0.000,0.000,13.437
Br66_rep2_Dep6_Tu30,0.000,0.000,0.000,6.318,0.000,37.676,0.000,0.101,0.000,38.177,9.673,0.000,0.000,8.054
Br66_rep2_Dep6_Tu0.1,10.143,0.000,0.000,0.000,0.000,0.000,0.000,0.224,0.000,58.404,5.820,15.404,0.000,10.005
Br66_rep7_Dep6_Tu0.1,10.587,0.000,0.000,0.000,0.000,0.000,0.000,3.432,0.000,57.676,11.924,0.000,0.000,16.381
Br66_rep1_Dep6_Tu40,0.000,0.000,0.000,0.943,14.413,34.024,0.000,2.231,0.000,30.675,1.469,5.572,0.000,10.673
Br66_rep7_Dep6_Tu5,25.985,0.000,0.000,1.523,0.000,1.299,2.863,0.150,0.000,53.499,9.129,0.000,0.000,5.552
Br66_rep4_Dep6_Tu1,21.112,0.000,0.000,0.000,0.000,0.000,16.746,0.829,0.000,51.506,5.898,2.643,0.000,1.266
Br66_rep8_Dep6_Tu0.1,21.348,0.000,0.000,0.000,0.000,0.000,12.803,0.170,0.000,59.427,5.182,0.000,0.000,1.069
Br66_rep4_Dep6_Tu2,7.422,0.000,0.000,0.000,0.000,0.000,0.000,0.961,0.000,58.807,13.774,12.226,0.000,6.809
Br66_rep1_Dep6_Tu0.1,4.468,0.000,0.000,0.000,0.000,0.000,0.111,0.255,0.000,66.188,13.754,0.000,0.000,15.224
Br66_rep2_Dep6_Tu10,3.241,0.000,0.000,0.007,0.000,9.515,0.000,0.023,0.191,57.062,11.901,0.383,0.000,17.678
Br66_rep4_Dep6_Tu20,0.000,0.000,0.000,2.575,0.000,24.539,6.462,4.096,3.734,43.388,8.230,4.238,0.000,2.738
Br66_rep4_Dep6_Tu0.3,13.446,0.000,0.000,0.000,0.000,0.000,0.000,0.319,0.000,59.170,13.956,0.000,0.000,13.108
Br66_rep10_Dep6_Tu3,16.699,0.000,0.000,0.038,0.000,0.000,0.000,3.615,0.000,61.415,10.396,0.000,0.000,7.837
Br66_rep1_Dep6_Tu20,21.290,0.000,0.000,0.526,0.000,18.555,0.000,4.451,2.079,42.911,3.156,6.390,0.000,0.642
Br66_rep6_Dep6_Tu1,16.906,0.000,0.000,0.000,0.000,0.000,7.402,0.139,0.000,55.295,11.664,0.000,0.000,8.592
Br66_rep6_Dep6_Tu50,0.000,0.000,0.000,4.242,19.200,37.119,0.000,0.979,0.000,21.626,8.676,7.132,0.000,1.025
Br66_rep9_Dep6_Tu3,7.174,0.000,0.000,0.038,0.000,0.000,0.000,1.809,0.000,52.076,11.975,20.364,0.000,6.563
Br66_rep3_Dep6_Tu50,0.000,0.000,0.000,8.979,0.000,46.432,2.931,0.000,0.000,24.683,7.746,0.398,0.000,8.830
Br66_rep8_Dep6_Tu30,0.000,0.000,0.000,0.774,0.000,31.261,0.013,0.737,0.000,39.649,12.053,0.000,0.000,15.513
Br66_rep7_Dep6_Tu20,0.813,0.000,0.000,0.203,0.000,28.657,0.000,3.625,0.000,43.750,8.855,0.000,0.000,14.097
Br66_rep3_Dep6_Tu2,29.383,0.000,0.000,0.000,0.000,0.000,0.142,0.092,0.000,52.298,17.349,0.000,0.000,0.736
Br66_rep8_Dep6_Tu50,6.438,0.000,0.000,8.594,0.000,41.074,4.345,0.000,0.000,22.091,4.732,10.241,0.000,2.486
Br66_rep3_Dep6_Tu3,12.165,0.000,0.000,0.007,0.000,0.039,0.000,0.000,0.000,59.748,11.159,0.000,1.150,15.731
Br66_rep3_Dep6_Tu0.3,29.611,0.000,0.000,0.000,0.000,0.000,0.143,0.273,0.000,54.066,7.905,0.000,0.000,8.002
Br66_rep8_Dep6_Tu0.3,2.965,0.000,0.000,0.000,0.000,0.000,0.000,0.204,0.000,64.936,15.268,0.000,0.000,16.626
Br66_rep3_Dep6_Tu0.1,7.229,0.000,0.000,0.000,0.000,0.000,0.000,13.183,0.000,56.979,18.335,0.000,0.000,4.275
Br66_rep10_Dep6_Tu0.3,6.922,0.000,0.000,0.000,0.000,0.000,0.000,0.006,32.414,43.648,9.916,0.000,0.000,7.093
Br66_rep2_Dep6_Tu50,0.000,0.000,0.000,3.909,0.000,49.345,0.000,0.000,0.000,31.667,4.558,0.000,0.000,10.520
Br66_rep5_Dep6_Tu5,29.736,0.007,0.000,0.314,0.000,1.582,0.000,11.155,0.000,50.806,5.315,0.000,0.252,0.832
Br66_rep10_Dep6_Tu20,22.146,0.000,0.000,6.109,0.000,16.168,0.079,0.000,7.518,43.455,3.113,0.000,0.000,1.412
Br66_rep7_Dep6_Tu30,2.416,0.000,0.000,1.172,0.000,34.334,0.000,0.000,0.000,41.569,7.001,0.000,0.000,13.508
Br66_rep9_Dep6_Tu30,0.000,0.000,0.000,1.516,0.000,30.634,5.013,0.629,0.000,38.541,13.150,8.768,0.000,1.748
Br66_rep5_Dep6_Tu40,0.000,0.000,0.000,5.260,0.000,42.397,0.000,0.000,0.000,34.390,9.765,1.141,0.000,7.046
Br66_rep8_Dep6_Tu10,14.374,0.000,0.000,0.000,0.000,14.306,14.402,0.063,1.999,47.072,6.576,0.465,0.000,0.743
Br66_rep9_Dep6_Tu50,0.000,0.000,0.000,5.341,0.000,50.400,0.000,0.000,0.000,28.291,5.594,0.377,0.000,9.996
Br66_rep2_Dep6_Tu0.3,7.460,0.000,0.000,0.000,0.000,0.000,0.000,12.233,0.000,64.199,2.870,0.000,0.000,13.237
Br66_rep1_Dep6_Tu10,20.936,0.000,0.000,0.042,0.000,7.998,14.592,0.000,0.000,46.432,5.769,1.797,0.000,2.434
Cer77_rep9_Dep6_Tu3,7.756,0.000,0.000,0.000,0.000,0.000,0.002,1.762,0.072,51.207,11.823,19.293,0.716,7.368
Cer77_rep5_Dep6_Tu30,0.000,42.693,0.518,0.277,17.806,0.024,2.755,3.345,0.000,22.919,4.366,0.372,0.368,4.558
Cer77_rep3_Dep6_Tu30,0.000,60.270,1.110,0.483,0.000,0.039,0.207,4.741,0.000,25.282,4.953,2.565,0.352,0.000
Cer77_rep8_Dep6_Tu50,0.000,59.299,2.109,0.555,15.149,0.092,0.396,5.163,0.414,9.147,2.162,5.514,0.000,0.000
Cer77_rep1_Dep6_Tu1,19.377,0.000,0.000,0.000,0.000,0.000,19.131,0.173,0.000,52.963,4.366,0.000,0.000,3.989
Cer77_rep7_Dep6_Tu3,26.213,0.000,0.000,0.001,0.000,0.000,5.361,1.051,0.000,52.479,6.492,6.930,0.000,1.473
Cer77_rep10_Dep6_Tu2,17.774,0.000,0.000,0.953,0.000,0.000,0.004,9.338,0.000,56.980,7.855,0.000,0.000,7.095
Cer77_rep2_Dep6_Tu0.5,3.500,0.000,0.000,0.000,0.000,0.000,0.000,0.255,0.000,64.228,13.783,0.000,0.000,18.234
Cer77_rep3_Dep6_Tu20,0.000,44.277,0.930,0.180,0.000,0.000,0.102,2.802,0.000,36.077,7.257,1.711,0.214,6.450
Cer77_rep1_Dep6_Tu2,1.165,0.000,0.000,0.000,0.000,0.000,10.151,0.782,0.000,57.352,12.192,0.000,0.000,18.358
Cer77_rep2_Dep6_Tu5,3.895,17.481,0.000,0.063,0.000,0.000,0.000,9.879,0.000,56.141,1.744,0.000,0.219,10.578
Cer77_rep5_Dep6_Tu0.5,4.790,0.000,0.000,0.000,0.000,0.000,0.000,2.571,0.000,63.946,16.223,0.000,0.000,12.470
