Sample,BRCA,CEAD,CESC,COAD,OV,READ,bcell,cd4tcell,cd8tcell,erythroblast,monocyte,naturalkillercell,neutrophil
Colo_rep2_Dep6_Tu0.5,0.000,0.000,0.000,0.000,7.788,0.000,0.426,0.000,0.000,16.263,14.336,0.055,61.132
Colo_rep2_Dep6_Tu50,3.484,0.000,1.052,0.000,8.629,24.784,1.593,0.163,0.000,16.950,6.436,4.435,32.474
Colo_rep6_Dep6_Tu1,0.000,0.000,0.000,0.000,11.577,0.000,4.925,0.000,0.000,12.448,9.161,0.304,61.585
Colo_rep3_Dep6_Tu2,0.000,0.000,0.000,0.000,3.966,0.000,6.206,0.000,0.531,11.444,13.382,2.283,62.188
Colo_rep7_Dep6_Tu2,0.000,0.000,0.000,0.000,3.750,0.000,4.251,0.000,0.000,19.246,8.068,1.289,63.396
Colo_rep8_Dep6_Tu0.1,0.000,0.000,0.000,0.000,9.603,0.000,6.284,0.000,0.070,11.343,10.346,3.472,58.881
Colo_rep10_Dep6_Tu2,0.000,0.000,0.000,0.000,11.250,0.000,1.025,0.000,0.000,14.168,15.609,1.765,56.183
Colo_rep6_Dep6_Tu3,0.000,0.000,0.000,0.000,14.410,0.000,5.453,0.000,0.000,9.776,11.359,0.362,58.641
Colo_rep9_Dep6_Tu30,0.000,0.000,0.000,0.000,8.064,13.907,3.735,0.000,0.000,15.914,11.935,2.633,43.812
Colo_rep9_Dep6_Tu0.5,0.000,0.000,0.000,0.000,13.192,0.000,0.214,0.000,0.000,12.696,13.144,2.658,58.097
Colo_rep6_Dep6_Tu20,0.000,0.000,1.494,0.000,1.866,13.081,2.981,0.000,3.732,10.863,13.444,1.809,50.730
Colo_rep8_Dep6_Tu30,0.839,0.000,1.224,0.000,13.227,13.714,0.850,0.000,0.000,14.321,8.662,3.270,43.893
Colo_rep3_Dep6_Tu5,0.000,0.000,0.000,0.446,11.779,2.237,4.672,0.000,0.000,12.040,6.609,1.666,60.549
Colo_rep4_Dep6_Tu3,0.000,0.000,0.000,0.000,9.306,0.000,3.348,0.000,0.000,10.140,10.957,6.782,59.467
Colo_rep2_Dep6_Tu10,0.000,0.000,0.000,0.000,12.263,3.524,2.142,0.000,0.000,12.348,14.144,3.089,52.490
Colo_rep3_Dep6_Tu40,0.000,0.297,0.000,0.000,12.177,23.284,3.969,1.767,0.000,9.790,7.770,3.133,37.812
Colo_rep3_Dep6_Tu30,2.448,0.000,0.000,0.000,5.239,13.881,3.747,0.945,0.000,15.213,8.519,4.064,45.943
Colo_rep6_Dep6_Tu30,0.000,0.000,0.000,0.000,15.576,16.860,1.564,0.000,4.513,8.090,8.859,4.769,39.770
Colo_rep4_Dep6_Tu50,4.362,0.000,0.000,0.000,4.275,28.919,2.436,0.000,3.580,13.604,12.585,0.289,29.950
Colo_rep5_Dep6_Tu50,2.414,0.000,2.089,0.000,4.866,27.161,1.682,0.000,0.000,13.975,11.020,5.670,31.123
Colo_rep6_Dep6_Tu2,2.258,0.000,0.000,0.000,3.337,0.000,0.678,0.000,5.747,11.293,12.100,2.010,62.577
Colo_rep10_Dep6_Tu50,0.000,0.000,0.000,0.000,13.402,29.908,2.650,0.000,0.000,15.388,13.190,2.148,23.315
Colo_rep7_Dep6_Tu50,6.581,3.998,0.000,0.000,0.131,22.093,2.425,2.426,0.000,14.613,9.010,4.105,34.619
Colo_rep9_Dep6_Tu40,0.380,2.841,0.945,0.000,10.451,19.898,3.258,0.000,0.000,12.211,12.331,1.800,35.885
Colo_rep8_Dep6_Tu5,0.000,0.000,0.000,0.000,8.485,0.000,4.712,0.000,1.353,10.671,10.289,5.974,58.516
Colo_rep1_Dep6_Tu20,1.832,0.000,0.000,0.000,9.773,10.515,0.796,0.000,3.968,9.120,11.481,5.215,47.301
Colo_rep9_Dep6_Tu2,0.000,0.000,0.000,0.000,8.299,0.000,3.093,0.000,0.000,19.025,11.564,0.000,58.019
Colo_rep5_Dep6_Tu30,0.000,0.000,0.000,0.000,4.269,16.334,6.693,0.000,0.000,22.964,7.914,0.000,41.826
Colo_rep4_Dep6_Tu0.1,0.000,0.000,0.000,0.000,3.241,0.000,2.163,0.000,0.000,18.513,11.961,0.000,64.123
Colo_rep5_Dep6_Tu0.1,0.000,0.000,0.000,0.000,9.471,0.000,2.604,0.000,0.000,14.487,11.169,0.000,62.269
Colo_rep9_Dep6_Tu3,0.000,0.000,0.000,0.000,13.107,0.000,2.810,0.000,1.769,8.630,12.411,3.150,58.122
Colo_rep2_Dep6_Tu0.1,0.000,0.000,0.000,0.000,9.847,0.000,3.495,0.000,0.000,11.508,12.419,5.216,57.516
Colo_rep8_Dep6_Tu10,1.534,0.000,0.000,0.000,0.769,3.957,7.279,0.000,4.615,13.798,8.063,0.556,59.430
Colo_rep4_Dep6_Tu30,5.825,0.000,2.421,0.000,5.549,9.331,0.000,0.000,2.657,12.886,10.429,2.568,48.333
Colo_rep2_Dep6_Tu2,0.015,0.000,0.000,0.000,6.049,0.000,3.592,0.000,0.554,14.974,12.848,1.287,60.681
Colo_rep1_Dep6_Tu5,0.000,0.000,0.000,0.000,7.938,1.219,4.843,0.000,1.908,14.107,10.148,1.091,58.745
Colo_rep8_Dep6_Tu50,4.442,2.292,1.581,0.000,8.061,26.528,3.073,0.000,2.122,7.077,9.306,5.486,30.033
Colo_rep5_Dep6_Tu5,0.000,0.000,0.000,0.000,6.226,1.352,6.790,0.000,0.345,10.125,12.925,5.004,57.234
Colo_rep6_Dep6_Tu50,0.804,0.174,0.725,0.000,15.363,25.491,0.719,0.000,0.000,13.158,11.129,4.907,27.531
Colo_rep5_Dep6_Tu0.5,0.075,0.000,0.000,0.000,1.943,0.000,3.522,0.000,0.432,13.317,9.186,2.991,68.533
Colo_rep4_Dep6_Tu20,2.131,0.000,0.000,0.000,9.816,12.190,3.067,0.000,0.000,6.702,9.818,6.982,49.294
Colo_rep8_Dep6_Tu40,2.071,0.000,1.885,0.000,13.891,16.107,3.101,0.000,0.000,10.084,8.137,7.076,37.647
Colo_rep7_Dep6_Tu0.3,0.000,0.000,0.000,0.000,5.977,0.000,0.173,0.000,0.089,15.716,12.665,2.803,62.577
Colo_rep7_Dep6_Tu30,1.248,0.000,0.000,0.000,8.429,18.939,0.678,0.000,0.000,13.428,7.378,4.408,45.490
Colo_rep10_Dep6_Tu20,3.991,0.000,0.000,0.000,2.964,11.044,7.185,0.000,4.439,10.257,9.907,0.649,49.563
Colo_rep9_Dep6_Tu10,0.000,0.000,0.000,0.000,12.694,2.195,5.093,0.000,0.000,10.504,14.041,2.626,52.847
Colo_rep9_Dep6_Tu0.1,0.000,0.000,0.000,0.000,13.107,0.000,3.018,0.000,0.000,13.634,11.121,4.326,54.794
Colo_rep10_Dep6_Tu0.3,2.028,0.000,0.000,0.000,2.831,0.000,0.408,0.000,6.338,10.938,12.297,2.084,63.074
Colo_rep8_Dep6_Tu20,0.091,0.000,0.000,0.000,13.178,9.417,4.391,0.000,3.681,7.647,8.352,1.886,51.356
Colo_rep3_Dep6_Tu3,0.000,0.000,0.069,0.000,7.239,0.000,1.301,0.000,0.670,13.527,13.106,7.538,56.550
Colo_rep4_Dep6_Tu2,0.000,0.000,0.000,0.000,14.484,0.000,3.440,0.000,0.699,5.620,14.971,3.803,56.984
Colo_rep10_Dep6_Tu0.1,0.000,0.000,0.000,0.000,6.722,0.000,5.875,0.000,1.614,11.402,9.275,2.762,62.350
Colo_rep4_Dep6_Tu0.3,0.000,0.000,0.000,0.000,4.968,0.000,3.053,0.000,1.578,13.212,12.990,2.344,61.855
Colo_rep9_Dep6_Tu0.3,0.000,0.000,0.000,0.000,5.559,0.000,0.398,0.000,0.000,14.159,15.755,0.000,64.129
Colo_rep1_Dep6_Tu10,0.000,0.000,0.000,0.000,3.398,5.576,7.707,0.000,1.877,12.788,10.305,4.573,53.776
Colo_rep6_Dep6_Tu0.3,0.000,0.000,0.000,0.000,7.108,0.000,4.046,0.000,1.285,12.096,15.522,2.680,57.263
Colo_rep6_Dep6_Tu0.5,0.000,0.000,0.000,0.000,8.857,0.000,4.718,0.000,3.656,11.169,10.201,1.922,59.476
Colo_rep10_Dep6_Tu10,0.000,0.000,0.000,0.000,12.066,3.376,6.942,0.000,0.000,14.361,8.656,4.180,50.419
Colo_rep10_Dep6_Tu1,0.000,0.000,0.000,0.000,9.639,0.000,3.583,0.000,0.000,11.196,15.206,5.165,55.210
Colo_rep10_Dep6_Tu5,0.000,0.000,0.000,0.000,9.866,3.388,3.947,0.000,2.127,9.896,10.369,4.535,55.872
Colo_rep10_Dep6_Tu40,4.105,1.097,0.000,0.000,9.454,23.876,2.653,0.000,0.000,11.808,14.254,2.864,29.889
Colo_rep10_Dep6_Tu0.5,0.000,0.000,0.000,0.000,7.424,0.000,8.242,0.000,1.884,12.127,9.587,4.370,56.366
Colo_rep1_Dep6_Tu1,0.000,0.000,0.000,0.000,9.105,0.000,4.681,0.000,2.097,11.651,10.314,2.470,59.681
Colo_rep7_Dep6_Tu20,2.105,0.000,0.559,0.249,10.809,7.501,2.926,0.000,0.053,16.062,11.063,2.648,46.025
Colo_rep6_Dep6_Tu10,0.000,0.000,0.277,1.128,8.185,2.052,3.015,0.000,0.000,10.777,16.110,5.875,52.581
Colo_rep10_Dep6_Tu3,0.602,0.000,0.000,0.000,6.687,0.000,1.433,0.000,0.000,13.818,13.582,1.316,62.561
Colo_rep1_Dep6_Tu30,0.730,0.000,0.000,0.000,11.245,12.529,0.000,0.000,3.384,9.838,13.539,4.045,44.689
Colo_rep1_Dep6_Tu0.1,0.000,0.000,0.000,0.000,5.858,0.000,1.861,0.000,0.000,15.701,9.049,0.000,67.531
Colo_rep7_Dep6_Tu5,0.672,0.000,0.000,0.000,5.599,1.067,4.640,0.000,2.416,13.626,9.671,0.619,61.690
Colo_rep7_Dep6_Tu0.1,0.000,0.000,0.000,0.000,9.790,0.000,1.777,0.000,0.000,12.194,14.575,2.362,59.303
Colo_rep6_Dep6_Tu40,0.376,0.000,0.000,0.000,6.725,24.085,0.000,0.000,0.609,15.637,8.321,3.049,41.197
Colo_rep8_Dep6_Tu2,0.000,0.000,0.000,0.000,7.289,0.000,3.801,0.000,0.000,14.507,11.501,2.947,59.955
Colo_rep7_Dep6_Tu0.5,0.000,0.000,0.000,0.000,7.795,0.000,3.353,0.000,1.897,10.659,10.874,4.120,61.301
Colo_rep5_Dep6_Tu20,0.000,0.000,0.000,0.000,9.859,13.567,5.350,0.000,2.065,6.584,8.414,5.082,49.078
Colo_rep8_Dep6_Tu0.3,0.000,0.000,0.000,0.000,5.761,0.000,0.297,0.000,0.000,14.710,15.095,0.072,64.065
Colo_rep4_Dep6_Tu5,0.000,0.000,0.000,0.000,13.883,1.210,2.078,0.000,2.963,9.439,13.183,3.838,53.406
Colo_rep9_Dep6_Tu1,0.000,0.000,0.000,0.000,9.875,0.000,3.161,0.000,0.000,13.487,12.546,0.000,60.930
Colo_rep1_Dep6_Tu0.5,1.137,0.000,0.000,0.000,8.178,0.000,2.192,0.000,2.928,13.757,11.050,0.000,60.757
Colo_rep8_Dep6_Tu3,0.000,0.000,0.000,0.026,10.209,1.428,0.320,0.000,0.000,11.015,12.707,5.145,59.149
Colo_rep5_Dep6_Tu0.3,0.000,0.000,0.000,0.000,6.636,0.000,2.418,0.000,3.299,11.536,15.281,4.609,56.221
Colo_rep2_Dep6_Tu30,2.443,0.000,0.000,0.000,11.885,15.801,0.306,0.000,0.000,11.021,9.370,1.841,47.332
Colo_rep7_Dep6_Tu10,0.000,0.000,0.000,0.000,10.350,0.641,4.477,0.000,0.000,14.551,11.590,3.845,54.547
Colo_rep2_Dep6_Tu40,1.959,0.000,1.694,0.000,4.120,23.080,8.996,0.000,0.000,8.371,9.496,5.505,36.780
Colo_rep3_Dep6_Tu0.1,0.000,0.000,0.000,0.000,11.386,0.000,1.133,0.000,0.000,9.196,17.552,4.182,56.551
Colo_rep3_Dep6_Tu1,0.000,0.000,0.000,0.000,7.789,0.000,2.420,0.000,0.124,10.952,13.727,4.525,60.463
Colo_rep8_Dep6_Tu1,0.000,0.000,0.000,0.000,7.356,0.000,1.201,0.000,0.000,13.084,11.950,3.015,63.394
Colo_rep4_Dep6_Tu1,0.000,0.000,0.000,0.000,7.576,0.000,6.257,0.000,1.326,10.437,10.600,3.429,60.374
Colo_rep5_Dep6_Tu40,0.000,0.000,0.000,0.466,10.096,19.284,3.898,2.530,0.000,8.711,7.565,8.136,39.314
Colo_rep5_Dep6_Tu10,0.000,0.000,0.000,2.183,7.723,0.000,4.646,0.000,2.207,15.798,11.608,1.786,54.048
Colo_rep2_Dep6_Tu0.3,0.000,0.000,0.012,0.000,10.596,0.000,1.220,0.000,0.000,11.742,9.799,3.077,63.555
Colo_rep10_Dep6_Tu30,2.169,0.000,0.516,0.000,11.663,9.629,3.486,0.000,3.201,12.653,8.217,2.444,46.023
Colo_rep1_Dep6_Tu40,0.000,0.000,0.601,1.810,11.819,24.204,3.609,0.000,0.000,11.889,7.003,4.214,34.852
Colo_rep6_Dep6_Tu0.1,0.000,0.000,0.000,0.000,7.653,0.000,2.009,0.000,2.168,13.023,13.686,0.000,61.462
Colo_rep7_Dep6_Tu40,2.493,0.000,0.000,0.000,5.337,22.695,6.065,0.000,0.000,12.646,8.254,2.009,40.500
Colo_rep1_Dep6_Tu50,2.476,0.781,0.000,0.000,6.799,34.787,3.858,0.000,0.000,9.009,9.732,6.197,26.361
Colo_rep1_Dep6_Tu0.3,0.000,0.000,0.604,0.000,0.829,0.000,2.849,0.729,1.071,15.434,13.302,1.408,63.774
Colo_rep9_Dep6_Tu20,0.000,0.000,0.098,0.000,9.492,9.046,3.358,0.000,0.000,20.302,8.980,1.284,47.441
Colo_rep4_Dep6_Tu10,0.000,0.000,0.000,0.439,6.469,2.290,2.792,0.000,0.000,16.938,13.678,0.000,57.395
Colo_rep6_Dep6_Tu5,0.000,0.000,0.000,0.000,4.496,1.690,4.122,0.000,0.000,18.146,10.238,1.638,59.670
Colo_rep9_Dep6_Tu5,0.000,0.000,0.000,0.000,8.607,1.249,4.216,0.000,2.194,15.370,13.575,2.347,52.443
Colo_rep3_Dep6_Tu50,2.849,0.000,0.000,0.000,9.297,26.923,4.056,0.000,0.000,12.384,12.810,2.327,29.354
Colo_rep5_Dep6_Tu1,0.000,0.000,0.000,0.000,5.935,0.436,4.006,0.000,1.995,14.649,14.773,3.938,54.267
Colo_rep5_Dep6_Tu3,0.000,0.000,0.000,0.000,9.981,0.000,1.798,0.000,0.000,14.909,11.745,2.876,58.691
Colo_rep2_Dep6_Tu1,0.000,0.000,0.000,0.000,8.217,0.000,0.000,0.000,0.051,16.152,12.248,2.832,60.501
Colo_rep7_Dep6_Tu1,0.000,0.000,0.239,0.000,4.191,0.000,3.347,0.000,0.000,12.965,14.154,0.677,64.427
Colo_rep5_Dep6_Tu2,0.000,0.000,0.821,0.000,7.906,0.047,1.078,0.000,2.984,10.646,12.321,4.486,59.709
Colo_rep4_Dep6_Tu40,1.933,0.000,0.000,0.000,13.471,21.623,3.613,0.000,0.000,11.735,10.694,4.061,32.871
Colo_rep2_Dep6_Tu20,0.000,0.000,0.000,0.000,7.359,14.034,6.115,0.000,0.000,15.279,7.984,1.813,47.417
Colo_rep4_Dep6_Tu0.5,0.000,0.000,0.000,0.000,6.123,0.855,7.286,0.000,0.000,11.518,6.331,4.653,63.234
Colo_rep2_Dep6_Tu5,0.000,0.000,1.770,0.459,9.122,0.000,1.542,0.000,0.000,14.767,7.393,5.502,59.445
Colo_rep2_Dep6_Tu3,0.000,0.000,0.000,0.000,9.935,0.000,0.289,0.595,0.000,17.336,10.959,3.391,57.496
Colo_rep3_Dep6_Tu10,0.387,0.000,0.000,0.000,0.000,3.730,2.362,0.000,0.000,22.675,11.344,0.000,59.502
Colo_rep8_Dep6_Tu0.5,0.000,0.000,0.000,0.000,11.338,0.000,5.796,0.000,0.362,12.838,7.969,0.000,61.698
Colo_rep7_Dep6_Tu3,0.000,0.000,0.000,0.000,11.309,0.000,5.179,0.000,0.000,11.079,11.057,4.262,57.114
Colo_rep3_Dep6_Tu0.5,0.000,0.000,0.000,0.000,7.673,0.000,3.872,0.000,1.394,12.097,15.095,2.651,57.219
Colo_rep3_Dep6_Tu20,1.780,0.000,0.000,0.000,8.850,5.692,2.828,0.000,0.000,15.528,12.239,2.299,50.785
Colo_rep1_Dep6_Tu2,0.000,0.000,0.000,0.000,13.135,0.000,1.984,0.000,0.000,14.118,11.836,1.534,57.394
Colo_rep9_Dep6_Tu50,2.828,0.000,0.702,0.000,7.177,29.637,0.000,0.000,0.000,12.814,11.596,2.770,32.475
Colo_rep3_Dep6_Tu0.3,0.000,0.000,0.000,0.000,11.861,0.000,5.466,0.000,0.292,12.862,7.878,0.000,61.641
Colo_rep1_Dep6_Tu3,0.751,0.000,0.735,0.000,1.966,0.000,4.131,0.000,2.092,16.252,12.669,1.617,59.788
Br62_rep5_Dep6_Tu0.5,0.091,0.000,0.000,0.000,2.759,0.000,3.574,0.000,0.771,12.798,9.159,2.749,68.098
Br62_rep5_Dep6_Tu3,0.000,0.000,0.000,2.320,11.432,0.000,1.195,0.000,0.000,14.526,9.677,2.266,58.584
Br62_rep6_Dep6_Tu30,19.455,0.000,0.000,10.285,10.270,0.000,3.574,0.000,0.000,7.332,8.990,1.942,38.151
Br62_rep7_Dep6_Tu20,11.871,0.000,0.000,6.183,10.714,0.000,1.498,0.000,0.000,14.008,8.215,0.000,47.511
Br62_rep2_Dep6_Tu40,23.463,0.000,2.923,12.452,5.231,0.000,4.547,0.000,1.729,6.584,5.132,0.000,37.940
Br62_rep8_Dep6_Tu0.5,0.000,0.000,0.000,0.000,11.931,0.000,5.270,0.000,0.258,13.564,7.794,0.000,61.183
Br62_rep5_Dep6_Tu2,1.205,0.000,0.000,0.251,8.310,0.000,2.168,0.000,2.563,10.920,10.790,4.158,59.635
Br62_rep4_Dep6_Tu50,29.804,0.000,0.000,13.136,11.056,0.000,0.000,0.000,0.000,12.762,6.016,0.000,27.226
Br62_rep8_Dep6_Tu40,23.684,0.000,1.022,10.648,13.605,0.000,0.000,0.000,0.000,9.809,5.719,0.818,34.693
Br62_rep7_Dep6_Tu2,0.000,0.000,0.000,0.000,4.622,0.000,4.092,0.000,0.000,18.665,8.483,1.326,62.811
Br62_rep9_Dep6_Tu40,25.794,0.000,0.000,11.972,11.191,0.000,0.000,0.000,0.000,6.863,8.559,0.000,35.621
Br62_rep10_Dep6_Tu2,0.000,0.000,0.000,0.000,11.535,0.000,1.259,0.000,0.000,13.545,12.623,2.602,58.436
Br62_rep6_Dep6_Tu10,0.769,0.000,1.442,5.410,10.238,0.000,0.103,0.000,0.382,11.326,14.061,4.558,51.710
Br62_rep2_Dep6_Tu2,1.453,0.000,0.000,0.000,4.310,0.000,2.694,0.000,0.241,16.695,12.425,0.941,61.240
Br62_rep9_Dep6_Tu5,0.084,0.000,0.000,0.793,8.746,0.642,4.119,0.000,2.013,14.432,13.016,3.316,52.838
Br62_rep6_Dep6_Tu40,24.485,0.000,0.000,8.976,13.348,0.000,0.000,0.000,0.000,15.070,3.454,0.000,34.667
Br62_rep4_Dep6_Tu20,12.681,0.000,0.000,8.165,7.200,0.000,2.878,0.000,0.000,9.322,9.638,2.676,47.440
Br62_rep9_Dep6_Tu1,0.000,0.000,0.000,0.000,10.524,0.000,2.912,0.000,0.000,13.318,12.093,0.000,61.154
Br62_rep1_Dep6_Tu0.3,0.000,0.000,0.496,0.000,1.991,0.000,2.703,0.889,1.068,15.922,13.266,1.282,62.384
Br62_rep3_Dep6_Tu5,0.000,0.000,0.000,4.108,11.503,0.000,2.203,0.000,0.000,14.913,5.740,1.188,60.345
Br62_rep9_Dep6_Tu50,29.931,0.000,0.000,11.744,14.408,0.000,0.000,0.000,0.000,9.740,5.450,0.000,28.727
Br62_rep5_Dep6_Tu30,20.404,0.000,3.463,4.584,4.835,0.000,0.415,0.000,0.000,19.524,2.137,0.000,44.637
Br62_rep9_Dep6_Tu0.5,0.000,0.000,0.000,0.000,13.569,0.000,0.000,0.000,0.000,13.177,12.504,2.488,58.262
Br62_rep1_Dep6_Tu20,18.180,0.000,0.000,2.212,9.382,0.000,0.000,0.000,3.892,9.135,6.419,1.831,48.949
Br62_rep4_Dep6_Tu2,0.000,0.000,0.000,0.000,13.083,0.000,3.385,0.000,1.053,6.245,14.823,3.247,58.165
Br62_rep8_Dep6_Tu3,0.000,0.000,0.000,2.598,10.766,0.000,0.000,0.000,0.319,11.595,10.428,4.406,59.888
Br62_rep2_Dep6_Tu5,1.300,0.000,1.358,5.282,9.604,0.000,0.000,0.000,0.000,12.795,7.958,2.298,59.406
Br62_rep2_Dep6_Tu1,0.000,0.000,0.000,0.000,7.484,0.000,0.000,0.000,0.398,17.432,11.946,2.098,60.642
Br62_rep8_Dep6_Tu1,0.000,0.000,0.000,0.000,7.076,0.000,0.742,0.000,0.000,14.103,11.701,3.148,63.229
Br62_rep10_Dep6_Tu0.1,0.000,0.000,0.000,0.000,6.885,0.000,5.860,0.000,1.188,12.039,9.203,2.764,62.061
Br62_rep3_Dep6_Tu40,23.570,0.000,0.000,15.470,12.916,0.000,0.873,0.000,0.000,9.329,3.615,1.559,32.668
Br62_rep8_Dep6_Tu0.3,0.000,0.000,0.000,0.000,6.074,0.000,0.344,0.000,0.000,13.954,15.447,0.000,64.181
Br62_rep4_Dep6_Tu0.5,0.000,0.000,0.000,0.000,6.117,1.171,7.300,0.000,0.027,11.691,6.889,4.202,62.602
Br62_rep6_Dep6_Tu50,30.564,0.000,0.000,9.378,12.049,0.000,0.000,0.000,0.476,13.436,6.482,0.000,27.616
Br62_rep7_Dep6_Tu0.1,0.000,0.000,0.000,0.000,10.126,0.000,1.352,0.000,0.039,12.181,14.544,2.610,59.148
Br62_rep9_Dep6_Tu30,22.656,0.000,0.000,5.374,6.809,0.000,1.539,0.000,0.000,11.447,9.737,2.205,40.232
Br62_rep6_Dep6_Tu20,12.626,0.000,0.000,4.269,9.381,0.000,1.897,0.000,5.075,9.036,8.442,0.027,49.249
Br62_rep5_Dep6_Tu5,0.000,0.000,0.000,1.592,8.639,0.000,6.082,0.000,0.239,12.860,11.183,4.417,54.989
Br62_rep4_Dep6_Tu40,23.335,0.000,0.000,13.696,8.776,0.000,0.000,0.000,0.000,14.482,2.647,0.000,37.064
Br62_rep8_Dep6_Tu0.1,0.000,0.000,0.000,0.000,9.333,0.000,6.479,0.000,0.121,11.487,9.796,3.424,59.359
Br62_rep1_Dep6_Tu40,24.864,0.000,0.343,16.712,10.982,0.000,0.000,0.000,0.000,12.251,1.113,0.000,33.735
Br62_rep3_Dep6_Tu30,18.387,0.000,0.000,10.012,5.829,0.000,2.573,0.000,0.000,13.021,4.100,0.000,46.078
Br62_rep7_Dep6_Tu0.5,0.000,0.000,0.000,0.000,8.521,0.000,2.766,0.000,1.846,11.112,10.762,3.734,61.258
Br62_rep1_Dep6_Tu10,2.663,0.000,0.000,5.443,4.950,0.000,7.486,0.000,0.000,13.683,8.362,4.196,53.217
Br62_rep10_Dep6_Tu20,18.526,0.000,0.000,2.812,1.472,0.000,5.513,0.000,2.843,10.767,7.349,0.000,50.718
Br62_rep1_Dep6_Tu5,1.283,0.000,0.098,0.000,8.839,0.000,3.644,0.000,1.657,15.390,12.319,0.868,55.903
Br62_rep3_Dep6_Tu50,30.395,0.000,0.000,9.914,11.445,0.000,1.312,0.000,0.000,11.785,5.760,0.000,29.388
Br62_rep1_Dep6_Tu3,1.772,0.000,0.206,0.000,5.488,0.000,1.937,0.000,1.196,17.380,12.098,0.333,59.590
Br62_rep7_Dep6_Tu30,22.707,0.000,0.000,6.025,3.999,0.000,0.000,0.000,0.000,15.848,2.484,0.000,48.937
Br62_rep6_Dep6_Tu1,0.000,0.000,0.000,0.000,12.349,0.000,4.300,0.000,0.000,12.049,9.384,1.026,60.892
Br62_rep1_Dep6_Tu0.5,0.543,0.227,0.145,0.000,7.863,0.000,2.757,0.000,2.933,14.126,10.920,0.000,60.486
Br62_rep1_Dep6_Tu0.1,0.000,0.000,0.000,0.000,6.145,0.000,1.802,0.000,0.013,15.659,8.966,0.000,67.416
Br62_rep9_Dep6_Tu3,0.000,0.000,0.000,0.000,15.856,0.000,3.006,0.000,1.188,9.737,10.562,2.907,56.743
Br62_rep5_Dep6_Tu40,19.942,0.000,0.000,14.044,10.828,0.000,2.195,0.563,0.000,7.969,1.428,3.158,39.873
Br62_rep10_Dep6_Tu3,2.691,0.000,0.000,0.000,8.037,0.000,1.066,0.000,0.000,15.266,11.037,0.000,61.904
Br62_rep2_Dep6_Tu0.3,0.000,0.000,0.444,0.008,9.864,0.000,1.193,0.000,0.000,11.585,9.751,3.217,63.938
Br62_rep10_Dep6_Tu40,21.981,0.000,0.000,8.803,12.555,0.000,2.615,0.000,0.000,12.556,9.386,0.000,32.104
Br62_rep3_Dep6_Tu2,0.000,0.000,0.380,0.000,3.614,0.000,5.380,0.000,1.256,11.903,12.246,2.542,62.679
Br62_rep5_Dep6_Tu1,0.000,0.000,0.000,0.000,6.030,0.522,4.537,0.000,1.970,14.366,14.616,3.258,54.700
Br62_rep4_Dep6_Tu1,0.000,0.000,0.000,0.000,6.890,0.000,6.743,0.000,0.000,11.607,10.608,3.906,60.246
Br62_rep10_Dep6_Tu0.5,0.000,0.000,0.000,0.000,7.426,0.000,7.846,0.000,1.601,12.250,9.006,4.051,57.820
Br62_rep5_Dep6_Tu20,10.593,0.000,0.000,9.138,10.317,0.000,5.752,0.000,1.930,4.804,6.602,1.539,49.326
Br62_rep6_Dep6_Tu0.3,0.000,0.000,0.000,0.000,7.284,0.000,4.071,0.000,1.393,12.119,15.462,2.744,56.926
Br62_rep9_Dep6_Tu0.3,0.000,0.000,0.000,0.000,5.215,0.000,0.641,0.000,0.000,14.397,15.401,0.077,64.269
Br62_rep2_Dep6_Tu20,15.477,0.000,0.000,4.291,8.617,0.000,4.287,0.000,0.000,14.842,5.139,0.000,47.346
Br62_rep6_Dep6_Tu0.5,0.000,0.000,0.000,0.000,9.451,0.000,4.666,0.000,3.664,10.928,9.764,1.603,59.923
Br62_rep8_Dep6_Tu10,4.745,0.000,5.069,2.672,3.553,0.010,5.196,0.000,2.668,11.834,4.905,0.000,59.347
Br62_rep2_Dep6_Tu0.1,0.000,0.000,0.000,0.000,10.412,0.000,3.569,0.000,0.024,10.995,12.211,5.368,57.419
Br62_rep5_Dep6_Tu10,4.413,0.000,0.000,5.786,4.936,0.000,6.011,0.000,0.000,17.096,10.543,0.000,51.215
Br62_rep10_Dep6_Tu10,8.551,0.000,0.000,1.240,13.807,0.000,2.501,0.000,0.523,11.892,9.502,1.375,50.610
Br62_rep4_Dep6_Tu10,2.148,0.000,1.008,3.462,6.836,0.000,1.809,0.000,0.000,14.813,13.186,0.479,56.259
Br62_rep3_Dep6_Tu0.1,0.000,0.000,0.000,0.000,10.836,0.000,1.591,0.000,0.000,10.053,17.327,3.904,56.289
Br62_rep2_Dep6_Tu50,36.702,0.000,0.000,10.269,5.843,0.000,0.000,0.000,0.000,13.296,2.404,0.000,31.486
Br62_rep9_Dep6_Tu10,1.769,0.000,0.000,6.512,10.555,0.000,4.148,0.000,0.000,10.618,12.943,1.054,52.402
Br62_rep5_Dep6_Tu0.3,0.164,0.000,0.000,0.000,6.602,0.042,2.380,0.000,3.191,11.534,15.285,4.846,55.956
Br62_rep8_Dep6_Tu50,29.194,0.000,0.000,17.679,13.031,0.000,4.805,0.000,0.000,4.842,3.629,0.764,26.056
Br62_rep4_Dep6_Tu0.3,0.000,0.000,0.000,0.000,5.547,0.000,2.267,0.000,2.695,12.863,12.478,2.440,61.710
Br62_rep7_Dep6_Tu1,0.000,0.000,0.271,0.000,4.251,0.000,3.744,0.000,0.000,13.163,13.873,0.504,64.195
Br62_rep3_Dep6_Tu0.5,0.000,0.000,0.000,0.000,7.526,0.000,4.184,0.000,1.212,11.994,15.456,2.785,56.842
Br62_rep7_Dep6_Tu40,24.041,0.000,0.000,11.977,7.797,0.000,3.676,0.000,0.000,8.972,6.212,0.000,37.324
Br62_rep2_Dep6_Tu3,0.166,0.000,0.000,0.000,10.087,0.000,0.708,0.050,0.000,17.065,11.297,4.341,56.286
Br62_rep2_Dep6_Tu0.5,0.000,0.000,0.000,0.000,8.381,0.000,0.113,0.000,0.000,16.336,13.986,0.000,61.184
Br62_rep1_Dep6_Tu50,30.492,0.000,0.000,14.398,5.709,0.000,0.266,0.598,0.000,12.112,3.942,0.282,32.202
Br62_rep3_Dep6_Tu3,2.988,0.000,1.622,0.000,7.459,0.000,0.327,0.000,0.071,13.673,10.614,6.781,56.465
Br62_rep7_Dep6_Tu3,0.655,0.000,0.000,0.000,11.891,0.000,5.248,0.000,0.000,12.141,10.701,4.196,55.169
Br62_rep3_Dep6_Tu0.3,0.000,0.000,0.000,0.000,12.126,0.000,5.441,0.000,0.224,12.974,8.055,0.000,61.180
Br62_rep8_Dep6_Tu30,22.561,0.000,0.000,5.608,11.497,0.687,1.039,0.000,0.000,14.548,4.030,0.000,40.031
Br62_rep4_Dep6_Tu30,23.584,0.000,0.000,9.792,6.368,0.000,0.000,0.000,0.000,13.347,5.979,0.000,40.930
Br62_rep6_Dep6_Tu3,0.000,0.000,0.000,0.000,13.294,0.000,3.612,0.000,0.935,12.124,10.798,0.000,59.238
Br62_rep4_Dep6_Tu0.1,0.000,0.000,0.000,0.000,3.642,0.000,1.961,0.000,0.000,18.589,11.683,0.000,64.125
Br62_rep8_Dep6_Tu5,3.246,0.000,0.000,0.000,7.492,0.000,3.515,0.000,2.294,12.267,9.434,4.119,57.633
Br62_rep10_Dep6_Tu50,26.849,4.438,2.473,12.497,13.697,0.000,0.000,0.000,0.000,10.145,5.070,0.000,24.832
Br62_rep10_Dep6_Tu0.3,3.245,0.000,0.000,0.000,3.369,0.000,0.000,0.000,6.323,11.022,12.147,1.648,62.247
Br62_rep3_Dep6_Tu20,14.178,0.000,0.000,2.042,10.419,0.000,0.000,0.000,0.000,14.354,10.836,0.000,48.171
Br62_rep1_Dep6_Tu1,0.000,0.000,0.000,0.000,9.854,0.000,4.368,0.000,2.320,11.940,9.746,2.369,59.403
Br62_rep3_Dep6_Tu1,0.000,0.000,0.000,0.000,8.487,0.000,2.361,0.000,0.902,10.988,13.584,4.229,59.449
Br62_rep9_Dep6_Tu2,0.000,0.000,0.000,0.013,8.727,0.000,3.961,0.000,0.000,17.752,11.713,0.000,57.834
Br62_rep7_Dep6_Tu50,33.486,0.000,0.000,10.803,9.895,0.000,0.054,0.000,0.000,13.956,3.182,0.000,28.623
Br62_rep7_Dep6_Tu5,5.268,0.000,0.000,0.703,3.842,0.000,2.810,0.000,3.154,13.678,8.921,0.000,61.624
Br62_rep8_Dep6_Tu2,0.000,0.000,0.000,0.391,8.447,0.000,4.284,0.000,0.000,14.515,10.551,2.344,59.468
Br62_rep5_Dep6_Tu0.1,0.000,0.000,0.000,0.000,9.644,0.000,2.582,0.000,0.000,14.599,10.724,0.000,62.452
Br62_rep6_Dep6_Tu5,0.000,0.000,0.220,0.000,6.871,0.000,3.966,0.000,0.000,18.237,9.625,0.325,60.755
Br62_rep9_Dep6_Tu20,13.445,0.000,0.000,7.070,8.607,0.000,3.125,0.000,0.000,15.869,6.387,0.000,45.497
Br62_rep2_Dep6_Tu30,23.476,0.000,0.000,10.393,0.969,0.000,0.000,0.000,0.000,9.375,7.643,0.000,48.144
Br62_rep7_Dep6_Tu10,4.679,0.000,0.000,0.838,14.385,0.000,1.078,0.000,0.000,12.407,10.367,2.823,53.423
Br62_rep6_Dep6_Tu0.1,0.000,0.000,0.000,0.000,8.132,0.000,1.879,0.000,2.134,13.321,13.196,0.000,61.339
Br62_rep5_Dep6_Tu50,35.548,0.000,4.148,8.478,4.905,0.000,0.000,0.000,0.000,11.685,3.366,0.000,31.870
Br62_rep10_Dep6_Tu1,0.000,0.000,0.000,0.000,9.991,0.000,3.600,0.000,0.000,11.946,15.119,4.731,54.612
Br62_rep1_Dep6_Tu30,15.751,0.000,0.000,8.326,10.009,0.000,2.137,0.000,0.000,11.150,9.832,0.575,42.221
Br62_rep7_Dep6_Tu0.3,0.000,0.000,0.000,0.000,6.072,0.000,0.020,0.000,0.312,16.064,12.585,2.495,62.453
Br62_rep2_Dep6_Tu10,1.000,0.000,0.000,2.931,12.863,0.000,1.705,0.000,0.480,12.330,11.211,3.094,54.386
Br62_rep9_Dep6_Tu0.1,0.000,0.000,0.000,0.000,13.338,0.000,3.184,0.000,0.000,13.492,10.744,4.299,54.943
Br62_rep3_Dep6_Tu10,6.738,0.000,0.255,3.418,3.589,0.000,1.038,0.000,0.000,21.110,8.007,0.000,55.845
Br62_rep4_Dep6_Tu5,0.924,0.000,0.000,1.664,12.427,0.000,2.925,0.000,2.315,8.637,13.193,3.731,54.184
Br62_rep8_Dep6_Tu20,14.151,0.000,0.000,6.071,15.555,0.000,0.000,0.000,2.036,7.733,3.690,0.000,50.764
Br62_rep1_Dep6_Tu2,0.000,0.000,0.000,0.000,15.535,0.000,1.038,0.000,0.000,14.239,11.124,1.519,56.547
Br62_rep10_Dep6_Tu5,1.284,1.409,0.000,0.197,9.226,0.340,3.747,0.000,1.275,12.230,10.633,3.246,56.412
Br62_rep10_Dep6_Tu30,13.438,0.078,3.828,4.552,11.271,0.000,0.919,0.000,1.548,13.895,5.202,0.000,45.268
Br62_rep6_Dep6_Tu2,4.206,0.000,0.000,0.000,2.367,0.000,0.357,0.000,5.307,11.174,11.917,2.496,62.176
Br62_rep4_Dep6_Tu3,0.000,0.000,0.000,0.042,10.320,0.000,3.352,0.000,0.000,10.517,11.409,6.831,57.527
Br66_rep4_Dep6_Tu50,49.400,0.000,0.000,1.288,0.000,0.000,1.106,0.000,0.000,11.010,10.334,0.000,26.861
Br66_rep3_Dep6_Tu0.5,0.000,0.000,0.000,0.000,7.537,0.000,3.710,0.000,1.270,12.189,15.588,2.764,56.942
Br66_rep2_Dep6_Tu3,0.000,0.000,0.000,0.000,9.137,0.000,0.237,1.039,0.000,17.647,11.097,3.882,56.961
Br66_rep6_Dep6_Tu40,34.226,0.340,0.000,4.005,3.956,0.000,0.000,0.000,0.198,12.246,7.522,1.994,35.513
Br66_rep9_Dep6_Tu0.1,0.000,0.000,0.000,0.000,12.799,0.000,2.931,0.000,0.000,14.050,11.368,4.308,54.543
Br66_rep9_Dep6_Tu5,4.816,0.000,0.000,0.845,7.582,0.000,3.496,0.000,2.905,15.037,11.397,1.685,52.237
Br66_rep10_Dep6_Tu1,0.000,0.000,0.000,0.000,11.032,0.000,0.422,0.000,1.395,10.684,13.016,4.757,58.694
Br66_rep6_Dep6_Tu20,23.949,0.000,0.000,0.000,1.550,0.000,0.000,0.000,4.530,10.321,9.831,1.292,48.527
Br66_rep10_Dep6_Tu30,30.297,0.000,0.000,2.761,2.764,0.000,0.000,0.000,2.047,9.759,13.228,0.397,38.747
Br66_rep10_Dep6_Tu5,1.880,0.000,0.000,0.000,12.755,0.000,1.745,0.000,1.006,16.663,13.154,1.409,51.388
Br66_rep7_Dep6_Tu1,0.000,0.000,0.075,0.000,4.251,0.000,3.513,0.000,0.000,12.810,14.221,0.619,64.511
Br66_rep6_Dep6_Tu0.3,0.000,0.000,0.000,0.000,6.414,0.000,4.131,0.000,1.351,12.341,15.654,2.799,57.310
Br66_rep1_Dep6_Tu30,28.693,0.000,0.000,2.844,6.975,0.000,0.428,0.000,0.000,10.640,7.419,2.064,40.938
Br66_rep3_Dep6_Tu1,0.000,0.000,0.000,0.000,8.458,0.000,2.287,0.000,0.163,10.810,14.428,4.272,59.582
Br66_rep3_Dep6_Tu30,37.235,0.000,0.000,0.000,1.252,0.000,0.000,0.000,0.000,11.748,7.791,0.000,41.974
Br66_rep9_Dep6_Tu1,0.000,0.000,0.000,0.000,12.152,0.000,3.396,0.000,0.000,11.515,11.902,0.037,60.998
Br66_rep9_Dep6_Tu40,34.468,0.000,0.000,5.127,4.186,0.000,0.000,1.631,0.000,8.546,9.920,0.000,36.122
Br66_rep5_Dep6_Tu1,1.640,0.000,0.782,0.000,7.086,0.000,3.156,0.000,2.474,13.808,13.960,2.823,54.271
Br66_rep2_Dep6_Tu5,2.217,0.000,0.000,1.956,9.788,0.000,0.994,0.000,0.000,12.671,9.012,3.672,59.691
Br66_rep5_Dep6_Tu30,28.894,0.000,0.000,0.000,2.830,0.000,1.280,0.000,0.000,21.018,4.771,0.000,41.207
Br66_rep7_Dep6_Tu50,43.447,1.960,0.000,6.441,0.000,0.000,0.000,0.593,0.000,13.029,6.780,0.000,27.750
Br66_rep4_Dep6_Tu40,38.448,0.000,0.000,4.002,4.123,0.000,0.000,0.000,0.000,13.770,9.766,0.761,29.130
Br66_rep8_Dep6_Tu5,5.932,0.000,0.000,0.000,5.195,0.000,2.885,0.000,2.608,10.880,10.047,5.538,56.915
Br66_rep9_Dep6_Tu2,0.000,0.000,0.000,0.000,9.501,0.000,3.413,0.000,0.000,16.823,11.733,0.000,58.530
Br66_rep6_Dep6_Tu30,29.576,0.000,0.000,5.084,9.271,0.000,0.438,0.000,4.500,2.353,7.548,3.336,37.895
Br66_rep4_Dep6_Tu0.1,0.000,0.000,0.000,0.000,3.407,0.000,2.098,0.000,0.000,18.451,11.936,0.000,64.109
Br66_rep5_Dep6_Tu10,9.527,0.000,0.000,0.000,4.914,0.000,4.464,0.000,0.497,16.924,10.993,0.572,52.110
Br66_rep3_Dep6_Tu40,37.075,0.000,0.000,2.476,4.855,0.000,0.677,0.000,0.000,9.353,6.974,3.590,35.000
Br66_rep9_Dep6_Tu0.5,0.000,0.000,0.000,0.000,13.329,0.000,0.040,0.000,0.000,12.740,12.792,2.804,58.296
Br66_rep8_Dep6_Tu2,0.579,0.000,0.000,0.000,8.308,0.000,3.451,0.000,0.000,14.501,12.042,2.510,58.610
Br66_rep10_Dep6_Tu2,0.000,0.000,0.000,0.000,6.970,0.000,2.215,0.000,0.000,17.171,13.606,1.600,58.438
Br66_rep6_Dep6_Tu0.1,0.000,0.000,0.000,0.000,8.205,0.000,2.097,0.000,2.192,13.378,13.779,0.000,60.348
Br66_rep5_Dep6_Tu0.5,0.443,0.000,0.000,0.000,1.647,0.000,3.593,0.000,0.632,13.249,9.446,2.710,68.281
Br66_rep2_Dep6_Tu20,24.672,0.000,0.000,0.716,5.798,0.000,3.440,1.787,0.000,12.815,4.869,0.000,45.904
Br66_rep4_Dep6_Tu0.5,0.000,0.000,0.000,0.000,6.544,0.867,7.028,0.000,0.015,11.190,6.811,4.507,63.039
Br66_rep4_Dep6_Tu5,1.094,0.000,0.000,0.000,15.003,0.000,1.715,0.000,2.271,9.957,13.810,4.946,51.205
Br66_rep8_Dep6_Tu0.5,0.000,0.000,0.000,0.000,11.074,0.000,5.556,0.000,0.262,12.862,8.186,0.000,62.061
Br66_rep5_Dep6_Tu20,20.532,0.000,0.000,4.465,4.703,0.000,4.670,0.000,2.397,3.065,9.365,2.186,48.617
Br66_rep1_Dep6_Tu3,4.788,0.000,0.000,0.000,1.693,0.000,2.947,0.000,1.376,14.708,12.750,1.536,60.202
Br66_rep10_Dep6_Tu10,12.936,0.000,1.287,0.000,0.972,0.000,1.479,0.000,1.075,12.064,12.064,2.970,55.154
Br66_rep3_Dep6_Tu10,7.699,0.000,0.000,0.088,2.236,0.000,1.039,0.924,0.142,21.006,9.959,0.000,56.905
Br66_rep10_Dep6_Tu40,27.078,0.000,3.727,4.732,5.922,0.000,4.733,0.000,3.969,10.491,4.887,0.000,34.461
Br66_rep1_Dep6_Tu50,47.332,0.000,0.000,9.824,0.000,0.000,0.000,0.000,0.000,5.136,6.502,0.000,31.206
Br66_rep10_Dep6_Tu0.5,0.000,0.000,0.000,0.000,8.556,0.000,4.289,0.000,0.000,12.880,11.796,0.490,61.989
Br66_rep1_Dep6_Tu0.3,0.000,0.000,0.704,0.000,1.178,0.000,2.901,0.628,1.060,15.407,13.239,1.392,63.492
Br66_rep10_Dep6_Tu0.1,0.000,0.000,0.784,0.000,2.488,0.000,3.861,0.000,1.434,12.995,11.885,4.129,62.425
Br66_rep8_Dep6_Tu40,33.882,0.000,0.000,6.392,10.933,0.000,0.532,0.000,0.000,7.724,6.155,0.000,34.383
Br66_rep3_Dep6_Tu20,19.912,0.000,0.000,2.537,3.798,0.000,1.027,0.000,0.000,10.438,11.812,2.042,48.433
Br66_rep9_Dep6_Tu0.3,0.000,0.000,0.000,0.000,5.834,0.000,0.331,0.000,0.000,14.213,15.517,0.000,64.105
Br66_rep7_Dep6_Tu0.3,0.000,0.000,0.000,0.000,5.853,0.000,0.442,0.000,0.166,15.994,12.972,2.388,62.185
Br66_rep5_Dep6_Tu2,3.604,0.000,0.000,0.000,7.299,0.000,0.651,0.000,2.491,10.322,11.460,5.466,58.707
Br66_rep5_Dep6_Tu0.3,0.000,0.000,0.000,0.000,6.678,0.034,2.466,0.000,3.315,11.588,15.201,4.870,55.848
Br66_rep6_Dep6_Tu5,4.441,0.000,0.129,0.000,4.880,0.000,2.990,0.000,0.000,18.041,8.280,1.548,59.691
Br66_rep5_Dep6_Tu3,0.000,0.000,0.000,0.000,11.794,0.000,0.872,0.000,0.000,15.155,10.727,3.170,58.283
Br66_rep1_Dep6_Tu5,2.697,0.000,0.000,0.000,6.218,0.000,3.730,0.000,1.409,13.852,12.320,2.120,57.654
Br66_rep6_Dep6_Tu10,4.663,0.000,4.656,0.026,8.150,0.000,0.743,0.000,0.957,11.155,14.038,3.998,51.614
Br66_rep3_Dep6_Tu5,3.564,0.000,0.000,2.424,9.951,0.000,2.939,0.000,0.000,13.076,6.392,1.324,60.329
Br66_rep1_Dep6_Tu1,0.000,0.000,0.234,0.000,10.093,0.000,4.706,0.000,1.800,11.413,9.709,2.406,59.639
Br66_rep4_Dep6_Tu30,35.811,0.000,0.000,0.035,2.531,0.000,0.000,0.000,0.000,12.622,11.656,0.000,37.345
Br66_rep8_Dep6_Tu20,17.927,1.085,0.000,1.632,6.912,0.000,2.288,1.130,5.662,7.074,4.546,0.571,51.174
Br66_rep4_Dep6_Tu10,6.784,0.000,0.000,0.000,8.184,0.000,0.962,0.000,0.000,12.017,17.763,0.157,54.133
Br66_rep2_Dep6_Tu1,0.000,0.000,0.000,0.000,6.578,0.000,0.000,0.000,0.422,16.667,12.144,2.923,61.267
Br66_rep6_Dep6_Tu2,4.610,0.000,0.000,0.000,2.759,0.000,0.000,0.000,5.264,11.123,12.779,1.566,61.899
Br66_rep6_Dep6_Tu0.5,0.000,0.000,0.000,0.000,9.333,0.000,4.531,0.000,3.516,11.095,10.346,1.871,59.307
Br66_rep5_Dep6_Tu0.1,0.000,0.000,0.000,0.000,9.558,0.000,2.534,0.000,0.000,14.566,11.068,0.000,62.274
Br66_rep2_Dep6_Tu2,0.608,0.000,0.000,0.000,5.011,0.000,2.580,0.000,0.667,15.071,12.779,1.427,61.857
Br66_rep10_Dep6_Tu50,51.043,0.000,0.000,7.877,2.159,0.000,0.000,0.355,0.000,9.932,1.796,0.000,26.838
Br66_rep7_Dep6_Tu3,0.833,0.000,0.000,0.000,11.192,0.000,5.031,0.000,0.000,11.961,10.323,4.380,56.280
Br66_rep7_Dep6_Tu10,4.371,1.286,1.202,0.000,13.795,0.000,1.357,0.000,0.000,11.094,11.245,2.443,53.207
Br66_rep2_Dep6_Tu0.5,0.000,0.000,0.000,0.000,8.056,0.000,0.646,0.000,0.000,16.357,14.045,0.000,60.897
Br66_rep5_Dep6_Tu50,43.989,0.000,0.000,5.296,0.570,0.000,0.000,0.000,1.177,12.454,9.902,1.265,25.346
Br66_rep9_Dep6_Tu20,22.889,0.000,0.000,0.203,6.085,0.000,2.262,0.000,0.000,15.306,7.029,0.000,46.228
Br66_rep8_Dep6_Tu3,0.247,0.000,0.000,1.911,10.386,0.000,0.372,0.000,0.493,10.040,11.751,4.489,60.311
Br66_rep9_Dep6_Tu10,6.968,0.000,0.000,0.640,6.206,0.000,5.313,0.000,0.000,10.077,13.015,2.801,54.980
Br66_rep7_Dep6_Tu2,0.000,0.000,0.000,0.000,5.249,0.000,3.647,0.000,0.000,19.416,7.829,1.460,62.399
Br66_rep6_Dep6_Tu3,0.000,0.000,0.000,0.000,14.344,0.000,3.833,0.000,0.275,13.131,10.077,0.006,58.335
Br66_rep1_Dep6_Tu0.5,1.524,0.000,0.132,0.000,6.846,0.000,2.638,0.000,3.156,13.733,11.082,0.000,60.889
Br66_rep2_Dep6_Tu40,35.964,2.481,0.000,5.616,0.000,0.000,5.148,0.000,0.000,7.805,6.827,0.772,35.386
Br66_rep1_Dep6_Tu2,0.000,0.000,0.000,0.000,13.749,0.000,1.815,0.000,0.000,13.861,10.622,1.176,58.777
Br66_rep8_Dep6_Tu1,0.000,0.000,0.000,0.000,7.250,0.000,0.526,0.000,0.000,13.835,11.503,2.955,63.932
Br66_rep4_Dep6_Tu3,0.043,0.000,0.000,0.025,11.290,0.000,2.897,0.000,0.000,11.586,11.065,5.966,57.128
Br66_rep7_Dep6_Tu40,32.792,0.000,0.000,6.614,7.373,0.000,2.020,0.000,0.000,3.983,6.083,1.967,39.169
Br66_rep7_Dep6_Tu0.5,0.000,0.000,0.000,0.000,7.868,0.000,3.493,0.000,2.161,10.405,11.117,3.737,61.218
Br66_rep2_Dep6_Tu30,32.903,0.000,0.000,3.488,4.288,0.000,0.000,0.000,0.000,6.887,8.750,0.000,43.684
Br66_rep2_Dep6_Tu0.1,0.000,0.000,0.000,0.000,10.512,0.000,3.653,0.000,0.000,10.520,12.450,5.695,57.170
Br66_rep7_Dep6_Tu0.1,0.000,0.000,0.000,0.000,10.262,0.000,1.385,0.000,0.000,12.185,14.578,2.419,59.171
Br66_rep1_Dep6_Tu40,37.389,0.000,0.000,7.174,2.666,0.000,0.000,0.000,0.000,13.177,6.515,0.176,32.902
Br66_rep7_Dep6_Tu5,5.396,0.000,0.000,0.000,2.626,0.000,3.205,0.000,2.029,14.385,10.437,0.324,61.599
Br66_rep4_Dep6_Tu1,0.000,0.000,0.000,0.000,7.644,0.000,6.595,0.000,0.000,10.923,10.907,3.762,60.169
Br66_rep8_Dep6_Tu0.1,0.000,0.000,0.000,0.000,9.521,0.000,6.316,0.000,0.211,11.364,10.310,3.349,58.929
Br66_rep4_Dep6_Tu2,0.000,0.000,0.000,0.000,14.461,0.000,2.649,0.000,0.878,5.070,14.979,3.982,57.980
Br66_rep1_Dep6_Tu0.1,0.000,0.000,0.000,0.000,5.894,0.000,1.885,0.000,0.000,15.772,9.127,0.000,67.322
Br66_rep2_Dep6_Tu10,7.611,0.000,0.000,0.017,5.909,0.000,1.409,0.000,2.253,14.197,12.292,2.471,53.841
Br66_rep4_Dep6_Tu20,15.427,0.000,0.000,6.618,4.173,0.000,3.528,0.000,0.000,10.452,9.158,3.040,47.604
Br66_rep4_Dep6_Tu0.3,0.000,0.000,0.000,0.000,5.804,0.000,3.062,0.000,1.791,13.537,13.280,2.619,59.907
Br66_rep10_Dep6_Tu3,0.000,0.000,0.000,0.540,15.741,0.769,2.552,0.000,0.000,9.824,10.960,2.330,57.284
Br66_rep1_Dep6_Tu20,19.811,0.000,0.000,0.000,5.936,0.000,0.000,0.000,7.076,8.018,9.901,3.263,45.995
Br66_rep6_Dep6_Tu1,0.000,0.000,0.000,0.000,11.420,0.000,4.740,0.000,0.000,11.689,8.711,0.699,62.741
Br66_rep6_Dep6_Tu50,48.611,0.000,0.469,2.309,6.348,0.000,0.000,0.000,1.833,6.475,3.518,0.188,30.249
Br66_rep9_Dep6_Tu3,0.000,0.000,0.000,0.357,14.321,0.000,2.968,0.000,2.061,10.339,12.054,2.501,55.399
Br66_rep3_Dep6_Tu50,45.890,0.000,0.000,4.635,0.000,0.000,0.000,0.000,0.000,12.233,9.223,0.000,28.019
Br66_rep8_Dep6_Tu30,25.613,0.000,0.000,1.403,8.099,0.000,0.268,0.000,0.000,15.712,9.331,0.000,39.575
Br66_rep7_Dep6_Tu20,22.989,0.000,0.000,0.882,7.991,0.000,0.000,0.000,0.000,11.621,7.824,0.982,47.712
Br66_rep3_Dep6_Tu2,1.900,0.000,0.000,0.000,3.316,0.000,5.632,0.000,0.784,10.755,12.703,2.210,62.699
Br66_rep8_Dep6_Tu50,52.743,0.000,0.000,7.150,1.465,0.000,0.000,0.000,0.000,2.755,7.400,2.076,26.410
Br66_rep3_Dep6_Tu3,1.735,0.000,1.455,0.000,5.349,0.000,0.733,0.000,0.305,15.993,11.529,7.242,55.659
Br66_rep3_Dep6_Tu0.3,0.000,0.000,0.000,0.000,11.787,0.000,5.683,0.000,0.263,12.733,8.022,0.000,61.512
Br66_rep8_Dep6_Tu0.3,0.000,0.000,0.000,0.000,5.672,0.000,0.283,0.000,0.000,14.150,15.559,0.000,64.336
Br66_rep3_Dep6_Tu0.1,0.000,0.000,0.000,0.000,11.044,0.000,1.180,0.000,0.000,9.920,17.637,3.946,56.273
Br66_rep10_Dep6_Tu0.3,0.000,0.000,0.000,0.000,1.430,0.000,0.000,0.000,6.075,13.599,12.625,2.552,63.719
Br66_rep2_Dep6_Tu50,47.215,0.000,0.000,5.299,0.000,0.000,0.000,0.000,0.000,8.762,6.766,0.000,31.957
Br66_rep5_Dep6_Tu5,0.537,4.379,0.037,0.097,9.919,0.000,5.251,0.000,0.000,7.700,12.110,5.129,54.841
Br66_rep10_Dep6_Tu20,18.036,0.000,0.000,6.966,0.000,0.000,0.691,0.000,0.840,12.319,8.600,0.986,51.561
Br66_rep7_Dep6_Tu30,31.738,0.000,0.000,1.287,2.800,0.000,0.334,0.563,0.000,12.179,6.204,2.007,42.888
Br66_rep9_Dep6_Tu30,25.949,0.000,0.000,4.073,0.000,0.000,3.901,0.000,0.000,13.434,10.123,3.825,38.695
Br66_rep5_Dep6_Tu40,29.902,0.000,0.000,7.795,4.958,0.000,0.049,0.209,0.000,12.231,7.016,3.859,33.981
Br66_rep8_Dep6_Tu10,14.939,0.000,0.000,0.000,0.000,0.000,5.845,0.000,3.366,11.441,7.940,0.316,56.154
Br66_rep9_Dep6_Tu50,39.400,0.000,0.000,8.250,0.000,0.000,0.000,0.000,0.000,13.068,6.038,0.000,33.244
Br66_rep2_Dep6_Tu0.3,0.000,0.000,0.201,0.000,10.347,0.000,1.199,0.000,0.000,11.938,10.201,3.317,62.797
Br66_rep1_Dep6_Tu10,11.515,0.000,0.000,0.000,2.529,0.000,7.630,0.000,0.000,13.403,7.212,3.501,54.209
Cer77_rep9_Dep6_Tu3,0.000,0.000,0.323,0.000,15.098,0.000,2.939,0.000,2.566,10.018,11.224,3.339,54.493
Cer77_rep5_Dep6_Tu30,4.706,13.118,2.850,5.191,21.979,7.655,0.651,0.000,1.362,7.578,3.932,0.885,30.092
Cer77_rep3_Dep6_Tu30,0.755,21.897,0.551,10.835,18.481,0.682,1.823,0.000,0.000,5.054,4.807,3.265,31.848
Cer77_rep8_Dep6_Tu50,6.236,24.682,4.403,15.264,18.796,8.170,0.664,0.610,0.000,0.000,6.242,3.994,10.939
Cer77_rep1_Dep6_Tu1,0.000,0.000,0.677,0.000,10.399,0.000,3.757,0.000,2.374,11.954,10.340,2.451,58.048
Cer77_rep7_Dep6_Tu3,0.031,0.181,0.000,0.000,15.447,0.000,3.896,0.000,0.000,11.057,11.102,5.706,52.580
Cer77_rep10_Dep6_Tu2,0.636,0.000,0.000,1.413,7.267,0.000,2.496,0.000,0.000,15.789,13.311,1.123,57.964
Cer77_rep2_Dep6_Tu0.5,0.000,0.000,0.000,0.000,8.619,0.000,0.000,0.000,0.000,16.491,13.810,0.000,61.081
Cer77_rep3_Dep6_Tu20,3.502,8.029,2.747,7.293,16.367,4.676,0.080,0.000,0.000,6.313,8.590,2.863,39.539
Cer77_rep1_Dep6_Tu2,0.000,0.000,0.000,0.000,15.599,0.000,1.672,0.000,0.000,14.301,10.082,1.913,56.433
Cer77_rep2_Dep6_Tu5,0.000,0.000,0.684,4.825,15.052,0.000,1.138,0.000,1.013,11.090,8.795,3.490,53.912
Cer77_rep5_Dep6_Tu0.5,0.453,0.000,0.000,0.000,2.191,0.000,3.527,0.000,0.655,12.652,9.047,3.603,67.872
Cer77_rep2_Dep6_Tu50,8.534,13.134,12.075,13.905,18.203,3.433,0.000,2.293,0.000,0.000,3.869,2.137,22.416
Cer77_rep9_Dep6_Tu0.5,0.000,0.000,0.000,0.000,14.092,0.000,0.089,0.000,0.000,12.719,12.703,2.814,57.582
Cer77_rep4_Dep6_Tu10,0.000,4.260,1.281,4.825,11.996,0.000,0.782,0.000,0.824,9.684,15.861,0.762,49.725
Cer77_rep9_Dep6_Tu20,1.664,11.088,3.088,5.396,12.565,5.046,2.226,2.357,0.000,9.778,7.809,2.381,36.602
Cer77_rep3_Dep6_Tu10,2.895,3.794,0.000,3.255,9.212,0.000,2.806,0.000,0.166,18.592,8.629,0.103,50.548
Cer77_rep6_Dep6_Tu5,0.000,0.000,3.594,0.000,11.285,1.553,3.753,0.000,0.000,14.697,6.814,2.008,56.297
Cer77_rep5_Dep6_Tu1,0.000,0.000,0.000,0.000,7.997,0.000,3.669,0.000,2.254,14.722,12.797,3.534,55.028
Cer77_rep5_Dep6_Tu0.3,0.000,0.089,0.000,0.000,6.734,0.000,2.405,0.000,3.361,11.338,15.030,4.995,56.049
Cer77_rep4_Dep6_Tu50,5.079,20.047,7.806,16.068,15.677,7.052,0.134,3.073,0.000,0.000,7.196,2.344,15.524
Cer77_rep6_Dep6_Tu0.3,0.000,0.000,0.000,0.000,7.952,0.000,3.504,0.000,1.341,12.154,15.580,2.518,56.950
Cer77_rep4_Dep6_Tu40,2.491,13.387,5.395,12.912,22.662,9.288,0.082,0.000,0.016,3.200,5.560,3.527,21.478
Cer77_rep10_Dep6_Tu5,1.582,0.000,0.000,1.869,15.967,0.000,1.987,0.000,0.037,15.836,8.827,1.926,51.970
Cer77_rep3_Dep6_Tu1,0.000,0.000,0.000,0.000,11.478,0.000,2.130,0.000,0.294,9.091,13.530,4.995,58.483
Cer77_rep8_Dep6_Tu40,0.626,22.392,9.320,9.527,21.719,2.816,0.740,0.329,0.000,1.925,6.124,4.165,20.316
Cer77_rep7_Dep6_Tu0.3,0.000,0.000,0.000,0.000,6.384,0.000,0.492,0.000,0.361,15.819,12.448,2.480,62.016
Cer77_rep3_Dep6_Tu0.1,0.000,0.000,0.000,0.000,11.225,0.000,1.164,0.000,0.000,9.899,17.617,3.880,56.215
Cer77_rep4_Dep6_Tu0.3,0.000,0.000,0.509,0.000,6.324,0.000,2.725,0.000,1.702,12.878,12.378,2.340,61.144
Cer77_rep6_Dep6_Tu2,4.563,0.000,0.000,0.000,2.293,0.000,0.955,0.000,6.326,10.173,12.573,2.312,60.804
Cer77_rep6_Dep6_Tu20,1.956,16.712,1.511,7.471,10.853,2.461,1.792,0.000,0.606,4.568,9.404,4.499,38.166
Cer77_rep9_Dep6_Tu40,4.219,14.914,12.422,9.424,19.315,0.000,2.550,4.176,0.000,0.000,7.775,2.035,23.170
Cer77_rep6_Dep6_Tu40,0.303,19.793,6.033,11.838,15.977,4.280,0.740,1.418,0.000,4.438,4.671,4.501,26.007
Cer77_rep8_Dep6_Tu5,4.002,0.000,0.000,2.870,11.062,0.000,3.345,0.000,3.259,8.648,8.899,3.945,53.971
