Sample,BRCA,CEAD,CESC,COAD,OV,READ,bcell,cd4tcell,cd8tcell,erythroblast,monocyte,naturalkillercell,neutrophil
Cer81_rep10_Dep6_Tu5,0.000,8.435,0.383,0.069,0.068,0.000,0.802,17.504,0.000,6.008,9.818,0.518,56.396
Cer81_rep8_Dep6_Tu2,0.000,0.422,0.673,0.008,0.098,0.000,0.721,21.261,0.000,1.903,7.540,6.625,60.748
Cer81_rep6_Dep6_Tu3,0.008,8.929,0.050,0.064,0.000,0.000,3.305,14.540,0.000,5.602,8.447,0.017,59.037
Cer81_rep2_Dep6_Tu3,0.000,1.122,0.211,0.027,0.000,0.000,0.721,22.088,0.000,6.879,10.894,0.994,57.064
Cer81_rep7_Dep6_Tu20,0.000,0.348,11.331,0.328,6.243,0.000,1.139,15.553,2.467,13.569,3.739,0.430,44.851
Cer81_rep5_Dep6_Tu5,0.000,9.992,0.604,0.084,0.000,0.000,0.061,13.964,0.000,10.618,4.814,0.428,59.435
Cer81_rep4_Dep6_Tu0.1,0.000,4.330,0.015,0.000,0.000,0.000,1.203,13.010,0.000,8.235,10.977,1.187,61.043
Cer81_rep9_Dep6_Tu20,18.269,2.529,1.666,0.249,1.004,0.000,0.694,10.210,0.000,11.479,7.218,2.914,43.768
Cer81_rep9_Dep6_Tu5,0.000,6.410,1.033,0.120,0.076,0.000,0.188,18.913,0.000,5.950,7.174,0.202,59.932
Cer81_rep2_Dep6_Tu1,0.000,2.602,0.053,0.000,0.000,0.000,0.746,21.717,0.000,3.683,11.713,0.413,59.073
Cer81_rep8_Dep6_Tu3,0.000,4.292,1.242,0.007,0.039,0.000,0.181,28.321,0.000,0.846,2.953,0.000,62.119
Cer81_rep8_Dep6_Tu1,0.000,1.906,0.013,0.000,0.019,0.000,1.331,24.660,0.000,1.333,6.757,0.096,63.884
Cer81_rep1_Dep6_Tu50,18.416,0.000,15.941,1.068,2.926,0.000,0.000,1.569,22.673,9.406,3.935,1.251,22.815
Cer81_rep9_Dep6_Tu1,0.000,1.184,0.074,0.014,0.000,0.000,11.817,19.528,0.000,0.831,5.072,0.000,61.480
Cer81_rep4_Dep6_Tu30,19.159,0.063,10.120,0.413,4.424,0.000,0.728,10.232,0.684,7.045,5.322,5.835,35.974
Cer81_rep5_Dep6_Tu20,25.122,7.067,0.906,0.181,0.460,0.000,2.195,8.032,0.818,4.352,6.619,1.277,42.970
Cer81_rep2_Dep6_Tu0.5,0.048,0.763,0.024,0.000,0.000,0.000,2.426,23.618,0.000,1.350,9.498,2.153,60.119
Cer81_rep2_Dep6_Tu2,0.050,6.789,0.049,0.039,0.035,0.000,0.960,16.630,0.000,6.796,10.344,0.078,58.230
Cer81_rep5_Dep6_Tu1,0.000,5.800,0.191,0.000,0.000,0.000,0.169,19.338,0.000,4.347,7.770,0.139,62.245
Cer81_rep7_Dep6_Tu0.5,0.001,10.388,0.000,0.000,0.000,0.000,1.867,16.039,0.000,4.910,5.481,0.022,61.291
Cer81_rep5_Dep6_Tu0.1,0.000,0.936,0.012,0.000,0.000,0.000,11.901,19.595,0.000,0.562,4.956,0.066,61.972
Cer81_rep8_Dep6_Tu0.1,0.000,10.292,0.020,0.000,0.000,0.000,0.502,16.038,0.000,1.790,6.308,1.829,63.220
Cer81_rep10_Dep6_Tu10,0.000,4.273,5.542,0.142,0.241,0.000,3.491,12.735,0.000,9.999,9.179,2.205,52.192
Cer81_rep2_Dep6_Tu5,0.000,3.980,2.790,0.046,0.205,0.000,0.172,27.411,0.000,1.274,3.026,0.000,61.095
Cer81_rep8_Dep6_Tu50,12.494,0.000,14.128,0.731,16.341,0.000,0.206,1.700,11.903,13.208,3.515,0.646,25.128
Cer81_rep2_Dep6_Tu40,38.201,0.000,7.715,0.498,4.336,0.000,1.473,2.144,0.000,5.101,7.465,1.725,31.341
Cer81_rep6_Dep6_Tu30,7.716,6.073,8.654,0.585,10.956,0.000,0.202,7.713,1.621,13.206,5.506,0.098,37.669
Cer81_rep4_Dep6_Tu1,0.039,10.352,0.080,0.005,0.000,0.000,0.320,13.489,0.000,9.430,4.117,0.101,62.067
Cer81_rep3_Dep6_Tu0.3,0.000,6.581,0.038,0.000,0.000,0.000,1.884,13.632,0.000,8.162,7.172,0.391,62.139
Cer81_rep9_Dep6_Tu0.1,0.000,12.212,0.133,0.000,0.000,0.000,0.295,13.587,0.000,2.860,7.974,0.170,62.769
Cer81_rep1_Dep6_Tu40,21.251,1.284,11.699,0.547,2.454,0.000,0.000,9.766,13.222,5.186,2.837,0.764,30.989
Cer81_rep10_Dep6_Tu2,0.000,5.060,0.133,0.001,0.011,0.000,1.723,17.235,0.000,4.988,7.965,1.006,61.878
Cer81_rep7_Dep6_Tu50,34.843,0.000,9.512,0.631,6.539,0.000,0.000,6.723,1.373,7.776,5.615,1.328,25.661
Cer81_rep8_Dep6_Tu0.3,0.000,1.064,0.011,0.000,0.000,0.000,4.041,22.787,0.000,0.503,12.251,0.537,58.805
Cer81_rep8_Dep6_Tu40,12.689,0.000,16.569,0.495,3.866,0.000,1.189,9.229,2.932,16.180,3.134,1.759,31.959
Cer81_rep9_Dep6_Tu40,22.511,0.000,10.678,0.594,8.999,0.000,1.010,5.816,2.159,8.400,3.754,3.301,32.777
Cer81_rep9_Dep6_Tu10,0.000,0.127,5.435,0.185,1.575,0.000,0.953,18.093,1.840,3.791,5.660,7.491,54.850
Cer81_rep2_Dep6_Tu50,10.392,0.000,18.715,1.066,15.309,0.000,1.036,4.303,0.000,13.964,4.393,3.515,27.307
Cer81_rep8_Dep6_Tu10,13.797,9.215,2.414,0.099,0.649,0.000,2.548,9.512,0.000,1.614,6.513,0.335,53.302
Cer81_rep10_Dep6_Tu0.1,0.000,4.317,0.000,0.000,0.000,0.000,3.024,15.416,0.000,4.310,10.246,1.217,61.469
Cer81_rep3_Dep6_Tu1,0.000,0.487,0.036,0.000,0.000,0.000,2.446,20.198,0.000,3.003,6.301,1.748,65.780
Cer81_rep9_Dep6_Tu50,7.467,0.049,19.625,0.813,17.314,0.000,1.186,2.913,3.090,13.380,3.156,3.381,27.627
Cer81_rep8_Dep6_Tu30,22.450,0.069,8.507,0.245,1.745,0.000,9.017,9.520,0.155,5.223,3.052,0.957,39.060
Cer81_rep4_Dep6_Tu20,12.244,4.564,7.862,0.233,1.817,0.000,0.961,10.848,0.000,10.715,4.785,1.985,43.987
Cer81_rep10_Dep6_Tu20,9.113,6.049,7.998,0.471,3.937,0.000,0.098,9.811,0.000,8.948,6.239,1.750,45.587
Cer81_rep7_Dep6_Tu3,0.000,9.706,0.409,0.022,0.000,0.000,0.048,13.851,0.000,9.819,5.220,0.250,60.674
Cer81_rep2_Dep6_Tu30,16.886,0.000,9.668,0.393,8.599,0.000,0.677,12.622,0.000,5.157,8.409,2.129,35.460
Cer81_rep1_Dep6_Tu0.1,0.000,0.746,0.000,0.000,0.000,0.000,7.753,20.769,0.021,0.715,6.439,0.125,63.431
Cer81_rep5_Dep6_Tu10,0.000,1.706,9.041,0.169,0.652,0.000,0.858,19.675,0.000,4.803,6.984,0.246,55.866
Cer81_rep7_Dep6_Tu0.1,0.000,0.636,0.028,0.000,0.000,0.000,0.641,25.305,0.012,7.052,5.285,0.000,61.040
Cer81_rep8_Dep6_Tu0.5,0.000,6.565,0.077,0.000,0.000,0.000,1.864,13.671,0.000,8.112,7.147,0.450,62.114
Cer81_rep7_Dep6_Tu1,0.011,0.985,0.000,0.000,0.000,0.000,2.603,23.265,0.000,4.426,7.530,0.294,60.886
Cer81_rep10_Dep6_Tu0.5,0.000,1.843,0.017,0.000,0.012,0.000,3.544,20.811,0.000,2.874,8.594,0.137,62.166
Cer81_rep8_Dep6_Tu20,6.842,1.485,11.899,0.227,0.480,0.000,2.735,13.571,1.533,8.967,3.689,1.783,46.789
Cer81_rep4_Dep6_Tu5,0.000,8.900,1.010,0.217,0.499,0.000,0.070,15.004,0.000,9.250,6.986,0.160,57.903
Cer81_rep3_Dep6_Tu30,13.085,0.356,11.502,0.464,4.173,0.000,2.869,10.733,0.000,13.618,6.105,0.708,36.386
Cer81_rep9_Dep6_Tu0.3,0.000,0.944,0.003,0.000,0.000,0.000,4.059,22.831,0.000,0.431,12.264,0.537,58.931
Cer81_rep4_Dep6_Tu0.3,0.000,2.775,0.025,0.000,0.000,0.000,4.384,20.657,0.000,1.893,7.397,0.244,62.625
Cer81_rep1_Dep6_Tu30,18.210,0.557,6.641,0.343,8.046,0.000,1.667,12.481,0.000,9.465,4.034,2.244,36.313
Cer81_rep1_Dep6_Tu1,0.000,13.049,0.077,0.000,0.000,0.000,1.156,13.073,0.000,1.713,8.643,0.777,61.513
Cer81_rep4_Dep6_Tu50,27.196,0.000,10.649,0.777,7.534,0.000,0.096,2.864,11.352,6.965,3.805,3.341,25.421
Cer81_rep6_Dep6_Tu0.1,0.000,7.929,0.000,0.000,0.000,0.000,1.901,15.409,0.000,2.727,10.539,0.000,61.493
Cer81_rep1_Dep6_Tu0.5,0.000,6.364,0.056,0.000,0.000,0.000,0.867,14.341,0.000,8.728,9.147,0.142,60.356
Cer81_rep3_Dep6_Tu50,24.881,0.000,12.264,0.667,5.790,0.000,0.829,1.017,12.543,9.424,5.785,1.934,24.866
Cer81_rep6_Dep6_Tu50,21.534,0.000,18.942,1.097,4.777,0.000,0.000,3.607,4.115,12.731,4.276,1.965,26.956
Cer81_rep4_Dep6_Tu40,0.000,0.000,14.544,0.619,17.499,0.000,0.933,5.576,5.585,16.525,6.199,2.495,30.024
Cer81_rep7_Dep6_Tu5,0.000,3.049,0.475,0.056,0.105,0.000,2.357,13.650,0.000,11.981,10.348,1.741,56.237
Cer81_rep9_Dep6_Tu30,8.801,0.063,12.224,0.360,9.907,0.000,1.150,10.371,0.000,7.526,4.786,6.645,38.170
Cer81_rep5_Dep6_Tu0.5,0.000,0.737,0.000,0.000,0.000,0.000,5.308,22.680,0.000,3.127,6.121,0.042,61.986
Cer81_rep5_Dep6_Tu2,0.000,8.617,0.262,0.021,0.000,0.000,0.035,14.147,0.000,7.409,7.159,0.660,61.691
Cer81_rep5_Dep6_Tu3,0.000,0.646,0.145,0.066,0.000,0.000,1.856,23.790,0.000,6.888,5.035,0.401,61.172
Cer81_rep2_Dep6_Tu0.3,0.000,3.618,0.014,0.000,0.000,0.000,0.226,28.704,0.000,0.493,2.997,0.000,63.946
Cer81_rep10_Dep6_Tu1,0.000,4.196,0.431,0.000,0.000,0.000,0.134,28.703,0.000,0.653,2.917,0.000,62.966
Cer81_rep3_Dep6_Tu20,0.000,0.000,7.743,0.191,10.898,0.000,1.807,16.118,4.409,3.698,9.940,1.281,43.915
Cer81_rep4_Dep6_Tu10,0.529,0.611,3.200,0.101,0.070,0.000,4.621,20.412,0.000,9.149,6.826,0.000,54.480
Cer81_rep4_Dep6_Tu2,0.000,2.288,0.079,0.038,0.024,0.000,2.714,22.555,0.000,2.420,6.741,0.000,63.141
Cer81_rep1_Dep6_Tu20,7.856,6.865,11.764,0.250,0.680,0.000,0.003,9.402,0.000,11.511,5.224,1.143,45.303
Cer81_rep3_Dep6_Tu40,9.770,0.000,15.620,0.492,13.557,0.000,1.832,2.716,6.332,9.600,4.449,3.405,32.229
Cer81_rep9_Dep6_Tu0.5,0.000,0.925,0.057,0.000,0.000,0.000,0.186,25.340,0.000,7.540,4.884,0.045,61.022
Cer81_rep2_Dep6_Tu10,2.358,1.324,3.721,0.168,0.342,0.000,6.593,19.631,0.000,5.302,5.996,1.936,52.629
Cer81_rep6_Dep6_Tu0.3,0.000,2.208,0.289,0.000,0.000,0.000,1.175,22.935,0.000,1.563,8.275,0.114,63.440
Cer81_rep10_Dep6_Tu30,16.763,4.466,7.884,0.446,5.743,0.000,1.637,6.710,0.000,11.992,5.076,1.721,37.560
Cer81_rep1_Dep6_Tu10,0.000,9.820,3.063,0.158,0.046,0.000,0.249,12.681,0.000,12.791,4.000,0.862,56.331
Cer81_rep7_Dep6_Tu2,0.000,11.999,0.129,0.031,0.000,0.000,0.138,16.291,0.000,4.168,8.390,0.044,58.810
Cer81_rep6_Dep6_Tu2,0.000,8.170,0.293,0.070,0.000,0.000,0.145,15.709,0.000,4.918,8.680,0.452,61.563
Cer81_rep10_Dep6_Tu40,36.226,4.656,7.056,0.455,3.362,0.000,1.322,2.354,0.000,6.409,3.879,2.213,32.070
Cer81_rep6_Dep6_Tu5,0.000,12.195,0.657,0.076,0.000,0.000,0.258,16.010,0.000,5.054,8.219,0.006,57.525
Cer81_rep5_Dep6_Tu40,21.874,0.000,9.679,0.666,5.462,0.000,0.351,1.702,10.307,11.412,4.447,2.720,31.380
Cer81_rep3_Dep6_Tu3,0.169,2.856,0.727,0.008,0.000,0.000,4.704,20.519,0.000,5.190,5.400,0.055,60.371
Cer81_rep1_Dep6_Tu2,0.061,1.336,0.077,0.006,0.009,0.000,11.988,19.537,0.000,1.203,4.390,0.000,61.393
Cer81_rep6_Dep6_Tu10,3.824,1.559,4.777,0.120,0.105,0.000,2.272,19.549,0.000,3.898,5.433,1.144,57.319
Cer81_rep9_Dep6_Tu2,0.000,0.995,0.166,0.009,0.000,0.000,0.517,23.342,0.000,7.732,7.626,0.463,59.149
Cer81_rep6_Dep6_Tu0.5,0.000,13.733,0.069,0.000,0.000,0.000,0.944,13.224,0.000,1.919,8.289,0.165,61.658
Cer81_rep1_Dep6_Tu0.3,0.000,3.054,0.035,0.005,0.000,0.000,3.613,9.925,0.019,10.385,12.620,1.231,59.114
Cer81_rep1_Dep6_Tu3,0.000,3.118,0.158,0.037,0.000,0.000,4.633,11.297,0.000,10.158,10.671,2.136,57.793
Cer81_rep2_Dep6_Tu0.1,0.000,3.706,0.012,0.000,0.000,0.000,0.716,26.100,0.000,1.390,4.166,0.035,63.874
Cer81_rep7_Dep6_Tu0.3,0.021,0.833,0.014,0.000,0.000,0.000,4.293,22.724,0.000,5.103,6.281,0.016,60.715
Cer81_rep5_Dep6_Tu30,14.177,1.334,5.394,0.578,11.154,0.000,0.198,8.781,2.382,12.020,5.594,2.974,35.413
Cer81_rep10_Dep6_Tu3,0.000,3.231,0.232,0.048,0.057,0.000,2.511,20.131,0.000,3.957,7.133,0.089,62.612
Cer81_rep6_Dep6_Tu40,13.982,1.675,12.978,0.403,10.436,0.000,2.040,6.476,0.000,13.775,5.778,1.041,31.416
Cer81_rep3_Dep6_Tu0.5,0.000,2.272,0.417,0.000,0.000,0.000,1.221,22.850,0.000,1.472,8.257,0.109,63.402
Cer81_rep8_Dep6_Tu5,0.000,10.133,1.632,0.089,0.090,0.000,0.165,13.189,0.000,8.838,4.901,0.329,60.633
Cer81_rep7_Dep6_Tu30,5.839,0.000,12.352,0.611,11.239,0.000,0.927,9.246,0.904,12.911,3.860,4.158,37.954
Cer81_rep3_Dep6_Tu2,0.000,3.650,0.079,0.023,0.000,0.000,3.576,10.323,0.000,11.311,10.791,1.659,58.586
Cer81_rep5_Dep6_Tu50,33.454,0.000,14.095,0.946,4.111,0.000,1.276,4.853,0.605,5.947,4.338,2.790,27.586
Cer81_rep2_Dep6_Tu20,18.795,2.736,1.923,0.247,1.452,0.000,0.626,10.065,0.000,11.740,5.707,2.790,43.920
Cer81_rep7_Dep6_Tu40,0.000,0.000,19.420,0.773,14.627,0.000,1.069,4.373,6.259,12.048,4.508,5.964,30.959
Cer81_rep10_Dep6_Tu0.3,0.000,2.421,0.000,0.002,0.000,0.000,1.314,23.224,0.000,3.536,8.093,0.152,61.258
Cer81_rep4_Dep6_Tu3,0.186,2.208,1.509,0.005,0.000,0.000,0.568,26.968,0.000,1.565,5.100,0.000,61.889
Cer81_rep6_Dep6_Tu1,0.057,1.504,0.077,0.000,0.000,0.000,1.992,20.725,0.000,3.271,8.330,0.341,63.702
Cer81_rep4_Dep6_Tu0.5,0.000,11.408,0.074,0.000,0.000,0.000,0.886,13.590,0.000,5.831,5.046,0.035,63.129
Cer81_rep3_Dep6_Tu0.1,0.000,0.204,0.007,0.000,0.005,0.000,3.070,21.430,0.193,2.747,5.683,1.453,65.209
Cer81_rep7_Dep6_Tu10,0.000,0.647,4.435,0.159,0.830,0.000,0.263,22.104,0.943,11.492,4.088,0.521,54.517
Cer81_rep10_Dep6_Tu50,36.194,0.000,8.869,1.074,6.702,0.000,1.229,3.032,0.000,7.834,5.850,2.194,27.020
Cer81_rep5_Dep6_Tu0.3,0.000,9.537,0.056,0.000,0.000,0.000,0.114,15.106,0.000,7.745,7.135,0.013,60.294
Cer81_rep6_Dep6_Tu20,15.167,8.364,1.911,0.242,3.298,0.000,1.174,10.381,0.000,9.776,4.638,0.114,44.935
Cer81_rep3_Dep6_Tu5,0.000,1.741,2.099,0.085,0.000,0.000,0.970,21.542,0.000,7.013,3.514,0.382,62.654
Cer81_rep3_Dep6_Tu10,0.000,3.697,0.932,0.086,5.289,0.000,1.518,11.667,0.000,11.387,8.559,3.318,53.546
Cer81_rep9_Dep6_Tu3,0.000,2.524,1.773,0.000,0.000,0.000,1.859,22.055,0.000,2.913,6.206,0.685,61.984
Cer81_rep1_Dep6_Tu5,2.977,9.822,0.383,0.084,0.004,0.000,1.049,15.547,0.000,7.254,6.840,0.000,56.041
