Sample,BRCA,CEAD,CESC,COAD,OV,READ,bcell,cd4tcell,cd8tcell,erythroblast,monocyte,naturalkillercell,neutrophil
Cer81_rep10_Dep6_Tu5,0.573,1.230,2.151,0.000,4.163,0.524,2.690,0.000,5.865,12.282,8.854,1.158,60.509
Cer81_rep8_Dep6_Tu2,0.000,1.094,1.552,0.000,3.142,0.000,2.474,0.000,4.627,13.622,10.116,1.651,61.721
Cer81_rep6_Dep6_Tu3,0.000,1.188,1.252,0.434,5.153,0.000,3.973,0.280,6.178,9.828,9.542,1.121,61.053
Cer81_rep2_Dep6_Tu3,0.000,1.695,2.030,0.000,5.419,0.000,2.890,0.000,3.450,12.987,10.442,2.064,59.025
Cer81_rep7_Dep6_Tu20,4.405,3.879,8.318,2.201,6.219,0.082,3.053,2.017,2.722,7.816,7.641,1.488,50.159
Cer81_rep5_Dep6_Tu5,0.398,0.000,3.979,0.030,6.408,0.000,2.268,0.000,7.424,9.980,7.957,1.419,60.138
Cer81_rep4_Dep6_Tu0.1,0.188,0.000,1.068,0.000,2.754,0.000,3.573,0.000,4.553,11.823,10.654,1.798,63.589
Cer81_rep9_Dep6_Tu20,3.981,3.967,7.783,1.380,6.329,0.152,2.540,0.000,5.709,8.084,8.510,2.151,49.414
Cer81_rep9_Dep6_Tu5,0.941,0.639,3.787,0.000,4.373,0.000,1.786,0.542,5.957,10.776,10.560,1.692,58.945
Cer81_rep2_Dep6_Tu1,0.000,1.306,0.993,0.000,3.243,0.000,2.632,0.000,4.950,12.471,13.269,0.885,60.251
Cer81_rep8_Dep6_Tu3,0.000,1.770,3.076,0.000,3.561,0.000,1.447,0.000,9.409,9.686,9.554,0.000,61.496
Cer81_rep8_Dep6_Tu1,0.591,0.253,0.590,0.000,4.396,0.000,2.661,0.000,5.576,11.535,10.531,0.862,63.005
Cer81_rep1_Dep6_Tu50,8.584,5.583,20.383,6.409,10.810,0.000,1.828,1.812,6.708,0.257,5.292,1.766,30.568
Cer81_rep9_Dep6_Tu1,0.000,0.674,1.331,0.000,3.579,0.000,4.097,0.000,5.850,11.451,10.245,0.423,62.350
Cer81_rep4_Dep6_Tu30,5.060,4.130,13.066,3.685,9.279,0.000,1.787,0.000,3.826,5.161,7.527,3.343,43.136
Cer81_rep5_Dep6_Tu20,2.758,5.444,8.035,1.552,7.166,0.000,2.952,0.000,4.477,8.645,8.396,2.257,48.317
Cer81_rep2_Dep6_Tu0.5,0.000,1.777,0.000,0.000,4.816,0.000,2.114,0.000,5.000,9.238,12.507,2.035,62.513
Cer81_rep2_Dep6_Tu2,0.158,3.217,0.457,0.023,2.592,0.000,3.239,0.000,3.020,14.449,9.824,0.915,62.104
Cer81_rep5_Dep6_Tu1,0.000,0.000,2.389,0.000,3.538,0.000,1.945,0.000,6.357,11.074,12.228,1.472,60.997
Cer81_rep7_Dep6_Tu0.5,0.000,2.090,0.000,0.000,5.496,0.061,3.298,0.000,6.147,8.390,9.068,2.495,62.956
Cer81_rep5_Dep6_Tu0.1,0.000,0.796,0.989,0.000,3.721,0.000,3.302,0.000,5.735,11.446,10.287,1.137,62.586
Cer81_rep8_Dep6_Tu0.1,0.000,0.000,1.961,0.000,4.049,0.368,3.540,0.000,5.383,11.491,8.973,1.401,62.834
Cer81_rep10_Dep6_Tu10,1.099,0.435,6.986,0.581,6.097,0.088,2.953,0.000,4.713,10.719,8.883,2.128,55.318
Cer81_rep2_Dep6_Tu5,1.402,0.413,4.167,0.000,4.780,0.000,0.439,0.210,9.742,9.681,8.707,0.000,60.458
Cer81_rep8_Dep6_Tu50,12.157,5.563,20.930,4.856,8.834,0.000,1.364,4.485,1.006,0.670,5.899,2.314,31.921
Cer81_rep2_Dep6_Tu40,10.196,6.396,17.546,3.872,6.755,0.000,2.628,0.000,3.012,1.509,7.492,3.513,37.080
Cer81_rep6_Dep6_Tu30,6.845,4.454,11.915,3.384,6.993,0.000,1.904,0.000,7.305,5.536,7.480,0.854,43.330
Cer81_rep4_Dep6_Tu1,0.000,2.528,1.255,0.000,5.571,0.000,2.335,0.000,4.741,10.575,9.031,1.542,62.422
Cer81_rep3_Dep6_Tu0.3,0.000,1.387,0.734,0.000,4.534,0.000,2.407,0.000,4.073,11.138,9.641,2.669,63.418
Cer81_rep9_Dep6_Tu0.1,0.000,0.000,1.954,0.000,4.170,0.000,2.535,0.000,8.656,9.323,9.859,0.895,62.609
Cer81_rep1_Dep6_Tu40,7.657,6.649,14.611,4.736,7.881,0.000,0.789,0.000,10.010,4.146,5.812,1.148,36.559
Cer81_rep10_Dep6_Tu2,0.000,0.242,2.376,0.000,4.337,0.000,2.779,0.000,4.083,9.219,10.447,3.146,63.370
Cer81_rep7_Dep6_Tu50,9.516,10.152,18.566,6.025,9.532,0.000,1.077,0.000,1.258,3.976,6.519,3.080,30.297
Cer81_rep8_Dep6_Tu0.3,0.000,0.000,0.636,0.000,3.836,0.050,3.013,0.000,5.534,11.595,11.097,1.140,63.100
Cer81_rep8_Dep6_Tu40,6.929,5.369,15.707,3.438,9.738,0.000,1.911,1.958,1.560,8.623,5.302,3.090,36.376
Cer81_rep9_Dep6_Tu40,10.063,7.305,14.923,3.869,8.739,0.000,1.780,3.148,2.939,1.681,6.306,1.906,37.341
Cer81_rep9_Dep6_Tu10,1.932,0.627,6.473,0.754,4.941,0.282,2.352,2.738,2.908,10.418,10.258,1.181,55.138
Cer81_rep2_Dep6_Tu50,8.688,6.698,20.119,4.985,11.393,0.000,1.384,2.542,0.000,3.278,7.594,2.784,30.536
Cer81_rep8_Dep6_Tu10,1.722,3.094,5.986,0.446,2.599,0.723,2.657,0.000,8.997,6.679,10.176,0.995,55.925
Cer81_rep10_Dep6_Tu0.1,0.000,0.234,0.000,0.000,4.987,0.074,2.990,0.000,6.447,10.865,10.245,2.071,62.088
Cer81_rep3_Dep6_Tu1,0.000,0.000,1.557,0.000,4.820,0.000,3.116,0.000,5.631,9.812,10.809,1.593,62.663
Cer81_rep9_Dep6_Tu50,10.287,6.256,22.173,5.054,7.714,0.167,2.806,3.283,2.800,0.000,4.527,2.424,32.508
Cer81_rep8_Dep6_Tu30,4.358,7.757,13.415,2.180,6.417,0.000,3.186,0.079,2.139,7.589,6.809,2.383,43.689
Cer81_rep4_Dep6_Tu20,1.213,2.829,9.880,2.449,5.351,0.000,2.818,0.000,6.488,10.405,7.089,0.917,50.560
Cer81_rep10_Dep6_Tu20,2.271,5.027,9.464,1.697,6.368,0.967,1.665,0.000,5.345,7.717,7.481,3.000,48.997
Cer81_rep7_Dep6_Tu3,0.000,0.000,4.065,0.000,3.891,0.245,1.602,0.000,6.614,11.488,10.042,1.544,60.508
Cer81_rep2_Dep6_Tu30,5.835,6.247,13.082,2.846,8.247,0.000,1.963,0.189,0.268,6.775,8.565,3.170,42.814
Cer81_rep1_Dep6_Tu0.1,0.000,1.094,0.000,0.000,4.155,0.000,2.750,0.000,7.183,10.340,10.550,0.849,63.079
Cer81_rep5_Dep6_Tu10,0.572,3.401,5.836,0.236,5.127,0.000,2.400,0.000,5.672,10.509,9.815,0.836,55.595
Cer81_rep7_Dep6_Tu0.1,0.000,0.000,0.821,0.000,3.931,0.000,2.438,0.000,6.457,12.466,10.815,0.000,63.073
Cer81_rep8_Dep6_Tu0.5,0.000,1.580,1.049,0.000,4.673,0.000,2.381,0.000,4.246,10.497,9.677,2.706,63.192
Cer81_rep7_Dep6_Tu1,0.000,1.336,0.289,0.000,4.199,0.000,1.370,0.000,6.865,11.277,11.394,1.043,62.227
Cer81_rep10_Dep6_Tu0.5,0.223,0.780,0.643,0.000,5.272,0.000,3.616,0.000,3.438,13.854,10.092,1.089,60.993
Cer81_rep8_Dep6_Tu20,1.034,6.706,9.344,1.688,6.793,0.000,2.924,2.762,3.757,6.272,6.940,1.192,50.589
Cer81_rep4_Dep6_Tu5,0.211,2.093,2.974,0.914,4.938,0.000,1.887,0.352,5.744,10.614,9.885,1.246,59.142
Cer81_rep3_Dep6_Tu30,5.595,6.545,12.163,2.915,6.515,0.000,2.900,0.000,2.761,8.250,9.181,1.334,41.841
Cer81_rep9_Dep6_Tu0.3,0.000,0.119,0.518,0.000,3.511,0.058,3.043,0.000,5.282,11.970,11.105,1.261,63.133
Cer81_rep4_Dep6_Tu0.3,0.000,0.000,2.375,0.000,2.948,0.000,2.672,0.000,6.490,11.229,10.048,1.547,62.692
Cer81_rep1_Dep6_Tu30,7.300,6.414,12.249,2.905,6.862,0.000,0.735,0.000,2.555,8.153,7.020,3.469,42.336
Cer81_rep1_Dep6_Tu1,0.000,0.000,2.086,0.000,4.328,0.000,2.095,0.000,7.230,11.374,10.267,1.282,61.338
Cer81_rep4_Dep6_Tu50,12.268,6.432,18.968,5.563,8.551,0.000,2.265,0.533,3.916,1.845,5.698,3.222,30.740
Cer81_rep6_Dep6_Tu0.1,0.000,1.080,0.370,0.000,2.626,0.434,3.464,0.000,7.077,11.984,10.832,0.000,62.133
Cer81_rep1_Dep6_Tu0.5,0.000,0.000,2.366,0.000,3.081,0.000,2.459,0.000,3.658,13.308,10.952,1.635,62.541
Cer81_rep3_Dep6_Tu50,10.424,7.029,19.807,6.250,7.369,0.000,2.696,2.648,2.031,1.398,6.236,3.605,30.508
Cer81_rep6_Dep6_Tu50,9.440,6.825,22.219,5.365,6.921,0.000,0.000,3.466,1.649,5.177,5.541,2.209,31.188
Cer81_rep4_Dep6_Tu40,8.905,6.154,15.441,3.249,8.584,0.000,2.674,3.889,0.000,5.142,7.938,2.470,35.554
Cer81_rep7_Dep6_Tu5,1.094,0.000,3.653,0.000,5.172,0.188,3.205,0.000,4.801,11.231,10.559,1.318,58.779
Cer81_rep9_Dep6_Tu30,6.199,6.829,12.733,2.380,6.695,0.000,1.874,0.000,2.492,8.375,6.710,2.627,43.087
Cer81_rep5_Dep6_Tu0.5,0.000,1.065,0.000,0.000,4.338,0.147,2.496,0.000,5.757,12.093,9.311,0.574,64.220
Cer81_rep5_Dep6_Tu2,0.000,0.000,2.629,0.000,4.129,1.320,1.785,0.000,7.617,8.168,9.744,1.616,62.992
Cer81_rep5_Dep6_Tu3,0.000,0.989,1.870,0.051,4.212,0.000,3.043,0.530,4.194,12.271,9.216,1.905,61.720
Cer81_rep2_Dep6_Tu0.3,0.000,0.205,1.278,0.000,4.709,0.000,1.171,0.000,9.176,10.201,8.921,0.000,64.339
Cer81_rep10_Dep6_Tu1,0.000,0.074,2.056,0.000,4.315,0.000,1.344,0.000,9.477,10.080,9.856,0.000,62.798
Cer81_rep3_Dep6_Tu20,5.416,3.144,9.798,1.373,5.891,0.140,0.959,0.864,2.391,10.318,8.392,2.004,49.309
Cer81_rep4_Dep6_Tu10,0.514,4.277,4.701,0.201,4.929,0.000,2.292,0.000,4.241,10.542,10.394,0.855,57.054
Cer81_rep4_Dep6_Tu2,0.000,2.875,1.147,0.029,6.510,0.000,2.842,0.000,8.483,6.682,8.877,0.170,62.385
Cer81_rep1_Dep6_Tu20,2.238,2.688,10.408,1.521,8.101,0.000,0.000,0.000,7.763,9.594,6.657,1.163,49.868
Cer81_rep3_Dep6_Tu40,9.171,9.215,16.429,3.172,7.206,0.296,2.248,1.643,3.465,1.317,7.416,2.500,35.924
Cer81_rep9_Dep6_Tu0.5,0.000,0.000,0.883,0.000,4.116,0.000,1.750,0.039,6.583,13.158,10.468,0.629,62.375
Cer81_rep2_Dep6_Tu10,0.000,4.172,4.470,1.115,4.898,0.000,2.401,0.000,5.400,11.461,8.464,1.610,56.008
Cer81_rep6_Dep6_Tu0.3,0.000,0.000,1.887,0.000,3.219,0.000,2.289,0.000,8.724,10.316,11.913,0.199,61.453
Cer81_rep10_Dep6_Tu30,6.601,1.908,12.901,2.945,8.995,0.000,2.544,0.000,3.398,8.380,7.226,2.393,42.708
Cer81_rep1_Dep6_Tu10,0.936,2.574,5.243,0.377,6.001,0.000,2.737,0.000,5.152,10.020,8.348,2.352,56.260
Cer81_rep7_Dep6_Tu2,0.000,0.000,2.186,0.000,2.743,0.131,1.928,0.000,5.879,13.965,9.274,1.442,62.452
Cer81_rep6_Dep6_Tu2,0.000,0.335,1.947,0.000,4.054,0.975,2.623,0.000,5.676,11.774,10.245,1.097,61.273
Cer81_rep10_Dep6_Tu40,7.927,8.332,15.738,3.887,8.539,0.000,2.492,0.000,7.490,0.698,6.356,1.872,36.671
Cer81_rep6_Dep6_Tu5,0.000,0.000,4.206,0.577,3.424,0.003,2.148,0.000,7.554,12.862,8.936,0.898,59.393
Cer81_rep5_Dep6_Tu40,9.159,5.505,15.068,4.427,10.171,0.000,1.972,3.094,3.675,1.147,6.890,2.233,36.657
Cer81_rep3_Dep6_Tu3,0.000,1.345,2.749,0.000,4.323,0.000,2.788,0.893,5.734,12.279,8.597,0.941,60.351
Cer81_rep1_Dep6_Tu2,0.000,0.733,1.268,0.000,4.470,0.000,3.142,0.000,7.460,11.987,8.490,0.584,61.867
Cer81_rep6_Dep6_Tu10,0.000,3.765,5.497,0.754,6.397,0.099,2.127,0.000,6.162,8.317,7.845,1.425,57.611
Cer81_rep9_Dep6_Tu2,0.000,2.242,0.199,0.000,3.994,0.000,3.142,0.000,3.098,13.007,9.652,2.593,62.072
Cer81_rep6_Dep6_Tu0.5,0.000,0.000,1.973,0.000,4.744,0.000,2.386,0.000,8.016,11.327,9.315,0.208,62.030
Cer81_rep1_Dep6_Tu0.3,0.000,0.453,1.217,0.000,3.151,0.654,2.964,0.000,3.375,12.140,10.707,2.995,62.344
Cer81_rep1_Dep6_Tu3,0.695,1.851,2.369,0.000,2.655,0.112,2.920,0.000,4.077,11.377,11.187,2.411,60.346
Cer81_rep2_Dep6_Tu0.1,0.000,1.243,0.094,0.000,6.566,0.000,1.430,0.000,7.477,9.907,9.490,1.142,62.650
Cer81_rep7_Dep6_Tu0.3,0.000,1.651,0.000,0.000,3.884,0.000,1.942,0.000,4.584,12.112,10.686,1.556,63.585
Cer81_rep5_Dep6_Tu30,5.437,4.378,12.611,2.772,8.371,0.000,1.330,0.696,4.937,9.018,7.552,0.883,42.016
Cer81_rep10_Dep6_Tu3,0.576,0.285,2.615,0.039,4.204,0.341,3.031,0.124,7.404,9.992,8.737,1.170,61.481
Cer81_rep6_Dep6_Tu40,10.387,6.723,16.406,1.929,7.569,0.000,1.857,0.812,4.220,2.137,9.357,2.360,36.242
Cer81_rep3_Dep6_Tu0.5,0.000,0.000,2.038,0.000,3.180,0.000,2.482,0.000,8.623,10.114,11.870,0.228,61.466
Cer81_rep8_Dep6_Tu5,1.235,1.547,4.147,0.570,4.614,0.277,1.828,0.000,8.837,8.421,8.118,0.760,59.644
Cer81_rep7_Dep6_Tu30,6.126,5.921,12.606,3.542,6.219,0.000,2.164,0.371,3.758,5.279,8.426,2.291,43.298
Cer81_rep3_Dep6_Tu2,0.011,0.676,1.851,0.000,4.705,0.934,3.300,0.000,5.058,8.994,10.867,2.820,60.784
Cer81_rep5_Dep6_Tu50,10.190,6.080,20.798,5.390,9.827,0.000,2.056,1.163,4.344,2.362,5.253,1.867,30.671
Cer81_rep2_Dep6_Tu20,3.636,5.457,7.126,1.530,7.103,0.000,2.828,0.000,4.097,8.726,6.900,2.674,49.924
Cer81_rep7_Dep6_Tu40,8.784,5.674,18.013,3.986,6.996,0.000,1.626,2.241,2.030,5.483,5.719,3.174,36.275
Cer81_rep10_Dep6_Tu0.3,0.170,0.611,0.246,0.000,3.528,0.391,2.076,0.000,5.014,13.012,10.599,1.600,62.753
Cer81_rep4_Dep6_Tu3,0.000,1.845,3.194,0.000,3.431,0.000,2.384,0.000,7.397,10.114,11.447,0.081,60.106
Cer81_rep6_Dep6_Tu1,0.000,1.618,0.677,0.000,3.186,0.000,2.696,0.000,6.588,9.959,11.225,0.792,63.260
Cer81_rep4_Dep6_Tu0.5,0.000,0.000,2.213,0.000,3.393,0.402,3.343,0.000,5.012,12.388,8.093,1.136,64.019
Cer81_rep3_Dep6_Tu0.1,0.000,0.814,0.467,0.000,6.806,0.000,2.199,2.847,3.497,8.367,12.127,1.075,61.801
Cer81_rep7_Dep6_Tu10,0.383,1.030,4.687,0.879,5.287,0.000,2.216,0.000,5.983,12.198,9.446,1.831,56.062
Cer81_rep10_Dep6_Tu50,10.261,8.658,19.174,6.003,8.346,0.000,3.101,0.000,0.637,1.965,6.062,3.540,32.253
Cer81_rep5_Dep6_Tu0.3,0.000,0.000,1.388,0.000,3.252,0.536,2.488,0.000,8.948,10.557,9.980,0.311,62.541
Cer81_rep6_Dep6_Tu20,2.780,4.798,7.742,2.548,6.317,0.000,2.469,0.000,8.414,5.738,7.249,2.771,49.175
Cer81_rep3_Dep6_Tu5,0.000,1.508,3.979,0.296,4.713,0.000,2.347,0.000,5.687,10.951,6.503,2.409,61.606
Cer81_rep3_Dep6_Tu10,3.440,1.760,4.339,0.015,4.088,0.000,3.198,0.315,3.445,11.833,9.415,2.224,55.928
Cer81_rep9_Dep6_Tu3,0.000,0.000,2.992,0.000,6.076,0.000,1.954,0.000,7.430,9.223,10.613,1.654,60.059
Cer81_rep1_Dep6_Tu5,0.000,2.459,2.572,0.000,5.515,0.000,3.319,0.000,6.492,9.761,8.718,1.536,59.628
