Sample,BRCA,CEAD,CESC,COAD,OV,READ,bcell,cd4tcell,cd8tcell,erythroblast,monocyte,naturalkillercell,neutrophil
Cer81_rep10_Dep6_Tu5,1.189,0.029,2.363,0.000,4.987,1.944,3.216,0.000,2.977,11.144,9.104,2.505,60.542
Cer81_rep8_Dep6_Tu2,0.789,0.000,1.715,0.000,4.322,1.978,3.210,0.000,0.188,11.998,10.416,3.634,61.750
Cer81_rep6_Dep6_Tu3,0.306,0.039,1.616,0.334,6.343,1.634,4.581,0.000,2.759,8.791,9.792,2.742,61.062
Cer81_rep2_Dep6_Tu3,0.000,0.704,2.401,0.000,6.616,1.448,3.446,0.000,0.050,12.068,10.639,3.581,59.046
Cer81_rep7_Dep6_Tu20,3.761,4.239,8.420,1.724,5.199,0.000,2.756,4.862,3.185,7.224,7.655,0.781,50.193
Cer81_rep5_Dep6_Tu5,0.908,0.000,3.841,0.000,6.978,1.239,2.716,0.000,4.364,8.895,8.146,2.723,60.189
Cer81_rep4_Dep6_Tu0.1,1.127,0.000,0.842,0.000,3.944,2.279,4.233,0.000,0.000,9.194,10.917,3.846,63.616
Cer81_rep9_Dep6_Tu20,3.417,4.483,7.820,0.927,5.423,0.000,2.304,0.000,8.367,8.036,8.551,1.250,49.421
Cer81_rep9_Dep6_Tu5,1.782,0.000,3.815,0.000,5.472,1.353,2.380,0.000,2.347,9.854,10.719,3.312,58.967
Cer81_rep2_Dep6_Tu1,0.916,0.000,1.276,0.000,4.774,1.746,3.371,0.000,0.006,11.250,13.436,2.976,60.249
Cer81_rep8_Dep6_Tu3,0.798,0.548,3.440,0.000,5.657,1.496,2.213,0.000,4.374,8.879,9.668,1.518,61.409
Cer81_rep8_Dep6_Tu1,1.769,0.000,0.489,0.000,5.906,1.910,3.388,0.000,0.000,9.712,10.701,3.152,62.974
Cer81_rep1_Dep6_Tu50,4.685,7.195,21.720,3.309,4.370,0.000,0.000,18.767,4.938,0.000,5.064,0.000,29.952
Cer81_rep9_Dep6_Tu1,0.165,0.000,1.710,0.000,5.635,1.711,4.826,0.000,0.000,10.518,10.381,2.790,62.264
Cer81_rep4_Dep6_Tu30,3.149,5.203,13.493,2.103,6.236,0.000,0.950,6.978,6.596,3.355,7.651,1.173,43.114
Cer81_rep5_Dep6_Tu20,2.240,5.781,8.107,1.099,6.343,0.000,2.750,1.154,5.840,8.301,8.447,1.600,48.339
Cer81_rep2_Dep6_Tu0.5,0.000,0.103,0.607,0.000,6.734,2.415,2.988,0.000,0.000,7.525,12.801,4.337,62.490
Cer81_rep2_Dep6_Tu2,1.096,1.172,0.843,0.000,3.936,2.242,3.884,0.000,0.000,11.968,10.172,2.553,62.135
Cer81_rep5_Dep6_Tu1,0.870,0.000,2.282,0.000,4.981,1.700,2.678,0.000,0.606,9.793,12.347,3.749,60.994
Cer81_rep7_Dep6_Tu0.5,0.000,0.579,0.480,0.000,6.914,2.287,4.077,0.000,1.879,6.874,9.445,4.504,62.961
Cer81_rep5_Dep6_Tu0.1,0.000,0.000,1.442,0.000,5.836,1.872,4.064,0.000,0.000,10.323,10.452,3.506,62.505
Cer81_rep8_Dep6_Tu0.1,0.000,0.000,1.969,0.000,4.896,2.034,4.094,0.000,1.755,10.135,9.227,3.024,62.867
Cer81_rep10_Dep6_Tu10,1.361,0.000,7.062,0.472,6.416,0.704,3.172,0.000,3.544,10.249,8.987,2.674,55.359
Cer81_rep2_Dep6_Tu5,2.359,0.000,4.135,0.000,6.054,1.210,1.037,0.000,5.877,8.811,8.824,1.252,60.440
Cer81_rep8_Dep6_Tu50,8.381,7.170,22.300,1.648,2.190,0.000,0.000,21.266,0.000,0.000,5.657,0.000,31.388
Cer81_rep2_Dep6_Tu40,7.440,8.115,18.334,1.398,2.001,0.000,1.387,8.075,8.699,0.000,7.640,0.075,36.836
Cer81_rep6_Dep6_Tu30,5.163,5.456,12.264,1.964,4.166,0.000,1.161,6.519,8.351,4.053,7.588,0.000,43.314
Cer81_rep4_Dep6_Tu1,0.327,1.344,1.620,0.000,6.904,1.569,2.967,0.000,0.754,9.579,9.258,3.281,62.395
Cer81_rep3_Dep6_Tu0.3,0.000,0.459,1.158,0.000,6.008,1.410,3.001,0.000,0.047,10.396,9.804,4.360,63.356
Cer81_rep9_Dep6_Tu0.1,0.000,0.000,2.016,0.000,5.558,2.198,3.326,0.000,3.204,7.691,10.148,3.233,62.625
Cer81_rep1_Dep6_Tu40,5.290,7.927,15.223,2.825,3.860,0.000,0.000,11.713,9.453,1.501,5.832,0.000,36.375
Cer81_rep10_Dep6_Tu2,0.000,0.000,2.475,0.000,5.495,1.931,3.421,0.000,0.000,7.627,10.703,4.970,63.378
Cer81_rep7_Dep6_Tu50,5.724,12.383,19.751,2.908,3.025,0.000,0.000,17.598,2.341,0.000,6.552,0.000,29.717
Cer81_rep8_Dep6_Tu0.3,0.000,0.000,0.677,0.000,5.127,2.593,3.868,0.000,0.015,9.524,11.442,3.612,63.144
Cer81_rep8_Dep6_Tu40,4.335,6.758,16.410,1.302,5.555,0.000,0.715,13.780,3.442,5.891,5.369,0.299,36.143
Cer81_rep9_Dep6_Tu40,7.499,8.625,15.638,1.714,4.406,0.000,0.522,15.075,3.091,0.000,6.306,0.000,37.124
Cer81_rep9_Dep6_Tu10,2.147,0.319,6.524,0.663,5.214,0.751,2.543,1.838,2.747,10.210,10.346,1.534,55.164
Cer81_rep2_Dep6_Tu50,5.032,8.603,21.335,1.995,5.337,0.000,0.000,19.982,0.080,0.000,7.666,0.000,29.971
Cer81_rep8_Dep6_Tu10,1.983,2.625,6.072,0.334,2.944,1.350,2.883,0.000,7.786,6.224,10.277,1.559,55.963
Cer81_rep10_Dep6_Tu0.1,0.411,0.000,0.000,0.000,6.025,2.233,3.732,0.000,1.677,9.045,10.563,4.173,62.139
Cer81_rep3_Dep6_Tu1,0.000,0.000,1.712,0.000,6.511,1.832,3.840,0.000,0.000,8.628,10.967,3.888,62.622
Cer81_rep9_Dep6_Tu50,6.707,7.869,23.479,2.187,1.641,0.000,0.998,18.611,2.284,0.000,4.257,0.000,31.967
Cer81_rep8_Dep6_Tu30,2.591,8.723,13.835,0.743,3.585,0.000,2.422,7.856,3.396,5.761,6.884,0.522,43.683
Cer81_rep4_Dep6_Tu20,0.619,3.279,9.957,1.904,4.395,0.000,2.607,0.000,9.217,10.237,7.162,0.029,50.594
Cer81_rep10_Dep6_Tu20,1.372,5.956,9.460,1.517,5.112,0.000,1.078,3.061,6.675,7.790,7.314,1.747,48.917
Cer81_rep7_Dep6_Tu3,0.583,0.000,3.886,0.000,4.568,1.823,2.171,0.000,2.943,10.048,10.268,3.135,60.575
Cer81_rep2_Dep6_Tu30,3.723,7.384,13.585,1.109,4.853,0.000,1.001,9.628,1.787,4.531,8.700,0.916,42.784
Cer81_rep1_Dep6_Tu0.1,0.000,0.000,0.401,0.000,6.204,2.568,3.725,0.000,0.905,8.671,10.882,3.601,63.043
Cer81_rep5_Dep6_Tu10,1.068,2.899,5.845,0.527,5.872,0.299,2.635,0.000,3.437,10.388,9.810,1.647,55.573
Cer81_rep7_Dep6_Tu0.1,0.000,0.000,0.873,0.000,5.150,2.189,3.199,0.000,1.501,10.707,11.104,2.177,63.100
Cer81_rep8_Dep6_Tu0.5,0.000,0.628,1.464,0.000,6.108,1.421,2.973,0.000,0.320,9.733,9.852,4.366,63.135
Cer81_rep7_Dep6_Tu1,0.000,0.000,0.766,0.000,5.855,2.692,2.344,0.000,1.412,9.317,11.786,3.571,62.257
Cer81_rep10_Dep6_Tu0.5,1.107,0.000,0.713,0.000,6.437,1.652,4.135,0.000,0.000,12.012,10.282,2.651,61.011
Cer81_rep8_Dep6_Tu20,0.656,6.900,9.415,1.390,6.211,0.000,2.765,4.379,4.023,5.889,6.954,0.802,50.616
Cer81_rep4_Dep6_Tu5,0.756,1.200,3.163,0.699,5.596,1.222,2.341,0.000,3.689,9.744,10.088,2.315,59.187
Cer81_rep3_Dep6_Tu30,3.806,7.727,12.516,1.368,3.538,0.000,2.168,5.256,5.511,6.962,9.356,0.000,41.792
Cer81_rep9_Dep6_Tu0.3,0.000,0.000,0.591,0.000,4.835,2.631,3.879,0.000,0.000,9.764,11.455,3.669,63.176
Cer81_rep4_Dep6_Tu0.3,0.000,0.000,2.454,0.000,4.471,2.133,3.462,0.000,0.889,9.677,10.306,3.916,62.692
Cer81_rep1_Dep6_Tu30,5.576,7.418,12.635,1.436,3.982,0.000,0.000,6.880,4.694,6.461,7.108,1.505,42.305
Cer81_rep1_Dep6_Tu1,0.000,0.000,2.162,0.000,5.589,1.757,2.757,0.000,2.534,10.112,10.471,3.259,61.358
Cer81_rep4_Dep6_Tu50,8.475,8.319,20.247,2.356,1.976,0.000,0.357,17.782,4.750,0.000,5.627,0.000,30.111
Cer81_rep6_Dep6_Tu0.1,0.000,0.000,0.751,0.000,3.990,2.656,4.226,0.000,2.735,10.313,11.169,1.996,62.164
Cer81_rep1_Dep6_Tu0.5,0.000,0.000,2.451,0.000,4.496,1.580,2.956,0.000,0.000,11.696,11.072,3.230,62.519
Cer81_rep3_Dep6_Tu50,6.705,8.819,21.079,3.193,1.032,0.000,0.881,18.630,3.603,0.000,6.167,0.000,29.892
Cer81_rep6_Dep6_Tu50,5.900,8.657,23.488,2.446,0.525,0.000,0.000,21.319,0.659,0.856,5.397,0.000,30.754
Cer81_rep4_Dep6_Tu40,6.441,7.524,16.120,1.172,4.470,0.000,1.548,15.893,1.032,2.417,8.080,0.000,35.305
Cer81_rep7_Dep6_Tu5,1.572,0.000,3.505,0.000,5.721,1.503,3.658,0.000,1.765,10.035,10.742,2.645,58.855
Cer81_rep9_Dep6_Tu30,4.571,7.941,13.064,0.925,3.996,0.000,1.191,3.963,6.723,7.207,6.838,0.519,43.063
Cer81_rep5_Dep6_Tu0.5,0.000,0.000,0.173,0.000,5.904,2.618,3.365,0.000,0.874,10.271,9.710,2.876,64.209
Cer81_rep5_Dep6_Tu2,0.000,0.000,2.630,0.000,4.771,2.583,2.225,0.000,4.833,7.161,9.931,2.851,63.015
Cer81_rep5_Dep6_Tu3,0.000,0.000,2.253,0.214,5.874,1.656,3.728,0.000,0.000,11.332,9.434,3.832,61.677
Cer81_rep2_Dep6_Tu0.3,0.000,0.000,1.547,0.000,6.625,1.703,1.942,0.000,3.345,9.284,9.075,2.243,64.235
Cer81_rep10_Dep6_Tu1,0.369,0.000,2.225,0.000,6.476,1.630,2.147,0.000,3.452,9.166,9.937,1.902,62.696
Cer81_rep3_Dep6_Tu20,4.733,3.549,9.910,0.884,4.799,0.000,0.611,3.914,2.887,9.748,8.400,1.233,49.333
Cer81_rep4_Dep6_Tu10,1.155,3.383,4.821,0.258,5.802,0.942,2.714,0.000,1.402,9.895,10.507,2.044,57.076
Cer81_rep4_Dep6_Tu2,0.869,1.169,1.469,0.000,7.650,2.031,3.589,0.000,4.339,5.153,9.231,2.096,62.404
Cer81_rep1_Dep6_Tu20,1.428,3.277,10.518,0.759,6.751,0.000,0.000,0.082,11.274,9.270,6.710,0.000,49.931
Cer81_rep3_Dep6_Tu40,6.633,10.697,17.135,1.197,2.967,0.000,0.960,12.848,4.567,0.000,7.377,0.000,35.618
Cer81_rep9_Dep6_Tu0.5,0.000,0.000,0.943,0.000,5.375,2.168,2.529,0.000,1.534,11.434,10.757,2.854,62.406
Cer81_rep2_Dep6_Tu10,0.465,3.590,4.528,1.281,5.607,0.503,2.675,0.000,3.209,11.160,8.516,2.459,56.007
Cer81_rep6_Dep6_Tu0.3,0.000,0.000,2.095,0.000,5.178,1.694,3.047,0.000,2.525,9.427,11.999,2.641,61.396
Cer81_rep10_Dep6_Tu30,4.747,3.026,13.293,1.317,5.969,0.000,1.763,5.316,7.552,6.916,7.369,0.058,42.674
Cer81_rep1_Dep6_Tu10,1.336,2.029,5.313,0.423,6.547,0.573,2.995,0.000,3.362,9.634,8.427,3.086,56.276
Cer81_rep7_Dep6_Tu2,0.000,0.000,2.194,0.000,3.787,2.153,2.625,0.000,1.484,12.279,9.577,3.404,62.497
Cer81_rep6_Dep6_Tu2,0.124,0.000,2.028,0.000,4.902,2.564,3.177,0.000,2.282,10.488,10.482,2.636,61.317
Cer81_rep10_Dep6_Tu40,4.936,10.031,16.531,1.331,3.534,0.000,1.135,9.816,9.914,0.000,6.373,0.000,36.398
Cer81_rep6_Dep6_Tu5,0.000,0.000,4.286,0.227,4.291,1.794,2.743,0.000,3.981,11.471,9.206,2.520,59.480
Cer81_rep5_Dep6_Tu40,6.375,6.787,15.854,2.123,5.566,0.000,0.612,15.312,4.108,0.000,6.863,0.000,36.400
Cer81_rep3_Dep6_Tu3,0.242,0.393,3.066,0.000,5.647,1.378,3.379,0.000,2.685,11.590,8.799,2.486,60.334
Cer81_rep1_Dep6_Tu2,0.972,0.000,1.501,0.000,6.503,1.314,3.851,0.000,1.214,11.388,8.568,2.937,61.753
Cer81_rep6_Dep6_Tu10,0.069,3.166,5.682,0.627,6.923,1.007,2.442,0.000,4.500,7.707,8.006,2.219,57.653
Cer81_rep9_Dep6_Tu2,0.000,0.581,0.791,0.000,5.787,2.122,3.735,0.000,0.000,10.807,9.925,4.197,62.056
Cer81_rep6_Dep6_Tu0.5,0.000,0.000,2.050,0.000,6.036,1.851,3.076,0.000,3.128,9.980,9.551,2.286,62.041
Cer81_rep1_Dep6_Tu0.3,0.071,0.000,1.343,0.000,4.176,2.571,3.548,0.000,0.000,10.325,10.978,4.602,62.386
Cer81_rep1_Dep6_Tu3,1.380,0.515,2.598,0.000,3.586,1.693,3.500,0.000,0.894,10.125,11.436,3.887,60.387
Cer81_rep2_Dep6_Tu0.1,0.000,0.000,0.595,0.000,8.156,2.056,2.237,0.000,2.647,8.610,9.787,3.286,62.627
Cer81_rep7_Dep6_Tu0.3,0.000,0.661,0.112,0.000,6.145,2.109,2.674,0.000,0.000,10.287,10.883,3.634,63.495
Cer81_rep5_Dep6_Tu30,3.642,5.289,13.023,1.330,5.468,0.000,0.508,9.422,4.501,7.208,7.634,0.000,41.976
Cer81_rep10_Dep6_Tu3,1.310,0.000,2.507,0.000,5.076,2.261,3.706,0.000,3.157,8.332,9.041,3.066,61.543
Cer81_rep6_Dep6_Tu40,7.993,7.917,17.090,0.000,3.526,0.000,0.705,11.779,5.478,0.000,9.496,0.000,36.015
Cer81_rep3_Dep6_Tu0.5,0.000,0.000,2.237,0.000,5.094,1.659,3.218,0.000,2.566,9.243,11.955,2.615,61.411
Cer81_rep8_Dep6_Tu5,1.768,0.627,4.334,0.351,5.275,1.525,2.282,0.000,6.442,7.493,8.338,1.876,59.689
Cer81_rep7_Dep6_Tu30,4.415,6.840,13.004,2.148,3.415,0.000,1.388,8.066,5.034,3.426,8.532,0.449,43.284
Cer81_rep3_Dep6_Tu2,0.598,0.000,1.909,0.000,5.438,2.369,3.813,0.000,1.956,7.803,11.082,4.205,60.827
Cer81_rep5_Dep6_Tu50,6.451,7.945,22.097,2.325,3.507,0.000,0.226,19.126,3.061,0.000,5.196,0.000,30.067
Cer81_rep2_Dep6_Tu20,2.888,5.998,7.216,0.848,5.895,0.000,2.547,0.888,6.788,8.349,6.974,1.641,49.967
Cer81_rep7_Dep6_Tu40,6.283,7.050,18.774,1.898,2.794,0.000,0.440,13.901,3.903,2.695,5.797,0.423,36.041
Cer81_rep10_Dep6_Tu0.3,0.950,0.000,0.256,0.000,4.492,2.364,2.789,0.000,0.654,11.272,10.890,3.543,62.789
Cer81_rep4_Dep6_Tu3,0.068,0.415,3.696,0.000,5.212,2.060,3.195,0.000,2.352,8.868,11.704,2.316,60.114
Cer81_rep6_Dep6_Tu1,0.424,0.050,1.254,0.000,5.425,2.162,3.621,0.000,0.220,8.761,11.448,3.464,63.168
Cer81_rep4_Dep6_Tu0.5,0.189,0.000,2.166,0.000,4.312,2.269,3.974,0.000,0.888,10.798,8.391,2.973,64.040
Cer81_rep3_Dep6_Tu0.1,0.936,0.000,0.555,0.000,8.048,1.941,3.019,0.000,1.037,7.324,12.408,2.936,61.797
Cer81_rep7_Dep6_Tu10,0.837,0.319,4.814,0.774,5.861,0.907,2.564,0.000,3.984,11.516,9.589,2.724,56.111
Cer81_rep10_Dep6_Tu50,6.284,10.830,20.467,2.691,1.584,0.000,1.225,16.264,2.921,0.000,6.055,0.000,31.679
Cer81_rep5_Dep6_Tu0.3,0.000,0.000,1.407,0.000,4.237,2.452,3.144,0.000,4.725,9.004,10.256,2.192,62.583
Cer81_rep6_Dep6_Tu20,2.327,5.113,7.798,2.146,5.587,0.000,2.298,0.594,10.002,5.490,7.294,2.155,49.197
Cer81_rep3_Dep6_Tu5,0.000,0.357,4.389,0.154,5.939,1.775,2.992,0.000,2.101,9.788,6.821,4.063,61.620
Cer81_rep3_Dep6_Tu10,3.894,1.115,4.434,0.020,4.724,0.750,3.521,0.000,1.638,11.350,9.523,3.073,55.958
Cer81_rep9_Dep6_Tu3,0.000,0.000,3.208,0.000,7.776,0.932,2.480,0.000,2.550,9.027,10.597,3.449,59.982
Cer81_rep1_Dep6_Tu5,0.000,1.254,2.977,0.000,6.740,1.714,3.941,0.000,2.873,8.642,8.998,3.198,59.661
