Sample,BRCA,CEAD,CESC,COAD,OV,READ,bcell,cd4tcell,cd8tcell,erythroblast,monocyte,naturalkillercell,neutrophil,Unknown-1,Unknown-2,Unknown-3,Unknown-4,Unknown-5,Unknown-6,Unknown-7,Unknown-8,Unknown-9,Unknown-10
gDNA-Breast-GC1002316,13.440,0.428,0.612,0.155,2.314,0.247,2.471,5.510,6.532,3.499,2.183,5.022,4.344,16.392,3.092,32.294,0.326,0.235,0.092,0.658,0.001,0.007,0.145
gDNA-Breast-GC1003962,3.796,1.002,1.987,3.201,1.535,0.050,1.733,2.806,2.344,0.066,1.709,2.686,1.067,0.215,2.845,22.042,0.427,2.606,0.948,42.313,0.917,3.115,0.592
gDNA-Breast-GC1003963,11.444,2.787,0.180,1.332,0.183,0.000,1.665,1.627,2.747,0.133,4.658,2.757,0.465,0.125,0.795,15.714,0.762,3.067,0.683,47.144,0.981,0.197,0.555
gDNA-Breast-GC1003965,16.759,1.681,0.134,0.068,1.163,0.052,0.723,3.313,4.091,7.344,0.870,3.425,3.333,37.387,2.069,11.986,0.042,0.082,0.497,4.672,0.024,0.042,0.242
gDNA-Breast-GC1003966,18.854,1.398,0.233,0.709,1.300,0.749,0.537,1.918,1.998,0.567,1.828,1.917,1.103,15.089,1.508,4.163,0.077,3.659,0.082,40.092,0.026,1.269,0.923
gDNA-Cervical-GC112877,0.737,1.040,1.247,0.819,0.649,0.055,1.006,5.044,3.147,1.423,4.267,1.174,0.421,0.003,0.185,0.450,1.603,73.216,0.636,0.206,0.164,2.505,0.001
gDNA-Cervical-GC112878,1.666,5.048,6.832,0.087,7.995,1.170,3.531,0.831,1.757,12.734,2.236,0.792,3.271,23.577,1.197,0.041,11.625,0.671,12.740,0.105,0.141,0.464,1.489
gDNA-Cervical-GC112880,1.181,9.715,11.010,2.486,3.348,0.328,0.434,3.265,3.586,2.679,2.850,1.481,1.305,0.013,0.299,0.563,6.215,38.912,0.648,3.316,1.876,4.473,0.016
gDNA-Cervical-GC112881,0.229,1.204,0.037,0.110,0.656,0.000,1.201,3.862,3.230,0.718,2.404,1.273,1.197,0.001,61.176,0.007,0.068,20.359,2.071,0.128,0.034,0.028,0.008
gDNA-Cervical-GC112882,3.216,3.244,11.018,0.130,6.427,1.509,5.146,4.764,6.375,4.731,3.411,4.908,2.997,0.284,4.346,0.214,32.506,0.142,3.958,0.564,0.014,0.091,0.007
gDNA-Cervical-GC112883,0.822,2.976,0.313,0.036,31.365,0.405,1.435,8.917,2.667,7.942,6.789,4.887,2.333,1.682,0.062,6.312,20.895,0.017,0.091,0.005,0.001,0.001,0.051
gDNA-Colorectal-GC112876,0.722,3.304,0.641,0.351,0.028,61.915,2.211,3.629,4.875,0.211,2.715,1.641,2.187,1.486,2.291,1.635,2.822,0.223,2.058,0.010,0.010,0.995,4.039
gDNA-Colorectal-GC119345,0.012,0.445,0.318,5.810,0.388,0.345,0.457,2.819,2.335,1.261,1.790,1.179,0.934,0.029,2.009,0.239,0.024,2.404,0.226,1.477,54.881,20.588,0.031
gDNA-Colorectal-GC119346,1.618,0.850,1.119,12.717,0.610,17.831,2.585,2.317,1.876,1.026,3.034,1.725,3.186,1.397,0.823,8.162,5.574,1.203,13.498,0.649,10.179,0.852,7.167
gDNA-Colorectal-GC119347,0.397,0.107,0.026,2.525,0.113,42.109,0.199,0.119,0.067,0.132,0.016,0.119,0.144,1.069,0.183,0.160,0.137,0.033,26.656,2.376,19.670,0.211,3.431
gDNA-Colorectal-GC119348,1.347,3.289,0.091,5.426,0.865,4.210,4.775,4.950,4.572,2.644,4.318,5.465,3.501,0.258,0.803,0.332,3.097,1.056,8.097,1.175,2.546,34.076,3.107
gDNA-Colorectal-GC119349,2.202,0.909,0.259,1.549,2.607,0.828,5.690,6.232,5.069,4.925,0.316,4.160,1.732,0.274,1.645,0.364,1.460,9.723,0.004,1.204,10.719,2.686,35.441
gDNA-Ovarian-GC112879,2.881,1.016,1.136,0.198,2.123,7.782,4.297,0.927,5.435,8.454,2.474,4.423,2.543,11.753,0.516,0.815,39.860,0.870,0.744,0.035,0.158,0.281,1.281
gDNA-Ovarian-GC119433,0.006,2.315,0.164,4.875,3.375,0.598,1.676,0.348,0.262,1.074,0.470,1.203,1.181,7.817,3.562,1.709,16.230,2.851,7.747,4.280,17.006,0.130,21.119
gDNA-Ovarian-GC119434,2.660,2.822,3.388,5.080,5.910,0.265,8.927,4.769,7.047,4.768,1.570,3.755,2.784,1.851,1.251,1.307,5.642,6.886,1.532,2.080,10.460,2.373,12.873
gDNA-WBC-GC131344,0.469,1.954,0.099,0.084,0.328,0.411,4.523,6.542,4.807,5.269,6.242,3.187,60.603,1.107,0.075,0.713,2.131,0.055,1.198,0.016,0.002,0.038,0.146
gDNA-WBC-GC131345,2.500,2.628,0.852,0.280,1.219,1.315,10.464,6.036,8.566,0.335,21.045,9.097,27.611,0.230,0.156,0.585,3.720,0.095,2.246,0.061,0.023,0.126,0.809
gDNA-WBC-GC131346,0.870,0.677,0.132,0.261,3.943,0.578,6.478,9.682,8.086,8.265,12.838,8.746,34.432,1.086,0.059,0.218,1.386,0.031,1.653,0.033,0.013,0.116,0.417
gDNA-WBC-GC131347,0.378,1.953,0.149,0.286,0.141,0.144,3.151,12.620,13.265,1.944,19.829,8.307,36.772,0.215,0.035,0.063,0.401,0.067,0.102,0.014,0.004,0.031,0.129
gDNA-WBC-GC131348,0.432,2.490,0.193,0.536,0.217,0.001,5.368,14.296,2.992,6.152,22.550,8.401,34.458,0.170,0.087,0.112,0.097,0.101,0.500,0.072,0.194,0.484,0.098
gDNA-WBC-GC131349,1.097,0.968,0.152,0.496,0.559,0.028,7.939,16.497,4.323,6.981,11.293,12.890,31.819,0.974,0.198,0.235,1.240,0.177,1.497,0.077,0.002,0.317,0.242
gDNA-WBC-GC131350,0.843,0.616,0.245,0.443,1.512,0.520,5.219,5.959,7.318,5.610,11.168,6.656,49.675,0.577,0.077,0.560,1.430,0.140,0.854,0.036,0.028,0.165,0.347
gDNA-WBC-GC131351,0.567,1.625,0.402,0.805,2.389,0.143,6.607,4.820,8.400,2.026,17.957,9.500,41.501,0.147,0.028,0.429,0.577,0.023,1.451,0.127,0.029,0.200,0.247
gDNA-WBC-GC131352,0.099,1.890,0.417,0.659,2.073,0.242,7.755,2.205,17.091,4.542,23.528,1.972,36.075,0.229,0.135,0.059,0.294,0.218,0.055,0.220,0.056,0.056,0.129
gDNA-WBC-GC131353,0.923,0.172,0.786,0.404,2.210,0.856,9.874,5.424,6.148,7.527,7.404,5.608,47.201,0.093,0.286,0.951,1.993,0.252,0.604,0.136,0.037,0.992,0.120
gDNA-WBC-GC131354,0.498,2.746,0.288,0.102,2.724,1.186,9.620,6.759,11.616,10.009,7.971,9.271,31.769,0.569,0.007,0.810,1.842,0.099,1.416,0.080,0.027,0.115,0.474
gDNA-WBC-GC131355,0.996,0.077,0.079,0.001,3.883,2.070,0.282,6.552,7.145,6.847,14.592,8.652,40.526,2.782,0.167,0.364,2.360,0.042,1.980,0.033,0.010,0.125,0.434
