Sample,BRCA,CEAD,CESC,COAD,OV,READ,bcell,cd4tcell,cd8tcell,erythroblast,monocyte,naturalkillercell,neutrophil,Unknown-1,Unknown-2,Unknown-3,Unknown-4,Unknown-5,Unknown-6,Unknown-7,Unknown-8,Unknown-9,Unknown-10
Breast-GC1002975,3.381,3.914,4.138,0.403,5.054,1.427,2.571,0.011,1.223,11.616,4.842,4.082,9.418,3.661,9.756,5.032,3.681,7.081,1.757,1.615,4.250,7.695,3.390
Breast-GC1002976,6.644,2.681,4.259,2.944,0.611,4.916,7.364,1.715,1.728,5.081,4.151,5.578,3.628,8.259,0.421,6.551,5.231,3.619,5.286,10.396,3.052,4.167,1.721
Breast-GC1002977,1.755,1.766,0.396,0.180,2.775,0.753,7.645,5.944,2.582,2.555,5.469,7.951,16.295,1.245,0.417,2.003,1.340,10.630,1.677,0.458,5.142,13.123,7.897
Breast-GC1002978,5.158,7.268,1.567,1.039,5.125,2.112,4.210,7.476,2.721,0.490,8.630,3.582,7.926,3.110,2.848,0.098,2.959,5.457,2.472,7.606,15.607,0.852,1.688
Breast-GC1002979,4.897,6.009,1.974,1.333,4.569,0.590,3.353,5.133,1.567,7.335,0.951,5.080,5.181,7.325,6.640,6.953,5.880,3.309,1.928,2.323,2.704,14.081,0.883
Breast-GC1002980,2.132,7.508,1.636,1.101,3.249,0.130,3.023,8.052,1.956,8.640,9.894,0.265,2.760,6.826,5.680,1.393,0.127,6.175,6.305,9.087,5.620,1.439,7.003
Breast-GC1002981,2.552,5.439,2.563,1.035,4.653,1.586,3.792,2.877,2.637,7.988,10.574,2.300,3.221,7.978,3.991,4.012,3.269,4.493,6.650,0.142,5.894,7.794,4.560
Breast-GC1003967,3.024,4.904,3.274,0.581,6.996,3.031,2.747,0.219,6.336,1.606,10.002,6.384,3.672,9.371,5.572,3.354,1.633,5.932,8.285,6.165,2.348,3.572,0.990
Breast-GC1003968,3.751,6.330,4.132,2.176,2.921,3.751,4.818,3.412,5.710,5.635,0.429,5.500,6.304,1.238,0.261,10.638,7.967,0.389,2.573,4.335,6.804,0.196,10.729
Breast-GC1003970,2.311,5.955,2.243,1.121,4.715,0.826,2.023,5.380,8.251,7.199,5.292,5.964,12.447,1.324,5.618,5.008,4.614,2.479,0.855,4.938,5.282,1.818,4.336
Breast-GC1003971,1.996,10.416,0.105,1.497,5.425,3.386,4.647,1.980,0.649,9.836,10.123,9.212,3.809,6.008,4.439,2.020,4.774,1.766,3.105,3.576,4.640,1.027,5.564
Breast-GC1003972,5.619,2.788,1.751,2.662,0.112,3.220,4.402,7.907,2.317,6.874,7.344,4.551,1.979,5.698,3.311,5.896,5.995,1.106,6.024,7.371,6.457,0.739,5.879
Breast-GC1003974,3.027,4.279,2.747,2.214,3.121,0.882,2.884,4.179,3.898,3.984,5.429,4.084,8.467,2.717,3.502,0.987,8.731,0.982,1.855,2.067,1.440,11.321,17.203
Breast-GC1002311,2.881,6.906,2.675,0.662,2.912,1.391,2.952,9.336,0.179,9.548,5.544,2.276,7.011,1.028,1.966,1.314,6.318,6.425,7.574,5.664,1.135,7.369,6.933
Breast-GC1004006,0.778,5.715,4.521,0.774,2.841,2.890,5.047,6.172,2.490,4.978,8.438,6.096,5.307,6.459,4.748,1.440,2.493,3.560,5.869,4.423,2.164,6.110,6.686
Breast-GC1004007,4.167,2.016,5.231,1.984,3.683,3.383,1.418,7.049,1.755,5.106,7.495,6.784,0.902,1.378,6.110,8.747,1.728,0.914,6.023,9.441,5.837,8.000,0.850
Breast-GC1004008,0.855,5.606,3.043,1.011,4.430,1.375,2.319,6.426,4.922,5.396,6.216,1.940,6.117,9.615,5.351,2.448,0.915,8.829,6.194,4.478,0.145,4.328,8.041
Breast-GC1004009,3.981,6.038,1.520,1.561,4.838,2.121,2.465,6.198,3.360,2.774,3.678,3.853,0.953,7.896,1.940,8.310,5.036,6.004,5.429,6.412,4.281,2.392,8.962
Breast-GC110693,3.065,3.333,3.999,1.582,5.078,3.669,2.856,3.825,3.790,2.098,5.996,4.335,10.957,7.478,2.988,2.088,8.128,0.120,2.432,5.408,8.640,0.369,7.765
Breast-GC110694,3.236,1.444,3.523,1.315,2.646,1.366,4.159,4.669,5.186,8.291,7.501,3.557,6.625,5.060,6.866,1.839,1.759,6.807,0.687,7.882,5.563,5.025,4.993
Breast-GC110695,6.237,6.921,3.955,2.822,2.115,2.920,6.257,2.995,1.750,2.535,0.854,6.494,4.797,1.104,11.174,4.010,2.398,2.211,1.961,14.199,5.622,1.115,5.550
Breast-GC110696,3.107,5.188,3.767,0.543,5.251,1.847,7.234,1.799,0.515,8.143,9.659,3.997,8.052,3.344,0.319,4.449,3.825,1.023,7.404,2.962,3.648,4.867,9.056
Breast-GC116960,3.184,0.536,2.856,1.388,6.372,2.921,6.524,8.415,1.724,1.030,10.977,7.112,5.925,3.386,1.640,8.392,6.641,0.951,0.840,2.009,7.888,1.809,7.479
Breast-GC116963,0.003,7.422,1.680,0.672,2.984,0.480,1.354,2.792,0.232,3.138,7.124,3.879,30.122,1.133,4.358,4.498,2.982,5.711,0.124,2.218,3.243,6.070,7.783
Breast-GC116964,5.649,3.046,0.007,1.737,11.216,6.062,4.778,0.691,4.179,2.437,2.736,6.011,1.104,0.583,9.639,0.578,5.012,2.200,1.422,10.164,5.896,8.626,6.226
Breast-GC116965,4.561,4.756,3.549,0.535,3.641,3.747,4.883,6.946,4.182,4.669,3.653,4.957,1.745,4.902,8.188,5.238,2.797,2.070,5.296,9.657,4.122,3.678,2.226
Breast-GC116966,1.461,5.438,3.197,0.416,3.058,2.255,4.712,7.111,3.692,8.712,2.073,5.933,2.440,6.027,10.411,5.659,6.628,3.202,4.535,2.504,9.218,0.851,0.467
Breast-GC116967,3.842,8.072,2.843,1.499,3.716,4.459,0.556,5.558,5.459,0.174,4.180,7.646,3.409,1.095,0.349,6.359,10.118,5.574,1.496,13.408,2.230,1.628,6.331
Breast-GC116968,2.215,4.758,3.622,0.867,2.120,1.745,3.229,4.437,6.544,2.544,5.648,2.521,4.662,15.725,6.410,0.378,9.423,4.631,1.502,2.426,6.332,7.784,0.477
Breast-GC116969,0.288,6.749,2.318,0.795,4.485,1.092,0.356,4.059,5.265,2.223,4.591,4.179,16.648,13.473,0.278,4.650,0.676,1.318,8.573,3.675,6.616,6.651,1.042
Breast-GC116970,3.571,8.377,1.163,0.580,2.695,3.205,2.588,7.322,2.169,6.385,6.847,3.420,7.135,0.581,0.068,8.113,0.594,8.311,7.129,1.280,2.632,6.598,9.236
Breast-GC116971,2.796,0.291,4.291,1.188,4.034,1.855,5.958,7.782,4.665,4.161,8.238,6.614,4.685,2.229,1.939,5.025,5.507,4.857,6.689,6.435,5.006,2.893,2.861
Breast-GC110676,3.318,7.646,1.852,0.910,3.678,2.876,2.421,5.401,5.508,4.057,4.210,3.401,4.074,3.843,8.846,0.453,7.414,1.473,5.931,2.909,7.165,4.002,8.612
Breast-GC110678,3.643,6.448,1.646,2.469,3.341,2.104,3.138,2.357,7.943,7.772,11.575,6.430,0.060,7.369,1.380,1.868,7.448,4.642,3.761,3.368,2.747,2.565,5.925
Breast-GC110679,13.358,3.142,3.601,3.165,5.833,2.146,4.024,3.244,2.883,6.404,7.743,3.486,1.166,8.425,6.465,2.591,1.922,0.780,0.464,10.558,0.183,1.638,6.780
Breast-GC110680,2.859,2.252,3.761,1.544,6.716,3.512,3.052,4.298,4.405,1.392,5.657,4.222,6.186,6.494,3.858,4.353,6.907,5.354,7.687,2.454,3.260,4.503,5.275
Breast-GC110681,13.467,0.377,7.644,0.191,12.255,17.349,0.625,0.542,1.997,0.735,0.932,3.082,3.171,5.907,1.239,0.543,2.100,0.282,6.771,10.269,5.987,2.667,1.871
Breast-GC110682,2.959,7.077,3.837,1.186,7.224,4.592,0.667,5.270,3.793,6.589,0.503,5.310,7.536,8.069,0.263,0.940,10.193,6.415,3.903,5.086,6.981,1.476,0.132
Breast-GC110683,4.303,2.232,7.968,1.172,4.857,7.845,6.298,2.035,0.251,8.087,1.467,5.992,5.641,5.285,0.968,4.043,11.177,3.634,3.394,0.588,3.428,5.480,3.858
Breast-GC110684,2.984,3.702,4.226,1.283,6.763,2.593,3.550,1.248,6.006,0.074,7.250,5.707,11.950,3.132,1.362,3.876,0.673,2.581,4.873,6.769,7.363,9.958,2.079
Breast-GC110685,4.550,5.011,0.826,0.694,1.113,2.695,6.855,8.514,5.694,11.196,5.673,8.451,5.357,2.344,0.453,1.465,5.164,3.341,4.486,7.417,4.065,3.488,1.148
Ovarian-GC110686,0.298,7.436,2.596,1.008,3.594,0.203,5.599,1.351,6.507,13.348,0.456,5.189,3.830,1.258,2.447,7.650,0.940,6.114,9.599,5.820,2.648,7.223,4.885
Ovarian-GC114179,2.744,0.199,3.454,1.685,4.037,0.830,4.929,9.075,0.390,9.835,11.705,5.911,4.852,4.449,4.588,7.476,3.597,7.675,2.302,5.108,2.995,0.629,1.534
Ovarian-GC114180,0.528,6.868,1.855,1.399,3.250,0.346,4.759,10.192,7.946,6.650,9.803,6.512,0.047,8.187,0.965,7.059,5.255,2.137,2.208,4.319,3.117,1.368,5.228
Ovarian-GC114181,6.151,6.691,4.646,2.465,4.205,1.875,4.090,13.510,1.276,6.819,5.619,5.478,0.662,4.865,1.138,1.251,5.282,4.255,3.544,3.415,3.939,3.651,5.172
Ovarian-GC114182,8.135,3.135,11.773,1.539,17.244,13.644,1.920,0.882,1.945,5.003,1.727,0.734,4.495,6.429,6.170,6.387,0.601,1.307,0.370,0.386,3.336,1.764,1.077
Ovarian-GC116977,5.227,0.250,4.370,1.151,7.675,0.102,4.368,4.248,7.083,6.637,4.222,2.644,2.176,1.532,8.944,1.872,2.408,5.445,0.611,14.478,0.321,6.693,7.543
Ovarian-GC116979,3.079,8.324,4.552,3.413,7.395,0.153,3.156,8.150,7.666,4.607,0.596,3.868,5.545,6.316,2.944,3.085,3.081,5.157,3.215,1.201,7.638,1.311,5.550
Ovarian-GC116982,2.133,5.593,3.910,1.494,10.746,3.549,1.448,8.883,8.737,9.415,5.891,1.883,3.831,1.911,5.910,0.526,0.856,0.990,5.835,1.452,7.015,2.522,5.471
Ovarian-GC116990,2.711,5.341,3.869,1.756,2.994,1.689,4.881,2.457,7.021,5.890,4.250,4.533,5.866,7.918,2.294,0.340,4.832,8.320,0.553,7.759,3.254,6.927,4.546
Ovarian-GC119363,3.596,4.808,3.976,1.704,9.950,2.221,5.133,1.652,14.023,2.509,5.267,4.181,2.102,1.984,2.266,2.808,3.993,5.630,6.042,1.686,6.410,2.393,5.667
Ovarian-GC119364,1.852,1.255,4.335,1.875,3.011,0.390,5.628,10.821,6.665,3.054,3.198,4.780,7.604,3.517,6.660,3.125,10.208,8.648,3.176,0.913,4.069,4.974,0.244
Ovarian-GC119365,6.448,2.059,4.155,1.276,60.538,8.563,2.347,1.420,0.464,1.038,0.155,0.836,0.356,0.204,0.612,0.913,0.943,0.429,0.922,1.185,2.533,0.637,1.967
Ovarian-GC119366,2.511,8.964,3.991,2.649,4.807,2.460,4.824,10.279,9.248,6.237,6.184,5.215,2.519,1.408,1.778,4.017,5.139,2.035,6.429,1.542,3.329,3.504,0.929
Colorectal-GC121326,4.820,1.860,0.494,2.917,5.463,2.391,0.044,7.166,8.832,8.123,3.758,2.379,0.977,7.772,4.990,5.641,8.922,4.859,0.149,6.989,3.374,2.780,5.299
Colorectal-GC121327,4.039,15.014,1.927,13.910,2.331,0.255,3.087,7.545,0.405,5.978,0.703,7.349,7.573,2.071,0.849,2.281,2.643,4.071,2.500,2.833,2.719,5.804,4.116
Colorectal-GC121328,5.462,4.053,5.100,1.856,6.660,4.567,6.820,2.554,0.125,9.295,6.386,9.325,1.547,3.796,2.818,5.791,3.232,0.197,4.889,8.149,3.386,1.810,2.182
Colorectal-GC121329,3.641,4.619,2.914,1.004,7.151,22.331,0.945,14.398,0.437,14.507,1.827,6.138,2.163,1.344,3.200,1.491,3.283,1.666,1.200,3.602,1.437,0.659,0.042
Colorectal-GC121330,9.545,3.764,6.855,3.899,3.071,6.645,0.393,0.133,7.264,9.609,1.773,0.627,4.792,3.611,4.299,6.992,4.588,0.495,4.320,13.047,0.210,3.429,0.640
Colorectal-GC1003994,2.213,12.248,2.570,0.511,2.075,0.763,2.316,7.612,6.516,6.392,0.209,6.706,3.257,3.250,7.085,2.773,0.405,12.901,2.319,5.730,2.090,8.224,1.835
Colorectal-GC1003995,4.714,6.146,4.293,21.368,3.476,12.808,3.250,2.535,3.799,1.872,0.859,3.444,3.289,0.478,3.692,4.789,3.880,0.163,3.215,0.783,4.442,2.998,3.707
Colorectal-GC1003996,3.130,7.632,2.923,2.416,4.383,1.556,2.840,5.412,1.527,0.333,12.672,4.267,2.783,6.919,8.145,2.548,7.749,0.605,5.801,4.610,2.326,6.531,2.892
Colorectal-GC1003997,1.467,5.260,2.008,0.878,3.413,0.519,3.749,13.711,2.593,7.796,7.637,2.699,4.281,6.139,0.807,4.297,1.867,4.586,4.520,2.452,7.248,8.828,3.245
Colorectal-GC1003998,2.793,2.458,0.396,3.251,6.210,2.891,4.327,6.539,7.734,6.878,4.841,5.540,4.690,2.908,9.358,6.686,3.698,1.065,1.244,8.033,2.074,6.120,0.267
Colorectal-GC1003999,5.837,2.588,5.381,1.796,5.551,4.950,4.330,6.695,1.162,5.193,7.049,5.538,4.265,1.279,1.226,4.451,3.053,0.368,3.575,16.197,2.171,0.119,7.225
Colorectal-GC1004000,5.210,1.220,2.858,5.300,6.202,39.821,2.617,2.453,1.646,2.217,2.054,1.503,1.964,2.769,1.935,2.774,3.974,0.353,4.072,1.377,1.639,1.789,4.254
Colorectal-GC1004001,2.459,7.792,1.543,1.293,1.784,0.861,3.878,7.844,5.035,3.917,4.019,2.847,10.214,0.288,4.806,3.656,9.119,8.654,4.294,3.637,2.390,4.980,4.692
Colorectal-GC1004002,1.400,10.810,1.981,2.619,2.838,1.611,5.455,2.766,4.963,6.235,3.677,5.382,3.075,6.451,5.535,4.610,4.272,1.810,7.703,6.218,3.157,5.862,1.571
Colorectal-GC1004003,7.883,0.540,5.864,5.732,0.167,1.166,6.955,10.768,2.696,0.006,2.870,3.552,4.152,5.240,3.775,7.002,6.788,1.106,4.645,6.997,6.521,2.497,3.078
Colorectal-GC137538,3.409,6.709,4.309,1.956,7.736,6.184,8.128,6.080,2.872,2.913,2.015,7.041,1.658,3.806,7.174,5.732,5.913,1.688,4.547,2.006,4.322,2.615,1.186
Colorectal-GC137539,3.318,4.294,2.747,1.596,3.261,2.219,4.576,6.291,6.848,7.955,11.198,1.573,10.667,3.754,0.099,3.598,4.002,4.698,2.431,0.990,6.800,0.679,6.406
Colorectal-GC137540,2.842,0.009,1.314,0.989,6.135,1.415,4.730,6.096,4.454,5.222,6.898,5.609,4.116,7.769,11.394,2.090,3.375,8.322,1.162,6.213,5.293,1.349,3.204
Colorectal-GC137541,3.126,3.481,5.285,0.785,1.784,3.807,3.497,5.996,7.101,6.434,4.400,5.288,3.542,1.648,0.291,8.710,2.444,7.330,4.364,7.920,1.760,2.470,8.535
Colorectal-GC137542,2.557,6.655,2.457,0.504,0.239,1.655,2.286,8.067,7.475,7.261,4.243,5.611,5.785,5.544,9.216,2.642,2.886,7.018,3.597,4.376,6.865,2.549,0.514
Colorectal-GC137543,0.044,2.595,3.931,3.917,3.141,5.673,6.174,0.537,0.623,15.398,3.226,8.005,4.316,7.453,1.831,2.611,5.853,3.952,1.067,8.619,5.423,3.207,2.402
Colorectal-GC137544,1.256,7.572,1.054,1.277,5.448,1.306,5.262,5.979,4.856,2.255,7.981,5.250,2.741,1.219,3.864,3.950,2.113,7.529,6.108,9.389,3.706,2.505,7.380
Colorectal-GC137545,1.692,8.525,3.992,0.632,3.065,1.495,3.110,3.320,6.012,9.906,8.712,6.404,2.381,6.276,2.528,2.181,1.179,4.784,4.681,6.089,5.193,2.754,5.089
Colorectal-GC137546,1.786,1.850,3.105,1.178,4.683,0.472,3.078,7.105,2.720,9.111,4.797,6.975,4.562,6.489,1.991,6.643,0.653,9.125,3.837,3.609,5.567,4.127,6.536
Colorectal-GC137547,2.702,8.041,3.163,1.592,5.538,0.067,6.682,3.758,2.764,9.725,2.396,3.567,0.997,4.940,5.236,6.226,9.271,1.808,2.866,8.111,0.957,8.756,0.835
Colorectal-GC137548,0.924,0.318,2.819,1.010,3.086,1.374,3.005,6.282,3.246,4.652,6.618,5.010,6.543,0.948,2.310,7.389,8.836,7.412,1.694,5.735,2.807,9.765,8.217
Colorectal-GC137549,3.681,4.302,3.182,0.788,0.889,17.456,5.823,1.722,2.849,8.782,2.039,5.740,6.743,4.345,2.014,3.764,2.500,3.928,3.993,2.669,2.926,3.870,5.997
Colorectal-GC137550,2.650,4.724,3.377,1.218,4.681,1.984,7.006,2.450,6.265,5.459,3.737,8.429,3.007,3.287,4.740,1.689,6.679,0.448,0.230,8.547,2.071,9.171,8.152
Colorectal-GC137551,2.532,3.626,2.241,0.465,3.423,2.771,4.357,1.934,3.005,6.067,8.647,4.067,1.106,0.864,2.130,4.589,11.443,10.447,10.489,5.273,0.301,3.598,6.626
Colorectal-GC137552,3.135,6.416,2.121,1.080,8.476,1.149,3.094,0.683,4.197,8.574,2.817,5.365,6.809,0.626,2.726,5.212,0.960,12.005,7.469,14.915,0.863,1.268,0.040
Colorectal-GC137553,5.590,6.227,5.072,1.970,7.403,6.939,15.360,3.422,0.653,3.394,4.548,8.441,0.436,1.584,3.804,8.338,3.160,0.548,1.442,0.741,2.376,4.957,3.595
Colorectal-GC137554,6.462,0.129,4.558,1.950,7.488,7.315,3.759,2.543,3.998,2.388,7.715,7.693,3.004,1.218,0.246,4.879,9.852,0.024,9.313,2.528,0.692,5.997,6.250
Colorectal-GC137555,2.719,4.581,2.310,0.427,5.925,2.152,0.841,4.069,3.735,8.843,7.853,5.085,4.856,5.403,2.779,5.714,7.155,7.197,7.237,2.323,0.040,7.224,1.530
Colorectal-GC137556,2.033,2.830,1.204,1.449,6.896,2.889,2.371,5.600,4.839,7.677,3.370,4.496,8.340,4.703,5.156,9.560,1.786,1.003,6.110,2.615,8.663,4.904,1.505
Colorectal-GC137557,1.286,3.482,0.624,0.792,3.340,1.183,2.868,5.224,5.196,3.750,8.391,2.565,15.793,1.965,8.085,11.285,7.859,7.771,3.719,0.977,0.289,2.510,1.046
Cervical-GC1002983,4.353,3.256,6.447,0.787,4.341,4.846,2.387,1.358,0.358,6.448,7.976,5.113,4.832,5.557,2.105,0.479,14.663,3.809,2.586,1.452,0.276,4.436,12.135
Cervical-GC1002984,2.063,2.615,1.558,1.377,6.307,1.892,2.691,8.192,4.458,6.909,12.048,4.140,8.508,3.999,3.385,0.410,0.535,2.372,3.662,7.570,11.299,3.634,0.377
Cervical-GC114187,4.596,4.029,0.205,1.146,9.420,5.665,6.280,0.944,2.483,6.742,4.984,7.432,4.141,2.472,3.840,8.143,1.585,0.552,3.957,8.120,0.877,6.591,5.797
Cervical-GC114188,0.479,4.539,4.591,1.124,9.042,2.498,5.797,3.258,7.448,3.528,6.184,4.317,5.650,3.098,5.860,6.162,4.276,3.213,2.135,4.166,2.586,1.843,8.207
Control-GC1003986,2.351,2.885,3.093,1.199,5.137,1.622,4.008,4.315,2.312,1.165,6.277,4.639,13.603,2.867,2.383,6.553,9.010,3.631,6.978,2.739,2.229,1.301,9.702
Control-GC1003988,2.831,0.980,3.004,1.460,5.991,0.020,2.503,0.799,6.981,8.204,6.678,4.750,8.138,5.075,0.053,0.998,4.911,3.347,7.717,8.164,6.540,3.092,7.766
Control-GC110675,1.782,0.404,0.724,0.932,4.654,0.718,2.382,7.980,1.951,1.549,10.419,0.512,14.962,7.612,2.777,2.507,10.665,1.743,6.426,0.460,7.019,6.993,4.828
Control-GC112864,4.043,6.032,0.413,1.005,4.620,3.100,2.151,4.598,4.773,3.635,5.758,4.600,3.556,0.797,5.522,7.178,7.907,3.974,4.882,7.177,1.379,8.385,4.515
Control-GC112894,1.517,1.555,3.903,2.483,11.073,9.139,6.043,1.468,2.774,4.372,3.107,4.998,3.943,4.475,0.975,3.993,5.522,1.713,5.829,14.431,3.326,0.450,2.910
Control-GC112895,4.560,2.892,5.470,1.642,4.731,5.124,8.811,6.341,0.071,4.845,6.772,1.029,5.237,5.865,4.662,7.892,1.984,0.886,0.723,10.182,4.257,1.941,4.082
Control-GC112897,5.044,3.171,4.863,1.543,7.248,5.432,3.765,3.232,3.495,0.491,1.623,5.547,7.648,2.459,6.478,4.514,2.440,5.701,1.532,2.103,6.082,6.766,8.822
Control-GC119350,3.030,4.975,3.867,0.545,4.291,2.886,6.233,1.982,1.720,7.931,4.260,4.567,5.030,7.823,7.026,1.485,8.126,3.743,0.078,3.941,7.192,3.575,5.695
Control-GC119351,2.604,1.772,3.000,0.305,4.752,2.323,4.944,6.495,3.551,2.468,1.703,5.056,3.181,6.563,9.250,8.147,3.823,3.287,9.000,1.129,4.839,0.987,10.819
Control-GC119352,3.631,8.076,0.228,1.346,5.039,2.136,0.200,1.028,11.416,0.256,5.322,6.550,6.049,0.008,2.939,1.822,9.375,5.961,8.260,2.598,10.209,6.158,1.392
Control-GC119353,4.070,2.727,4.478,1.304,7.331,4.624,5.037,6.405,2.976,5.537,3.724,6.894,5.629,3.049,1.282,4.553,3.181,0.849,4.142,9.570,4.263,6.592,1.783
Control-GC119354,3.653,1.686,3.325,0.960,5.971,3.013,4.730,6.977,6.211,5.266,9.164,5.607,0.085,6.594,1.040,4.424,4.399,2.736,5.925,4.908,5.627,6.262,1.438
Control-GC119356,2.231,4.352,2.348,0.410,4.903,1.421,3.012,7.233,3.510,2.180,5.988,4.926,4.416,1.717,5.845,1.426,8.757,7.798,1.923,5.246,8.773,10.572,1.011
Control-GRP-GC114128,2.995,4.655,1.888,0.915,5.236,1.837,2.803,4.757,3.674,7.456,5.533,5.458,3.971,0.443,9.338,0.678,3.873,8.544,2.940,15.499,4.187,0.925,2.396
Control-GRP-GC114130,1.639,7.770,1.900,0.776,2.630,0.095,1.345,1.202,13.154,6.823,8.718,6.705,2.212,4.565,6.504,3.374,4.357,6.732,6.725,1.171,4.741,2.157,4.705
Control-GRP-GC114131,3.597,4.561,1.262,0.686,3.971,2.680,4.215,3.104,6.410,5.688,4.120,4.517,8.021,0.638,8.500,3.651,0.098,3.187,4.566,7.691,5.130,6.189,7.516
Control-GRP-GC114132,0.167,7.746,2.042,1.457,2.707,0.611,0.054,10.878,9.100,5.571,12.250,4.303,11.496,1.133,7.659,1.046,2.133,6.879,2.030,1.921,0.353,0.432,8.032
Control-GRP-GC114133,2.700,2.174,2.776,1.498,4.070,3.188,7.102,7.933,1.590,2.658,8.808,6.226,2.719,1.064,1.613,4.616,5.562,0.178,7.503,9.279,4.495,5.318,6.930
Control-GRP-GC114134,2.393,4.858,1.042,1.182,1.074,0.801,0.459,4.502,11.702,11.432,11.121,4.000,2.187,4.484,4.241,2.252,2.433,4.968,6.279,0.416,5.340,10.330,2.502
Control-GRP-GC114136,2.452,4.438,2.538,0.996,3.831,1.353,2.396,7.013,2.778,4.011,7.469,5.176,11.769,5.334,5.066,5.713,6.858,4.775,6.773,2.756,0.107,3.905,2.491
Control-GRP-GC114137,1.223,10.007,1.000,0.352,3.135,0.211,3.767,2.907,11.006,3.078,6.719,5.090,7.894,7.233,0.593,4.895,6.709,5.428,2.502,2.280,1.838,2.628,9.507
Control-GRP-GC114139,1.041,1.523,4.226,1.963,6.095,1.273,3.683,0.595,4.926,9.909,3.430,5.531,6.877,0.816,7.840,5.222,3.988,6.637,2.190,7.579,6.915,1.856,5.887
Control-GRP-GC114140,1.686,2.407,2.842,1.250,6.217,4.007,3.798,2.800,4.601,4.804,0.794,0.571,10.173,8.427,4.222,4.592,10.705,0.001,0.665,5.959,8.077,0.746,10.655
Control-GRP-GC114141,2.983,4.149,2.330,0.883,4.678,1.702,4.403,7.119,7.202,6.431,0.118,5.334,9.825,6.072,2.501,4.595,8.022,4.386,3.665,5.175,0.315,6.994,1.120
Control-GRP-GC114142,0.972,7.211,2.215,1.157,4.484,0.772,0.491,5.729,8.052,3.438,8.145,2.429,11.360,3.348,0.445,1.895,5.507,9.228,4.047,5.988,8.005,2.823,2.257
Control-GRP-GC114183,0.497,7.900,1.476,0.627,2.213,0.155,4.522,0.232,13.568,4.532,5.665,3.330,8.362,2.880,8.997,2.709,7.055,7.198,0.460,1.789,4.496,4.632,6.703
Control-GRP-GC114185,2.124,3.782,2.802,1.290,3.659,2.193,2.516,3.120,7.019,3.861,5.097,0.877,12.836,1.891,6.821,5.771,0.753,4.706,5.535,4.469,9.414,0.049,9.414
Control-GRP-GC114186,2.323,3.106,0.965,1.219,5.281,1.676,4.159,5.476,1.162,8.093,7.860,5.142,3.808,5.515,10.160,2.325,0.563,5.909,2.138,3.146,11.761,4.924,3.290
Control-GRP-GC118464,4.035,7.485,2.528,0.841,2.675,1.745,5.954,3.819,0.035,6.590,6.886,5.452,5.454,0.114,8.180,1.992,1.407,0.424,7.191,4.676,6.939,7.984,7.592
Control-GRP-GC118466,1.516,2.728,4.469,0.847,2.214,1.799,4.113,2.705,10.372,3.639,7.928,6.497,6.494,2.006,6.951,8.011,2.247,5.165,6.190,2.728,5.826,1.653,3.903
Control-GRP-GC118474,2.167,0.648,2.476,0.386,3.151,0.803,4.424,12.820,4.287,6.923,5.305,4.442,11.135,3.817,7.809,0.821,6.475,0.120,4.365,3.111,4.585,3.909,6.021
Control-GRP-GC118476,3.207,1.101,1.810,0.969,4.865,1.279,2.878,13.489,5.182,1.888,11.555,6.698,1.625,3.613,8.017,1.336,4.354,7.447,1.354,1.599,9.008,6.171,0.553
Control-GRP-GC118478,1.217,5.225,2.833,0.896,2.904,0.482,5.680,2.102,7.111,6.849,9.811,6.472,6.910,4.431,7.975,4.038,3.137,0.759,2.600,3.909,5.048,6.338,3.273
Control-GRP-GC118484,0.416,6.288,1.591,0.757,2.628,0.100,3.879,10.171,1.170,3.351,12.302,5.250,0.761,3.697,1.263,6.452,2.774,14.762,1.336,0.788,0.741,4.062,15.461
Control-GRP-GC118485,2.101,2.013,2.087,0.184,0.991,0.475,4.043,2.822,5.821,5.131,16.974,5.436,5.972,0.299,11.608,0.349,5.277,2.109,2.311,0.697,5.070,11.100,7.131
Control-GRP-GC118486,0.086,5.587,0.948,0.593,1.350,0.098,2.907,4.203,10.228,0.495,9.421,3.070,8.570,15.782,2.944,6.531,4.391,6.318,3.610,1.186,1.800,5.463,4.421
Control-GRP-GC118489,2.446,1.121,0.482,1.279,1.894,0.613,1.834,10.018,6.966,2.736,11.932,2.776,11.553,1.016,6.305,5.957,8.206,3.791,3.922,3.277,4.378,2.825,4.672
Control-GRP-GC118490,1.776,8.258,0.798,1.675,4.794,2.434,2.983,0.615,10.464,1.697,5.313,6.240,6.166,4.480,7.525,8.501,8.157,1.165,5.574,1.418,6.839,0.600,2.528
Control-GRP-GC118491,0.537,11.026,0.540,0.883,2.716,0.827,3.483,9.643,4.161,8.248,7.696,5.253,5.051,4.326,3.314,3.596,5.070,3.958,3.088,4.881,5.790,5.833,0.080
Control-GRP-GC118494,1.376,7.953,2.826,0.610,3.703,0.710,2.758,2.375,9.092,6.826,3.927,4.156,10.857,4.302,6.974,7.204,5.396,7.382,3.273,4.096,0.438,1.389,2.379
Control-GRP-GC118496,0.785,0.579,1.959,0.432,0.875,0.397,1.873,5.909,0.020,5.696,9.741,2.168,34.465,2.552,0.139,5.246,3.822,4.535,10.509,1.522,2.186,3.837,0.753
Control-GRP-GC118497,1.167,4.864,0.524,0.472,2.510,0.305,3.378,10.109,3.857,6.275,8.767,3.990,11.003,6.523,2.520,3.878,2.517,6.260,7.214,3.677,1.251,6.175,2.763
Control-GRP-GC118499,1.315,5.085,1.855,0.656,3.192,0.344,3.924,7.406,5.615,5.321,5.710,1.497,15.734,8.671,0.857,3.002,6.022,4.999,0.263,3.948,3.182,7.184,4.219
Control-GRP-GC119340,1.818,1.580,0.937,0.833,4.456,0.424,4.511,10.686,7.795,7.826,14.015,2.071,0.794,2.909,3.315,6.241,0.777,6.480,7.790,3.069,6.051,3.139,2.483
Control-GRP-GC119343,2.709,5.909,1.764,0.858,2.263,0.500,3.622,1.876,0.622,0.672,18.778,10.894,0.964,2.423,9.748,5.202,1.453,3.681,11.640,5.996,3.063,2.886,2.479
Control-GRP-GC119367,3.425,2.322,4.503,1.043,5.991,1.570,5.589,5.752,0.308,4.231,12.297,5.588,0.124,3.831,7.718,6.402,0.102,4.976,4.303,3.939,7.454,2.717,5.815
Control-GRP-GC119369,1.015,3.799,0.994,0.595,2.573,0.289,4.003,13.968,1.267,4.077,9.527,3.150,11.657,3.383,2.086,2.187,5.519,9.291,6.662,2.142,3.729,3.338,4.748
Control-GRP-GC119370,1.776,8.622,1.788,0.841,0.380,0.527,2.405,2.011,7.287,7.214,14.713,6.584,1.938,3.627,6.606,2.062,7.615,8.306,0.943,2.474,5.793,0.001,6.486
Control-GRP-GC119374,1.227,8.622,2.382,0.574,1.776,0.758,5.069,6.706,5.937,0.489,10.296,4.760,4.878,5.009,9.031,8.737,3.852,3.090,2.642,0.320,1.187,8.600,4.059
Control-GRP-GC119375,0.498,8.620,4.011,0.937,4.658,2.559,4.799,5.897,6.274,1.455,5.091,6.843,5.498,4.262,2.896,5.264,6.312,6.857,5.185,6.739,2.955,2.019,0.370
Control-GRP-GC119377,2.308,5.629,0.581,1.141,2.842,0.375,4.780,16.721,2.866,7.780,0.181,5.586,4.067,1.212,2.179,8.943,9.335,2.205,7.510,6.257,1.888,0.207,5.408
Control-GRP-GC119383,2.646,9.872,0.061,0.755,4.177,0.461,3.334,5.714,3.071,7.126,9.256,3.266,3.643,1.094,8.581,1.826,0.220,9.858,5.481,1.040,11.507,1.386,5.625
Control-GRP-GC119384,1.185,7.650,2.612,0.709,0.151,0.489,4.288,1.678,11.062,8.129,9.490,5.120,2.660,7.324,1.288,15.389,1.278,0.394,3.828,0.756,3.072,2.686,8.762
Control-GRP-GC119386,1.776,3.128,2.105,3.611,2.241,0.167,3.227,16.085,2.588,0.261,5.451,5.357,12.636,0.032,2.797,6.053,5.693,0.646,8.818,1.219,3.290,6.518,6.304
Control-GRP-GC119388,1.358,2.186,3.104,1.277,5.821,1.757,1.517,8.602,5.177,4.982,6.939,6.413,7.906,8.199,5.266,1.196,3.924,4.435,1.332,4.238,3.275,7.772,3.326
Control-GRP-GC119389,2.062,0.205,2.356,0.444,0.845,0.340,3.912,2.696,14.647,4.567,13.913,6.880,2.029,4.432,2.024,4.455,4.018,5.398,11.502,0.489,3.183,5.454,4.149
Control-GRP-GC119390,2.105,5.145,3.188,2.066,2.908,0.569,3.228,9.847,1.074,4.996,8.673,5.550,7.351,5.668,7.721,1.359,8.085,2.442,6.710,4.534,0.683,3.216,2.883
Control-GRP-GC119391,1.991,8.486,2.192,0.729,2.276,0.382,5.322,6.493,6.097,7.434,8.634,8.959,5.789,9.119,1.383,1.601,2.301,5.706,0.469,1.967,0.591,5.565,6.514
Control-GRP-GC119394,1.331,10.926,2.354,0.345,1.733,0.458,6.802,4.884,4.805,2.313,4.653,4.621,5.059,6.685,9.272,1.205,2.329,1.719,11.014,0.965,6.588,3.974,5.965
Control-GRP-GC119395,2.169,2.314,2.982,0.962,3.496,1.349,3.448,10.549,10.095,4.253,3.952,3.788,6.860,2.197,8.397,6.613,3.029,0.208,5.312,4.079,6.799,1.258,5.891
Control-GRP-GC119397,0.382,2.516,3.129,0.957,3.929,0.909,4.291,6.043,6.688,6.809,11.204,3.266,8.433,5.748,1.912,8.975,0.390,9.193,4.010,0.870,0.259,5.848,4.240
Control-GRP-GC119398,1.525,7.811,1.018,0.522,1.712,0.126,3.569,0.188,9.977,1.186,7.417,3.626,11.795,7.095,6.765,0.318,2.204,11.120,3.352,0.943,4.367,7.578,5.787
Control-GRP-GC119399,1.036,3.360,2.469,0.372,3.215,0.364,1.503,14.218,6.195,6.011,1.256,5.456,8.126,3.346,9.687,8.262,0.311,6.592,0.206,1.703,4.766,4.321,7.225
Control-GRP-GC119400,2.433,6.913,2.749,1.257,1.189,0.696,2.980,12.418,5.767,0.904,8.414,1.708,6.762,9.424,1.732,4.200,4.709,1.877,6.248,1.250,3.649,6.825,5.896
Control-GRP-GC119401,0.833,5.478,1.880,0.707,3.098,0.594,4.019,12.461,6.319,3.014,7.026,6.296,5.879,9.144,2.428,5.196,4.079,2.465,6.180,4.476,4.468,0.710,3.250
Control-GRP-GC119402,2.168,3.310,2.368,1.314,4.266,1.063,2.883,7.991,8.671,7.990,4.553,3.174,0.670,9.176,6.241,7.094,1.650,1.322,6.378,0.645,5.913,7.686,3.473
Control-GRP-GC119403,0.993,3.716,1.744,1.045,3.956,0.265,4.156,7.491,11.610,0.507,3.863,2.650,8.392,7.543,7.825,0.599,6.874,3.268,4.303,0.980,0.162,8.247,9.810
Control-GRP-GC119405,2.400,2.005,3.657,0.931,4.634,1.376,4.184,7.424,5.825,5.888,1.755,4.735,5.869,8.822,0.353,4.552,4.535,10.150,4.642,0.047,3.497,3.683,9.035
Control-GRP-GC119410,0.360,1.674,2.029,0.897,0.833,0.057,4.576,14.874,0.041,10.216,12.740,2.902,7.798,1.604,8.433,6.700,2.885,4.230,2.633,3.055,0.653,4.903,5.904
Control-GRP-GC119411,0.384,3.505,2.909,0.704,3.121,0.612,4.516,8.455,8.451,2.803,8.628,3.807,8.812,6.012,3.732,1.667,5.006,7.223,6.682,3.575,2.661,3.310,3.427
Control-GRP-GC119415,1.349,5.778,2.128,0.090,1.403,0.356,2.528,8.046,9.044,5.956,1.068,6.393,9.540,3.248,12.442,4.888,0.976,1.525,4.056,4.468,4.454,0.810,9.454
Control-GRP-GC119416,2.078,5.531,2.824,1.159,4.069,0.994,0.672,9.984,2.501,8.149,9.440,6.867,4.973,6.144,4.003,6.944,1.423,4.448,2.952,6.014,5.895,1.782,1.153
Control-GRP-GC119417,1.024,6.608,2.029,0.563,2.666,0.715,3.234,8.956,7.455,1.568,5.936,4.465,11.255,5.420,5.810,7.031,3.312,1.902,3.863,4.459,0.374,7.827,3.527
Control-GRP-GC119419,2.181,3.046,2.057,1.684,2.700,0.490,2.447,1.950,7.850,6.504,10.505,4.219,4.497,3.680,0.690,8.696,8.950,9.690,0.245,1.577,6.534,7.069,2.738
Control-GRP-GC119420,0.946,4.740,2.337,0.690,3.367,0.410,1.696,5.931,7.714,4.298,5.320,2.462,12.012,9.672,2.273,6.673,3.035,12.237,0.768,3.021,3.171,5.717,1.510
Control-GRP-GC119421,3.057,0.171,4.364,1.277,7.312,2.836,4.887,2.499,0.492,7.791,8.221,3.693,5.073,3.672,6.929,2.688,3.997,6.386,8.703,1.584,1.729,7.446,5.192
Control-GRP-GC119422,1.663,5.863,1.961,0.569,1.984,0.068,5.727,0.937,6.998,10.990,5.700,8.109,2.019,4.582,5.486,6.668,0.901,9.908,7.701,3.028,0.538,8.226,0.376
Control-GRP-GC119426,1.960,2.178,4.079,1.654,5.175,0.159,3.017,11.110,1.904,7.958,6.032,5.645,2.026,4.306,1.026,6.368,5.869,8.743,7.587,2.287,2.266,4.626,4.024
Control-GRP-GC119430,2.932,7.252,1.634,0.482,1.193,1.649,6.269,5.248,5.024,8.739,7.287,5.240,3.387,0.784,13.157,5.190,2.340,1.576,3.018,5.192,2.400,6.314,3.693
Control-GRP-GC121331,1.277,3.972,0.477,1.508,2.138,0.531,0.347,12.606,8.039,9.596,11.754,4.756,2.547,10.639,0.793,0.726,0.888,10.797,1.219,6.513,5.100,1.437,2.342
Control-GRP-GC121332,3.275,0.316,3.595,1.294,3.826,2.094,4.025,3.658,9.367,2.769,2.055,2.403,12.221,4.277,3.626,6.179,1.109,10.916,7.284,3.419,0.335,9.328,2.627
Control-GRP-GC121336,1.096,6.127,2.164,0.384,1.697,0.210,2.204,0.787,13.432,11.455,7.050,3.674,3.086,6.431,10.348,4.428,0.911,10.682,5.240,0.656,1.703,1.023,5.212
Control-GRP-GC121337,0.498,5.071,2.792,0.822,3.016,0.986,3.585,9.853,11.048,2.818,4.371,5.143,4.912,4.757,3.090,0.605,0.160,0.113,16.554,6.729,3.409,3.492,6.177
Control-GRP-GC121338,1.392,0.285,2.117,0.527,3.617,0.418,4.399,10.968,13.005,1.055,2.364,2.890,5.627,3.228,9.975,4.454,4.852,4.135,6.363,1.482,3.983,6.117,6.747
Control-GRP-GC121339,1.665,8.438,2.231,1.023,3.270,0.027,3.992,0.616,2.734,8.688,5.612,0.536,6.486,11.621,8.243,8.477,4.393,5.018,2.562,2.708,4.508,0.431,6.720
Control-GRP-GC121340,1.228,4.188,1.313,0.651,2.785,0.101,3.288,5.334,7.600,5.991,9.231,3.790,3.590,3.561,7.406,5.391,6.121,10.736,1.369,3.011,5.768,2.682,4.864
Control-GRP-GC121341,3.086,6.715,1.939,1.099,2.273,1.705,3.693,11.163,2.229,5.936,4.768,5.119,4.437,6.366,3.195,4.513,4.925,5.951,4.642,3.488,2.718,5.611,4.430
Control-GRP-GC121342,2.643,4.086,2.849,0.904,3.758,1.764,2.986,7.647,5.776,6.237,8.375,3.132,8.121,3.152,0.365,3.876,8.902,8.707,0.377,1.422,0.495,6.433,7.993
Control-GRP-GC121343,3.207,8.627,2.174,0.506,3.139,1.892,5.433,8.419,3.608,2.314,7.269,4.926,6.977,7.409,1.943,11.276,1.668,1.147,3.998,0.131,8.768,5.006,0.163
Control-GRP-GC121346,0.923,6.151,1.160,0.100,2.456,0.144,2.224,1.179,7.062,2.098,18.373,4.407,9.729,5.070,0.222,1.778,6.519,6.362,8.838,3.410,2.611,5.048,4.136
Control-GRP-GC121347,3.898,1.258,2.661,1.729,1.922,1.031,4.155,12.277,4.530,5.601,9.888,1.587,6.825,4.111,4.533,5.607,7.072,2.333,2.506,7.502,2.172,6.622,0.182
Control-GRP-GC121348,2.147,3.149,0.413,0.559,3.065,0.561,3.572,6.871,4.351,1.356,7.244,3.339,14.361,8.665,6.872,1.666,10.672,2.008,7.441,2.510,0.554,1.114,7.511
Control-GRP-GC121349,0.881,9.981,1.228,0.556,0.283,0.004,1.420,2.276,1.352,9.561,7.570,6.502,7.926,14.458,0.584,10.512,0.890,10.064,2.457,0.428,0.608,5.250,5.209
