Sample,BRCA,CEAD,CESC,COAD,OV,READ,bcell,cd4tcell,cd8tcell,erythroblast,monocyte,naturalkillercell,neutrophil,Unknown-1,Unknown-2,Unknown-3,Unknown-4,Unknown-5,Unknown-6,Unknown-7,Unknown-8,Unknown-9,Unknown-10
Breast-GC1002975,0.000,0.000,0.000,0.000,0.000,0.000,0.164,0.000,0.000,7.248,10.734,1.496,36.338,27.049,2.406,0.000,7.134,2.479,0.000,4.683,0.000,0.267,0.000
Breast-GC1002976,2.042,0.000,0.000,0.106,0.000,1.838,1.549,0.000,0.000,5.636,2.478,0.473,33.458,23.819,8.908,0.017,4.963,0.000,1.588,2.439,0.000,0.000,10.686
Breast-GC1002977,0.000,0.000,0.000,0.000,0.000,0.000,10.450,0.000,0.000,1.402,10.101,15.266,51.245,11.535,0.000,0.000,0.000,0.000,0.000,0.000,0.000,0.000,0.000
Breast-GC1002978,0.731,0.000,0.000,0.000,0.520,0.000,0.000,0.000,0.000,5.698,16.673,1.339,26.764,24.609,5.122,0.000,1.973,3.231,0.000,1.086,11.858,0.000,0.397
Breast-GC1002979,8.567,0.000,0.000,0.000,0.000,0.000,0.577,0.000,0.000,4.213,9.907,1.218,45.790,13.432,0.908,0.000,2.800,8.204,0.000,4.383,0.000,0.000,0.000
Breast-GC1002980,0.000,0.000,0.000,0.000,0.149,0.000,0.511,0.000,0.000,11.076,9.357,1.656,32.287,33.460,1.246,0.000,3.424,1.058,0.000,3.750,0.000,0.000,2.024
Breast-GC1002981,0.000,0.000,0.000,0.000,0.000,0.000,0.234,0.000,0.000,8.164,13.108,0.923,38.051,20.085,2.308,3.514,4.631,0.000,0.038,5.146,0.000,3.798,0.000
Breast-GC1003967,0.000,0.000,0.000,0.000,0.000,0.000,0.122,0.000,0.000,10.006,12.434,1.158,27.270,29.102,1.285,0.000,8.575,0.961,1.622,0.000,0.000,0.000,7.466
Breast-GC1003968,0.433,0.000,0.000,0.000,0.000,0.000,0.000,0.000,0.000,10.613,4.903,1.057,30.931,28.917,2.632,1.130,13.992,0.439,4.953,0.000,0.000,0.000,0.000
Breast-GC1003970,0.138,0.000,0.000,0.000,0.023,0.000,0.665,0.000,0.000,2.777,31.894,1.087,28.766,16.053,0.000,0.000,5.900,2.888,1.963,7.845,0.000,0.000,0.000
Breast-GC1003971,0.000,0.000,0.000,0.000,0.000,0.000,0.057,0.000,0.000,10.315,16.242,4.750,17.268,28.450,0.924,0.000,12.455,9.538,0.000,0.000,0.000,0.000,0.000
Breast-GC1003972,0.210,0.000,0.000,0.000,0.000,0.000,0.000,0.000,0.000,9.004,15.094,1.203,20.833,26.862,1.941,0.000,15.712,6.926,2.112,0.103,0.000,0.000,0.000
Breast-GC1003974,0.000,0.000,0.000,0.304,0.000,0.000,0.369,0.000,0.000,4.542,12.536,1.178,50.545,20.222,3.555,0.000,2.661,0.094,0.000,0.392,0.767,0.000,2.834
Breast-GC1002311,0.000,0.000,0.000,0.000,0.000,0.000,0.049,0.000,0.000,11.084,14.083,1.084,29.528,23.425,2.607,0.000,12.794,4.048,0.000,0.000,0.000,1.297,0.000
Breast-GC1004006,0.000,0.000,0.000,0.000,0.000,0.000,0.654,0.000,0.000,8.577,12.350,1.518,31.221,26.999,0.010,0.000,7.748,1.985,0.000,8.938,0.000,0.000,0.000
Breast-GC1004007,0.000,0.000,0.000,0.000,0.000,0.000,0.000,0.000,0.000,11.859,8.172,1.269,20.977,32.552,3.001,2.427,0.664,0.000,1.804,3.571,0.000,0.000,13.704
Breast-GC1004008,0.000,0.000,0.000,0.000,0.000,0.000,0.588,0.000,0.000,7.731,6.240,0.568,47.481,16.745,0.000,0.000,3.078,13.916,3.652,0.000,0.000,0.000,0.000
Breast-GC1004009,0.536,0.000,0.000,0.000,0.320,0.764,0.000,0.000,0.000,2.021,5.381,0.000,48.060,21.857,8.811,1.903,4.022,1.997,4.328,0.000,0.000,0.000,0.000
Breast-GC110693,0.000,0.000,0.000,0.000,0.032,0.000,0.626,0.000,0.000,3.259,11.740,0.573,47.948,15.338,0.000,3.642,13.327,3.418,0.000,0.000,0.000,0.096,0.000
Breast-GC110694,0.000,0.000,0.000,0.000,0.000,0.000,0.186,0.000,0.000,6.981,10.039,1.572,33.954,18.822,2.585,0.000,7.578,0.000,0.368,17.872,0.042,0.000,0.000
Breast-GC110695,0.000,0.000,0.000,0.000,0.000,0.000,0.920,0.000,0.000,10.187,11.005,2.777,23.489,26.334,2.739,0.000,2.175,20.095,0.000,0.000,0.000,0.000,0.278
Breast-GC110696,0.000,0.000,0.000,0.000,0.000,0.000,2.813,0.000,0.000,9.999,10.425,2.430,29.212,21.985,0.000,2.560,2.161,1.711,0.000,3.999,0.000,12.705,0.000
Breast-GC116960,0.000,0.000,0.000,0.000,0.000,0.000,2.812,0.000,0.000,6.994,18.663,3.073,28.458,20.285,5.213,0.000,4.532,6.525,0.000,0.000,0.000,0.000,3.444
Breast-GC116963,0.000,0.000,0.000,0.000,0.000,0.000,0.014,0.000,0.000,3.255,3.367,0.392,64.793,16.471,1.179,0.000,1.855,1.469,1.089,1.157,1.206,3.583,0.169
Breast-GC116964,0.000,0.000,0.000,0.000,0.000,0.000,1.730,0.000,0.000,11.603,22.543,3.895,21.755,22.905,0.859,0.000,1.660,5.291,1.060,6.407,0.000,0.000,0.292
Breast-GC116965,0.000,0.000,0.000,0.000,0.000,0.000,0.000,0.000,0.000,14.262,7.845,1.974,16.706,38.529,4.707,0.000,6.066,1.210,5.449,2.823,0.000,0.000,0.427
Breast-GC116966,0.000,0.000,0.000,0.000,0.000,0.000,0.442,0.000,0.000,13.027,11.087,2.340,20.798,39.137,2.892,0.000,2.322,7.954,0.000,0.000,0.000,0.000,0.000
Breast-GC116967,0.000,0.000,0.000,0.000,0.000,0.000,0.636,0.000,0.000,7.851,17.206,3.119,26.052,27.015,8.128,0.000,4.330,5.660,0.000,0.000,0.000,0.000,0.000
Breast-GC116968,0.000,0.000,0.000,0.000,0.000,0.000,0.000,0.000,0.000,6.818,4.209,0.508,48.549,24.181,0.697,0.000,6.096,3.022,1.064,0.633,0.000,0.000,4.223
Breast-GC116969,0.000,0.000,0.000,0.000,0.000,0.000,0.681,0.000,0.000,6.261,6.943,1.120,56.082,18.813,1.375,0.000,2.479,2.155,3.006,1.086,0.000,0.000,0.000
Breast-GC116970,0.000,0.000,0.000,0.000,0.000,0.000,0.462,0.000,0.000,6.991,8.970,0.772,40.107,19.392,3.061,0.000,5.662,5.932,0.077,4.388,0.484,3.702,0.000
Breast-GC116971,0.000,0.000,0.000,0.000,0.000,0.000,2.272,0.000,0.000,11.132,8.723,2.526,26.763,31.560,7.178,0.000,3.262,2.318,2.044,0.449,0.000,1.177,0.596
Breast-GC110676,0.000,0.000,0.000,0.000,0.000,0.000,1.315,0.000,0.000,8.881,9.366,1.813,34.059,29.703,0.000,0.000,6.460,0.000,0.000,4.758,1.118,0.000,2.526
Breast-GC110678,0.000,0.000,0.000,1.310,0.000,0.000,0.645,0.000,0.000,8.173,21.348,2.613,25.528,17.867,4.839,0.000,7.070,5.321,4.579,0.707,0.000,0.000,0.000
Breast-GC110679,23.421,0.000,0.000,0.282,0.000,0.000,0.333,0.000,0.000,6.138,8.294,0.758,25.456,19.425,2.732,0.000,6.656,0.000,4.973,1.530,0.000,0.000,0.000
Breast-GC110680,0.000,0.000,0.000,0.000,0.000,0.000,0.088,0.000,0.000,9.535,9.051,0.059,38.811,16.547,0.130,0.000,11.165,14.613,0.000,0.000,0.000,0.000,0.000
Breast-GC110681,11.270,0.000,0.258,0.000,3.718,10.048,0.000,0.000,0.000,6.695,0.000,0.000,24.621,24.716,7.395,0.000,4.790,0.000,3.821,0.000,0.000,2.667,0.000
Breast-GC110682,0.000,0.000,0.000,0.000,0.000,0.000,2.033,0.000,0.000,5.156,12.294,1.777,33.510,16.750,2.189,0.000,6.920,16.704,0.000,0.000,0.000,0.000,2.665
Breast-GC110683,0.000,0.000,0.000,0.000,0.000,0.000,1.430,0.000,0.000,9.963,11.326,2.586,28.904,30.995,0.215,0.000,5.085,5.885,1.651,0.000,1.960,0.000,0.000
Breast-GC110684,0.000,0.000,0.000,0.000,0.239,0.000,1.994,0.000,0.000,6.366,14.557,1.609,39.902,18.444,0.000,0.000,2.238,10.837,0.617,0.000,0.000,0.000,3.195
Breast-GC110685,0.004,0.000,0.000,0.000,0.000,0.000,2.623,0.000,0.000,6.970,14.872,6.599,17.597,25.287,6.271,8.246,5.092,2.531,3.860,0.000,0.000,0.000,0.046
Ovarian-GC110686,0.000,0.000,0.000,0.000,0.081,0.000,0.524,0.000,0.000,19.782,4.008,1.893,21.369,25.800,1.791,0.000,0.000,0.000,0.000,24.751,0.000,0.000,0.000
Ovarian-GC114179,0.000,0.000,0.000,0.000,0.361,0.000,0.079,0.000,0.000,11.612,9.588,1.385,23.709,17.303,1.108,0.000,4.155,1.897,27.673,0.499,0.000,0.000,0.630
Ovarian-GC114180,0.000,0.000,0.000,0.000,0.000,0.000,1.532,0.000,0.000,13.941,12.512,3.973,21.700,28.062,7.380,0.000,5.381,4.059,0.000,1.459,0.000,0.000,0.000
Ovarian-GC114181,5.556,0.421,0.209,0.176,0.757,0.876,0.000,0.000,0.000,14.892,4.711,0.558,21.219,22.073,17.479,0.000,2.520,8.183,0.000,0.368,0.000,0.000,0.000
Ovarian-GC114182,7.743,0.000,0.856,0.000,20.248,7.770,0.000,0.000,0.000,7.493,4.248,0.000,21.321,10.977,1.567,0.000,0.000,3.525,0.000,0.000,0.929,13.322,0.000
Ovarian-GC116977,0.000,0.000,0.000,0.000,0.000,0.000,0.323,0.000,0.000,11.137,13.980,2.270,25.880,28.780,4.617,0.000,3.125,6.588,3.300,0.000,0.000,0.000,0.000
Ovarian-GC116979,1.754,0.000,0.000,0.000,8.296,0.000,0.591,0.000,0.000,6.143,8.425,0.730,31.283,16.459,7.282,0.000,5.908,13.034,0.094,0.000,0.000,0.000,0.000
Ovarian-GC116982,0.843,0.000,0.000,0.000,8.316,1.193,0.000,0.000,0.000,8.780,5.502,7.081,21.121,17.193,2.859,0.000,6.235,0.992,2.056,10.546,0.000,7.281,0.000
Ovarian-GC116990,0.092,0.000,0.000,0.147,0.026,0.000,0.674,0.000,0.000,1.004,12.997,1.679,37.652,19.032,4.258,0.000,10.170,0.000,6.651,4.711,0.000,0.000,0.907
Ovarian-GC119363,1.028,0.000,0.000,0.000,5.293,0.507,0.540,0.000,0.000,15.380,3.203,1.896,21.011,25.069,14.136,6.130,3.650,0.950,0.000,1.206,0.000,0.000,0.000
Ovarian-GC119364,0.000,0.000,0.000,0.000,0.000,0.000,1.260,0.000,0.000,2.955,16.093,2.187,33.359,16.918,5.677,16.973,2.871,1.705,0.000,0.000,0.000,0.000,0.000
Ovarian-GC119365,0.465,0.000,0.000,0.000,70.877,3.092,0.000,0.000,0.000,4.006,0.000,0.000,2.042,16.357,0.000,0.907,0.000,2.252,0.000,0.000,0.000,0.000,0.000
Ovarian-GC119366,3.673,0.000,0.000,0.246,0.209,0.902,0.201,0.000,0.000,19.050,5.061,0.714,8.422,28.713,16.122,2.878,7.720,2.318,0.000,1.720,0.000,0.000,2.049
Colorectal-GC121326,0.000,0.000,0.000,0.000,0.000,0.000,0.000,0.000,0.000,17.617,2.021,0.000,37.335,20.292,2.456,0.000,9.013,7.688,0.000,2.118,1.458,0.000,0.000
Colorectal-GC121327,1.113,6.683,0.202,7.731,0.537,0.000,0.774,0.000,0.000,13.175,10.110,2.495,15.181,32.402,2.186,0.000,0.000,7.409,0.000,0.000,0.000,0.000,0.000
Colorectal-GC121328,0.000,0.000,0.000,0.000,0.000,0.000,0.089,0.000,0.000,46.489,7.958,1.310,7.624,19.161,0.000,0.000,3.968,13.400,0.000,0.000,0.000,0.000,0.000
Colorectal-GC121329,0.000,0.000,0.000,0.048,0.195,25.302,0.000,0.000,0.000,16.963,4.326,0.000,1.661,23.201,7.741,5.304,2.006,0.000,2.771,0.000,0.000,7.204,3.276
Colorectal-GC121330,9.095,0.000,0.000,0.112,0.230,4.460,0.000,0.000,0.000,4.824,0.667,0.000,16.300,18.236,6.600,13.164,14.536,0.000,0.000,0.000,0.000,0.000,11.777
Colorectal-GC1003994,0.000,0.000,0.000,0.000,0.173,0.000,0.168,0.000,0.000,13.987,6.443,0.920,26.755,23.500,3.684,0.000,0.256,10.659,8.736,4.567,0.152,0.000,0.000
Colorectal-GC1003995,0.031,0.571,0.074,44.950,0.109,5.431,1.301,0.000,0.000,2.234,2.844,0.000,15.979,14.414,0.000,0.000,4.739,0.000,0.000,0.000,4.431,2.232,0.658
Colorectal-GC1003996,0.000,0.000,0.000,0.491,0.000,0.000,0.952,0.000,0.000,7.049,7.678,1.311,41.115,19.907,1.706,0.542,13.293,0.610,0.177,2.278,1.965,0.000,0.923
Colorectal-GC1003997,0.000,0.000,0.000,0.000,0.000,0.000,0.214,0.000,0.000,14.947,6.828,1.950,30.645,27.758,1.481,0.000,5.537,1.800,8.839,0.000,0.000,0.000,0.000
Colorectal-GC1003998,0.000,0.000,0.000,0.201,0.000,1.146,0.898,0.000,0.000,10.186,8.317,2.818,24.248,29.431,5.630,0.000,2.292,2.862,4.533,1.340,0.000,0.000,6.097
Colorectal-GC1003999,4.615,0.000,0.000,0.000,0.000,2.075,0.000,0.000,0.000,8.601,0.829,0.028,14.303,25.184,21.921,16.291,2.881,0.000,2.502,0.350,0.000,0.000,0.418
Colorectal-GC1004000,0.391,0.765,0.000,1.287,0.901,50.494,0.000,0.000,0.000,1.114,2.618,0.000,14.110,15.886,0.665,0.000,11.767,0.000,0.000,0.000,0.000,0.000,0.000
Colorectal-GC1004001,0.000,0.000,0.000,0.000,0.000,0.000,0.386,0.000,0.000,8.885,9.026,1.653,39.529,25.326,1.206,0.000,0.000,10.426,0.000,0.942,0.000,2.620,0.000
Colorectal-GC1004002,0.000,0.000,0.000,0.026,0.000,0.000,0.686,0.000,0.000,19.993,2.489,1.420,30.419,30.375,3.694,0.000,0.637,0.000,10.261,0.000,0.000,0.000,0.000
Colorectal-GC1004003,0.282,0.000,0.000,0.000,0.162,2.740,0.000,0.000,0.000,13.866,11.847,0.370,18.817,28.922,13.865,0.000,6.443,0.000,0.000,2.684,0.000,0.000,0.000
Colorectal-GC137538,0.000,0.279,0.000,0.000,0.000,0.000,2.537,0.725,0.000,3.741,13.415,2.718,17.294,30.096,3.458,0.000,2.722,0.000,0.000,22.495,0.000,0.519,0.000
Colorectal-GC137539,0.107,0.000,0.000,0.000,0.000,0.610,0.266,0.000,0.000,3.652,12.178,0.594,28.916,11.895,0.770,0.749,9.560,0.734,5.335,0.000,24.632,0.000,0.000
Colorectal-GC137540,0.000,0.000,0.000,0.000,0.000,0.000,0.099,0.000,0.000,21.678,6.747,1.418,26.355,30.298,0.706,0.000,6.147,1.483,2.346,2.721,0.000,0.000,0.000
Colorectal-GC137541,0.000,0.000,0.000,0.000,0.000,0.000,0.000,0.000,0.000,10.847,11.055,1.249,30.609,22.050,3.746,0.000,4.970,8.396,2.149,2.454,0.000,0.000,2.473
Colorectal-GC137542,0.000,0.000,0.000,0.000,0.000,0.000,0.103,0.000,0.000,12.872,4.693,2.062,28.961,26.124,0.000,0.000,11.784,11.429,0.000,1.969,0.000,0.000,0.000
Colorectal-GC137543,0.000,0.000,0.000,0.070,0.000,6.273,1.141,0.000,0.000,12.817,6.487,1.047,22.760,32.545,5.434,0.000,0.502,5.653,0.000,2.140,1.697,0.000,1.435
Colorectal-GC137544,0.000,0.000,0.000,0.000,0.000,0.000,1.580,0.000,0.000,15.259,7.248,2.168,31.528,21.376,2.482,0.000,4.288,10.261,2.882,0.928,0.000,0.000,0.000
Colorectal-GC137545,0.000,0.000,0.000,0.000,0.000,0.000,0.113,0.000,0.000,17.155,6.425,0.843,17.178,35.537,0.272,0.000,2.816,7.693,0.000,2.796,9.171,0.000,0.000
Colorectal-GC137546,0.000,0.000,0.000,0.000,0.000,0.000,0.532,0.000,0.000,8.664,6.859,2.465,36.220,19.688,3.082,0.000,4.362,17.637,0.000,0.491,0.000,0.000,0.000
Colorectal-GC137547,0.000,0.000,0.000,0.000,0.000,0.000,0.253,0.000,0.000,8.050,16.902,1.556,22.651,26.800,2.577,0.087,1.350,1.143,0.000,0.000,2.290,12.194,4.146
Colorectal-GC137548,0.000,0.000,0.000,0.000,0.000,0.000,0.312,0.000,0.000,2.579,2.679,4.513,56.995,20.736,0.000,1.560,3.092,0.000,4.080,0.000,1.740,0.000,1.713
Colorectal-GC137549,0.000,0.000,0.000,0.000,0.000,20.097,2.463,0.000,0.000,8.649,5.932,2.300,26.242,16.296,3.515,0.000,8.543,2.815,0.000,0.000,0.000,0.000,3.149
Colorectal-GC137550,0.115,0.000,0.000,0.000,0.000,0.000,5.929,0.000,0.000,4.397,5.644,6.618,32.910,23.802,1.608,0.928,1.295,13.069,1.570,0.000,0.000,2.114,0.000
Colorectal-GC137551,0.000,0.000,0.000,0.000,0.000,0.000,1.899,0.000,0.000,3.675,17.552,1.330,45.533,22.107,0.000,0.535,0.000,4.792,0.000,2.574,0.000,0.000,0.000
Colorectal-GC137552,0.000,0.000,0.000,0.000,0.155,0.000,0.614,0.000,0.000,12.753,9.030,1.975,30.079,30.473,0.000,0.000,0.000,5.205,0.000,9.714,0.000,0.000,0.000
Colorectal-GC137553,0.000,0.000,0.000,0.734,0.000,0.000,25.340,0.000,0.000,10.178,10.020,3.205,12.444,22.110,7.959,0.378,0.000,2.746,3.174,0.000,0.000,0.000,1.712
Colorectal-GC137554,0.166,0.000,0.000,0.157,0.000,2.749,0.403,0.000,0.000,9.508,9.812,0.499,19.520,26.241,5.085,0.000,5.478,0.337,18.057,0.000,1.988,0.000,0.000
Colorectal-GC137555,0.000,0.000,0.000,0.000,0.000,0.000,0.847,0.000,0.000,12.227,11.378,2.644,31.381,24.296,0.274,0.000,4.959,11.992,0.000,0.000,0.000,0.000,0.000
Colorectal-GC137556,0.000,0.000,0.000,0.000,0.000,0.000,0.406,0.000,0.000,10.220,8.130,3.023,34.232,28.699,3.351,0.000,7.717,0.462,2.475,1.283,0.000,0.000,0.000
Colorectal-GC137557,0.000,0.000,0.000,0.000,0.000,0.000,0.000,0.000,0.000,2.563,6.571,0.443,53.759,20.570,2.294,0.000,3.738,0.000,0.000,0.941,4.143,4.978,0.000
Cervical-GC1002983,0.000,0.220,0.000,0.000,0.170,0.765,0.012,0.000,0.000,3.591,11.130,0.000,42.820,19.195,6.517,0.374,4.140,0.000,4.004,0.000,1.334,1.467,4.262
Cervical-GC1002984,0.000,0.000,0.000,0.000,0.345,0.000,0.217,0.000,0.000,9.369,24.745,0.918,22.463,24.096,3.823,0.000,4.213,1.549,0.000,2.469,0.000,0.000,5.793
Cervical-GC114187,0.000,0.000,0.000,0.000,1.103,0.000,2.208,0.000,0.000,10.128,13.956,3.730,21.964,26.627,4.663,0.000,4.518,5.590,0.327,5.185,0.000,0.000,0.000
Cervical-GC114188,0.000,0.000,0.000,0.000,1.966,0.000,0.397,0.000,0.000,7.641,12.647,1.253,25.371,20.234,3.686,0.000,4.963,2.443,0.000,19.364,0.035,0.000,0.000
Control-GC1003986,0.000,0.000,0.000,0.000,0.000,0.000,1.303,0.000,0.000,0.878,5.404,0.427,53.829,19.864,0.343,7.454,6.442,1.124,0.551,0.308,0.000,0.000,2.072
Control-GC1003988,0.000,0.000,0.000,0.000,0.000,0.000,0.684,0.000,0.000,13.743,8.715,1.605,36.600,26.057,0.000,0.000,5.125,7.147,0.000,0.000,0.323,0.000,0.000
Control-GC110675,0.000,0.000,0.000,0.000,0.000,0.000,0.648,0.000,0.000,3.822,5.839,0.505,65.026,13.346,0.000,0.000,3.318,5.377,2.117,0.000,0.000,0.000,0.000
Control-GC112864,0.000,0.000,0.000,0.000,0.000,0.000,0.786,0.000,0.000,5.047,7.958,1.153,37.184,13.905,0.000,0.000,0.850,0.245,0.000,32.766,0.106,0.000,0.000
Control-GC112894,2.093,0.000,0.000,0.040,0.509,0.495,0.000,0.000,0.000,6.634,10.003,0.167,23.582,32.462,8.629,10.469,0.000,0.000,1.782,0.000,0.000,0.000,3.135
Control-GC112895,0.000,0.000,0.000,0.000,0.000,0.000,5.637,0.000,0.000,9.874,8.965,0.403,27.854,22.174,8.204,7.989,3.746,0.000,0.261,0.000,0.000,0.000,4.892
Control-GC112897,0.000,0.000,0.000,0.000,0.021,0.000,1.400,0.000,0.000,8.134,8.483,1.886,38.940,25.260,2.487,7.127,0.000,0.000,5.257,1.003,0.000,0.000,0.000
Control-GC119350,0.000,0.000,0.000,0.000,0.000,0.000,1.164,0.000,0.000,10.996,13.334,2.301,30.121,29.420,0.000,0.000,5.267,3.497,3.900,0.000,0.000,0.000,0.000
Control-GC119351,0.000,0.000,0.000,0.000,0.000,0.000,1.559,0.000,0.000,8.835,6.858,1.730,47.866,23.973,0.201,0.000,6.932,0.456,0.000,1.584,0.000,0.000,0.005
Control-GC119352,0.000,0.000,0.000,0.000,0.000,0.000,0.204,0.000,0.000,12.772,8.222,1.246,28.933,26.477,0.000,2.717,11.139,2.484,2.488,1.206,0.000,2.112,0.000
Control-GC119353,0.181,0.000,0.000,0.000,0.000,0.000,0.016,0.000,0.000,9.852,12.498,2.303,19.271,28.897,9.415,0.000,9.558,0.109,0.000,0.888,0.000,0.000,7.009
Control-GC119354,0.000,0.000,0.000,0.000,0.000,0.000,1.656,0.000,0.000,12.566,15.715,2.100,20.738,27.767,0.000,0.000,14.974,1.133,0.000,0.000,0.300,1.160,1.890
Control-GC119356,0.000,0.000,0.000,0.000,0.000,0.000,0.654,0.000,0.000,5.816,8.900,1.341,47.054,24.351,1.318,0.000,1.070,2.011,0.721,1.651,0.000,0.000,5.111
Control-GRP-GC114128,0.070,0.000,0.000,0.000,0.056,0.000,0.697,0.000,0.000,16.491,10.538,1.473,23.120,34.287,0.000,0.000,4.682,2.138,0.000,6.448,0.000,0.000,0.000
Control-GRP-GC114130,0.000,0.000,0.000,0.000,0.000,0.000,0.265,0.000,0.000,15.374,8.802,2.067,25.190,25.972,9.943,0.000,3.222,1.973,0.000,5.169,2.023,0.000,0.000
Control-GRP-GC114131,0.000,0.000,0.000,0.000,0.000,0.000,0.454,0.000,0.000,11.735,7.247,2.022,34.086,34.173,0.549,0.000,3.093,3.528,0.000,0.000,3.111,0.000,0.000
Control-GRP-GC114132,0.572,0.000,0.000,0.034,0.000,0.000,0.402,0.000,0.000,8.045,13.363,3.734,24.377,17.591,13.119,11.756,3.033,3.975,0.000,0.000,0.000,0.000,0.000
Control-GRP-GC114133,0.000,0.000,0.000,0.000,0.000,0.000,2.936,0.000,0.000,11.344,17.612,1.505,22.752,26.881,0.915,0.000,4.845,6.031,0.000,0.000,0.000,0.000,5.178
Control-GRP-GC114134,0.000,0.000,0.000,0.000,0.000,0.000,0.487,0.000,0.000,15.804,10.151,2.665,25.445,24.282,2.898,0.000,8.362,0.381,0.000,9.523,0.000,0.000,0.000
Control-GRP-GC114136,0.000,0.000,0.000,0.000,0.000,0.000,0.142,0.000,0.000,5.599,5.109,1.585,41.503,20.852,0.514,0.000,1.633,8.357,0.000,0.000,0.000,14.705,0.000
Control-GRP-GC114137,0.000,0.000,0.000,0.000,0.000,0.000,0.949,0.000,0.000,13.342,7.611,2.191,38.124,18.029,5.071,0.000,9.064,2.445,1.002,0.000,0.000,0.000,2.170
Control-GRP-GC114139,0.000,0.000,0.000,0.000,0.000,0.000,0.856,0.000,0.000,12.202,9.582,2.177,32.627,34.172,6.030,0.000,2.353,0.000,0.000,0.000,0.000,0.000,0.000
Control-GRP-GC114140,0.000,0.000,0.000,0.000,0.000,0.000,0.217,0.000,0.000,1.557,9.096,0.388,53.624,20.545,0.000,0.000,0.000,10.742,3.829,0.000,0.000,0.000,0.000
Control-GRP-GC114141,0.279,0.000,0.000,0.008,0.000,1.086,0.000,0.000,0.000,5.189,6.620,0.465,34.986,17.542,0.000,0.000,13.845,13.494,1.613,0.000,4.872,0.000,0.000
Control-GRP-GC114142,0.000,0.000,0.000,0.000,0.000,0.000,0.432,0.000,0.000,7.025,10.006,0.864,41.584,24.631,1.787,0.000,9.530,4.139,0.000,0.000,0.000,0.000,0.000
Control-GRP-GC114183,0.000,0.000,0.000,0.000,0.000,0.000,0.498,0.000,0.000,7.234,7.883,2.760,42.755,17.229,2.577,0.000,7.946,5.591,5.524,0.000,0.000,0.000,0.000
Control-GRP-GC114185,0.000,0.000,0.000,0.000,0.000,0.000,0.119,0.000,0.000,3.329,12.359,1.142,46.819,21.051,0.000,0.000,0.681,11.398,0.000,3.101,0.000,0.000,0.000
Control-GRP-GC114186,0.000,0.000,0.000,0.000,0.000,0.000,0.410,0.000,0.000,9.975,6.902,1.543,39.461,23.353,0.000,0.000,0.464,14.243,0.000,3.647,0.000,0.000,0.000
Control-GRP-GC118464,0.214,0.000,0.000,0.000,0.000,0.000,0.000,0.000,0.000,6.727,7.858,1.264,32.341,24.125,10.445,7.620,8.583,0.823,0.000,0.000,0.000,0.000,0.000
Control-GRP-GC118466,0.000,0.000,0.000,0.000,0.000,0.000,0.548,0.000,0.000,10.307,12.117,2.131,26.853,23.153,2.489,0.000,8.059,7.110,7.231,0.000,0.000,0.000,0.000
Control-GRP-GC118474,0.000,0.000,0.000,0.000,0.000,0.000,0.522,0.000,0.000,11.136,12.551,2.627,31.537,20.480,4.236,0.000,8.510,8.019,0.382,0.000,0.000,0.000,0.000
Control-GRP-GC118476,0.000,0.000,0.000,0.000,0.000,0.000,0.000,0.000,0.000,15.581,10.760,2.079,21.312,27.635,9.701,0.000,7.352,2.283,0.000,0.000,0.000,3.297,0.000
Control-GRP-GC118478,0.000,0.000,0.000,0.000,0.000,0.000,2.619,0.000,0.000,8.463,16.891,2.532,26.832,22.528,0.000,0.000,2.104,2.463,1.783,13.785,0.000,0.000,0.000
Control-GRP-GC118484,0.000,0.000,0.000,0.000,0.000,0.000,0.801,0.000,0.000,6.540,6.804,2.025,46.588,14.707,0.201,3.800,5.366,5.918,0.000,4.792,0.000,2.386,0.071
Control-GRP-GC118485,0.000,0.000,0.000,0.000,0.000,0.000,1.316,0.000,0.000,10.856,11.251,2.292,36.542,22.990,4.183,2.203,5.875,1.836,0.655,0.000,0.000,0.000,0.000
Control-GRP-GC118486,0.000,0.000,0.000,0.000,0.000,0.000,0.226,0.000,0.000,3.487,5.411,0.550,60.427,13.940,0.000,0.000,2.944,8.271,0.000,4.744,0.000,0.000,0.000
Control-GRP-GC118489,0.000,0.000,0.000,0.000,0.000,0.000,1.277,0.000,0.000,1.399,13.197,2.120,44.835,17.976,1.470,0.000,6.127,7.848,3.102,0.647,0.000,0.000,0.000
Control-GRP-GC118490,0.000,0.000,0.000,0.000,0.000,0.000,1.011,0.000,0.000,4.264,13.224,1.670,35.224,23.920,8.850,0.000,5.906,3.929,1.086,0.916,0.000,0.000,0.000
Control-GRP-GC118491,0.000,0.000,0.000,0.000,0.000,0.000,0.501,0.000,0.000,15.419,10.301,1.899,23.171,27.477,3.306,0.000,12.770,4.154,0.000,1.001,0.000,0.000,0.000
Control-GRP-GC118494,0.000,0.000,0.000,0.000,0.000,0.000,0.961,0.000,0.000,5.274,18.555,1.229,32.760,24.062,4.209,0.000,1.593,1.361,0.000,0.000,0.473,0.000,9.521
Control-GRP-GC118496,0.000,0.000,0.000,0.000,0.000,0.000,0.000,0.000,0.000,3.528,2.037,0.173,67.090,14.246,0.000,0.000,4.863,8.061,0.000,0.000,0.000,0.000,0.000
Control-GRP-GC118497,0.000,0.000,0.000,0.000,0.000,0.000,0.830,0.000,0.000,9.696,7.721,2.338,40.465,26.718,1.364,0.000,2.400,1.929,0.760,5.529,0.000,0.251,0.000
Control-GRP-GC118499,0.000,0.000,0.000,0.000,0.000,0.000,0.208,0.000,0.000,6.076,6.208,1.158,47.314,16.234,4.422,0.000,10.529,4.682,3.167,0.000,0.000,0.000,0.000
Control-GRP-GC119340,0.000,0.000,0.000,0.000,0.000,0.000,1.193,0.000,0.000,14.095,13.960,3.034,25.766,20.571,1.848,0.000,7.034,8.187,0.797,3.513,0.000,0.000,0.000
Control-GRP-GC119343,0.000,0.000,0.000,0.000,0.000,0.000,0.217,0.000,0.000,25.836,7.531,2.925,16.884,30.193,3.111,0.000,6.278,5.279,0.000,1.745,0.000,0.000,0.000
Control-GRP-GC119367,0.000,0.000,0.000,0.000,0.000,0.000,0.000,0.000,0.000,8.176,16.786,2.654,22.521,27.578,0.000,1.387,1.658,4.090,4.951,7.089,0.000,0.000,3.109
Control-GRP-GC119369,0.000,0.000,0.000,0.000,0.000,0.000,0.569,0.000,0.000,6.087,10.708,1.597,45.380,18.865,2.568,0.000,0.000,13.692,0.000,0.510,0.000,0.022,0.000
Control-GRP-GC119370,0.000,0.000,0.000,0.000,0.000,0.000,1.592,0.000,0.000,5.498,16.379,2.264,31.635,19.890,0.000,0.000,6.216,5.493,0.000,0.043,0.000,7.937,3.052
Control-GRP-GC119374,0.000,0.000,0.000,0.000,0.000,0.000,0.668,0.000,0.000,5.312,19.650,3.550,32.895,20.062,1.642,0.000,8.766,6.461,0.000,0.991,0.000,0.000,0.000
Control-GRP-GC119375,0.000,0.000,0.000,0.000,0.047,0.520,0.000,0.000,0.000,8.552,11.265,1.081,26.018,25.633,6.028,11.968,6.660,2.226,0.000,0.000,0.000,0.000,0.000
Control-GRP-GC119377,0.000,0.000,0.000,0.000,0.000,0.000,1.242,0.000,0.000,9.531,10.810,1.298,26.850,26.990,11.039,0.000,5.833,5.447,0.000,0.000,0.959,0.000,0.000
Control-GRP-GC119383,0.000,0.000,0.000,0.000,0.000,0.000,0.459,0.000,0.000,11.543,12.604,1.270,24.348,25.436,1.261,0.000,6.045,11.309,5.725,0.000,0.000,0.000,0.000
Control-GRP-GC119384,0.000,0.000,0.000,0.000,0.000,0.000,0.898,0.000,0.000,9.631,12.842,1.701,31.389,25.081,3.944,1.495,4.538,3.945,0.000,4.535,0.000,0.000,0.000
Control-GRP-GC119386,0.189,0.000,0.000,1.586,0.000,0.000,0.795,0.000,0.000,6.127,13.366,1.978,34.899,21.016,7.504,0.995,3.239,8.306,0.000,0.000,0.000,0.000,0.000
Control-GRP-GC119388,0.000,0.000,0.000,0.000,0.000,0.000,0.641,0.000,0.000,8.164,18.877,3.443,29.133,29.050,0.205,0.000,0.838,7.143,2.504,0.000,0.000,0.000,0.000
Control-GRP-GC119389,0.000,0.000,0.000,0.000,0.000,0.000,0.483,0.000,0.000,13.211,6.407,4.037,31.026,26.529,5.481,0.000,3.708,8.669,0.000,0.197,0.000,0.000,0.251
Control-GRP-GC119390,0.000,0.000,0.000,0.000,0.000,0.000,0.493,0.000,0.000,8.880,12.142,2.013,26.604,32.340,6.372,0.000,3.098,5.471,0.000,2.587,0.000,0.000,0.000
Control-GRP-GC119391,0.000,0.000,0.000,0.000,0.000,0.000,0.562,0.000,0.000,15.589,6.192,7.634,23.888,27.905,3.480,0.000,4.057,5.950,0.000,3.009,0.000,0.000,1.732
Control-GRP-GC119394,0.000,0.000,0.000,0.000,0.000,0.000,0.554,0.000,0.000,12.130,9.294,2.006,29.314,28.674,2.956,0.000,3.133,5.998,0.901,5.038,0.000,0.000,0.000
Control-GRP-GC119395,0.000,0.000,0.000,0.000,0.000,0.000,0.067,0.000,0.000,10.762,10.654,1.752,23.864,27.574,6.214,0.000,8.697,8.253,0.000,2.082,0.000,0.000,0.079
Control-GRP-GC119397,0.000,0.000,0.000,0.000,0.000,0.000,0.450,0.000,0.000,6.503,11.135,1.419,35.906,23.359,1.234,0.000,8.500,7.202,1.504,0.672,2.115,0.000,0.000
Control-GRP-GC119398,0.000,0.000,0.000,0.000,0.000,0.000,0.318,0.000,0.000,5.445,8.264,1.663,49.996,18.836,3.247,0.000,1.804,4.032,0.515,5.880,0.000,0.000,0.000
Control-GRP-GC119399,0.000,0.000,0.000,0.000,0.000,0.000,0.602,0.000,0.000,9.795,10.370,2.003,32.680,28.032,6.572,0.000,6.288,2.211,0.000,1.446,0.000,0.000,0.000
Control-GRP-GC119400,0.598,0.000,0.000,0.000,0.000,0.000,0.040,0.000,0.000,6.009,5.344,0.572,41.549,22.503,9.971,7.447,4.032,1.929,0.000,0.000,0.000,0.006,0.000
Control-GRP-GC119401,0.000,0.000,0.000,0.000,0.000,0.000,0.278,0.000,0.000,16.113,8.397,2.329,29.072,25.419,6.259,0.000,5.431,3.191,1.541,1.969,0.000,0.000,0.000
Control-GRP-GC119402,0.000,0.000,0.000,0.000,0.000,0.000,1.800,0.000,0.000,10.247,7.704,2.069,34.764,25.436,2.586,0.000,8.814,5.561,0.000,0.000,0.000,1.018,0.000
Control-GRP-GC119403,0.000,0.000,0.000,0.000,0.000,0.000,0.744,0.000,0.000,5.746,7.786,1.824,44.107,24.195,3.478,0.000,5.892,4.350,0.000,1.878,0.000,0.000,0.000
Control-GRP-GC119405,0.000,0.000,0.000,0.000,0.000,0.000,0.594,0.000,0.000,5.962,12.726,2.247,38.767,27.286,6.700,0.872,0.000,3.033,0.000,1.812,0.000,0.000,0.000
Control-GRP-GC119410,0.000,0.000,0.000,0.000,0.000,0.000,0.443,0.000,0.000,12.708,6.656,2.756,32.655,23.325,4.966,0.000,5.395,2.145,0.681,7.142,0.713,0.415,0.000
Control-GRP-GC119411,0.000,0.000,0.000,0.000,0.000,0.000,0.439,0.000,0.000,7.019,10.775,1.866,35.931,25.594,5.371,0.000,4.874,0.000,0.000,2.848,0.000,5.281,0.000
Control-GRP-GC119415,0.000,0.000,0.000,0.000,0.000,0.000,0.264,0.000,0.000,10.990,12.216,3.350,33.507,26.565,0.484,0.000,7.674,0.620,0.000,4.151,0.000,0.000,0.178
Control-GRP-GC119416,0.478,0.000,0.000,0.000,0.000,0.000,0.165,0.000,0.000,8.402,5.783,2.278,30.264,24.851,11.781,11.350,3.965,0.325,0.356,0.000,0.000,0.000,0.000
Control-GRP-GC119417,0.000,0.000,0.000,0.000,0.000,0.000,0.596,0.000,0.000,5.401,10.223,2.155,39.258,23.968,0.596,0.000,12.057,5.747,0.000,0.000,0.000,0.000,0.000
Control-GRP-GC119419,0.000,0.000,0.000,0.000,0.000,0.000,1.641,0.000,0.000,2.341,8.272,2.679,48.728,20.287,1.330,0.000,3.682,0.000,5.789,5.250,0.000,0.000,0.000
Control-GRP-GC119420,0.000,0.000,0.000,0.000,0.000,0.000,0.234,0.000,0.000,4.533,4.554,0.623,54.360,18.188,2.755,0.000,3.032,1.932,0.000,1.039,8.749,0.000,0.000
Control-GRP-GC119421,0.000,0.000,0.000,0.000,0.011,0.000,1.338,0.000,0.000,7.243,9.125,1.034,36.338,29.471,11.623,0.000,1.877,0.000,0.000,0.765,1.173,0.000,0.000
Control-GRP-GC119422,0.000,0.000,0.000,0.000,0.000,0.000,0.552,0.000,0.000,12.584,10.195,4.003,25.921,29.572,4.231,0.000,5.641,0.000,5.618,1.682,0.000,0.000,0.000
Control-GRP-GC119426,0.000,0.000,0.000,0.000,0.000,0.000,0.828,0.000,0.000,4.339,11.964,2.190,34.826,24.760,3.680,8.072,0.481,4.080,0.000,2.841,0.000,0.000,1.938
Control-GRP-GC119430,0.000,0.000,0.000,0.000,0.000,0.000,0.957,0.000,0.000,15.944,7.227,3.023,18.468,38.471,7.189,0.000,1.273,5.670,0.000,1.776,0.000,0.000,0.000
Control-GRP-GC121331,0.000,0.000,0.000,0.000,0.000,0.000,0.645,0.000,0.000,10.611,11.290,1.906,28.380,22.801,7.644,0.000,5.935,10.392,0.395,0.000,0.000,0.000,0.000
Control-GRP-GC121332,0.000,0.000,0.000,0.000,0.000,0.000,0.634,0.000,0.000,4.293,2.713,0.373,52.858,19.088,10.389,0.000,6.302,2.864,0.000,0.485,0.000,0.000,0.000
Control-GRP-GC121336,0.000,0.000,0.000,0.000,0.000,0.000,0.393,0.000,0.000,19.761,8.078,2.582,20.878,37.046,3.372,0.000,0.000,0.000,0.000,5.614,0.209,0.000,2.067
Control-GRP-GC121337,0.000,0.000,0.000,0.000,0.000,0.000,0.453,0.000,0.000,15.755,10.130,2.039,22.228,27.991,0.000,0.000,11.341,10.062,0.000,0.000,0.000,0.000,0.000
Control-GRP-GC121338,0.000,0.000,0.000,0.000,0.000,0.000,0.848,0.000,0.000,10.539,4.982,1.683,36.653,27.380,6.953,0.000,0.416,10.544,0.000,0.000,0.000,0.000,0.000
Control-GRP-GC121339,0.000,0.000,0.000,0.000,0.000,0.000,0.493,0.000,0.000,7.482,6.488,1.056,45.303,23.343,0.871,0.000,10.186,1.530,3.083,0.000,0.000,0.165,0.000
Control-GRP-GC121340,0.000,0.000,0.000,0.000,0.000,0.000,0.367,0.000,0.000,7.784,5.059,1.332,43.550,25.921,4.458,0.000,0.836,5.931,0.017,4.744,0.000,0.000,0.000
Control-GRP-GC121341,0.000,0.000,0.000,0.052,0.000,0.000,0.450,0.000,0.000,6.412,15.333,1.110,33.587,28.570,1.706,0.000,4.709,1.764,0.000,2.910,0.000,3.397,0.000
Control-GRP-GC121342,0.587,0.000,0.000,0.000,0.000,1.058,0.000,0.000,0.000,10.155,6.244,0.029,38.430,16.314,4.885,12.412,8.367,1.422,0.096,0.000,0.000,0.000,0.000
Control-GRP-GC121343,0.013,0.000,0.000,0.000,0.000,0.000,0.103,0.000,0.000,14.878,5.361,1.867,26.857,23.304,3.307,0.000,18.892,5.416,0.000,0.000,0.000,0.000,0.000
Control-GRP-GC121346,0.000,0.000,0.000,0.000,0.000,0.000,0.626,0.000,0.000,5.181,13.915,1.893,48.542,15.978,0.000,0.000,7.568,4.992,0.000,1.304,0.000,0.000,0.000
Control-GRP-GC121347,0.205,0.000,0.000,0.000,0.000,0.832,0.158,0.000,0.000,8.503,5.240,0.110,31.403,24.737,6.125,2.074,3.304,3.432,0.780,0.000,0.000,0.000,13.094
Control-GRP-GC121348,0.000,0.000,0.000,0.000,0.000,0.000,0.103,0.000,0.000,1.841,3.129,0.428,56.447,15.306,1.173,0.000,1.601,0.000,0.000,3.780,16.191,0.000,0.000
Control-GRP-GC121349,0.000,0.000,0.000,0.000,0.000,0.000,0.502,0.000,0.000,10.443,5.324,1.489,48.946,19.342,3.230,0.000,0.526,8.281,1.540,0.000,0.234,0.000,0.143
