Sample,BRCA,CEAD,CESC,COAD,OV,READ,bcell,cd4tcell,cd8tcell,erythroblast,monocyte,naturalkillercell,neutrophil,Unknown-1
Breast-GC1002975,0.000,0.000,0.000,0.000,0.000,0.000,0.445,0.000,0.000,9.417,11.806,1.826,37.542,38.963
Breast-GC1002976,2.545,0.000,0.000,2.137,0.336,0.166,2.184,0.000,0.000,8.564,3.594,1.090,35.269,44.114
Breast-GC1002977,0.000,0.000,0.000,0.000,0.000,0.000,8.922,0.000,0.000,1.516,10.530,13.876,51.688,13.467
Breast-GC1002978,1.180,0.000,0.000,0.000,1.220,0.000,0.378,0.000,0.000,8.490,18.291,1.920,28.848,39.672
Breast-GC1002979,6.313,0.100,0.000,0.000,0.118,0.018,0.857,0.000,0.000,6.439,10.881,1.564,46.713,26.996
Breast-GC1002980,0.000,0.000,0.000,0.000,0.327,0.000,0.752,0.000,0.000,12.882,10.320,1.990,33.579,40.150
Breast-GC1002981,0.000,0.000,0.000,0.000,0.000,0.000,0.532,0.000,0.000,10.299,13.955,1.248,39.645,34.320
Breast-GC1003967,0.000,0.000,0.000,0.000,0.103,0.000,0.283,0.000,0.000,12.732,13.660,1.547,28.891,42.783
Breast-GC1003968,0.735,0.000,0.000,0.000,0.317,0.074,0.354,0.000,0.000,12.773,5.969,1.471,32.408,45.899
Breast-GC1003970,0.254,0.000,0.000,0.000,0.172,0.000,0.924,0.000,0.000,4.568,31.066,1.414,30.597,31.005
Breast-GC1003971,0.000,0.000,0.000,0.000,0.000,0.000,0.404,0.000,0.000,13.075,17.672,5.086,18.811,44.951
Breast-GC1003972,0.447,0.000,0.000,0.000,0.182,0.000,0.069,0.000,0.000,11.908,16.388,1.673,22.627,46.705
Breast-GC1003974,0.000,0.204,0.000,0.000,0.000,0.338,0.504,0.000,0.000,5.695,13.021,1.405,51.287,27.546
Breast-GC1002311,0.000,0.000,0.000,0.000,0.034,0.000,0.296,0.000,0.000,13.842,15.142,1.489,30.890,38.306
Breast-GC1004006,0.000,0.000,0.000,0.000,0.000,0.000,0.872,0.000,0.000,10.752,12.758,1.853,33.149,40.615
Breast-GC1004007,0.000,0.000,0.000,0.000,0.005,0.000,0.253,0.000,0.000,14.598,9.714,1.665,23.000,50.763
Breast-GC1004008,0.000,0.000,0.000,0.000,0.133,0.000,0.839,0.000,0.000,10.228,7.426,0.883,49.121,31.369
Breast-GC1004009,0.720,0.000,0.000,0.913,0.673,0.000,0.000,0.000,0.000,3.454,6.372,0.000,49.240,38.628
Breast-GC110693,0.000,0.000,0.000,0.000,0.418,0.000,0.908,0.000,0.000,5.268,12.543,0.864,48.962,31.036
Breast-GC110694,0.000,0.000,0.000,0.000,0.000,0.000,0.541,0.000,0.000,10.310,11.973,2.158,35.968,39.051
Breast-GC110695,0.000,0.000,0.000,0.000,0.396,0.000,1.415,0.000,0.000,12.905,12.553,3.375,24.961,44.395
Breast-GC110696,0.000,0.000,0.000,0.000,0.000,0.000,3.234,0.000,0.000,12.837,11.982,2.970,30.975,38.002
Breast-GC116960,0.000,0.000,0.000,0.000,0.313,0.000,3.086,0.000,0.000,9.146,19.351,3.369,29.482,35.253
Breast-GC116963,0.000,0.000,0.000,0.000,0.102,0.000,0.152,0.000,0.000,4.623,3.859,0.585,65.694,24.985
Breast-GC116964,0.000,0.000,0.000,0.000,0.167,0.000,2.030,0.000,0.000,13.287,23.144,4.199,22.670,34.502
Breast-GC116965,0.000,0.000,0.000,0.000,0.000,0.000,0.032,0.000,0.000,17.392,9.330,2.571,18.035,52.638
Breast-GC116966,0.000,0.000,0.000,0.000,0.000,0.000,0.663,0.000,0.000,15.695,12.611,2.860,22.497,45.672
Breast-GC116967,0.000,0.000,0.000,0.000,0.715,0.000,1.094,0.000,0.000,9.974,17.955,3.587,27.074,39.599
Breast-GC116968,0.000,0.000,0.000,0.000,0.000,0.000,0.155,0.000,0.000,8.586,5.221,0.748,49.729,35.560
Breast-GC116969,0.000,0.000,0.000,0.000,0.000,0.000,0.834,0.000,0.000,7.391,7.681,1.324,56.524,26.245
Breast-GC116970,0.000,0.000,0.000,0.000,0.522,0.000,0.858,0.000,0.000,9.608,9.897,1.120,41.345,36.650
Breast-GC116971,0.000,0.000,0.000,0.000,0.000,0.000,2.525,0.000,0.000,13.350,9.863,2.860,28.044,43.357
Breast-GC110676,0.000,0.000,0.000,0.000,0.022,0.000,1.652,0.000,0.000,10.718,10.272,2.175,35.867,39.293
Breast-GC110678,0.193,0.383,0.000,0.000,0.197,1.201,1.034,0.000,0.000,10.993,21.724,2.978,26.835,34.461
Breast-GC110679,17.862,0.054,0.000,0.000,0.009,0.499,0.646,0.000,0.000,8.938,9.394,1.133,26.624,34.840
Breast-GC110680,0.000,0.000,0.000,0.000,0.175,0.000,0.366,0.000,0.000,12.452,10.210,0.324,40.578,35.895
Breast-GC110681,9.150,0.000,0.359,9.465,4.034,0.000,0.000,0.000,0.000,9.406,0.206,0.000,26.510,40.869
Breast-GC110682,0.000,0.000,0.000,0.000,0.486,0.000,2.506,0.000,0.000,8.259,13.717,2.340,35.058,37.634
Breast-GC110683,0.000,0.000,0.000,0.000,0.000,0.000,1.716,0.000,0.000,11.509,11.976,2.867,29.796,42.135
Breast-GC110684,0.000,0.000,0.000,0.000,0.593,0.000,2.267,0.000,0.000,8.284,15.379,1.895,40.964,30.617
Breast-GC110685,0.602,0.000,0.000,0.968,0.300,0.000,2.989,0.000,0.000,9.538,15.866,6.727,19.202,43.807
Ovarian-GC110686,0.000,0.000,0.000,0.000,0.232,0.000,0.799,0.000,0.000,25.304,5.504,2.524,22.858,42.777
Ovarian-GC114179,0.000,0.000,0.000,0.000,1.156,0.000,0.305,0.000,0.000,16.096,11.904,1.975,25.669,42.893
Ovarian-GC114180,0.000,0.000,0.000,0.000,0.000,0.000,1.794,0.000,0.000,16.414,13.435,4.224,22.873,41.259
Ovarian-GC114181,5.772,0.845,0.245,1.324,1.258,0.136,0.384,0.000,0.000,19.320,5.974,1.063,23.054,40.625
Ovarian-GC114182,5.796,0.000,0.881,8.213,23.531,0.000,0.000,0.000,0.000,9.898,5.424,0.000,23.258,22.999
Ovarian-GC116977,0.000,0.000,0.000,0.000,0.355,0.000,0.635,0.000,0.000,13.389,14.892,2.752,27.210,40.767
Ovarian-GC116979,2.038,0.000,0.000,0.555,9.412,0.000,1.082,0.000,0.000,9.058,9.336,1.322,32.912,34.286
Ovarian-GC116982,1.382,0.000,0.000,1.640,9.653,0.000,0.292,0.000,0.000,12.033,6.979,7.411,22.699,37.910
Ovarian-GC116990,0.309,0.000,0.000,1.009,0.422,0.259,1.071,0.000,0.000,2.845,14.217,2.205,39.182,38.481
Ovarian-GC119363,2.188,0.000,0.000,1.104,6.165,0.000,1.091,0.000,0.000,18.010,4.251,2.588,22.241,42.361
Ovarian-GC119364,0.000,0.000,0.000,0.000,0.000,0.000,1.891,0.000,0.000,5.659,16.601,2.590,34.158,39.099
Ovarian-GC119365,0.543,0.000,0.000,3.388,68.504,0.000,0.000,0.000,0.000,4.609,0.000,0.000,2.378,20.577
Ovarian-GC119366,4.399,0.000,0.000,1.467,0.805,0.246,0.647,0.000,0.000,22.023,6.486,1.335,10.020,52.572
Colorectal-GC121326,0.000,0.000,0.000,0.541,0.496,0.034,0.188,0.000,0.000,18.940,2.920,0.000,38.494,38.387
Colorectal-GC121327,1.100,3.812,0.197,0.000,0.720,8.596,0.950,0.000,0.000,14.808,11.246,2.853,16.339,39.379
Colorectal-GC121328,0.000,0.000,0.000,0.590,0.000,0.000,0.295,0.000,0.000,43.931,9.346,1.654,8.632,35.551
Colorectal-GC121329,0.000,0.000,0.014,26.817,0.576,0.068,0.158,5.600,0.307,16.902,5.437,0.000,2.284,41.837
Colorectal-GC121330,10.267,0.000,0.000,6.566,0.855,0.154,0.000,0.000,0.000,8.535,1.639,0.000,20.146,51.838
Colorectal-GC1003994,0.000,0.000,0.000,0.000,0.514,0.000,0.416,0.000,0.000,17.615,8.079,1.393,29.027,42.957
Colorectal-GC1003995,0.088,0.829,0.100,6.827,0.339,39.699,1.696,0.000,0.000,3.275,3.630,0.092,17.308,26.115
Colorectal-GC1003996,0.000,0.064,0.000,0.000,0.000,0.679,1.313,0.000,0.000,9.322,8.653,1.636,42.513,35.820
Colorectal-GC1003997,0.000,0.000,0.000,0.000,0.000,0.000,0.359,0.000,0.000,17.227,7.976,2.399,31.693,40.345
Colorectal-GC1003998,0.000,0.000,0.000,1.258,0.155,0.263,1.374,0.000,0.000,12.855,9.627,3.332,25.480,45.656
Colorectal-GC1003999,6.961,0.000,0.000,3.412,0.417,0.000,0.000,0.000,0.000,12.638,1.925,0.475,16.624,57.548
Colorectal-GC1004000,0.474,0.921,0.000,46.175,1.206,1.515,0.000,0.000,0.000,2.567,3.480,0.000,15.491,28.169
Colorectal-GC1004001,0.000,0.000,0.000,0.000,0.000,0.000,0.569,0.000,0.000,10.959,10.268,1.973,40.876,35.353
Colorectal-GC1004002,0.000,0.000,0.000,0.000,0.000,0.068,0.993,0.000,0.000,21.752,3.399,1.859,31.637,40.291
Colorectal-GC1004003,0.571,0.000,0.000,2.239,0.598,0.000,0.091,0.000,0.000,16.788,12.724,0.730,20.005,46.255
Colorectal-GC137538,0.015,0.559,0.000,0.000,0.000,0.000,2.849,2.522,0.000,6.502,15.536,3.259,19.274,49.483
Colorectal-GC137539,0.493,0.000,0.000,1.931,0.497,0.000,0.679,0.000,0.000,6.887,16.074,1.344,31.761,40.333
Colorectal-GC137540,0.000,0.000,0.000,0.000,0.000,0.000,0.199,0.000,0.000,22.667,7.998,1.901,27.307,39.928
Colorectal-GC137541,0.000,0.000,0.000,0.312,0.242,0.000,0.245,0.000,0.000,13.085,12.121,1.761,31.609,40.626
Colorectal-GC137542,0.000,0.000,0.000,0.000,0.000,0.000,0.189,0.000,0.000,15.899,6.096,2.688,30.626,44.501
Colorectal-GC137543,0.000,0.000,0.000,5.412,0.295,0.116,1.535,0.000,0.000,14.983,7.715,1.465,24.160,44.318
Colorectal-GC137544,0.000,0.000,0.000,0.000,0.155,0.000,2.013,0.000,0.000,17.299,8.360,2.637,33.192,36.344
Colorectal-GC137545,0.000,0.000,0.000,0.000,0.000,0.000,0.283,0.000,0.000,20.664,8.236,1.292,18.928,50.596
Colorectal-GC137546,0.000,0.000,0.000,0.000,0.000,0.000,0.913,0.000,0.000,11.952,8.120,3.157,37.430,38.427
Colorectal-GC137547,0.000,0.000,0.000,0.000,0.309,0.000,0.549,0.000,0.000,10.553,18.345,2.098,24.657,43.488
Colorectal-GC137548,0.000,0.000,0.000,0.000,0.000,0.000,0.473,0.000,0.000,3.595,3.360,4.364,58.147,30.060
Colorectal-GC137549,0.000,0.000,0.000,20.011,0.234,0.000,2.475,0.000,0.000,10.441,6.508,2.458,26.812,31.061
Colorectal-GC137550,0.316,0.000,0.000,0.000,0.000,0.000,5.829,0.000,0.000,6.499,6.731,6.954,34.213,39.457
Colorectal-GC137551,0.000,0.000,0.000,0.000,0.000,0.000,2.002,0.000,0.000,4.471,17.885,1.513,46.269,27.861
Colorectal-GC137552,0.000,0.000,0.000,0.000,0.469,0.000,0.889,0.000,0.000,14.756,10.282,2.465,31.651,39.488
Colorectal-GC137553,0.000,0.302,0.110,0.539,0.000,0.752,20.793,0.000,0.000,12.606,11.501,3.894,13.628,35.874
Colorectal-GC137554,0.577,0.000,0.000,2.974,0.060,0.200,0.967,0.000,0.000,13.126,11.803,1.032,21.685,47.577
Colorectal-GC137555,0.000,0.000,0.000,0.000,0.000,0.000,1.177,0.000,0.000,14.439,12.599,3.054,32.769,35.961
Colorectal-GC137556,0.000,0.000,0.000,0.000,0.000,0.000,0.696,0.000,0.000,12.257,9.100,3.276,35.248,39.422
Colorectal-GC137557,0.000,0.000,0.000,0.000,0.000,0.000,0.001,0.000,0.000,3.712,7.619,0.677,54.720,33.271
Cervical-GC1002983,0.250,0.975,0.000,1.066,0.726,0.000,0.656,0.000,0.000,5.907,12.320,0.000,43.839,34.261
Cervical-GC1002984,0.000,0.000,0.000,0.000,0.885,0.000,0.573,0.000,0.000,11.641,24.642,1.274,24.036,36.948
Cervical-GC114187,0.000,0.000,0.000,0.000,1.619,0.000,2.668,0.000,0.000,12.605,14.929,4.258,23.065,40.856
Cervical-GC114188,0.000,0.000,0.000,0.000,2.666,0.000,0.826,0.000,0.000,11.153,14.357,1.760,27.373,41.865
Control-GC1003986,0.000,0.000,0.000,0.000,0.176,0.000,1.511,0.000,0.000,2.151,6.250,0.627,55.345,33.940
Control-GC1003988,0.000,0.000,0.000,0.000,0.000,0.000,0.930,0.000,0.000,15.124,9.552,1.925,37.766,34.702
Control-GC110675,0.000,0.000,0.000,0.000,0.124,0.000,0.724,0.000,0.000,4.795,6.579,0.648,65.562,21.566
Control-GC112864,0.000,0.000,0.000,0.000,0.022,0.000,1.343,0.000,0.000,8.417,10.637,1.790,41.470,36.321
Control-GC112894,2.621,0.000,0.000,0.978,1.223,0.055,0.464,0.000,0.000,9.240,11.374,0.777,25.177,48.090
Control-GC112895,0.344,0.000,0.000,1.184,0.000,0.000,5.974,0.000,0.000,12.009,10.392,0.942,29.578,39.577
Control-GC112897,0.153,0.000,0.000,0.000,0.334,0.000,1.715,0.000,0.000,9.935,9.315,2.297,40.202,36.048
Control-GC119350,0.000,0.000,0.000,0.000,0.000,0.000,1.422,0.000,0.000,12.428,14.215,2.637,31.499,37.799
Control-GC119351,0.000,0.000,0.000,0.000,0.000,0.000,1.625,0.000,0.000,10.173,7.570,1.978,48.717,29.936
Control-GC119352,0.000,0.000,0.000,0.000,0.000,0.000,0.458,0.000,0.000,14.996,9.638,1.629,30.392,42.885
Control-GC119353,0.816,0.000,0.000,1.284,0.461,0.000,0.590,0.000,0.000,12.676,13.998,3.125,21.028,46.023
Control-GC119354,0.000,0.000,0.000,0.000,0.319,0.000,1.978,0.000,0.000,14.561,16.883,2.481,22.264,41.513
Control-GC119356,0.000,0.000,0.000,0.000,0.231,0.000,0.851,0.000,0.000,7.153,9.638,1.556,48.218,32.351
Control-GRP-GC114128,0.109,0.000,0.000,0.000,0.175,0.000,1.024,0.000,0.000,18.289,11.818,1.849,25.201,41.535
Control-GRP-GC114130,0.204,0.000,0.000,0.000,0.000,0.000,0.579,0.000,0.000,18.305,10.023,2.505,26.566,41.818
Control-GRP-GC114131,0.000,0.000,0.000,0.000,0.000,0.000,0.640,0.000,0.000,13.007,8.338,2.370,35.663,39.982
Control-GRP-GC114132,1.716,0.000,0.000,0.708,0.418,0.079,0.907,0.000,0.000,11.737,14.392,4.415,25.774,39.853
Control-GRP-GC114133,0.000,0.000,0.000,0.000,0.000,0.000,3.279,0.000,0.000,13.112,18.309,1.817,24.374,39.108
Control-GRP-GC114134,0.000,0.000,0.000,0.000,0.000,0.000,0.821,0.000,0.000,18.240,11.310,3.110,26.767,39.752
Control-GRP-GC114136,0.000,0.000,0.000,0.000,0.000,0.000,0.340,0.000,0.000,8.570,6.692,2.080,44.198,38.118
Control-GRP-GC114137,0.000,0.000,0.000,0.000,0.000,0.000,1.310,0.000,0.000,15.052,8.717,2.385,39.001,33.534
Control-GRP-GC114139,0.000,0.000,0.000,0.000,0.000,0.000,1.091,0.000,0.000,13.467,10.469,2.478,33.958,38.536
Control-GRP-GC114140,0.000,0.000,0.000,0.000,0.010,0.000,0.397,0.000,0.000,2.543,10.139,0.583,54.806,31.522
Control-GRP-GC114141,0.570,0.000,0.000,1.235,0.286,0.007,0.173,0.000,0.000,8.122,8.572,0.913,37.076,43.046
Control-GRP-GC114142,0.000,0.000,0.000,0.000,0.072,0.000,0.628,0.000,0.000,8.819,10.683,1.139,42.719,35.939
Control-GRP-GC114183,0.000,0.000,0.000,0.000,0.000,0.000,0.846,0.000,0.000,9.400,9.023,2.906,43.955,33.869
Control-GRP-GC114185,0.000,0.000,0.000,0.000,0.000,0.000,0.335,0.000,0.000,4.919,13.437,1.445,48.005,31.857
Control-GRP-GC114186,0.000,0.000,0.000,0.000,0.000,0.000,0.691,0.000,0.000,11.811,8.119,1.993,40.868,36.517
Control-GRP-GC118464,0.725,0.000,0.000,1.540,0.214,0.000,0.000,0.000,0.000,9.363,9.232,1.834,33.836,43.256
Control-GRP-GC118466,0.000,0.000,0.000,0.000,0.000,0.000,0.987,0.000,0.000,13.057,13.664,2.621,28.274,41.395
Control-GRP-GC118474,0.000,0.000,0.000,0.000,0.000,0.000,0.836,0.000,0.000,13.650,13.312,2.833,32.943,36.426
Control-GRP-GC118476,0.188,0.000,0.000,0.000,0.000,0.000,0.059,0.000,0.000,18.095,12.029,2.572,22.654,44.400
Control-GRP-GC118478,0.000,0.000,0.000,0.000,0.019,0.000,2.925,0.000,0.000,11.149,18.252,2.951,28.257,36.447
Control-GRP-GC118484,0.000,0.000,0.000,0.000,0.000,0.000,1.087,0.000,0.000,8.955,7.947,2.257,48.114,31.640
Control-GRP-GC118485,0.000,0.000,0.000,0.000,0.136,0.000,1.548,0.000,0.000,12.464,11.660,2.636,37.699,33.856
Control-GRP-GC118486,0.000,0.000,0.000,0.000,0.000,0.000,0.367,0.000,0.000,5.520,6.160,0.780,61.200,25.972
Control-GRP-GC118489,0.000,0.000,0.000,0.000,0.159,0.000,1.507,0.000,0.000,3.082,13.719,2.425,46.435,32.672
Control-GRP-GC118490,0.000,0.000,0.000,0.000,0.250,0.000,1.353,0.000,0.000,6.762,14.039,2.076,36.201,39.319
Control-GRP-GC118491,0.000,0.000,0.000,0.000,0.000,0.000,0.771,0.000,0.000,17.376,11.555,2.310,24.383,43.605
Control-GRP-GC118494,0.000,0.000,0.000,0.000,0.000,0.000,1.264,0.000,0.000,7.049,19.143,1.558,34.242,36.743
Control-GRP-GC118496,0.000,0.000,0.000,0.000,0.000,0.000,0.099,0.000,0.000,4.646,2.588,0.321,67.956,24.389
Control-GRP-GC118497,0.000,0.000,0.000,0.000,0.000,0.000,1.093,0.000,0.000,11.297,8.703,2.735,41.437,34.733
Control-GRP-GC118499,0.000,0.000,0.000,0.000,0.000,0.000,0.471,0.000,0.000,8.691,7.254,1.447,48.176,33.960
Control-GRP-GC119340,0.000,0.000,0.000,0.000,0.000,0.000,1.595,0.000,0.000,16.428,14.881,3.285,26.911,36.900
Control-GRP-GC119343,0.000,0.000,0.000,0.000,0.000,0.000,0.457,0.000,0.000,27.241,8.938,3.366,17.966,42.031
Control-GRP-GC119367,0.000,0.000,0.000,0.000,0.000,0.037,0.175,0.000,0.000,10.684,17.913,3.139,24.129,43.921
Control-GRP-GC119369,0.000,0.000,0.000,0.000,0.000,0.000,0.856,0.000,0.000,8.408,11.620,1.964,46.506,30.644
Control-GRP-GC119370,0.000,0.000,0.000,0.000,0.062,0.000,1.933,0.000,0.000,7.502,17.196,2.691,33.366,37.249
Control-GRP-GC119374,0.000,0.000,0.000,0.000,0.000,0.000,0.896,0.000,0.000,7.620,19.996,3.728,34.194,33.565
Control-GRP-GC119375,0.415,0.000,0.000,0.932,0.517,0.000,0.195,0.000,0.000,11.379,12.399,1.682,27.643,44.837
Control-GRP-GC119377,0.028,0.000,0.000,0.000,0.000,0.000,1.545,0.000,0.000,12.682,11.741,1.665,28.286,44.052
Control-GRP-GC119383,0.000,0.000,0.000,0.000,0.000,0.000,0.819,0.000,0.000,15.549,14.043,1.682,25.683,42.223
Control-GRP-GC119384,0.000,0.000,0.000,0.000,0.000,0.000,1.164,0.000,0.000,12.175,13.484,2.081,32.615,38.481
Control-GRP-GC119386,0.625,0.313,0.000,0.000,0.214,1.428,1.083,0.000,0.000,9.305,14.009,2.363,36.184,34.476
Control-GRP-GC119388,0.000,0.000,0.000,0.000,0.000,0.000,0.838,0.000,0.000,9.918,19.548,3.765,30.417,35.513
Control-GRP-GC119389,0.000,0.000,0.000,0.000,0.000,0.000,0.718,0.000,0.000,15.733,7.453,4.286,32.354,39.456
Control-GRP-GC119390,0.000,0.000,0.000,0.000,0.239,0.000,0.762,0.000,0.000,11.459,13.040,2.431,28.138,43.931
Control-GRP-GC119391,0.000,0.000,0.000,0.000,0.000,0.000,0.823,0.000,0.000,17.492,7.295,7.492,25.087,41.811
Control-GRP-GC119394,0.000,0.000,0.000,0.000,0.000,0.000,0.923,0.000,0.000,14.531,10.264,2.409,31.063,40.809
Control-GRP-GC119395,0.000,0.000,0.000,0.000,0.000,0.000,0.248,0.000,0.000,14.021,12.076,2.169,25.547,45.938
Control-GRP-GC119397,0.000,0.000,0.000,0.000,0.000,0.000,0.693,0.000,0.000,9.134,12.173,1.723,37.436,38.840
Control-GRP-GC119398,0.000,0.000,0.000,0.000,0.000,0.000,0.505,0.000,0.000,7.215,8.931,1.853,51.081,30.415
Control-GRP-GC119399,0.000,0.000,0.000,0.000,0.000,0.000,0.867,0.000,0.000,12.258,11.204,2.369,33.880,39.422
Control-GRP-GC119400,1.240,0.000,0.000,0.001,0.000,0.014,0.283,0.000,0.000,8.808,6.387,0.938,42.803,39.525
Control-GRP-GC119401,0.000,0.000,0.000,0.000,0.000,0.000,0.533,0.000,0.000,17.883,9.292,2.662,30.169,39.460
Control-GRP-GC119402,0.000,0.000,0.000,0.000,0.000,0.000,1.900,0.000,0.000,12.631,8.550,2.389,36.001,38.528
Control-GRP-GC119403,0.000,0.000,0.000,0.000,0.000,0.000,0.957,0.000,0.000,7.866,8.574,2.038,45.113,35.451
Control-GRP-GC119405,0.000,0.000,0.000,0.000,0.000,0.000,0.799,0.000,0.000,7.653,13.394,2.550,39.474,36.129
Control-GRP-GC119410,0.000,0.000,0.000,0.000,0.000,0.000,0.712,0.000,0.000,15.192,7.889,3.059,33.694,39.453
Control-GRP-GC119411,0.000,0.000,0.000,0.000,0.000,0.000,0.655,0.000,0.000,9.302,11.742,2.229,37.239,38.832
Control-GRP-GC119415,0.000,0.000,0.000,0.000,0.000,0.000,0.464,0.000,0.000,12.834,12.889,3.574,34.477,35.761
Control-GRP-GC119416,1.651,0.000,0.000,0.559,0.000,0.000,0.542,0.000,0.000,11.087,6.925,2.898,31.483,44.855
Control-GRP-GC119417,0.000,0.000,0.000,0.000,0.000,0.000,0.801,0.000,0.000,7.489,11.452,2.430,40.600,37.227
Control-GRP-GC119419,0.000,0.000,0.000,0.000,0.032,0.000,1.751,0.000,0.000,3.893,9.166,3.026,49.857,32.274
Control-GRP-GC119420,0.000,0.000,0.000,0.000,0.000,0.000,0.374,0.000,0.000,5.974,5.448,0.869,55.888,31.447
Control-GRP-GC119421,0.000,0.000,0.000,0.000,0.322,0.000,1.659,0.000,0.000,9.241,10.054,1.425,37.365,39.933
Control-GRP-GC119422,0.000,0.000,0.000,0.000,0.000,0.000,0.880,0.000,0.000,15.243,11.131,4.368,27.139,41.238
Control-GRP-GC119426,0.000,0.000,0.000,0.000,0.000,0.023,1.202,0.000,0.000,6.404,13.064,2.496,36.082,40.728
Control-GRP-GC119430,0.000,0.000,0.000,0.000,0.000,0.000,1.380,0.000,0.000,19.562,8.436,3.502,20.000,47.119
Control-GRP-GC121331,0.036,0.000,0.000,0.000,0.088,0.000,0.953,0.000,0.000,14.152,12.198,2.381,29.805,40.386
Control-GRP-GC121332,0.000,0.000,0.000,0.000,0.265,0.016,0.961,0.000,0.000,6.654,3.654,0.679,53.799,33.972
Control-GRP-GC121336,0.000,0.000,0.000,0.000,0.000,0.000,0.605,0.000,0.000,21.177,9.291,2.946,22.412,43.569
Control-GRP-GC121337,0.000,0.000,0.000,0.000,0.000,0.000,0.715,0.000,0.000,18.906,11.789,2.501,23.730,42.358
Control-GRP-GC121338,0.000,0.000,0.000,0.000,0.043,0.000,1.148,0.000,0.000,12.866,6.011,2.032,38.061,39.839
Control-GRP-GC121339,0.000,0.000,0.000,0.000,0.000,0.000,0.696,0.000,0.000,9.389,7.393,1.341,46.349,34.831
Control-GRP-GC121340,0.000,0.000,0.000,0.000,0.000,0.000,0.573,0.000,0.000,10.094,6.124,1.651,45.137,36.420
Control-GRP-GC121341,0.000,0.000,0.000,0.000,0.063,0.090,0.632,0.000,0.000,8.406,15.581,1.381,34.934,38.912
Control-GRP-GC121342,1.245,0.000,0.000,1.449,0.000,0.000,0.000,0.000,0.000,12.186,7.536,0.230,40.134,37.220
Control-GRP-GC121343,0.255,0.000,0.000,0.000,0.000,0.000,0.344,0.000,0.000,18.590,6.850,2.328,28.366,43.266
Control-GRP-GC121346,0.000,0.000,0.000,0.000,0.000,0.000,0.876,0.000,0.000,7.054,13.909,2.083,49.602,26.475
Control-GRP-GC121347,0.585,0.000,0.000,1.351,0.000,0.000,0.544,0.000,0.000,10.669,6.513,0.373,32.957,47.007
Control-GRP-GC121348,0.000,0.000,0.000,0.000,0.000,0.000,0.284,0.000,0.000,3.504,4.222,0.641,58.814,32.534
Control-GRP-GC121349,0.000,0.000,0.000,0.000,0.000,0.000,0.724,0.000,0.000,11.839,6.200,1.721,49.560,29.956
