Sample,BRCA,CEAD,CESC,COAD,OV,READ,bcell,cd4tcell,cd8tcell,erythroblast,monocyte,naturalkillercell,neutrophil
Breast-GC1002975,2.192,3.160,0.435,0.000,2.562,1.455,3.050,5.033,1.040,20.376,15.649,5.308,39.739
Breast-GC1002976,6.007,4.237,0.905,0.708,3.673,4.578,4.871,1.576,6.833,16.132,7.969,3.998,38.512
Breast-GC1002977,0.409,0.723,0.000,0.000,0.000,0.000,8.963,0.000,1.557,9.425,14.278,14.079,50.566
Breast-GC1002978,3.828,2.559,1.169,0.000,3.836,2.135,3.380,4.366,0.108,19.810,21.582,5.666,31.561
Breast-GC1002979,6.268,3.406,0.605,0.000,2.130,1.420,3.112,1.243,3.485,13.185,13.332,3.812,48.000
Breast-GC1002980,0.927,2.600,0.326,0.000,2.698,0.689,3.736,4.941,0.703,26.951,14.451,5.708,36.269
Breast-GC1002981,2.226,3.010,0.612,0.000,2.514,1.824,3.067,4.246,0.000,18.798,17.536,4.682,41.485
Breast-GC1003967,1.164,4.214,0.000,0.000,2.753,0.961,2.876,1.601,5.629,25.844,18.091,4.625,32.241
Breast-GC1003968,4.258,2.327,1.656,0.241,3.470,2.780,3.563,4.823,2.199,22.345,11.129,6.110,35.099
Breast-GC1003970,3.034,2.968,1.000,0.000,2.932,1.751,3.358,4.905,1.444,10.413,32.725,4.821,30.648
Breast-GC1003971,2.333,4.597,0.131,0.000,2.924,2.196,3.205,6.435,0.000,22.236,22.829,9.958,23.157
Breast-GC1003972,3.717,3.899,0.468,0.000,3.393,2.381,3.016,2.475,1.918,25.096,21.388,6.244,26.006
Breast-GC1003974,1.318,3.828,0.180,0.249,1.871,0.673,3.210,0.000,0.000,15.486,15.801,5.083,52.300
Breast-GC1002311,2.185,2.978,0.350,0.000,2.888,1.718,3.159,5.194,0.000,23.295,19.076,5.333,33.823
Breast-GC1004006,1.684,3.447,0.720,0.000,2.358,1.150,3.893,4.924,0.714,20.941,18.701,6.298,35.171
Breast-GC1004007,3.527,3.252,0.131,0.000,3.594,2.219,4.073,5.716,0.000,27.693,16.937,6.350,26.508
Breast-GC1004008,1.123,3.289,0.318,0.000,2.916,1.200,3.657,3.949,0.257,18.510,10.837,4.210,49.734
Breast-GC1004009,4.853,4.535,0.943,0.000,3.735,3.099,2.703,0.000,2.732,12.972,11.943,2.166,50.319
Breast-GC110693,1.036,3.712,1.216,0.000,3.305,1.163,3.216,0.343,6.142,12.543,15.543,3.290,48.491
Breast-GC110694,2.828,3.472,0.465,0.000,2.568,1.695,3.252,4.156,0.109,20.057,16.280,6.352,38.767
Breast-GC110695,2.171,3.238,0.922,0.000,3.225,1.582,4.396,6.847,0.000,25.776,17.379,7.527,26.938
Breast-GC110696,0.419,3.684,0.507,0.000,2.133,1.035,6.254,2.229,4.127,23.487,16.338,6.002,33.786
Breast-GC116960,1.863,3.345,0.937,0.000,2.612,1.507,5.595,6.438,0.000,17.412,21.856,6.572,31.862
Breast-GC116963,0.710,2.880,0.510,0.000,2.512,0.910,2.030,1.985,0.000,12.065,7.089,3.177,66.133
Breast-GC116964,1.890,3.482,0.392,0.000,2.804,1.398,4.673,4.245,0.000,22.764,25.595,7.717,25.040
Breast-GC116965,3.465,3.508,0.235,0.000,3.071,1.785,3.613,6.412,0.000,33.408,14.647,7.446,22.409
Breast-GC116966,1.632,3.167,0.184,0.000,1.671,0.650,3.980,4.565,0.000,32.261,18.259,7.539,26.092
Breast-GC116967,1.786,3.844,0.661,0.000,3.646,1.742,3.930,5.447,0.288,20.934,20.233,7.345,30.145
Breast-GC116968,1.805,2.872,0.283,0.000,1.912,1.434,2.804,3.659,0.788,19.941,9.226,3.962,51.316
Breast-GC116969,0.775,3.259,0.118,0.000,1.641,0.409,3.090,2.277,2.419,15.183,10.472,3.078,57.281
Breast-GC116970,2.667,3.377,0.567,0.000,3.053,2.062,3.887,4.849,0.587,17.985,14.189,4.216,42.563
Breast-GC116971,2.599,3.586,0.489,0.000,2.595,1.410,5.375,5.380,1.827,24.059,14.495,6.867,31.317
Breast-GC110676,2.293,2.673,0.528,0.000,2.993,0.673,4.213,3.733,1.530,23.804,14.159,5.952,37.450
Breast-GC110678,2.554,3.367,1.365,0.370,2.818,2.337,3.528,3.407,3.180,17.683,24.434,5.638,29.320
Breast-GC110679,15.177,3.002,1.534,0.223,3.040,2.423,3.508,4.615,0.691,18.239,13.351,4.748,29.451
Breast-GC110680,2.126,2.255,0.553,0.000,3.588,1.780,3.228,0.014,3.633,21.972,14.789,4.174,41.888
Breast-GC110681,13.204,0.000,4.378,0.000,8.132,11.683,2.445,0.000,0.000,18.842,5.464,4.532,31.320
Breast-GC110682,1.937,3.935,0.975,0.000,3.116,2.247,4.701,6.470,1.026,15.299,17.328,5.839,37.125
Breast-GC110683,2.668,3.850,0.651,0.000,2.799,2.729,4.723,6.669,0.000,21.048,15.971,6.659,32.232
Breast-GC110684,1.134,2.561,1.109,0.000,3.113,1.722,4.310,4.465,0.271,15.754,18.534,5.259,41.767
Breast-GC110685,3.454,2.747,1.455,0.000,3.211,2.945,5.488,9.301,2.400,17.359,19.738,9.888,22.014
Ovarian-GC110686,2.138,1.952,0.192,0.000,3.401,1.292,5.071,4.713,0.000,35.103,11.246,7.836,27.057
Ovarian-GC114179,3.042,2.743,0.850,0.000,5.290,2.866,4.303,1.792,1.120,26.091,17.052,6.858,27.993
Ovarian-GC114180,2.281,3.319,0.248,0.000,2.358,1.355,4.908,5.882,0.000,26.883,18.153,8.726,25.887
Ovarian-GC114181,7.004,3.797,2.742,0.322,4.942,4.047,3.879,2.600,1.026,26.899,11.679,5.806,25.256
Ovarian-GC114182,9.417,0.000,4.055,0.203,18.412,10.073,0.644,0.000,0.000,17.259,11.007,1.927,27.002
Ovarian-GC116977,2.199,2.933,0.369,0.000,3.367,2.095,3.804,5.233,0.000,23.837,18.689,6.892,30.583
Ovarian-GC116979,4.911,1.873,1.705,0.000,13.204,2.665,3.610,3.975,1.196,15.454,13.027,4.392,33.988
Ovarian-GC116982,4.121,1.585,1.612,0.000,10.872,3.821,3.477,5.798,2.765,18.762,11.432,9.862,25.894
Ovarian-GC116990,2.645,2.501,1.496,0.638,3.273,2.617,4.071,4.474,1.286,10.796,19.245,6.151,40.807
Ovarian-GC119363,4.749,1.553,1.294,0.000,9.698,3.383,4.740,5.699,0.530,27.354,9.037,6.763,25.201
Ovarian-GC119364,1.405,3.146,1.355,0.000,2.500,1.511,5.034,7.864,0.000,14.093,19.531,6.327,37.235
Ovarian-GC119365,5.768,0.000,3.313,2.245,47.760,8.339,3.770,0.000,1.249,16.011,4.570,0.104,6.870
Ovarian-GC119366,7.387,3.925,1.304,0.636,5.340,4.198,4.113,9.060,0.457,31.423,11.559,5.582,15.018
Colorectal-GC121326,2.773,2.410,1.265,0.138,3.965,2.927,3.189,3.756,1.339,26.336,7.822,3.045,41.034
Colorectal-GC121327,3.991,4.678,1.873,8.010,3.804,2.863,3.765,6.400,0.000,22.239,15.664,6.737,19.977
Colorectal-GC121328,2.493,2.590,0.453,0.000,2.047,2.548,3.398,1.711,0.884,50.769,14.528,6.170,12.409
Colorectal-GC121329,2.372,2.031,2.943,1.029,5.146,22.550,3.531,12.923,6.605,22.500,10.149,1.853,6.367
Colorectal-GC121330,13.108,5.169,1.477,1.661,5.220,8.341,2.701,3.893,1.375,19.043,8.396,3.090,26.526
Colorectal-GC1003994,1.717,3.239,0.415,0.000,4.198,1.758,3.863,7.540,0.000,27.155,12.327,5.970,31.819
Colorectal-GC1003995,2.873,5.036,2.472,19.044,3.570,13.663,5.289,0.402,0.653,12.487,8.110,3.832,22.569
Colorectal-GC1003996,2.184,4.304,1.021,0.264,2.124,2.256,4.234,3.224,0.652,18.262,12.098,5.200,44.177
Colorectal-GC1003997,2.293,3.560,0.259,0.000,1.229,0.826,3.401,4.370,0.000,28.834,13.254,7.222,34.752
Colorectal-GC1003998,2.650,3.236,0.878,0.969,3.368,3.542,4.776,1.303,4.000,23.748,13.803,7.927,29.800
Colorectal-GC1003999,11.095,5.384,0.405,0.000,4.858,6.369,2.533,9.488,0.000,25.512,7.433,4.844,22.079
Colorectal-GC1004000,3.214,4.847,1.310,8.024,4.170,33.094,0.174,2.992,3.847,9.939,7.230,1.755,19.403
Colorectal-GC1004001,0.591,3.687,0.288,0.000,1.792,0.612,2.892,5.041,0.990,21.635,14.660,5.341,42.470
Colorectal-GC1004002,1.530,4.788,0.670,0.000,1.493,1.419,4.202,3.382,1.476,31.899,8.510,5.706,34.925
Colorectal-GC1004003,4.747,1.455,0.892,0.000,4.355,4.443,3.831,3.260,1.199,27.899,17.353,5.941,24.625
Colorectal-GC137538,2.111,6.294,2.063,0.406,0.994,0.891,6.926,8.699,3.115,16.618,19.652,6.965,25.266
Colorectal-GC137539,4.105,3.413,0.724,0.000,3.776,3.324,3.883,4.996,1.941,14.997,19.980,5.110,33.750
Colorectal-GC137540,1.431,2.426,0.000,0.000,2.526,1.104,3.509,3.574,0.476,34.686,13.473,6.533,30.261
Colorectal-GC137541,3.186,2.466,1.213,0.000,3.908,2.875,3.752,3.875,1.809,21.024,16.161,5.876,33.855
Colorectal-GC137542,2.026,2.635,1.070,0.000,2.350,1.499,3.897,3.883,0.000,29.376,10.546,8.206,34.512
Colorectal-GC137543,1.710,3.556,1.519,0.353,3.090,6.584,4.500,1.811,4.461,26.247,12.854,5.549,27.766
Colorectal-GC137544,0.983,2.878,0.247,0.000,2.491,1.014,4.836,3.631,1.187,27.347,12.869,6.609,35.909
Colorectal-GC137545,1.786,2.584,0.557,0.000,2.585,1.162,3.469,6.531,3.703,34.068,15.353,5.117,23.085
Colorectal-GC137546,1.965,2.445,0.848,0.000,1.865,2.105,4.540,5.516,0.882,20.984,12.117,6.467,40.267
Colorectal-GC137547,2.800,3.657,0.473,0.000,3.444,1.598,3.720,4.898,2.266,22.023,22.110,5.684,27.326
Colorectal-GC137548,0.000,2.456,0.237,0.000,1.720,0.678,2.648,4.252,0.813,14.972,5.928,6.563,59.733
Colorectal-GC137549,1.196,2.838,0.459,0.243,3.259,16.767,4.854,6.089,2.098,17.169,10.179,5.040,29.810
Colorectal-GC137550,2.677,3.781,0.613,0.000,1.802,1.747,8.058,3.647,3.143,17.038,12.118,9.202,36.173
Colorectal-GC137551,0.457,3.174,0.457,0.000,2.358,0.615,4.397,0.617,1.806,14.933,20.141,3.960,47.086
Colorectal-GC137552,1.601,2.070,0.992,0.000,3.715,1.299,4.445,4.151,0.394,26.745,13.770,6.472,34.346
Colorectal-GC137553,2.525,4.465,1.603,1.513,2.453,2.595,19.281,0.000,5.539,18.982,15.936,8.129,16.978
Colorectal-GC137554,3.963,4.342,1.279,0.922,4.122,4.812,4.397,0.925,3.661,22.443,18.105,5.249,25.780
Colorectal-GC137555,0.531,2.812,0.000,0.000,2.809,0.398,3.514,5.047,3.004,25.499,15.865,5.498,35.023
Colorectal-GC137556,1.592,2.213,0.941,0.000,2.254,1.226,3.518,5.363,1.862,22.677,13.435,6.968,37.952
Colorectal-GC137557,1.777,2.255,1.017,0.000,2.512,1.625,2.699,0.402,0.000,16.595,14.392,4.452,52.274
Cervical-GC1002983,2.698,3.740,1.706,0.261,3.448,3.190,3.579,3.847,1.310,11.805,15.265,2.948,46.204
Cervical-GC1002984,1.385,3.294,0.962,0.000,3.582,1.413,3.462,5.745,0.066,21.025,27.315,4.873,26.877
Cervical-GC114187,1.779,3.323,0.754,0.000,4.663,1.607,5.657,7.619,0.540,22.381,18.479,7.589,25.609
Cervical-GC114188,2.912,3.656,1.034,0.000,6.648,1.779,3.576,7.587,1.579,18.499,17.562,5.192,29.978
Control-GC1003986,1.775,2.968,0.724,0.000,3.156,1.625,3.660,4.564,3.210,9.249,11.636,3.185,54.248
Control-GC1003988,0.470,3.127,0.000,0.000,2.096,0.498,4.162,4.937,0.000,25.532,13.072,5.535,40.571
Control-GC110675,0.000,2.723,0.210,0.000,1.563,0.045,2.602,3.127,0.540,11.881,9.043,2.579,65.686
Control-GC112864,1.104,3.058,0.570,0.000,2.907,1.042,4.473,4.280,1.922,18.863,15.400,5.180,41.199
Control-GC112894,6.212,3.361,1.676,0.000,5.035,4.368,4.016,9.682,0.163,17.562,15.089,4.882,27.956
Control-GC112895,3.253,3.525,0.917,0.000,2.637,3.385,9.035,3.637,2.857,19.427,14.421,4.352,32.556
Control-GC112897,2.681,3.026,0.888,0.000,2.692,1.758,4.433,4.913,0.220,18.567,13.164,5.849,41.808
Control-GC119350,0.357,2.075,0.115,0.000,2.274,0.408,5.135,4.040,1.343,27.051,18.190,6.152,32.860
Control-GC119351,1.140,2.035,0.330,0.000,2.328,1.025,4.039,3.309,0.000,18.717,11.295,5.497,50.285
Control-GC119352,2.404,3.229,0.180,0.000,2.578,1.846,3.914,5.238,1.565,25.845,14.160,5.280,33.760
Control-GC119353,4.641,2.686,1.074,0.000,4.257,3.488,3.826,4.763,3.286,21.978,17.807,7.261,24.933
Control-GC119354,2.671,2.720,0.676,0.000,3.802,2.111,5.793,4.135,0.000,24.550,21.609,6.989,24.946
Control-GC119356,1.208,2.790,0.291,0.000,2.505,0.988,3.285,3.045,2.064,16.995,13.344,4.371,49.116
Control-GRP-GC114128,1.546,3.765,0.000,0.000,2.385,0.436,4.332,2.832,0.000,32.491,17.331,6.097,28.783
Control-GRP-GC114130,2.725,3.579,0.239,0.000,1.760,1.299,3.736,6.946,0.537,28.674,14.307,6.628,29.570
Control-GRP-GC114131,0.979,2.955,0.811,0.000,2.356,0.958,4.356,1.386,1.002,27.756,13.434,6.378,37.628
Control-GRP-GC114132,3.880,3.718,0.635,0.145,3.093,2.561,3.771,8.219,1.057,18.646,18.485,7.369,28.422
Control-GRP-GC114133,2.036,2.034,1.259,0.000,2.192,1.780,7.149,2.035,0.000,24.717,23.557,6.641,26.599
Control-GRP-GC114134,2.262,2.751,0.668,0.000,2.441,1.694,4.793,4.158,1.154,26.913,16.684,7.066,29.415
Control-GRP-GC114136,1.834,2.873,0.809,0.000,2.327,1.533,3.198,2.642,0.000,21.116,12.082,6.065,45.522
Control-GRP-GC114137,1.701,3.121,0.554,0.000,1.493,1.581,3.911,6.270,1.463,21.440,12.413,5.466,40.588
Control-GRP-GC114139,0.298,3.592,0.402,0.000,2.430,0.209,3.532,5.287,0.000,26.031,15.934,6.378,35.906
Control-GRP-GC114140,0.489,3.349,0.887,0.000,1.977,1.369,2.315,2.898,0.000,12.837,14.780,3.902,55.197
Control-GRP-GC114141,4.119,3.100,1.196,0.000,3.668,3.470,3.222,7.303,0.000,15.733,14.843,4.947,38.399
Control-GRP-GC114142,1.710,1.901,0.919,0.000,3.058,1.842,3.666,4.703,0.000,18.090,14.594,4.907,44.610
Control-GRP-GC114183,1.360,2.761,0.663,0.000,2.061,1.050,3.399,6.293,0.654,18.904,11.660,5.081,46.114
Control-GRP-GC114185,0.740,2.257,0.498,0.014,2.386,1.173,2.454,2.366,1.704,15.534,16.867,4.420,49.588
Control-GRP-GC114186,1.672,2.795,0.662,0.000,2.366,1.065,3.517,1.707,0.860,24.085,12.932,5.545,42.794
Control-GRP-GC118464,3.347,3.467,1.149,0.000,2.910,2.650,2.394,10.195,0.000,17.865,14.391,5.387,36.246
Control-GRP-GC118466,2.100,3.298,0.645,0.000,2.686,1.836,4.000,5.982,1.270,22.729,17.294,6.300,31.860
Control-GRP-GC118474,2.164,2.570,0.836,0.000,2.153,1.614,3.789,5.020,1.382,21.957,17.303,6.417,34.794
Control-GRP-GC118476,3.462,2.808,0.493,0.000,2.315,2.333,3.506,5.601,0.000,29.533,16.563,7.236,26.149
Control-GRP-GC118478,1.349,2.828,0.367,0.000,2.879,1.696,5.567,4.673,1.961,21.179,20.067,6.590,30.844
Control-GRP-GC118484,1.656,2.046,0.622,0.000,2.182,1.654,3.880,3.818,1.021,16.618,11.456,5.428,49.618
Control-GRP-GC118485,1.219,2.938,0.175,0.000,2.130,0.578,4.271,5.173,0.000,22.313,15.879,5.654,39.671
Control-GRP-GC118486,0.845,3.025,0.546,0.000,1.713,1.388,2.341,3.805,1.257,11.119,9.284,3.047,61.630
Control-GRP-GC118489,1.390,3.023,0.866,0.000,2.741,1.242,3.351,5.124,0.289,11.902,17.175,5.163,47.735
Control-GRP-GC118490,1.845,3.357,1.395,0.000,3.113,2.183,4.182,5.230,3.446,15.128,17.353,5.165,37.603
Control-GRP-GC118491,1.731,2.864,0.604,0.000,3.243,1.579,3.876,9.475,0.367,27.447,14.809,6.191,27.815
Control-GRP-GC118494,1.090,2.536,1.127,0.000,2.554,1.410,3.785,7.093,2.112,16.223,21.637,4.257,36.176
Control-GRP-GC118496,0.420,1.890,0.859,0.000,1.881,1.149,2.408,1.452,1.185,11.787,6.030,2.335,68.604
Control-GRP-GC118497,1.325,3.146,0.113,0.000,1.492,0.359,3.535,6.460,0.000,21.414,12.878,5.503,43.775
Control-GRP-GC118499,1.668,2.287,0.818,0.000,2.492,1.596,3.056,4.795,0.895,16.917,10.848,4.630,49.997
Control-GRP-GC119340,1.987,2.907,0.605,0.000,2.312,1.378,4.485,6.668,0.000,24.981,18.170,6.979,29.530
Control-GRP-GC119343,1.692,2.516,0.000,0.000,2.089,0.952,4.293,4.509,0.000,38.852,15.015,8.426,21.656
Control-GRP-GC119367,2.479,1.686,1.439,0.000,2.913,2.179,3.857,6.277,1.511,21.378,21.713,7.543,27.023
Control-GRP-GC119369,0.764,2.512,0.921,0.000,2.005,0.964,3.189,4.791,0.000,17.218,15.696,5.206,46.732
Control-GRP-GC119370,1.967,2.647,0.853,0.000,2.895,2.112,5.276,5.321,0.491,16.264,20.438,6.573,35.163
Control-GRP-GC119374,0.805,3.031,0.587,0.000,2.057,1.274,3.883,5.717,0.025,17.116,21.990,6.954,36.561
Control-GRP-GC119375,3.166,2.974,1.333,0.000,4.070,3.516,3.435,6.178,0.000,21.078,17.116,6.316,30.817
Control-GRP-GC119377,2.670,3.105,0.845,0.000,1.876,2.218,4.960,8.942,0.071,22.403,16.460,5.773,30.675
Control-GRP-GC119383,2.038,2.668,0.469,0.000,2.519,1.468,4.584,3.441,0.243,28.377,18.481,6.105,29.607
Control-GRP-GC119384,2.699,2.313,0.730,0.000,2.868,1.839,4.229,6.666,0.000,21.156,16.987,5.590,34.924
Control-GRP-GC119386,2.294,4.014,0.327,0.688,2.203,1.039,3.672,5.065,1.218,18.385,15.786,5.935,39.374
Control-GRP-GC119388,0.488,1.813,0.740,0.000,2.144,0.933,3.772,5.906,0.000,20.790,23.378,7.272,32.764
Control-GRP-GC119389,2.830,2.535,0.061,0.000,1.919,1.126,3.627,5.903,0.000,27.004,12.018,8.192,34.783
Control-GRP-GC119390,1.947,3.762,0.299,0.000,2.744,1.290,3.823,4.735,0.000,25.409,18.179,6.262,31.550
Control-GRP-GC119391,2.660,3.762,0.000,0.000,2.961,1.649,4.121,6.925,0.000,26.579,11.535,11.575,28.233
Control-GRP-GC119394,1.666,2.809,0.505,0.000,2.274,0.971,4.502,4.403,1.661,26.324,14.942,6.625,33.318
Control-GRP-GC119395,2.017,4.316,0.575,0.000,2.685,1.932,3.759,4.387,1.527,26.170,17.242,6.570,28.821
Control-GRP-GC119397,2.377,3.175,0.690,0.000,2.243,1.946,3.773,4.009,1.188,18.567,16.388,5.616,40.029
Control-GRP-GC119398,1.297,2.981,0.401,0.000,2.023,0.938,2.982,4.447,0.069,16.038,12.434,4.561,51.831
Control-GRP-GC119399,1.591,3.168,0.400,0.000,2.183,0.925,3.879,5.341,1.790,23.685,15.033,5.679,36.325
Control-GRP-GC119400,3.635,3.310,0.726,0.089,2.643,2.449,3.074,6.844,0.641,16.279,10.880,4.307,45.127
Control-GRP-GC119401,2.127,2.984,0.239,0.000,2.932,1.418,3.731,5.139,2.226,26.923,13.766,6.203,32.312
Control-GRP-GC119402,2.625,2.188,0.533,0.000,2.877,1.934,5.016,4.841,1.667,21.729,13.423,5.836,37.332
Control-GRP-GC119403,1.847,3.417,0.587,0.000,1.611,0.915,3.527,4.400,1.647,17.746,12.058,5.275,46.968
Control-GRP-GC119405,1.519,2.571,0.929,0.000,2.093,1.144,3.742,3.385,1.638,18.849,16.747,6.072,41.312
Control-GRP-GC119410,2.270,2.639,0.501,0.000,2.274,1.210,3.498,8.710,0.080,25.684,11.488,6.582,35.066
Control-GRP-GC119411,1.871,2.560,0.855,0.000,2.731,1.908,4.050,5.606,0.679,18.490,15.533,6.276,39.440
Control-GRP-GC119415,1.240,2.086,0.479,0.000,2.936,1.637,3.905,3.109,0.684,22.996,16.932,7.774,36.222
Control-GRP-GC119416,4.174,4.022,0.674,0.000,2.290,2.653,3.644,7.172,0.703,21.700,11.970,6.654,34.345
Control-GRP-GC119417,0.874,2.973,0.764,0.000,1.787,0.959,3.640,6.814,0.753,17.983,15.847,5.820,41.786
Control-GRP-GC119419,0.848,2.992,1.052,0.000,2.496,1.367,4.016,4.581,2.079,12.093,12.195,5.724,50.556
Control-GRP-GC119420,1.197,2.629,0.757,0.000,1.947,1.134,3.206,2.085,2.910,14.573,9.113,3.534,56.917
Control-GRP-GC119421,2.114,2.134,1.251,0.000,2.766,1.918,4.643,5.102,0.000,20.319,14.582,5.384,39.786
Control-GRP-GC119422,2.161,2.425,0.786,0.000,1.817,1.490,4.387,6.630,1.266,25.380,15.991,8.005,29.664
Control-GRP-GC119426,1.838,3.345,0.965,0.041,2.277,1.386,4.213,8.159,1.650,16.295,16.963,5.493,37.376
Control-GRP-GC119430,1.686,2.266,0.640,0.000,2.472,1.064,4.788,6.541,0.000,33.657,14.418,8.507,23.962
Control-GRP-GC121331,2.980,2.483,0.531,0.000,2.585,1.629,3.912,7.000,0.000,23.312,17.060,6.110,32.397
Control-GRP-GC121332,2.275,3.185,0.547,0.000,2.169,2.005,3.649,7.714,0.000,14.379,7.373,3.498,53.204
Control-GRP-GC121336,0.572,2.168,0.000,0.000,1.671,0.000,4.206,6.535,0.000,36.884,14.148,7.780,26.035
Control-GRP-GC121337,1.242,2.774,0.335,0.000,1.846,1.069,4.612,3.334,2.055,30.624,17.911,6.955,27.243
Control-GRP-GC121338,1.839,2.408,0.000,0.000,2.858,1.108,4.754,3.612,0.409,24.386,11.702,7.135,39.789
Control-GRP-GC121339,1.502,1.953,0.744,0.000,1.939,1.279,3.162,3.449,0.000,20.744,11.703,4.920,48.605
Control-GRP-GC121340,1.688,3.029,0.168,0.000,1.798,0.761,4.047,3.690,0.045,21.458,10.690,5.684,46.942
Control-GRP-GC121341,2.423,1.703,1.069,0.000,3.116,2.596,3.567,5.145,2.614,17.717,18.642,5.632,35.776
Control-GRP-GC121342,4.035,1.926,0.854,0.000,3.382,3.290,2.692,3.723,1.364,20.230,12.041,3.631,42.831
Control-GRP-GC121343,3.134,2.955,0.816,0.000,2.839,1.444,3.160,5.110,0.828,27.607,13.577,7.166,31.364
Control-GRP-GC121346,0.431,1.275,0.696,0.000,1.591,0.957,3.327,3.022,0.000,16.134,16.863,5.294,50.409
Control-GRP-GC121347,4.301,2.938,1.570,0.000,3.150,3.349,4.342,6.156,0.018,20.760,12.260,4.487,36.670
Control-GRP-GC121348,1.532,2.422,0.939,0.000,1.820,1.283,3.203,2.001,0.000,14.327,9.080,4.034,59.359
Control-GRP-GC121349,1.622,1.770,0.381,0.000,1.980,0.978,3.209,4.248,0.867,20.353,9.802,4.527,50.264
