Sample,BRCA,CEAD,CESC,COAD,OV,READ,bcell,cd4tcell,cd8tcell,erythroblast,monocyte,naturalkillercell,neutrophil,Unknown-1,Unknown-2,Unknown-3,Unknown-4,Unknown-5,Unknown-6,Unknown-7,Unknown-8,Unknown-9,Unknown-10
Br62_rep5_Dep6_Tu0.5,0.083,0.540,0.175,0.024,2.820,0.441,1.865,0.066,2.600,1.970,8.351,1.477,15.117,6.959,9.872,0.030,1.266,14.531,6.665,2.715,11.681,10.308,0.446
Br62_rep5_Dep6_Tu3,0.362,0.734,2.103,0.138,5.292,0.047,2.012,1.527,1.422,1.871,8.383,0.549,8.802,9.108,14.386,3.811,2.307,10.836,6.547,0.289,2.344,14.727,2.402
Br62_rep6_Dep6_Tu30,9.057,0.073,1.703,2.739,0.844,2.832,2.898,3.043,0.534,4.081,4.048,2.577,1.977,9.127,3.562,12.755,11.251,0.874,0.444,5.663,1.033,2.055,16.828
Br62_rep7_Dep6_Tu20,2.777,1.128,2.183,1.678,2.079,1.448,1.621,1.841,2.587,1.165,4.370,1.024,5.282,1.888,6.857,19.178,12.272,4.572,0.639,3.706,9.099,6.774,5.830
Br62_rep2_Dep6_Tu40,10.701,3.905,5.951,7.671,1.566,0.159,1.387,1.270,1.936,1.625,1.553,1.368,0.854,1.507,1.483,20.907,20.614,3.726,3.857,3.020,0.106,1.719,3.114
Br62_rep8_Dep6_Tu0.5,0.039,0.465,0.207,0.009,3.169,0.990,0.093,0.471,4.295,5.784,3.631,1.829,12.665,13.813,13.880,0.395,4.174,6.114,12.484,1.530,9.444,4.502,0.018
Br62_rep5_Dep6_Tu2,0.063,0.382,0.177,0.013,4.837,1.098,1.808,0.056,4.010,2.864,5.818,3.570,14.609,3.523,4.662,0.309,7.774,13.352,2.743,10.909,6.908,7.692,2.822
Br62_rep4_Dep6_Tu50,15.356,2.227,2.368,8.914,1.849,0.196,2.075,1.351,0.485,3.842,0.456,0.339,0.564,1.731,0.658,20.428,13.403,1.402,1.038,0.804,1.449,1.132,17.933
Br62_rep8_Dep6_Tu40,5.270,6.055,6.031,5.178,4.115,1.221,1.009,2.816,1.074,2.718,1.248,0.032,2.648,1.517,1.669,33.334,5.967,3.187,6.131,1.381,1.457,1.433,4.509
Br62_rep7_Dep6_Tu2,0.058,0.406,0.319,0.000,2.945,1.020,2.309,2.337,1.329,3.606,3.021,1.178,4.181,10.653,5.488,0.353,3.973,19.383,14.496,9.473,8.289,2.596,2.588
Br62_rep9_Dep6_Tu40,7.922,2.473,6.138,6.412,0.933,0.993,1.416,0.331,1.998,3.257,5.299,1.485,3.167,1.312,2.363,26.735,7.079,1.851,3.338,0.178,3.731,0.575,11.012
Br62_rep10_Dep6_Tu2,0.119,0.662,0.591,0.000,2.408,1.212,2.420,1.910,0.625,3.772,2.334,2.834,17.940,0.963,5.851,1.309,3.893,13.258,8.731,5.395,7.631,16.080,0.063
Br62_rep6_Dep6_Tu10,0.357,0.628,3.630,0.814,2.458,2.041,1.068,1.830,1.293,2.364,6.182,4.113,9.291,4.379,1.981,7.162,12.248,5.025,10.187,0.597,8.915,13.396,0.039
Br62_rep2_Dep6_Tu2,0.069,0.912,0.448,0.000,2.261,0.162,1.430,0.755,2.163,4.774,2.805,2.116,1.972,4.071,7.076,0.054,5.377,34.020,3.772,12.124,0.341,10.114,3.183
Br62_rep9_Dep6_Tu5,0.185,0.898,1.803,0.011,2.482,0.548,2.271,2.229,1.132,6.057,6.895,2.026,0.945,10.607,8.213,0.031,10.684,2.261,0.411,12.115,9.635,12.370,6.187
Br62_rep6_Dep6_Tu40,9.392,1.689,4.862,8.520,4.261,0.934,0.576,1.402,0.023,0.064,0.766,2.413,0.350,3.051,0.199,14.497,8.574,0.804,5.186,3.459,5.558,1.719,21.702
Br62_rep4_Dep6_Tu20,1.511,1.096,2.732,4.300,3.828,1.363,2.711,2.531,1.911,0.890,5.059,1.122,6.367,10.696,4.631,17.128,7.739,1.283,2.530,0.906,0.333,10.115,9.219
Br62_rep9_Dep6_Tu1,0.066,1.013,0.001,0.024,0.326,0.937,2.694,0.645,1.515,4.918,4.602,1.929,17.094,0.208,22.434,0.667,8.490,12.052,5.371,4.850,8.101,1.050,1.012
Br62_rep1_Dep6_Tu0.3,0.016,0.518,0.059,0.001,1.709,0.423,2.265,3.594,0.187,2.724,11.271,2.412,16.883,5.596,2.990,0.048,1.078,22.021,8.752,2.527,11.072,3.229,0.624
Br62_rep3_Dep6_Tu5,0.289,0.455,0.145,0.179,1.807,1.377,1.406,1.426,0.104,7.619,4.044,2.317,15.222,4.689,11.713,3.371,5.535,7.334,5.618,10.896,1.774,10.699,1.982
Br62_rep9_Dep6_Tu50,5.355,8.012,4.017,9.183,6.230,1.436,0.708,0.534,0.674,2.406,0.142,2.113,0.625,1.074,0.031,29.803,5.487,3.859,1.267,0.888,0.062,1.202,14.892
Br62_rep5_Dep6_Tu30,3.702,0.052,9.247,3.425,3.382,1.916,0.465,2.038,1.636,3.915,1.342,0.410,3.752,0.915,1.834,4.008,4.298,3.124,11.612,5.984,4.576,0.411,27.955
Br62_rep9_Dep6_Tu0.5,0.037,0.201,0.633,0.001,1.675,0.099,1.418,3.221,2.156,2.838,6.064,2.458,17.300,4.993,26.013,0.252,1.272,7.588,2.870,4.900,6.297,7.346,0.366
Br62_rep1_Dep6_Tu20,3.433,2.699,0.632,2.807,6.060,1.601,1.244,0.569,3.392,0.538,3.639,2.405,1.815,12.009,4.187,0.630,5.525,2.213,1.771,11.080,4.790,0.365,26.595
Br62_rep4_Dep6_Tu2,0.007,0.744,0.160,0.046,1.268,0.771,2.421,0.408,2.624,2.774,12.161,2.238,15.506,4.652,9.260,0.261,1.769,6.336,0.761,10.031,16.380,8.111,1.312
Br62_rep8_Dep6_Tu3,0.123,1.319,0.268,0.075,2.522,1.744,0.231,0.964,2.449,5.471,6.399,1.758,6.748,6.921,10.737,1.406,6.005,3.889,3.568,17.011,6.685,11.238,2.469
Br62_rep2_Dep6_Tu5,0.073,2.116,0.118,0.426,1.273,2.498,0.927,1.037,1.513,5.918,4.685,0.502,11.005,4.088,7.494,6.319,6.134,2.665,5.614,17.136,10.368,6.110,1.982
Br62_rep2_Dep6_Tu1,0.022,0.558,1.276,0.000,3.823,0.218,0.181,1.428,1.362,6.539,8.680,2.585,14.118,11.319,0.688,0.054,0.128,5.392,12.758,4.964,2.619,19.478,1.810
Br62_rep8_Dep6_Tu1,0.092,0.039,0.998,0.004,1.326,1.200,2.156,0.488,1.612,3.545,6.803,3.545,9.534,8.378,8.694,0.020,2.133,10.159,3.145,19.832,0.773,15.102,0.422
Br62_rep10_Dep6_Tu0.1,0.012,0.422,0.169,0.000,1.505,0.575,2.606,0.697,2.210,2.954,8.833,2.997,12.479,5.726,3.651,0.003,0.880,14.574,0.933,21.627,15.024,1.894,0.229
Br62_rep3_Dep6_Tu40,13.149,2.138,1.786,9.168,3.459,1.572,0.886,1.748,0.907,1.095,0.891,2.862,0.497,1.873,2.523,16.008,14.662,0.467,0.581,3.492,1.974,1.045,17.215
Br62_rep8_Dep6_Tu0.3,0.001,0.398,0.418,0.005,2.208,0.290,0.384,1.777,1.276,5.217,6.529,1.168,21.201,8.996,11.410,0.160,1.287,2.783,11.646,0.796,8.439,12.446,1.163
Br62_rep4_Dep6_Tu0.5,0.046,0.961,0.335,0.005,0.027,0.275,4.167,1.103,0.416,4.326,0.664,3.889,8.699,26.373,9.954,0.249,1.229,11.153,0.255,20.728,3.640,1.143,0.362
Br62_rep6_Dep6_Tu50,6.807,8.839,2.925,8.250,1.675,1.495,0.515,3.016,1.545,2.292,0.919,1.998,0.873,0.104,2.149,15.820,3.306,0.815,0.398,3.830,3.037,0.375,29.018
Br62_rep7_Dep6_Tu0.1,0.004,0.429,0.134,0.000,1.933,0.181,2.187,1.330,2.212,5.961,6.318,1.288,12.574,8.527,19.552,0.009,0.847,11.010,3.988,3.716,8.983,8.425,0.396
Br62_rep9_Dep6_Tu30,6.922,4.726,1.702,1.328,2.935,2.302,0.346,0.480,3.256,4.761,5.528,2.615,2.160,2.794,0.247,15.470,21.476,1.766,0.318,4.480,1.454,9.193,3.741
Br62_rep6_Dep6_Tu20,0.926,3.011,2.267,2.581,3.775,1.178,2.316,2.199,0.323,2.261,1.479,2.617,9.037,5.548,2.999,10.382,2.708,1.200,15.918,0.732,12.323,1.102,13.117
Br62_rep5_Dep6_Tu5,0.334,1.086,0.024,0.013,2.781,0.956,3.110,0.773,3.732,6.765,6.037,0.980,4.410,21.419,7.360,6.182,1.300,3.895,7.883,9.023,2.691,8.576,0.669
Br62_rep4_Dep6_Tu40,3.477,4.576,5.648,7.999,3.653,0.776,1.500,1.248,1.431,2.013,1.400,1.144,2.135,2.059,1.677,29.103,9.672,4.230,1.932,0.997,3.408,1.801,8.123
Br62_rep8_Dep6_Tu0.1,0.010,0.315,0.012,0.000,2.029,0.660,2.847,0.869,3.294,3.904,8.545,1.869,20.981,5.499,0.051,0.003,1.560,10.749,6.384,19.098,2.974,8.015,0.333
Br62_rep1_Dep6_Tu40,9.708,3.918,6.485,4.755,1.561,5.142,1.707,0.754,0.177,1.890,0.487,0.779,1.824,1.649,0.537,24.557,11.150,2.208,0.254,5.948,3.126,0.262,11.121
Br62_rep3_Dep6_Tu30,8.914,1.037,4.692,6.284,1.885,1.358,1.136,0.755,0.880,2.755,2.125,1.441,0.078,1.575,2.929,13.529,24.239,0.216,4.640,0.420,8.795,5.827,4.490
Br62_rep7_Dep6_Tu0.5,0.006,0.089,0.437,0.000,3.183,0.406,1.194,0.533,2.961,7.106,11.307,1.225,6.431,27.097,5.470,0.098,1.596,3.560,2.911,0.137,12.637,10.475,1.137
Br62_rep1_Dep6_Tu10,0.645,1.042,0.412,3.452,0.708,1.912,1.895,2.874,2.422,5.139,6.650,2.628,2.707,10.538,2.516,3.427,0.256,10.752,17.021,12.355,2.900,3.465,4.285
Br62_rep10_Dep6_Tu20,3.828,2.989,3.906,0.090,1.343,2.830,0.361,1.336,2.129,2.902,3.090,2.263,5.290,4.165,2.750,10.164,15.402,1.324,7.536,14.673,0.265,3.572,7.791
Br62_rep1_Dep6_Tu5,0.167,1.127,1.046,0.023,2.455,1.449,2.671,2.102,2.391,1.999,5.794,1.535,4.814,7.950,19.797,1.170,5.588,12.700,8.267,4.920,2.608,1.658,7.768
Br62_rep3_Dep6_Tu50,16.462,4.058,3.487,7.806,2.102,2.145,1.638,0.331,0.321,1.987,0.802,0.725,0.132,1.494,0.798,7.642,13.448,2.278,4.619,0.672,2.467,1.419,23.166
Br62_rep1_Dep6_Tu3,0.036,2.301,0.022,0.035,2.786,0.822,1.900,1.727,0.007,4.371,9.328,2.081,3.465,10.553,8.025,1.340,1.039,21.786,7.206,5.436,10.018,0.774,4.946
Br62_rep7_Dep6_Tu30,5.826,2.301,6.351,2.513,2.114,2.603,0.260,1.304,0.969,3.761,2.125,1.120,4.422,1.501,7.633,17.706,10.612,3.623,3.340,0.725,0.657,4.682,13.853
Br62_rep6_Dep6_Tu1,0.009,2.353,0.188,0.001,0.543,1.373,2.607,2.280,0.610,0.232,7.500,2.892,1.853,5.717,16.827,0.344,1.114,5.779,5.543,15.803,14.014,10.845,1.571
Br62_rep1_Dep6_Tu0.5,0.045,0.821,0.143,0.000,0.829,0.428,1.956,2.147,3.088,6.206,9.271,0.543,14.302,11.441,2.597,0.093,0.602,12.876,7.499,0.844,20.777,2.905,0.587
Br62_rep1_Dep6_Tu0.1,0.005,0.335,0.323,0.003,0.277,1.115,2.466,0.527,2.393,3.936,2.861,1.762,20.726,8.618,7.800,0.063,1.485,14.510,6.950,3.005,8.657,12.006,0.178
Br62_rep9_Dep6_Tu3,0.291,1.968,0.483,0.165,1.175,1.412,1.202,2.546,2.589,3.390,5.833,2.604,8.332,14.734,8.768,0.579,2.913,3.240,12.154,2.126,3.312,16.912,3.270
Br62_rep5_Dep6_Tu40,3.164,2.587,5.963,6.664,4.885,1.130,2.641,2.729,1.507,0.356,0.621,2.493,0.321,2.031,2.032,26.461,4.315,6.138,6.427,2.780,1.478,2.166,11.112
Br62_rep10_Dep6_Tu3,0.138,1.270,0.233,0.007,2.580,0.581,1.401,1.878,1.265,5.776,7.966,0.610,10.920,3.588,4.767,2.497,7.765,4.470,2.106,6.073,25.022,8.581,0.506
Br62_rep2_Dep6_Tu0.3,0.046,0.611,1.122,0.001,0.477,0.301,1.902,2.321,0.465,7.511,3.837,1.968,12.265,8.931,12.621,0.090,1.720,0.061,2.284,11.140,13.351,16.674,0.300
Br62_rep10_Dep6_Tu40,5.066,6.947,3.315,5.056,1.922,0.239,0.096,1.236,1.087,4.766,2.806,2.171,0.470,2.696,2.763,27.210,7.018,0.913,3.104,3.085,5.028,3.929,9.077
Br62_rep3_Dep6_Tu2,0.057,0.611,0.203,0.009,3.434,0.255,2.257,2.437,1.801,2.529,8.794,2.338,15.555,17.178,3.999,0.636,1.164,2.488,12.995,5.483,8.919,4.606,2.251
Br62_rep5_Dep6_Tu1,0.036,0.982,0.124,0.007,3.760,0.432,1.154,2.668,1.555,6.554,9.395,3.062,10.439,5.515,1.534,1.650,1.020,6.179,8.876,5.466,10.490,17.993,1.108
Br62_rep4_Dep6_Tu1,0.003,0.346,0.536,0.098,3.105,0.085,3.668,0.786,3.429,5.651,9.011,1.369,3.006,18.287,6.086,0.185,3.794,12.479,5.100,8.359,9.878,4.549,0.189
Br62_rep10_Dep6_Tu0.5,0.012,0.375,0.132,0.000,2.090,0.232,4.202,1.183,2.160,4.581,6.918,3.391,11.392,16.766,1.425,0.125,3.691,7.736,1.911,15.520,9.316,6.455,0.388
Br62_rep5_Dep6_Tu20,6.569,3.642,1.606,3.455,1.887,0.424,2.361,1.665,2.351,1.837,3.347,0.246,0.895,7.995,0.859,9.032,17.269,6.893,0.123,13.279,1.168,5.963,7.135
Br62_rep6_Dep6_Tu0.3,0.021,1.343,0.018,0.000,1.902,0.004,1.985,2.177,2.722,5.456,8.097,1.609,16.744,2.038,10.094,0.228,0.623,3.422,5.974,11.543,5.503,17.977,0.520
Br62_rep9_Dep6_Tu0.3,0.008,0.199,0.050,0.000,1.188,1.356,0.884,2.091,1.024,4.407,11.007,0.895,18.653,2.487,11.829,0.048,0.888,9.970,3.620,3.650,11.298,13.774,0.673
Br62_rep2_Dep6_Tu20,2.810,2.211,2.855,0.511,3.576,3.950,2.849,0.388,1.858,3.772,3.135,1.544,4.863,2.400,3.629,9.543,0.567,5.884,18.327,2.406,4.332,0.077,18.513
Br62_rep6_Dep6_Tu0.5,0.039,0.637,0.820,0.021,1.482,0.085,2.908,2.670,2.186,3.105,8.998,2.134,8.024,19.246,4.472,0.225,2.196,1.011,12.686,14.526,11.914,0.067,0.548
Br62_rep8_Dep6_Tu10,0.208,3.385,1.878,0.560,2.678,1.714,2.780,1.859,0.371,3.017,5.014,2.078,8.277,1.057,3.311,4.338,7.914,3.736,15.193,21.164,0.536,5.208,3.720
Br62_rep2_Dep6_Tu0.1,0.037,0.472,0.241,0.001,2.178,0.145,1.785,3.063,2.697,2.884,9.065,3.015,14.424,10.308,14.099,0.113,0.848,2.918,3.727,11.798,6.366,9.676,0.139
Br62_rep5_Dep6_Tu10,1.962,1.378,1.918,0.478,2.101,0.886,3.571,2.836,1.198,1.428,7.371,1.642,3.207,4.947,1.190,10.476,13.063,6.459,10.142,10.039,0.336,9.825,3.547
Br62_rep10_Dep6_Tu10,2.171,0.282,1.084,0.659,3.211,0.253,2.170,2.720,2.640,3.373,5.515,1.464,7.915,11.673,7.624,2.767,3.109,0.193,6.191,14.351,2.852,3.329,14.453
Br62_rep4_Dep6_Tu10,0.338,0.731,1.626,1.558,1.895,0.651,1.718,0.473,1.023,5.357,8.427,1.441,9.630,3.408,0.294,5.628,3.140,4.402,3.282,6.348,17.554,12.698,8.376
Br62_rep3_Dep6_Tu0.1,0.041,0.452,0.332,0.004,1.617,0.419,1.205,1.253,1.672,4.556,12.364,2.468,18.973,13.435,9.379,0.023,0.490,2.244,1.589,6.277,3.743,17.372,0.092
Br62_rep2_Dep6_Tu50,12.284,2.551,6.572,6.521,0.390,0.873,0.817,1.705,1.099,2.235,0.080,0.014,0.444,0.837,3.036,28.971,2.238,2.042,3.909,1.159,2.072,2.283,17.868
Br62_rep9_Dep6_Tu10,0.124,1.744,2.085,2.726,1.746,0.524,2.681,1.201,2.052,3.448,2.620,1.744,4.780,12.518,9.053,7.667,2.668,9.349,13.259,3.994,0.066,10.135,3.818
Br62_rep5_Dep6_Tu0.3,0.014,0.665,0.196,0.000,2.701,0.419,0.953,2.854,0.539,3.342,11.377,3.761,7.016,14.974,4.642,0.229,1.991,6.150,0.564,17.130,9.813,10.561,0.108
Br62_rep8_Dep6_Tu50,8.707,2.166,7.438,8.542,2.497,2.015,4.203,1.167,1.568,2.192,1.009,1.368,0.337,2.065,0.693,21.987,3.926,1.453,1.902,0.779,0.567,0.551,22.868
Br62_rep4_Dep6_Tu0.3,0.010,0.568,0.132,0.001,2.321,0.548,1.141,2.147,1.674,4.229,6.744,3.271,15.106,11.639,18.442,0.047,2.382,2.120,9.087,8.913,5.588,3.749,0.141
Br62_rep7_Dep6_Tu1,0.571,0.521,0.257,0.002,1.577,0.424,2.343,1.094,2.507,3.736,3.744,0.318,12.366,7.268,26.622,0.535,0.086,14.228,9.494,6.208,1.525,2.229,2.346
Br62_rep3_Dep6_Tu0.5,0.063,0.734,0.091,0.001,0.781,0.843,0.834,1.985,1.874,5.631,12.094,2.473,17.245,12.502,10.481,0.213,2.557,1.850,3.109,7.366,3.012,13.433,0.827
Br62_rep7_Dep6_Tu40,4.056,4.910,3.465,7.977,1.766,3.253,0.032,1.099,1.277,4.437,0.597,2.704,2.697,2.957,1.123,25.858,14.531,4.797,2.695,2.910,0.818,1.425,4.615
Br62_rep2_Dep6_Tu3,0.642,0.249,0.484,0.024,4.405,0.605,0.798,1.896,0.887,5.825,8.201,2.919,16.018,8.167,3.503,2.129,0.637,14.515,6.897,2.793,14.174,2.178,2.055
Br62_rep2_Dep6_Tu0.5,0.121,0.662,0.101,0.000,1.651,1.166,1.993,2.501,1.083,2.017,9.169,1.120,15.529,3.646,17.545,0.036,1.051,15.482,7.881,3.437,8.393,5.280,0.134
Br62_rep1_Dep6_Tu50,6.177,1.704,11.610,6.242,1.427,1.081,1.303,3.406,2.715,4.640,1.149,1.191,0.773,0.977,1.153,35.975,4.894,1.754,3.524,1.308,1.963,1.822,3.211
Br62_rep3_Dep6_Tu3,0.034,1.453,2.249,0.011,0.205,0.555,1.284,2.245,3.526,5.712,7.764,0.401,14.400,8.336,9.570,2.651,7.759,6.854,4.963,2.006,9.519,5.622,2.883
Br62_rep7_Dep6_Tu3,0.719,0.067,0.274,0.064,2.825,0.822,1.995,1.928,2.362,5.585,8.545,1.451,7.541,20.489,12.758,0.319,3.768,3.644,0.066,9.421,7.779,2.128,5.449
Br62_rep3_Dep6_Tu0.3,0.002,0.641,0.509,0.007,2.010,0.149,4.036,1.188,1.176,5.629,8.078,1.111,14.183,12.913,16.170,0.082,2.768,2.130,5.203,4.189,15.529,1.530,0.768
Br62_rep8_Dep6_Tu30,4.191,4.420,4.449,2.125,2.804,3.660,2.037,1.447,0.995,2.304,1.091,1.974,2.851,2.822,4.764,22.778,0.800,0.915,10.133,5.161,2.964,4.363,10.954
Br62_rep4_Dep6_Tu30,2.607,4.705,4.381,5.070,2.480,1.929,1.282,0.390,0.896,2.976,0.561,0.784,2.062,0.057,2.921,29.037,0.264,6.925,14.789,3.370,1.191,3.721,7.604
Br62_rep6_Dep6_Tu3,0.004,0.087,0.425,0.048,1.996,1.143,3.088,1.145,1.604,3.127,7.172,1.849,11.956,3.070,12.260,1.147,2.252,8.714,16.223,4.817,9.158,3.318,5.396
Br62_rep4_Dep6_Tu0.1,0.012,0.568,0.115,0.001,1.271,0.740,1.592,1.193,0.195,4.883,8.489,2.211,9.596,13.175,10.203,0.007,3.418,25.660,1.026,4.384,7.081,4.008,0.173
Br62_rep8_Dep6_Tu5,0.101,0.520,0.883,0.034,3.663,0.928,1.622,2.069,1.095,5.927,7.888,2.880,12.275,14.647,9.284,2.699,6.810,5.590,0.199,7.263,7.228,1.808,4.589
Br62_rep10_Dep6_Tu50,8.760,15.096,8.208,4.579,1.006,1.300,1.327,0.059,1.454,1.224,0.660,0.534,0.533,0.421,0.219,23.898,4.596,0.143,5.896,1.590,0.513,0.062,17.922
Br62_rep10_Dep6_Tu0.3,0.004,0.156,0.067,0.004,3.475,0.273,0.703,0.231,2.866,5.407,9.142,2.608,15.256,25.378,1.123,0.049,0.340,13.081,0.100,8.260,3.108,8.059,0.310
Br62_rep3_Dep6_Tu20,3.693,0.022,4.139,0.670,3.018,1.865,0.536,0.887,2.005,4.771,5.481,0.507,4.994,2.905,9.381,13.914,4.845,9.095,1.912,6.148,3.367,2.256,13.590
Br62_rep1_Dep6_Tu1,0.074,0.020,0.714,0.008,1.327,0.685,1.966,3.695,3.203,4.308,7.988,0.171,14.361,17.420,1.198,0.030,2.266,8.862,3.250,6.655,13.428,7.609,0.762
Br62_rep3_Dep6_Tu1,0.003,0.797,0.079,0.002,1.872,0.471,2.459,1.800,2.294,0.716,12.096,3.600,5.078,17.827,9.797,0.206,0.734,6.051,5.665,4.443,6.052,17.124,0.835
Br62_rep9_Dep6_Tu2,0.086,1.273,0.055,0.010,3.373,1.016,1.423,2.528,1.298,3.798,6.227,2.242,10.641,0.649,1.170,1.001,5.773,12.345,10.612,3.660,14.796,15.439,0.585
Br62_rep7_Dep6_Tu50,18.094,0.664,6.320,7.351,0.897,1.557,1.351,1.327,0.641,4.553,0.038,0.594,0.153,0.982,0.447,10.426,23.694,2.037,1.137,0.939,0.431,0.073,16.294
Br62_rep7_Dep6_Tu5,0.234,1.473,0.728,0.225,0.851,2.141,0.956,1.020,2.325,2.623,7.593,1.819,11.169,14.715,4.288,1.542,2.957,19.510,2.952,1.191,2.392,8.106,9.189
Br62_rep8_Dep6_Tu2,0.065,2.120,0.382,0.040,3.020,1.253,0.817,2.040,2.051,4.034,6.786,2.117,6.583,15.923,1.560,0.552,11.538,11.686,8.201,0.370,0.592,18.254,0.018
Br62_rep5_Dep6_Tu0.1,0.047,0.294,0.705,0.001,1.066,0.817,1.776,1.426,1.458,3.031,7.893,2.391,14.866,3.923,6.307,0.153,1.685,5.753,10.476,4.931,18.898,11.853,0.250
Br62_rep6_Dep6_Tu5,0.048,0.656,0.579,0.046,2.145,1.805,2.466,0.028,1.819,4.480,0.619,1.513,2.096,7.080,11.149,0.583,4.261,5.777,17.033,12.604,8.841,4.935,9.436
Br62_rep9_Dep6_Tu20,0.837,4.399,1.379,2.588,3.598,0.083,3.591,2.303,0.990,3.395,2.354,0.920,3.083,6.751,8.317,13.781,8.561,4.875,9.362,1.789,0.982,4.201,11.864
Br62_rep2_Dep6_Tu30,6.209,2.835,3.482,4.867,1.501,0.113,0.818,2.042,1.626,0.402,1.284,1.445,2.167,4.068,2.722,26.528,6.441,4.845,1.434,5.124,4.539,5.991,9.517
Br62_rep7_Dep6_Tu10,0.575,1.794,0.435,0.237,5.552,1.098,1.305,2.047,2.228,3.901,4.446,0.930,7.936,1.482,1.200,8.633,5.903,8.374,15.170,5.605,9.149,10.282,1.719
Br62_rep6_Dep6_Tu0.1,0.043,0.095,0.237,0.005,3.358,0.277,0.597,3.331,1.939,4.669,7.251,0.951,17.118,7.070,16.579,0.037,1.473,17.714,1.431,1.973,12.405,0.851,0.598
Br62_rep5_Dep6_Tu50,10.953,3.676,14.092,5.662,0.230,0.784,0.633,0.770,0.230,0.165,1.175,0.945,0.660,0.353,1.219,26.621,14.937,3.370,2.478,0.226,2.411,1.399,7.012
Br62_rep10_Dep6_Tu1,0.001,0.127,0.064,0.000,2.684,0.673,2.721,1.043,1.122,6.700,10.391,3.320,15.392,16.289,1.466,0.268,0.674,9.507,2.489,10.578,9.151,5.044,0.297
Br62_rep1_Dep6_Tu30,3.353,0.140,0.901,4.408,4.087,4.543,1.239,1.336,1.775,4.472,4.270,1.872,2.141,0.602,7.936,13.845,14.402,2.944,0.401,2.755,4.287,5.783,12.509
Br62_rep7_Dep6_Tu0.3,0.012,0.901,0.163,0.000,1.616,0.459,1.791,1.794,1.230,5.918,4.268,2.670,18.249,8.235,17.376,0.456,4.485,3.493,1.456,0.438,3.020,21.447,0.523
Br62_rep2_Dep6_Tu10,0.099,0.978,0.604,0.205,1.279,4.240,1.436,1.976,1.943,1.702,6.664,1.851,5.971,5.556,9.611,5.082,9.341,5.160,9.746,0.986,9.426,9.506,6.639
Br62_rep9_Dep6_Tu0.1,0.022,0.242,0.274,0.000,1.953,0.596,2.511,2.750,2.565,5.182,8.305,2.981,7.829,16.466,1.828,0.022,1.598,9.827,8.430,16.332,4.841,5.148,0.299
Br62_rep3_Dep6_Tu10,0.218,3.159,0.425,1.247,3.520,0.471,2.061,2.851,1.402,5.319,5.490,0.713,9.665,9.127,3.943,0.954,11.212,14.176,5.167,1.375,4.469,3.557,9.479
Br62_rep4_Dep6_Tu5,0.233,0.706,0.335,0.016,4.471,0.131,1.228,3.141,4.188,3.998,5.074,0.421,14.766,15.744,1.630,1.161,10.422,1.264,6.273,4.591,1.058,13.945,5.204
Br62_rep8_Dep6_Tu20,4.505,0.861,5.518,3.921,0.319,0.861,0.234,3.402,2.009,0.413,3.908,2.201,8.810,8.560,7.974,6.972,6.605,1.226,1.894,9.867,0.416,4.025,15.500
Br62_rep1_Dep6_Tu2,0.251,1.402,0.794,0.121,1.471,0.010,2.651,1.460,2.667,6.084,0.441,0.809,15.822,2.144,11.270,1.726,5.250,4.945,9.685,1.693,15.422,13.204,0.679
Br62_rep10_Dep6_Tu5,0.227,1.165,1.315,0.052,2.547,1.231,1.556,2.026,3.813,2.352,5.868,2.339,1.912,0.868,13.024,2.189,1.520,3.352,3.746,22.150,8.335,12.825,5.587
Br62_rep10_Dep6_Tu30,3.937,4.273,6.500,3.749,1.090,0.131,2.063,0.823,1.156,4.044,0.404,0.337,1.851,0.357,9.764,4.825,10.773,4.757,9.400,0.777,6.676,2.445,19.870
Br62_rep6_Dep6_Tu2,0.122,0.400,0.082,0.097,4.881,0.700,0.151,4.122,1.176,6.274,4.338,0.516,16.674,18.353,7.216,0.746,2.442,7.573,8.530,4.999,0.763,7.929,1.916
Br62_rep4_Dep6_Tu3,0.081,0.608,0.768,0.021,2.830,0.517,1.507,3.664,0.108,4.191,7.737,2.325,5.505,9.161,10.195,1.097,7.420,2.457,0.530,10.667,8.591,18.025,1.997
