Sample,BRCA,CEAD,CESC,COAD,OV,READ,bcell,cd4tcell,cd8tcell,erythroblast,monocyte,naturalkillercell,neutrophil
Cer77_rep9_Dep6_Tu3,0.000,3.042,1.365,0.000,44.435,0.000,0.001,0.637,0.134,0.002,2.665,0.019,47.700
Cer77_rep5_Dep6_Tu30,0.000,5.099,55.046,0.000,9.539,0.000,0.105,1.638,0.547,0.428,2.089,0.067,25.442
Cer77_rep3_Dep6_Tu30,0.001,1.795,60.047,0.000,9.923,0.000,0.125,0.253,0.572,0.103,1.819,0.060,25.303
Cer77_rep8_Dep6_Tu50,0.001,0.947,82.199,0.000,0.011,0.000,0.043,3.100,0.454,0.098,1.484,0.125,11.539
Cer77_rep1_Dep6_Tu1,0.000,1.949,0.000,0.000,43.684,0.000,0.000,0.055,0.239,0.072,3.218,0.081,50.702
Cer77_rep7_Dep6_Tu3,0.000,7.628,0.000,0.000,41.199,0.000,0.000,0.017,0.032,0.013,1.823,0.001,49.286
Cer77_rep10_Dep6_Tu2,0.000,3.692,0.256,0.000,43.523,0.000,0.007,0.027,0.010,0.007,1.612,0.031,50.835
Cer77_rep2_Dep6_Tu0.5,0.000,0.003,0.000,0.000,47.490,0.000,0.000,0.059,0.011,0.004,1.883,0.018,50.530
Cer77_rep3_Dep6_Tu20,0.000,0.319,42.208,0.000,23.351,0.000,0.008,0.606,0.139,0.070,1.450,0.008,31.841
Cer77_rep1_Dep6_Tu2,0.000,2.130,0.142,0.000,47.690,0.000,0.009,0.082,0.033,0.072,1.486,0.012,48.344
Cer77_rep2_Dep6_Tu5,0.000,5.506,4.384,0.001,40.699,0.000,0.001,0.159,0.068,0.112,0.916,0.002,48.152
Cer77_rep5_Dep6_Tu0.5,0.000,0.029,0.000,0.000,47.180,0.000,0.001,0.047,0.009,0.002,1.494,0.007,51.231
Cer77_rep2_Dep6_Tu50,0.003,0.050,84.866,0.000,0.222,0.000,0.133,1.618,0.095,0.077,0.862,0.042,12.031
Cer77_rep9_Dep6_Tu0.5,0.000,0.016,0.000,0.000,47.791,0.000,0.000,0.030,0.006,0.002,1.109,0.001,51.045
Cer77_rep4_Dep6_Tu10,0.000,0.640,20.256,0.000,34.961,0.000,0.012,0.289,0.033,0.052,2.909,0.001,40.846
Cer77_rep9_Dep6_Tu20,0.000,8.085,37.805,0.000,17.282,0.000,0.014,0.483,0.411,0.024,1.852,0.004,34.040
Cer77_rep3_Dep6_Tu10,0.000,9.981,14.018,0.000,31.301,0.000,0.035,0.036,0.009,0.046,1.199,0.077,43.297
Cer77_rep6_Dep6_Tu5,0.000,11.651,1.059,0.000,37.465,0.000,0.000,0.047,0.007,0.010,1.355,0.004,48.402
Cer77_rep5_Dep6_Tu1,0.000,0.903,0.000,0.000,46.909,0.000,0.000,0.014,0.006,0.018,2.380,0.007,49.763
Cer77_rep5_Dep6_Tu0.3,0.000,0.699,0.000,0.000,44.674,0.000,0.000,0.110,0.080,0.033,3.278,0.007,51.118
Cer77_rep4_Dep6_Tu50,0.064,0.655,82.368,0.000,0.043,0.000,0.092,2.330,0.767,0.383,1.140,0.062,12.095
Cer77_rep6_Dep6_Tu0.3,0.000,0.023,0.000,0.000,45.639,0.000,0.001,0.013,0.065,0.032,3.288,0.007,50.933
Cer77_rep4_Dep6_Tu40,0.000,0.733,73.194,0.000,1.883,0.000,0.242,1.514,0.807,0.532,1.777,0.018,19.300
Cer77_rep10_Dep6_Tu5,0.000,10.592,2.176,0.000,37.786,0.000,0.007,0.137,0.022,0.035,1.428,0.010,47.808
Cer77_rep3_Dep6_Tu1,0.000,0.385,0.000,0.000,47.018,0.000,0.002,0.068,0.033,0.010,2.118,0.005,50.362
Cer77_rep8_Dep6_Tu40,0.002,0.783,71.420,0.000,4.895,0.000,0.111,2.446,0.468,0.357,0.823,0.036,18.659
Cer77_rep7_Dep6_Tu0.3,0.000,0.062,0.000,0.000,46.062,0.000,0.001,0.020,0.006,0.011,1.663,0.002,52.175
Cer77_rep3_Dep6_Tu0.1,0.000,0.010,0.000,0.000,45.727,0.000,0.001,0.077,0.023,0.016,2.740,0.007,51.398
Cer77_rep4_Dep6_Tu0.3,0.000,0.051,0.000,0.000,47.288,0.000,0.001,0.062,0.056,0.014,1.692,0.031,50.804
Cer77_rep6_Dep6_Tu2,0.000,6.476,0.000,0.000,40.104,0.000,0.000,0.015,0.015,0.014,2.366,0.010,51.000
Cer77_rep6_Dep6_Tu20,0.000,13.043,36.320,0.000,12.513,0.000,0.027,0.091,0.074,0.063,0.838,0.036,36.995
Cer77_rep9_Dep6_Tu40,0.000,0.791,72.009,0.000,2.738,0.000,0.162,1.985,0.870,0.348,1.885,0.192,19.019
Cer77_rep6_Dep6_Tu40,0.000,0.766,71.084,0.001,4.766,0.000,0.053,1.498,0.166,0.870,1.310,0.109,19.377
Cer77_rep8_Dep6_Tu5,0.000,13.126,0.992,0.000,35.827,0.000,0.001,0.030,0.014,0.005,0.899,0.006,49.100
Cer77_rep5_Dep6_Tu50,0.000,0.193,82.020,0.000,0.268,0.000,0.117,2.003,0.472,0.349,1.770,0.101,12.707
Cer77_rep1_Dep6_Tu30,0.000,0.251,58.748,0.000,12.375,0.000,0.045,0.831,1.037,0.074,1.054,0.380,25.205
Cer77_rep2_Dep6_Tu20,0.000,6.545,37.631,0.000,19.224,0.000,0.089,0.875,0.217,0.141,1.905,0.198,33.174
Cer77_rep4_Dep6_Tu0.5,0.000,1.768,0.000,0.000,43.775,0.000,0.000,0.035,0.024,0.006,2.419,0.003,51.969
Cer77_rep2_Dep6_Tu40,0.000,11.845,64.795,0.000,0.011,0.000,0.153,1.135,0.227,0.032,1.686,0.103,20.013
Cer77_rep8_Dep6_Tu30,0.000,0.678,57.677,0.000,14.040,0.000,0.418,1.156,0.603,0.167,1.292,0.145,23.824
Cer77_rep3_Dep6_Tu40,0.039,1.314,71.837,0.000,2.228,0.000,0.189,2.266,0.603,0.252,1.164,0.353,19.754
Cer77_rep4_Dep6_Tu0.1,0.000,0.155,0.000,0.000,44.590,0.000,0.002,0.038,0.005,0.005,2.427,0.075,52.703
Cer77_rep2_Dep6_Tu1,0.000,0.437,0.000,0.000,45.701,0.000,0.000,0.031,0.055,0.019,2.594,0.000,51.162
Cer77_rep3_Dep6_Tu3,0.000,6.662,0.234,0.000,42.547,0.000,0.006,0.105,0.128,0.001,1.348,0.006,48.964
Cer77_rep2_Dep6_Tu30,0.000,0.423,58.198,0.000,13.170,0.000,0.041,1.402,0.273,0.457,1.780,0.149,24.108
Cer77_rep9_Dep6_Tu30,0.000,2.623,56.910,0.000,10.290,0.000,0.067,0.634,0.422,0.461,2.484,0.538,25.570
Cer77_rep7_Dep6_Tu20,0.000,0.733,42.360,0.000,23.243,0.000,0.029,0.716,0.123,0.043,1.120,0.008,31.625
Cer77_rep6_Dep6_Tu1,0.000,0.695,0.000,0.000,46.949,0.000,0.001,0.019,0.020,0.004,1.383,0.005,50.923
Cer77_rep7_Dep6_Tu50,0.001,0.701,81.058,0.074,0.161,0.001,0.031,2.667,0.556,0.408,1.870,0.025,12.447
Cer77_rep3_Dep6_Tu5,0.000,3.018,6.093,0.000,43.312,0.000,0.014,0.220,0.010,0.003,1.227,0.033,46.070
Cer77_rep8_Dep6_Tu0.5,0.000,0.954,0.000,0.000,46.242,0.000,0.000,0.111,0.042,0.016,1.333,0.035,51.267
Cer77_rep9_Dep6_Tu0.3,0.000,0.000,0.000,0.000,46.584,0.000,0.001,0.034,0.012,0.015,2.014,0.032,51.308
Cer77_rep6_Dep6_Tu0.5,0.000,1.167,0.000,0.000,44.372,0.000,0.005,0.054,0.049,0.018,2.443,0.010,51.881
Cer77_rep7_Dep6_Tu1,0.000,0.038,0.000,0.000,48.437,0.000,0.000,0.025,0.014,0.008,1.138,0.002,50.339
Cer77_rep5_Dep6_Tu3,0.000,1.174,2.957,0.000,46.023,0.000,0.001,0.062,0.018,0.010,1.074,0.000,48.681
Cer77_rep10_Dep6_Tu3,0.000,4.237,0.016,0.000,46.332,0.000,0.002,0.137,0.061,0.001,1.188,0.000,48.026
Cer77_rep9_Dep6_Tu5,0.000,6.868,4.535,0.000,40.984,0.000,0.001,0.024,0.006,0.012,1.369,0.004,46.197
Cer77_rep10_Dep6_Tu20,0.000,18.810,34.252,0.000,8.137,0.000,0.015,0.069,0.127,0.044,1.135,0.014,37.397
Cer77_rep1_Dep6_Tu3,0.000,7.673,0.181,0.000,40.615,0.000,0.001,0.028,0.005,0.006,2.643,0.019,48.830
Cer77_rep5_Dep6_Tu2,0.000,5.471,0.000,0.000,41.703,0.000,0.000,0.021,0.020,0.016,1.549,0.006,51.214
Cer77_rep5_Dep6_Tu5,0.000,12.690,0.058,0.000,37.875,0.000,0.000,0.045,0.023,0.020,1.201,0.004,48.084
Cer77_rep8_Dep6_Tu2,0.000,5.240,0.033,0.000,43.285,0.000,0.001,0.024,0.003,0.003,2.066,0.022,49.322
Cer77_rep8_Dep6_Tu10,0.000,15.118,13.391,0.000,24.848,0.000,0.028,0.111,0.046,0.007,2.024,0.086,44.340
Cer77_rep10_Dep6_Tu30,0.001,6.496,56.156,0.000,7.053,0.000,0.092,0.820,0.868,0.316,1.435,0.075,26.689
Cer77_rep10_Dep6_Tu0.1,0.000,0.051,0.000,0.000,45.384,0.000,0.001,0.057,0.054,0.011,3.058,0.045,51.338
Cer77_rep6_Dep6_Tu3,0.000,6.175,0.016,0.000,43.241,0.000,0.021,0.149,0.009,0.003,1.356,0.001,49.028
Cer77_rep7_Dep6_Tu10,0.000,0.914,19.989,0.000,36.940,0.000,0.004,0.332,0.021,0.007,0.483,0.001,41.309
Cer77_rep1_Dep6_Tu0.1,0.000,0.000,0.000,0.000,45.627,0.000,0.006,0.029,0.067,0.010,1.704,0.014,52.543
Cer77_rep10_Dep6_Tu50,0.023,2.711,80.907,0.050,0.076,0.000,0.039,1.711,0.565,0.168,1.518,0.120,12.113
Cer77_rep3_Dep6_Tu2,0.000,4.084,0.009,0.000,45.213,0.000,0.002,0.057,0.062,0.012,1.830,0.018,48.714
Cer77_rep2_Dep6_Tu10,0.000,1.055,19.936,0.000,36.610,0.000,0.013,0.235,0.111,0.055,1.262,0.045,40.678
Cer77_rep4_Dep6_Tu5,0.000,13.411,0.507,0.000,36.053,0.000,0.000,0.038,0.009,0.005,1.941,0.002,48.034
Cer77_rep4_Dep6_Tu2,0.000,2.136,0.007,0.000,47.363,0.000,0.002,0.039,0.031,0.010,1.610,0.001,48.801
Cer77_rep8_Dep6_Tu3,0.000,4.853,0.969,0.000,43.287,0.000,0.002,0.114,0.021,0.073,1.027,0.003,49.652
Cer77_rep7_Dep6_Tu5,0.000,8.954,2.663,0.000,39.995,0.000,0.003,0.071,0.005,0.019,1.686,0.004,46.600
Cer77_rep4_Dep6_Tu3,0.000,4.227,2.294,0.000,43.150,0.000,0.005,0.035,0.002,0.008,1.346,0.001,48.934
Cer77_rep7_Dep6_Tu2,0.000,4.352,0.000,0.000,42.595,0.000,0.001,0.047,0.021,0.047,1.836,0.018,51.083
Cer77_rep10_Dep6_Tu40,0.002,10.517,64.002,0.001,0.149,0.000,0.215,1.058,1.075,0.538,1.200,0.401,20.842
Cer77_rep6_Dep6_Tu10,0.000,4.596,19.106,0.000,33.362,0.000,0.001,0.025,0.037,0.007,0.917,0.012,41.938
Cer77_rep6_Dep6_Tu50,0.000,2.003,81.775,0.000,0.005,0.000,0.016,1.773,0.301,0.060,1.423,0.005,12.640
Cer77_rep2_Dep6_Tu2,0.000,3.165,0.000,0.000,44.568,0.000,0.007,0.004,0.010,0.040,2.016,0.020,50.170
Cer77_rep1_Dep6_Tu5,0.000,10.256,0.214,0.000,41.280,0.000,0.007,0.186,0.016,0.028,1.427,0.004,46.583
Cer77_rep5_Dep6_Tu0.1,0.000,0.001,0.000,0.000,46.983,0.000,0.002,0.063,0.022,0.015,1.858,0.006,51.052
Cer77_rep9_Dep6_Tu50,0.001,0.322,83.773,0.000,0.140,0.000,0.093,1.059,0.663,0.164,0.891,0.014,12.879
Cer77_rep10_Dep6_Tu0.3,0.000,0.008,0.000,0.000,45.245,0.000,0.000,0.114,0.095,0.040,2.521,0.038,51.939
Cer77_rep3_Dep6_Tu0.3,0.000,0.495,0.000,0.000,46.199,0.000,0.001,0.124,0.072,0.025,1.544,0.029,51.510
Cer77_rep1_Dep6_Tu0.5,0.000,0.366,0.000,0.000,45.856,0.000,0.001,0.239,0.057,0.018,2.514,0.006,50.943
Cer77_rep4_Dep6_Tu1,0.000,2.238,0.000,0.000,43.353,0.000,0.001,0.022,0.033,0.021,2.790,0.005,51.536
Cer77_rep2_Dep6_Tu0.3,0.000,0.019,0.000,0.000,45.104,0.000,0.000,0.041,0.074,0.095,1.526,0.012,53.129
Cer77_rep10_Dep6_Tu10,0.000,7.058,18.493,0.000,31.005,0.000,0.021,0.001,0.055,0.057,1.728,0.083,41.500
Cer77_rep3_Dep6_Tu50,0.004,1.000,81.533,0.000,0.040,0.000,0.047,1.972,0.738,0.307,1.918,0.046,12.397
Cer77_rep3_Dep6_Tu0.5,0.000,0.087,0.000,0.000,45.957,0.000,0.001,0.068,0.075,0.002,3.214,0.002,50.594
Cer77_rep5_Dep6_Tu40,0.000,3.829,71.161,0.000,1.127,0.000,0.086,1.130,1.641,0.114,1.614,0.312,18.986
Cer77_rep9_Dep6_Tu2,0.000,1.361,0.001,0.000,48.660,0.000,0.000,0.055,0.002,0.008,0.807,0.004,49.101
Cer77_rep8_Dep6_Tu20,0.000,3.654,39.939,0.000,21.742,0.000,0.012,0.510,0.309,0.110,0.791,0.014,32.919
Cer77_rep7_Dep6_Tu0.5,0.000,0.326,0.000,0.000,45.967,0.000,0.003,0.199,0.066,0.005,1.417,0.025,51.992
Cer77_rep1_Dep6_Tu50,0.000,0.434,82.975,0.000,0.041,0.000,0.078,3.072,0.623,0.088,1.135,0.087,11.467
Cer77_rep10_Dep6_Tu1,0.000,0.178,0.000,0.000,46.026,0.000,0.001,0.132,0.067,0.100,1.496,0.005,51.995
Cer77_rep8_Dep6_Tu0.3,0.000,0.000,0.000,0.000,46.389,0.000,0.002,0.057,0.038,0.004,2.104,0.032,51.375
Cer77_rep4_Dep6_Tu20,0.000,8.869,37.539,0.000,16.931,0.000,0.008,0.323,0.428,0.069,1.424,0.160,34.249
Cer77_rep7_Dep6_Tu30,0.000,1.461,57.390,0.000,11.635,0.000,0.174,1.228,0.100,0.601,1.834,0.045,25.530
Cer77_rep7_Dep6_Tu40,0.007,1.610,73.226,0.000,2.126,0.000,0.488,0.947,0.978,0.235,1.854,0.344,18.184
Cer77_rep9_Dep6_Tu0.1,0.000,0.518,0.000,0.000,45.120,0.000,0.001,0.115,0.130,0.005,2.914,0.059,51.137
Cer77_rep5_Dep6_Tu20,0.000,17.540,33.681,0.000,10.533,0.000,0.042,0.124,0.111,0.026,2.302,0.046,35.596
Cer77_rep8_Dep6_Tu1,0.000,1.010,0.000,0.000,46.010,0.000,0.001,0.009,0.021,0.006,1.881,0.011,51.052
Cer77_rep6_Dep6_Tu0.1,0.000,0.203,0.000,0.000,45.025,0.000,0.008,0.113,0.209,0.039,2.660,0.005,51.736
Cer77_rep2_Dep6_Tu3,0.000,3.819,0.974,0.000,45.353,0.000,0.001,0.002,0.017,0.021,1.899,0.004,47.911
Cer77_rep1_Dep6_Tu0.3,0.000,0.315,0.000,0.000,45.948,0.000,0.001,0.005,0.015,0.029,3.492,0.076,50.120
Cer77_rep1_Dep6_Tu40,0.004,2.372,69.159,0.051,2.053,0.000,0.036,2.517,0.629,0.949,1.676,0.046,20.508
Cer77_rep6_Dep6_Tu30,0.000,9.603,53.492,0.000,4.014,0.000,0.011,1.101,1.058,0.440,2.443,0.050,27.789
Cer77_rep2_Dep6_Tu0.1,0.000,0.012,0.000,0.000,46.464,0.000,0.001,0.229,0.043,0.073,2.303,0.017,50.859
Cer77_rep1_Dep6_Tu20,0.000,14.625,35.675,0.000,11.162,0.000,0.007,0.224,0.168,0.041,1.718,0.016,36.364
Cer77_rep4_Dep6_Tu30,0.000,1.930,58.884,0.000,11.151,0.000,0.040,1.415,0.044,0.230,1.411,0.182,24.712
Cer77_rep10_Dep6_Tu0.5,0.000,0.136,0.000,0.000,46.735,0.000,0.016,0.037,0.005,0.074,2.196,0.002,50.800
Cer77_rep5_Dep6_Tu10,0.000,2.607,19.481,0.000,33.842,0.000,0.002,0.205,0.018,0.032,1.827,0.009,41.977
Cer77_rep9_Dep6_Tu1,0.000,0.168,0.095,0.000,48.505,0.000,0.011,0.210,0.038,0.045,1.754,0.004,49.169
Cer77_rep1_Dep6_Tu10,0.000,18.736,9.789,0.000,25.876,0.000,0.001,0.046,0.024,0.006,1.281,0.005,44.236
Cer77_rep8_Dep6_Tu0.1,0.000,0.204,0.000,0.000,44.948,0.000,0.010,0.349,0.286,0.061,2.622,0.020,51.500
Cer77_rep9_Dep6_Tu10,0.000,4.014,18.307,0.000,33.190,0.000,0.012,0.272,0.003,0.027,3.040,0.045,41.091
Cer77_rep7_Dep6_Tu0.1,0.000,0.002,0.000,0.000,46.372,0.000,0.000,0.083,0.010,0.014,1.184,0.000,52.334
