Sample,BRCA,CEAD,CESC,COAD,OV,READ,bcell,cd4tcell,cd8tcell,erythroblast,monocyte,naturalkillercell,neutrophil,Unknown-1
Cer77_rep9_Dep6_Tu3,0.000,0.000,0.000,0.000,0.322,0.431,20.715,0.000,0.000,0.000,15.688,62.843,0.000,0.000
Cer77_rep5_Dep6_Tu30,0.000,0.000,0.000,0.887,10.076,16.686,27.093,0.000,0.000,0.000,0.093,24.152,4.137,16.877
Cer77_rep3_Dep6_Tu30,0.000,0.000,0.000,0.734,4.571,26.689,21.918,0.000,0.000,0.000,0.072,23.916,1.559,20.542
Cer77_rep8_Dep6_Tu50,0.000,0.000,0.000,1.269,7.236,30.309,21.121,0.000,0.000,0.000,0.000,11.034,8.090,20.940
Cer77_rep1_Dep6_Tu1,0.000,0.000,0.000,0.000,0.000,0.000,25.462,0.000,0.000,0.000,15.409,59.128,0.000,0.000
Cer77_rep7_Dep6_Tu3,0.000,0.000,0.000,0.022,0.015,0.000,28.419,0.000,0.000,0.000,15.294,56.249,0.000,0.000
Cer77_rep10_Dep6_Tu2,0.000,0.000,0.000,0.010,0.000,0.000,29.341,0.000,0.000,0.000,6.515,64.133,0.000,0.000
Cer77_rep2_Dep6_Tu0.5,0.000,0.000,0.000,0.000,0.000,0.000,26.727,0.000,0.000,0.000,2.701,70.571,0.000,0.000
Cer77_rep3_Dep6_Tu20,0.000,0.000,0.000,0.604,8.561,20.263,24.262,0.000,0.000,0.000,0.185,34.704,0.224,11.196
Cer77_rep1_Dep6_Tu2,0.000,0.000,0.000,0.000,0.007,0.000,29.068,0.000,0.000,0.000,2.237,68.688,0.000,0.000
Cer77_rep2_Dep6_Tu5,0.000,0.000,0.000,0.178,2.084,0.007,26.122,0.000,0.000,0.000,7.534,63.997,0.000,0.078
Cer77_rep5_Dep6_Tu0.5,0.000,0.000,0.000,0.000,0.000,0.000,26.726,0.000,0.000,0.000,2.358,70.915,0.000,0.000
Cer77_rep2_Dep6_Tu50,0.000,0.000,0.000,1.194,19.886,24.885,22.173,0.000,0.000,0.000,0.000,13.581,5.598,12.683
Cer77_rep9_Dep6_Tu0.5,0.000,0.000,0.000,0.000,0.000,0.000,27.325,0.000,0.000,0.000,1.744,70.930,0.000,0.000
Cer77_rep4_Dep6_Tu10,0.000,0.000,0.000,0.237,8.931,0.000,29.748,0.000,0.000,0.000,1.432,52.458,0.000,7.193
Cer77_rep9_Dep6_Tu20,0.000,0.000,0.000,0.644,6.568,9.784,29.157,0.000,0.000,0.000,0.352,33.424,0.196,19.876
Cer77_rep3_Dep6_Tu10,0.000,0.000,0.000,0.329,5.382,7.957,33.766,0.000,0.000,0.000,1.628,49.559,0.000,1.377
Cer77_rep6_Dep6_Tu5,0.000,0.000,0.000,0.070,1.846,0.000,36.282,0.000,0.000,0.000,1.141,60.661,0.000,0.000
Cer77_rep5_Dep6_Tu1,0.000,0.000,0.000,0.000,0.000,0.000,27.567,0.000,0.000,0.000,10.838,61.594,0.000,0.000
Cer77_rep5_Dep6_Tu0.3,0.000,0.000,0.000,0.000,0.000,0.000,26.173,0.000,0.000,0.000,15.279,58.547,0.000,0.000
Cer77_rep4_Dep6_Tu50,0.000,0.000,0.000,0.975,11.245,28.931,23.897,0.000,0.000,0.000,0.000,11.115,2.136,21.699
Cer77_rep6_Dep6_Tu0.3,0.000,0.000,0.000,0.000,0.000,0.000,17.614,0.000,0.000,0.000,17.040,65.345,0.000,0.000
Cer77_rep4_Dep6_Tu40,0.000,0.000,0.000,1.107,9.992,22.555,21.744,0.000,0.000,0.000,0.000,19.091,1.907,23.605
Cer77_rep10_Dep6_Tu5,0.000,0.000,0.000,0.159,0.062,0.000,38.034,0.000,0.000,0.000,1.297,60.448,0.000,0.000
Cer77_rep3_Dep6_Tu1,0.000,0.000,0.000,0.000,0.000,0.000,19.734,0.000,0.000,0.000,15.236,65.029,0.000,0.000
Cer77_rep8_Dep6_Tu40,0.000,0.000,0.000,0.704,14.839,25.475,24.383,0.000,0.000,0.000,0.000,18.005,1.038,15.555
Cer77_rep7_Dep6_Tu0.3,0.000,0.000,0.000,0.000,0.000,0.000,27.998,0.000,0.000,0.000,2.691,69.311,0.000,0.000
Cer77_rep3_Dep6_Tu0.1,0.000,0.000,0.000,0.000,0.000,0.000,18.974,0.000,0.000,0.000,15.618,65.407,0.000,0.000
Cer77_rep4_Dep6_Tu0.3,0.000,0.000,0.000,0.000,0.000,0.000,25.969,0.000,0.000,0.000,6.840,67.190,0.000,0.000
Cer77_rep6_Dep6_Tu2,0.000,0.000,0.000,0.019,0.000,0.000,26.260,0.000,0.000,0.000,14.298,59.423,0.000,0.000
Cer77_rep6_Dep6_Tu20,0.000,0.000,0.000,0.690,6.450,5.050,27.889,0.000,0.000,0.000,0.066,34.221,0.057,25.577
Cer77_rep9_Dep6_Tu40,0.000,0.000,0.000,0.887,8.948,37.596,20.675,0.000,0.000,0.000,0.000,17.282,0.407,14.204
Cer77_rep6_Dep6_Tu40,0.000,0.000,0.000,1.125,9.936,28.148,23.902,0.000,0.000,0.000,0.000,18.482,1.257,17.149
Cer77_rep8_Dep6_Tu5,0.000,0.000,0.000,0.070,0.464,8.726,27.268,0.000,0.000,0.000,11.508,51.964,0.000,0.000
Cer77_rep5_Dep6_Tu50,0.000,0.000,0.000,1.105,11.633,25.580,22.639,0.000,0.000,0.000,0.000,13.247,2.073,23.723
Cer77_rep1_Dep6_Tu30,0.000,0.000,0.000,0.575,3.817,27.683,22.159,0.000,0.000,0.000,0.000,23.784,4.614,17.368
Cer77_rep2_Dep6_Tu20,0.000,0.000,0.000,0.476,7.970,8.017,29.453,0.000,0.000,0.000,0.471,34.205,0.294,19.114
Cer77_rep4_Dep6_Tu0.5,0.000,0.000,0.000,0.000,0.000,0.000,25.492,0.000,0.000,0.000,15.708,58.799,0.000,0.000
Cer77_rep2_Dep6_Tu40,0.000,0.000,0.000,1.029,4.918,31.043,22.872,0.000,0.000,0.000,0.196,16.195,0.510,23.236
Cer77_rep8_Dep6_Tu30,0.000,0.000,0.000,0.572,12.859,26.531,25.229,0.000,0.000,0.000,0.000,24.792,0.737,9.280
Cer77_rep3_Dep6_Tu40,0.000,0.000,0.000,1.184,6.444,39.481,19.641,0.000,0.000,0.000,0.000,17.018,3.404,12.828
Cer77_rep4_Dep6_Tu0.1,0.000,0.000,0.000,0.000,0.000,0.000,32.240,0.000,0.012,0.000,3.664,64.083,0.000,0.000
Cer77_rep2_Dep6_Tu1,0.000,0.000,0.000,0.000,0.000,0.000,28.130,0.000,0.000,0.000,6.316,65.553,0.000,0.000
Cer77_rep3_Dep6_Tu3,0.000,0.000,0.000,0.003,0.073,0.000,31.960,0.000,0.000,0.000,4.176,63.730,0.000,0.057
Cer77_rep2_Dep6_Tu30,0.000,0.000,0.000,0.789,10.143,26.765,23.686,0.000,0.000,0.000,0.056,25.053,1.782,11.726
Cer77_rep9_Dep6_Tu30,0.000,0.000,0.000,0.603,6.613,45.511,21.196,0.000,0.000,0.000,0.501,21.127,0.310,4.138
Cer77_rep7_Dep6_Tu20,0.000,0.000,0.000,0.501,12.365,20.487,26.427,0.000,0.000,0.000,0.141,33.885,0.217,5.977
Cer77_rep6_Dep6_Tu1,0.000,0.000,0.000,0.000,0.000,0.000,26.838,0.000,0.000,0.000,5.546,67.615,0.000,0.000
Cer77_rep7_Dep6_Tu50,0.000,0.000,0.000,2.111,15.496,24.188,26.212,0.000,0.000,0.000,0.000,12.221,1.866,17.907
Cer77_rep3_Dep6_Tu5,0.000,0.000,0.000,0.151,1.010,1.284,31.145,0.000,0.000,0.000,2.937,63.473,0.000,0.000
Cer77_rep8_Dep6_Tu0.5,0.000,0.000,0.000,0.000,0.000,0.000,32.128,0.000,0.000,0.000,2.570,65.302,0.000,0.000
Cer77_rep9_Dep6_Tu0.3,0.000,0.000,0.000,0.000,0.000,0.000,25.835,0.000,1.627,0.000,2.615,69.922,0.000,0.000
Cer77_rep6_Dep6_Tu0.5,0.000,0.000,0.000,0.000,0.000,0.000,25.220,0.000,0.000,0.000,15.544,59.235,0.000,0.000
Cer77_rep7_Dep6_Tu1,0.000,0.000,0.000,0.000,0.000,0.000,26.752,0.000,0.000,0.000,2.942,70.305,0.000,0.000
Cer77_rep5_Dep6_Tu3,0.000,0.000,0.000,0.017,0.038,0.000,29.555,0.000,0.000,0.000,1.154,69.235,0.000,0.000
Cer77_rep10_Dep6_Tu3,0.000,0.000,0.000,0.002,0.000,0.000,27.836,0.000,0.000,0.000,9.405,62.757,0.000,0.000
Cer77_rep9_Dep6_Tu5,0.000,0.000,0.000,0.118,1.539,1.011,29.866,0.000,0.000,0.000,10.413,57.053,0.000,0.000
Cer77_rep10_Dep6_Tu20,0.000,0.000,0.000,1.567,8.835,23.798,25.570,0.000,0.000,0.000,2.220,30.231,0.139,7.641
Cer77_rep1_Dep6_Tu3,0.000,0.000,0.000,0.035,0.048,0.000,33.723,0.000,0.000,0.000,4.388,61.805,0.000,0.000
Cer77_rep5_Dep6_Tu2,0.000,0.000,0.000,0.000,0.034,0.000,25.890,0.000,0.000,0.000,15.155,58.920,0.000,0.000
Cer77_rep5_Dep6_Tu5,0.000,0.000,0.000,0.153,0.923,0.004,30.946,0.000,0.000,0.000,13.524,54.451,0.000,0.000
Cer77_rep8_Dep6_Tu2,0.000,0.000,0.000,0.008,0.000,0.000,21.552,0.000,0.000,0.000,15.238,63.202,0.000,0.000
Cer77_rep8_Dep6_Tu10,0.000,0.000,0.000,0.370,3.872,19.785,24.396,0.000,0.000,0.000,8.212,42.774,0.034,0.556
Cer77_rep10_Dep6_Tu30,0.000,0.000,0.000,0.881,7.847,22.736,24.854,0.000,0.000,0.000,0.000,24.086,0.298,19.297
Cer77_rep10_Dep6_Tu0.1,0.000,0.000,0.000,0.000,0.000,0.000,27.977,0.000,0.000,0.000,7.082,64.940,0.000,0.000
Cer77_rep6_Dep6_Tu3,0.000,0.000,0.000,0.032,0.000,0.009,35.112,0.000,0.000,0.000,2.343,62.503,0.000,0.000
Cer77_rep7_Dep6_Tu10,0.000,0.000,0.000,0.443,8.721,8.448,27.154,0.000,0.000,0.000,0.340,51.191,0.000,3.703
Cer77_rep1_Dep6_Tu0.1,0.000,0.000,0.000,0.000,0.000,0.000,24.726,0.000,0.000,0.000,2.714,72.559,0.000,0.000
Cer77_rep10_Dep6_Tu50,0.000,0.000,0.000,3.056,12.412,18.438,23.214,0.000,0.000,0.000,0.000,12.665,4.194,26.021
Cer77_rep3_Dep6_Tu2,0.000,0.000,0.000,0.004,0.005,0.000,33.437,0.000,0.000,0.000,4.115,62.438,0.000,0.000
Cer77_rep2_Dep6_Tu10,0.000,0.000,0.000,0.215,3.532,9.687,26.621,0.000,0.000,0.000,0.413,48.780,0.000,10.752
Cer77_rep4_Dep6_Tu5,0.000,0.000,0.000,0.174,0.193,0.074,30.912,0.000,0.000,0.000,13.974,54.673,0.000,0.000
Cer77_rep4_Dep6_Tu2,0.000,0.000,0.000,0.000,0.000,0.063,22.792,0.000,0.000,0.000,13.589,63.556,0.000,0.000
Cer77_rep8_Dep6_Tu3,0.000,0.000,0.000,0.000,0.062,0.169,25.234,0.000,0.000,0.000,8.961,65.573,0.000,0.000
Cer77_rep7_Dep6_Tu5,0.000,0.000,0.000,0.054,1.315,0.000,36.375,0.000,0.000,0.000,2.883,59.373,0.000,0.000
Cer77_rep4_Dep6_Tu3,0.000,0.000,0.000,0.030,0.528,0.000,23.088,0.000,0.000,0.000,12.215,64.138,0.000,0.000
Cer77_rep7_Dep6_Tu2,0.000,0.000,0.000,0.000,0.000,0.000,34.896,0.000,0.000,0.000,1.738,63.365,0.000,0.000
Cer77_rep10_Dep6_Tu40,0.000,0.000,0.000,1.040,4.177,27.391,22.571,0.000,0.000,0.000,0.000,16.833,1.413,26.575
Cer77_rep6_Dep6_Tu10,0.000,0.000,0.000,0.384,1.950,25.620,22.388,0.000,0.000,0.000,4.904,42.722,0.000,2.032
Cer77_rep6_Dep6_Tu50,0.000,0.000,0.000,1.468,13.415,37.127,23.601,0.000,0.000,0.000,0.000,12.471,0.705,11.213
Cer77_rep2_Dep6_Tu2,0.000,0.000,0.000,0.000,0.000,0.000,34.968,0.000,0.000,0.000,1.913,63.118,0.000,0.000
Cer77_rep1_Dep6_Tu5,0.000,0.000,0.000,0.043,1.600,0.079,36.184,0.000,0.000,0.000,1.363,60.685,0.000,0.046
Cer77_rep5_Dep6_Tu0.1,0.000,0.000,0.000,0.000,0.000,0.000,26.537,0.000,0.000,0.000,3.012,70.451,0.000,0.000
Cer77_rep9_Dep6_Tu50,0.000,0.000,0.000,0.970,13.718,28.019,20.993,0.000,0.000,0.000,0.000,11.924,11.472,12.903
Cer77_rep10_Dep6_Tu0.3,0.000,0.000,0.000,0.000,0.000,0.000,26.376,0.000,0.000,0.000,6.364,67.259,0.000,0.000
Cer77_rep3_Dep6_Tu0.3,0.000,0.000,0.000,0.000,0.000,0.000,32.099,0.000,0.000,0.000,2.604,65.295,0.000,0.000
Cer77_rep1_Dep6_Tu0.5,0.000,0.000,0.000,0.000,0.000,0.000,31.380,0.000,0.000,0.000,4.355,64.265,0.000,0.000
Cer77_rep4_Dep6_Tu1,0.000,0.000,0.000,0.000,0.000,0.000,26.526,0.000,0.000,0.000,15.702,57.771,0.000,0.000
Cer77_rep2_Dep6_Tu0.3,0.000,0.000,0.000,0.000,0.000,0.000,22.691,0.000,0.000,0.000,9.831,67.478,0.000,0.000
Cer77_rep10_Dep6_Tu10,0.000,0.000,0.000,0.258,5.433,13.623,29.998,0.000,0.000,0.000,3.011,44.756,0.000,2.921
Cer77_rep3_Dep6_Tu50,0.000,0.000,0.000,1.230,7.955,23.570,21.368,0.000,0.000,0.000,0.000,11.308,15.209,19.360
Cer77_rep3_Dep6_Tu0.5,0.000,0.000,0.000,0.000,0.000,0.000,17.617,0.000,0.000,0.000,17.041,65.341,0.000,0.000
Cer77_rep5_Dep6_Tu40,0.000,0.000,0.000,1.117,6.850,34.577,23.793,0.000,0.000,0.000,0.000,16.302,0.881,16.480
Cer77_rep9_Dep6_Tu2,0.000,0.000,0.000,0.000,0.000,0.000,29.195,0.000,0.000,0.000,2.893,67.911,0.000,0.000
Cer77_rep8_Dep6_Tu20,0.000,0.000,0.000,0.414,5.402,28.856,20.755,0.000,0.000,0.000,1.831,29.823,0.000,12.919
Cer77_rep7_Dep6_Tu0.5,0.000,0.000,0.000,0.000,0.000,0.000,32.262,0.000,0.000,0.000,1.795,65.942,0.000,0.000
Cer77_rep1_Dep6_Tu50,0.000,0.000,0.000,1.122,9.118,28.389,20.175,0.000,0.000,0.000,0.000,11.895,1.173,28.129
Cer77_rep10_Dep6_Tu1,0.000,0.000,0.000,0.000,0.000,0.000,22.888,0.000,0.000,0.000,10.309,66.802,0.000,0.000
Cer77_rep8_Dep6_Tu0.3,0.000,0.000,0.000,0.000,0.000,0.000,25.316,0.000,3.097,0.000,2.804,68.783,0.000,0.000
Cer77_rep4_Dep6_Tu20,0.000,0.000,0.000,0.473,4.139,34.185,25.378,0.000,0.000,0.000,0.699,29.455,0.138,5.533
Cer77_rep7_Dep6_Tu30,0.000,0.000,0.000,0.539,11.162,23.645,24.423,0.000,0.000,0.000,0.000,26.059,1.171,13.000
Cer77_rep7_Dep6_Tu40,0.000,0.000,0.000,0.816,6.285,40.784,20.038,0.000,0.000,0.000,0.000,15.781,3.145,13.149
Cer77_rep9_Dep6_Tu0.1,0.000,0.000,0.000,0.000,0.000,0.000,25.018,0.000,0.000,0.000,15.988,58.993,0.000,0.000
Cer77_rep5_Dep6_Tu20,0.000,0.000,0.000,0.496,3.546,25.311,24.376,0.000,0.000,0.000,5.579,29.178,0.267,11.246
Cer77_rep8_Dep6_Tu1,0.000,0.000,0.000,0.000,0.000,0.000,21.105,0.000,0.000,0.000,13.992,64.902,0.000,0.000
Cer77_rep6_Dep6_Tu0.1,0.000,0.000,0.000,0.000,0.000,0.000,32.233,0.000,0.000,0.000,3.257,64.509,0.000,0.000
Cer77_rep2_Dep6_Tu3,0.000,0.000,0.000,0.000,0.035,0.051,29.970,0.000,0.000,0.000,5.938,64.004,0.000,0.000
Cer77_rep1_Dep6_Tu0.3,0.000,0.000,0.000,0.000,0.000,0.000,31.030,0.000,0.000,0.000,5.514,63.455,0.000,0.000
Cer77_rep1_Dep6_Tu40,0.000,0.000,0.000,1.566,7.779,33.373,20.439,0.000,0.000,0.000,0.000,18.860,1.259,16.723
Cer77_rep6_Dep6_Tu30,0.000,0.000,0.000,1.641,6.477,32.872,24.880,0.000,0.000,0.000,1.228,22.121,1.647,9.134
Cer77_rep2_Dep6_Tu0.1,0.000,0.000,0.000,0.000,0.000,0.000,20.137,0.000,0.000,0.000,14.060,65.802,0.000,0.000
Cer77_rep1_Dep6_Tu20,0.000,0.000,0.000,0.984,7.337,31.633,23.826,0.000,0.000,0.000,4.923,29.116,0.000,2.181
Cer77_rep4_Dep6_Tu30,0.000,0.000,0.000,0.707,7.254,19.911,23.307,0.000,0.000,0.000,0.001,25.615,0.593,22.611
Cer77_rep10_Dep6_Tu0.5,0.000,0.000,0.000,0.000,0.000,0.000,25.203,0.000,0.000,0.000,10.495,64.301,0.000,0.000
Cer77_rep5_Dep6_Tu10,0.000,0.000,0.000,0.250,4.822,20.484,20.950,0.000,0.000,0.000,8.649,44.845,0.000,0.000
Cer77_rep9_Dep6_Tu1,0.000,0.000,0.000,0.000,0.000,0.000,28.577,0.000,0.000,0.000,2.515,68.908,0.000,0.000
Cer77_rep1_Dep6_Tu10,0.000,0.000,0.000,0.812,2.401,14.022,27.795,0.000,0.000,0.000,9.078,42.033,0.000,3.859
Cer77_rep8_Dep6_Tu0.1,0.000,0.000,0.000,0.000,0.000,0.000,24.363,0.000,0.000,0.000,14.333,61.303,0.000,0.000
Cer77_rep9_Dep6_Tu10,0.000,0.000,0.000,0.140,2.135,30.778,20.657,0.000,0.000,0.000,6.785,39.356,0.000,0.148
Cer77_rep7_Dep6_Tu0.1,0.000,0.000,0.000,0.000,0.000,0.000,27.971,0.000,0.000,0.000,1.556,70.472,0.000,0.000
