Sample,BRCA,CEAD,CESC,COAD,OV,READ,bcell,cd4tcell,cd8tcell,erythroblast,monocyte,naturalkillercell,neutrophil,Unknown-1
Colo_rep2_Dep6_Tu0.5,0.000,0.000,0.000,0.000,0.000,0.000,0.000,0.000,0.000,0.000,0.995,0.000,66.873,32.132
Colo_rep2_Dep6_Tu50,0.000,0.000,0.000,0.013,0.000,47.010,0.000,0.000,0.000,0.000,0.621,0.000,22.945,29.410
Colo_rep6_Dep6_Tu1,0.000,0.000,0.000,0.000,0.000,0.000,0.000,0.000,0.000,0.000,1.014,0.000,64.390,34.595
Colo_rep3_Dep6_Tu2,0.000,0.000,0.000,0.000,0.000,0.000,0.000,0.000,0.000,0.000,1.241,0.000,64.330,34.428
Colo_rep7_Dep6_Tu2,0.000,0.000,0.000,0.000,0.000,0.000,0.000,0.000,0.000,0.000,0.788,0.000,64.691,34.521
Colo_rep8_Dep6_Tu0.1,0.000,0.000,0.000,0.000,0.000,0.000,0.000,0.000,0.000,0.000,1.435,0.000,59.206,39.358
Colo_rep10_Dep6_Tu2,0.000,0.000,0.000,0.000,0.000,0.000,0.000,0.000,0.000,0.000,0.472,0.000,64.700,34.827
Colo_rep6_Dep6_Tu3,0.000,0.000,0.000,0.000,0.000,0.000,0.000,0.000,0.000,0.000,0.463,0.000,64.014,35.522
Colo_rep9_Dep6_Tu30,0.000,0.000,0.000,0.000,0.000,27.327,0.000,0.000,0.000,0.000,0.684,0.000,34.248,37.740
Colo_rep9_Dep6_Tu0.5,0.000,0.000,0.000,0.000,0.000,0.000,0.000,0.000,0.000,0.000,0.785,0.000,67.470,31.745
Colo_rep6_Dep6_Tu20,0.000,0.000,0.000,0.000,0.000,18.084,0.000,0.000,0.000,0.000,0.359,0.000,47.868,33.688
Colo_rep8_Dep6_Tu30,0.000,0.000,0.000,0.000,0.000,29.335,0.000,0.000,0.000,0.000,0.515,0.000,38.117,32.032
Colo_rep3_Dep6_Tu5,0.000,0.000,0.000,0.000,0.000,2.093,0.000,0.000,0.000,0.000,0.365,0.000,61.685,35.856
Colo_rep4_Dep6_Tu3,0.000,0.000,0.000,0.000,0.000,0.000,0.000,0.000,0.000,0.000,0.455,0.000,59.303,40.242
Colo_rep2_Dep6_Tu10,0.000,0.000,0.000,0.000,0.000,7.474,0.000,0.000,0.000,0.000,0.391,0.000,57.150,34.985
Colo_rep3_Dep6_Tu40,0.000,0.000,0.000,0.000,0.000,37.291,0.000,0.000,0.000,0.000,1.011,0.000,27.659,34.039
Colo_rep3_Dep6_Tu30,0.000,0.000,0.000,0.000,0.000,29.906,0.000,0.000,0.000,0.000,0.625,0.000,38.101,31.367
Colo_rep6_Dep6_Tu30,0.000,0.000,0.000,0.000,0.000,27.638,0.000,0.000,0.000,0.000,0.628,0.000,33.389,38.344
Colo_rep4_Dep6_Tu50,0.000,0.000,0.000,0.000,0.000,44.711,0.000,0.000,0.000,0.000,0.716,0.000,20.993,33.579
Colo_rep5_Dep6_Tu50,0.000,0.000,0.000,0.000,0.058,47.501,0.000,0.000,0.000,0.000,1.092,0.000,21.153,30.195
Colo_rep6_Dep6_Tu2,0.000,0.000,0.000,0.000,0.000,0.000,0.000,0.000,0.000,0.000,0.909,0.000,59.466,39.624
Colo_rep10_Dep6_Tu50,0.000,0.000,0.000,0.000,0.000,44.522,0.000,0.000,0.000,0.000,1.752,0.000,19.857,33.868
Colo_rep7_Dep6_Tu50,0.000,0.000,0.000,0.000,0.000,46.992,0.000,0.000,0.000,0.000,0.836,0.000,21.523,30.649
Colo_rep9_Dep6_Tu40,0.000,0.000,0.000,0.000,0.000,36.498,0.000,0.000,0.000,0.000,0.356,0.000,27.932,35.214
Colo_rep8_Dep6_Tu5,0.000,0.000,0.000,0.000,0.000,1.435,0.000,0.000,0.000,0.000,0.752,0.000,57.286,40.527
Colo_rep1_Dep6_Tu20,0.000,0.000,0.000,0.000,0.000,17.196,0.000,0.000,0.000,0.000,0.847,0.000,42.660,39.297
Colo_rep9_Dep6_Tu2,0.000,0.000,0.000,0.000,0.000,0.000,0.000,0.000,0.000,0.000,0.551,0.000,66.082,33.366
Colo_rep5_Dep6_Tu30,0.000,0.000,0.000,0.000,0.000,28.607,0.000,0.000,0.000,0.000,0.901,0.000,36.644,33.848
Colo_rep4_Dep6_Tu0.1,0.000,0.000,0.000,0.000,0.000,0.000,0.000,0.000,0.000,0.000,1.420,0.000,65.032,33.547
Colo_rep5_Dep6_Tu0.1,0.000,0.000,0.000,0.000,0.000,0.000,0.000,0.000,0.000,0.000,0.985,0.000,66.236,32.778
Colo_rep9_Dep6_Tu3,0.000,0.000,0.000,0.000,0.000,0.000,0.000,0.000,0.000,0.000,1.069,0.000,59.516,39.415
Colo_rep2_Dep6_Tu0.1,0.000,0.000,0.000,0.000,0.000,0.000,0.000,0.000,0.000,0.000,0.988,0.000,60.822,38.189
Colo_rep8_Dep6_Tu10,0.000,0.000,0.000,0.000,0.000,5.492,0.000,0.000,0.000,0.000,0.759,0.000,51.984,41.765
Colo_rep4_Dep6_Tu30,0.000,0.000,0.000,0.000,0.000,29.843,0.000,0.000,0.000,0.000,0.463,0.000,37.584,32.109
Colo_rep2_Dep6_Tu2,0.000,0.000,0.000,0.000,0.000,0.000,0.000,0.000,0.000,0.000,0.843,0.000,64.293,34.863
Colo_rep1_Dep6_Tu5,0.000,0.000,0.000,0.000,0.000,1.375,0.000,0.000,0.000,0.000,0.538,0.000,62.773,35.314
Colo_rep8_Dep6_Tu50,0.000,0.000,0.000,0.000,0.007,44.753,0.000,0.000,0.000,0.000,1.062,0.000,20.987,33.190
Colo_rep5_Dep6_Tu5,0.000,0.000,0.000,0.000,0.000,1.112,0.000,0.000,0.000,0.000,0.550,0.000,55.930,42.407
Colo_rep6_Dep6_Tu50,0.000,0.000,0.000,0.000,0.000,45.259,0.000,0.000,0.000,0.000,1.636,0.000,21.442,31.663
Colo_rep5_Dep6_Tu0.5,0.000,0.000,0.000,0.000,0.000,0.000,0.000,0.000,0.000,0.000,0.719,0.000,67.310,31.970
Colo_rep4_Dep6_Tu20,0.000,0.000,0.000,0.000,0.000,17.955,0.000,0.000,0.000,0.000,0.142,0.000,43.569,38.334
Colo_rep8_Dep6_Tu40,0.000,0.000,0.000,0.000,0.000,39.404,0.000,0.000,0.000,0.000,0.625,0.000,30.158,29.812
Colo_rep7_Dep6_Tu0.3,0.000,0.000,0.000,0.000,0.000,0.000,0.000,0.000,0.000,0.000,0.775,0.000,66.283,32.941
Colo_rep7_Dep6_Tu30,0.000,0.000,0.000,0.000,0.000,30.325,0.000,0.000,0.000,0.000,0.339,0.000,38.597,30.737
Colo_rep10_Dep6_Tu20,0.000,0.000,0.000,0.000,0.000,16.054,0.000,0.000,0.000,0.000,0.627,0.000,42.832,40.486
Colo_rep9_Dep6_Tu10,0.000,0.000,0.000,0.000,0.000,6.561,0.000,0.000,0.000,0.000,0.962,0.000,52.146,40.330
Colo_rep9_Dep6_Tu0.1,0.000,0.000,0.000,0.000,0.000,0.000,0.000,0.000,0.000,0.000,1.325,0.000,58.341,40.334
Colo_rep10_Dep6_Tu0.3,0.000,0.000,0.000,0.000,0.000,0.000,0.000,0.000,0.000,0.000,1.242,0.000,60.103,38.653
Colo_rep8_Dep6_Tu20,0.000,0.000,0.000,0.000,0.000,17.519,0.000,0.000,0.000,0.000,0.320,0.000,43.361,38.799
Colo_rep3_Dep6_Tu3,0.000,0.000,0.000,0.000,0.000,0.000,0.000,0.000,0.000,0.000,0.381,0.000,62.405,37.214
Colo_rep4_Dep6_Tu2,0.000,0.000,0.000,0.000,0.000,0.000,0.000,0.000,0.000,0.000,0.808,0.000,59.874,39.317
Colo_rep10_Dep6_Tu0.1,0.000,0.000,0.000,0.000,0.000,0.000,0.000,0.000,0.000,0.000,1.257,0.000,58.657,40.085
Colo_rep4_Dep6_Tu0.3,0.000,0.000,0.000,0.000,0.000,0.000,0.000,0.000,0.000,0.000,0.818,0.000,64.618,34.563
Colo_rep9_Dep6_Tu0.3,0.000,0.000,0.000,0.000,0.000,0.000,0.000,0.000,0.000,0.000,0.988,0.000,67.157,31.854
Colo_rep1_Dep6_Tu10,0.000,0.000,0.000,0.000,0.000,5.451,0.000,0.000,0.000,0.000,0.803,0.000,51.079,42.666
Colo_rep6_Dep6_Tu0.3,0.000,0.000,0.000,0.000,0.000,0.000,0.000,0.000,0.000,0.000,1.681,0.000,61.093,37.225
Colo_rep6_Dep6_Tu0.5,0.000,0.000,0.000,0.000,0.000,0.000,0.000,0.000,0.000,0.000,1.188,0.000,58.663,40.147
Colo_rep10_Dep6_Tu10,0.000,0.000,0.000,0.000,0.000,5.530,0.000,0.000,0.000,0.000,0.824,0.000,51.862,41.784
Colo_rep10_Dep6_Tu1,0.000,0.000,0.000,0.000,0.000,0.000,0.000,0.000,0.000,0.000,1.653,0.000,57.981,40.365
Colo_rep10_Dep6_Tu5,0.000,0.000,0.000,0.000,0.000,1.731,0.000,0.000,0.000,0.000,0.436,0.000,57.748,40.084
Colo_rep10_Dep6_Tu40,0.000,0.000,0.000,0.000,0.000,39.126,0.000,0.000,0.000,0.000,0.522,0.000,28.998,31.353
Colo_rep10_Dep6_Tu0.5,0.000,0.000,0.000,0.000,0.000,0.000,0.000,0.000,0.000,0.000,1.350,0.000,58.301,40.348
Colo_rep1_Dep6_Tu1,0.000,0.000,0.000,0.000,0.000,0.000,0.000,0.000,0.000,0.000,1.541,0.000,57.965,40.493
Colo_rep7_Dep6_Tu20,0.000,0.000,0.000,0.000,0.000,20.045,0.000,0.000,0.000,0.000,0.487,0.000,48.496,30.972
Colo_rep6_Dep6_Tu10,0.000,0.000,0.000,0.000,0.000,6.359,0.000,0.000,0.000,0.000,0.571,0.000,53.333,39.737
Colo_rep10_Dep6_Tu3,0.000,0.000,0.000,0.000,0.000,0.000,0.000,0.000,0.000,0.000,0.631,0.000,66.058,33.310
Colo_rep1_Dep6_Tu30,0.000,0.000,0.000,0.000,0.000,30.279,0.000,0.000,0.000,0.000,0.294,0.000,37.123,32.304
Colo_rep1_Dep6_Tu0.1,0.000,0.000,0.000,0.000,0.000,0.000,0.000,0.000,0.000,0.000,1.109,0.000,67.744,31.146
Colo_rep7_Dep6_Tu5,0.000,0.000,0.000,0.000,0.000,1.826,0.000,0.000,0.000,0.000,1.139,0.000,61.854,35.181
Colo_rep7_Dep6_Tu0.1,0.000,0.000,0.000,0.000,0.000,0.000,0.000,0.000,0.000,0.000,0.696,0.000,67.415,31.888
Colo_rep6_Dep6_Tu40,0.000,0.000,0.000,0.000,0.000,38.979,0.000,0.000,0.000,0.000,0.917,0.000,28.678,31.426
Colo_rep8_Dep6_Tu2,0.000,0.000,0.000,0.000,0.000,0.000,0.000,0.000,0.000,0.000,1.367,0.000,58.977,39.654
Colo_rep7_Dep6_Tu0.5,0.000,0.000,0.000,0.000,0.000,0.000,0.000,0.000,0.000,0.000,0.450,0.000,65.604,33.945
Colo_rep5_Dep6_Tu20,0.000,0.000,0.000,0.000,0.000,15.823,0.000,0.000,0.000,0.000,1.109,0.000,41.832,41.236
Colo_rep8_Dep6_Tu0.3,0.000,0.000,0.000,0.000,0.000,0.000,0.000,0.000,0.000,0.000,0.996,0.000,67.130,31.873
Colo_rep4_Dep6_Tu5,0.000,0.000,0.000,0.000,0.000,1.238,0.000,0.000,0.000,0.000,0.756,0.000,55.714,42.291
Colo_rep9_Dep6_Tu1,0.000,0.000,0.000,0.000,0.000,0.000,0.000,0.000,0.000,0.000,0.964,0.000,65.407,33.627
Colo_rep1_Dep6_Tu0.5,0.000,0.000,0.000,0.000,0.000,0.000,0.000,0.000,0.000,0.000,1.060,0.000,65.227,33.713
Colo_rep8_Dep6_Tu3,0.000,0.000,0.000,0.000,0.000,0.000,0.000,0.000,0.000,0.000,0.341,0.000,59.410,40.249
Colo_rep5_Dep6_Tu0.3,0.000,0.000,0.000,0.000,0.000,0.000,0.000,0.000,0.000,0.000,1.298,0.000,58.518,40.183
Colo_rep2_Dep6_Tu30,0.000,0.000,0.000,0.000,0.000,29.678,0.000,0.000,0.000,0.000,0.556,0.000,38.655,31.109
Colo_rep7_Dep6_Tu10,0.000,0.000,0.000,0.000,0.000,8.321,0.000,0.000,0.000,0.000,0.363,0.000,60.279,31.036
Colo_rep2_Dep6_Tu40,0.000,0.000,0.000,0.000,0.000,35.227,0.000,0.000,0.000,0.000,1.404,0.000,26.619,36.750
Colo_rep3_Dep6_Tu0.1,0.000,0.000,0.000,0.000,0.000,0.000,0.000,0.000,0.000,0.000,1.329,0.000,60.729,37.941
Colo_rep3_Dep6_Tu1,0.000,0.000,0.000,0.000,0.000,0.000,0.000,0.000,0.000,0.000,1.222,0.000,60.705,38.071
Colo_rep8_Dep6_Tu1,0.000,0.000,0.000,0.000,0.000,0.000,0.000,0.000,0.000,0.000,1.285,0.000,60.253,38.461
Colo_rep4_Dep6_Tu1,0.000,0.000,0.000,0.000,0.000,0.000,0.000,0.000,0.000,0.000,1.457,0.000,58.097,40.445
Colo_rep5_Dep6_Tu40,0.000,0.000,0.000,0.000,0.000,37.028,0.000,0.000,0.000,0.000,0.771,0.000,27.591,34.608
Colo_rep5_Dep6_Tu10,0.000,0.000,0.000,0.000,0.000,6.588,0.000,0.000,0.000,0.000,1.091,0.000,52.615,39.705
Colo_rep2_Dep6_Tu0.3,0.000,0.000,0.000,0.000,0.000,0.000,0.000,0.000,0.000,0.000,0.502,0.000,60.763,38.734
Colo_rep10_Dep6_Tu30,0.000,0.000,0.000,0.000,0.000,30.498,0.000,0.000,0.000,0.000,0.236,0.000,38.607,30.658
Colo_rep1_Dep6_Tu40,0.000,0.000,0.000,0.000,0.000,36.974,0.000,0.000,0.000,0.000,0.044,0.000,28.273,34.708
Colo_rep6_Dep6_Tu0.1,0.000,0.000,0.000,0.000,0.000,0.000,0.000,0.000,0.000,0.000,0.545,0.000,65.712,33.742
Colo_rep7_Dep6_Tu40,0.000,0.000,0.000,0.000,0.000,37.963,0.000,0.000,0.000,0.000,0.518,0.000,27.048,34.470
Colo_rep1_Dep6_Tu50,0.000,0.000,0.000,0.000,0.000,45.608,0.000,0.000,0.000,0.000,0.393,0.000,20.936,33.062
Colo_rep1_Dep6_Tu0.3,0.000,0.000,0.000,0.000,0.000,0.000,0.000,0.000,0.000,0.000,2.063,0.000,64.695,33.241
Colo_rep9_Dep6_Tu20,0.000,0.000,0.000,0.000,0.000,17.903,0.000,0.000,0.000,0.000,0.388,0.000,47.433,34.276
Colo_rep4_Dep6_Tu10,0.000,0.000,0.000,0.000,0.000,8.282,0.000,0.000,0.000,0.000,0.568,0.000,58.177,32.972
Colo_rep6_Dep6_Tu5,0.000,0.000,0.000,0.000,0.000,1.633,0.000,0.000,0.000,0.000,0.621,0.000,63.203,34.543
Colo_rep9_Dep6_Tu5,0.000,0.000,0.000,0.000,0.000,1.071,0.000,0.000,0.000,0.000,0.819,0.000,58.614,39.495
Colo_rep3_Dep6_Tu50,0.000,0.000,0.000,0.000,0.000,46.138,0.000,0.000,0.000,0.000,0.608,0.000,22.375,30.879
Colo_rep5_Dep6_Tu1,0.000,0.000,0.000,0.000,0.000,0.000,0.000,0.000,0.000,0.000,1.247,0.000,60.377,38.375
Colo_rep5_Dep6_Tu3,0.000,0.000,0.000,0.000,0.000,0.000,0.000,0.000,0.000,0.000,0.365,0.000,67.170,32.464
Colo_rep2_Dep6_Tu1,0.000,0.000,0.000,0.000,0.000,0.000,0.000,0.000,0.000,0.000,1.614,0.000,64.115,34.270
Colo_rep7_Dep6_Tu1,0.000,0.000,0.000,0.000,0.000,0.000,0.000,0.000,0.000,0.000,0.896,0.000,66.836,32.267
Colo_rep5_Dep6_Tu2,0.000,0.000,0.000,0.000,0.000,0.000,0.000,0.000,0.000,0.000,0.726,0.000,59.394,39.879
Colo_rep4_Dep6_Tu40,0.000,0.000,0.000,0.000,0.000,38.934,0.000,0.000,0.000,0.000,0.551,0.000,29.162,31.353
Colo_rep2_Dep6_Tu20,0.000,0.000,0.000,0.000,0.000,18.305,0.000,0.000,0.000,0.000,0.563,0.000,47.726,33.405
Colo_rep4_Dep6_Tu0.5,0.000,0.000,0.000,0.000,0.000,0.000,0.000,0.000,0.000,0.000,1.212,0.000,58.700,40.087
Colo_rep2_Dep6_Tu5,0.000,0.000,0.000,0.000,0.000,1.742,0.000,0.000,0.000,0.000,0.205,0.000,57.970,40.081
Colo_rep2_Dep6_Tu3,0.000,0.000,0.000,0.000,0.000,0.000,0.000,0.000,0.000,0.000,0.741,0.000,62.848,36.411
Colo_rep3_Dep6_Tu10,0.000,0.000,0.000,0.000,0.000,7.551,0.000,0.000,0.000,0.000,0.927,0.000,57.063,34.458
Colo_rep8_Dep6_Tu0.5,0.000,0.000,0.000,0.000,0.000,0.000,0.000,0.000,0.000,0.000,0.809,0.000,65.601,33.589
Colo_rep7_Dep6_Tu3,0.000,0.000,0.000,0.000,0.000,0.000,0.000,0.000,0.000,0.000,0.667,0.000,57.415,41.917
Colo_rep3_Dep6_Tu0.5,0.000,0.000,0.000,0.000,0.000,0.000,0.000,0.000,0.000,0.000,1.624,0.000,61.082,37.294
Colo_rep3_Dep6_Tu20,0.000,0.000,0.000,0.000,0.000,19.787,0.000,0.000,0.000,0.000,0.453,0.000,48.627,31.132
Colo_rep1_Dep6_Tu2,0.000,0.000,0.000,0.000,0.000,0.000,0.000,0.000,0.000,0.000,0.615,0.000,65.225,34.159
Colo_rep9_Dep6_Tu50,0.000,0.000,0.000,0.000,0.000,47.866,0.000,0.000,0.000,0.000,0.158,0.000,21.913,30.063
Colo_rep3_Dep6_Tu0.3,0.000,0.000,0.000,0.000,0.000,0.000,0.000,0.000,0.000,0.000,0.778,0.000,65.646,33.575
Colo_rep1_Dep6_Tu3,0.000,0.000,0.000,0.000,0.000,0.000,0.000,0.000,0.000,0.000,1.439,0.000,64.184,34.376
