Sample,BRCA,CEAD,CESC,COAD,OV,READ,bcell,cd4tcell,cd8tcell,erythroblast,monocyte,naturalkillercell,neutrophil,Unknown-1,Unknown-2,Unknown-3,Unknown-4,Unknown-5,Unknown-6,Unknown-7,Unknown-8,Unknown-9,Unknown-10
Colo_rep2_Dep6_Tu0.5,0.000,0.000,0.000,0.000,0.000,0.000,0.000,0.000,0.000,0.000,0.530,0.000,53.638,1.025,0.000,0.676,0.000,25.598,1.464,0.000,17.067,0.000,0.000
Colo_rep2_Dep6_Tu50,0.000,0.000,0.000,0.008,0.000,30.578,0.000,0.000,0.000,0.000,0.000,0.000,17.454,0.321,0.000,0.000,0.000,7.772,43.174,0.691,0.000,0.000,0.000
Colo_rep6_Dep6_Tu1,0.000,0.000,0.000,0.000,0.000,0.000,0.000,0.000,0.000,0.000,0.499,0.000,54.956,0.336,1.339,12.320,0.000,12.774,1.681,0.000,14.728,0.000,1.366
Colo_rep3_Dep6_Tu2,0.000,0.000,0.000,0.000,0.000,0.000,0.000,0.000,0.000,0.000,0.567,0.000,52.760,1.444,0.000,5.150,0.000,22.166,0.538,0.601,0.000,16.772,0.000
Colo_rep7_Dep6_Tu2,0.000,0.000,0.000,0.000,0.000,0.000,0.000,0.000,0.000,0.000,0.370,0.000,52.603,0.170,7.774,1.055,0.000,6.323,0.239,0.000,16.625,9.697,5.145
Colo_rep8_Dep6_Tu0.1,0.000,0.000,0.000,0.000,0.000,0.000,0.000,0.000,0.000,0.000,0.643,0.000,55.733,27.506,1.663,4.589,0.000,7.481,0.144,0.000,0.000,0.000,2.240
Colo_rep10_Dep6_Tu2,0.000,0.000,0.000,0.000,0.000,0.000,0.000,0.000,0.000,0.000,0.184,0.000,52.203,3.573,1.034,2.051,0.000,35.667,0.470,0.113,4.646,0.058,0.000
Colo_rep6_Dep6_Tu3,0.000,0.000,0.000,0.000,0.000,0.000,0.000,0.000,0.000,0.000,0.151,0.000,57.070,2.597,3.687,5.437,0.000,15.134,1.994,0.000,13.930,0.000,0.000
Colo_rep9_Dep6_Tu30,0.000,0.000,0.000,0.000,0.000,19.896,0.000,0.000,0.000,0.000,0.178,0.000,28.844,21.500,0.000,1.236,0.000,7.449,20.163,0.733,0.000,0.000,0.000
Colo_rep9_Dep6_Tu0.5,0.000,0.000,0.000,0.000,0.000,0.000,0.000,0.000,0.000,0.000,0.337,0.000,53.728,1.675,6.821,0.738,0.000,33.839,0.626,0.000,2.098,0.137,0.000
Colo_rep6_Dep6_Tu20,0.000,0.000,0.000,0.000,0.000,13.475,0.000,0.000,0.000,0.000,0.053,0.000,41.446,0.177,0.000,0.518,0.000,16.926,5.102,1.177,0.000,20.365,0.760
Colo_rep8_Dep6_Tu30,0.000,0.000,0.000,0.000,0.000,21.248,0.000,0.000,0.000,0.000,0.155,0.000,32.111,1.133,0.000,0.081,0.000,27.715,10.384,6.695,0.000,0.477,0.000
Colo_rep3_Dep6_Tu5,0.000,0.000,0.000,0.000,0.000,1.434,0.000,0.000,0.000,0.000,0.095,0.000,51.120,3.351,2.928,11.298,0.000,24.232,1.330,0.000,3.668,0.000,0.545
Colo_rep4_Dep6_Tu3,0.000,0.000,0.000,0.000,0.000,0.000,0.000,0.000,0.000,0.000,0.220,0.000,50.331,32.471,0.000,2.482,0.000,11.372,0.371,0.366,0.290,0.000,2.095
Colo_rep2_Dep6_Tu10,0.000,0.000,0.000,0.000,0.000,4.304,0.000,0.000,0.000,0.000,0.141,0.000,46.579,2.846,0.000,1.273,0.000,38.018,6.604,0.000,0.000,0.000,0.235
Colo_rep3_Dep6_Tu40,0.000,0.000,0.000,0.000,0.000,25.987,0.000,0.000,0.000,0.000,0.216,0.000,26.574,0.000,0.000,6.395,0.000,4.973,35.853,0.000,0.000,0.000,0.000
Colo_rep3_Dep6_Tu30,0.000,0.000,0.000,0.000,0.000,14.946,0.000,0.000,0.000,0.000,0.141,0.000,31.497,0.000,0.000,0.000,0.000,9.693,43.722,0.000,0.000,0.000,0.000
Colo_rep6_Dep6_Tu30,0.000,0.000,0.000,0.000,0.000,19.626,0.000,0.000,0.000,0.000,0.055,0.000,29.741,8.811,0.000,0.000,0.000,8.443,0.912,32.410,0.000,0.000,0.000
Colo_rep4_Dep6_Tu50,0.000,0.000,0.000,0.000,0.000,33.371,0.000,0.000,0.000,0.000,0.068,0.000,19.007,1.878,0.000,2.388,0.000,2.252,21.827,18.866,0.000,0.343,0.000
Colo_rep5_Dep6_Tu50,0.000,0.000,0.000,0.000,0.000,31.288,0.000,0.000,0.000,0.000,0.181,0.000,17.869,0.000,0.000,0.000,0.000,6.077,44.342,0.241,0.000,0.000,0.000
Colo_rep6_Dep6_Tu2,0.000,0.000,0.000,0.000,0.000,0.000,0.000,0.000,0.000,0.000,0.370,0.000,54.400,23.313,0.108,7.538,0.000,6.605,0.000,7.663,0.000,0.000,0.000
Colo_rep10_Dep6_Tu50,0.000,0.000,0.000,0.000,0.000,33.393,0.000,0.000,0.000,0.000,0.464,0.000,18.985,1.291,0.000,0.000,25.013,5.395,11.093,4.366,0.000,0.000,0.000
Colo_rep7_Dep6_Tu50,0.000,0.000,0.000,0.000,0.000,32.930,0.000,0.000,0.000,0.000,0.155,0.000,17.508,0.000,0.000,0.510,2.523,8.944,18.979,18.450,0.000,0.000,0.000
Colo_rep9_Dep6_Tu40,0.000,0.000,0.000,0.000,0.000,23.435,0.000,0.000,0.000,0.000,0.030,0.000,24.323,0.000,0.000,0.000,9.715,8.249,21.102,13.145,0.000,0.000,0.000
Colo_rep8_Dep6_Tu5,0.000,0.000,0.000,0.000,0.000,1.289,0.000,0.000,0.000,0.000,0.259,0.000,51.915,19.636,0.430,16.078,0.000,4.146,0.360,1.987,1.275,1.218,1.407
Colo_rep1_Dep6_Tu20,0.000,0.000,0.000,0.000,0.000,13.725,0.000,0.000,0.000,0.000,0.253,0.000,37.159,1.288,0.000,32.735,0.000,6.358,2.581,5.899,0.000,0.000,0.000
Colo_rep9_Dep6_Tu2,0.000,0.000,0.000,0.000,0.000,0.000,0.000,0.000,0.000,0.000,0.228,0.000,55.302,2.318,0.000,3.212,0.000,31.461,1.081,0.123,6.269,0.005,0.000
Colo_rep5_Dep6_Tu30,0.000,0.000,0.000,0.000,0.000,21.245,0.000,0.000,0.000,0.000,0.197,0.000,29.257,0.404,0.000,0.000,0.000,16.010,10.583,2.682,0.000,19.622,0.000
Colo_rep4_Dep6_Tu0.1,0.000,0.000,0.000,0.000,0.000,0.000,0.000,0.000,0.000,0.000,0.743,0.000,60.462,1.872,11.070,0.000,0.000,8.596,2.546,0.000,14.709,0.000,0.000
Colo_rep5_Dep6_Tu0.1,0.000,0.000,0.000,0.000,0.000,0.000,0.000,0.000,0.000,0.000,0.479,0.000,52.352,3.781,0.000,0.308,0.000,9.885,0.881,0.000,32.314,0.000,0.000
Colo_rep9_Dep6_Tu3,0.000,0.000,0.000,0.000,0.000,0.000,0.000,0.000,0.000,0.000,0.414,0.000,50.008,36.196,0.093,0.326,0.000,12.111,0.000,0.000,0.850,0.000,0.000
Colo_rep2_Dep6_Tu0.1,0.000,0.000,0.000,0.000,0.000,0.000,0.000,0.000,0.000,0.000,0.484,0.000,51.377,33.225,0.000,3.823,0.000,9.808,0.000,0.233,0.325,0.000,0.723
Colo_rep8_Dep6_Tu10,0.000,0.000,0.000,0.000,0.000,3.140,0.000,0.000,0.000,0.000,0.176,0.000,44.457,22.208,0.000,0.000,0.617,4.503,0.578,19.002,0.000,4.845,0.474
Colo_rep4_Dep6_Tu30,0.000,0.000,0.000,0.000,0.000,24.071,0.000,0.000,0.000,0.000,0.028,0.000,30.015,0.465,0.000,1.549,0.000,41.915,1.527,0.429,0.000,0.000,0.000
Colo_rep2_Dep6_Tu2,0.000,0.000,0.000,0.000,0.000,0.000,0.000,0.000,0.000,0.000,0.411,0.000,55.678,2.073,0.000,6.165,0.000,10.980,1.123,0.767,13.977,8.824,0.000
Colo_rep1_Dep6_Tu5,0.000,0.000,0.000,0.000,0.000,1.250,0.000,0.000,0.000,0.000,0.181,0.000,53.725,2.648,0.511,0.000,0.000,12.941,0.000,1.017,4.246,22.894,0.586
Colo_rep8_Dep6_Tu50,0.000,0.000,0.000,0.000,0.000,29.548,0.000,0.000,0.000,0.000,0.095,0.000,15.654,0.266,0.000,0.015,0.000,3.210,7.834,43.377,0.000,0.000,0.000
Colo_rep5_Dep6_Tu5,0.000,0.000,0.000,0.000,0.000,0.780,0.000,0.000,0.000,0.000,0.164,0.000,48.699,10.917,0.000,11.622,0.000,4.534,0.423,1.362,0.000,0.000,21.497
Colo_rep6_Dep6_Tu50,0.000,0.000,0.000,0.000,0.000,36.690,0.000,0.000,0.000,0.000,0.390,0.000,16.605,0.330,0.000,24.548,0.000,3.872,17.563,0.000,0.000,0.000,0.000
Colo_rep5_Dep6_Tu0.5,0.000,0.000,0.000,0.000,0.000,0.000,0.000,0.000,0.000,0.000,0.365,0.000,55.335,2.097,0.000,0.000,0.000,21.983,1.870,0.000,16.810,1.539,0.000
Colo_rep4_Dep6_Tu20,0.000,0.000,0.000,0.000,0.000,13.546,0.000,0.000,0.000,0.000,0.000,0.000,40.605,16.111,0.000,0.000,0.000,12.651,8.368,8.718,0.000,0.000,0.000
Colo_rep8_Dep6_Tu40,0.000,0.000,0.000,0.000,0.000,22.289,0.000,0.000,0.000,0.000,0.000,0.000,22.183,0.142,0.000,0.000,0.000,12.656,42.729,0.000,0.000,0.000,0.000
Colo_rep7_Dep6_Tu0.3,0.000,0.000,0.000,0.000,0.000,0.000,0.000,0.000,0.000,0.000,0.407,0.000,55.666,2.056,1.058,3.452,0.000,29.421,0.794,0.000,7.145,0.000,0.000
Colo_rep7_Dep6_Tu30,0.000,0.000,0.000,0.000,0.000,15.086,0.000,0.000,0.000,0.000,0.000,0.000,28.162,0.229,0.000,0.000,0.000,18.611,37.037,0.000,0.000,0.000,0.873
Colo_rep10_Dep6_Tu20,0.000,0.000,0.000,0.000,0.000,9.301,0.000,0.000,0.000,0.000,0.158,0.000,36.607,8.550,0.000,2.621,10.632,5.642,0.000,24.147,0.000,2.341,0.000
Colo_rep9_Dep6_Tu10,0.000,0.000,0.000,0.000,0.000,4.687,0.000,0.000,0.000,0.000,0.443,0.000,44.954,32.854,0.000,0.467,0.000,11.436,1.788,3.369,0.000,0.000,0.000
Colo_rep9_Dep6_Tu0.1,0.000,0.000,0.000,0.000,0.000,0.000,0.000,0.000,0.000,0.000,0.605,0.000,53.461,21.031,0.000,18.337,0.000,4.549,0.000,2.014,0.000,0.000,0.000
Colo_rep10_Dep6_Tu0.3,0.000,0.000,0.000,0.000,0.000,0.000,0.000,0.000,0.000,0.000,0.560,0.000,55.495,22.662,0.000,9.561,0.000,5.883,0.000,5.231,0.000,0.000,0.606
Colo_rep8_Dep6_Tu20,0.000,0.000,0.000,0.000,0.000,14.571,0.000,0.000,0.000,0.000,0.021,0.000,36.262,25.558,0.000,2.837,0.000,20.610,0.000,0.000,0.000,0.000,0.140
Colo_rep3_Dep6_Tu3,0.000,0.000,0.000,0.000,0.000,0.000,0.000,0.000,0.000,0.000,0.111,0.000,54.540,11.290,0.940,2.979,0.000,28.384,0.000,1.755,0.000,0.000,0.000
Colo_rep4_Dep6_Tu2,0.000,0.000,0.000,0.000,0.000,0.000,0.000,0.000,0.000,0.000,0.371,0.000,52.341,32.312,0.000,0.129,0.183,12.586,0.000,0.385,0.000,0.000,1.692
Colo_rep10_Dep6_Tu0.1,0.000,0.000,0.000,0.000,0.000,0.000,0.000,0.000,0.000,0.000,0.585,0.000,55.201,31.372,0.000,0.899,0.000,3.758,0.491,1.364,1.062,1.607,3.660
Colo_rep4_Dep6_Tu0.3,0.000,0.000,0.000,0.000,0.000,0.000,0.000,0.000,0.000,0.000,0.327,0.000,56.341,8.865,0.000,5.025,0.000,13.208,1.626,0.000,14.605,0.000,0.000
Colo_rep9_Dep6_Tu0.3,0.000,0.000,0.000,0.000,0.000,0.000,0.000,0.000,0.000,0.000,0.437,0.000,51.895,1.889,1.330,0.000,0.000,23.328,0.364,0.000,20.326,0.431,0.000
Colo_rep1_Dep6_Tu10,0.000,0.000,0.000,0.000,0.000,4.337,0.000,0.000,0.000,0.000,0.308,0.000,45.715,13.986,0.000,25.163,0.605,4.005,0.333,5.454,0.000,0.093,0.000
Colo_rep6_Dep6_Tu0.3,0.000,0.000,0.000,0.000,0.000,0.000,0.000,0.000,0.000,0.000,0.806,0.000,51.911,35.387,0.000,0.859,0.000,10.181,0.000,0.854,0.000,0.000,0.000
Colo_rep6_Dep6_Tu0.5,0.000,0.000,0.000,0.000,0.000,0.000,0.000,0.000,0.000,0.000,0.517,0.000,55.000,28.642,0.000,9.644,0.000,2.991,0.000,1.483,1.722,0.000,0.000
Colo_rep10_Dep6_Tu10,0.000,0.000,0.000,0.000,0.000,5.236,0.000,0.000,0.000,0.000,0.288,0.000,46.941,23.805,2.169,5.145,0.000,7.632,0.000,6.383,0.000,0.000,2.400
Colo_rep10_Dep6_Tu1,0.000,0.000,0.000,0.000,0.000,0.000,0.000,0.000,0.000,0.000,0.771,0.000,53.522,16.391,0.041,24.061,0.000,3.850,0.000,1.364,0.000,0.000,0.000
Colo_rep10_Dep6_Tu5,0.000,0.000,0.000,0.000,0.000,1.436,0.000,0.000,0.000,0.000,0.146,0.000,48.219,32.863,0.000,4.418,0.000,11.518,0.530,0.000,0.806,0.062,0.000
Colo_rep10_Dep6_Tu40,0.000,0.000,0.000,0.000,0.000,26.673,0.000,0.000,0.000,0.000,0.060,0.000,22.794,0.000,0.000,0.000,0.000,18.122,27.998,4.351,0.000,0.000,0.000
Colo_rep10_Dep6_Tu0.5,0.000,0.000,0.000,0.000,0.000,0.000,0.000,0.000,0.000,0.000,0.597,0.000,51.956,18.159,0.000,7.775,0.000,3.266,0.036,1.180,0.000,0.000,17.029
Colo_rep1_Dep6_Tu1,0.000,0.000,0.000,0.000,0.000,0.000,0.000,0.000,0.000,0.000,0.780,0.000,55.300,30.939,0.000,5.957,0.000,3.964,0.000,0.000,3.059,0.000,0.000
Colo_rep7_Dep6_Tu20,0.000,0.000,0.000,0.000,0.000,9.332,0.000,0.000,0.000,0.000,0.125,0.000,36.076,0.332,2.511,0.308,0.000,29.453,21.055,0.542,0.000,0.000,0.264
Colo_rep6_Dep6_Tu10,0.000,0.000,0.000,0.000,0.000,4.919,0.000,0.000,0.000,0.000,0.198,0.000,46.373,33.374,0.199,0.589,0.000,10.406,3.373,0.000,0.434,0.000,0.133
Colo_rep10_Dep6_Tu3,0.000,0.000,0.000,0.000,0.000,0.000,0.000,0.000,0.000,0.000,0.261,0.000,51.943,1.333,1.107,0.570,0.000,33.970,0.000,0.386,10.429,0.000,0.000
Colo_rep1_Dep6_Tu30,0.000,0.000,0.000,0.000,0.000,19.865,0.000,0.000,0.000,0.000,0.021,0.000,30.817,0.000,0.000,1.264,0.000,23.720,24.310,0.000,0.000,0.000,0.000
Colo_rep1_Dep6_Tu0.1,0.000,0.000,0.000,0.000,0.000,0.000,0.000,0.000,0.000,0.000,0.517,0.000,54.512,0.414,0.705,0.000,0.000,10.081,2.372,0.000,31.398,0.000,0.000
Colo_rep7_Dep6_Tu5,0.000,0.000,0.000,0.000,0.000,0.896,0.000,0.000,0.000,0.000,0.479,0.000,56.812,1.177,7.837,0.703,0.000,19.676,4.694,0.214,5.293,0.000,2.218
Colo_rep7_Dep6_Tu0.1,0.000,0.000,0.000,0.000,0.000,0.000,0.000,0.000,0.000,0.000,0.375,0.000,54.336,1.315,1.114,2.366,0.000,33.516,0.000,0.000,6.937,0.000,0.040
Colo_rep6_Dep6_Tu40,0.000,0.000,0.000,0.000,0.000,20.777,0.000,0.000,0.000,0.000,0.212,0.000,22.526,0.335,0.000,0.000,0.000,4.395,51.753,0.000,0.000,0.000,0.000
Colo_rep8_Dep6_Tu2,0.000,0.000,0.000,0.000,0.000,0.000,0.000,0.000,0.000,0.000,0.635,0.000,52.771,34.939,0.000,0.398,0.000,10.642,0.614,0.000,0.000,0.000,0.000
Colo_rep7_Dep6_Tu0.5,0.000,0.000,0.000,0.000,0.000,0.000,0.000,0.000,0.000,0.000,0.121,0.000,55.179,0.512,0.370,4.018,0.000,10.350,0.238,0.138,16.464,10.271,2.337
Colo_rep5_Dep6_Tu20,0.000,0.000,0.000,0.000,0.000,8.503,0.000,0.000,0.000,0.000,0.335,0.000,36.394,14.592,0.000,1.077,33.100,3.276,2.721,0.000,0.000,0.000,0.000
Colo_rep8_Dep6_Tu0.3,0.000,0.000,0.000,0.000,0.000,0.000,0.000,0.000,0.000,0.000,0.430,0.000,51.863,1.955,1.427,0.000,0.000,23.419,0.167,0.000,20.252,0.486,0.000
Colo_rep4_Dep6_Tu5,0.000,0.000,0.000,0.000,0.000,0.995,0.000,0.000,0.000,0.000,0.252,0.000,47.551,14.969,0.000,13.380,0.000,4.900,0.000,0.409,0.000,0.000,17.542
Colo_rep9_Dep6_Tu1,0.000,0.000,0.000,0.000,0.000,0.000,0.000,0.000,0.000,0.000,0.504,0.000,50.611,3.098,0.060,0.935,0.000,10.244,1.130,0.000,33.416,0.000,0.000
Colo_rep1_Dep6_Tu0.5,0.000,0.000,0.000,0.000,0.000,0.000,0.000,0.000,0.000,0.000,0.524,0.000,54.650,1.157,0.000,7.819,0.000,13.162,0.000,0.794,13.840,7.663,0.390
Colo_rep8_Dep6_Tu3,0.000,0.000,0.000,0.000,0.000,0.000,0.000,0.000,0.000,0.000,0.097,0.000,48.398,35.146,4.933,0.000,0.000,6.544,0.000,0.191,2.264,0.000,2.426
Colo_rep5_Dep6_Tu0.3,0.000,0.000,0.000,0.000,0.000,0.000,0.000,0.000,0.000,0.000,0.558,0.000,51.945,13.646,0.000,7.780,0.000,4.546,0.000,0.774,0.000,0.000,20.750
Colo_rep2_Dep6_Tu30,0.000,0.000,0.000,0.000,0.000,19.221,0.000,0.000,0.000,0.000,0.114,0.000,29.480,0.521,0.618,0.000,0.000,28.559,21.407,0.079,0.000,0.000,0.000
Colo_rep7_Dep6_Tu10,0.000,0.000,0.000,0.000,0.000,3.281,0.000,0.000,0.000,0.000,0.092,0.000,46.487,0.644,5.264,0.062,0.000,37.042,6.917,0.164,0.000,0.047,0.000
Colo_rep2_Dep6_Tu40,0.000,0.000,0.000,0.000,0.000,21.775,0.000,0.000,0.000,0.000,0.187,0.000,22.970,0.223,0.000,0.714,43.756,4.687,4.078,1.609,0.000,0.000,0.000
Colo_rep3_Dep6_Tu0.1,0.000,0.000,0.000,0.000,0.000,0.000,0.000,0.000,0.000,0.000,0.704,0.000,53.237,32.874,0.000,2.895,0.000,10.288,0.000,0.000,0.000,0.000,0.000
Colo_rep3_Dep6_Tu1,0.000,0.000,0.000,0.000,0.000,0.000,0.000,0.000,0.000,0.000,0.587,0.000,54.190,32.600,0.075,2.338,0.000,9.501,0.245,0.464,0.000,0.000,0.000
Colo_rep8_Dep6_Tu1,0.000,0.000,0.000,0.000,0.000,0.000,0.000,0.000,0.000,0.000,0.606,0.000,53.387,33.855,2.699,1.265,0.000,7.669,0.370,0.149,0.000,0.000,0.000
Colo_rep4_Dep6_Tu1,0.000,0.000,0.000,0.000,0.000,0.000,0.000,0.000,0.000,0.000,0.685,0.000,51.736,18.391,0.000,8.684,0.046,2.931,0.000,0.259,0.000,0.000,17.268
Colo_rep5_Dep6_Tu40,0.000,0.000,0.000,0.000,0.000,20.717,0.000,0.000,0.000,0.000,0.098,0.000,23.012,0.000,0.000,0.000,24.087,6.012,26.008,0.000,0.066,0.000,0.000
Colo_rep5_Dep6_Tu10,0.000,0.000,0.000,0.000,0.000,4.992,0.000,0.000,0.000,0.000,0.507,0.000,44.788,32.296,0.000,0.652,0.000,14.446,2.317,0.000,0.000,0.000,0.000
Colo_rep2_Dep6_Tu0.3,0.000,0.000,0.000,0.000,0.000,0.000,0.000,0.000,0.000,0.000,0.195,0.000,50.774,34.346,2.227,1.136,0.000,5.329,0.000,0.179,4.009,0.000,1.805
Colo_rep10_Dep6_Tu30,0.000,0.000,0.000,0.000,0.000,18.193,0.000,0.000,0.000,0.000,0.000,0.000,31.618,0.151,0.000,0.000,0.000,19.700,30.282,0.000,0.000,0.054,0.000
Colo_rep1_Dep6_Tu40,0.000,0.000,0.000,0.000,0.000,25.207,0.000,0.000,0.000,0.000,0.000,0.000,22.912,5.729,0.000,0.000,14.648,8.485,18.593,3.819,0.000,0.098,0.508
Colo_rep6_Dep6_Tu0.1,0.000,0.000,0.000,0.000,0.000,0.000,0.000,0.000,0.000,0.000,0.390,0.000,58.389,2.294,0.237,0.000,0.000,9.894,1.982,0.000,16.016,10.798,0.000
Colo_rep7_Dep6_Tu40,0.000,0.000,0.000,0.000,0.000,30.101,0.000,0.000,0.000,0.000,0.081,0.000,23.970,4.359,0.000,2.843,0.000,11.929,11.188,15.529,0.000,0.000,0.000
Colo_rep1_Dep6_Tu50,0.000,0.000,0.000,0.000,0.000,29.617,0.000,0.000,0.000,0.000,0.000,0.000,15.502,0.000,0.000,0.000,42.707,4.597,7.576,0.000,0.000,0.000,0.000
Colo_rep1_Dep6_Tu0.3,0.000,0.000,0.000,0.000,0.000,0.000,0.000,0.000,0.000,0.000,0.746,0.000,57.142,2.862,0.000,0.000,0.000,17.895,0.215,0.000,0.000,21.139,0.000
Colo_rep9_Dep6_Tu20,0.000,0.000,0.000,0.000,0.000,11.979,0.000,0.000,0.000,0.000,0.061,0.000,40.640,1.813,0.000,0.000,0.000,27.521,2.354,15.632,0.000,0.000,0.000
Colo_rep4_Dep6_Tu10,0.000,0.000,0.000,0.000,0.000,5.050,0.000,0.000,0.000,0.000,0.266,0.000,48.275,1.053,0.344,1.902,0.000,32.213,4.710,0.169,6.016,0.000,0.000
Colo_rep6_Dep6_Tu5,0.000,0.000,0.000,0.000,0.000,1.012,0.000,0.000,0.000,0.000,0.247,0.000,49.848,0.000,11.611,0.038,0.000,5.700,0.874,0.000,17.196,6.702,6.772
Colo_rep9_Dep6_Tu5,0.000,0.000,0.000,0.000,0.000,0.598,0.000,0.000,0.000,0.000,0.285,0.000,49.997,3.594,1.072,35.337,0.000,7.756,0.483,0.000,0.000,0.401,0.476
Colo_rep3_Dep6_Tu50,0.000,0.000,0.000,0.000,0.000,32.785,0.000,0.000,0.000,0.000,0.056,0.000,19.585,0.000,0.000,0.000,0.000,5.465,28.750,13.358,0.000,0.000,0.000
Colo_rep5_Dep6_Tu1,0.000,0.000,0.000,0.000,0.000,0.000,0.000,0.000,0.000,0.000,0.573,0.000,52.143,3.492,0.699,35.167,0.000,7.389,0.096,0.000,0.000,0.000,0.439
Colo_rep5_Dep6_Tu3,0.000,0.000,0.000,0.000,0.000,0.000,0.000,0.000,0.000,0.000,0.097,0.000,52.234,1.798,5.546,0.997,0.000,31.310,1.693,0.000,5.522,0.000,0.800
Colo_rep2_Dep6_Tu1,0.000,0.000,0.000,0.000,0.000,0.000,0.000,0.000,0.000,0.000,1.033,0.000,56.828,9.236,0.687,1.782,0.000,17.923,0.473,1.188,10.848,0.000,0.000
Colo_rep7_Dep6_Tu1,0.000,0.000,0.000,0.000,0.000,0.000,0.000,0.000,0.000,0.000,0.490,0.000,56.897,1.368,1.393,0.000,0.000,19.034,2.938,0.000,17.372,0.506,0.000
Colo_rep5_Dep6_Tu2,0.000,0.000,0.000,0.000,0.000,0.000,0.000,0.000,0.000,0.000,0.227,0.000,53.011,10.493,1.313,29.221,0.000,5.342,0.000,0.000,0.000,0.391,0.000
Colo_rep4_Dep6_Tu40,0.000,0.000,0.000,0.000,0.000,23.334,0.000,0.000,0.000,0.000,0.049,0.000,22.723,0.000,0.000,0.000,0.000,12.488,41.130,0.274,0.000,0.000,0.000
Colo_rep2_Dep6_Tu20,0.000,0.000,0.000,0.000,0.000,10.007,0.000,0.000,0.000,0.000,0.140,0.000,35.285,0.000,0.000,1.028,0.000,17.919,0.729,13.221,1.433,20.238,0.000
Colo_rep4_Dep6_Tu0.5,0.000,0.000,0.000,0.000,0.000,0.000,0.000,0.000,0.000,0.000,0.514,0.000,53.032,20.887,0.000,3.801,0.000,2.658,0.000,0.386,0.000,0.000,18.721
Colo_rep2_Dep6_Tu5,0.000,0.000,0.000,0.000,0.000,1.232,0.000,0.000,0.000,0.000,0.000,0.000,46.700,33.712,6.714,0.938,0.000,5.888,0.000,1.021,2.343,0.000,1.450
Colo_rep2_Dep6_Tu3,0.000,0.000,0.000,0.000,0.000,0.000,0.000,0.000,0.000,0.000,0.381,0.000,55.190,11.919,1.284,0.028,0.000,21.766,1.421,0.072,5.761,2.178,0.000
Colo_rep3_Dep6_Tu10,0.000,0.000,0.000,0.000,0.000,4.270,0.000,0.000,0.000,0.000,0.278,0.000,48.478,2.454,5.049,0.693,0.000,12.617,6.150,0.000,0.000,20.010,0.000
Colo_rep8_Dep6_Tu0.5,0.000,0.000,0.000,0.000,0.000,0.000,0.000,0.000,0.000,0.000,0.293,0.000,53.420,1.313,0.000,0.648,0.000,10.516,0.000,0.963,8.404,22.532,1.911
Colo_rep7_Dep6_Tu3,0.000,0.000,0.000,0.000,0.000,0.000,0.000,0.000,0.000,0.000,0.214,0.000,49.345,14.194,0.726,8.460,0.000,4.614,0.000,1.028,0.000,0.000,21.417
Colo_rep3_Dep6_Tu0.5,0.000,0.000,0.000,0.000,0.000,0.000,0.000,0.000,0.000,0.000,0.575,0.000,52.109,35.464,0.000,0.698,0.000,10.289,0.000,0.864,0.000,0.000,0.000
Colo_rep3_Dep6_Tu20,0.000,0.000,0.000,0.000,0.000,14.156,0.000,0.000,0.000,0.000,0.040,0.000,38.104,1.634,0.101,0.000,0.000,41.482,3.023,0.800,0.000,0.659,0.000
Colo_rep1_Dep6_Tu2,0.000,0.000,0.000,0.000,0.000,0.000,0.000,0.000,0.000,0.000,0.266,0.000,49.999,4.409,0.159,0.033,0.000,11.482,1.202,0.000,32.449,0.000,0.000
Colo_rep9_Dep6_Tu50,0.000,0.000,0.000,0.000,0.000,29.156,0.000,0.000,0.000,0.000,0.000,0.000,15.723,0.169,0.000,0.276,0.000,4.336,50.339,0.000,0.000,0.000,0.000
Colo_rep3_Dep6_Tu0.3,0.000,0.000,0.000,0.000,0.000,0.000,0.000,0.000,0.000,0.000,0.278,0.000,53.214,0.755,0.235,1.824,0.000,9.700,0.000,1.322,9.284,21.973,1.414
Colo_rep1_Dep6_Tu3,0.000,0.000,0.000,0.000,0.000,0.000,0.000,0.000,0.000,0.000,0.530,0.000,54.611,4.153,0.000,0.000,0.000,16.218,0.007,0.000,0.000,24.479,0.000
