Sample,BRCA,CEAD,CESC,COAD,OV,READ,bcell,cd4tcell,cd8tcell,erythroblast,monocyte,naturalkillercell,neutrophil
Br62_rep5_Dep6_Tu0.5,0.000,0.001,0.000,0.000,48.950,0.000,0.001,0.005,0.015,0.001,1.469,0.002,49.555
Br62_rep5_Dep6_Tu3,0.000,3.046,0.000,0.000,48.413,0.000,0.003,0.072,0.016,0.002,1.025,0.003,47.419
Br62_rep6_Dep6_Tu30,0.039,54.913,0.000,0.000,14.160,0.000,0.007,0.267,0.250,0.093,1.440,0.037,28.792
Br62_rep7_Dep6_Tu20,0.000,36.615,0.000,0.000,27.900,0.000,0.002,0.009,0.020,0.026,0.644,0.005,34.779
Br62_rep2_Dep6_Tu40,0.786,72.083,0.018,0.443,0.428,0.000,0.056,0.095,0.116,0.015,1.202,0.093,24.664
Br62_rep8_Dep6_Tu0.5,0.000,0.002,0.000,0.000,49.626,0.000,0.002,0.217,0.136,0.003,1.348,0.024,48.642
Br62_rep5_Dep6_Tu2,0.000,0.876,0.000,0.000,49.518,0.000,0.000,0.015,0.186,0.024,1.371,0.009,48.002
Br62_rep4_Dep6_Tu50,1.660,81.003,0.011,0.893,0.002,0.000,0.007,0.012,0.007,0.002,0.113,0.006,16.284
Br62_rep8_Dep6_Tu40,0.042,75.816,0.004,0.000,0.377,0.000,0.002,0.016,0.003,0.023,0.139,0.004,23.574
Br62_rep7_Dep6_Tu2,0.000,0.329,0.000,0.000,49.622,0.000,0.000,0.080,0.055,0.013,1.740,0.006,48.155
Br62_rep9_Dep6_Tu40,0.164,74.023,0.024,0.000,0.464,0.000,0.002,0.009,0.011,0.021,0.367,0.030,24.885
Br62_rep10_Dep6_Tu2,0.000,0.065,0.000,0.000,51.381,0.000,0.002,0.096,0.024,0.007,1.107,0.023,47.294
Br62_rep6_Dep6_Tu10,0.000,16.958,0.000,0.000,40.690,0.000,0.000,0.025,0.039,0.005,0.850,0.010,41.422
Br62_rep2_Dep6_Tu2,0.000,0.578,0.000,0.000,50.132,0.000,0.002,0.023,0.026,0.043,1.407,0.007,47.781
Br62_rep9_Dep6_Tu5,0.000,5.530,0.000,0.000,49.203,0.000,0.002,0.012,0.017,0.012,1.613,0.003,43.609
Br62_rep6_Dep6_Tu40,0.091,73.820,0.003,0.015,1.075,0.000,0.003,0.038,0.000,0.062,0.402,0.012,24.478
Br62_rep4_Dep6_Tu20,0.000,39.647,0.000,0.000,24.230,0.000,0.009,0.019,0.069,0.028,1.007,0.049,34.942
Br62_rep9_Dep6_Tu1,0.000,0.069,0.000,0.000,49.994,0.000,0.002,0.080,0.048,0.030,1.924,0.004,47.849
Br62_rep1_Dep6_Tu0.3,0.000,0.001,0.000,0.000,49.337,0.000,0.001,0.050,0.019,0.008,3.000,0.020,47.563
Br62_rep3_Dep6_Tu5,0.000,3.747,0.000,0.000,50.162,0.000,0.001,0.019,0.015,0.029,0.748,0.023,45.257
Br62_rep9_Dep6_Tu50,0.470,84.794,0.001,0.481,0.002,0.000,0.001,0.002,0.001,0.001,0.011,0.000,14.236
Br62_rep5_Dep6_Tu30,0.009,53.572,0.004,0.005,15.116,0.000,0.189,0.153,0.210,0.259,0.779,0.057,29.646
Br62_rep9_Dep6_Tu0.5,0.000,0.000,0.000,0.000,49.707,0.000,0.000,0.047,0.010,0.002,0.998,0.000,49.236
Br62_rep1_Dep6_Tu20,0.001,35.866,0.000,0.000,26.149,0.000,0.002,0.075,0.082,0.123,1.273,0.078,36.350
Br62_rep4_Dep6_Tu2,0.000,0.045,0.000,0.000,50.639,0.000,0.002,0.009,0.030,0.001,1.771,0.001,47.500
Br62_rep8_Dep6_Tu3,0.000,2.647,0.000,0.000,47.805,0.000,0.000,0.084,0.048,0.059,0.976,0.013,48.368
Br62_rep2_Dep6_Tu5,0.000,7.520,0.000,0.000,44.668,0.000,0.001,0.056,0.000,0.117,0.702,0.007,46.930
Br62_rep2_Dep6_Tu1,0.000,0.005,0.000,0.000,48.017,0.000,0.000,0.072,0.013,0.015,2.385,0.006,49.487
Br62_rep8_Dep6_Tu1,0.000,0.003,0.000,0.000,48.819,0.000,0.002,0.014,0.041,0.021,1.642,0.014,49.445
Br62_rep10_Dep6_Tu0.1,0.000,0.000,0.000,0.000,48.526,0.000,0.004,0.088,0.066,0.019,2.900,0.018,48.381
Br62_rep3_Dep6_Tu40,0.687,72.950,0.006,0.046,0.993,0.000,0.020,0.121,0.077,0.038,0.323,0.145,24.594
Br62_rep8_Dep6_Tu0.3,0.000,0.000,0.000,0.000,48.701,0.000,0.001,0.018,0.031,0.031,1.959,0.042,49.216
Br62_rep4_Dep6_Tu0.5,0.000,0.005,0.000,0.000,49.039,0.000,0.000,0.068,0.022,0.011,1.912,0.003,48.940
Br62_rep6_Dep6_Tu50,0.477,82.268,0.030,1.162,0.006,0.000,0.000,0.002,0.018,0.016,0.196,0.002,15.823
Br62_rep7_Dep6_Tu0.1,0.000,0.000,0.000,0.000,48.455,0.000,0.000,0.057,0.023,0.013,1.169,0.000,50.282
Br62_rep9_Dep6_Tu30,0.068,57.333,0.006,0.000,11.497,0.000,0.019,0.026,0.054,0.172,1.195,0.199,29.432
Br62_rep6_Dep6_Tu20,0.008,32.249,0.000,0.000,30.347,0.000,0.061,0.063,0.287,0.035,0.738,0.052,36.160
Br62_rep5_Dep6_Tu5,0.000,4.820,0.000,0.000,48.740,0.000,0.000,0.190,0.101,0.050,1.157,0.008,44.933
Br62_rep4_Dep6_Tu40,0.157,74.253,0.002,0.000,0.558,0.000,0.005,0.087,0.017,0.102,0.539,0.024,24.255
Br62_rep8_Dep6_Tu0.1,0.000,0.000,0.000,0.000,48.719,0.000,0.008,0.015,0.157,0.033,2.154,0.041,48.872
Br62_rep1_Dep6_Tu40,0.660,72.897,0.004,0.263,0.584,0.000,0.025,0.083,0.043,0.098,0.227,0.058,25.058
Br62_rep3_Dep6_Tu30,0.017,56.433,0.007,0.001,14.318,0.000,0.015,0.039,0.066,0.074,0.388,0.022,28.620
Br62_rep7_Dep6_Tu0.5,0.000,0.000,0.000,0.000,49.257,0.000,0.000,0.066,0.061,0.014,1.107,0.004,49.490
Br62_rep1_Dep6_Tu10,0.000,14.316,0.000,0.000,42.560,0.000,0.005,0.212,0.077,0.084,1.355,0.009,41.381
Br62_rep10_Dep6_Tu20,0.119,37.339,0.004,0.000,23.127,0.000,0.047,0.317,0.141,0.114,2.864,0.110,35.819
Br62_rep1_Dep6_Tu5,0.000,6.149,0.000,0.000,47.664,0.000,0.001,0.264,0.000,0.007,1.599,0.003,44.312
Br62_rep3_Dep6_Tu50,3.518,77.628,0.045,0.393,0.015,0.000,0.040,0.115,0.001,0.071,0.697,0.045,17.432
Br62_rep1_Dep6_Tu3,0.000,2.963,0.000,0.000,48.186,0.000,0.001,0.053,0.073,0.018,2.366,0.003,46.338
Br62_rep7_Dep6_Tu30,0.013,58.713,0.000,0.000,10.645,0.000,0.009,0.027,0.028,0.059,0.514,0.013,29.980
Br62_rep6_Dep6_Tu1,0.000,0.031,0.000,0.000,49.998,0.000,0.000,0.028,0.002,0.003,1.235,0.009,48.695
Br62_rep1_Dep6_Tu0.5,0.000,0.001,0.000,0.000,48.757,0.000,0.001,0.210,0.054,0.014,2.383,0.005,48.575
Br62_rep1_Dep6_Tu0.1,0.000,0.000,0.000,0.000,47.634,0.000,0.006,0.071,0.010,0.010,1.809,0.012,50.449
Br62_rep9_Dep6_Tu3,0.000,3.132,0.000,0.000,48.288,0.000,0.002,0.282,0.030,0.016,1.827,0.008,46.414
Br62_rep5_Dep6_Tu40,0.132,70.961,0.000,0.029,3.056,0.000,0.128,0.199,0.123,0.020,0.790,0.107,24.453
Br62_rep10_Dep6_Tu3,0.000,1.825,0.000,0.000,49.083,0.000,0.000,0.164,0.013,0.010,1.551,0.015,47.339
Br62_rep2_Dep6_Tu0.3,0.000,0.000,0.000,0.000,47.786,0.000,0.000,0.081,0.004,0.037,1.187,0.006,50.898
Br62_rep10_Dep6_Tu40,0.327,72.587,0.020,0.033,2.234,0.000,0.067,0.060,0.257,0.256,0.741,0.035,23.382
Br62_rep3_Dep6_Tu2,0.000,0.760,0.000,0.000,51.327,0.000,0.001,0.172,0.043,0.002,1.492,0.022,46.180
Br62_rep5_Dep6_Tu1,0.000,0.043,0.000,0.000,50.927,0.000,0.000,0.016,0.013,0.002,1.934,0.003,47.063
Br62_rep4_Dep6_Tu1,0.000,0.022,0.000,0.000,49.629,0.000,0.001,0.030,0.008,0.023,2.144,0.003,48.139
Br62_rep10_Dep6_Tu0.5,0.000,0.002,0.000,0.000,49.916,0.000,0.000,0.084,0.004,0.010,1.578,0.008,48.398
Br62_rep5_Dep6_Tu20,0.016,40.353,0.004,0.000,23.122,0.000,0.080,0.068,0.020,0.009,1.472,0.122,34.735
Br62_rep6_Dep6_Tu0.3,0.000,0.000,0.000,0.000,48.385,0.000,0.001,0.072,0.025,0.013,2.785,0.003,48.716
Br62_rep9_Dep6_Tu0.3,0.000,0.000,0.000,0.000,48.287,0.000,0.002,0.008,0.010,0.030,2.220,0.071,49.371
Br62_rep2_Dep6_Tu20,0.001,36.728,0.000,0.000,26.912,0.000,0.077,0.033,0.055,0.096,1.385,0.053,34.660
Br62_rep6_Dep6_Tu0.5,0.000,0.002,0.000,0.000,48.972,0.000,0.001,0.104,0.008,0.014,1.811,0.006,49.082
Br62_rep8_Dep6_Tu10,0.000,17.905,0.000,0.000,36.639,0.000,0.075,0.444,0.037,0.140,2.035,0.093,42.631
Br62_rep2_Dep6_Tu0.1,0.000,0.000,0.000,0.000,49.180,0.000,0.000,0.148,0.079,0.001,1.920,0.001,48.669
Br62_rep5_Dep6_Tu10,0.000,17.501,0.000,0.000,38.355,0.000,0.001,0.015,0.061,0.007,1.755,0.003,42.302
Br62_rep10_Dep6_Tu10,0.000,17.128,0.000,0.000,39.174,0.000,0.008,0.142,0.073,0.017,1.287,0.011,42.160
Br62_rep4_Dep6_Tu10,0.000,15.912,0.000,0.000,40.701,0.000,0.001,0.007,0.013,0.032,1.506,0.000,41.828
Br62_rep3_Dep6_Tu0.1,0.000,0.000,0.000,0.000,48.201,0.000,0.000,0.074,0.019,0.011,2.512,0.001,49.182
Br62_rep2_Dep6_Tu50,0.515,84.109,0.015,0.001,0.002,0.000,0.001,0.001,0.002,0.001,0.035,0.000,15.319
Br62_rep9_Dep6_Tu10,0.000,17.082,0.000,0.052,38.720,0.000,0.001,0.052,0.051,0.027,1.818,0.047,42.148
Br62_rep5_Dep6_Tu0.3,0.000,0.000,0.000,0.000,49.071,0.000,0.000,0.094,0.051,0.010,2.704,0.008,48.062
Br62_rep8_Dep6_Tu50,0.536,82.760,0.025,0.413,0.009,0.000,0.007,0.045,0.021,0.012,0.099,0.009,16.064
Br62_rep4_Dep6_Tu0.3,0.000,0.000,0.000,0.000,49.667,0.000,0.001,0.095,0.028,0.016,1.401,0.022,48.770
Br62_rep7_Dep6_Tu1,0.000,0.005,0.000,0.000,50.176,0.000,0.000,0.020,0.011,0.011,1.152,0.003,48.623
Br62_rep3_Dep6_Tu0.5,0.000,0.000,0.000,0.000,48.539,0.000,0.000,0.101,0.040,0.009,2.761,0.002,48.548
Br62_rep7_Dep6_Tu40,0.157,72.444,0.002,0.012,2.340,0.000,0.060,0.176,0.066,0.217,0.332,0.530,23.664
Br62_rep2_Dep6_Tu3,0.000,1.250,0.000,0.000,50.604,0.000,0.001,0.058,0.030,0.082,1.996,0.026,45.952
Br62_rep2_Dep6_Tu0.5,0.000,0.000,0.000,0.000,49.443,0.000,0.001,0.031,0.022,0.016,1.805,0.033,48.650
Br62_rep1_Dep6_Tu50,0.821,81.657,0.277,0.195,0.009,0.000,0.012,0.088,0.023,0.063,0.051,0.009,16.796
Br62_rep3_Dep6_Tu3,0.000,3.150,0.000,0.000,48.485,0.000,0.001,0.358,0.088,0.025,1.428,0.012,46.451
Br62_rep7_Dep6_Tu3,0.000,2.425,0.000,0.000,49.691,0.000,0.000,0.157,0.088,0.009,1.529,0.006,46.096
Br62_rep3_Dep6_Tu0.3,0.000,0.000,0.000,0.000,49.624,0.000,0.001,0.136,0.054,0.001,1.319,0.015,48.849
Br62_rep8_Dep6_Tu30,0.073,55.841,0.009,0.000,14.663,0.000,0.188,0.046,0.074,0.182,0.898,0.022,28.004
Br62_rep4_Dep6_Tu30,0.001,58.748,0.000,0.000,12.416,0.000,0.019,0.018,0.070,0.003,0.352,0.048,28.324
Br62_rep6_Dep6_Tu3,0.000,1.388,0.000,0.000,51.041,0.000,0.017,0.172,0.037,0.021,1.135,0.007,46.182
Br62_rep4_Dep6_Tu0.1,0.000,0.000,0.000,0.000,47.709,0.000,0.002,0.036,0.019,0.003,1.815,0.049,50.367
Br62_rep8_Dep6_Tu5,0.000,6.081,0.000,0.000,46.352,0.000,0.000,0.128,0.091,0.005,1.570,0.016,45.756
Br62_rep10_Dep6_Tu50,1.485,80.479,1.232,0.850,0.006,0.000,0.001,0.010,0.011,0.013,0.222,0.004,15.688
Br62_rep10_Dep6_Tu0.3,0.000,0.000,0.000,0.000,48.226,0.000,0.001,0.093,0.023,0.008,2.445,0.012,49.192
Br62_rep3_Dep6_Tu20,0.000,34.758,0.000,0.000,28.828,0.000,0.009,0.050,0.044,0.083,1.050,0.004,35.174
Br62_rep1_Dep6_Tu1,0.000,0.001,0.000,0.000,49.059,0.000,0.002,0.134,0.149,0.033,2.676,0.088,47.859
Br62_rep3_Dep6_Tu1,0.000,0.003,0.000,0.000,48.673,0.000,0.002,0.057,0.025,0.005,2.146,0.011,49.078
Br62_rep9_Dep6_Tu2,0.000,0.483,0.000,0.000,51.357,0.000,0.000,0.036,0.000,0.009,0.737,0.011,47.366
Br62_rep7_Dep6_Tu50,2.599,80.500,0.057,0.532,0.018,0.000,0.020,0.088,0.002,0.067,0.333,0.003,15.782
Br62_rep7_Dep6_Tu5,0.000,6.312,0.000,0.000,47.451,0.000,0.003,0.071,0.041,0.002,1.897,0.009,44.215
Br62_rep8_Dep6_Tu2,0.000,1.423,0.000,0.000,49.143,0.000,0.001,0.017,0.061,0.033,2.271,0.062,46.989
Br62_rep5_Dep6_Tu0.1,0.000,0.000,0.000,0.000,49.028,0.000,0.001,0.031,0.031,0.020,1.801,0.008,49.079
Br62_rep6_Dep6_Tu5,0.000,4.552,0.000,0.000,47.976,0.000,0.001,0.056,0.044,0.030,1.497,0.016,45.826
Br62_rep9_Dep6_Tu20,0.002,35.402,0.000,0.000,27.798,0.000,0.011,0.044,0.047,0.049,1.248,0.016,35.381
Br62_rep2_Dep6_Tu30,0.009,59.923,0.000,0.000,9.379,0.000,0.003,0.027,0.038,0.024,0.621,0.017,29.958
Br62_rep7_Dep6_Tu10,0.000,16.303,0.000,0.000,40.776,0.000,0.000,0.070,0.015,0.002,0.505,0.000,42.329
Br62_rep6_Dep6_Tu0.1,0.000,0.000,0.000,0.000,48.349,0.000,0.004,0.210,0.041,0.036,2.148,0.004,49.208
Br62_rep5_Dep6_Tu50,1.001,82.794,0.351,0.423,0.001,0.000,0.001,0.005,0.003,0.001,0.191,0.000,15.228
Br62_rep10_Dep6_Tu1,0.000,0.001,0.000,0.000,48.772,0.000,0.000,0.155,0.071,0.011,2.860,0.032,48.097
Br62_rep1_Dep6_Tu30,0.035,53.294,0.000,0.000,16.311,0.000,0.004,0.001,0.036,0.112,0.590,0.265,29.351
Br62_rep7_Dep6_Tu0.3,0.000,0.000,0.000,0.000,48.324,0.000,0.000,0.028,0.007,0.003,1.472,0.002,50.164
Br62_rep2_Dep6_Tu10,0.000,15.123,0.000,0.000,42.171,0.000,0.003,0.067,0.034,0.051,0.849,0.015,41.687
Br62_rep9_Dep6_Tu0.1,0.000,0.000,0.000,0.000,49.259,0.000,0.001,0.094,0.128,0.019,2.245,0.014,48.240
Br62_rep3_Dep6_Tu10,0.000,17.384,0.000,0.000,38.461,0.000,0.019,0.078,0.106,0.043,1.791,0.111,42.005
Br62_rep4_Dep6_Tu5,0.000,5.456,0.000,0.000,47.133,0.000,0.001,0.268,0.002,0.016,2.558,0.006,44.560
Br62_rep8_Dep6_Tu20,0.003,37.225,0.008,0.009,26.713,0.000,0.012,0.053,0.034,0.020,0.620,0.014,35.289
Br62_rep1_Dep6_Tu2,0.000,1.124,0.000,0.000,50.158,0.000,0.022,0.191,0.028,0.072,1.549,0.014,46.842
Br62_rep10_Dep6_Tu5,0.000,6.898,0.000,0.000,46.508,0.000,0.024,0.420,0.019,0.041,1.255,0.013,44.822
Br62_rep10_Dep6_Tu30,0.002,51.611,0.000,0.000,18.163,0.000,0.021,0.060,0.055,0.076,0.375,0.015,29.621
Br62_rep6_Dep6_Tu2,0.000,0.214,0.000,0.000,50.150,0.000,0.005,0.050,0.080,0.027,2.125,0.010,47.338
Br62_rep4_Dep6_Tu3,0.000,1.616,0.000,0.000,50.362,0.000,0.001,0.063,0.045,0.010,1.265,0.000,46.638
