Sample,BRCA,CEAD,CESC,COAD,OV,READ,bcell,cd4tcell,cd8tcell,erythroblast,monocyte,naturalkillercell,neutrophil
Cer77_rep9_Dep6_Tu3,0.000,3.917,1.179,0.003,0.000,0.000,0.507,0.000,1.397,27.184,8.508,0.500,56.805
Cer77_rep5_Dep6_Tu30,5.519,12.221,5.957,0.719,18.034,11.146,1.311,5.873,0.000,0.000,5.002,3.648,30.571
Cer77_rep3_Dep6_Tu30,7.614,17.989,4.378,1.602,27.940,0.000,3.325,1.011,0.190,0.000,4.085,0.989,30.876
Cer77_rep8_Dep6_Tu50,4.585,9.442,11.809,1.064,16.757,25.175,2.818,0.000,0.000,0.000,2.342,5.874,20.135
Cer77_rep1_Dep6_Tu1,0.000,2.153,0.132,0.000,0.000,0.000,0.430,0.000,6.864,21.947,9.483,2.367,56.625
Cer77_rep7_Dep6_Tu3,0.026,12.140,0.330,0.111,0.000,0.000,0.119,0.000,4.700,17.757,8.490,0.282,56.043
Cer77_rep10_Dep6_Tu2,0.057,5.732,0.085,0.074,0.135,0.000,1.058,0.000,3.890,19.057,7.301,0.820,61.791
Cer77_rep2_Dep6_Tu0.5,0.000,0.414,0.016,0.000,0.044,0.000,0.465,0.000,1.530,24.138,7.884,0.680,64.830
Cer77_rep3_Dep6_Tu20,1.490,6.029,2.934,0.396,17.974,12.870,1.826,2.699,0.400,7.744,6.764,1.181,37.694
Cer77_rep1_Dep6_Tu2,0.036,1.080,0.128,0.003,0.555,0.000,4.880,0.000,2.472,24.253,4.481,0.010,62.101
Cer77_rep2_Dep6_Tu5,0.000,4.529,1.797,0.172,2.429,0.000,0.260,0.000,1.092,28.366,2.863,0.000,58.491
Cer77_rep5_Dep6_Tu0.5,0.000,0.639,0.000,0.000,0.079,0.000,1.209,0.000,1.118,24.948,5.987,0.050,65.970
Cer77_rep2_Dep6_Tu50,7.970,16.698,14.921,2.891,34.698,0.000,1.451,0.000,0.000,0.000,1.499,1.260,18.612
Cer77_rep9_Dep6_Tu0.5,0.000,1.035,0.151,0.000,0.000,0.000,0.164,0.000,2.177,24.383,4.825,0.007,67.257
Cer77_rep4_Dep6_Tu10,0.049,6.187,1.660,0.246,14.818,0.000,2.209,0.806,0.533,16.789,4.392,0.000,52.307
Cer77_rep9_Dep6_Tu20,1.439,13.837,3.232,0.455,17.917,5.224,2.308,2.894,4.017,0.000,5.171,3.613,39.893
Cer77_rep3_Dep6_Tu10,4.903,7.888,2.653,0.367,7.179,0.000,1.768,0.000,4.247,10.196,6.709,2.292,51.797
Cer77_rep6_Dep6_Tu5,0.000,4.788,0.774,0.104,4.065,0.000,0.414,0.000,12.491,14.000,4.982,0.000,58.382
Cer77_rep5_Dep6_Tu1,0.000,6.207,0.237,0.000,0.000,0.000,0.219,0.000,2.476,21.849,8.514,0.144,60.353
Cer77_rep5_Dep6_Tu0.3,0.000,5.694,0.083,0.000,0.000,0.000,0.149,0.000,5.279,20.993,10.263,0.006,57.532
Cer77_rep4_Dep6_Tu50,3.385,8.751,13.552,0.790,18.528,22.556,1.951,0.000,0.000,0.000,2.564,8.897,19.025
Cer77_rep6_Dep6_Tu0.3,0.000,0.616,0.171,0.000,0.000,0.000,0.361,0.000,1.248,29.311,9.564,0.029,58.699
Cer77_rep4_Dep6_Tu40,6.477,12.673,7.737,0.979,28.058,10.724,2.541,0.000,0.000,0.000,3.274,1.958,25.580
Cer77_rep10_Dep6_Tu5,0.905,5.111,0.577,0.166,0.763,1.274,1.869,0.096,9.385,15.566,6.571,0.403,57.313
Cer77_rep3_Dep6_Tu1,0.000,2.579,0.072,0.002,0.000,0.000,1.171,0.000,0.418,26.488,6.577,0.866,61.827
Cer77_rep8_Dep6_Tu40,2.464,13.058,11.223,0.675,23.563,10.643,2.338,6.120,0.000,0.000,2.003,1.971,25.941
Cer77_rep7_Dep6_Tu0.3,0.000,0.492,0.016,0.000,0.076,0.000,1.098,0.000,1.187,25.840,6.060,0.012,65.218
Cer77_rep3_Dep6_Tu0.1,0.000,1.864,0.020,0.000,0.000,0.000,1.205,0.176,0.140,27.824,6.671,0.497,61.601
Cer77_rep4_Dep6_Tu0.3,0.000,0.868,0.031,0.000,0.000,0.000,1.445,0.000,2.904,24.062,6.850,0.151,63.689
Cer77_rep6_Dep6_Tu2,0.000,9.787,0.582,0.148,0.050,0.000,0.193,0.000,2.830,18.204,10.685,0.767,56.753
Cer77_rep6_Dep6_Tu20,0.501,14.750,2.707,0.831,26.311,0.000,0.976,0.026,5.454,3.961,3.473,0.897,40.113
Cer77_rep9_Dep6_Tu40,1.646,10.124,13.660,0.820,15.208,19.283,4.903,1.673,0.000,0.000,2.342,4.624,25.719
Cer77_rep6_Dep6_Tu40,5.107,13.235,8.517,0.767,24.804,14.212,2.292,0.000,0.000,0.000,3.802,2.042,25.221
Cer77_rep8_Dep6_Tu5,0.044,14.336,0.963,0.242,0.731,0.000,0.203,0.000,5.589,15.227,5.060,0.797,56.810
Cer77_rep5_Dep6_Tu50,4.570,9.694,8.677,0.766,26.346,20.516,3.108,0.000,0.000,0.000,2.722,3.565,20.037
Cer77_rep1_Dep6_Tu30,7.743,10.161,4.105,0.486,18.856,15.565,4.640,1.440,0.327,0.100,2.289,3.439,30.848
Cer77_rep2_Dep6_Tu20,4.187,12.426,2.567,0.573,21.738,0.000,2.729,0.540,2.569,4.716,4.921,1.884,41.149
Cer77_rep4_Dep6_Tu0.5,0.000,5.889,0.075,0.007,0.000,0.000,0.421,0.000,5.701,21.511,6.802,0.055,59.539
Cer77_rep2_Dep6_Tu40,1.200,8.542,9.774,0.716,12.659,30.692,3.014,0.000,0.000,0.000,4.713,5.134,23.556
Cer77_rep8_Dep6_Tu30,3.673,13.966,7.810,0.422,18.008,10.306,7.745,2.845,0.281,0.000,3.665,0.957,30.321
Cer77_rep3_Dep6_Tu40,4.948,12.941,7.939,0.776,13.893,21.431,3.648,0.000,0.000,0.000,2.373,5.796,26.254
Cer77_rep4_Dep6_Tu0.1,0.000,0.894,0.020,0.000,0.000,0.000,0.691,0.000,7.098,17.125,9.463,0.398,64.310
Cer77_rep2_Dep6_Tu1,0.002,1.649,0.094,0.004,0.000,0.000,0.332,0.000,2.482,24.401,10.610,0.376,60.049
Cer77_rep3_Dep6_Tu3,0.000,2.845,0.245,0.022,2.265,0.000,1.249,0.000,3.576,23.862,6.072,0.055,59.808
Cer77_rep2_Dep6_Tu30,4.121,7.798,4.810,0.600,19.458,21.282,2.392,1.444,0.000,0.000,6.169,2.556,29.369
Cer77_rep9_Dep6_Tu30,1.471,18.145,9.925,0.591,10.240,11.503,4.121,3.677,0.000,0.000,4.533,4.376,31.419
Cer77_rep7_Dep6_Tu20,0.712,11.834,5.905,0.351,19.808,2.799,1.775,5.602,0.924,5.818,4.169,0.599,39.704
Cer77_rep6_Dep6_Tu1,0.000,1.651,0.034,0.000,0.275,0.000,0.803,0.030,1.907,23.357,6.945,0.165,64.835
Cer77_rep7_Dep6_Tu50,3.759,11.135,12.370,1.030,25.632,16.513,1.440,1.289,0.000,0.000,4.719,3.071,19.041
Cer77_rep3_Dep6_Tu5,0.000,6.044,1.775,0.135,1.927,0.544,1.387,0.000,2.113,19.871,3.200,0.570,62.434
Cer77_rep8_Dep6_Tu0.5,0.000,1.226,0.129,0.000,0.018,0.000,0.893,0.000,9.008,17.187,7.344,0.265,63.928
Cer77_rep9_Dep6_Tu0.3,0.000,0.204,0.018,0.000,0.000,0.000,1.061,0.000,1.562,23.631,10.498,0.210,62.816
Cer77_rep6_Dep6_Tu0.5,0.000,2.714,0.105,0.000,0.000,0.000,0.411,0.000,7.796,22.201,8.847,0.625,57.300
Cer77_rep7_Dep6_Tu1,0.000,0.766,0.000,0.000,0.190,0.000,0.823,0.000,1.460,24.338,6.894,0.127,65.402
Cer77_rep5_Dep6_Tu3,0.000,2.866,0.972,0.064,2.028,0.000,0.768,0.147,1.244,22.454,4.527,0.050,64.879
Cer77_rep10_Dep6_Tu3,0.027,3.803,0.176,0.051,0.174,0.000,0.835,0.049,2.433,24.528,8.311,0.037,59.577
Cer77_rep9_Dep6_Tu5,0.000,10.477,1.496,0.198,1.411,0.000,0.196,0.000,3.028,18.450,7.959,0.344,56.441
Cer77_rep10_Dep6_Tu20,1.118,15.028,7.473,0.660,8.701,9.533,0.633,1.360,0.501,5.371,6.552,5.046,38.024
Cer77_rep1_Dep6_Tu3,0.043,4.396,0.412,0.106,0.690,0.000,2.618,0.000,5.052,14.492,11.035,2.058,59.100
Cer77_rep5_Dep6_Tu2,0.000,9.522,0.739,0.005,0.004,1.014,0.082,0.000,4.089,17.506,9.659,0.488,56.890
Cer77_rep5_Dep6_Tu5,0.066,14.603,1.002,0.179,0.306,0.000,0.291,0.000,5.846,15.410,6.719,0.189,55.389
Cer77_rep8_Dep6_Tu2,0.095,3.481,0.614,0.055,0.111,0.000,0.642,0.000,0.412,25.941,8.126,2.099,58.423
Cer77_rep8_Dep6_Tu10,0.516,8.195,3.965,0.199,0.880,13.351,2.564,0.000,6.095,10.594,6.295,1.148,46.197
Cer77_rep10_Dep6_Tu30,5.103,12.564,6.179,0.527,15.725,14.619,2.803,3.983,0.000,0.000,4.537,2.566,31.392
Cer77_rep10_Dep6_Tu0.1,0.000,0.901,0.000,0.000,0.000,0.000,0.872,0.000,4.570,20.845,9.833,0.687,62.292
Cer77_rep6_Dep6_Tu3,0.000,3.606,0.058,0.177,0.494,0.000,1.381,0.000,9.402,16.919,7.674,0.000,60.289
Cer77_rep7_Dep6_Tu10,0.000,6.311,2.645,0.387,12.815,0.000,0.501,6.010,0.848,13.960,3.114,0.000,53.409
Cer77_rep1_Dep6_Tu0.1,0.000,0.323,0.000,0.000,0.000,0.000,3.463,0.038,1.188,23.950,5.358,0.095,65.584
Cer77_rep10_Dep6_Tu50,3.816,9.966,11.492,1.684,26.426,17.866,1.096,0.000,0.000,0.000,3.343,4.578,19.734
Cer77_rep3_Dep6_Tu2,0.007,3.731,0.338,0.036,0.000,0.175,1.346,0.212,7.110,14.499,10.223,1.051,61.272
Cer77_rep2_Dep6_Tu10,0.127,4.313,1.197,0.212,14.885,0.000,3.792,0.913,1.574,16.351,4.140,0.501,51.996
Cer77_rep4_Dep6_Tu5,0.115,15.095,0.949,0.298,0.350,0.000,0.187,0.482,2.924,16.105,8.813,0.401,54.281
Cer77_rep4_Dep6_Tu2,0.000,5.609,0.085,0.069,0.121,0.000,0.969,0.000,1.249,26.331,6.023,0.000,59.544
Cer77_rep8_Dep6_Tu3,0.000,3.461,0.774,0.019,0.631,0.000,0.172,0.000,1.992,30.391,3.203,0.000,59.357
Cer77_rep7_Dep6_Tu5,0.197,6.148,2.009,0.159,1.398,0.000,2.352,0.000,4.743,13.778,8.895,1.605,58.715
Cer77_rep4_Dep6_Tu3,0.000,4.743,1.819,0.064,0.723,0.000,0.526,0.000,0.975,27.708,4.058,0.000,59.382
Cer77_rep7_Dep6_Tu2,0.000,2.271,0.190,0.040,0.311,0.082,0.111,0.000,12.804,16.704,5.468,0.022,61.996
Cer77_rep10_Dep6_Tu40,2.409,7.546,8.718,0.915,13.170,25.738,4.475,1.662,0.014,0.000,3.094,7.600,24.659
Cer77_rep6_Dep6_Tu10,0.096,10.162,1.287,0.212,4.370,9.435,1.718,0.000,1.528,17.347,4.073,1.033,48.737
Cer77_rep6_Dep6_Tu50,1.676,13.664,15.130,0.972,18.527,18.991,1.635,0.000,0.000,0.000,4.930,4.327,20.148
Cer77_rep2_Dep6_Tu2,0.043,2.576,0.175,0.052,0.146,0.000,0.960,0.000,9.265,17.074,6.652,0.063,62.995
Cer77_rep1_Dep6_Tu5,0.000,3.928,0.334,0.074,5.305,0.000,0.480,0.000,10.881,15.809,5.552,0.000,57.636
Cer77_rep5_Dep6_Tu0.1,0.000,0.233,0.017,0.000,0.000,0.000,6.072,0.000,1.470,24.213,5.351,0.047,62.596
Cer77_rep9_Dep6_Tu50,13.482,12.776,10.991,0.844,25.146,11.796,2.346,0.000,0.000,0.000,1.246,1.481,19.892
Cer77_rep10_Dep6_Tu0.3,0.000,0.498,0.008,0.001,0.000,0.000,0.215,0.000,2.484,26.154,7.468,0.103,63.068
Cer77_rep3_Dep6_Tu0.3,0.000,1.123,0.092,0.000,0.000,0.000,0.920,0.000,9.032,17.223,7.329,0.268,64.013
Cer77_rep1_Dep6_Tu0.5,0.000,1.273,0.056,0.000,0.000,0.000,0.423,0.000,7.742,17.984,9.406,0.171,62.945
Cer77_rep4_Dep6_Tu1,0.000,9.864,0.090,0.006,0.052,0.000,0.318,0.000,4.876,19.907,6.104,0.026,58.757
Cer77_rep2_Dep6_Tu0.3,0.000,1.046,0.017,0.000,0.000,0.000,0.149,0.000,1.508,31.860,3.011,0.003,62.405
Cer77_rep10_Dep6_Tu10,0.213,12.440,1.894,0.316,10.598,0.000,2.468,0.000,2.593,10.203,6.445,3.762,49.067
Cer77_rep3_Dep6_Tu50,12.454,10.612,8.193,0.890,21.160,18.255,1.636,0.000,0.000,0.000,2.593,4.115,20.093
Cer77_rep3_Dep6_Tu0.5,0.000,0.699,0.142,0.000,0.000,0.000,0.383,0.000,1.147,29.285,9.564,0.055,58.724
Cer77_rep5_Dep6_Tu40,2.694,13.809,7.566,0.910,18.583,17.548,1.201,1.974,0.000,0.000,2.328,8.041,25.348
Cer77_rep9_Dep6_Tu2,0.000,1.478,0.120,0.034,0.664,0.000,0.205,0.000,1.570,24.576,6.644,0.218,64.491
Cer77_rep8_Dep6_Tu20,0.090,11.668,6.368,0.334,9.414,14.230,3.638,3.758,1.044,7.402,5.182,0.000,36.874
Cer77_rep7_Dep6_Tu0.5,0.000,1.200,0.004,0.000,0.021,0.000,0.639,0.000,11.127,17.958,5.103,0.036,63.912
Cer77_rep1_Dep6_Tu50,1.773,8.063,11.998,0.877,19.759,24.835,2.564,3.261,0.000,0.000,1.264,5.710,19.895
Cer77_rep10_Dep6_Tu1,0.000,1.433,0.090,0.000,0.000,0.000,0.069,0.000,1.985,31.881,3.333,0.000,61.210
Cer77_rep8_Dep6_Tu0.3,0.000,0.180,0.008,0.000,0.000,0.000,1.094,0.000,1.561,23.620,10.492,0.215,62.830
Cer77_rep4_Dep6_Tu20,1.899,10.503,5.303,0.311,7.188,17.620,2.622,1.907,2.754,5.858,5.760,1.519,36.755
Cer77_rep7_Dep6_Tu30,7.262,11.915,6.048,0.430,23.538,7.264,2.085,1.946,0.000,2.306,3.583,1.340,32.283
Cer77_rep7_Dep6_Tu40,4.110,12.060,11.480,0.774,12.679,21.641,4.423,1.473,0.000,0.000,2.048,4.919,24.393
Cer77_rep9_Dep6_Tu0.1,0.000,2.103,0.109,0.000,0.000,0.000,0.181,0.000,7.812,22.061,9.237,0.200,58.296
Cer77_rep5_Dep6_Tu20,0.768,9.970,6.260,0.300,3.680,22.548,3.720,1.197,2.575,4.943,6.405,2.794,34.840
Cer77_rep8_Dep6_Tu1,0.000,2.694,0.014,0.008,0.041,0.000,0.485,0.000,1.233,28.886,5.965,0.058,60.616
Cer77_rep6_Dep6_Tu0.1,0.000,0.625,0.000,0.000,0.000,0.000,0.677,0.000,9.419,18.282,8.100,0.000,62.896
Cer77_rep2_Dep6_Tu3,0.000,2.468,0.355,0.037,0.505,0.000,0.369,0.000,0.838,24.940,10.729,0.594,59.165
Cer77_rep1_Dep6_Tu0.3,0.000,1.168,0.047,0.001,0.000,0.000,0.911,0.036,6.310,15.709,13.025,0.479,62.315
Cer77_rep1_Dep6_Tu40,2.218,11.711,8.073,0.813,16.360,25.078,1.096,3.802,0.000,0.000,3.097,2.444,25.309
Cer77_rep6_Dep6_Tu30,2.365,14.493,7.273,0.690,8.529,22.520,1.514,3.052,1.955,0.000,6.053,1.913,29.643
Cer77_rep2_Dep6_Tu0.1,0.000,1.107,0.010,0.000,0.000,0.000,0.229,0.000,1.800,30.426,4.609,0.033,61.785
Cer77_rep1_Dep6_Tu20,0.095,12.984,8.962,0.434,4.915,15.551,0.641,1.269,0.719,6.307,7.391,2.584,38.148
Cer77_rep4_Dep6_Tu30,1.643,12.453,4.301,0.736,27.066,9.595,1.278,2.578,0.059,0.000,3.232,5.391,31.668
Cer77_rep10_Dep6_Tu0.5,0.023,0.976,0.017,0.000,0.000,0.000,1.590,0.000,1.551,25.734,7.957,0.092,62.059
Cer77_rep5_Dep6_Tu10,0.342,10.186,2.865,0.249,5.815,0.000,0.882,3.454,0.000,18.671,6.104,0.946,50.488
Cer77_rep9_Dep6_Tu1,0.000,0.658,0.123,0.012,0.149,0.000,6.628,0.000,1.732,24.004,5.132,0.000,61.562
Cer77_rep1_Dep6_Tu10,0.086,17.497,3.025,0.752,3.910,0.000,0.696,0.000,4.683,12.878,4.455,1.669,50.348
Cer77_rep8_Dep6_Tu0.1,0.000,1.625,0.013,0.000,0.000,0.000,0.411,0.000,6.215,22.877,8.224,1.088,59.547
Cer77_rep9_Dep6_Tu10,0.798,11.807,4.993,0.314,2.044,0.000,2.236,3.634,0.000,16.060,5.627,3.200,49.286
Cer77_rep7_Dep6_Tu0.1,0.000,0.826,0.037,0.000,0.000,0.000,0.333,0.000,1.268,24.667,5.045,0.000,67.824
