Sample,BRCA,CEAD,CESC,COAD,OV,READ,bcell,cd4tcell,cd8tcell,erythroblast,monocyte,naturalkillercell,neutrophil
Cer77_rep9_Dep6_Tu3,0.000,0.000,3.896,0.000,7.856,1.159,2.631,0.000,3.824,8.475,10.275,3.027,58.858
Cer77_rep5_Dep6_Tu30,2.656,13.030,11.979,6.439,7.296,0.000,1.654,15.883,1.003,0.000,5.130,0.000,34.929
Cer77_rep3_Dep6_Tu30,2.802,15.788,11.868,6.961,4.688,0.000,2.717,9.676,1.516,0.000,6.991,0.000,36.994
Cer77_rep8_Dep6_Tu50,2.128,22.161,17.352,8.925,3.226,0.000,0.994,18.827,0.000,0.000,2.215,0.000,24.171
Cer77_rep1_Dep6_Tu1,0.000,0.000,2.365,0.000,6.026,1.706,2.807,0.000,2.154,10.577,10.371,3.425,60.569
Cer77_rep7_Dep6_Tu3,0.455,0.243,3.229,0.796,5.896,1.566,2.503,0.000,3.701,9.392,9.793,3.108,59.319
Cer77_rep10_Dep6_Tu2,0.327,0.000,2.311,0.027,5.668,2.165,4.241,0.000,0.000,6.966,10.416,4.841,63.038
Cer77_rep2_Dep6_Tu0.5,0.000,0.000,0.603,0.000,6.946,2.350,2.727,0.000,0.000,8.107,12.829,4.271,62.166
Cer77_rep3_Dep6_Tu20,2.262,11.638,8.308,5.933,5.260,0.000,2.227,7.271,1.709,2.506,6.572,0.516,45.799
Cer77_rep1_Dep6_Tu2,1.004,1.693,2.435,0.000,6.802,0.836,3.858,0.000,0.000,11.710,7.964,2.887,60.811
Cer77_rep2_Dep6_Tu5,0.375,4.187,3.555,1.151,5.747,1.206,1.542,0.000,5.491,7.905,8.416,1.129,59.296
Cer77_rep5_Dep6_Tu0.5,0.000,1.454,0.573,0.000,5.639,2.533,3.564,0.000,0.697,9.225,9.298,2.903,64.113
Cer77_rep2_Dep6_Tu50,0.285,23.456,17.985,8.623,5.035,0.000,0.000,17.879,0.000,0.000,3.672,0.000,23.065
Cer77_rep9_Dep6_Tu0.5,0.000,0.000,1.635,0.000,5.169,2.170,2.550,0.000,1.846,10.988,10.836,2.660,62.147
Cer77_rep4_Dep6_Tu10,0.509,9.211,4.930,2.050,6.082,0.426,2.981,0.000,3.285,7.201,9.677,0.546,53.101
Cer77_rep9_Dep6_Tu20,2.030,12.544,8.122,5.815,4.679,0.000,1.572,6.493,5.420,0.214,7.658,0.649,44.804
Cer77_rep3_Dep6_Tu10,2.307,4.673,5.417,2.534,6.161,0.000,3.755,0.000,2.604,8.478,7.984,2.547,53.539
Cer77_rep6_Dep6_Tu5,0.000,2.770,4.079,1.098,5.493,1.279,3.478,0.000,4.273,8.633,8.046,2.364,58.488
Cer77_rep5_Dep6_Tu1,0.506,0.000,2.607,0.000,5.414,1.732,2.690,0.000,0.443,9.839,12.306,3.660,60.803
Cer77_rep5_Dep6_Tu0.3,0.000,0.000,1.438,0.000,4.414,2.475,3.211,0.000,4.798,8.832,10.145,2.093,62.594
Cer77_rep4_Dep6_Tu50,1.027,22.406,17.587,9.583,3.338,0.000,0.000,20.682,0.000,0.000,2.807,0.000,22.569
Cer77_rep6_Dep6_Tu0.3,0.000,0.000,2.248,0.000,5.134,1.743,3.139,0.000,3.095,9.127,11.960,2.411,61.144
Cer77_rep4_Dep6_Tu40,0.864,20.513,14.590,7.425,5.637,0.000,1.763,15.297,0.000,0.000,4.459,0.000,29.453
Cer77_rep10_Dep6_Tu5,1.752,3.178,2.159,0.458,4.821,1.570,3.849,0.000,3.032,10.844,7.997,2.069,58.271
Cer77_rep3_Dep6_Tu1,0.000,0.000,1.985,0.000,6.376,1.988,4.169,0.000,0.753,8.355,10.194,3.669,62.511
Cer77_rep8_Dep6_Tu40,1.685,18.171,15.309,7.538,6.433,0.000,1.504,17.121,0.000,0.000,3.132,0.000,29.108
Cer77_rep7_Dep6_Tu0.3,0.000,0.877,0.308,0.000,6.134,2.083,2.712,0.000,0.000,10.075,10.809,3.679,63.324
Cer77_rep3_Dep6_Tu0.1,0.676,0.482,0.658,0.000,7.842,1.953,3.008,0.000,0.935,7.265,12.397,2.981,61.802
Cer77_rep4_Dep6_Tu0.3,0.000,0.000,2.574,0.000,4.765,2.081,3.440,0.000,0.899,9.418,10.227,3.822,62.773
Cer77_rep6_Dep6_Tu2,0.174,0.244,2.489,0.000,5.498,2.639,2.805,0.000,3.053,9.266,10.365,2.717,60.749
Cer77_rep6_Dep6_Tu20,0.000,13.951,8.426,5.761,5.625,0.000,2.845,5.765,4.310,0.894,5.914,2.559,43.951
Cer77_rep9_Dep6_Tu40,0.386,18.850,14.908,8.016,5.016,0.000,2.638,16.915,0.000,0.000,3.291,0.000,29.980
Cer77_rep6_Dep6_Tu40,1.478,20.902,14.127,7.739,4.628,0.000,1.187,14.296,0.000,0.000,5.159,0.000,30.485
Cer77_rep8_Dep6_Tu5,1.282,2.662,4.177,0.372,8.181,1.346,3.053,0.000,5.741,5.877,7.450,1.635,58.225
Cer77_rep5_Dep6_Tu50,2.974,20.807,16.220,8.632,5.943,0.000,0.018,19.611,0.000,0.000,2.424,0.000,23.371
Cer77_rep1_Dep6_Tu30,2.922,16.303,10.582,7.126,5.113,0.000,1.933,11.914,2.477,0.000,4.410,0.130,37.090
Cer77_rep2_Dep6_Tu20,1.420,11.848,7.797,4.785,5.919,0.000,4.101,5.603,3.343,2.932,6.306,1.018,44.930
Cer77_rep4_Dep6_Tu0.5,0.222,0.000,2.172,0.000,4.490,2.354,3.863,0.000,1.170,10.507,8.539,2.956,63.727
Cer77_rep2_Dep6_Tu40,0.988,23.949,13.896,8.408,1.712,0.000,1.400,16.107,0.000,0.000,3.131,0.000,30.406
Cer77_rep8_Dep6_Tu30,1.624,16.375,12.382,6.252,6.093,0.000,2.923,12.615,0.511,0.000,5.174,0.000,36.049
Cer77_rep3_Dep6_Tu40,3.127,23.115,11.641,7.434,3.986,0.000,1.157,15.489,0.000,0.000,4.448,0.000,29.603
Cer77_rep4_Dep6_Tu0.1,1.195,0.000,0.858,0.000,4.016,2.287,4.247,0.000,0.000,9.063,11.091,3.827,63.415
Cer77_rep2_Dep6_Tu1,0.641,0.602,1.539,0.000,5.015,1.838,3.583,0.000,0.288,10.736,13.287,2.849,59.621
Cer77_rep3_Dep6_Tu3,0.104,4.375,2.434,0.000,5.584,1.367,3.215,0.000,3.068,9.066,9.074,2.119,59.594
Cer77_rep2_Dep6_Tu30,2.319,14.791,11.246,7.526,5.627,0.000,1.061,13.744,0.000,0.000,6.684,0.108,36.894
Cer77_rep9_Dep6_Tu30,0.069,17.258,11.864,5.898,8.185,0.000,0.654,11.738,1.633,0.000,6.269,0.010,36.423
Cer77_rep7_Dep6_Tu20,0.988,10.368,10.251,4.748,6.929,0.000,2.438,5.678,5.409,1.515,7.609,0.070,43.998
Cer77_rep6_Dep6_Tu1,0.939,0.397,1.296,0.000,5.397,2.114,3.666,0.000,0.615,7.980,11.138,3.343,63.114
Cer77_rep7_Dep6_Tu50,2.741,23.160,15.457,9.057,4.271,0.000,0.395,19.227,0.000,0.000,3.316,0.000,22.375
Cer77_rep3_Dep6_Tu5,0.000,1.985,4.837,1.150,5.626,1.792,2.073,0.000,3.349,9.051,7.421,3.479,59.238
Cer77_rep8_Dep6_Tu0.5,0.000,0.772,1.565,0.000,6.088,1.409,2.793,0.000,0.504,9.657,9.622,4.366,63.223
Cer77_rep9_Dep6_Tu0.3,0.000,0.000,0.911,0.000,4.950,2.588,3.905,0.000,0.000,10.005,11.234,3.484,62.922
Cer77_rep6_Dep6_Tu0.5,0.000,0.000,2.290,0.000,6.146,1.767,3.173,0.000,3.614,9.832,9.357,2.131,61.689
Cer77_rep7_Dep6_Tu1,0.000,0.343,0.738,0.000,6.071,2.731,2.816,0.000,0.883,9.555,11.403,3.553,61.908
Cer77_rep5_Dep6_Tu3,0.000,1.069,2.772,0.992,5.802,1.501,3.456,0.000,0.300,10.537,9.017,3.246,61.307
Cer77_rep10_Dep6_Tu3,0.894,2.113,2.022,0.255,5.622,2.157,3.795,0.000,2.662,8.354,9.211,2.703,60.214
Cer77_rep9_Dep6_Tu5,1.329,3.716,3.852,0.558,5.548,1.245,2.625,0.000,2.331,9.022,10.572,2.335,56.866
Cer77_rep10_Dep6_Tu20,0.294,15.237,9.013,5.349,5.142,0.000,1.476,6.445,5.626,2.019,6.039,0.052,43.309
Cer77_rep1_Dep6_Tu3,1.102,2.404,3.294,0.236,4.517,1.408,3.879,0.000,0.000,8.868,11.277,3.920,59.094
Cer77_rep5_Dep6_Tu2,0.000,0.000,4.193,0.000,4.963,2.229,1.880,0.000,4.559,7.952,9.911,2.552,61.760
Cer77_rep5_Dep6_Tu5,1.229,0.837,4.479,0.577,6.683,1.419,3.310,0.000,5.529,7.917,8.359,1.579,58.080
Cer77_rep8_Dep6_Tu2,1.261,0.296,2.620,0.000,4.602,1.974,3.432,0.000,1.260,10.862,9.767,3.031,60.896
Cer77_rep8_Dep6_Tu10,1.907,6.355,5.994,3.188,5.045,0.583,3.205,0.000,7.511,2.326,8.568,1.592,53.725
Cer77_rep10_Dep6_Tu30,1.497,17.364,10.444,6.858,5.362,0.000,2.049,12.732,1.276,0.259,4.498,0.000,37.660
Cer77_rep10_Dep6_Tu0.1,0.382,0.000,0.000,0.000,6.083,2.221,3.716,0.000,1.739,9.146,10.605,4.123,61.984
Cer77_rep6_Dep6_Tu3,0.000,1.290,1.823,1.017,6.378,1.611,4.622,0.000,2.609,8.680,10.029,2.405,59.537
Cer77_rep7_Dep6_Tu10,0.000,6.213,6.130,3.105,5.715,0.400,2.702,3.050,3.633,6.434,8.236,0.822,53.561
Cer77_rep1_Dep6_Tu0.1,0.000,0.000,0.345,0.000,6.091,2.628,3.771,0.000,0.724,8.791,10.965,3.648,63.038
Cer77_rep10_Dep6_Tu50,1.173,24.804,16.929,9.956,2.770,0.000,0.135,17.232,0.000,0.000,2.711,0.000,24.290
Cer77_rep3_Dep6_Tu2,0.622,0.985,2.294,0.000,6.179,2.345,3.587,0.000,2.671,7.540,10.250,3.677,59.848
Cer77_rep2_Dep6_Tu10,0.025,7.507,4.923,2.831,7.474,0.000,2.511,0.000,5.549,8.075,6.578,1.291,53.236
Cer77_rep4_Dep6_Tu5,1.058,3.234,2.974,0.889,6.667,1.079,2.912,0.000,4.269,8.419,9.503,2.047,56.948
Cer77_rep4_Dep6_Tu2,0.628,2.246,1.623,0.288,7.477,1.879,3.685,0.000,3.864,6.571,8.683,1.802,61.253
Cer77_rep8_Dep6_Tu3,0.279,3.230,3.376,0.000,6.966,1.377,2.138,0.000,3.797,8.130,9.035,1.331,60.340
Cer77_rep7_Dep6_Tu5,0.982,1.409,4.446,0.670,5.651,1.359,4.188,0.000,1.879,9.744,9.353,2.703,57.615
Cer77_rep4_Dep6_Tu3,0.000,2.550,3.699,0.358,5.814,2.073,2.961,0.000,3.641,7.122,11.185,1.358,59.238
Cer77_rep7_Dep6_Tu2,0.000,0.000,2.489,0.000,4.037,2.529,2.823,0.000,2.793,10.391,9.967,3.337,61.635
Cer77_rep10_Dep6_Tu40,2.279,20.152,13.057,7.458,3.972,0.000,2.264,17.375,0.451,0.000,3.424,0.000,29.567
Cer77_rep6_Dep6_Tu10,0.355,9.219,4.838,3.687,7.149,0.390,2.302,0.000,6.939,2.562,6.763,1.246,54.550
Cer77_rep6_Dep6_Tu50,0.993,20.569,17.932,9.383,5.208,0.000,0.000,19.253,0.000,0.000,2.725,0.000,23.938
Cer77_rep2_Dep6_Tu2,1.086,2.203,1.281,0.000,3.932,2.205,4.243,0.000,0.000,10.578,10.431,2.789,61.254
Cer77_rep1_Dep6_Tu5,0.000,3.774,2.848,0.790,7.044,1.298,3.769,0.000,4.383,7.599,8.519,2.185,57.791
Cer77_rep5_Dep6_Tu0.1,0.000,0.000,1.430,0.000,5.797,1.904,4.135,0.000,0.000,10.312,10.481,3.489,62.452
Cer77_rep9_Dep6_Tu50,1.328,21.403,16.870,9.233,5.560,0.000,0.228,18.827,0.000,0.000,2.766,0.000,23.785
Cer77_rep10_Dep6_Tu0.3,1.037,0.000,0.508,0.000,4.562,2.346,2.711,0.000,0.501,11.062,10.839,3.723,62.710
Cer77_rep3_Dep6_Tu0.3,0.000,0.767,1.319,0.000,6.268,1.300,2.851,0.000,0.000,10.331,9.663,4.235,63.266
Cer77_rep1_Dep6_Tu0.5,0.000,0.000,2.257,0.000,4.406,1.811,3.155,0.000,0.000,11.641,10.939,3.325,62.466
Cer77_rep4_Dep6_Tu1,0.623,1.483,1.431,0.000,6.517,1.741,3.824,0.000,1.102,8.982,9.000,2.859,62.436
Cer77_rep2_Dep6_Tu0.3,0.000,0.000,1.735,0.000,6.621,1.851,2.247,0.000,3.333,8.949,9.069,2.212,63.983
Cer77_rep10_Dep6_Tu10,0.886,4.465,5.837,2.632,7.531,0.434,3.456,0.000,4.375,7.457,8.553,2.624,51.749
Cer77_rep3_Dep6_Tu50,3.469,21.553,15.563,8.815,4.027,0.000,1.161,18.642,0.000,0.000,2.104,0.000,24.666
Cer77_rep3_Dep6_Tu0.5,0.000,0.000,2.375,0.000,5.005,1.785,3.385,0.000,2.574,9.034,12.057,2.608,61.179
Cer77_rep5_Dep6_Tu40,1.677,19.052,13.023,8.554,6.602,0.000,0.000,19.637,0.000,0.000,3.180,0.000,28.277
Cer77_rep9_Dep6_Tu2,0.000,2.353,0.672,0.000,5.858,2.052,3.382,0.000,0.000,10.565,9.636,3.845,61.638
Cer77_rep8_Dep6_Tu20,0.000,14.240,10.056,5.726,4.906,0.000,2.666,8.469,2.491,0.240,5.563,0.000,45.644
Cer77_rep7_Dep6_Tu0.5,0.000,1.058,0.538,0.000,6.567,2.390,4.184,0.000,1.906,6.655,8.968,4.485,63.249
Cer77_rep1_Dep6_Tu50,0.519,21.422,17.032,9.437,6.626,0.000,0.180,20.954,0.000,0.000,0.916,0.000,22.914
Cer77_rep10_Dep6_Tu1,0.725,0.000,2.607,0.000,6.783,1.433,1.845,0.000,3.692,9.163,9.788,1.948,62.016
Cer77_rep8_Dep6_Tu0.3,0.000,0.000,0.695,0.000,4.887,2.601,3.997,0.000,0.000,9.865,11.306,3.589,63.060
Cer77_rep4_Dep6_Tu20,1.311,13.001,9.511,4.650,5.853,0.000,2.715,6.458,3.780,2.046,5.527,0.000,45.147
Cer77_rep7_Dep6_Tu30,1.312,16.813,11.492,6.724,4.765,0.000,2.329,13.430,0.170,0.000,4.975,0.000,37.989
Cer77_rep7_Dep6_Tu40,2.377,20.437,14.877,7.439,5.451,0.000,0.762,16.997,0.000,0.000,2.944,0.000,28.714
Cer77_rep9_Dep6_Tu0.1,0.000,0.000,2.041,0.000,5.608,2.179,3.363,0.000,3.229,7.793,9.890,3.250,62.647
Cer77_rep5_Dep6_Tu20,2.531,11.644,10.190,4.754,5.925,0.000,2.420,6.472,4.442,1.012,6.880,0.192,43.540
Cer77_rep8_Dep6_Tu1,0.791,1.053,0.997,0.000,6.251,2.003,3.326,0.000,0.111,9.341,10.559,3.094,62.474
Cer77_rep6_Dep6_Tu0.1,0.000,0.000,0.649,0.000,4.082,2.666,4.241,0.000,2.604,10.399,11.150,2.112,62.097
Cer77_rep2_Dep6_Tu3,0.000,2.612,2.162,0.000,6.308,1.590,3.680,0.000,0.000,11.576,10.662,2.922,58.488
Cer77_rep1_Dep6_Tu0.3,0.176,0.000,1.395,0.000,4.256,2.602,3.603,0.000,0.000,10.221,11.072,4.470,62.206
Cer77_rep1_Dep6_Tu40,3.158,21.140,13.584,8.347,2.610,0.000,0.622,15.961,0.000,0.000,4.046,0.000,30.532
Cer77_rep6_Dep6_Tu30,3.034,16.076,11.239,7.147,2.840,0.000,1.566,12.380,2.602,0.000,5.875,0.000,37.241
Cer77_rep2_Dep6_Tu0.1,0.000,0.000,0.672,0.000,8.161,2.045,2.344,0.000,2.717,8.476,9.646,3.356,62.583
Cer77_rep1_Dep6_Tu20,0.766,11.499,9.778,5.506,6.780,0.000,0.473,7.051,4.401,3.131,6.387,0.000,44.228
Cer77_rep4_Dep6_Tu30,0.249,17.397,11.045,6.906,6.817,0.000,1.293,14.305,0.492,0.000,4.781,0.000,36.714
Cer77_rep10_Dep6_Tu0.5,1.055,0.000,1.074,0.000,6.756,1.698,3.993,0.000,0.000,11.969,10.084,2.554,60.817
Cer77_rep5_Dep6_Tu10,1.835,5.305,5.417,2.800,6.571,0.000,2.274,3.639,0.000,8.023,9.413,2.070,52.651
Cer77_rep9_Dep6_Tu1,0.469,1.250,1.989,0.000,5.595,1.405,5.040,0.000,0.000,10.070,10.104,2.626,61.452
Cer77_rep1_Dep6_Tu10,0.308,9.581,5.400,2.939,5.358,0.000,2.634,0.000,3.810,8.013,6.870,1.687,53.400
Cer77_rep8_Dep6_Tu0.1,0.000,0.000,1.906,0.000,4.899,2.050,3.965,0.000,1.916,10.199,9.285,2.956,62.824
Cer77_rep9_Dep6_Tu10,1.150,6.282,5.438,1.742,7.295,0.494,2.753,2.985,0.861,7.875,9.255,1.633,52.238
Cer77_rep7_Dep6_Tu0.1,0.000,0.000,1.054,0.000,5.154,2.216,3.462,0.000,1.393,10.363,11.046,2.087,63.223
