Sample,BRCA,CEAD,CESC,COAD,OV,READ,bcell,cd4tcell,cd8tcell,erythroblast,monocyte,naturalkillercell,neutrophil,Unknown-1,Unknown-2,Unknown-3,Unknown-4,Unknown-5,Unknown-6,Unknown-7,Unknown-8,Unknown-9,Unknown-10
Ov9433_rep10_Dep6_Tu5,0.089,1.994,0.920,0.035,4.804,0.786,2.041,4.370,1.196,0.327,6.170,4.244,12.544,3.277,12.180,1.092,8.742,3.422,4.770,2.218,5.215,12.856,6.708
Ov9433_rep6_Dep6_Tu20,4.201,2.176,2.285,2.454,1.266,1.221,0.936,2.062,3.740,6.615,1.041,3.237,6.541,4.823,5.081,5.640,3.947,10.387,7.648,7.528,8.512,1.555,7.103
Ov9433_rep8_Dep6_Tu5,0.116,1.399,0.610,0.385,3.450,0.054,1.760,1.311,3.878,6.751,6.430,4.045,9.560,0.929,8.166,11.152,7.932,5.977,7.340,1.103,11.370,3.456,2.826
Ov9433_rep2_Dep6_Tu5,0.010,1.957,0.059,0.023,2.384,0.390,2.235,2.336,2.318,2.775,5.167,2.273,7.695,3.126,12.287,16.704,3.110,3.288,2.557,15.631,0.751,8.297,4.628
Ov9433_rep5_Dep6_Tu0.5,0.007,0.222,0.804,0.018,2.645,0.251,2.447,2.338,0.296,3.383,11.477,2.572,5.990,3.202,14.621,16.210,4.183,4.326,4.406,5.713,0.702,8.538,5.649
Ov9433_rep5_Dep6_Tu5,0.040,1.202,0.145,0.095,3.060,1.013,0.928,3.680,4.968,0.924,7.798,2.749,5.649,17.254,6.607,9.839,3.597,2.553,2.792,5.470,10.215,3.875,5.549
Ov9433_rep8_Dep6_Tu30,6.586,4.334,1.224,4.858,4.189,0.820,2.705,1.828,1.889,5.323,3.818,0.651,3.961,3.441,2.403,6.610,9.111,0.993,11.308,9.005,1.760,6.747,6.435
Ov9433_rep6_Dep6_Tu0.3,0.028,0.748,0.115,0.002,1.845,0.014,2.622,3.479,1.285,5.238,3.492,3.568,9.893,13.608,7.626,7.538,0.756,5.774,4.134,11.796,7.513,7.529,1.396
Ov9433_rep1_Dep6_Tu0.3,0.030,0.465,0.763,0.000,1.656,0.855,0.005,3.880,5.324,3.481,11.557,0.173,6.003,5.206,7.254,2.563,7.319,12.904,1.906,0.240,9.922,9.118,9.375
Ov9433_rep2_Dep6_Tu10,2.133,0.619,1.131,0.655,1.609,0.771,2.484,2.191,2.949,4.164,3.072,1.959,5.256,12.530,5.230,4.946,9.067,12.420,5.375,6.553,8.861,2.141,3.885
Ov9433_rep4_Dep6_Tu20,2.617,3.121,1.691,1.627,2.752,1.296,3.871,1.171,2.139,4.966,5.213,3.754,7.245,3.510,1.556,2.592,10.177,5.336,12.608,7.248,3.565,6.220,5.723
Ov9433_rep3_Dep6_Tu10,0.281,2.350,1.736,1.299,2.494,0.863,1.374,0.265,1.971,6.109,6.040,2.567,10.282,1.211,7.738,10.239,17.001,0.652,1.170,2.846,4.099,6.170,11.244
Ov9433_rep4_Dep6_Tu0.3,0.019,1.233,0.140,0.001,2.584,0.093,0.258,3.148,2.167,2.116,9.307,3.418,9.847,9.048,0.871,12.535,2.521,9.265,3.334,4.525,4.732,8.047,10.789
Ov9433_rep9_Dep6_Tu0.1,0.014,0.824,0.069,0.000,0.641,0.403,2.518,4.029,2.750,0.904,1.871,4.164,16.935,10.405,6.950,6.332,1.314,1.995,2.506,4.335,1.284,13.058,16.695
Ov9433_rep10_Dep6_Tu0.5,0.017,0.413,0.647,0.004,1.629,0.794,3.719,2.150,1.736,3.789,8.452,2.165,4.935,8.404,7.288,3.403,6.204,0.946,2.522,7.491,17.315,5.128,10.850
Ov9433_rep6_Dep6_Tu30,6.462,2.072,0.509,4.927,5.115,2.152,1.646,0.794,2.834,4.816,4.261,2.707,3.880,14.928,1.375,2.729,13.680,7.372,4.865,1.394,4.179,4.137,3.167
Ov9433_rep1_Dep6_Tu2,0.081,0.345,0.899,0.014,2.765,0.003,2.242,2.212,2.418,6.828,4.507,1.873,12.047,0.327,3.114,20.939,1.270,11.208,4.213,6.025,14.170,0.471,2.029
Ov9433_rep1_Dep6_Tu5,0.534,2.702,0.918,0.238,0.688,0.796,3.491,4.501,4.720,1.187,2.948,2.296,11.679,5.050,2.691,1.815,3.200,11.139,5.092,8.354,15.342,7.435,3.183
Ov9433_rep5_Dep6_Tu1,0.086,0.459,0.442,0.001,2.305,0.394,3.071,0.034,5.600,6.330,2.741,2.541,11.311,9.424,1.764,13.378,2.848,7.320,1.882,6.136,11.973,5.953,4.007
Ov9433_rep9_Dep6_Tu5,0.708,0.339,0.425,0.161,2.838,0.520,3.324,4.077,1.835,2.878,5.719,3.885,9.611,11.083,5.744,4.952,4.054,5.165,1.689,2.958,10.187,11.791,6.055
Ov9433_rep9_Dep6_Tu0.3,0.033,0.225,0.753,0.004,1.415,0.643,1.313,2.700,3.211,2.048,2.965,2.509,16.373,11.227,17.120,0.239,2.272,11.440,1.700,6.099,3.435,10.481,1.797
Ov9433_rep4_Dep6_Tu10,2.019,3.120,0.654,0.280,4.841,1.256,2.429,2.674,2.532,1.498,2.149,1.397,7.479,8.212,5.236,8.809,13.147,16.868,0.225,6.816,5.125,0.858,2.375
Ov9433_rep1_Dep6_Tu3,0.125,1.130,1.417,0.040,2.268,0.400,1.525,5.149,1.067,4.607,10.363,1.638,13.634,5.983,9.077,9.074,1.237,10.382,10.205,3.846,0.890,0.598,5.346
Ov9433_rep4_Dep6_Tu50,14.317,3.448,2.460,10.269,2.699,1.176,3.825,1.162,0.908,3.455,1.040,1.836,3.053,5.561,1.183,0.886,3.830,5.451,17.508,9.518,4.754,1.602,0.060
Ov9433_rep9_Dep6_Tu30,4.955,3.260,0.143,4.052,3.695,1.766,1.983,2.115,0.810,3.576,4.953,2.112,4.999,6.512,1.712,4.445,8.091,4.354,12.436,16.158,4.655,3.181,0.035
Ov9433_rep4_Dep6_Tu2,0.008,0.819,0.401,0.004,2.765,0.381,0.677,2.234,3.467,0.949,9.890,3.247,3.525,18.707,8.357,3.749,7.587,0.225,0.965,10.376,5.140,2.471,14.056
Ov9433_rep7_Dep6_Tu3,0.120,0.363,0.647,0.009,0.719,0.638,1.166,3.253,2.881,4.357,3.459,2.887,5.735,13.947,1.311,12.010,6.390,8.420,3.527,3.084,2.850,0.916,21.311
Ov9433_rep8_Dep6_Tu1,0.022,0.258,0.330,0.002,1.016,0.211,1.039,1.422,4.439,3.954,10.090,2.887,5.450,6.290,9.022,22.232,5.100,10.067,3.152,1.226,3.996,0.690,7.107
Ov9433_rep2_Dep6_Tu30,13.409,0.622,0.691,3.880,1.916,1.290,2.050,0.395,1.275,3.731,3.928,1.323,5.554,5.539,15.090,0.618,1.082,0.870,13.269,8.855,4.905,8.947,0.761
Ov9433_rep7_Dep6_Tu1,0.043,0.875,0.526,0.002,3.247,0.275,2.852,0.853,2.499,0.737,7.822,2.278,0.845,9.763,5.166,20.397,4.022,0.161,0.010,8.915,2.061,13.542,13.110
Ov9433_rep6_Dep6_Tu3,0.073,0.614,0.136,0.044,3.432,0.878,0.474,1.256,3.879,5.386,9.368,2.181,8.499,3.790,2.095,12.371,8.897,0.943,4.664,3.636,4.741,18.679,3.962
Ov9433_rep8_Dep6_Tu0.3,0.017,0.697,0.648,0.000,2.209,0.300,2.548,3.025,1.206,0.979,0.523,3.198,13.417,10.360,0.322,11.421,3.824,10.060,2.422,6.031,12.757,4.068,9.966
Ov9433_rep5_Dep6_Tu3,0.063,2.358,0.863,0.005,0.747,0.586,3.404,1.007,1.927,4.387,8.160,3.696,2.841,14.641,1.999,3.929,13.074,8.604,1.076,3.311,14.146,8.801,0.374
Ov9433_rep4_Dep6_Tu0.1,0.007,0.568,0.561,0.002,1.726,0.505,0.828,3.575,1.544,5.756,6.215,1.541,13.415,1.600,7.603,14.068,0.169,9.917,6.109,0.000,8.400,4.423,11.466
Ov9433_rep2_Dep6_Tu40,13.216,3.650,0.364,5.312,2.415,3.225,2.343,2.668,1.252,3.520,2.661,0.663,5.405,8.488,5.308,0.822,6.221,2.918,19.809,0.284,4.275,1.893,3.286
Ov9433_rep2_Dep6_Tu20,4.109,0.367,1.500,3.419,1.087,2.304,3.280,0.736,4.298,6.875,4.419,1.468,4.140,2.631,1.405,5.388,2.845,9.849,16.483,4.079,2.344,7.277,9.695
Ov9433_rep10_Dep6_Tu3,0.219,0.102,0.183,0.565,2.281,0.694,4.222,2.299,1.966,6.282,6.145,2.491,11.320,13.076,15.057,0.962,4.465,5.304,3.456,5.448,7.531,4.732,1.196
Ov9433_rep4_Dep6_Tu3,0.211,0.979,0.085,0.005,2.310,0.291,2.370,3.358,2.821,1.463,6.930,2.274,14.480,2.624,10.739,13.712,4.796,2.442,3.288,7.032,7.124,4.466,6.202
Ov9433_rep2_Dep6_Tu3,0.042,0.627,0.357,0.006,3.940,0.286,0.990,4.574,0.759,5.121,7.562,3.813,8.395,3.548,13.127,7.180,6.184,10.036,6.219,2.096,7.388,0.506,7.244
Ov9433_rep3_Dep6_Tu50,14.858,5.949,1.454,9.657,1.448,3.021,1.980,0.932,0.593,1.748,2.790,0.863,2.815,2.272,5.540,0.961,20.031,0.087,12.267,3.582,2.508,1.577,3.068
Ov9433_rep6_Dep6_Tu2,0.097,0.716,0.245,0.115,2.170,0.787,3.217,5.935,0.133,0.574,3.436,4.559,8.279,17.609,8.626,7.777,1.922,10.192,1.386,3.224,5.022,2.124,11.853
Ov9433_rep1_Dep6_Tu30,6.695,0.547,1.783,4.377,2.360,2.077,3.824,2.171,1.905,4.608,0.743,1.392,1.845,6.420,8.813,5.059,2.042,11.948,19.210,7.216,1.185,0.699,3.083
Ov9433_rep9_Dep6_Tu40,10.210,7.724,1.214,7.199,0.185,1.150,1.747,1.338,1.182,3.787,3.144,1.475,5.608,2.735,3.154,5.019,12.409,5.722,9.642,12.187,0.770,0.579,1.818
Ov9433_rep8_Dep6_Tu0.1,0.008,0.201,0.597,0.000,0.302,0.099,3.538,5.056,0.161,5.776,2.500,3.078,8.396,16.067,0.754,11.485,0.312,4.681,5.746,6.948,3.407,7.283,13.603
Ov9433_rep7_Dep6_Tu0.5,0.019,0.554,0.127,0.002,3.155,0.290,2.176,1.005,2.212,9.038,0.008,2.901,16.049,6.638,3.894,14.635,3.861,8.895,5.342,0.871,0.384,9.950,7.992
Ov9433_rep7_Dep6_Tu0.1,0.004,0.842,0.322,0.003,1.938,0.344,2.131,1.718,2.797,5.792,4.243,2.118,5.878,4.785,14.224,4.274,0.025,17.371,2.607,3.230,10.084,13.858,1.410
Ov9433_rep9_Dep6_Tu2,0.002,0.164,1.153,0.009,2.611,0.400,3.056,4.561,1.889,4.786,1.269,2.269,10.921,2.837,11.825,7.300,4.802,15.934,1.984,8.056,4.038,6.379,3.758
Ov9433_rep3_Dep6_Tu2,0.018,0.778,0.375,0.004,2.148,1.211,1.816,3.481,0.874,3.528,4.901,4.081,11.142,1.056,7.721,2.036,2.897,15.803,5.256,0.353,11.132,3.917,15.472
Ov9433_rep4_Dep6_Tu40,9.253,2.486,2.258,8.030,7.501,0.684,3.696,1.681,1.451,2.949,1.741,0.444,3.768,0.780,4.692,2.793,12.731,7.046,3.866,11.522,4.370,4.038,2.221
Ov9433_rep9_Dep6_Tu10,0.213,3.038,0.726,0.278,3.025,1.578,3.132,2.646,0.703,4.659,6.192,2.186,7.244,16.257,7.317,12.851,3.572,9.876,6.511,2.811,1.532,3.564,0.087
Ov9433_rep9_Dep6_Tu50,16.038,1.762,1.338,10.003,5.305,4.217,1.474,1.017,1.036,2.329,1.993,0.775,0.950,1.872,0.799,0.972,8.436,7.853,10.770,10.759,5.463,3.583,1.255
Ov9433_rep2_Dep6_Tu1,0.079,0.132,0.960,0.005,1.899,0.202,1.168,4.132,3.447,3.229,12.315,0.486,10.394,13.128,1.421,18.309,8.157,0.938,0.307,3.378,4.003,6.872,5.039
Ov9433_rep8_Dep6_Tu3,0.027,0.730,0.473,0.003,2.085,0.059,1.389,1.889,2.482,4.685,5.041,3.024,15.872,7.329,5.609,10.834,0.621,6.507,4.150,13.587,8.577,1.318,3.711
Ov9433_rep3_Dep6_Tu40,8.380,3.801,1.141,6.558,6.413,1.329,3.994,1.579,1.460,1.152,2.256,1.731,4.962,4.758,2.046,1.990,1.025,4.225,21.727,15.029,3.517,0.804,0.121
Ov9433_rep6_Dep6_Tu40,6.829,5.625,3.562,7.304,6.003,1.639,0.664,0.603,1.174,2.486,4.459,0.739,3.261,4.169,4.341,0.437,12.655,3.071,12.273,6.153,2.266,4.546,5.741
Ov9433_rep6_Dep6_Tu50,15.646,5.010,2.160,9.356,2.904,3.401,2.475,1.942,0.064,3.675,0.454,1.410,1.933,8.378,2.897,0.770,16.438,2.759,4.920,3.721,3.975,5.639,0.070
Ov9433_rep5_Dep6_Tu2,0.029,0.960,0.186,0.001,3.397,0.308,1.202,2.959,1.834,4.074,4.674,5.061,8.336,7.143,9.443,1.018,3.891,8.843,0.917,6.249,10.096,15.437,3.942
Ov9433_rep9_Dep6_Tu3,0.210,0.645,0.351,0.004,1.164,0.796,3.211,3.688,2.433,5.498,4.142,2.439,3.475,20.145,12.131,12.476,0.353,0.990,5.526,5.636,11.503,0.122,3.063
Ov9433_rep10_Dep6_Tu40,9.974,1.083,2.549,7.979,4.985,1.427,3.291,2.254,1.331,5.507,0.461,1.575,5.051,6.073,4.838,1.651,9.667,4.361,16.678,0.896,0.297,0.903,7.169
Ov9433_rep1_Dep6_Tu50,13.940,3.969,0.720,10.531,0.710,2.436,3.016,0.168,1.994,1.091,3.485,1.151,3.828,3.729,3.401,0.051,8.099,0.834,15.611,12.098,5.988,0.166,2.982
Ov9433_rep6_Dep6_Tu5,1.005,0.607,0.856,0.129,2.576,0.667,2.596,3.963,2.148,3.635,5.453,2.130,3.299,2.958,9.733,6.025,18.809,13.113,1.878,2.856,2.792,2.008,10.766
Ov9433_rep2_Dep6_Tu2,0.016,1.090,0.795,0.005,1.991,0.308,1.846,2.627,1.976,0.202,9.646,2.817,5.750,1.114,2.713,14.385,0.826,2.796,2.391,6.929,23.784,8.404,7.587
Ov9433_rep9_Dep6_Tu0.5,0.016,0.599,0.661,0.004,1.202,0.271,2.342,3.353,1.363,4.877,9.462,2.353,12.152,3.222,11.118,9.644,4.577,3.716,1.844,4.447,7.902,13.167,1.708
Ov9433_rep3_Dep6_Tu5,0.351,0.147,0.890,0.226,3.600,2.155,2.601,0.451,2.617,4.784,1.917,2.122,11.520,5.613,6.095,3.020,0.631,12.216,6.754,5.867,10.569,4.721,11.133
Ov9433_rep4_Dep6_Tu1,0.042,1.270,0.055,0.009,0.687,0.234,2.497,2.806,2.187,5.670,6.666,2.471,16.961,9.317,1.240,0.236,2.907,3.913,3.927,3.611,2.152,18.310,12.833
Ov9433_rep3_Dep6_Tu1,0.005,0.655,0.206,0.000,2.401,0.284,1.710,4.262,2.496,0.580,1.881,3.877,10.720,18.359,4.423,8.414,0.631,5.061,3.833,12.906,5.534,7.535,4.227
Ov9433_rep1_Dep6_Tu0.5,0.029,1.518,0.059,0.001,2.509,0.502,2.109,2.224,2.703,5.006,4.572,1.671,15.967,11.222,3.425,4.256,2.003,11.790,4.686,2.449,3.578,8.278,9.443
Ov9433_rep5_Dep6_Tu0.1,0.012,0.578,0.525,0.000,1.913,0.276,2.239,2.304,1.674,3.752,7.874,1.944,11.630,6.343,5.340,15.670,6.916,3.866,3.515,6.038,3.700,1.625,12.264
Ov9433_rep7_Dep6_Tu0.3,0.066,1.390,0.557,0.001,0.945,0.078,0.642,4.853,0.750,6.379,1.466,2.611,7.186,6.223,4.490,16.711,11.406,18.250,0.965,2.209,3.829,0.818,8.176
Ov9433_rep1_Dep6_Tu40,10.748,3.017,2.057,6.514,1.640,0.008,1.012,3.051,0.537,5.367,2.818,2.168,4.806,4.838,5.503,0.321,13.363,5.202,9.689,11.598,5.701,0.018,0.024
Ov9433_rep8_Dep6_Tu2,0.047,0.934,0.563,0.000,2.631,0.597,2.653,3.758,1.382,3.674,8.478,2.208,7.613,13.343,5.134,10.604,4.244,4.375,3.556,0.979,9.057,8.163,6.005
Ov9433_rep2_Dep6_Tu0.3,0.016,0.748,0.267,0.001,1.539,0.053,0.683,1.491,3.297,4.932,4.096,2.029,15.391,6.227,11.449,14.109,2.326,5.571,1.240,10.871,3.635,2.700,7.330
Ov9433_rep7_Dep6_Tu20,3.099,3.373,2.173,2.432,2.702,0.641,1.920,4.659,0.707,1.426,3.068,0.962,6.972,5.127,7.506,2.934,4.868,11.324,9.184,11.221,1.171,9.145,3.384
Ov9433_rep6_Dep6_Tu0.5,0.001,0.531,0.185,0.002,2.337,0.653,2.159,1.087,1.701,5.662,7.732,3.720,16.863,3.944,13.683,1.811,6.388,0.198,1.455,0.533,14.666,14.381,0.309
Ov9433_rep8_Dep6_Tu40,9.063,2.006,2.481,6.936,2.026,1.234,4.009,1.795,1.344,3.416,1.064,1.674,3.533,1.977,3.204,1.423,7.773,2.146,12.465,19.395,3.019,4.360,3.658
Ov9433_rep10_Dep6_Tu30,9.280,2.392,1.829,5.133,6.066,0.591,4.574,1.937,1.117,5.561,0.361,1.382,4.315,8.304,5.596,4.668,2.559,4.365,5.591,7.174,5.195,9.238,2.771
Ov9433_rep7_Dep6_Tu50,14.824,5.573,2.707,9.325,0.307,1.810,2.119,1.609,0.082,7.563,1.002,0.311,2.663,5.043,1.888,2.698,15.281,10.493,2.361,5.055,4.862,0.497,1.925
Ov9433_rep1_Dep6_Tu1,0.039,0.678,0.985,0.001,1.788,0.158,1.834,1.551,3.290,2.855,8.294,3.606,5.080,12.369,10.053,10.545,0.117,0.225,3.278,0.559,16.067,11.049,5.577
Ov9433_rep2_Dep6_Tu0.5,0.012,0.727,0.931,0.002,2.077,0.194,0.778,2.995,0.353,4.730,3.379,4.009,15.593,2.939,17.986,7.178,3.192,10.410,3.780,7.181,1.321,0.593,9.640
Ov9433_rep1_Dep6_Tu10,0.140,1.979,0.563,1.663,2.507,1.204,4.885,4.885,0.745,4.067,6.243,0.977,7.952,5.760,1.885,10.650,0.664,0.280,12.546,6.207,5.370,3.293,15.535
Ov9433_rep5_Dep6_Tu0.3,0.002,0.570,0.329,0.000,1.056,0.317,1.341,4.359,1.188,5.297,9.135,1.372,9.106,16.440,1.791,13.580,3.112,1.783,0.907,5.601,5.614,14.599,2.501
Ov9433_rep7_Dep6_Tu40,7.815,2.130,0.437,5.482,9.075,2.550,2.482,1.029,1.459,0.729,3.500,2.053,0.346,7.030,3.272,0.494,10.318,0.666,15.189,18.239,1.569,2.529,1.605
Ov9433_rep8_Dep6_Tu50,18.971,1.249,0.047,8.435,4.827,4.699,2.125,1.873,0.975,1.166,1.811,1.458,4.523,0.792,4.058,1.056,4.224,3.302,17.709,11.796,0.542,4.069,0.295
Ov9433_rep5_Dep6_Tu50,16.691,1.340,2.403,10.692,3.699,1.784,2.625,0.445,0.141,3.314,2.093,0.671,2.222,0.366,2.178,1.619,14.803,9.776,6.027,7.396,2.235,3.456,4.026
Ov9433_rep4_Dep6_Tu5,0.052,2.381,0.399,0.151,0.790,0.077,0.970,3.068,5.279,5.246,4.969,1.824,16.760,3.968,1.834,2.715,6.759,8.829,3.897,7.448,4.711,11.225,6.647
Ov9433_rep3_Dep6_Tu3,0.048,0.719,0.504,0.005,1.041,0.039,2.084,1.153,4.418,6.907,8.221,2.150,12.927,5.124,8.190,15.193,12.391,2.325,1.488,2.236,3.566,5.686,3.586
Ov9433_rep8_Dep6_Tu0.5,0.057,1.163,0.105,0.003,1.494,0.919,3.378,0.368,5.340,6.703,5.316,1.065,5.631,8.071,8.240,4.364,2.588,14.790,7.081,1.692,12.091,2.069,7.473
Ov9433_rep9_Dep6_Tu20,2.247,1.168,2.162,3.980,3.861,1.352,3.312,3.140,1.762,6.786,0.785,0.565,7.402,7.205,1.695,0.992,4.393,6.154,15.728,0.457,7.505,7.551,9.797
Ov9433_rep10_Dep6_Tu0.3,0.007,0.157,0.720,0.010,1.054,0.143,1.055,3.502,1.217,4.020,9.500,2.886,10.165,5.912,7.960,15.136,5.166,8.757,2.297,1.186,3.975,7.501,7.674
Ov9433_rep5_Dep6_Tu40,9.559,7.120,0.479,6.945,0.721,1.475,2.233,1.837,1.841,3.093,4.057,1.989,2.457,2.055,7.591,0.786,2.675,11.027,16.678,2.034,9.567,2.372,1.408
Ov9433_rep2_Dep6_Tu50,14.012,4.481,1.863,10.119,0.584,2.114,3.276,0.812,0.605,2.184,1.307,0.808,0.534,2.518,3.328,3.325,8.831,0.568,18.799,9.244,3.849,5.848,0.991
Ov9433_rep1_Dep6_Tu20,4.189,2.329,1.493,1.514,0.460,1.461,1.886,0.315,3.933,5.818,3.550,2.843,4.342,14.285,0.827,5.047,8.003,6.025,6.100,6.379,1.184,11.428,6.589
Ov9433_rep3_Dep6_Tu0.1,0.006,0.965,0.234,0.002,1.664,0.178,2.146,1.493,0.849,4.092,4.808,3.396,12.687,15.654,9.222,10.099,1.057,5.054,2.895,1.246,11.408,3.631,7.216
Ov9433_rep5_Dep6_Tu20,3.211,4.910,0.190,1.694,0.076,1.166,2.406,3.163,1.701,3.207,1.270,1.675,12.694,4.638,5.021,5.771,1.526,3.007,11.140,10.755,3.280,1.309,16.190
Ov9433_rep3_Dep6_Tu30,6.164,5.765,1.424,4.642,4.183,1.701,3.072,0.944,0.917,2.797,0.804,1.345,2.999,0.792,5.400,3.911,2.091,14.389,8.830,9.628,8.163,0.983,9.055
Ov9433_rep6_Dep6_Tu0.1,0.004,0.778,0.360,0.001,2.331,0.171,1.915,1.064,4.823,1.342,8.122,1.876,12.431,1.192,3.013,2.040,0.423,15.373,4.084,5.613,4.822,9.599,18.625
Ov9433_rep5_Dep6_Tu30,8.043,6.240,0.434,6.107,3.978,0.644,1.884,1.003,1.899,7.239,2.853,0.401,1.113,2.771,5.462,5.200,16.503,3.178,4.004,0.432,10.089,5.790,4.731
Ov9433_rep3_Dep6_Tu0.3,0.010,0.196,0.508,0.004,1.683,0.602,2.179,6.003,4.519,1.939,5.165,0.076,12.512,4.260,10.495,0.063,1.048,15.567,6.781,4.763,3.624,3.928,14.077
Ov9433_rep9_Dep6_Tu1,0.068,0.629,0.855,0.001,0.837,0.158,2.400,3.608,0.663,4.980,6.827,2.297,7.077,3.063,10.227,19.905,8.400,2.193,1.295,5.178,12.450,2.010,4.881
Ov9433_rep6_Dep6_Tu1,0.024,0.517,0.173,0.013,4.417,0.979,0.929,1.196,1.835,2.914,9.129,4.056,10.551,4.850,11.469,0.824,4.357,1.729,2.295,6.186,7.733,11.655,12.170
Ov9433_rep10_Dep6_Tu1,0.036,0.587,0.370,0.031,2.191,0.188,1.279,0.968,3.143,4.068,6.344,2.305,10.244,5.936,10.670,16.131,4.389,0.107,1.701,10.066,9.571,3.436,6.242
Ov9433_rep7_Dep6_Tu5,0.394,0.354,0.374,0.692,2.789,1.337,3.011,2.347,2.958,5.315,0.025,2.238,12.433,2.273,6.563,9.876,5.392,9.800,6.305,4.077,0.743,13.381,7.322
Ov9433_rep3_Dep6_Tu0.5,0.013,0.790,0.360,0.001,1.059,0.150,2.150,2.817,3.281,2.756,8.850,2.781,12.319,5.443,8.190,6.199,2.180,4.485,3.163,14.293,3.397,9.615,5.707
Ov9433_rep4_Dep6_Tu30,8.406,6.051,1.892,3.857,3.301,0.500,2.070,1.453,1.760,2.207,4.070,1.025,4.881,1.923,1.204,12.001,4.100,4.253,11.536,6.816,10.583,5.449,0.662
Ov9433_rep4_Dep6_Tu0.5,0.017,0.239,0.466,0.001,1.038,0.142,1.886,0.256,3.345,3.824,7.922,3.307,12.675,2.567,3.892,8.648,3.363,6.526,5.765,0.949,9.753,5.743,17.675
Ov9433_rep3_Dep6_Tu20,5.076,1.527,2.068,2.109,3.374,0.608,2.236,2.245,1.486,4.525,2.875,1.109,8.343,6.280,16.336,6.013,4.144,4.545,12.310,3.287,8.362,0.079,1.061
Ov9433_rep6_Dep6_Tu10,0.116,2.758,0.865,0.697,3.951,0.093,1.782,2.664,2.164,3.032,5.611,3.656,11.745,4.980,8.616,9.506,0.761,4.604,8.709,3.792,5.252,7.432,7.215
Ov9433_rep5_Dep6_Tu10,2.048,1.410,1.535,1.806,1.988,1.652,2.257,3.296,2.410,5.331,5.811,1.665,7.689,8.298,7.044,9.316,9.041,6.278,5.640,3.569,5.498,4.066,2.353
Ov9433_rep8_Dep6_Tu10,1.375,4.384,0.293,0.577,1.174,0.743,2.377,1.675,2.196,0.195,9.363,1.822,12.288,1.866,7.337,14.033,3.621,0.516,8.624,2.038,10.406,3.279,9.817
Ov9433_rep7_Dep6_Tu2,0.002,1.151,0.551,0.006,1.658,0.454,3.276,0.141,2.666,3.680,4.834,3.220,10.661,1.001,14.087,2.346,10.180,2.065,2.309,0.182,9.085,10.739,15.707
Ov9433_rep10_Dep6_Tu2,0.056,0.891,0.037,0.002,2.036,0.506,2.263,0.527,3.290,6.315,2.633,2.328,14.137,10.740,11.517,12.850,2.247,6.086,0.935,0.845,6.678,11.073,2.006
Ov9433_rep7_Dep6_Tu30,7.367,4.295,0.742,4.361,3.279,2.584,1.766,1.605,0.191,3.886,3.865,1.506,4.101,0.903,2.698,0.731,6.682,12.862,5.571,15.313,4.606,6.451,4.635
Ov9433_rep1_Dep6_Tu0.1,0.033,1.386,0.271,0.037,1.415,0.016,1.320,5.032,2.024,0.219,8.310,2.360,18.795,1.761,17.543,2.742,4.550,10.706,2.186,8.674,3.643,3.803,3.174
Ov9433_rep8_Dep6_Tu20,2.347,1.820,0.500,2.302,6.347,0.480,0.267,4.739,2.047,3.276,6.124,2.565,1.808,8.826,9.488,5.310,7.179,3.981,12.621,11.165,0.610,2.937,3.259
Ov9433_rep10_Dep6_Tu0.1,0.014,0.172,0.407,0.001,1.065,0.449,1.657,3.002,2.224,4.666,7.308,3.560,10.850,10.153,1.368,5.967,2.888,6.032,1.251,4.562,3.906,12.072,16.428
Ov9433_rep7_Dep6_Tu10,1.312,1.378,2.114,0.192,4.122,1.080,2.147,3.860,1.590,2.463,5.492,3.263,3.724,1.800,13.079,0.191,6.795,14.538,7.006,10.284,5.205,5.522,2.844
Ov9433_rep10_Dep6_Tu50,16.998,0.810,0.634,9.960,2.342,4.533,2.494,0.388,1.617,2.663,3.353,0.926,1.645,0.030,0.704,0.537,11.216,2.418,18.025,7.670,2.114,7.366,1.557
Ov9433_rep2_Dep6_Tu0.1,0.018,0.828,0.186,0.000,2.307,0.131,0.116,1.152,5.915,0.307,7.423,4.075,14.447,8.065,8.300,0.342,3.693,2.382,0.689,11.234,8.673,9.341,10.375
Ov9433_rep10_Dep6_Tu10,0.684,1.433,2.079,0.483,1.216,2.729,2.751,4.053,1.655,4.375,4.064,2.922,11.025,11.140,4.843,1.835,0.436,9.098,0.474,10.918,3.242,8.927,9.619
Ov9433_rep10_Dep6_Tu20,3.707,1.793,1.328,3.181,4.903,0.548,1.978,3.276,2.939,4.545,6.083,2.236,3.110,6.383,7.347,5.384,8.868,3.610,10.946,4.653,2.854,10.252,0.074
