Sample,BRCA,CEAD,CESC,COAD,OV,READ,bcell,cd4tcell,cd8tcell,erythroblast,monocyte,naturalkillercell,neutrophil,Unknown-1
Colo_rep2_Dep6_Tu0.5,0.000,0.127,0.000,0.000,0.001,0.000,0.222,3.708,1.344,0.399,10.069,0.815,19.080,64.235
Colo_rep2_Dep6_Tu50,0.000,54.745,0.000,0.001,0.009,16.621,0.025,0.387,0.340,0.100,0.112,0.124,1.195,26.342
Colo_rep6_Dep6_Tu1,0.001,0.146,0.001,0.000,0.041,0.000,0.513,7.294,1.481,1.095,2.807,0.429,22.125,64.068
Colo_rep3_Dep6_Tu2,0.001,0.727,0.001,0.000,0.094,0.000,0.277,3.223,4.807,0.214,8.000,0.526,18.439,63.690
Colo_rep7_Dep6_Tu2,0.002,0.664,0.000,0.000,0.014,0.000,0.324,3.667,2.128,1.607,7.802,0.466,19.947,63.380
Colo_rep8_Dep6_Tu0.1,0.000,0.011,0.001,0.000,0.048,0.000,0.330,4.986,3.159,0.632,7.417,0.489,20.885,62.044
Colo_rep10_Dep6_Tu2,0.002,0.682,0.001,0.000,0.047,0.000,0.399,4.575,2.771,1.163,6.754,0.250,18.380,64.976
Colo_rep6_Dep6_Tu3,0.007,1.935,0.004,0.100,0.447,0.367,0.447,2.783,3.868,0.442,7.659,0.476,19.622,61.844
Colo_rep9_Dep6_Tu30,0.009,34.662,0.010,0.001,0.338,9.178,0.265,2.036,1.612,0.517,1.160,0.193,7.263,42.756
Colo_rep9_Dep6_Tu0.5,0.000,0.127,0.000,0.000,0.004,0.000,0.136,5.466,1.111,0.452,8.258,0.274,19.539,64.632
Colo_rep6_Dep6_Tu20,0.005,21.174,0.000,0.000,0.042,6.526,0.166,1.740,2.257,0.462,4.736,0.365,11.992,50.535
Colo_rep8_Dep6_Tu30,0.007,34.868,0.000,0.000,0.117,9.226,0.150,1.722,0.678,0.462,2.064,0.313,5.742,44.649
Colo_rep3_Dep6_Tu5,0.006,3.479,0.002,0.000,0.189,1.253,0.394,3.457,2.130,2.086,4.955,0.472,19.245,62.332
Colo_rep4_Dep6_Tu3,0.085,1.067,0.159,0.032,0.417,0.435,0.390,3.022,3.135,1.413,6.234,0.270,19.836,63.506
Colo_rep2_Dep6_Tu10,0.001,11.292,0.000,0.000,0.028,2.847,0.270,1.515,2.529,0.822,6.479,0.454,15.102,58.660
Colo_rep3_Dep6_Tu40,0.002,44.837,0.002,0.000,0.078,13.191,0.047,1.069,0.594,0.160,1.524,0.126,3.007,35.363
Colo_rep3_Dep6_Tu30,0.005,36.080,0.000,0.000,0.050,8.980,0.050,0.684,0.894,0.179,4.256,0.074,5.072,43.677
Colo_rep6_Dep6_Tu30,0.008,32.467,0.022,0.000,0.345,9.889,0.084,3.094,0.245,0.418,3.656,0.271,6.396,43.104
Colo_rep4_Dep6_Tu50,0.001,52.423,0.000,0.003,0.050,17.342,0.040,0.753,0.821,0.077,0.422,0.049,1.677,26.342
Colo_rep5_Dep6_Tu50,0.000,54.883,0.000,0.000,0.027,16.621,0.011,0.272,0.386,0.064,0.901,0.205,1.112,25.518
Colo_rep6_Dep6_Tu2,0.003,0.325,0.202,0.002,0.451,0.000,0.333,4.222,3.085,0.333,7.993,0.330,19.005,63.715
Colo_rep10_Dep6_Tu50,0.004,52.697,0.001,0.003,0.131,17.328,0.068,0.858,0.198,0.122,1.318,0.138,0.642,26.492
Colo_rep7_Dep6_Tu50,0.000,53.982,0.000,0.000,0.004,16.607,0.064,0.374,0.391,0.143,1.162,0.058,1.150,26.064
Colo_rep9_Dep6_Tu40,0.003,45.102,0.000,0.000,0.073,12.549,0.047,0.894,0.466,0.195,2.029,0.264,2.527,35.850
Colo_rep8_Dep6_Tu5,0.036,1.806,0.062,0.344,0.343,1.396,0.187,4.768,1.522,1.110,6.999,0.935,19.636,60.858
Colo_rep1_Dep6_Tu20,0.005,22.005,0.001,0.005,0.099,6.394,0.061,3.657,0.439,0.347,5.193,0.566,11.110,50.117
Colo_rep9_Dep6_Tu2,0.000,0.680,0.000,0.000,0.040,0.000,0.420,3.545,5.610,0.931,2.792,0.300,19.935,65.746
Colo_rep5_Dep6_Tu30,0.003,34.942,0.000,0.000,0.018,9.068,0.306,1.891,0.723,0.701,3.349,0.245,6.408,42.344
Colo_rep4_Dep6_Tu0.1,0.001,0.036,0.000,0.000,0.006,0.000,0.300,4.565,3.311,0.266,7.107,0.021,21.645,62.741
Colo_rep5_Dep6_Tu0.1,0.001,0.034,0.001,0.000,0.013,0.000,0.217,3.456,3.863,0.821,7.901,0.054,19.368,64.270
Colo_rep9_Dep6_Tu3,0.008,0.781,0.156,0.004,0.568,0.057,0.427,3.124,3.431,1.996,6.957,0.642,17.317,64.531
Colo_rep2_Dep6_Tu0.1,0.000,0.009,0.010,0.000,0.070,0.000,0.196,5.099,2.898,0.147,7.071,0.307,20.221,63.971
Colo_rep8_Dep6_Tu10,0.044,8.126,0.056,0.002,0.320,3.120,0.642,3.401,2.819,1.014,5.665,0.585,17.289,56.919
Colo_rep4_Dep6_Tu30,0.001,37.959,0.000,0.000,0.019,8.027,0.071,1.146,1.433,0.136,4.145,0.000,2.586,44.477
Colo_rep2_Dep6_Tu2,0.001,0.514,0.000,0.000,0.060,0.000,0.397,1.849,3.405,1.676,8.929,0.576,19.934,62.659
Colo_rep1_Dep6_Tu5,0.008,3.159,0.003,0.000,0.230,1.080,0.511,1.992,3.823,1.542,7.530,0.401,17.857,61.863
Colo_rep8_Dep6_Tu50,0.002,51.339,0.001,0.002,0.132,17.444,0.020,0.734,0.485,0.076,1.486,0.103,0.216,27.962
Colo_rep5_Dep6_Tu5,0.008,0.984,0.033,0.017,0.665,1.768,0.174,5.149,2.652,0.592,6.133,0.306,17.930,63.590
Colo_rep6_Dep6_Tu50,0.000,51.706,0.000,0.000,0.061,17.598,0.030,0.386,0.517,0.196,1.615,0.096,1.110,26.684
Colo_rep5_Dep6_Tu0.5,0.001,0.134,0.000,0.000,0.005,0.000,0.141,4.339,1.920,0.486,7.685,0.351,20.779,64.160
Colo_rep4_Dep6_Tu20,0.004,22.085,0.005,0.000,0.436,6.059,0.154,3.495,0.567,0.941,3.692,0.699,13.100,48.764
Colo_rep8_Dep6_Tu40,0.000,46.360,0.000,0.000,0.018,12.511,0.020,0.664,0.343,0.152,1.723,0.189,2.859,35.159
Colo_rep7_Dep6_Tu0.3,0.000,0.047,0.001,0.000,0.006,0.000,0.257,4.720,2.635,0.499,6.299,0.209,19.937,65.390
Colo_rep7_Dep6_Tu30,0.000,37.547,0.000,0.000,0.012,8.559,0.087,1.284,0.453,0.299,2.652,0.245,6.083,42.780
Colo_rep10_Dep6_Tu20,0.009,21.257,0.003,0.009,0.214,6.204,0.207,2.273,2.361,0.513,5.113,0.479,11.588,49.771
Colo_rep9_Dep6_Tu10,0.004,8.715,0.009,0.058,0.476,3.150,0.347,3.377,1.432,1.017,6.504,0.575,15.708,58.629
Colo_rep9_Dep6_Tu0.1,0.000,0.009,0.025,0.000,0.097,0.000,0.213,4.395,2.626,0.358,8.867,0.341,19.074,63.996
Colo_rep10_Dep6_Tu0.3,0.000,0.014,0.005,0.000,0.026,0.000,0.293,5.535,1.989,0.394,7.422,0.449,20.754,63.118
Colo_rep8_Dep6_Tu20,0.001,23.164,0.008,0.002,0.111,5.644,0.346,2.778,2.310,0.913,1.204,0.661,10.744,52.115
Colo_rep3_Dep6_Tu3,0.004,2.220,0.035,0.103,0.009,0.112,0.376,4.223,2.587,2.660,6.165,0.679,19.037,61.790
Colo_rep4_Dep6_Tu2,0.001,0.193,0.014,0.000,0.729,0.000,0.335,4.882,2.001,1.137,6.106,0.535,19.447,64.618
Colo_rep10_Dep6_Tu0.1,0.002,0.002,0.042,0.000,0.055,0.000,0.412,6.132,0.451,0.850,7.697,0.790,20.852,62.716
Colo_rep4_Dep6_Tu0.3,0.000,0.028,0.015,0.000,0.043,0.000,0.320,3.884,3.217,0.552,7.260,0.192,20.326,64.163
Colo_rep9_Dep6_Tu0.3,0.000,0.109,0.000,0.000,0.000,0.000,0.220,3.015,2.771,0.403,9.079,0.495,19.971,63.937
Colo_rep1_Dep6_Tu10,0.030,7.078,0.083,0.193,0.521,3.552,0.410,4.333,2.360,1.419,5.557,0.486,15.510,58.467
Colo_rep6_Dep6_Tu0.3,0.000,0.008,0.004,0.000,0.016,0.000,0.237,4.765,3.224,0.195,8.554,0.350,18.374,64.273
Colo_rep6_Dep6_Tu0.5,0.001,0.004,0.109,0.001,0.123,0.000,0.306,7.351,0.019,1.012,7.218,0.636,20.353,62.868
Colo_rep10_Dep6_Tu10,0.058,9.737,0.007,0.012,0.397,2.632,0.307,0.668,4.917,1.228,6.621,0.537,15.116,57.763
Colo_rep10_Dep6_Tu1,0.000,0.031,0.126,0.000,0.233,0.000,0.360,2.516,4.426,0.836,8.175,0.535,19.418,63.343
Colo_rep10_Dep6_Tu5,0.002,2.142,0.057,0.013,0.926,1.299,0.577,5.612,1.860,1.511,5.314,0.413,17.267,63.007
Colo_rep10_Dep6_Tu40,0.000,46.290,0.000,0.002,0.034,12.982,0.040,0.363,0.925,0.165,1.837,0.139,2.680,34.543
Colo_rep10_Dep6_Tu0.5,0.002,0.008,0.115,0.005,0.145,0.000,0.316,4.892,2.819,0.554,7.143,0.369,19.839,63.794
Colo_rep1_Dep6_Tu1,0.002,0.007,0.019,0.000,0.120,0.000,0.313,3.846,4.061,0.721,7.696,0.535,20.372,62.307
Colo_rep7_Dep6_Tu20,0.001,25.199,0.000,0.000,0.020,5.626,0.070,2.542,0.104,0.110,5.488,0.182,9.209,51.448
Colo_rep6_Dep6_Tu10,0.006,8.852,0.013,0.024,0.493,3.083,0.118,0.239,5.106,1.350,4.872,0.444,16.644,58.757
Colo_rep10_Dep6_Tu3,0.001,2.961,0.000,0.000,0.028,0.000,0.130,3.332,2.660,0.858,7.570,0.369,19.262,62.829
Colo_rep1_Dep6_Tu30,0.001,37.370,0.000,0.000,0.016,8.827,0.056,1.504,0.473,0.148,2.108,0.346,6.147,43.005
Colo_rep1_Dep6_Tu0.1,0.001,0.061,0.000,0.000,0.006,0.000,0.442,6.653,0.591,0.133,6.748,0.645,21.360,63.362
Colo_rep7_Dep6_Tu5,0.012,4.280,0.000,0.003,0.154,0.917,0.447,2.435,2.803,1.915,6.434,0.630,18.122,61.847
Colo_rep7_Dep6_Tu0.1,0.000,0.058,0.000,0.000,0.002,0.000,0.069,5.292,1.385,0.101,8.355,0.202,19.812,64.724
Colo_rep6_Dep6_Tu40,0.001,46.172,0.000,0.001,0.038,12.644,0.036,0.447,0.731,0.218,2.618,0.080,0.864,36.149
Colo_rep8_Dep6_Tu2,0.002,0.389,0.043,0.000,0.168,0.000,0.135,1.991,4.001,1.991,8.049,0.513,19.109,63.609
Colo_rep7_Dep6_Tu0.5,0.000,0.065,0.000,0.000,0.007,0.000,0.345,5.591,1.046,0.939,7.670,0.507,20.591,63.239
Colo_rep5_Dep6_Tu20,0.023,18.857,0.064,0.005,0.661,6.922,0.372,4.172,0.629,1.043,4.850,0.669,10.748,50.985
Colo_rep8_Dep6_Tu0.3,0.000,0.123,0.000,0.000,0.001,0.000,0.050,5.089,0.813,0.201,9.154,0.647,19.841,64.081
Colo_rep4_Dep6_Tu5,0.036,1.204,0.075,0.007,0.393,1.530,0.335,1.016,4.684,2.117,8.025,0.354,17.647,62.578
Colo_rep9_Dep6_Tu1,0.007,0.120,0.006,0.000,0.068,0.000,0.303,3.373,3.581,1.293,7.909,0.279,18.616,64.444
Colo_rep1_Dep6_Tu0.5,0.000,0.068,0.015,0.000,0.010,0.000,0.163,5.333,1.945,0.720,8.465,0.216,19.736,63.328
Colo_rep8_Dep6_Tu3,0.050,0.473,0.101,0.071,0.480,0.598,0.613,1.918,3.543,2.074,6.359,0.353,20.223,63.143
Colo_rep5_Dep6_Tu0.3,0.000,0.003,0.027,0.000,0.026,0.000,0.221,4.593,2.813,0.395,8.401,0.346,18.854,64.320
Colo_rep2_Dep6_Tu30,0.000,34.766,0.000,0.000,0.019,9.364,0.161,1.478,0.617,0.109,3.764,0.253,6.860,42.608
Colo_rep7_Dep6_Tu10,0.001,10.810,0.000,0.000,0.030,2.621,0.180,3.746,1.354,0.732,6.167,0.229,14.279,59.849
Colo_rep2_Dep6_Tu40,0.005,42.670,0.002,0.003,0.218,13.427,0.084,1.255,0.839,0.060,1.916,0.225,2.915,36.380
Colo_rep3_Dep6_Tu0.1,0.000,0.009,0.014,0.000,0.138,0.000,0.101,4.617,2.642,0.329,7.988,0.433,19.998,63.731
Colo_rep3_Dep6_Tu1,0.001,0.019,0.006,0.000,0.220,0.000,0.248,3.284,3.251,0.727,7.092,0.362,20.942,63.847
Colo_rep8_Dep6_Tu1,0.001,0.015,0.010,0.000,0.223,0.000,0.351,5.276,2.127,1.159,4.807,0.500,21.254,64.277
Colo_rep4_Dep6_Tu1,0.009,0.024,0.117,0.007,0.169,0.000,0.419,4.494,2.100,1.568,7.788,0.580,20.056,62.671
Colo_rep5_Dep6_Tu40,0.001,44.456,0.002,0.000,0.106,12.975,0.076,1.769,0.409,0.116,2.140,0.446,2.982,34.521
Colo_rep5_Dep6_Tu10,0.013,10.145,0.013,0.001,0.455,2.708,0.160,3.047,2.764,1.391,5.890,0.419,14.760,58.234
Colo_rep2_Dep6_Tu0.3,0.001,0.016,0.008,0.000,0.039,0.000,0.153,5.018,1.857,0.793,6.314,0.207,22.145,63.448
Colo_rep10_Dep6_Tu30,0.000,36.260,0.000,0.002,0.020,9.309,0.052,1.430,1.242,0.216,2.630,0.135,6.549,42.154
Colo_rep1_Dep6_Tu40,0.003,45.195,0.000,0.001,0.045,13.053,0.025,1.093,0.782,0.122,2.095,0.074,3.144,34.369
Colo_rep6_Dep6_Tu0.1,0.000,0.029,0.000,0.000,0.004,0.000,0.208,4.147,2.982,0.544,8.371,0.248,21.149,62.319
Colo_rep7_Dep6_Tu40,0.001,45.683,0.000,0.010,0.077,12.985,0.094,1.039,0.784,0.078,1.580,0.120,2.496,35.054
Colo_rep1_Dep6_Tu50,0.001,53.940,0.000,0.003,0.059,17.198,0.008,0.881,0.739,0.041,0.382,0.144,1.409,25.194
Colo_rep1_Dep6_Tu0.3,0.000,0.054,0.000,0.000,0.012,0.000,0.267,7.288,0.076,0.138,8.491,0.804,19.977,62.891
Colo_rep9_Dep6_Tu20,0.002,22.703,0.000,0.000,0.038,5.806,0.118,2.577,0.921,0.913,5.063,0.360,9.945,51.555
Colo_rep4_Dep6_Tu10,0.002,11.185,0.000,0.000,0.061,2.565,0.208,2.308,1.146,1.164,6.422,0.355,13.965,60.619
Colo_rep6_Dep6_Tu5,0.011,3.231,0.000,0.000,0.083,1.172,0.281,3.319,2.083,1.942,7.265,0.402,18.399,61.813
Colo_rep9_Dep6_Tu5,0.034,1.864,0.250,0.147,0.283,1.209,0.475,5.985,0.002,2.234,7.000,0.479,16.039,63.999
Colo_rep3_Dep6_Tu50,0.002,51.815,0.000,0.000,0.015,17.590,0.035,0.528,0.146,0.019,1.341,0.088,0.890,27.533
Colo_rep5_Dep6_Tu1,0.001,0.043,0.064,0.000,0.086,0.000,0.364,5.633,2.106,0.525,7.258,0.236,17.959,65.725
Colo_rep5_Dep6_Tu3,0.001,3.452,0.000,0.000,0.051,0.033,0.196,4.589,0.105,0.771,7.625,0.756,18.829,63.594
Colo_rep2_Dep6_Tu1,0.002,0.102,0.000,0.000,0.021,0.000,0.198,4.279,2.843,0.657,8.858,0.326,20.011,62.702
Colo_rep7_Dep6_Tu1,0.000,0.160,0.000,0.000,0.013,0.000,0.267,4.221,2.373,0.713,8.111,0.386,19.513,64.244
Colo_rep5_Dep6_Tu2,0.001,0.279,0.037,0.001,0.218,0.000,0.242,4.344,2.390,1.126,7.103,0.609,20.223,63.427
Colo_rep4_Dep6_Tu40,0.001,47.323,0.000,0.000,0.018,12.310,0.073,0.352,0.599,0.375,1.675,0.164,2.200,34.910
Colo_rep2_Dep6_Tu20,0.000,23.531,0.000,0.001,0.013,5.798,0.217,1.760,1.886,0.730,4.761,0.379,10.781,50.143
Colo_rep4_Dep6_Tu0.5,0.002,0.005,0.040,0.000,0.088,0.000,0.324,4.896,2.291,1.161,6.707,0.322,20.752,63.412
Colo_rep2_Dep6_Tu5,0.092,2.555,0.061,0.021,0.420,1.314,0.196,2.485,2.593,2.505,5.353,0.356,20.316,61.734
Colo_rep2_Dep6_Tu3,0.001,2.090,0.012,0.001,0.176,0.013,0.363,3.915,0.772,2.012,8.573,0.772,17.778,63.523
Colo_rep3_Dep6_Tu10,0.010,11.555,0.000,0.006,0.031,2.742,0.460,3.256,1.219,1.014,6.188,0.411,15.946,57.162
Colo_rep8_Dep6_Tu0.5,0.000,0.083,0.000,0.000,0.007,0.000,0.188,5.420,2.024,0.476,8.168,0.449,19.982,63.203
Colo_rep7_Dep6_Tu3,0.037,0.446,0.096,0.104,0.597,0.522,0.384,5.057,2.269,0.779,7.113,0.520,18.192,63.885
Colo_rep3_Dep6_Tu0.5,0.000,0.007,0.008,0.000,0.017,0.000,0.191,2.402,5.176,0.610,8.694,0.304,18.336,64.255
Colo_rep3_Dep6_Tu20,0.001,26.673,0.000,0.000,0.005,5.178,0.120,1.501,1.099,0.166,4.559,0.252,10.725,49.721
Colo_rep1_Dep6_Tu2,0.079,0.727,0.000,0.000,0.089,0.000,0.356,4.143,2.185,2.346,6.885,0.406,18.657,64.126
Colo_rep9_Dep6_Tu50,0.001,53.733,0.000,0.001,0.007,17.002,0.013,0.231,0.281,0.013,0.875,0.036,0.515,27.294
Colo_rep3_Dep6_Tu0.3,0.000,0.064,0.000,0.000,0.002,0.000,0.074,4.285,2.972,0.291,8.835,0.367,19.692,63.419
Colo_rep1_Dep6_Tu3,0.009,1.862,0.000,0.067,0.117,0.444,0.317,3.333,3.877,0.343,7.395,0.528,19.207,62.499
