Sample,BRCA,CEAD,CESC,COAD,OV,READ,bcell,cd4tcell,cd8tcell,erythroblast,monocyte,naturalkillercell,neutrophil,Unknown-1,Unknown-2,Unknown-3,Unknown-4,Unknown-5,Unknown-6,Unknown-7,Unknown-8,Unknown-9,Unknown-10
Colo_rep2_Dep6_Tu0.5,0.331,1.800,0.257,0.045,2.082,0.016,2.271,3.116,12.275,6.447,1.320,4.715,4.900,9.193,16.090,2.613,12.195,3.200,6.884,0.805,1.122,6.237,2.087
Colo_rep2_Dep6_Tu50,0.685,1.995,3.177,1.179,1.048,19.152,1.827,2.903,3.255,2.328,4.313,4.048,0.822,3.905,0.804,1.175,1.499,2.204,8.716,14.699,4.962,2.649,12.654
Colo_rep6_Dep6_Tu1,0.529,3.450,0.111,0.028,2.341,0.032,2.359,6.031,6.776,3.636,6.099,2.958,13.358,4.010,0.834,4.076,12.914,7.691,5.290,2.700,8.227,5.077,1.473
Colo_rep3_Dep6_Tu2,0.849,0.687,0.791,0.022,2.403,0.223,3.796,5.654,2.190,3.717,15.645,4.762,1.662,10.823,5.297,12.689,9.448,7.603,6.784,1.565,1.456,1.895,0.041
Colo_rep7_Dep6_Tu2,0.420,3.157,0.166,0.160,1.140,0.059,1.235,10.704,0.392,5.060,12.509,3.718,5.190,1.734,1.375,2.871,14.127,3.049,14.937,1.378,9.796,4.949,1.874
Colo_rep8_Dep6_Tu0.1,0.055,1.494,0.442,0.076,1.924,0.056,3.848,9.202,2.384,5.157,7.275,4.906,9.402,9.551,0.445,4.541,16.833,4.079,2.785,0.742,8.696,2.963,3.144
Colo_rep10_Dep6_Tu2,0.697,1.567,0.074,0.136,1.790,0.115,0.297,6.008,1.639,3.871,14.147,7.416,4.638,1.626,21.554,1.209,1.559,7.270,5.848,1.541,12.685,2.129,2.185
Colo_rep6_Dep6_Tu3,0.395,0.216,0.646,0.089,2.856,0.061,6.082,2.274,3.344,5.741,1.499,7.668,14.688,3.784,4.369,1.460,7.088,9.219,11.185,2.553,6.580,5.759,2.444
Colo_rep9_Dep6_Tu30,0.723,3.106,1.414,0.523,4.899,8.600,2.808,1.906,5.134,6.176,0.347,3.859,8.217,1.558,3.171,7.038,0.907,2.354,4.301,1.429,9.315,1.811,20.404
Colo_rep9_Dep6_Tu0.5,0.577,0.741,0.495,0.050,1.937,0.043,3.009,0.482,6.263,7.036,4.594,4.421,15.929,12.736,11.283,2.126,4.502,10.115,0.084,3.158,6.761,3.557,0.099
Colo_rep6_Dep6_Tu20,1.240,0.457,1.895,0.396,3.487,5.550,2.719,8.055,2.145,2.712,10.126,1.725,7.624,5.286,4.118,7.965,4.414,3.394,1.326,7.642,5.186,2.220,10.319
Colo_rep8_Dep6_Tu30,1.539,2.489,1.698,0.425,4.428,9.333,2.667,4.222,5.319,3.179,5.612,2.839,0.499,11.010,0.904,5.163,1.620,2.262,2.241,5.740,8.014,2.281,16.514
Colo_rep3_Dep6_Tu5,0.294,3.828,0.669,0.076,2.326,0.253,0.853,7.879,8.244,1.821,13.020,0.699,2.793,4.961,10.248,7.091,8.113,1.386,6.013,3.920,1.212,10.390,3.911
Colo_rep4_Dep6_Tu3,0.517,0.062,1.187,0.190,1.286,0.368,1.017,6.993,10.066,3.297,5.890,2.439,9.880,6.467,8.765,4.232,14.093,3.270,5.878,0.335,3.912,6.191,3.663
Colo_rep2_Dep6_Tu10,1.145,0.107,1.353,0.225,4.315,0.445,2.265,6.542,2.945,3.769,13.201,3.060,1.812,1.333,9.686,5.046,3.791,3.642,5.055,1.916,9.243,8.710,10.393
Colo_rep3_Dep6_Tu40,2.015,2.274,2.032,0.550,4.547,11.694,1.633,0.396,6.172,5.411,3.888,1.912,1.266,1.120,1.009,0.451,0.416,5.156,0.490,17.113,8.803,6.252,15.400
Colo_rep3_Dep6_Tu30,2.076,1.575,0.238,0.641,4.383,9.008,3.500,5.616,4.780,5.752,3.302,0.943,2.906,4.670,2.395,6.223,0.285,6.047,8.916,5.771,3.530,1.096,16.345
Colo_rep6_Dep6_Tu30,0.838,0.612,1.127,0.717,5.671,8.346,4.740,3.477,2.434,0.941,7.939,2.886,3.385,2.727,1.796,11.446,3.486,2.524,1.056,22.024,3.276,5.668,2.885
Colo_rep4_Dep6_Tu50,1.312,1.526,2.468,0.794,4.039,18.891,3.423,5.448,0.622,5.934,3.756,0.697,0.330,4.428,2.163,4.382,1.859,0.747,3.826,19.045,4.680,1.238,8.392
Colo_rep5_Dep6_Tu50,1.577,0.516,2.383,0.665,4.494,17.293,3.493,0.613,5.701,3.249,4.471,0.586,2.004,1.753,3.134,0.307,0.914,1.679,8.350,9.910,4.148,0.181,22.579
Colo_rep6_Dep6_Tu2,0.501,2.956,0.434,0.040,2.033,0.019,4.746,0.000,11.993,5.290,2.067,2.407,12.510,11.128,0.357,17.921,4.698,2.742,5.099,2.846,7.361,1.017,1.836
Colo_rep10_Dep6_Tu50,2.542,0.783,2.556,0.794,2.448,17.580,1.915,0.212,3.553,6.073,4.175,3.966,1.095,2.911,0.817,8.526,1.272,0.444,3.573,8.774,0.644,1.829,23.517
Colo_rep7_Dep6_Tu50,2.683,1.695,2.414,1.426,1.836,17.481,3.872,5.367,0.092,1.264,2.515,2.365,3.041,1.485,0.783,3.379,1.424,0.720,11.995,12.743,3.481,0.388,17.553
Colo_rep9_Dep6_Tu40,1.412,2.401,1.717,0.666,4.333,11.523,3.897,3.085,4.709,5.207,2.321,2.405,2.464,0.811,4.448,7.662,2.221,2.650,1.733,16.018,0.993,0.175,17.152
Colo_rep8_Dep6_Tu5,0.008,3.546,0.490,0.119,2.755,0.473,1.404,7.584,4.688,3.158,7.501,3.671,12.158,7.847,0.233,15.453,8.253,2.086,6.022,5.136,2.753,4.477,0.184
Colo_rep1_Dep6_Tu20,2.075,2.342,1.222,0.586,0.025,5.895,2.460,3.320,5.240,5.587,5.141,4.412,6.997,2.175,0.512,8.011,3.029,3.856,14.667,8.727,4.249,9.287,0.184
Colo_rep9_Dep6_Tu2,0.091,2.941,0.763,0.093,0.610,0.101,1.480,8.485,7.760,6.730,0.089,4.201,7.254,15.132,2.535,2.810,6.937,8.423,6.381,0.013,10.225,4.769,2.178
Colo_rep5_Dep6_Tu30,1.789,1.822,1.522,0.699,2.688,8.810,5.053,0.844,3.797,4.636,2.710,5.230,7.181,1.116,0.731,2.403,4.088,0.934,9.317,3.225,9.443,4.298,17.665
Colo_rep4_Dep6_Tu0.1,0.389,2.027,0.273,0.020,1.427,0.048,2.940,7.308,6.170,4.609,4.956,3.959,11.976,9.366,0.951,7.539,1.507,15.356,7.303,0.164,5.995,2.968,2.748
Colo_rep5_Dep6_Tu0.1,0.582,1.109,0.402,0.044,2.381,0.030,3.306,0.138,11.043,4.902,2.501,5.106,10.345,11.233,13.056,4.018,11.613,2.682,7.158,0.209,6.789,0.130,1.224
Colo_rep9_Dep6_Tu3,0.494,2.841,0.577,0.026,2.472,0.134,1.852,2.750,10.289,4.171,8.380,4.257,4.015,7.324,8.977,3.041,14.788,7.597,0.368,1.423,5.585,3.516,5.121
Colo_rep2_Dep6_Tu0.1,0.218,3.835,0.137,0.016,1.565,0.004,3.983,5.816,4.435,3.000,7.743,3.852,8.513,9.048,5.405,2.657,11.910,5.441,1.353,1.260,0.380,16.560,2.868
Colo_rep8_Dep6_Tu10,0.001,5.482,0.888,0.383,3.288,0.409,2.624,6.583,4.820,1.591,10.674,1.970,6.694,0.211,4.033,0.861,18.337,0.848,1.650,8.326,10.336,5.069,4.922
Colo_rep4_Dep6_Tu30,1.943,3.990,0.927,0.639,3.283,6.840,1.459,4.523,5.714,7.188,0.884,3.403,1.199,1.389,9.058,1.536,2.256,0.543,12.013,8.705,2.431,4.270,15.804
Colo_rep2_Dep6_Tu2,0.540,0.197,0.878,0.095,1.281,0.004,3.388,1.030,7.763,7.392,7.799,2.906,13.398,10.900,6.909,2.263,2.943,12.153,7.017,2.412,4.635,2.022,2.077
Colo_rep1_Dep6_Tu5,1.015,3.512,0.598,0.150,0.280,0.569,4.724,9.803,1.788,3.177,0.024,4.956,13.204,8.964,8.360,6.989,3.410,10.681,7.252,3.411,5.005,1.897,0.231
Colo_rep8_Dep6_Tu50,2.334,3.361,2.467,0.906,2.002,19.353,0.559,2.625,2.382,3.659,4.507,2.428,3.983,3.015,0.050,7.319,2.104,0.823,1.513,13.153,6.082,2.039,13.334
Colo_rep5_Dep6_Tu5,0.494,2.792,0.381,0.162,3.179,0.078,0.964,3.303,3.200,7.895,7.684,7.019,5.185,1.442,1.510,3.922,25.046,8.117,0.627,5.556,5.217,1.237,4.991
Colo_rep6_Dep6_Tu50,1.453,2.772,0.577,1.194,3.758,17.673,3.297,1.155,0.768,5.976,4.381,3.764,0.268,2.461,0.738,4.212,0.723,1.858,6.462,26.495,5.030,2.200,2.784
Colo_rep5_Dep6_Tu0.5,0.314,1.898,0.440,0.030,1.181,0.047,4.329,3.417,11.119,4.688,9.056,1.890,1.638,9.859,12.290,2.710,8.116,8.790,4.213,2.004,1.866,7.739,2.365
Colo_rep4_Dep6_Tu20,1.867,2.886,1.536,0.488,0.781,5.099,2.951,6.829,0.127,1.043,7.164,6.882,7.450,5.264,1.252,9.832,2.701,6.340,0.048,13.166,6.603,4.288,5.402
Colo_rep8_Dep6_Tu40,2.349,1.447,2.120,0.827,2.397,12.533,2.914,1.503,5.120,5.653,3.407,1.441,2.749,4.964,5.588,4.343,1.247,1.315,6.940,19.090,3.152,0.389,8.510
Colo_rep7_Dep6_Tu0.3,0.403,2.430,0.523,0.023,0.863,0.053,3.742,3.636,10.199,0.191,10.174,1.113,10.528,11.961,9.967,5.299,5.071,9.916,0.005,2.092,3.695,4.869,3.247
Colo_rep7_Dep6_Tu30,2.178,3.197,0.959,0.452,4.614,7.313,3.115,1.357,7.354,1.897,2.540,3.748,4.990,2.400,2.834,2.543,0.011,3.566,11.585,4.542,1.896,6.128,20.782
Colo_rep10_Dep6_Tu20,1.466,5.875,0.992,0.532,1.036,4.125,5.879,1.888,0.405,6.533,3.760,2.603,10.848,6.340,1.186,12.187,0.622,0.742,2.118,10.335,8.712,7.303,4.512
Colo_rep9_Dep6_Tu10,0.689,2.615,0.301,0.344,4.265,0.829,3.828,2.372,4.666,5.160,6.589,5.128,8.847,0.493,3.952,10.404,9.551,3.573,2.442,5.379,11.087,0.072,7.415
Colo_rep9_Dep6_Tu0.1,0.622,3.382,0.392,0.061,1.126,0.035,0.022,6.394,8.995,5.282,2.287,3.368,14.017,6.226,0.351,9.876,4.033,16.349,2.981,2.721,8.954,2.319,0.208
Colo_rep10_Dep6_Tu0.3,0.671,3.515,0.264,0.016,1.071,0.015,4.312,8.141,1.200,1.060,5.334,5.760,13.076,11.085,0.239,10.841,14.546,4.651,5.238,3.101,3.065,2.336,0.462
Colo_rep8_Dep6_Tu20,1.433,2.323,1.112,0.593,3.016,4.581,3.044,7.783,4.994,0.855,8.393,1.511,2.209,5.381,4.120,4.639,10.812,0.254,3.245,14.631,0.464,10.654,3.949
Colo_rep3_Dep6_Tu3,0.143,4.151,0.777,0.029,0.676,0.226,4.424,3.508,8.984,6.282,4.068,1.112,12.093,13.132,0.875,5.321,8.453,6.569,1.440,0.155,8.483,3.087,6.011
Colo_rep4_Dep6_Tu2,0.307,3.060,0.154,0.068,2.520,0.016,5.784,5.093,5.663,4.190,2.052,4.478,6.802,4.384,6.571,7.605,15.177,3.971,4.460,2.383,5.004,7.951,2.307
Colo_rep10_Dep6_Tu0.1,0.166,3.661,0.111,0.068,0.598,0.038,2.976,7.505,6.238,3.881,7.287,4.379,6.850,3.262,2.626,13.807,7.989,5.884,3.506,0.873,6.586,10.511,1.198
Colo_rep4_Dep6_Tu0.3,0.490,0.857,0.441,0.091,2.423,0.046,2.099,6.196,6.812,4.149,11.612,3.797,3.288,11.609,2.544,1.965,9.859,9.710,2.438,0.065,11.552,7.686,0.270
Colo_rep9_Dep6_Tu0.3,0.578,1.684,0.386,0.006,0.801,0.032,4.908,4.270,4.075,3.061,10.007,6.399,2.196,6.072,20.437,1.497,5.907,8.873,7.457,0.610,4.905,4.060,1.778
Colo_rep1_Dep6_Tu10,0.686,1.017,0.999,0.285,3.599,1.718,3.674,7.224,3.020,4.937,8.741,1.818,9.300,2.046,1.720,8.825,14.160,8.557,1.338,3.674,2.296,2.241,8.126
Colo_rep6_Dep6_Tu0.3,0.451,1.947,0.433,0.025,1.252,0.038,4.118,5.281,3.798,5.779,8.607,2.122,11.420,2.072,7.086,8.438,10.243,8.100,0.308,0.168,1.777,13.842,2.691
Colo_rep6_Dep6_Tu0.5,0.750,0.896,0.549,0.062,1.219,0.064,4.203,9.955,7.485,5.815,1.807,2.683,5.149,1.145,4.080,9.294,11.965,11.115,5.082,0.174,8.241,7.482,0.783
Colo_rep10_Dep6_Tu10,0.164,2.058,0.514,0.561,4.382,0.958,0.884,12.489,2.723,8.462,1.754,0.029,11.318,4.066,2.571,11.521,4.216,4.915,7.957,1.692,6.880,2.702,7.181
Colo_rep10_Dep6_Tu1,0.519,3.298,0.014,0.076,2.186,0.018,4.223,9.887,2.017,0.037,11.502,4.992,4.982,1.832,6.318,12.509,15.898,5.963,0.385,2.177,0.691,7.190,3.284
Colo_rep10_Dep6_Tu5,0.664,2.980,0.253,0.178,1.986,0.343,1.550,8.747,6.552,3.037,8.481,1.221,9.308,2.203,10.479,3.930,9.453,0.415,4.432,1.321,0.046,16.700,5.721
Colo_rep10_Dep6_Tu40,0.874,2.761,2.064,0.891,4.353,14.698,3.495,4.116,4.553,3.514,4.572,1.075,1.069,2.673,5.139,4.767,0.900,2.939,5.365,18.238,5.975,2.993,2.975
Colo_rep10_Dep6_Tu0.5,0.398,4.906,0.123,0.044,0.995,0.035,5.612,6.363,1.521,1.016,3.004,6.632,8.785,7.445,2.199,4.082,14.649,11.989,0.132,2.394,9.477,5.902,2.296
Colo_rep1_Dep6_Tu1,0.448,1.199,0.424,0.071,1.319,0.066,4.013,5.789,7.016,5.491,10.823,3.645,2.025,0.752,1.906,12.969,15.973,5.007,5.468,1.811,7.598,5.646,0.539
Colo_rep7_Dep6_Tu20,2.241,0.842,1.481,0.426,0.294,5.023,1.252,6.815,6.192,4.907,7.335,3.032,0.497,10.176,7.475,0.790,2.331,2.542,3.165,9.523,8.617,5.600,9.444
Colo_rep6_Dep6_Tu10,0.243,1.425,0.594,0.347,4.240,0.954,2.943,3.451,5.628,6.838,3.703,4.262,12.022,4.925,5.787,7.167,4.481,6.635,0.816,7.815,3.071,8.397,4.257
Colo_rep10_Dep6_Tu3,0.691,1.678,0.494,0.032,2.695,0.150,1.079,12.546,5.661,1.390,11.128,0.482,6.149,0.323,19.056,7.294,6.234,2.997,2.236,1.320,0.468,10.244,5.652
Colo_rep1_Dep6_Tu30,1.864,3.603,1.705,0.353,2.871,8.159,3.795,2.773,3.007,4.083,6.651,1.724,5.381,0.887,6.431,6.149,2.058,4.282,6.492,10.334,0.550,2.642,14.206
Colo_rep1_Dep6_Tu0.1,0.038,0.897,0.505,0.037,2.142,0.057,3.632,9.871,3.801,3.875,11.620,4.084,1.985,3.384,19.365,4.702,5.431,12.755,1.910,1.215,4.180,2.382,2.132
Colo_rep7_Dep6_Tu5,1.081,0.754,0.898,0.076,1.274,0.502,3.932,7.423,7.018,5.350,1.666,2.746,11.964,0.330,4.402,4.388,10.844,11.667,3.601,2.589,13.045,0.678,3.772
Colo_rep7_Dep6_Tu0.1,0.104,1.785,0.445,0.013,1.878,0.019,3.355,4.287,3.512,2.684,11.301,4.300,11.820,9.436,17.266,1.780,1.485,9.368,3.011,1.866,4.025,4.868,1.391
Colo_rep6_Dep6_Tu40,1.731,0.367,2.253,0.678,4.162,13.917,2.072,2.395,6.045,0.823,3.607,4.830,3.064,5.054,0.614,3.689,0.568,0.428,12.082,9.676,5.221,2.324,14.402
Colo_rep8_Dep6_Tu2,0.632,1.573,0.400,0.039,2.519,0.047,2.935,3.304,3.735,3.458,6.659,6.222,15.019,0.400,6.796,7.713,2.279,11.545,1.589,0.359,2.332,15.649,4.794
Colo_rep7_Dep6_Tu0.5,0.662,1.895,0.081,0.044,1.590,0.031,1.423,14.328,5.195,7.159,0.756,4.080,1.306,13.073,12.043,6.307,14.435,0.600,10.065,2.859,1.004,0.404,0.659
Colo_rep5_Dep6_Tu20,1.671,1.504,1.505,0.453,1.130,8.009,2.209,7.544,5.724,5.679,3.397,4.573,3.670,6.331,0.951,0.671,7.876,7.046,2.700,5.366,9.997,9.250,2.745
Colo_rep8_Dep6_Tu0.3,0.342,0.275,0.361,0.074,1.769,0.041,1.765,6.501,6.623,5.057,8.494,4.897,6.137,1.408,22.305,2.686,6.551,8.423,6.274,0.892,7.236,0.471,1.419
Colo_rep4_Dep6_Tu5,0.325,3.850,0.087,0.103,2.833,0.362,3.462,4.253,8.703,0.968,12.098,1.962,2.660,8.060,0.203,12.675,13.127,5.988,0.984,5.832,4.793,4.611,2.060
Colo_rep9_Dep6_Tu1,0.475,1.180,0.218,0.028,2.952,0.133,3.199,6.036,6.134,0.789,5.988,4.809,11.608,9.883,16.931,1.977,6.964,3.785,1.398,0.089,8.374,4.779,2.270
Colo_rep1_Dep6_Tu0.5,0.499,2.890,0.285,0.038,1.868,0.007,4.330,14.328,1.357,4.230,2.893,1.607,8.309,12.286,4.873,0.817,3.474,17.361,5.809,0.960,7.157,1.966,2.655
Colo_rep8_Dep6_Tu3,0.599,1.723,0.470,0.086,0.990,0.082,1.599,8.215,3.787,5.332,8.362,4.161,7.754,11.310,8.450,0.390,2.798,0.609,2.514,4.340,0.079,23.883,2.470
Colo_rep5_Dep6_Tu0.3,0.645,4.232,0.062,0.058,0.504,0.120,1.224,2.218,3.957,0.564,13.812,5.215,14.163,7.815,0.130,13.855,5.144,7.394,3.148,1.070,3.473,10.565,0.632
Colo_rep2_Dep6_Tu30,2.166,3.047,0.643,0.576,2.598,8.314,1.830,0.550,2.174,7.655,8.369,2.898,4.578,0.922,11.209,4.858,1.360,1.350,11.760,11.643,1.025,2.560,7.916
Colo_rep7_Dep6_Tu10,1.527,2.360,0.748,0.255,0.477,1.623,3.032,5.308,6.539,2.546,9.204,2.461,8.219,7.350,4.633,0.105,8.452,1.269,12.576,4.096,5.719,4.584,6.917
Colo_rep2_Dep6_Tu40,1.597,3.624,1.648,0.586,2.524,14.558,3.130,6.271,1.959,3.978,4.270,2.844,0.357,1.358,2.094,7.786,1.695,3.634,8.763,14.251,2.793,3.683,6.595
Colo_rep3_Dep6_Tu0.1,0.616,2.571,0.534,0.049,0.960,0.030,1.528,4.846,8.445,2.793,9.158,3.207,11.304,8.410,8.511,1.210,12.995,6.513,2.502,3.650,3.404,5.765,0.995
Colo_rep3_Dep6_Tu1,0.125,3.956,0.515,0.053,0.235,0.036,2.501,9.357,3.096,4.501,1.693,5.460,14.347,7.476,3.305,2.295,5.866,15.299,0.434,3.439,8.502,5.096,2.414
Colo_rep8_Dep6_Tu1,0.565,2.946,0.298,0.025,1.761,0.006,5.987,5.698,9.702,1.549,0.611,3.325,3.910,4.519,6.328,4.073,17.673,1.664,3.734,1.795,7.834,14.139,1.860
Colo_rep4_Dep6_Tu1,0.552,3.405,0.040,0.053,1.405,0.088,0.598,11.266,5.248,5.172,8.765,2.514,2.905,7.785,1.044,6.584,21.825,2.703,3.473,4.115,3.015,6.822,0.625
Colo_rep5_Dep6_Tu40,2.611,1.559,1.610,0.715,3.209,14.810,3.912,0.596,7.528,5.881,0.296,0.015,6.647,0.267,3.992,6.104,3.446,0.775,8.984,8.944,8.175,0.378,9.546
Colo_rep5_Dep6_Tu10,0.436,6.918,0.440,0.324,1.126,1.211,5.489,2.957,0.519,7.349,2.938,2.281,11.334,1.157,1.951,3.923,9.392,2.392,4.397,0.186,12.990,14.290,5.999
Colo_rep2_Dep6_Tu0.3,0.499,1.658,0.066,0.059,0.408,0.066,4.142,10.939,6.718,3.580,3.727,2.192,6.684,1.444,7.633,3.123,9.390,4.683,0.026,0.230,3.682,25.584,3.464
Colo_rep10_Dep6_Tu30,2.100,1.647,1.409,0.549,4.682,9.083,2.817,1.273,5.001,2.538,6.411,3.444,5.661,3.016,5.441,2.633,0.333,5.730,2.604,4.886,6.226,3.518,18.997
Colo_rep1_Dep6_Tu40,0.357,2.958,0.718,0.717,3.680,13.257,1.399,7.319,2.466,1.298,5.437,4.577,1.688,4.603,1.474,0.347,0.514,1.885,4.324,19.334,0.664,9.815,11.170
Colo_rep6_Dep6_Tu0.1,0.623,0.097,0.613,0.022,1.006,0.061,4.196,9.799,1.404,4.441,5.835,4.131,14.999,13.367,0.353,1.369,1.694,24.787,6.667,3.157,0.143,0.656,0.580
Colo_rep7_Dep6_Tu40,1.205,4.691,0.678,1.089,4.354,14.692,1.921,3.572,3.070,3.666,2.621,2.606,4.277,5.909,3.412,10.197,0.882,0.049,0.836,13.885,5.324,3.005,8.060
Colo_rep1_Dep6_Tu50,2.093,3.817,1.243,0.989,3.738,20.781,3.505,3.801,2.680,1.732,3.511,1.056,3.675,1.507,3.051,5.313,1.671,0.842,7.783,0.056,2.472,1.650,23.035
Colo_rep1_Dep6_Tu0.3,0.534,0.474,0.603,0.061,1.874,0.029,2.717,6.853,4.244,4.598,8.923,4.201,11.140,1.248,8.253,10.728,3.560,15.632,1.510,0.621,9.995,0.070,2.132
Colo_rep9_Dep6_Tu20,1.039,3.034,1.340,0.389,1.089,5.662,1.510,8.156,3.174,5.078,1.891,5.639,5.659,3.595,5.990,4.592,4.471,5.706,9.214,10.290,9.839,0.786,1.857
Colo_rep4_Dep6_Tu10,0.820,3.106,0.808,0.220,2.162,1.648,3.254,5.352,2.936,4.510,7.488,3.108,9.718,9.997,4.283,4.332,5.516,4.114,3.876,7.590,7.455,5.578,2.128
Colo_rep6_Dep6_Tu5,0.737,3.236,0.419,0.098,0.395,0.413,4.095,7.363,0.228,4.871,6.605,5.491,8.722,8.402,3.284,0.818,10.100,9.062,15.751,2.163,0.654,3.964,3.129
Colo_rep9_Dep6_Tu5,0.850,2.171,0.945,0.120,0.364,0.300,4.668,2.651,5.728,4.130,1.378,6.081,14.761,4.630,7.440,11.426,8.033,5.446,3.879,5.305,7.647,0.416,1.629
Colo_rep3_Dep6_Tu50,1.340,3.510,1.996,1.061,4.491,17.870,3.174,0.592,2.949,3.951,0.364,3.493,3.802,4.054,0.765,0.854,1.372,2.906,0.660,16.656,8.557,0.874,14.708
Colo_rep5_Dep6_Tu1,0.391,1.996,0.416,0.056,1.691,0.024,1.291,12.530,7.413,2.688,2.981,5.933,2.859,7.194,7.589,9.938,2.968,3.020,6.576,2.913,8.665,9.790,1.079
Colo_rep5_Dep6_Tu3,0.124,2.535,0.574,0.099,0.797,0.205,3.652,7.840,2.162,4.451,6.585,4.786,11.450,9.806,16.463,4.078,7.397,1.791,3.993,4.211,3.992,0.669,2.339
Colo_rep2_Dep6_Tu1,0.744,2.646,0.227,0.009,1.318,0.100,2.675,7.050,6.107,4.785,10.814,0.878,9.735,5.353,5.869,6.968,12.109,11.684,0.867,0.247,0.649,4.185,4.980
Colo_rep7_Dep6_Tu1,0.806,2.412,0.011,0.028,1.839,0.056,3.925,9.728,2.897,3.684,0.015,6.016,12.278,15.941,8.990,5.280,7.329,3.246,0.908,1.199,8.128,1.268,4.016
Colo_rep5_Dep6_Tu2,0.710,1.402,0.574,0.097,1.221,0.042,3.554,9.857,4.507,1.683,5.617,3.071,12.473,1.684,0.473,6.639,12.695,6.470,4.296,4.443,6.626,11.224,0.641
Colo_rep4_Dep6_Tu40,2.195,2.649,2.183,0.520,1.415,12.519,3.557,3.937,4.950,3.934,4.552,0.217,3.386,2.066,1.020,1.409,1.510,2.816,3.193,9.889,6.524,3.777,21.785
Colo_rep2_Dep6_Tu20,1.542,4.941,1.187,0.191,1.173,4.299,5.430,1.853,3.672,6.937,5.673,4.960,0.142,11.098,5.387,1.484,1.780,5.004,2.567,8.720,9.017,4.008,8.935
Colo_rep4_Dep6_Tu0.5,0.235,4.438,0.203,0.031,0.282,0.134,0.760,3.391,6.268,2.704,11.212,4.888,12.382,10.778,1.467,10.060,16.864,1.644,1.943,2.840,4.141,1.231,2.103
Colo_rep2_Dep6_Tu5,0.474,0.214,0.688,0.226,2.726,0.293,2.692,7.134,6.254,0.343,12.733,3.946,1.349,6.332,7.072,3.786,1.025,3.368,2.771,5.282,5.483,25.454,0.356
Colo_rep2_Dep6_Tu3,0.599,0.647,0.822,0.133,1.718,0.157,3.535,0.133,7.121,2.105,14.776,5.517,5.805,2.404,8.507,3.631,10.970,9.997,7.263,1.789,7.637,0.892,3.841
Colo_rep3_Dep6_Tu10,1.453,3.057,0.919,0.337,0.004,1.771,1.710,5.144,6.638,4.559,5.314,5.108,7.659,6.117,7.441,2.241,8.298,3.311,9.712,3.435,5.989,2.960,6.820
Colo_rep8_Dep6_Tu0.5,0.646,2.514,0.125,0.034,1.775,0.031,1.177,8.252,3.721,5.221,9.565,5.892,6.611,2.996,4.580,11.426,4.406,13.857,8.715,2.010,3.019,2.525,0.902
Colo_rep7_Dep6_Tu3,0.823,3.772,0.516,0.085,0.872,0.131,2.230,6.961,7.928,0.501,8.431,2.731,8.420,5.655,0.439,7.126,10.294,9.354,0.617,6.288,9.841,6.582,0.403
Colo_rep3_Dep6_Tu0.5,0.632,3.246,0.346,0.018,0.265,0.084,3.961,11.450,3.301,0.072,11.421,3.825,2.033,5.996,4.888,7.306,9.841,5.918,0.226,0.724,5.456,15.816,3.175
Colo_rep3_Dep6_Tu20,0.993,4.398,0.083,0.622,2.933,6.929,1.883,4.327,1.525,0.827,4.085,6.551,9.406,6.545,15.053,3.314,1.161,0.049,5.463,4.245,14.568,1.639,3.402
Colo_rep1_Dep6_Tu2,0.482,3.338,0.581,0.097,0.031,0.009,3.076,1.609,2.996,3.266,13.101,5.994,9.488,1.836,21.048,5.310,6.706,0.772,5.441,0.513,6.178,4.830,3.297
Colo_rep9_Dep6_Tu50,1.768,4.171,2.007,1.002,0.433,17.059,2.599,2.749,4.846,1.610,2.901,3.207,1.257,0.859,4.829,1.795,1.847,2.404,0.947,16.795,1.655,2.357,20.904
Colo_rep3_Dep6_Tu0.3,0.633,0.794,0.535,0.009,2.213,0.027,4.241,3.676,6.560,3.197,7.516,5.118,8.781,10.223,5.540,7.272,4.847,14.807,2.476,1.488,6.748,1.620,1.678
Colo_rep1_Dep6_Tu3,0.105,3.444,0.546,0.127,0.539,0.306,2.498,7.769,2.766,4.820,9.905,4.697,7.934,0.810,9.150,13.673,6.382,14.322,3.030,0.698,1.252,1.691,3.536
