Sample,BRCA,CEAD,CESC,COAD,OV,READ,bcell,cd4tcell,cd8tcell,erythroblast,monocyte,naturalkillercell,neutrophil
Colo_rep2_Dep6_Tu0.5,0.000,0.000,0.028,0.161,6.366,2.231,0.658,0.243,29.836,1.116,0.294,1.140,57.928
Colo_rep2_Dep6_Tu50,0.000,0.029,0.000,39.374,4.910,15.490,6.811,0.386,2.533,0.219,3.025,2.487,24.738
Colo_rep6_Dep6_Tu1,0.000,0.000,0.288,0.243,6.552,0.598,5.025,0.463,24.658,1.039,0.416,0.383,60.334
Colo_rep3_Dep6_Tu2,0.000,0.000,0.063,1.535,7.387,0.718,0.528,4.553,21.463,3.353,0.136,0.932,59.332
Colo_rep7_Dep6_Tu2,0.000,0.000,0.244,1.216,4.969,2.353,0.402,5.977,22.220,1.125,0.000,0.111,61.383
Colo_rep8_Dep6_Tu0.1,0.000,0.000,0.052,0.043,5.012,0.188,14.980,2.513,12.356,2.739,1.510,1.259,59.349
Colo_rep10_Dep6_Tu2,0.000,0.000,0.040,1.257,4.264,1.059,1.214,0.422,30.022,2.814,0.615,0.787,57.505
Colo_rep6_Dep6_Tu3,0.000,0.000,0.000,1.650,4.970,3.349,0.788,5.045,20.998,1.800,0.288,0.195,60.916
Colo_rep9_Dep6_Tu30,0.000,0.000,0.114,25.627,8.071,1.223,15.012,0.000,7.350,1.254,3.830,4.795,32.725
Colo_rep9_Dep6_Tu0.5,0.000,0.000,0.055,0.744,6.084,0.296,0.837,0.299,30.611,0.340,0.498,0.312,59.925
Colo_rep6_Dep6_Tu20,0.000,0.000,0.000,15.442,3.936,13.225,1.298,8.383,11.639,0.530,0.769,0.171,44.605
Colo_rep8_Dep6_Tu30,0.000,0.000,0.000,25.885,3.360,6.978,4.632,0.000,15.790,1.432,2.446,2.906,36.571
Colo_rep3_Dep6_Tu5,0.000,0.000,0.000,3.738,3.383,1.417,5.786,0.714,23.317,0.746,0.506,0.602,59.791
Colo_rep4_Dep6_Tu3,0.000,0.000,0.187,1.094,4.953,0.300,16.400,0.810,18.432,0.526,0.347,0.493,56.457
Colo_rep2_Dep6_Tu10,0.000,0.000,0.049,7.805,4.545,3.989,2.221,0.355,25.042,2.788,0.831,1.647,50.726
Colo_rep3_Dep6_Tu40,0.000,0.000,0.000,35.620,7.693,1.232,15.289,0.000,2.659,0.670,3.874,5.862,27.102
Colo_rep3_Dep6_Tu30,0.000,0.000,0.000,28.754,11.666,5.254,4.963,0.840,13.882,0.150,1.052,0.415,33.023
Colo_rep6_Dep6_Tu30,0.000,0.000,0.018,27.641,6.379,0.721,15.289,2.970,2.597,0.491,7.313,0.579,36.002
Colo_rep4_Dep6_Tu50,0.000,0.041,0.054,38.757,4.663,10.013,12.801,1.422,0.361,0.348,6.130,1.206,24.205
Colo_rep5_Dep6_Tu50,0.000,0.000,0.000,39.956,6.189,15.260,7.181,0.526,0.872,0.000,2.539,5.424,22.054
Colo_rep6_Dep6_Tu2,0.000,0.000,0.648,0.745,7.389,0.191,15.198,0.982,10.911,1.199,0.750,0.537,61.449
Colo_rep10_Dep6_Tu50,0.000,0.000,0.000,41.177,5.950,5.719,13.715,1.996,0.648,1.026,5.608,1.512,22.648
Colo_rep7_Dep6_Tu50,0.000,0.000,0.000,37.611,5.997,19.249,6.019,0.279,0.499,0.374,4.927,0.485,24.561
Colo_rep9_Dep6_Tu40,0.000,0.000,0.000,33.680,6.145,4.819,14.422,0.599,2.694,0.660,2.901,5.949,28.132
Colo_rep8_Dep6_Tu5,0.006,0.000,0.147,2.750,6.414,0.127,14.759,4.341,10.650,0.271,0.965,0.543,59.024
Colo_rep1_Dep6_Tu20,0.000,0.000,0.000,16.741,8.229,2.345,15.545,1.767,3.960,0.212,4.143,1.229,45.829
Colo_rep9_Dep6_Tu2,0.000,0.000,0.014,1.458,5.734,0.488,1.767,0.178,29.320,0.469,0.418,0.445,59.706
Colo_rep5_Dep6_Tu30,0.000,0.000,0.000,23.181,6.246,14.677,3.434,1.196,6.368,4.764,1.857,1.546,36.730
Colo_rep4_Dep6_Tu0.1,0.020,0.000,0.173,0.000,7.123,0.429,0.311,0.798,22.300,3.450,0.848,0.875,63.673
Colo_rep5_Dep6_Tu0.1,0.000,0.000,0.079,0.000,4.623,0.544,0.926,0.494,31.974,1.806,0.293,0.626,58.635
Colo_rep9_Dep6_Tu3,0.000,0.000,0.475,0.888,6.289,0.114,15.875,0.587,18.131,0.957,0.412,2.022,54.250
Colo_rep2_Dep6_Tu0.1,0.000,0.000,0.073,0.000,4.559,0.116,15.988,2.241,19.352,0.368,0.006,0.484,56.812
Colo_rep8_Dep6_Tu10,0.000,0.000,0.000,5.796,5.884,1.811,15.595,5.103,8.721,3.132,1.408,1.365,51.186
Colo_rep4_Dep6_Tu30,0.000,0.000,0.000,20.939,5.531,17.507,3.825,0.454,11.088,0.776,1.885,2.917,35.079
Colo_rep2_Dep6_Tu2,0.000,0.000,0.020,1.581,5.497,1.844,0.730,4.543,21.555,1.639,0.092,0.161,62.338
Colo_rep1_Dep6_Tu5,0.000,0.000,0.072,2.425,3.863,6.115,0.708,6.506,20.008,1.328,0.270,0.089,58.615
Colo_rep8_Dep6_Tu50,0.000,0.024,0.116,42.154,7.108,5.061,13.939,1.733,0.295,0.368,4.814,0.673,23.714
Colo_rep5_Dep6_Tu5,0.000,0.000,0.000,2.759,5.604,0.384,15.327,6.186,10.087,0.392,0.677,0.393,58.191
Colo_rep6_Dep6_Tu50,0.000,0.000,0.000,40.646,6.344,3.868,13.247,0.000,0.397,0.456,10.849,0.633,23.560
Colo_rep5_Dep6_Tu0.5,0.000,0.000,0.076,0.861,5.762,0.263,0.683,0.103,30.440,0.964,0.545,0.691,59.611
Colo_rep4_Dep6_Tu20,0.000,0.000,0.000,19.910,3.896,1.323,11.506,4.522,8.267,0.452,1.027,4.813,44.283
Colo_rep8_Dep6_Tu40,0.000,0.000,0.000,33.181,6.639,11.562,5.381,0.000,8.843,0.140,3.640,1.449,29.164
Colo_rep7_Dep6_Tu0.3,0.000,0.000,0.157,0.573,5.388,0.448,1.342,0.585,30.149,0.545,0.005,0.290,60.519
Colo_rep7_Dep6_Tu30,0.000,0.000,0.008,24.573,4.491,13.392,3.419,0.214,12.162,0.346,1.417,3.021,36.956
Colo_rep10_Dep6_Tu20,0.000,0.000,0.000,14.200,5.705,4.878,15.049,5.578,4.186,1.942,3.728,2.699,42.035
Colo_rep9_Dep6_Tu10,0.000,0.000,0.019,7.092,7.701,0.181,15.592,0.000,14.422,1.081,0.868,4.164,48.878
Colo_rep9_Dep6_Tu0.1,0.000,0.000,0.184,0.000,5.389,0.348,15.269,6.668,11.640,1.447,0.113,0.398,58.544
Colo_rep10_Dep6_Tu0.3,0.000,0.000,0.575,0.178,6.970,0.103,15.105,1.003,11.327,1.317,0.559,0.446,62.418
Colo_rep8_Dep6_Tu20,0.000,0.000,0.000,16.153,3.793,1.984,14.856,0.844,10.709,0.844,1.014,7.059,42.743
Colo_rep3_Dep6_Tu3,0.000,0.000,0.237,2.152,4.736,0.759,5.340,1.200,23.359,1.784,0.571,2.234,57.629
Colo_rep4_Dep6_Tu2,0.000,0.000,0.004,0.768,6.101,0.120,15.035,1.947,19.073,0.675,0.051,0.606,55.619
Colo_rep10_Dep6_Tu0.1,0.000,0.000,0.300,0.000,5.003,0.251,15.269,7.801,10.840,2.592,0.082,0.855,57.007
Colo_rep4_Dep6_Tu0.3,0.000,0.000,0.041,0.296,5.327,0.307,5.878,1.167,24.554,1.356,0.000,0.399,60.674
Colo_rep9_Dep6_Tu0.3,0.000,0.000,0.075,0.000,6.399,0.973,0.666,0.259,30.364,2.042,0.315,1.560,57.348
Colo_rep1_Dep6_Tu10,0.000,0.000,0.000,7.414,6.572,0.540,15.841,9.152,8.400,0.329,0.527,0.348,50.876
Colo_rep6_Dep6_Tu0.3,0.000,0.000,1.438,0.000,7.353,0.065,15.501,0.918,18.570,1.192,0.249,0.947,53.766
Colo_rep6_Dep6_Tu0.5,0.000,0.000,0.523,0.000,5.045,0.180,15.215,8.639,11.157,2.169,0.037,0.549,56.484
Colo_rep10_Dep6_Tu10,0.000,0.000,0.085,6.134,4.343,1.564,14.964,0.667,9.444,2.561,4.169,2.020,54.049
Colo_rep10_Dep6_Tu1,0.000,0.000,0.235,0.186,6.095,0.185,14.808,6.057,11.978,1.667,0.019,0.557,58.214
Colo_rep10_Dep6_Tu5,0.000,0.000,0.002,2.093,5.857,0.326,15.939,3.062,18.763,0.649,0.140,0.282,52.886
Colo_rep10_Dep6_Tu40,0.000,0.000,0.017,32.042,3.933,15.606,5.716,0.866,7.089,0.545,1.258,4.474,28.454
Colo_rep10_Dep6_Tu0.5,0.000,0.000,0.016,0.182,5.170,0.176,15.396,8.422,11.006,0.529,0.140,0.244,58.719
Colo_rep1_Dep6_Tu1,0.000,0.000,0.029,0.095,5.439,0.203,15.074,8.757,11.220,2.030,0.279,0.832,56.042
Colo_rep7_Dep6_Tu20,0.000,0.000,0.000,17.504,7.080,6.453,2.453,0.160,20.170,0.323,1.944,0.434,43.478
Colo_rep6_Dep6_Tu10,0.000,0.000,0.017,7.686,6.004,0.453,15.838,1.054,15.494,0.604,0.135,1.988,50.727
Colo_rep10_Dep6_Tu3,0.000,0.000,0.000,1.067,6.441,4.231,1.132,0.397,28.121,0.772,0.449,1.148,56.243
Colo_rep1_Dep6_Tu30,0.000,0.000,0.000,25.137,4.660,12.401,4.289,0.814,11.710,0.721,0.598,4.599,35.070
Colo_rep1_Dep6_Tu0.1,0.000,0.000,0.140,0.000,5.565,0.808,0.513,0.364,31.110,1.727,0.317,0.946,58.511
Colo_rep7_Dep6_Tu5,0.000,0.000,0.054,4.132,7.265,1.126,1.030,0.000,20.521,3.389,1.197,1.316,59.970
Colo_rep7_Dep6_Tu0.1,0.000,0.000,0.038,0.372,5.750,0.355,0.996,0.207,30.607,0.263,0.591,0.272,60.548
Colo_rep6_Dep6_Tu40,0.000,0.000,0.116,35.737,9.872,8.791,6.124,0.865,8.506,0.744,1.897,0.934,26.414
Colo_rep8_Dep6_Tu2,0.000,0.000,0.187,0.824,8.200,0.028,14.859,0.271,17.518,1.070,0.318,2.801,53.924
Colo_rep7_Dep6_Tu0.5,0.000,0.000,0.000,0.000,3.068,4.877,0.282,7.277,21.776,0.994,0.161,0.122,61.443
Colo_rep5_Dep6_Tu20,0.000,0.000,0.000,17.440,5.317,1.624,16.256,5.965,4.474,4.464,1.205,1.555,41.700
Colo_rep8_Dep6_Tu0.3,0.000,0.000,0.071,0.000,6.381,0.947,0.659,0.292,30.366,2.017,0.370,1.569,57.328
Colo_rep4_Dep6_Tu5,0.000,0.000,0.062,3.145,7.105,0.202,15.206,3.412,10.584,1.287,0.886,0.290,57.822
Colo_rep9_Dep6_Tu1,0.000,0.000,0.076,0.690,5.307,0.428,1.252,0.952,31.671,1.328,0.000,0.641,57.656
Colo_rep1_Dep6_Tu0.5,0.000,0.000,0.211,0.000,5.508,2.954,0.374,3.213,22.621,1.765,0.343,0.426,62.585
Colo_rep8_Dep6_Tu3,0.000,0.000,0.000,0.985,3.500,0.583,17.444,0.664,18.039,0.433,0.318,0.523,57.510
Colo_rep5_Dep6_Tu0.3,0.000,0.000,0.191,0.188,7.061,0.072,14.412,4.541,11.876,0.982,0.438,0.198,60.042
Colo_rep2_Dep6_Tu30,0.000,0.000,0.000,22.948,5.931,12.806,3.293,0.000,11.798,1.128,2.174,5.428,34.494
Colo_rep7_Dep6_Tu10,0.000,0.000,0.008,8.410,5.535,1.782,1.595,0.330,27.064,0.237,1.052,0.335,53.652
Colo_rep2_Dep6_Tu40,0.000,0.010,0.000,34.222,7.547,3.622,13.932,1.677,1.271,1.122,3.513,3.078,30.006
Colo_rep3_Dep6_Tu0.1,0.000,0.000,0.126,0.021,6.407,0.062,14.988,0.140,18.411,0.900,0.754,2.185,56.007
Colo_rep3_Dep6_Tu1,0.000,0.000,0.106,0.313,7.158,0.000,14.880,0.503,18.262,1.020,0.074,1.778,55.905
Colo_rep8_Dep6_Tu1,0.000,0.000,0.008,0.285,6.247,0.064,15.682,0.882,18.312,0.949,0.222,0.619,56.731
Colo_rep4_Dep6_Tu1,0.000,0.000,0.000,0.362,5.340,0.158,14.854,7.894,11.314,0.650,0.000,0.262,59.166
Colo_rep5_Dep6_Tu40,0.000,0.000,0.527,34.600,6.072,4.204,10.726,0.999,1.014,0.321,4.158,7.501,29.878
Colo_rep5_Dep6_Tu10,0.000,0.000,0.156,6.640,8.254,0.326,15.527,0.430,15.471,0.442,0.627,3.306,48.822
Colo_rep2_Dep6_Tu0.3,0.000,0.000,0.052,0.000,3.189,0.373,17.119,0.462,18.845,0.342,0.279,0.379,58.960
Colo_rep10_Dep6_Tu30,0.000,0.008,0.009,25.691,6.231,11.332,3.926,0.283,12.076,0.351,2.254,2.349,35.490
Colo_rep1_Dep6_Tu40,0.000,0.000,0.000,33.728,5.836,7.435,16.406,1.525,2.278,0.103,4.165,0.346,28.177
Colo_rep6_Dep6_Tu0.1,0.000,0.000,0.002,0.093,5.382,1.770,0.403,4.571,22.710,1.613,0.000,0.224,63.232
Colo_rep7_Dep6_Tu40,0.000,0.012,0.128,34.681,6.326,3.685,14.943,0.157,4.324,2.141,4.004,2.670,26.930
Colo_rep1_Dep6_Tu50,0.000,0.052,0.028,40.734,3.773,5.672,14.054,1.282,1.095,0.274,7.584,3.177,22.273
Colo_rep1_Dep6_Tu0.3,0.000,0.000,0.160,0.738,7.937,0.340,0.504,3.639,21.956,3.541,0.385,0.818,59.982
Colo_rep9_Dep6_Tu20,0.000,0.000,0.000,15.059,5.494,13.113,1.775,2.876,11.495,0.764,1.076,0.884,47.465
Colo_rep4_Dep6_Tu10,0.000,0.000,0.017,9.185,6.330,2.534,2.688,0.540,25.261,0.406,0.042,0.348,52.649
Colo_rep6_Dep6_Tu5,0.000,0.000,0.018,3.101,5.072,3.996,0.536,6.167,20.784,0.871,0.155,0.083,59.217
Colo_rep9_Dep6_Tu5,0.000,0.000,4.401,2.468,6.893,0.494,10.030,1.006,16.486,1.026,0.844,0.155,56.196
Colo_rep3_Dep6_Tu50,0.000,0.015,0.000,38.535,8.602,17.160,6.371,0.000,0.930,0.418,2.858,0.613,24.497
Colo_rep5_Dep6_Tu1,0.000,0.000,3.001,0.331,6.841,0.357,10.285,1.057,17.378,0.986,0.526,0.181,59.056
Colo_rep5_Dep6_Tu3,0.000,0.000,0.031,1.970,5.639,1.790,1.281,0.018,28.761,0.221,0.694,0.532,59.064
Colo_rep2_Dep6_Tu1,0.000,0.000,0.074,0.547,9.502,0.436,4.544,1.140,23.632,0.836,0.405,0.811,58.071
Colo_rep7_Dep6_Tu1,0.000,0.000,0.030,0.837,7.104,0.192,0.998,0.553,29.770,0.616,0.191,0.705,59.004
Colo_rep5_Dep6_Tu2,0.000,0.000,0.266,0.883,7.055,0.203,15.157,2.483,10.390,0.777,0.581,0.530,61.675
Colo_rep4_Dep6_Tu40,0.000,0.000,0.006,32.345,5.389,16.273,6.449,0.500,5.462,0.483,1.563,1.613,29.916
Colo_rep2_Dep6_Tu20,0.000,0.000,0.000,15.260,5.240,12.662,1.216,3.511,11.680,1.049,1.329,1.192,46.861
Colo_rep4_Dep6_Tu0.5,0.000,0.000,0.093,0.163,4.896,0.092,15.556,4.942,11.449,1.516,0.355,0.251,60.686
Colo_rep2_Dep6_Tu5,0.000,0.000,0.000,1.904,3.088,1.281,17.250,0.384,17.654,0.265,0.591,0.517,57.067
Colo_rep2_Dep6_Tu3,0.000,0.000,0.665,2.113,8.903,0.381,5.334,0.714,23.475,1.247,0.249,0.623,56.296
Colo_rep3_Dep6_Tu10,0.000,0.000,0.080,8.661,6.839,2.375,1.007,1.176,17.821,5.417,0.962,0.737,54.926
Colo_rep8_Dep6_Tu0.5,0.000,0.000,0.042,0.057,4.453,3.948,0.302,3.539,22.163,1.139,0.193,0.575,63.589
Colo_rep7_Dep6_Tu3,0.000,0.000,0.018,1.456,5.690,0.328,15.453,5.887,10.678,0.694,0.383,0.273,59.139
Colo_rep3_Dep6_Tu0.5,0.000,0.000,1.452,0.148,7.312,0.051,15.498,0.929,18.515,1.183,0.252,1.011,53.647
Colo_rep3_Dep6_Tu20,0.000,0.000,0.031,15.137,6.775,10.474,2.066,0.034,17.407,1.382,1.600,3.217,41.877
Colo_rep1_Dep6_Tu2,0.000,0.000,0.020,1.320,4.522,0.698,1.248,1.185,31.356,1.263,0.006,1.003,57.380
Colo_rep9_Dep6_Tu50,0.000,0.000,0.000,40.683,5.725,15.188,7.701,0.101,3.291,0.273,1.445,1.368,24.224
Colo_rep3_Dep6_Tu0.3,0.000,0.000,0.053,0.000,4.458,3.935,0.270,3.614,22.198,1.101,0.150,0.585,63.635
Colo_rep1_Dep6_Tu3,0.000,0.000,0.000,1.960,8.248,1.154,0.613,2.274,21.544,2.809,0.571,1.061,59.764
