Sample,BRCA,CEAD,CESC,COAD,OV,READ,bcell,cd4tcell,cd8tcell,erythroblast,monocyte,naturalkillercell,neutrophil,Unknown-1,Unknown-2,Unknown-3,Unknown-4,Unknown-5,Unknown-6,Unknown-7,Unknown-8,Unknown-9,Unknown-10
Cer77_rep9_Dep6_Tu3,0.973,1.836,0.185,0.041,0.267,0.044,1.789,5.178,2.260,5.737,3.873,2.102,13.593,16.241,6.871,11.950,6.060,4.074,3.080,2.679,4.927,1.638,4.600
Cer77_rep5_Dep6_Tu30,1.036,4.503,25.402,0.512,2.587,0.311,2.616,5.213,1.042,2.828,3.321,2.182,2.161,1.800,0.447,4.551,0.297,0.018,0.182,4.528,3.630,21.302,9.532
Cer77_rep3_Dep6_Tu30,0.755,20.877,11.209,0.782,3.364,0.121,1.106,0.686,3.734,1.805,1.536,1.779,1.504,1.551,0.095,1.217,1.303,1.084,6.362,7.680,26.457,0.421,4.573
Cer77_rep8_Dep6_Tu50,1.700,4.378,53.181,0.539,0.584,0.075,1.564,4.435,3.327,0.697,1.853,1.067,0.419,0.447,0.937,0.265,5.218,0.150,3.512,3.463,0.018,1.778,10.389
Cer77_rep1_Dep6_Tu1,0.578,1.145,0.115,0.004,1.126,0.075,1.806,2.048,5.129,3.009,3.162,3.826,8.220,3.258,16.411,24.554,2.419,6.800,3.087,10.702,0.256,0.937,1.335
Cer77_rep7_Dep6_Tu3,0.700,2.677,0.043,0.074,1.694,0.062,1.689,1.253,3.634,5.089,4.131,2.726,9.713,9.930,15.831,8.043,3.662,7.066,4.270,3.347,1.406,1.767,11.192
Cer77_rep10_Dep6_Tu2,0.710,1.523,0.070,0.015,0.691,0.165,2.936,4.282,3.798,3.794,0.606,1.756,17.974,0.561,25.228,7.069,2.474,3.249,4.335,6.144,4.346,1.928,6.345
Cer77_rep2_Dep6_Tu0.5,0.098,0.108,0.039,0.003,2.248,0.074,2.202,5.155,2.397,3.992,3.000,0.345,15.079,6.873,8.919,10.705,8.589,16.016,2.568,5.711,1.655,3.458,0.765
Cer77_rep3_Dep6_Tu20,0.952,11.111,16.078,0.341,0.617,0.219,1.874,3.849,0.980,2.130,2.886,1.665,4.404,3.393,1.282,1.791,13.153,4.228,6.896,6.989,3.321,5.478,6.361
Cer77_rep1_Dep6_Tu2,0.611,0.217,0.364,0.068,1.844,0.081,0.718,4.414,5.934,4.261,1.129,1.530,15.085,9.392,9.001,10.616,12.068,3.699,2.993,8.755,4.664,2.319,0.236
Cer77_rep2_Dep6_Tu5,0.646,2.838,0.916,0.247,2.590,0.042,0.828,2.467,4.407,4.872,4.099,1.352,8.968,1.443,5.192,18.586,2.330,7.089,6.410,6.274,2.545,0.490,15.369
Cer77_rep5_Dep6_Tu0.5,0.167,0.657,0.019,0.002,1.467,0.100,3.167,4.092,4.108,3.173,0.307,0.034,16.174,9.220,4.509,8.216,8.492,16.036,5.961,6.517,1.425,5.103,1.055
Cer77_rep2_Dep6_Tu50,0.523,6.366,50.229,0.656,2.758,0.092,0.179,3.375,2.452,1.045,1.948,1.004,1.145,1.569,0.261,0.583,5.399,0.081,2.585,2.922,6.736,7.467,0.627
Cer77_rep9_Dep6_Tu0.5,0.217,0.065,0.081,0.009,0.098,0.106,2.703,0.570,4.246,4.950,1.971,2.913,18.638,10.649,14.443,6.213,1.157,9.512,1.207,3.832,0.864,14.364,1.191
Cer77_rep4_Dep6_Tu10,0.847,4.737,3.777,0.183,3.420,0.286,1.690,3.697,3.838,1.441,5.079,1.544,8.150,1.809,1.849,3.947,6.418,8.224,7.487,8.257,4.626,11.368,7.325
Cer77_rep9_Dep6_Tu20,1.470,4.849,19.591,0.095,3.791,0.116,3.477,1.162,0.268,2.145,1.333,3.646,3.049,3.499,1.900,3.936,4.836,5.811,3.351,14.327,0.435,15.323,1.589
Cer77_rep3_Dep6_Tu10,0.394,1.056,7.893,0.276,2.597,0.131,3.667,4.342,2.846,1.997,3.020,2.177,11.759,5.661,4.262,1.741,9.998,9.580,1.594,12.163,7.624,4.791,0.432
Cer77_rep6_Dep6_Tu5,0.647,0.570,0.964,0.089,4.316,0.163,2.553,1.361,4.166,4.376,3.561,1.862,13.096,2.241,11.873,1.185,6.992,6.735,2.045,13.052,1.601,6.802,9.750
Cer77_rep5_Dep6_Tu1,0.351,0.755,0.040,0.003,2.387,0.076,1.848,4.970,1.192,1.839,7.413,1.196,6.196,15.028,3.887,3.185,1.620,22.075,11.855,9.212,1.548,1.417,1.905
Cer77_rep5_Dep6_Tu0.3,0.346,0.604,0.023,0.004,1.384,0.033,0.740,1.492,3.761,5.492,5.780,2.660,9.792,12.395,12.235,10.547,0.917,15.731,6.088,1.270,2.382,1.520,4.803
Cer77_rep4_Dep6_Tu50,2.003,16.568,38.928,0.554,2.901,0.077,0.196,1.328,4.415,2.126,0.712,0.023,0.786,0.020,0.258,0.737,0.942,0.034,1.580,2.040,7.916,7.908,7.950
Cer77_rep6_Dep6_Tu0.3,0.377,0.208,0.001,0.005,0.262,0.189,1.727,4.566,4.301,3.786,5.239,0.400,18.031,15.989,9.912,9.246,2.567,6.046,9.775,0.109,2.251,1.706,3.305
Cer77_rep4_Dep6_Tu40,1.108,0.950,40.368,0.553,3.049,0.064,3.493,0.532,1.008,4.772,1.211,2.636,0.738,2.741,1.011,1.181,2.842,0.643,3.540,1.646,12.743,5.623,7.548
Cer77_rep10_Dep6_Tu5,0.793,2.932,0.566,0.142,3.352,0.114,1.734,0.680,4.884,2.274,5.146,2.806,2.911,12.177,8.514,1.106,9.961,3.402,5.035,14.985,1.285,6.555,8.648
Cer77_rep3_Dep6_Tu1,0.508,0.224,0.387,0.027,0.365,0.111,2.710,1.865,6.138,1.706,1.745,3.071,13.089,17.766,10.835,4.609,0.846,10.066,17.232,1.022,3.370,1.380,0.928
Cer77_rep8_Dep6_Tu40,0.837,1.730,38.153,0.075,2.300,0.550,3.324,6.103,0.687,3.370,1.057,1.284,1.159,1.200,0.267,1.989,3.696,0.506,1.800,4.903,11.450,11.727,1.832
Cer77_rep7_Dep6_Tu0.3,0.159,0.110,0.036,0.007,0.438,0.087,2.626,5.003,0.356,5.762,2.177,1.763,10.789,2.852,6.669,7.540,2.954,22.279,12.655,7.853,3.144,3.053,1.687
Cer77_rep3_Dep6_Tu0.1,0.485,0.133,0.030,0.006,0.269,0.084,1.569,4.257,1.460,4.208,8.532,1.460,1.384,27.661,23.288,0.113,6.200,0.499,4.043,5.674,2.508,0.932,5.203
Cer77_rep4_Dep6_Tu0.3,0.417,0.404,0.029,0.003,0.504,0.144,2.267,5.092,0.902,3.996,3.148,2.680,17.433,21.231,1.151,7.566,5.973,6.513,5.243,8.038,0.109,3.965,3.190
Cer77_rep6_Dep6_Tu2,0.542,0.149,1.280,0.024,0.776,0.102,1.388,4.470,3.154,4.625,3.953,2.403,6.728,3.449,20.166,7.083,1.365,14.322,5.250,2.326,0.251,3.761,12.432
Cer77_rep6_Dep6_Tu20,1.970,3.849,18.966,0.432,0.331,0.311,1.307,3.146,4.104,4.894,2.240,0.075,4.441,2.457,1.013,7.200,6.493,1.304,7.580,2.201,1.990,13.869,9.825
Cer77_rep9_Dep6_Tu40,0.953,11.491,30.231,0.685,0.934,0.205,0.357,2.840,6.124,2.882,0.829,1.045,0.757,1.689,1.482,0.082,0.699,1.152,1.583,5.339,17.826,7.788,3.028
Cer77_rep6_Dep6_Tu40,1.813,0.342,39.281,0.783,3.271,0.191,0.301,1.775,4.370,3.860,2.165,1.631,1.377,0.033,0.008,1.112,1.579,2.566,5.343,7.873,13.189,2.371,4.764
Cer77_rep8_Dep6_Tu5,0.950,3.965,0.905,0.109,3.139,0.142,3.018,1.779,4.139,0.893,3.961,2.428,17.130,3.690,15.673,8.989,0.830,6.239,2.642,3.875,5.662,4.440,5.403
Cer77_rep5_Dep6_Tu50,0.799,16.722,39.330,0.570,2.253,0.165,1.836,2.718,1.834,0.693,1.326,1.202,0.197,0.310,0.011,0.603,1.286,0.636,4.482,3.216,4.573,10.663,4.574
Cer77_rep1_Dep6_Tu30,0.170,10.732,23.401,0.495,2.646,0.179,1.928,3.450,1.889,1.265,1.925,3.020,1.489,1.402,1.300,4.152,9.331,1.856,1.448,0.913,12.243,7.741,7.025
Cer77_rep2_Dep6_Tu20,0.179,8.423,16.707,0.327,2.475,0.041,2.233,3.256,1.366,4.679,2.293,2.041,4.152,2.883,2.251,4.906,10.718,3.619,0.963,8.924,2.415,12.247,2.904
Cer77_rep4_Dep6_Tu0.5,0.200,1.073,0.001,0.031,2.892,0.051,0.291,2.424,3.373,3.543,6.393,2.363,14.670,18.825,15.924,4.573,2.765,10.775,0.349,0.412,1.143,0.317,7.611
Cer77_rep2_Dep6_Tu40,1.062,10.897,33.627,0.686,0.326,0.188,2.213,1.747,3.729,2.478,2.452,1.361,1.358,2.146,0.443,0.357,3.663,1.056,0.102,8.827,14.071,1.253,5.958
Cer77_rep8_Dep6_Tu30,0.244,10.827,23.211,0.356,0.728,0.353,1.651,3.660,4.330,1.362,2.861,1.891,0.446,1.173,1.749,1.249,10.123,1.796,4.461,2.628,12.725,9.305,2.870
Cer77_rep3_Dep6_Tu40,1.065,10.801,33.214,0.687,1.386,0.282,1.828,4.349,3.112,1.075,1.413,1.273,0.577,3.359,0.053,0.621,4.044,1.413,3.225,5.494,14.661,2.904,3.163
Cer77_rep4_Dep6_Tu0.1,0.054,0.177,0.001,0.013,1.599,0.018,0.801,1.517,3.245,3.477,6.820,3.112,14.869,11.797,13.354,2.803,6.311,3.365,2.418,13.749,0.135,5.814,4.552
Cer77_rep2_Dep6_Tu1,0.568,0.139,0.088,0.002,1.876,0.016,0.498,5.336,1.743,3.662,5.393,1.786,15.757,2.696,11.660,12.743,10.372,5.984,6.491,3.372,2.648,1.979,5.191
Cer77_rep3_Dep6_Tu3,0.279,1.805,0.607,0.026,3.609,0.055,2.772,6.043,0.514,2.221,4.106,2.532,8.477,4.506,15.087,10.302,13.134,7.222,3.974,4.042,3.948,1.543,3.195
Cer77_rep2_Dep6_Tu30,0.605,5.187,27.706,0.558,2.168,0.199,2.645,5.185,2.585,1.858,1.965,1.759,2.972,3.162,1.713,3.363,7.984,2.248,3.483,3.955,13.347,4.834,0.519
Cer77_rep9_Dep6_Tu30,0.086,8.297,26.599,0.341,3.607,0.196,1.547,3.726,3.723,1.628,2.982,1.106,2.268,6.863,1.119,2.899,5.377,0.274,5.069,4.538,12.590,1.618,3.548
Cer77_rep7_Dep6_Tu20,1.166,5.038,17.534,0.324,2.629,0.187,2.407,4.840,1.419,0.506,3.400,1.913,1.538,4.518,1.338,5.895,1.892,0.548,10.885,7.839,2.160,21.815,0.210
Cer77_rep6_Dep6_Tu1,0.450,1.166,0.067,0.002,2.877,0.015,2.688,3.490,0.255,4.165,3.842,2.050,4.697,8.757,8.965,11.003,2.450,22.868,6.483,8.112,1.040,3.740,0.821
Cer77_rep7_Dep6_Tu50,0.834,9.444,46.742,0.659,2.026,0.224,0.119,1.451,5.435,2.038,2.293,0.347,1.475,0.955,0.124,2.502,2.446,0.658,3.491,1.417,3.578,9.394,2.347
Cer77_rep3_Dep6_Tu5,0.888,2.950,1.002,0.075,2.809,0.219,1.696,1.739,6.680,0.354,7.352,1.754,2.193,12.152,14.199,10.481,3.582,3.995,8.338,2.991,6.786,4.548,3.217
Cer77_rep8_Dep6_Tu0.5,0.001,0.168,0.066,0.031,1.650,0.078,1.010,4.959,0.657,5.159,4.251,2.845,18.240,12.510,7.025,7.776,9.277,1.835,5.377,5.330,0.827,7.087,3.840
Cer77_rep9_Dep6_Tu0.3,0.253,0.209,0.014,0.005,0.806,0.147,2.170,3.149,3.964,3.418,3.660,1.228,20.162,1.549,2.788,17.127,13.560,8.756,6.440,5.390,1.034,1.021,3.149
Cer77_rep6_Dep6_Tu0.5,0.431,0.324,0.056,0.011,2.493,0.081,2.577,2.652,4.628,4.396,1.141,0.775,21.407,13.896,1.462,17.542,1.993,7.348,3.976,2.275,0.624,1.117,8.796
Cer77_rep7_Dep6_Tu1,0.222,0.397,0.070,0.009,2.517,0.031,1.777,4.461,1.643,2.438,4.547,2.877,7.767,16.164,10.488,5.142,2.362,18.451,3.991,3.799,1.510,4.183,5.156
Cer77_rep5_Dep6_Tu3,0.369,0.696,0.341,0.021,2.268,0.171,2.211,4.052,3.050,2.403,5.646,1.183,7.335,9.343,13.118,2.830,8.314,8.090,8.374,6.511,3.843,9.456,0.372
Cer77_rep10_Dep6_Tu3,0.806,1.799,0.025,0.037,0.586,0.164,3.193,2.641,0.155,1.421,7.469,3.979,1.641,19.164,4.863,0.528,7.660,9.529,7.032,12.726,4.776,0.074,9.729
Cer77_rep9_Dep6_Tu5,0.816,1.893,1.048,0.088,5.032,0.024,0.275,3.886,7.266,0.726,3.459,0.656,1.913,7.825,6.102,0.630,1.083,20.632,10.078,9.008,4.085,5.539,7.935
Cer77_rep10_Dep6_Tu20,0.420,3.999,18.087,0.524,3.662,0.211,1.399,5.322,2.772,2.944,1.926,1.998,0.003,3.640,15.221,1.647,1.294,1.620,0.837,2.541,8.610,4.708,16.614
Cer77_rep1_Dep6_Tu3,0.768,2.155,0.690,0.029,1.329,0.056,3.122,0.540,2.242,3.531,7.020,2.726,9.753,4.526,11.933,7.102,11.626,7.344,12.662,1.567,5.664,3.486,0.126
Cer77_rep5_Dep6_Tu2,0.544,1.822,0.264,0.016,2.832,0.029,1.914,4.135,5.122,0.630,6.019,0.212,15.830,11.469,21.375,1.779,3.381,9.713,4.132,0.476,2.476,5.377,0.454
Cer77_rep5_Dep6_Tu5,0.547,3.310,0.573,0.127,3.380,0.089,0.347,5.497,4.983,4.965,3.682,0.036,6.707,17.823,12.145,6.123,6.290,4.286,3.478,0.726,3.605,5.538,5.746
Cer77_rep8_Dep6_Tu2,0.376,0.858,1.191,0.051,2.200,0.116,1.526,2.514,4.698,0.975,5.408,2.639,13.411,17.292,10.944,6.992,8.527,2.184,5.597,3.388,2.048,0.693,6.373
Cer77_rep8_Dep6_Tu10,1.703,2.027,11.192,0.246,0.399,0.369,3.286,1.897,3.959,4.343,4.923,0.426,13.907,6.076,4.024,9.032,3.205,3.231,6.415,13.385,4.194,0.585,1.176
Cer77_rep10_Dep6_Tu30,1.138,4.555,29.177,0.429,1.055,0.445,3.053,6.601,3.135,0.656,1.203,1.002,1.056,2.819,3.632,2.074,9.246,2.834,2.665,5.922,11.572,5.599,0.132
Cer77_rep10_Dep6_Tu0.1,0.242,0.644,0.030,0.006,0.188,0.143,1.660,2.314,6.281,1.587,4.877,1.674,17.322,7.381,13.002,0.574,9.483,11.689,10.313,5.753,0.814,1.100,2.925
Cer77_rep6_Dep6_Tu3,0.195,0.745,0.114,0.112,3.684,0.095,2.646,5.201,5.518,1.376,2.255,0.475,8.845,0.251,7.270,11.417,2.980,20.163,8.374,8.474,6.282,2.031,1.496
Cer77_rep7_Dep6_Tu10,0.277,5.867,3.591,0.186,1.064,0.389,1.860,3.875,4.458,2.119,1.497,1.731,9.819,5.062,0.742,0.232,5.924,12.153,8.894,0.353,2.386,23.352,4.169
Cer77_rep1_Dep6_Tu0.1,0.274,0.249,0.005,0.001,1.952,0.081,0.309,2.513,3.266,3.460,5.680,1.974,16.022,10.467,0.164,3.407,10.796,20.584,5.425,9.265,0.901,0.927,2.274
Cer77_rep10_Dep6_Tu50,1.895,0.301,51.723,0.912,1.807,0.249,1.228,5.855,1.462,0.993,2.067,2.288,0.281,0.865,0.071,2.206,4.264,0.756,3.460,3.565,9.980,1.283,2.489
Cer77_rep3_Dep6_Tu2,0.110,1.571,0.198,0.024,2.657,0.069,0.511,4.595,3.375,3.150,3.413,3.125,12.760,6.761,12.346,2.909,6.845,14.528,7.232,3.481,4.476,5.466,0.395
Cer77_rep2_Dep6_Tu10,1.240,6.472,3.780,0.172,1.355,0.169,2.785,2.769,0.776,2.824,5.838,2.791,9.817,5.375,4.232,10.152,11.505,2.017,0.150,3.463,8.408,5.342,8.568
Cer77_rep4_Dep6_Tu5,0.821,1.177,3.381,0.208,1.182,0.262,2.431,5.152,2.983,1.931,6.437,1.559,9.103,5.414,16.711,6.522,3.214,7.266,7.804,5.511,3.416,4.265,3.250
Cer77_rep4_Dep6_Tu2,0.320,0.699,0.326,0.092,3.513,0.060,0.805,4.260,2.931,3.316,5.500,1.544,11.000,12.220,9.019,6.363,0.374,10.688,14.023,3.914,4.609,1.240,3.184
Cer77_rep8_Dep6_Tu3,0.347,1.341,0.028,0.057,3.809,0.188,3.314,1.031,7.294,2.943,0.306,0.698,19.500,5.529,1.818,19.697,0.130,10.967,1.324,7.305,4.225,2.944,5.201
Cer77_rep7_Dep6_Tu5,0.310,0.625,1.337,0.161,1.880,0.451,3.809,2.371,2.457,2.472,7.568,2.179,15.503,7.272,3.967,2.792,8.591,5.305,6.506,4.631,4.305,10.761,4.747
Cer77_rep4_Dep6_Tu3,0.595,2.245,0.746,0.014,2.839,0.182,0.111,1.819,5.466,2.391,6.553,1.519,7.269,16.381,12.114,10.514,0.240,7.824,0.388,6.085,4.865,3.494,6.348
Cer77_rep7_Dep6_Tu2,0.327,1.340,0.059,0.018,2.767,0.030,1.720,4.454,2.557,3.476,3.191,2.152,11.230,1.464,17.228,16.027,8.549,8.222,1.799,5.538,3.116,3.297,1.439
Cer77_rep10_Dep6_Tu40,1.756,8.825,30.601,0.550,2.300,0.186,2.679,3.316,3.572,0.076,1.317,2.723,2.496,0.247,0.992,4.730,0.237,0.048,0.235,3.612,18.169,1.330,10.005
Cer77_rep6_Dep6_Tu10,0.682,6.939,5.944,0.237,2.263,0.235,0.742,2.611,3.698,2.915,0.364,2.512,9.396,1.740,7.468,3.881,9.195,1.703,18.005,0.934,3.828,0.010,14.697
Cer77_rep6_Dep6_Tu50,1.070,2.652,50.801,0.421,1.675,0.224,2.515,1.902,3.726,0.665,2.341,1.270,0.546,2.018,0.937,0.719,1.211,0.562,3.560,1.900,9.760,3.543,5.982
Cer77_rep2_Dep6_Tu2,0.235,0.597,0.076,0.031,2.340,0.069,1.976,4.162,2.346,4.305,5.228,1.915,4.040,7.949,6.719,10.393,5.477,18.493,8.334,0.882,3.600,3.471,7.364
Cer77_rep1_Dep6_Tu5,1.321,2.280,0.421,0.101,4.803,0.005,2.085,7.286,3.012,2.879,1.365,0.141,15.759,4.997,6.295,8.493,2.021,7.700,3.272,14.382,3.857,3.699,3.826
Cer77_rep5_Dep6_Tu0.1,0.248,0.416,0.029,0.005,1.680,0.023,1.900,4.094,2.910,0.563,5.965,2.418,14.293,11.412,1.006,17.727,7.949,15.174,3.377,3.160,1.615,0.959,3.079
Cer77_rep9_Dep6_Tu50,1.191,5.840,49.036,0.532,2.109,0.101,0.743,0.395,3.231,2.633,1.949,1.531,0.740,1.484,0.782,1.069,5.011,1.198,0.875,0.256,3.142,15.233,0.918
Cer77_rep10_Dep6_Tu0.3,0.077,0.003,0.011,0.008,1.637,0.083,1.831,3.557,0.632,4.794,5.908,2.938,18.310,1.373,15.317,16.697,5.742,1.305,6.484,5.541,2.007,4.775,0.969
Cer77_rep3_Dep6_Tu0.3,0.414,0.682,0.010,0.013,0.952,0.021,2.894,5.113,3.538,0.102,1.026,3.540,19.016,10.841,6.818,5.971,3.200,14.503,7.921,0.927,1.221,7.461,3.817
Cer77_rep1_Dep6_Tu0.5,0.409,0.632,0.009,0.002,1.545,0.093,2.248,1.828,5.645,1.816,0.292,3.043,19.693,6.152,11.579,9.952,9.866,2.342,8.015,8.624,0.920,4.788,0.507
Cer77_rep4_Dep6_Tu1,0.310,0.013,0.106,0.017,2.510,0.109,1.882,4.448,1.567,4.292,4.483,2.434,13.476,17.523,22.317,8.115,2.852,0.665,2.407,1.886,2.584,2.303,3.700
Cer77_rep2_Dep6_Tu0.3,0.035,0.475,0.014,0.004,2.718,0.031,2.349,0.792,6.468,2.146,1.216,2.029,14.405,23.756,7.139,4.160,2.445,12.512,1.140,3.409,0.660,2.113,9.980
Cer77_rep10_Dep6_Tu10,1.187,3.759,5.726,0.161,2.959,0.179,3.049,1.759,4.107,3.931,2.210,2.267,3.960,1.489,8.547,11.686,2.823,0.106,14.344,9.894,10.209,2.121,3.525
Cer77_rep3_Dep6_Tu50,1.012,2.420,49.199,0.420,0.818,0.385,1.982,5.201,2.369,1.044,1.833,1.762,0.549,0.062,0.892,0.487,6.202,0.504,1.941,1.178,9.716,0.003,10.019
Cer77_rep3_Dep6_Tu0.5,0.251,0.560,0.063,0.008,0.406,0.062,2.667,5.490,2.110,5.122,0.921,1.762,8.968,11.987,20.074,6.026,6.297,7.570,9.798,3.463,2.280,2.340,1.777
Cer77_rep5_Dep6_Tu40,1.083,3.839,42.717,0.815,0.251,0.166,0.056,3.398,3.830,4.168,1.053,2.324,0.423,2.769,0.776,4.124,3.576,0.612,0.179,9.304,4.321,2.620,7.597
Cer77_rep9_Dep6_Tu2,0.575,0.830,0.122,0.029,1.486,0.035,2.284,2.728,2.446,2.280,4.759,2.881,10.985,9.493,6.701,4.808,9.049,15.451,6.752,5.510,3.920,1.787,5.088
Cer77_rep8_Dep6_Tu20,0.607,1.199,21.630,0.391,4.029,0.246,2.337,3.443,5.031,2.065,1.362,1.147,5.075,3.596,0.375,9.820,7.896,2.850,7.678,5.021,8.444,2.855,2.902
Cer77_rep7_Dep6_Tu0.5,0.103,0.098,0.045,0.010,2.644,0.092,2.442,4.186,3.631,1.333,4.050,2.045,13.390,3.694,8.610,17.562,3.231,14.302,8.818,2.587,1.632,4.830,0.668
Cer77_rep1_Dep6_Tu50,1.136,1.204,50.379,0.503,3.462,0.199,0.750,5.683,0.512,1.880,1.955,2.778,0.001,1.639,1.008,1.227,5.286,0.111,1.159,1.827,13.025,1.642,2.633
Cer77_rep10_Dep6_Tu1,0.528,0.866,0.001,0.009,1.234,0.034,2.554,2.659,0.174,6.396,2.637,2.880,18.107,13.765,5.490,10.452,2.482,12.506,4.709,5.274,2.028,0.796,4.419
Cer77_rep8_Dep6_Tu0.3,0.275,0.070,0.022,0.001,1.890,0.076,2.142,4.157,2.890,0.233,5.617,2.713,11.705,7.518,15.414,8.881,12.931,2.622,5.039,9.447,0.836,2.992,2.531
Cer77_rep4_Dep6_Tu20,1.378,5.771,15.198,0.367,3.581,0.204,0.516,3.708,5.933,1.305,2.479,1.749,7.558,6.770,1.246,3.717,6.105,1.088,3.858,1.267,14.617,6.372,5.213
Cer77_rep7_Dep6_Tu30,1.541,14.464,22.359,0.339,0.445,0.150,0.231,1.101,6.570,1.897,0.625,0.842,2.889,0.052,1.858,3.628,4.245,0.905,1.420,10.063,0.228,22.225,1.923
Cer77_rep7_Dep6_Tu40,1.368,10.731,32.023,0.391,1.575,0.308,2.168,2.727,3.559,1.722,1.697,1.874,0.817,0.987,1.551,2.694,3.381,0.299,0.981,1.567,22.200,2.367,3.015
Cer77_rep9_Dep6_Tu0.1,0.259,0.598,0.041,0.005,1.585,0.078,2.521,4.265,1.662,5.968,2.527,1.417,19.787,7.863,18.731,6.463,2.082,9.563,3.894,1.582,1.685,1.568,5.854
Cer77_rep5_Dep6_Tu20,2.681,14.669,10.556,0.595,1.052,0.322,0.924,4.824,2.264,0.504,2.485,2.289,5.235,1.465,3.563,3.295,1.811,0.917,2.224,29.861,6.693,1.314,0.457
Cer77_rep8_Dep6_Tu1,0.443,0.702,0.050,0.006,3.124,0.038,1.575,3.327,1.917,1.226,4.746,3.639,3.603,7.728,19.725,2.331,2.282,14.830,10.310,6.846,2.744,0.527,8.280
Cer77_rep6_Dep6_Tu0.1,0.144,0.554,0.018,0.007,1.893,0.046,1.419,5.444,0.557,2.542,6.093,3.152,10.758,6.642,16.754,6.576,6.626,20.778,0.219,3.071,1.136,4.894,0.675
Cer77_rep2_Dep6_Tu3,0.192,1.494,0.342,0.085,0.981,0.189,2.477,1.136,3.689,5.203,6.619,1.212,13.953,13.058,4.353,13.512,11.299,5.660,0.293,0.051,3.870,6.619,3.714
Cer77_rep1_Dep6_Tu0.3,0.204,0.656,0.045,0.007,2.127,0.072,1.412,0.970,3.316,1.077,7.610,3.434,15.702,2.519,18.936,1.913,11.220,12.924,4.498,5.012,0.462,4.911,0.971
Cer77_rep1_Dep6_Tu40,1.674,7.401,35.739,0.702,0.991,0.201,1.828,4.754,4.348,1.878,1.326,0.153,1.167,2.895,1.277,0.762,1.813,0.950,3.261,5.841,8.904,3.123,9.012
Cer77_rep6_Dep6_Tu30,0.361,3.415,30.234,0.480,1.089,0.543,2.328,3.418,5.049,1.053,2.895,1.802,4.057,0.973,1.394,1.840,3.534,2.573,1.987,1.697,2.627,2.498,24.151
Cer77_rep2_Dep6_Tu0.1,0.063,0.566,0.054,0.008,2.305,0.057,2.082,2.982,1.558,3.884,5.405,2.758,11.564,4.393,17.191,15.828,0.836,7.800,14.472,3.497,1.166,0.296,1.233
Cer77_rep1_Dep6_Tu20,1.369,8.158,14.725,0.203,2.426,0.427,1.628,3.921,3.496,2.919,1.920,1.843,2.293,2.530,7.977,1.804,0.433,0.431,10.114,6.096,6.944,15.846,2.497
Cer77_rep4_Dep6_Tu30,1.434,3.722,26.263,0.700,3.185,0.282,0.022,0.757,8.141,2.164,5.036,0.485,5.816,2.082,0.378,0.944,3.748,0.557,1.237,0.444,13.164,15.359,4.081
Cer77_rep10_Dep6_Tu0.5,0.362,0.368,0.072,0.029,0.255,0.339,0.087,4.251,3.777,5.326,1.721,2.624,21.211,8.629,4.714,13.275,5.109,6.695,13.945,2.177,2.254,2.694,0.086
Cer77_rep5_Dep6_Tu10,1.008,5.612,6.329,0.099,1.543,0.213,2.134,1.944,2.551,3.200,5.161,2.300,13.072,10.195,4.344,7.284,10.706,5.643,0.721,0.063,5.227,10.338,0.314
Cer77_rep9_Dep6_Tu1,0.105,0.561,0.126,0.070,1.649,0.187,0.866,4.419,4.287,4.550,3.243,1.354,15.646,8.072,6.943,14.864,4.707,1.633,10.631,10.019,0.991,2.876,2.201
Cer77_rep1_Dep6_Tu10,0.144,2.709,4.087,0.349,5.106,0.174,0.809,1.658,5.191,3.406,5.798,2.685,6.531,16.219,1.638,2.683,3.965,7.396,1.201,0.537,14.425,0.615,12.675
Cer77_rep8_Dep6_Tu0.1,0.254,0.231,0.046,0.009,2.474,0.045,2.457,1.099,5.646,2.159,7.509,1.401,7.249,15.619,24.774,1.342,2.375,10.198,2.332,8.722,1.203,0.930,1.928
Cer77_rep9_Dep6_Tu10,0.878,0.558,10.765,0.222,0.753,0.331,4.089,2.403,1.604,1.512,6.247,3.027,8.971,19.760,0.263,0.907,6.669,4.146,11.177,2.193,3.540,3.715,6.271
Cer77_rep7_Dep6_Tu0.1,0.096,0.145,0.006,0.003,1.669,0.062,0.398,3.022,4.354,2.647,6.907,1.776,5.194,15.069,10.019,6.740,0.275,17.548,10.857,2.343,2.112,8.324,0.434
