Sample,BRCA,CEAD,CESC,COAD,OV,READ,bcell,cd4tcell,cd8tcell,erythroblast,monocyte,naturalkillercell,neutrophil
Br66_rep4_Dep6_Tu50,13.118,65.126,0.000,0.992,0.808,0.001,0.388,0.204,1.448,0.395,4.927,0.057,12.535
Br66_rep3_Dep6_Tu0.5,0.000,0.000,0.000,0.000,53.123,0.000,0.000,0.000,0.008,1.208,10.775,0.505,34.381
Br66_rep2_Dep6_Tu3,0.000,0.000,0.000,0.000,58.282,0.000,0.000,0.054,0.000,5.301,2.835,0.041,33.486
Br66_rep6_Dep6_Tu40,0.016,69.947,0.170,0.008,8.980,0.079,0.000,0.000,0.004,2.511,2.533,0.103,15.648
Br66_rep9_Dep6_Tu0.1,0.000,0.000,0.000,0.000,58.436,0.000,0.013,0.023,0.013,1.647,5.327,1.208,33.332
Br66_rep9_Dep6_Tu5,0.000,10.389,0.000,0.560,56.720,0.000,0.001,0.000,0.003,1.996,3.134,0.002,27.195
Br66_rep10_Dep6_Tu1,0.000,0.000,0.000,0.000,55.475,0.000,0.000,0.000,0.001,2.505,3.052,0.048,38.919
Br66_rep6_Dep6_Tu20,0.001,37.939,0.000,0.789,34.743,0.001,0.000,0.000,0.015,0.254,2.542,0.011,23.705
Br66_rep10_Dep6_Tu30,0.397,53.305,0.453,0.000,22.545,0.421,0.001,0.004,0.244,0.051,4.141,0.003,18.435
Br66_rep10_Dep6_Tu5,1.695,4.982,0.000,0.002,61.968,0.005,0.043,0.007,0.026,0.640,3.809,0.001,26.821
Br66_rep7_Dep6_Tu1,0.000,0.000,0.000,0.000,57.694,0.000,0.000,0.000,0.000,0.011,6.367,0.000,35.928
Br66_rep6_Dep6_Tu0.3,0.000,0.000,0.000,0.000,51.025,0.000,0.000,0.000,0.011,1.523,11.157,0.656,35.627
Br66_rep1_Dep6_Tu30,0.000,59.778,0.000,0.000,15.793,0.000,0.178,0.011,0.002,0.679,0.566,0.200,22.792
Br66_rep3_Dep6_Tu1,0.000,0.000,0.000,0.000,53.172,0.000,0.000,0.000,0.002,0.040,7.379,1.185,38.221
Br66_rep3_Dep6_Tu30,0.638,58.459,0.001,0.004,19.165,0.000,0.000,0.001,0.001,0.266,2.062,0.000,19.404
Br66_rep9_Dep6_Tu1,0.000,0.000,0.000,0.000,58.753,0.000,0.005,0.000,0.000,0.158,2.952,0.000,38.133
Br66_rep9_Dep6_Tu40,0.213,71.406,0.208,0.932,2.243,0.297,0.000,0.828,0.003,0.028,2.837,0.001,21.004
Br66_rep5_Dep6_Tu1,0.000,0.001,0.000,0.000,60.944,0.000,0.003,0.009,0.060,2.557,5.660,0.388,30.379
Br66_rep2_Dep6_Tu5,0.000,3.294,0.000,0.000,54.559,0.235,0.000,0.000,0.000,3.124,1.171,0.019,37.599
Br66_rep5_Dep6_Tu30,1.892,43.381,0.222,0.267,27.923,2.801,0.265,0.009,0.039,5.399,0.583,0.000,17.217
Br66_rep7_Dep6_Tu50,2.568,78.741,0.078,1.401,1.527,0.000,0.009,0.006,0.002,3.504,3.538,0.000,8.626
Br66_rep4_Dep6_Tu40,0.040,73.049,0.000,0.656,11.223,0.003,0.000,0.001,0.001,2.146,4.782,0.066,8.033
Br66_rep8_Dep6_Tu5,0.042,7.089,0.000,0.004,52.809,0.509,0.393,0.038,0.398,0.558,4.806,1.171,32.184
Br66_rep9_Dep6_Tu2,0.000,0.076,0.000,0.580,64.913,0.001,0.000,0.000,0.000,0.687,2.975,0.002,30.767
Br66_rep6_Dep6_Tu30,0.115,50.979,0.000,0.884,17.622,0.625,0.040,0.015,3.855,0.019,3.844,1.564,20.437
Br66_rep4_Dep6_Tu0.1,0.000,0.000,0.000,0.000,53.713,0.000,0.000,0.000,0.000,0.911,3.237,0.000,42.139
Br66_rep5_Dep6_Tu10,0.000,18.102,0.002,0.000,40.953,0.000,0.154,0.008,0.158,3.473,4.581,0.002,32.566
Br66_rep3_Dep6_Tu40,2.894,69.472,0.003,0.024,7.840,0.161,0.135,0.009,0.001,0.047,0.385,1.780,17.249
Br66_rep9_Dep6_Tu0.5,0.000,0.000,0.000,0.000,58.450,0.000,0.000,0.001,0.000,0.171,4.653,0.024,36.701
Br66_rep8_Dep6_Tu2,0.000,2.790,0.000,0.000,53.247,0.000,0.084,0.000,0.000,0.485,6.225,0.591,36.578
Br66_rep10_Dep6_Tu2,0.000,0.612,0.000,0.540,56.847,0.000,0.148,0.000,0.000,2.151,4.111,0.000,35.590
Br66_rep6_Dep6_Tu0.1,0.000,0.000,0.000,0.000,59.283,0.000,0.001,0.004,0.001,0.077,5.426,0.000,35.208
Br66_rep5_Dep6_Tu0.5,0.000,0.439,0.000,0.000,53.369,0.000,0.000,0.000,0.000,0.004,5.396,0.000,40.792
Br66_rep2_Dep6_Tu20,0.003,42.030,0.000,0.020,38.627,0.000,0.020,0.465,0.003,0.027,0.946,0.000,17.856
Br66_rep4_Dep6_Tu0.5,0.000,0.000,0.000,0.000,60.952,0.000,0.001,0.000,0.000,0.195,2.540,0.010,36.302
Br66_rep4_Dep6_Tu5,0.725,0.395,0.000,0.252,57.364,0.000,0.005,0.512,0.084,1.627,7.536,0.739,30.762
Br66_rep8_Dep6_Tu0.5,0.000,0.000,0.000,0.000,63.923,0.000,0.046,0.000,0.000,0.192,4.068,0.000,31.771
Br66_rep5_Dep6_Tu20,3.042,32.055,0.000,0.026,28.052,0.485,0.782,0.005,1.019,0.001,4.951,0.411,29.172
Br66_rep1_Dep6_Tu3,0.000,3.669,0.000,0.914,53.217,0.000,0.000,0.000,0.000,0.896,6.582,0.000,34.723
Br66_rep10_Dep6_Tu10,0.000,18.961,0.658,0.000,39.515,0.000,0.000,0.000,0.005,2.443,5.618,0.403,32.397
Br66_rep3_Dep6_Tu10,0.000,14.264,0.000,0.001,45.706,0.000,0.000,0.897,0.000,3.187,2.458,0.001,33.487
Br66_rep10_Dep6_Tu40,0.004,58.720,0.757,4.351,15.185,0.025,1.947,0.301,1.336,0.229,1.095,0.017,16.035
Br66_rep1_Dep6_Tu50,8.211,75.385,0.022,1.461,0.006,0.046,0.000,0.008,0.000,0.240,1.222,0.030,13.369
Br66_rep10_Dep6_Tu0.5,0.000,0.000,0.000,0.000,51.817,0.001,0.294,0.000,0.000,0.527,5.854,0.009,41.499
Br66_rep1_Dep6_Tu0.3,0.000,0.000,0.000,0.194,55.228,0.000,0.075,0.005,0.001,0.028,7.513,0.076,36.880
Br66_rep10_Dep6_Tu0.1,0.000,0.000,0.000,0.000,53.501,0.000,0.001,0.001,0.002,1.524,5.941,1.388,37.642
Br66_rep8_Dep6_Tu40,0.149,75.704,0.000,1.087,7.863,0.111,0.026,0.000,0.000,0.081,0.235,0.021,14.722
Br66_rep3_Dep6_Tu20,0.074,40.840,0.000,0.000,25.108,0.000,0.001,0.000,0.000,0.037,4.572,0.177,29.191
Br66_rep9_Dep6_Tu0.3,0.000,0.000,0.000,0.000,50.019,0.000,0.000,0.000,0.000,0.222,6.885,0.000,42.874
Br66_rep7_Dep6_Tu0.3,0.000,0.000,0.000,0.000,57.628,0.000,0.000,0.000,0.000,1.829,4.367,0.012,36.165
Br66_rep5_Dep6_Tu2,0.000,1.359,0.000,0.000,59.133,0.000,0.000,0.075,0.288,0.268,3.448,1.262,34.166
Br66_rep5_Dep6_Tu0.3,0.000,0.000,0.000,0.000,59.214,0.000,0.000,0.001,0.000,0.208,8.219,1.156,31.201
Br66_rep6_Dep6_Tu5,0.000,9.490,0.000,0.000,55.746,0.001,0.002,0.000,0.001,1.109,1.040,0.000,32.610
Br66_rep5_Dep6_Tu3,0.000,2.079,0.000,0.000,55.805,0.000,0.000,0.002,0.000,1.764,4.947,0.171,35.231
Br66_rep1_Dep6_Tu5,0.650,2.462,0.000,0.051,62.175,1.763,0.001,0.000,0.000,0.605,2.893,0.000,29.401
Br66_rep6_Dep6_Tu10,0.000,14.644,2.679,0.000,47.785,0.000,0.000,0.000,0.002,0.251,6.328,0.874,27.437
Br66_rep3_Dep6_Tu5,0.000,10.264,0.000,0.014,51.299,0.000,0.000,0.000,0.000,0.194,2.372,0.000,35.857
Br66_rep1_Dep6_Tu1,0.000,0.000,0.000,0.000,59.712,0.000,0.051,0.003,0.088,0.818,2.988,0.452,35.888
Br66_rep4_Dep6_Tu30,0.003,55.842,0.074,0.938,23.537,0.046,0.000,0.000,0.000,0.048,2.771,0.000,16.741
Br66_rep8_Dep6_Tu20,0.000,37.146,0.023,0.000,26.457,0.323,0.034,0.567,0.645,0.395,0.412,1.017,32.981
Br66_rep4_Dep6_Tu10,0.019,20.181,0.000,0.000,39.721,0.000,0.001,0.000,0.000,0.348,7.811,0.000,31.921
Br66_rep2_Dep6_Tu1,0.000,0.508,0.000,0.000,60.107,0.000,0.000,0.000,0.024,0.664,4.748,0.024,33.923
Br66_rep6_Dep6_Tu2,0.000,0.000,0.000,0.000,55.046,0.034,0.000,0.015,0.110,1.113,5.047,0.423,38.211
Br66_rep6_Dep6_Tu0.5,0.000,0.000,0.000,0.000,60.675,0.000,0.016,0.007,0.156,0.415,3.767,0.026,34.937
Br66_rep5_Dep6_Tu0.1,0.000,0.000,0.000,0.000,59.971,0.000,0.000,0.000,0.000,0.343,2.372,0.000,37.313
Br66_rep2_Dep6_Tu2,0.000,0.446,0.000,0.000,63.408,0.000,0.000,0.000,0.000,0.282,2.496,0.000,33.367
Br66_rep10_Dep6_Tu50,12.074,77.043,0.055,0.282,1.676,0.000,0.000,0.003,0.000,0.005,0.289,0.000,8.572
Br66_rep7_Dep6_Tu3,0.000,1.184,0.000,0.000,64.323,0.039,0.001,0.002,0.001,0.946,3.476,0.103,29.925
Br66_rep7_Dep6_Tu10,0.000,19.181,0.010,0.000,43.523,0.000,0.000,0.053,0.001,0.164,3.501,0.016,33.553
Br66_rep2_Dep6_Tu0.5,0.000,0.000,0.000,0.000,54.929,0.000,0.000,0.000,0.000,0.279,6.879,0.001,37.912
Br66_rep5_Dep6_Tu50,1.441,81.052,0.122,3.001,1.721,0.000,0.004,0.000,0.599,0.007,3.630,0.427,7.995
Br66_rep9_Dep6_Tu20,0.000,34.946,0.000,0.000,42.940,0.000,0.001,0.002,0.002,0.085,2.829,0.000,19.195
Br66_rep8_Dep6_Tu3,1.815,0.312,1.806,0.000,53.256,0.000,0.000,0.000,0.000,1.471,2.318,0.004,39.017
Br66_rep9_Dep6_Tu10,0.000,14.226,0.000,0.000,47.348,0.000,0.870,0.002,0.000,0.004,4.967,0.162,32.421
Br66_rep7_Dep6_Tu2,0.000,0.000,0.000,0.000,66.356,0.000,0.004,0.000,0.000,1.205,0.885,0.000,31.550
Br66_rep6_Dep6_Tu3,0.000,1.058,0.000,0.000,65.126,0.260,0.257,0.000,0.002,0.204,2.699,0.000,30.394
Br66_rep1_Dep6_Tu0.5,0.000,0.000,0.000,0.000,57.708,0.000,0.000,0.005,0.005,0.902,4.210,0.000,37.170
Br66_rep2_Dep6_Tu40,4.899,64.464,0.022,0.077,0.998,0.680,2.552,0.379,0.028,0.185,4.373,0.087,21.255
Br66_rep1_Dep6_Tu2,1.093,0.702,0.000,0.000,58.196,0.000,0.000,0.000,0.000,1.803,1.496,0.000,36.709
Br66_rep8_Dep6_Tu1,0.000,0.000,0.000,0.221,51.758,0.618,0.006,0.000,0.001,0.400,3.490,1.590,41.916
Br66_rep4_Dep6_Tu3,0.000,2.101,0.000,0.000,58.781,0.000,0.016,0.003,0.019,1.459,3.663,0.079,33.878
Br66_rep7_Dep6_Tu40,0.000,65.789,0.000,1.331,10.629,1.287,0.240,0.000,0.000,0.000,1.089,1.874,17.759
Br66_rep7_Dep6_Tu0.5,0.000,0.000,0.000,0.000,57.891,0.000,0.000,0.000,0.001,0.900,4.598,0.019,36.590
Br66_rep2_Dep6_Tu30,2.911,58.428,0.001,0.292,12.699,0.000,0.000,0.000,0.000,0.005,2.832,0.000,22.832
Br66_rep2_Dep6_Tu0.1,0.000,0.000,0.000,0.000,59.068,0.000,0.000,0.009,0.075,0.340,5.806,1.182,33.520
Br66_rep7_Dep6_Tu0.1,0.000,0.000,0.000,0.000,53.261,0.000,0.000,0.000,0.000,0.828,6.261,0.003,39.646
Br66_rep1_Dep6_Tu40,2.052,69.240,0.001,0.000,11.927,1.446,0.004,0.333,0.047,0.295,0.633,0.043,13.980
Br66_rep7_Dep6_Tu5,0.000,8.128,0.000,0.295,48.380,0.000,0.000,0.001,0.003,1.482,3.070,0.001,38.641
Br66_rep4_Dep6_Tu1,0.000,0.001,0.000,0.546,62.842,0.000,0.371,0.000,0.003,0.127,4.185,0.122,31.803
Br66_rep8_Dep6_Tu0.1,0.000,0.000,0.000,0.000,55.062,0.000,0.237,0.722,0.007,0.057,4.686,0.203,39.026
Br66_rep4_Dep6_Tu2,0.000,0.013,0.002,0.000,58.168,0.000,0.000,0.000,0.000,0.001,8.638,0.126,33.051
Br66_rep1_Dep6_Tu0.1,0.000,0.000,0.000,0.000,51.758,0.000,0.000,0.000,0.000,0.334,3.700,0.000,44.207
Br66_rep2_Dep6_Tu10,0.208,15.651,0.000,0.000,47.343,0.000,0.000,0.001,0.011,0.689,3.951,0.236,31.910
Br66_rep4_Dep6_Tu20,0.000,40.378,0.000,0.409,26.558,0.000,2.212,0.004,0.007,0.004,2.719,0.948,26.762
Br66_rep4_Dep6_Tu0.3,0.000,0.000,0.000,0.000,57.457,0.000,0.000,0.000,0.000,0.339,5.702,0.304,36.199
Br66_rep10_Dep6_Tu3,0.000,5.137,0.000,0.314,56.534,0.000,0.002,0.001,0.003,0.041,5.661,0.022,32.285
Br66_rep1_Dep6_Tu20,0.022,28.783,0.001,0.000,40.280,0.140,0.001,0.024,3.493,0.029,1.493,0.494,25.240
Br66_rep6_Dep6_Tu1,0.000,0.000,0.000,0.000,59.491,0.000,0.000,0.000,0.000,0.296,2.537,0.024,37.652
Br66_rep6_Dep6_Tu50,9.188,65.260,0.100,2.686,8.447,0.281,0.102,0.493,0.243,0.027,0.742,1.621,10.811
Br66_rep9_Dep6_Tu3,0.000,3.438,0.000,0.000,53.805,0.000,0.001,0.127,0.072,2.701,5.410,0.175,34.272
Br66_rep3_Dep6_Tu50,2.344,80.527,0.038,0.178,4.910,0.001,0.751,0.000,0.000,0.001,2.329,0.496,8.426
Br66_rep8_Dep6_Tu30,0.186,53.105,0.001,0.041,27.805,0.000,0.000,0.000,0.000,0.004,2.196,0.006,16.657
Br66_rep7_Dep6_Tu20,0.009,41.345,0.000,0.000,28.915,0.000,0.001,0.000,0.000,0.483,1.382,0.006,27.860
Br66_rep3_Dep6_Tu2,0.000,0.001,0.000,0.327,58.244,0.000,0.121,0.009,0.003,0.013,7.350,0.149,33.783
Br66_rep8_Dep6_Tu50,11.228,64.459,0.001,2.659,5.281,0.008,1.164,0.055,0.021,0.002,4.408,0.835,9.878
Br66_rep3_Dep6_Tu3,0.000,1.763,0.357,0.023,57.962,0.000,0.000,0.001,0.066,4.365,4.385,0.438,30.638
Br66_rep3_Dep6_Tu0.3,0.000,0.000,0.000,0.000,64.711,0.000,0.101,0.000,0.000,0.036,3.744,0.000,31.407
Br66_rep8_Dep6_Tu0.3,0.000,0.000,0.000,0.000,50.053,0.000,0.000,0.000,0.000,0.292,6.746,0.000,42.909
Br66_rep3_Dep6_Tu0.1,0.000,0.000,0.000,0.000,48.202,0.000,0.000,0.001,0.000,1.290,9.283,0.424,40.800
Br66_rep10_Dep6_Tu0.3,0.000,0.000,0.000,0.000,51.682,0.000,0.000,0.002,0.084,0.761,7.192,0.080,40.199
Br66_rep2_Dep6_Tu50,3.842,71.493,0.001,2.921,5.135,0.001,0.000,0.002,0.000,0.054,4.165,0.000,12.386
Br66_rep5_Dep6_Tu5,0.000,5.540,0.015,0.307,60.882,0.000,0.008,0.013,0.001,0.008,4.505,0.190,28.531
Br66_rep10_Dep6_Tu20,4.391,24.495,0.000,2.184,33.043,0.001,0.313,0.041,0.669,1.423,3.794,0.006,29.642
Br66_rep7_Dep6_Tu30,4.342,48.323,0.000,0.000,17.992,0.014,0.000,0.241,0.021,0.499,1.455,0.361,26.752
Br66_rep9_Dep6_Tu30,0.000,54.642,0.000,0.000,13.182,0.000,0.363,0.001,0.020,0.804,6.541,2.332,22.115
Br66_rep5_Dep6_Tu40,3.458,63.649,0.001,0.400,5.498,0.002,0.068,0.377,0.125,1.800,3.836,2.435,18.352
Br66_rep8_Dep6_Tu10,0.000,21.096,0.000,0.000,37.336,0.000,0.085,0.009,0.190,0.684,3.862,0.516,36.221
Br66_rep9_Dep6_Tu50,0.018,81.156,0.000,2.736,2.496,0.001,0.000,0.001,0.000,0.160,0.639,0.030,12.764
Br66_rep2_Dep6_Tu0.3,0.000,0.000,0.000,0.000,55.076,0.000,0.000,0.000,0.000,2.379,1.903,0.003,40.639
Br66_rep1_Dep6_Tu10,0.990,13.648,0.000,0.000,54.153,0.000,0.609,0.004,0.174,0.592,2.490,0.981,26.359
