Sample,BRCA,CEAD,CESC,COAD,OV,READ,bcell,cd4tcell,cd8tcell,erythroblast,monocyte,naturalkillercell,neutrophil
Br62_rep5_Dep6_Tu0.5,0.830,1.958,0.107,0.000,1.792,0.182,2.394,2.676,0.000,12.132,8.784,3.234,65.911
Br62_rep5_Dep6_Tu3,2.853,3.035,0.153,0.125,1.309,0.000,2.140,2.700,0.000,12.950,7.773,2.755,64.207
Br62_rep6_Dep6_Tu30,24.546,3.761,1.088,1.758,1.190,0.000,2.478,5.252,0.000,7.202,5.317,1.783,45.626
Br62_rep7_Dep6_Tu20,17.580,3.370,0.532,0.561,1.500,0.000,1.995,3.114,0.203,10.317,7.185,1.631,52.012
Br62_rep2_Dep6_Tu40,32.412,5.382,1.123,2.674,1.924,0.000,1.023,4.170,0.150,4.579,4.086,1.919,40.560
Br62_rep8_Dep6_Tu0.5,0.686,2.501,0.307,0.000,1.213,0.000,3.074,3.698,1.327,11.279,7.623,2.482,65.809
Br62_rep5_Dep6_Tu2,1.995,2.714,0.254,0.000,0.829,0.000,2.471,2.435,0.636,13.184,8.726,2.273,64.484
Br62_rep4_Dep6_Tu50,39.566,4.431,1.701,3.962,1.855,0.000,1.715,3.058,0.000,4.057,4.352,1.203,34.100
Br62_rep8_Dep6_Tu40,32.967,4.129,1.188,2.312,1.493,0.000,1.647,2.675,0.000,7.338,4.218,1.394,40.639
Br62_rep7_Dep6_Tu2,2.469,2.084,0.371,0.000,1.051,0.000,2.595,2.837,0.000,12.099,9.233,2.726,64.534
Br62_rep9_Dep6_Tu40,33.246,5.094,0.971,2.495,2.183,0.000,1.316,0.605,0.000,6.357,4.840,2.260,40.633
Br62_rep10_Dep6_Tu2,2.140,3.342,0.245,0.000,1.538,0.000,2.249,4.071,0.000,11.711,7.822,2.658,64.224
Br62_rep6_Dep6_Tu10,8.821,4.507,0.381,0.289,1.579,0.343,2.144,0.000,1.737,11.175,7.753,2.693,58.578
Br62_rep2_Dep6_Tu2,2.416,2.700,0.275,0.000,1.624,0.413,2.756,3.076,0.000,11.438,9.560,2.313,63.429
Br62_rep9_Dep6_Tu5,5.207,2.526,0.519,0.000,1.281,0.000,2.445,2.865,0.000,11.409,9.727,2.482,61.539
Br62_rep6_Dep6_Tu40,32.429,5.002,1.246,1.871,1.831,0.000,0.879,2.442,0.000,8.317,5.006,1.179,39.798
Br62_rep4_Dep6_Tu20,17.468,4.288,0.613,0.873,1.241,0.000,2.278,2.063,0.000,9.759,6.791,2.298,52.328
Br62_rep9_Dep6_Tu1,1.761,2.247,0.090,0.000,1.752,0.103,2.107,1.936,2.123,11.543,9.161,2.597,64.579
Br62_rep1_Dep6_Tu0.3,0.000,2.269,0.408,0.000,1.161,0.071,2.926,3.215,0.000,11.901,10.935,2.763,64.351
Br62_rep3_Dep6_Tu5,4.508,2.851,0.103,0.080,2.196,0.000,2.708,2.397,1.172,11.329,7.558,3.165,61.932
Br62_rep9_Dep6_Tu50,39.222,4.060,2.371,3.796,1.724,0.000,1.832,1.836,0.000,6.206,3.575,1.272,34.106
Br62_rep5_Dep6_Tu30,24.737,4.255,1.001,0.926,1.887,0.000,2.260,2.981,0.000,9.197,5.368,1.907,45.481
Br62_rep9_Dep6_Tu0.5,0.555,1.305,0.338,0.000,1.952,0.338,2.262,4.573,0.000,12.067,8.718,2.680,65.211
Br62_rep1_Dep6_Tu20,17.597,3.313,0.728,0.727,1.924,0.000,1.952,0.903,0.558,10.316,7.053,1.952,52.975
Br62_rep4_Dep6_Tu2,2.110,2.907,0.000,0.174,1.835,0.382,1.829,1.261,2.694,10.843,9.310,2.803,63.852
Br62_rep8_Dep6_Tu3,3.026,3.737,0.212,0.000,1.403,0.000,2.062,0.993,1.976,12.482,7.962,2.616,63.531
Br62_rep2_Dep6_Tu5,5.395,3.799,0.155,0.000,1.132,0.004,1.976,3.097,0.000,12.123,7.169,2.731,62.418
Br62_rep2_Dep6_Tu1,1.164,2.663,0.186,0.000,0.552,0.000,2.641,3.360,0.000,12.830,9.849,2.234,64.522
Br62_rep8_Dep6_Tu1,1.707,2.900,0.000,0.000,1.461,0.000,2.207,2.266,0.654,11.897,9.664,2.471,64.773
Br62_rep10_Dep6_Tu0.1,0.523,2.756,0.408,0.000,1.143,0.469,2.809,1.808,2.654,10.743,9.369,2.478,64.841
Br62_rep3_Dep6_Tu40,32.762,5.750,0.977,1.962,1.159,0.000,1.452,3.112,0.000,6.049,4.023,2.689,40.064
Br62_rep8_Dep6_Tu0.3,0.479,2.057,0.052,0.000,1.390,0.000,2.569,2.954,0.000,13.028,8.177,2.586,66.709
Br62_rep4_Dep6_Tu0.5,1.145,2.755,0.008,0.000,1.550,0.451,3.028,1.647,2.146,11.321,9.253,2.383,64.312
Br62_rep6_Dep6_Tu50,38.570,4.556,1.912,3.803,1.235,0.000,1.545,1.671,0.000,8.147,3.169,1.188,34.205
Br62_rep7_Dep6_Tu0.1,0.496,2.097,0.022,0.000,1.702,0.223,2.552,3.405,0.000,12.451,8.905,2.164,65.981
Br62_rep9_Dep6_Tu30,25.079,5.983,0.613,1.105,1.638,0.000,1.840,0.000,0.000,10.260,5.006,2.380,46.097
Br62_rep6_Dep6_Tu20,16.937,3.237,1.022,1.156,1.024,0.000,1.938,5.139,0.172,8.951,5.333,2.228,52.862
Br62_rep5_Dep6_Tu5,4.937,3.007,0.556,0.000,1.139,0.033,2.507,4.300,0.000,11.744,8.081,2.073,61.623
Br62_rep4_Dep6_Tu40,31.955,3.579,1.234,2.251,1.763,0.000,2.410,2.903,0.000,8.861,4.913,1.117,39.015
Br62_rep8_Dep6_Tu0.1,0.587,3.135,0.230,0.000,1.442,0.000,2.798,3.321,0.110,12.320,9.868,2.675,63.514
Br62_rep1_Dep6_Tu40,32.125,5.116,0.830,3.121,1.701,0.000,1.163,2.319,0.000,7.578,4.175,1.685,40.188
Br62_rep3_Dep6_Tu30,25.142,5.006,0.679,1.292,2.368,0.000,2.023,1.143,0.000,10.708,3.844,1.630,46.167
Br62_rep7_Dep6_Tu0.5,0.845,3.183,0.298,0.000,1.196,0.142,2.575,4.242,1.652,10.728,6.897,2.304,65.937
Br62_rep1_Dep6_Tu10,8.867,3.739,0.584,0.000,1.356,0.132,2.817,2.050,1.858,9.982,7.867,2.019,58.730
Br62_rep10_Dep6_Tu20,17.562,4.073,0.493,0.790,0.928,0.000,2.153,5.066,1.298,6.905,7.226,1.710,51.798
Br62_rep1_Dep6_Tu5,4.705,3.006,0.297,0.000,1.762,0.103,2.048,3.287,2.382,10.361,7.857,2.181,62.012
Br62_rep3_Dep6_Tu50,38.980,4.102,2.121,4.079,1.932,0.000,1.980,2.542,0.000,5.921,4.274,1.105,32.964
Br62_rep1_Dep6_Tu3,2.638,2.859,0.288,0.000,0.895,0.076,2.923,2.317,0.244,11.783,9.681,2.698,63.598
Br62_rep7_Dep6_Tu30,24.982,4.768,1.055,1.335,1.054,0.000,1.527,3.188,0.000,8.599,5.437,1.954,46.102
Br62_rep6_Dep6_Tu1,0.919,2.370,0.223,0.000,1.756,0.000,2.190,2.267,0.177,13.884,8.353,3.116,64.745
Br62_rep1_Dep6_Tu0.5,0.554,2.080,0.509,0.000,1.194,0.000,3.171,3.866,0.476,11.805,9.370,2.017,64.958
Br62_rep1_Dep6_Tu0.1,0.446,2.289,0.138,0.000,1.329,0.000,2.039,2.109,1.574,12.769,8.510,2.757,66.038
Br62_rep9_Dep6_Tu3,2.822,3.067,0.133,0.158,0.955,0.000,2.570,1.521,2.989,11.789,8.526,2.325,63.145
Br62_rep5_Dep6_Tu40,31.867,3.745,1.566,2.805,1.944,0.000,1.943,3.855,0.000,5.916,4.379,2.369,39.612
Br62_rep10_Dep6_Tu3,2.952,2.625,0.418,0.000,1.627,0.000,2.256,2.531,0.000,12.970,7.982,2.828,63.810
Br62_rep2_Dep6_Tu0.3,0.921,3.768,0.113,0.000,1.041,0.057,2.240,2.913,0.000,12.726,8.205,2.898,65.119
Br62_rep10_Dep6_Tu40,31.185,6.125,1.100,2.500,2.361,0.000,1.579,1.838,0.000,8.032,4.158,2.185,38.937
Br62_rep3_Dep6_Tu2,1.730,1.935,0.631,0.000,1.796,0.387,3.333,2.280,2.911,9.966,9.045,2.172,63.813
Br62_rep5_Dep6_Tu1,1.515,2.507,0.332,0.000,1.046,0.000,2.530,2.777,0.000,12.222,10.345,2.787,63.939
Br62_rep4_Dep6_Tu1,1.318,3.536,0.264,0.000,1.347,0.305,2.696,1.076,1.082,10.722,10.706,2.945,64.005
Br62_rep10_Dep6_Tu0.5,0.734,2.727,0.312,0.000,1.428,0.328,2.934,1.244,3.085,10.877,9.614,2.321,64.396
Br62_rep5_Dep6_Tu20,17.568,5.066,0.690,0.592,1.922,0.000,2.094,2.457,0.531,7.739,6.720,2.429,52.191
Br62_rep6_Dep6_Tu0.3,0.247,1.881,0.099,0.000,0.815,0.000,2.426,2.591,2.569,11.828,9.388,2.771,65.384
Br62_rep9_Dep6_Tu0.3,0.489,2.018,0.049,0.000,1.316,0.000,2.524,2.976,0.000,13.158,8.271,2.604,66.594
Br62_rep2_Dep6_Tu20,17.325,2.405,0.991,0.474,1.924,0.000,2.577,2.664,0.000,10.160,6.794,1.830,52.856
Br62_rep6_Dep6_Tu0.5,1.310,2.864,0.056,0.000,1.320,0.286,3.298,1.294,2.308,10.982,8.037,2.539,65.705
Br62_rep8_Dep6_Tu10,9.127,3.704,0.064,0.000,1.032,0.000,2.197,2.967,3.344,9.088,7.550,2.024,58.903
Br62_rep2_Dep6_Tu0.1,0.201,2.446,0.337,0.000,1.564,0.112,1.887,0.455,3.574,12.801,9.223,2.909,64.490
Br62_rep5_Dep6_Tu10,8.926,2.975,0.365,0.000,1.355,0.000,2.277,1.664,0.000,11.649,8.772,2.391,59.626
Br62_rep10_Dep6_Tu10,9.403,3.234,0.518,0.217,1.623,0.000,2.974,2.924,0.000,9.021,9.159,2.853,58.075
Br62_rep4_Dep6_Tu10,9.205,4.304,0.312,0.120,0.962,0.000,2.360,1.818,0.000,11.225,8.946,2.303,58.445
Br62_rep3_Dep6_Tu0.1,0.470,3.479,0.000,0.000,1.731,0.104,2.118,1.774,0.822,11.872,10.401,3.101,64.129
Br62_rep2_Dep6_Tu50,39.576,5.278,1.667,2.505,2.215,0.000,1.817,1.805,0.000,6.750,4.075,1.135,33.176
Br62_rep9_Dep6_Tu10,9.456,2.686,0.320,0.897,1.875,0.000,2.716,1.758,0.000,10.549,8.476,2.969,58.300
Br62_rep5_Dep6_Tu0.3,0.571,1.726,0.441,0.000,1.229,0.429,2.630,4.007,1.026,11.880,8.834,2.651,64.575
Br62_rep8_Dep6_Tu50,39.681,5.640,1.431,3.667,1.834,0.000,2.084,2.586,0.212,3.324,3.495,2.311,33.737
Br62_rep4_Dep6_Tu0.3,0.347,2.119,0.184,0.000,1.226,0.068,2.496,1.342,1.514,14.856,7.818,2.628,65.402
Br62_rep7_Dep6_Tu1,0.888,1.211,0.318,0.000,2.320,0.000,2.787,3.632,0.000,12.710,7.795,2.730,65.607
Br62_rep3_Dep6_Tu0.5,0.542,1.792,0.136,0.000,0.806,0.000,2.430,2.750,2.483,11.827,9.215,2.733,65.285
Br62_rep7_Dep6_Tu40,32.005,5.189,1.358,2.427,1.797,0.000,1.276,1.312,0.000,9.024,3.725,2.323,39.564
Br62_rep2_Dep6_Tu3,3.645,2.285,0.384,0.000,1.340,0.259,2.555,3.211,0.000,11.468,9.369,2.524,62.961
Br62_rep2_Dep6_Tu0.5,0.462,2.841,0.079,0.000,1.388,0.000,2.088,2.355,0.000,13.293,8.161,3.050,66.285
Br62_rep1_Dep6_Tu50,39.802,4.409,1.194,3.196,2.034,0.000,1.734,2.108,0.000,5.564,3.606,1.585,34.769
Br62_rep3_Dep6_Tu3,2.958,3.293,0.000,0.000,1.032,0.051,2.603,3.868,0.000,12.662,7.617,2.459,63.457
Br62_rep7_Dep6_Tu3,3.264,3.867,0.257,0.000,1.181,0.392,2.559,2.028,1.401,11.516,8.433,2.137,62.963
Br62_rep3_Dep6_Tu0.3,0.324,2.625,0.346,0.000,1.133,0.000,3.038,4.052,1.241,11.117,7.592,2.393,66.139
Br62_rep8_Dep6_Tu30,24.340,3.681,1.230,1.735,2.413,0.000,2.043,1.292,0.000,8.580,6.845,2.009,45.833
Br62_rep4_Dep6_Tu30,24.062,4.326,1.198,1.554,2.054,0.000,2.040,1.638,0.088,10.104,5.082,2.180,45.673
Br62_rep6_Dep6_Tu3,3.531,2.529,0.077,0.000,1.361,0.368,3.031,2.882,1.667,11.322,8.022,1.566,63.644
Br62_rep4_Dep6_Tu0.1,0.551,2.485,0.017,0.000,0.985,0.000,3.178,4.409,0.000,11.530,8.912,2.388,65.546
Br62_rep8_Dep6_Tu5,5.311,3.042,0.174,0.000,0.844,0.000,2.609,1.715,1.618,11.123,8.722,2.490,62.352
Br62_rep10_Dep6_Tu50,39.064,7.490,1.933,3.660,0.854,0.000,1.425,0.000,0.000,7.110,3.564,1.384,33.517
Br62_rep10_Dep6_Tu0.3,0.489,1.866,0.423,0.000,1.297,0.128,2.596,4.037,0.400,11.619,9.859,2.212,65.074
Br62_rep3_Dep6_Tu20,16.209,3.245,0.591,0.834,1.383,0.000,1.792,2.769,0.000,10.193,7.074,2.027,53.883
Br62_rep1_Dep6_Tu1,1.627,2.012,0.332,0.000,1.393,0.395,3.122,0.590,3.817,11.071,9.024,2.460,64.156
Br62_rep3_Dep6_Tu1,0.999,3.160,0.083,0.000,1.561,0.219,2.485,0.527,2.996,11.256,8.997,3.004,64.713
Br62_rep9_Dep6_Tu2,2.104,2.914,0.030,0.000,1.377,0.035,2.622,3.831,0.000,12.437,8.206,2.040,64.405
Br62_rep7_Dep6_Tu50,38.814,5.352,2.038,3.469,1.886,0.000,1.190,3.832,0.000,5.935,3.736,1.140,32.608
Br62_rep7_Dep6_Tu5,4.854,2.437,0.710,0.000,1.989,0.000,1.955,4.770,0.000,10.127,9.491,1.923,61.744
Br62_rep8_Dep6_Tu2,2.096,2.787,0.000,0.049,1.498,0.183,2.207,0.450,1.366,13.096,10.237,3.099,62.933
Br62_rep5_Dep6_Tu0.1,0.317,2.195,0.074,0.000,1.509,0.000,2.408,3.469,0.132,12.116,9.400,2.748,65.632
Br62_rep6_Dep6_Tu5,4.298,2.511,0.448,0.000,1.247,0.000,2.418,3.258,0.000,11.501,8.777,2.709,62.833
Br62_rep9_Dep6_Tu20,16.832,3.581,0.900,0.883,1.221,0.000,2.709,3.043,0.918,8.313,6.811,1.731,53.059
Br62_rep2_Dep6_Tu30,25.356,3.819,0.850,1.818,1.821,0.000,1.405,1.239,0.000,9.483,4.988,2.553,46.668
Br62_rep7_Dep6_Tu10,8.841,2.889,0.402,0.313,1.959,0.174,2.122,3.613,0.000,10.365,7.349,2.340,59.633
Br62_rep6_Dep6_Tu0.1,0.794,1.689,0.102,0.000,1.033,0.228,2.915,2.077,2.581,13.020,8.102,2.085,65.375
Br62_rep5_Dep6_Tu50,39.217,7.497,1.162,3.361,1.419,0.000,0.690,0.347,0.000,6.376,5.237,1.148,33.545
Br62_rep10_Dep6_Tu1,1.157,3.699,0.182,0.000,1.137,0.000,2.915,0.495,3.126,11.413,9.597,2.493,63.784
Br62_rep1_Dep6_Tu30,23.959,4.450,0.970,2.274,1.338,0.000,1.781,2.930,0.000,7.276,5.701,2.383,46.937
Br62_rep7_Dep6_Tu0.3,0.745,2.679,0.085,0.000,1.128,0.207,2.638,2.361,0.038,12.627,9.204,2.548,65.738
Br62_rep2_Dep6_Tu10,9.335,2.187,0.799,0.229,2.145,0.000,2.107,3.605,0.000,10.891,7.462,2.200,59.040
Br62_rep9_Dep6_Tu0.1,0.448,3.533,0.145,0.000,1.068,0.266,3.027,2.596,1.373,11.448,9.206,2.826,64.063
Br62_rep3_Dep6_Tu10,9.606,3.060,0.223,0.000,1.163,0.000,3.227,3.927,0.196,10.028,8.415,1.883,58.274
Br62_rep4_Dep6_Tu5,4.909,3.250,0.257,0.000,0.924,0.223,2.697,4.143,0.000,10.674,8.887,2.365,61.671
Br62_rep8_Dep6_Tu20,16.107,5.256,0.302,1.429,1.264,0.000,1.559,1.564,3.703,8.211,6.332,1.419,52.854
Br62_rep1_Dep6_Tu2,2.309,2.388,0.144,0.000,1.505,0.141,2.051,1.866,2.783,11.671,8.705,2.676,63.761
Br62_rep10_Dep6_Tu5,4.732,3.251,0.000,0.417,1.609,0.000,1.930,0.000,5.604,11.116,7.484,2.537,61.319
Br62_rep10_Dep6_Tu30,24.704,3.086,1.135,1.709,2.647,0.000,1.838,2.667,0.905,8.393,4.676,1.852,46.388
Br62_rep6_Dep6_Tu2,2.153,1.882,0.483,0.000,1.312,0.146,2.777,4.132,0.014,11.253,9.582,2.253,64.013
Br62_rep4_Dep6_Tu3,3.321,3.088,0.062,0.373,1.247,0.041,1.821,3.413,0.584,11.528,8.455,2.784,63.284
