Sample,BRCA,CEAD,CESC,COAD,OV,READ,bcell,cd4tcell,cd8tcell,erythroblast,monocyte,naturalkillercell,neutrophil,Unknown-1,Unknown-2,Unknown-3,Unknown-4,Unknown-5,Unknown-6,Unknown-7,Unknown-8,Unknown-9,Unknown-10
Colo_rep2_Dep6_Tu0.5,0.473,2.097,0.618,0.001,0.439,0.049,3.458,9.398,0.492,2.315,7.861,1.158,12.240,7.097,7.222,1.615,5.333,7.181,0.171,0.292,17.657,8.515,4.318
Colo_rep2_Dep6_Tu50,1.704,3.447,1.979,0.201,1.153,16.361,2.381,3.857,3.524,5.579,0.016,2.064,2.714,3.335,1.357,3.328,9.341,1.344,27.309,3.208,1.066,1.911,2.819
Colo_rep6_Dep6_Tu1,0.600,0.897,0.096,0.012,2.881,0.021,0.788,0.471,3.803,5.513,8.018,4.891,18.126,2.102,5.049,0.775,5.489,2.495,0.099,13.304,13.724,4.758,6.086
Colo_rep3_Dep6_Tu2,0.484,0.588,0.511,0.002,2.242,0.013,1.652,7.526,7.787,4.811,2.688,2.200,7.209,3.261,0.008,8.445,2.437,13.614,2.415,0.838,27.326,2.696,1.247
Colo_rep7_Dep6_Tu2,0.384,1.115,0.243,0.002,2.685,0.028,3.517,5.866,3.924,2.616,6.993,2.285,12.194,12.291,5.327,2.048,3.508,9.356,4.294,8.020,12.581,0.226,0.494
Colo_rep8_Dep6_Tu0.1,0.328,1.041,0.099,0.001,2.050,0.001,2.822,0.192,10.076,7.118,3.293,2.562,8.729,0.403,19.235,4.599,0.175,17.649,1.336,1.262,0.080,11.846,5.103
Colo_rep10_Dep6_Tu2,0.465,2.413,0.551,0.002,0.187,0.009,0.842,6.488,5.697,0.568,9.027,3.994,8.689,11.036,2.894,3.671,9.226,5.990,1.467,8.698,13.312,2.742,2.033
Colo_rep6_Dep6_Tu3,0.303,0.584,0.637,0.004,3.079,0.054,3.220,5.331,3.295,3.121,7.836,3.405,15.111,1.819,11.357,0.010,3.642,8.324,5.848,2.920,13.919,4.374,1.806
Colo_rep9_Dep6_Tu30,1.462,2.582,0.114,0.114,5.422,12.108,0.241,4.247,5.363,6.802,2.124,1.990,6.245,4.804,6.126,2.135,20.548,0.354,4.262,4.579,2.158,2.325,3.896
Colo_rep9_Dep6_Tu0.5,0.264,1.088,0.550,0.003,1.095,0.012,0.637,6.470,5.491,5.804,5.869,1.559,10.902,12.420,5.328,3.142,8.883,8.164,0.743,3.790,9.826,6.298,1.663
Colo_rep6_Dep6_Tu20,1.569,3.088,0.633,0.021,0.562,6.162,3.600,6.622,1.137,4.253,1.617,4.746,6.571,6.318,2.735,6.730,5.160,8.859,7.203,11.897,3.929,0.770,5.818
Colo_rep8_Dep6_Tu30,0.377,0.838,1.847,0.101,7.401,9.533,3.495,5.191,0.751,7.339,0.386,1.826,4.927,6.880,2.279,12.983,8.170,4.085,7.237,2.503,3.851,3.387,4.614
Colo_rep3_Dep6_Tu5,0.793,2.435,0.590,0.015,2.487,0.374,1.509,6.261,1.279,5.162,9.134,1.671,11.506,7.176,0.372,3.864,8.252,1.708,1.498,12.073,13.512,6.232,2.097
Colo_rep4_Dep6_Tu3,0.073,1.255,0.740,0.004,3.307,0.039,3.398,5.285,4.950,3.513,9.371,0.613,2.343,2.273,17.730,3.865,8.739,7.250,0.460,12.271,2.744,9.055,0.720
Colo_rep2_Dep6_Tu10,0.576,3.729,0.359,0.012,1.498,1.278,3.300,2.765,6.386,5.631,5.840,0.661,9.892,16.520,2.377,4.186,12.282,1.956,6.244,5.785,5.663,0.755,2.307
Colo_rep3_Dep6_Tu40,1.370,2.894,1.640,0.163,4.502,15.440,1.963,1.475,4.565,5.530,1.641,2.422,2.469,3.379,0.440,9.007,16.535,0.467,6.550,6.564,2.415,2.622,5.946
Colo_rep3_Dep6_Tu30,1.879,0.428,1.530,0.075,2.927,8.064,2.072,3.086,3.997,5.128,5.349,2.991,4.147,5.884,0.844,1.842,5.230,2.243,19.346,7.683,1.042,8.524,5.691
Colo_rep6_Dep6_Tu30,1.327,1.788,1.547,0.042,5.205,9.034,0.580,5.158,7.690,1.874,2.454,0.331,6.028,4.154,5.342,13.368,3.526,0.789,10.355,2.995,0.610,5.547,10.254
Colo_rep4_Dep6_Tu50,0.782,1.673,1.751,0.276,4.244,18.299,3.779,4.429,1.195,1.365,4.388,4.164,0.997,0.056,1.060,2.445,0.922,0.762,22.007,7.095,1.033,2.195,15.083
Colo_rep5_Dep6_Tu50,2.271,0.201,0.554,0.342,6.022,18.397,4.312,4.456,1.873,2.743,1.302,3.630,0.410,0.118,0.837,15.648,5.210,4.158,15.227,0.422,0.743,4.171,6.953
Colo_rep6_Dep6_Tu2,0.313,1.988,0.609,0.001,1.277,0.065,3.882,2.175,7.546,0.615,10.315,0.760,10.636,4.626,11.920,2.866,1.336,14.129,2.445,1.171,6.194,4.661,10.471
Colo_rep10_Dep6_Tu50,2.242,4.192,1.024,0.233,7.266,20.276,1.474,0.092,1.169,7.208,0.094,2.988,1.876,1.935,1.102,2.859,2.956,1.839,10.715,5.900,1.708,5.032,15.819
Colo_rep7_Dep6_Tu50,2.412,3.633,0.696,0.328,0.819,17.414,3.738,3.582,0.418,4.410,2.353,3.988,3.478,2.326,0.118,11.103,2.663,1.845,22.836,3.395,1.826,1.543,5.076
Colo_rep9_Dep6_Tu40,1.647,1.742,0.643,0.154,6.267,13.226,3.263,2.508,4.416,4.933,3.169,2.055,1.720,1.833,0.173,2.870,4.415,5.500,18.168,2.617,3.244,10.046,5.392
Colo_rep8_Dep6_Tu5,0.439,1.829,0.726,0.010,2.014,0.169,2.819,6.671,6.931,1.243,3.807,3.293,4.994,1.903,18.154,8.194,0.106,12.519,3.508,10.830,2.822,4.605,2.414
Colo_rep1_Dep6_Tu20,0.895,3.457,1.274,0.154,3.385,3.907,1.644,0.241,5.520,7.202,5.193,3.844,0.770,3.703,0.727,6.591,3.607,4.227,6.806,9.741,1.171,11.795,14.146
Colo_rep9_Dep6_Tu2,0.070,1.618,0.620,0.007,0.526,0.030,2.372,4.069,5.696,2.517,8.523,3.088,14.000,5.634,2.711,1.885,11.316,6.622,1.731,7.629,5.964,11.279,2.092
Colo_rep5_Dep6_Tu30,2.419,1.155,2.450,0.171,0.340,8.671,5.230,0.446,5.634,6.279,4.382,2.417,0.783,4.825,3.436,5.875,3.816,5.885,14.979,7.547,2.381,7.172,3.707
Colo_rep4_Dep6_Tu0.1,0.152,1.054,0.460,0.001,2.366,0.007,0.683,6.713,7.067,4.077,3.293,1.837,15.136,3.012,7.271,3.448,10.863,3.805,0.142,8.454,15.523,2.776,1.861
Colo_rep5_Dep6_Tu0.1,0.301,2.930,0.032,0.002,0.149,0.017,2.804,2.352,4.251,2.189,13.174,4.735,7.457,2.757,4.548,4.500,7.799,10.158,0.475,9.371,15.685,0.662,3.653
Colo_rep9_Dep6_Tu3,0.607,1.109,0.845,0.004,0.456,0.073,3.151,5.188,5.529,3.772,5.982,3.482,12.641,9.536,6.119,1.651,2.841,6.667,2.156,9.450,3.127,8.828,6.787
Colo_rep2_Dep6_Tu0.1,0.101,2.233,0.205,0.000,2.482,0.004,2.700,0.328,11.097,6.012,0.436,0.530,10.408,16.540,22.797,0.662,0.231,2.707,0.915,2.334,5.472,2.788,9.020
Colo_rep8_Dep6_Tu10,1.013,2.228,0.989,0.033,5.153,0.438,4.567,4.370,0.316,4.557,5.192,4.003,10.281,0.860,13.811,11.107,3.438,4.424,1.317,6.891,5.881,0.194,8.939
Colo_rep4_Dep6_Tu30,0.874,2.257,1.407,0.111,5.292,8.353,0.220,5.130,4.093,4.526,6.380,1.648,5.404,2.561,3.026,8.808,12.139,1.310,15.289,0.204,5.682,1.658,3.627
Colo_rep2_Dep6_Tu2,0.426,1.555,0.591,0.003,0.863,0.103,1.094,6.795,4.603,4.856,10.402,1.729,6.096,11.227,5.128,4.834,6.403,8.142,2.528,0.623,17.528,2.053,2.420
Colo_rep1_Dep6_Tu5,0.123,2.958,0.624,0.005,0.696,0.162,3.344,2.920,6.218,5.287,8.535,2.412,13.006,20.271,1.899,0.516,6.470,4.082,5.890,7.280,1.836,0.163,5.302
Colo_rep8_Dep6_Tu50,0.917,4.064,2.303,0.250,2.050,19.230,2.432,2.312,3.865,3.242,2.694,2.545,1.895,0.913,0.198,19.395,3.454,0.588,13.529,4.720,2.875,5.542,0.985
Colo_rep5_Dep6_Tu5,0.011,1.229,1.510,0.012,0.437,0.041,2.742,1.671,8.572,7.108,6.446,1.297,9.053,2.002,5.733,5.040,0.701,7.890,4.070,8.148,7.244,10.819,8.225
Colo_rep6_Dep6_Tu50,1.745,5.171,0.391,0.207,1.770,20.233,2.447,3.278,1.671,1.984,3.336,3.395,1.774,1.968,0.204,0.467,10.924,0.499,12.600,2.024,2.048,1.037,20.828
Colo_rep5_Dep6_Tu0.5,0.432,2.296,0.237,0.002,0.877,0.011,0.332,5.403,7.282,2.341,2.666,3.564,16.767,13.465,5.616,4.071,8.466,6.451,1.214,6.597,7.600,4.297,0.012
Colo_rep4_Dep6_Tu20,0.241,2.269,2.014,0.073,3.629,3.379,2.825,4.889,2.181,2.622,7.179,5.380,3.258,2.115,9.249,1.649,2.071,0.863,15.498,3.201,6.704,8.659,10.050
Colo_rep8_Dep6_Tu40,1.876,1.524,1.738,0.080,2.984,15.199,2.880,1.581,1.716,5.902,3.770,3.266,3.863,3.537,1.876,10.642,0.392,6.447,6.563,4.125,0.435,1.173,18.435
Colo_rep7_Dep6_Tu0.3,0.093,0.320,0.424,0.001,2.174,0.007,3.312,7.874,3.317,4.011,1.986,4.587,5.131,13.841,8.572,0.703,10.608,10.622,2.187,1.113,12.100,3.441,3.577
Colo_rep7_Dep6_Tu30,1.361,3.162,0.841,0.077,2.161,7.473,0.683,3.695,5.360,4.953,4.470,3.952,3.305,7.993,3.326,2.352,8.460,4.603,22.162,4.882,1.890,1.505,1.336
Colo_rep10_Dep6_Tu20,1.040,3.321,1.020,0.035,2.129,4.218,2.324,6.157,3.377,8.574,0.590,2.645,8.941,4.118,8.544,8.356,3.665,7.693,11.213,1.218,0.382,5.686,4.754
Colo_rep9_Dep6_Tu10,0.217,3.403,0.445,0.041,2.709,1.203,2.761,0.885,7.072,5.626,4.870,2.682,7.785,6.295,13.534,10.487,10.298,0.891,1.913,1.933,0.712,11.137,3.101
Colo_rep9_Dep6_Tu0.1,0.407,1.527,0.273,0.003,1.608,0.011,1.053,5.676,6.097,3.134,5.077,3.172,15.974,0.424,14.871,3.952,3.691,12.330,1.196,3.775,5.732,5.783,4.232
Colo_rep10_Dep6_Tu0.3,0.372,1.011,0.524,0.007,1.011,0.039,1.561,8.573,1.187,3.925,8.941,2.904,17.235,7.052,1.114,1.846,4.116,4.547,0.934,5.509,8.919,11.049,7.623
Colo_rep8_Dep6_Tu20,1.064,3.936,0.986,0.127,0.723,5.918,0.574,3.285,4.715,6.864,5.422,3.580,1.821,5.472,5.933,16.668,6.409,6.049,2.227,6.983,2.913,5.414,2.913
Colo_rep3_Dep6_Tu3,0.627,0.243,1.311,0.021,0.997,0.085,1.157,6.506,3.758,5.853,7.679,3.131,15.527,9.483,8.724,7.636,5.437,2.217,2.666,9.044,6.882,0.807,0.209
Colo_rep4_Dep6_Tu2,0.686,0.166,0.445,0.002,2.272,0.007,2.972,2.141,6.206,6.700,4.728,2.773,10.728,13.965,20.797,0.761,0.784,1.198,3.429,7.486,5.646,0.277,5.831
Colo_rep10_Dep6_Tu0.1,0.385,1.625,0.221,0.002,0.670,0.014,4.182,0.793,8.464,5.678,7.907,2.620,0.668,7.715,25.279,4.937,0.717,8.955,2.128,7.213,6.296,3.113,0.418
Colo_rep4_Dep6_Tu0.3,0.372,2.102,0.088,0.001,1.055,0.019,2.977,3.277,7.257,0.432,7.600,3.230,14.041,11.291,15.017,5.384,4.581,1.646,0.326,8.295,4.078,3.343,3.588
Colo_rep9_Dep6_Tu0.3,0.340,1.296,0.093,0.003,2.072,0.005,0.862,6.677,3.790,4.759,8.906,3.971,1.991,19.848,2.485,2.572,2.666,8.389,0.273,6.472,10.834,8.688,3.009
Colo_rep1_Dep6_Tu10,0.379,1.197,1.179,0.023,4.697,0.892,4.016,4.588,3.757,6.845,4.970,2.272,1.601,1.620,17.334,3.920,5.046,14.816,7.856,5.255,4.449,2.832,0.455
Colo_rep6_Dep6_Tu0.3,0.152,2.901,0.299,0.001,0.235,0.022,3.878,0.989,2.512,3.050,12.597,2.785,15.839,8.767,16.777,2.437,7.014,0.307,0.425,6.654,3.467,3.771,5.123
Colo_rep6_Dep6_Tu0.5,0.238,2.415,0.072,0.002,2.563,0.009,2.529,7.076,0.347,5.368,5.144,3.608,11.327,5.603,17.431,4.731,0.098,5.766,0.672,4.119,11.451,0.899,8.532
Colo_rep10_Dep6_Tu10,1.248,1.190,1.374,0.097,3.771,0.026,0.892,0.700,5.309,6.037,8.162,4.238,9.447,4.092,4.255,3.664,3.577,3.812,5.268,7.141,6.368,8.893,10.441
Colo_rep10_Dep6_Tu1,0.210,1.697,0.328,0.001,1.863,0.004,2.618,6.055,4.663,4.346,8.561,1.757,7.469,1.787,19.558,1.529,3.382,13.361,2.136,4.314,2.432,5.513,6.416
Colo_rep10_Dep6_Tu5,0.070,2.406,0.720,0.017,3.103,0.172,1.939,5.941,4.209,5.291,4.969,2.790,8.750,7.459,12.843,1.770,4.478,4.880,3.284,8.934,5.916,5.049,5.009
Colo_rep10_Dep6_Tu40,0.903,0.277,3.055,0.185,4.346,14.546,0.141,3.662,4.210,7.579,0.228,3.044,0.112,8.093,1.695,36.106,2.658,2.014,2.265,0.309,3.683,0.329,0.559
Colo_rep10_Dep6_Tu0.5,0.401,1.436,0.336,0.001,1.347,0.015,1.841,7.098,4.320,2.305,6.996,3.362,11.075,0.083,17.569,3.817,3.445,12.598,2.171,3.808,12.536,1.083,2.356
Colo_rep1_Dep6_Tu1,0.347,1.694,0.483,0.002,1.867,0.002,1.328,0.982,7.226,6.810,2.674,4.241,19.266,8.077,15.739,0.974,3.903,6.918,1.335,4.380,0.327,5.794,5.635
Colo_rep7_Dep6_Tu20,1.484,0.832,1.080,0.068,1.852,4.751,3.297,3.685,4.163,4.770,3.647,3.860,5.112,1.023,2.070,8.330,8.709,6.549,10.085,7.972,5.605,9.113,1.941
Colo_rep6_Dep6_Tu10,1.653,2.321,0.142,0.042,2.866,1.444,3.988,5.226,1.265,2.576,6.825,2.749,10.678,2.739,6.936,7.449,1.941,9.034,5.386,8.734,4.803,8.305,2.897
Colo_rep10_Dep6_Tu3,0.499,1.898,0.244,0.005,2.682,0.100,0.046,10.275,0.578,4.756,7.659,1.550,12.906,16.304,7.055,3.055,1.574,5.690,4.231,0.424,7.621,10.258,0.591
Colo_rep1_Dep6_Tu30,0.170,3.656,2.286,0.179,7.068,6.486,0.402,2.549,5.091,8.530,0.558,1.775,0.680,0.546,3.816,16.789,8.859,6.541,12.587,2.847,1.794,1.274,5.517
Colo_rep1_Dep6_Tu0.1,0.364,1.852,0.226,0.001,1.530,0.016,2.551,2.815,2.917,5.319,8.519,4.177,12.725,22.572,5.261,0.068,4.892,0.905,0.593,3.185,7.811,8.248,3.454
Colo_rep7_Dep6_Tu5,0.508,2.010,0.527,0.009,1.781,0.128,3.057,7.062,2.826,6.608,6.000,1.849,13.268,9.005,10.106,4.112,7.625,2.147,4.637,10.372,3.645,0.249,2.467
Colo_rep7_Dep6_Tu0.1,0.263,0.848,0.425,0.001,0.964,0.004,3.216,3.690,4.919,5.555,8.052,0.226,17.264,13.722,4.409,0.604,3.263,10.861,1.758,6.228,3.216,5.849,4.666
Colo_rep6_Dep6_Tu40,1.615,1.916,1.960,0.297,2.389,15.768,1.950,1.496,5.596,4.956,4.228,0.609,4.082,0.549,0.232,17.195,7.076,0.095,2.351,10.375,0.675,5.087,9.502
Colo_rep8_Dep6_Tu2,0.368,1.829,0.350,0.001,2.783,0.032,3.242,3.019,3.187,1.434,6.590,4.786,18.375,1.173,12.604,2.091,1.475,6.936,1.592,1.691,6.825,13.977,5.639
Colo_rep7_Dep6_Tu0.5,0.245,1.553,0.467,0.001,1.649,0.027,3.596,0.809,9.063,0.793,5.120,2.963,19.082,8.767,5.966,1.864,4.094,4.189,0.523,5.557,12.018,4.957,6.696
Colo_rep5_Dep6_Tu20,0.456,1.086,1.495,0.194,5.244,5.377,1.475,3.989,2.642,7.206,6.435,4.120,4.107,3.547,8.815,8.752,5.352,2.154,4.385,6.055,0.510,2.890,13.713
Colo_rep8_Dep6_Tu0.3,0.020,1.262,0.185,0.003,1.348,0.016,1.627,6.678,5.876,4.720,9.293,2.457,1.281,22.240,8.436,2.658,6.232,5.181,0.827,7.795,0.547,8.420,2.897
Colo_rep4_Dep6_Tu5,0.530,1.763,0.427,0.016,2.793,0.269,1.484,5.557,5.177,4.430,7.050,1.337,12.429,4.881,12.158,4.374,1.269,6.377,3.488,1.430,7.499,8.299,6.962
Colo_rep9_Dep6_Tu1,0.551,1.293,0.045,0.022,1.073,0.044,0.205,3.835,4.333,6.454,10.979,2.838,17.281,18.688,6.495,2.355,1.308,6.495,2.978,7.651,3.361,0.345,1.369
Colo_rep1_Dep6_Tu0.5,0.147,1.441,0.171,0.000,2.470,0.015,1.708,7.873,5.928,4.232,8.786,1.760,2.612,18.715,4.557,5.474,1.660,0.635,1.814,0.104,18.018,10.133,1.748
Colo_rep8_Dep6_Tu3,0.448,3.183,0.082,0.004,1.081,0.039,3.038,3.038,6.581,2.857,10.687,2.541,0.370,7.859,7.079,5.770,5.293,4.193,0.733,11.933,6.070,9.961,7.160
Colo_rep5_Dep6_Tu0.3,0.355,2.258,0.475,0.000,0.343,0.008,3.228,1.580,5.575,6.791,5.938,1.342,14.761,7.491,10.933,3.045,2.855,5.183,1.094,7.058,7.678,11.821,0.188
Colo_rep2_Dep6_Tu30,1.257,2.688,0.647,0.080,2.310,9.571,0.904,2.128,6.050,7.993,3.301,2.119,5.885,8.804,2.985,13.761,7.589,0.068,11.284,0.699,2.244,5.423,2.209
Colo_rep7_Dep6_Tu10,0.292,1.321,1.231,0.016,2.507,1.296,2.973,7.191,6.481,0.224,5.709,2.368,4.748,4.733,4.896,3.815,12.551,9.692,6.027,14.029,0.721,1.466,5.711
Colo_rep2_Dep6_Tu40,1.750,2.399,1.325,0.121,6.263,11.860,3.408,1.943,0.827,4.784,1.790,4.340,0.672,1.458,6.140,3.476,3.114,0.197,19.243,4.735,3.506,1.214,15.436
Colo_rep3_Dep6_Tu0.1,0.242,2.099,0.012,0.001,2.639,0.012,1.535,3.137,2.817,3.968,11.761,3.886,10.680,1.919,17.487,3.595,6.727,3.066,0.672,3.803,4.556,15.355,0.033
Colo_rep3_Dep6_Tu1,0.234,2.203,0.471,0.001,0.429,0.017,1.715,6.738,4.211,1.082,6.919,3.728,12.515,11.732,13.141,5.287,0.177,3.249,1.393,2.213,3.119,16.880,2.545
Colo_rep8_Dep6_Tu1,0.220,0.737,0.185,0.003,2.664,0.057,2.611,8.098,3.185,2.310,2.530,3.683,16.149,6.450,19.386,4.838,6.957,0.999,0.038,3.766,5.403,2.543,7.185
Colo_rep4_Dep6_Tu1,0.088,1.641,0.498,0.001,0.871,0.012,3.766,10.141,5.988,1.840,1.690,0.765,8.710,1.565,21.658,2.635,1.418,7.351,3.544,8.212,12.846,3.675,1.082
Colo_rep5_Dep6_Tu40,1.821,3.583,1.441,0.150,0.303,11.976,3.059,5.752,6.408,1.821,0.804,1.094,3.990,0.164,2.712,9.938,2.389,0.340,21.396,9.574,0.602,5.905,4.778
Colo_rep5_Dep6_Tu10,0.762,2.201,0.443,0.022,4.386,1.182,2.144,2.980,2.057,6.028,7.668,4.183,9.179,3.940,11.401,7.061,9.347,4.172,2.203,2.102,0.931,7.472,8.136
Colo_rep2_Dep6_Tu0.3,0.475,1.773,0.278,0.001,1.094,0.019,2.968,2.360,3.079,6.510,7.808,0.462,18.420,4.985,16.781,4.681,3.895,10.045,0.198,9.362,0.780,3.966,0.058
Colo_rep10_Dep6_Tu30,1.477,2.041,1.913,0.152,0.505,8.099,2.733,5.654,3.527,5.056,5.550,2.486,2.786,8.793,0.249,12.283,2.843,3.621,16.028,2.346,2.545,2.463,6.851
Colo_rep1_Dep6_Tu40,2.349,1.494,1.622,0.093,0.468,12.217,3.946,5.029,3.412,0.838,3.643,4.502,1.992,5.912,3.220,4.591,8.148,1.321,26.055,1.697,0.366,5.205,1.882
Colo_rep6_Dep6_Tu0.1,0.369,0.491,0.680,0.002,1.084,0.044,1.313,5.176,6.408,2.583,12.393,2.082,9.111,9.385,4.005,2.189,3.316,7.794,1.677,6.998,14.434,8.298,0.168
Colo_rep7_Dep6_Tu40,1.715,4.116,1.322,0.196,3.949,12.305,4.702,1.351,0.895,7.056,0.188,1.933,3.189,0.735,2.486,7.436,2.812,3.671,19.175,5.887,1.908,8.828,4.144
Colo_rep1_Dep6_Tu50,0.092,2.487,1.206,0.536,4.987,22.477,3.671,2.423,4.565,2.705,2.667,2.447,2.621,2.722,0.982,14.454,10.550,0.251,4.837,2.735,1.288,1.529,7.768
Colo_rep1_Dep6_Tu0.3,0.270,1.928,0.077,0.000,1.838,0.015,3.085,6.278,1.185,4.626,8.180,3.370,11.999,7.192,3.322,1.503,3.896,10.011,2.081,6.076,18.819,2.228,2.022
Colo_rep9_Dep6_Tu20,1.132,4.371,0.048,0.040,2.817,3.133,2.780,7.108,2.457,6.021,10.648,0.547,1.036,0.410,2.925,3.398,8.140,6.539,14.873,3.018,0.804,7.959,9.794
Colo_rep4_Dep6_Tu10,0.654,3.023,0.962,0.011,1.889,0.696,2.213,2.669,2.774,7.835,5.088,2.697,13.972,14.748,2.070,4.840,4.023,1.753,6.697,7.239,2.533,3.861,7.757
Colo_rep6_Dep6_Tu5,0.455,0.632,0.695,0.007,3.426,0.165,3.249,9.185,4.990,0.486,2.886,2.265,10.816,11.282,5.100,5.320,4.990,2.444,2.074,7.482,11.843,2.472,7.735
Colo_rep9_Dep6_Tu5,0.579,2.008,0.630,0.005,3.291,0.164,1.990,5.485,2.381,5.028,1.897,4.488,18.466,2.643,1.230,1.671,13.236,3.257,0.389,4.160,10.720,3.336,12.946
Colo_rep3_Dep6_Tu50,2.838,1.758,1.176,0.298,6.440,18.588,2.957,2.889,0.344,3.379,2.377,2.436,3.035,1.637,0.753,3.901,9.326,4.665,19.771,2.327,1.368,0.748,6.988
Colo_rep5_Dep6_Tu1,0.276,2.009,0.324,0.000,2.547,0.007,2.440,3.411,7.630,1.060,5.651,3.223,10.491,5.862,7.947,6.032,6.142,10.794,0.118,8.989,6.207,6.880,1.961
Colo_rep5_Dep6_Tu3,0.605,0.651,0.717,0.003,1.782,0.116,2.780,4.577,8.481,1.703,2.691,3.036,13.509,5.482,6.079,6.366,9.240,3.194,0.936,2.824,13.441,6.094,5.694
Colo_rep2_Dep6_Tu1,0.024,0.786,0.541,0.002,2.535,0.021,2.981,7.562,1.822,2.468,11.377,3.677,5.916,13.423,2.648,2.123,6.825,6.653,1.047,3.208,13.312,8.559,2.493
Colo_rep7_Dep6_Tu1,0.448,0.770,0.663,0.001,1.107,0.040,2.720,5.910,4.341,0.697,5.643,4.670,13.278,11.372,9.152,1.993,9.471,5.174,0.707,2.181,7.216,7.754,4.694
Colo_rep5_Dep6_Tu2,0.432,1.317,0.691,0.004,2.040,0.067,1.722,6.101,5.292,1.346,6.953,3.036,14.234,3.021,12.497,4.970,6.085,10.122,0.622,4.292,5.146,5.427,4.583
Colo_rep4_Dep6_Tu40,1.837,4.881,0.378,0.117,1.445,12.387,3.854,2.968,3.821,6.361,0.728,1.511,1.595,3.031,1.037,7.620,10.541,3.635,19.066,0.903,0.855,6.305,5.125
Colo_rep2_Dep6_Tu20,0.393,2.575,0.905,0.056,3.653,3.988,3.388,3.029,5.677,6.106,3.319,2.739,7.894,4.993,3.855,7.100,7.414,2.563,12.545,0.996,7.971,2.947,5.895
Colo_rep4_Dep6_Tu0.5,0.485,1.936,0.172,0.002,2.317,0.019,0.279,9.602,3.262,5.348,4.950,2.129,6.400,4.477,13.743,4.036,3.618,10.016,0.629,5.133,12.960,3.677,4.809
Colo_rep2_Dep6_Tu5,0.173,1.346,1.437,0.050,0.223,0.168,1.707,2.177,1.460,8.613,6.375,4.740,14.652,0.676,11.896,7.205,4.428,7.659,0.925,10.135,3.446,4.746,5.762
Colo_rep2_Dep6_Tu3,0.097,1.216,0.578,0.003,1.636,0.114,2.231,3.476,6.198,5.359,9.228,2.887,5.463,17.814,7.295,4.034,1.619,6.699,2.515,2.323,2.053,12.375,4.784
Colo_rep3_Dep6_Tu10,0.935,3.069,0.860,0.030,0.496,1.729,1.400,5.264,2.956,5.994,8.854,3.262,1.567,2.724,4.592,7.580,0.609,7.861,4.807,4.915,12.666,9.275,8.556
Colo_rep8_Dep6_Tu0.5,0.251,0.105,0.730,0.002,2.624,0.007,3.225,0.479,6.556,6.242,11.605,2.815,2.972,3.841,11.120,4.327,7.589,15.090,0.591,0.404,8.738,6.131,4.555
Colo_rep7_Dep6_Tu3,0.498,0.126,0.554,0.012,3.922,0.052,1.828,1.845,6.518,4.062,11.233,3.194,6.790,4.901,15.158,5.769,1.745,5.307,3.931,1.746,12.444,7.585,0.779
Colo_rep3_Dep6_Tu0.5,0.197,1.496,0.467,0.000,2.114,0.001,2.358,6.794,4.352,3.016,12.102,0.915,3.843,4.075,17.227,3.015,7.257,7.072,1.057,6.427,4.361,8.698,3.156
Colo_rep3_Dep6_Tu20,1.721,1.918,0.842,0.073,3.606,4.557,3.751,5.489,0.870,2.452,5.925,3.396,5.399,6.503,1.262,4.090,10.059,6.499,10.185,7.847,0.859,8.595,4.103
Colo_rep1_Dep6_Tu2,0.452,2.633,0.365,0.000,0.936,0.023,1.350,0.430,11.513,3.596,13.871,0.465,1.090,1.205,9.773,6.050,11.237,11.653,3.104,0.735,16.326,1.424,1.768
Colo_rep9_Dep6_Tu50,1.874,1.770,2.137,0.260,1.120,18.421,1.819,4.578,4.221,4.545,2.890,0.464,2.454,3.298,0.591,8.758,9.019,1.992,22.535,3.612,0.585,1.782,1.275
Colo_rep3_Dep6_Tu0.3,0.574,1.133,0.548,0.005,0.015,0.003,3.573,0.979,7.889,2.633,5.164,4.065,18.840,3.008,7.136,4.999,2.421,4.230,0.157,3.781,18.781,4.563,5.503
Colo_rep1_Dep6_Tu3,0.802,0.248,0.184,0.003,2.811,0.092,2.711,2.995,3.890,5.530,10.765,3.992,9.863,11.635,6.778,6.741,2.429,1.425,2.776,2.993,12.282,6.029,3.026
