Sample,BRCA,CEAD,CESC,COAD,OV,READ,bcell,cd4tcell,cd8tcell,erythroblast,monocyte,naturalkillercell,neutrophil,Unknown-1,Unknown-2,Unknown-3,Unknown-4,Unknown-5,Unknown-6,Unknown-7,Unknown-8,Unknown-9,Unknown-10
Colo_rep2_Dep6_Tu0.5,0.000,0.000,0.000,0.000,0.000,0.000,0.000,0.000,0.000,0.000,2.991,0.000,55.676,0.000,1.678,37.394,0.000,0.000,0.324,0.000,1.856,0.079,0.000
Colo_rep2_Dep6_Tu50,0.000,0.000,0.000,0.000,0.928,22.837,0.000,0.000,0.000,0.000,0.000,0.000,17.896,0.000,5.795,0.000,0.000,0.000,0.434,51.457,0.651,0.000,0.000
Colo_rep6_Dep6_Tu1,0.000,0.000,0.000,0.000,0.000,0.000,0.000,0.000,0.000,0.000,4.547,0.000,56.170,0.000,5.177,21.589,5.593,3.785,0.000,0.000,0.768,2.370,0.000
Colo_rep3_Dep6_Tu2,0.000,0.000,0.000,0.000,0.000,0.000,0.000,0.000,0.000,0.000,2.666,0.000,52.978,0.000,6.616,5.997,2.820,0.000,28.859,0.000,0.062,0.000,0.000
Colo_rep7_Dep6_Tu2,0.000,0.000,0.000,0.000,0.000,0.000,0.000,0.000,0.000,0.000,2.081,0.000,52.585,0.000,3.593,8.441,0.000,0.000,9.389,0.000,0.281,23.630,0.000
Colo_rep8_Dep6_Tu0.1,0.000,0.000,0.000,0.000,0.000,0.000,0.000,0.000,0.000,0.000,3.007,0.000,53.817,0.000,4.525,10.091,0.000,4.505,1.033,0.180,0.363,22.479,0.000
Colo_rep10_Dep6_Tu2,0.000,0.000,0.000,0.000,0.000,0.000,0.000,0.000,0.000,0.000,1.582,0.000,54.586,0.000,1.589,25.742,0.000,0.000,7.499,4.451,4.455,0.094,0.000
Colo_rep6_Dep6_Tu3,0.000,0.000,0.000,0.000,0.000,0.000,0.000,0.000,0.000,0.000,3.223,0.000,53.755,0.044,5.226,7.804,1.501,0.000,26.773,1.178,0.000,0.496,0.000
Colo_rep9_Dep6_Tu30,0.000,0.000,0.000,0.000,0.000,9.513,0.000,0.000,0.000,0.000,1.334,0.000,31.848,43.635,7.199,0.000,0.000,4.023,0.000,0.014,1.358,1.075,0.000
Colo_rep9_Dep6_Tu0.5,0.000,0.000,0.000,0.000,0.000,0.000,0.000,0.000,0.000,0.000,2.339,0.000,55.954,1.386,1.033,32.554,0.000,0.000,0.000,2.173,3.903,0.657,0.000
Colo_rep6_Dep6_Tu20,0.000,0.000,0.000,0.000,0.000,6.823,0.000,0.000,0.000,0.000,0.888,0.000,38.907,2.917,12.760,0.000,0.000,0.354,18.035,15.675,3.140,0.000,0.500
Colo_rep8_Dep6_Tu30,0.000,0.000,0.000,0.000,0.000,11.567,0.000,0.000,0.000,0.000,0.190,0.000,31.938,0.000,10.469,0.000,0.000,0.000,7.871,32.362,5.602,0.000,0.000
Colo_rep3_Dep6_Tu5,0.000,0.000,0.000,0.000,0.000,0.000,0.000,0.000,0.000,0.000,0.772,0.000,54.169,7.197,3.193,25.548,0.000,0.000,0.000,0.000,5.737,3.383,0.000
Colo_rep4_Dep6_Tu3,0.000,0.000,0.000,0.000,0.000,0.000,0.000,0.000,0.000,0.000,2.960,0.000,52.974,2.910,0.499,1.436,2.642,0.000,0.000,0.000,26.897,7.244,2.437
Colo_rep2_Dep6_Tu10,0.000,0.000,0.000,0.000,0.000,1.163,0.000,0.000,0.000,0.000,1.138,0.000,47.843,4.644,4.292,18.774,0.000,0.000,2.698,15.879,3.568,0.000,0.000
Colo_rep3_Dep6_Tu40,0.000,0.000,0.000,0.000,0.000,18.691,0.000,0.000,0.000,0.000,0.446,0.000,24.689,34.339,11.551,0.000,3.282,5.495,0.529,0.000,0.976,0.000,0.000
Colo_rep3_Dep6_Tu30,0.000,0.000,0.000,0.000,0.000,11.852,0.000,0.000,0.000,0.000,1.783,0.000,33.842,0.000,7.932,0.000,1.253,0.000,0.626,41.015,1.696,0.000,0.000
Colo_rep6_Dep6_Tu30,0.000,0.000,0.000,0.000,0.000,11.108,0.000,0.000,0.000,0.000,0.692,0.000,32.458,0.000,6.512,0.000,0.000,0.842,0.000,0.000,0.307,2.034,46.046
Colo_rep4_Dep6_Tu50,0.000,0.000,0.000,0.000,0.030,28.954,0.000,0.000,0.000,0.000,0.364,0.000,18.061,3.235,27.795,0.000,0.000,3.124,0.000,18.437,0.000,0.000,0.000
Colo_rep5_Dep6_Tu50,0.000,0.000,0.000,0.000,0.000,24.087,0.000,0.000,0.000,0.000,0.264,0.000,17.342,22.678,12.599,0.000,0.000,0.000,0.000,22.024,1.005,0.000,0.000
Colo_rep6_Dep6_Tu2,0.000,0.000,0.000,0.000,0.000,0.000,0.000,0.000,0.000,0.000,2.273,0.000,56.025,2.552,3.636,2.539,0.902,0.000,0.000,0.631,0.797,30.644,0.000
Colo_rep10_Dep6_Tu50,0.000,0.000,0.000,0.000,0.064,26.305,0.000,0.000,0.000,0.000,0.084,0.000,17.936,22.137,31.866,0.000,0.000,0.000,1.526,0.000,0.000,0.081,0.000
Colo_rep7_Dep6_Tu50,0.000,0.000,0.000,0.000,0.000,28.208,0.000,0.000,0.000,0.000,0.541,0.000,19.540,4.918,14.877,0.000,0.000,0.000,0.000,30.751,1.163,0.000,0.000
Colo_rep9_Dep6_Tu40,0.000,0.000,0.000,0.000,0.000,15.650,0.000,0.000,0.000,0.000,0.381,0.000,25.082,48.732,5.012,0.000,0.000,1.128,1.637,2.377,0.000,0.000,0.000
Colo_rep8_Dep6_Tu5,0.000,0.000,0.000,0.000,0.000,0.000,0.000,0.000,0.000,0.000,1.794,0.000,53.037,3.347,3.399,0.000,13.882,2.819,0.000,0.000,0.071,21.650,0.000
Colo_rep1_Dep6_Tu20,0.000,0.000,0.000,0.000,0.000,11.948,0.000,0.000,0.000,0.000,0.967,0.000,40.670,2.635,4.500,2.289,26.563,0.190,0.000,0.000,0.861,0.000,9.375
Colo_rep9_Dep6_Tu2,0.000,0.000,0.000,0.000,0.000,0.000,0.000,0.000,0.000,0.000,3.375,0.000,56.491,0.000,3.372,27.416,0.000,0.439,1.644,3.685,3.578,0.000,0.000
Colo_rep5_Dep6_Tu30,0.000,0.000,0.000,0.000,0.073,10.995,0.000,0.000,0.000,0.000,0.953,0.000,30.531,0.000,31.248,0.000,0.559,0.000,2.184,19.513,0.173,3.770,0.000
Colo_rep4_Dep6_Tu0.1,0.000,0.000,0.000,0.000,0.000,0.000,0.000,0.000,0.000,0.000,2.570,0.000,53.932,0.000,2.990,9.285,0.000,0.000,19.321,0.000,0.000,11.901,0.000
Colo_rep5_Dep6_Tu0.1,0.000,0.000,0.000,0.000,0.000,0.000,0.000,0.000,0.000,0.000,3.244,0.000,53.214,0.000,1.471,4.828,0.000,4.999,19.579,1.454,10.899,0.000,0.311
Colo_rep9_Dep6_Tu3,0.000,0.000,0.000,0.000,0.000,0.000,0.000,0.000,0.000,0.000,2.195,0.000,52.719,0.845,1.826,0.000,0.517,37.870,0.000,1.629,2.398,0.000,0.000
Colo_rep2_Dep6_Tu0.1,0.000,0.000,0.000,0.000,0.000,0.000,0.000,0.000,0.000,0.000,2.005,0.000,54.083,0.000,1.405,0.000,9.921,9.675,0.000,0.632,22.091,0.000,0.187
Colo_rep8_Dep6_Tu10,0.000,0.000,0.000,0.000,0.000,1.113,0.000,0.000,0.000,0.000,2.349,0.000,46.411,17.094,7.580,0.000,8.658,4.511,0.000,0.000,0.000,12.283,0.000
Colo_rep4_Dep6_Tu30,0.000,0.000,0.000,0.000,0.000,9.718,0.000,0.000,0.000,0.000,0.491,0.000,31.290,1.818,9.597,0.000,0.000,0.000,0.000,44.298,2.786,0.000,0.000
Colo_rep2_Dep6_Tu2,0.000,0.000,0.000,0.000,0.000,0.000,0.000,0.000,0.000,0.000,2.951,0.000,52.882,0.000,3.533,15.048,0.320,0.000,9.904,0.000,0.000,13.366,1.996
Colo_rep1_Dep6_Tu5,0.000,0.000,0.000,0.002,0.000,0.000,0.000,0.000,0.000,0.000,1.366,0.000,50.618,0.721,3.131,5.925,0.000,0.000,22.428,2.189,1.977,11.643,0.000
Colo_rep8_Dep6_Tu50,0.000,0.000,0.000,0.000,0.097,20.913,0.000,0.000,0.000,0.000,0.151,0.000,14.023,0.000,1.839,0.000,0.000,0.000,0.000,0.311,0.000,0.000,62.664
Colo_rep5_Dep6_Tu5,0.000,0.000,0.000,0.000,0.000,0.000,0.000,0.000,0.000,0.000,1.837,0.000,54.700,6.887,6.641,0.645,0.000,0.000,0.000,0.341,0.925,28.023,0.000
Colo_rep6_Dep6_Tu50,0.000,0.000,0.000,0.000,0.292,29.367,0.000,0.000,0.000,0.000,0.341,0.000,18.711,20.714,16.403,0.000,9.654,0.160,0.000,4.356,0.000,0.000,0.000
Colo_rep5_Dep6_Tu0.5,0.000,0.000,0.000,0.000,0.000,0.000,0.000,0.000,0.000,0.000,3.783,0.000,55.522,0.770,2.996,0.000,0.252,6.249,16.790,0.000,12.532,1.104,0.000
Colo_rep4_Dep6_Tu20,0.000,0.000,0.000,0.000,0.000,9.077,0.000,0.000,0.000,0.000,0.514,0.000,40.628,0.000,8.404,1.265,0.000,8.846,0.000,16.810,0.762,13.693,0.000
Colo_rep8_Dep6_Tu40,0.000,0.000,0.000,0.000,0.000,17.068,0.000,0.000,0.000,0.000,0.345,0.000,25.320,12.607,0.529,0.770,0.000,0.375,0.000,36.327,6.657,0.000,0.000
Colo_rep7_Dep6_Tu0.3,0.000,0.000,0.000,0.000,0.000,0.000,0.000,0.000,0.000,0.000,2.834,0.000,59.531,0.157,3.816,22.446,0.000,2.771,0.241,1.397,6.806,0.000,0.000
Colo_rep7_Dep6_Tu30,0.000,0.000,0.000,0.000,0.000,8.429,0.000,0.000,0.000,0.000,0.423,0.000,32.731,1.171,5.836,0.000,0.000,0.000,0.838,49.415,1.155,0.000,0.000
Colo_rep10_Dep6_Tu20,0.000,0.000,0.000,0.000,0.000,4.798,0.000,0.000,0.000,0.000,1.507,0.000,39.767,24.461,16.850,0.000,0.000,0.000,3.021,0.000,0.183,9.412,0.000
Colo_rep9_Dep6_Tu10,0.000,0.000,0.000,0.000,0.000,2.988,0.000,0.000,0.000,0.000,2.680,0.000,47.800,8.319,3.080,0.000,8.658,21.284,0.000,3.214,1.976,0.000,0.000
Colo_rep9_Dep6_Tu0.1,0.000,0.000,0.000,0.000,0.000,0.000,0.000,0.000,0.000,0.000,2.220,0.000,56.822,0.462,4.582,8.195,0.000,0.000,1.558,0.156,0.000,26.003,0.000
Colo_rep10_Dep6_Tu0.3,0.000,0.000,0.000,0.000,0.000,0.000,0.000,0.000,0.000,0.000,2.104,0.000,56.974,0.000,3.123,3.020,6.399,0.000,0.000,0.483,0.161,27.735,0.000
Colo_rep8_Dep6_Tu20,0.000,0.000,0.000,0.000,0.000,7.517,0.000,0.000,0.000,0.000,0.544,0.000,38.031,0.000,13.025,0.000,3.907,22.277,0.000,14.696,0.000,0.000,0.000
Colo_rep3_Dep6_Tu3,0.000,0.000,0.000,0.000,0.000,0.000,0.000,0.000,0.000,0.000,1.683,0.000,52.205,0.000,4.462,2.565,0.000,9.939,18.466,0.000,10.279,0.400,0.000
Colo_rep4_Dep6_Tu2,0.000,0.000,0.000,0.000,0.000,0.000,0.000,0.000,0.000,0.000,2.742,0.000,53.903,0.766,1.984,0.000,17.623,6.577,0.000,1.591,14.804,0.009,0.000
Colo_rep10_Dep6_Tu0.1,0.000,0.000,0.000,0.000,0.000,0.000,0.000,0.000,0.000,0.000,3.156,0.000,54.791,0.000,4.566,0.000,25.714,2.532,0.000,0.000,0.373,8.867,0.000
Colo_rep4_Dep6_Tu0.3,0.000,0.000,0.000,0.000,0.000,0.000,0.000,0.000,0.000,0.000,3.211,0.000,56.772,0.000,4.193,18.921,4.897,10.978,0.000,0.000,0.522,0.000,0.504
Colo_rep9_Dep6_Tu0.3,0.000,0.000,0.000,0.000,0.000,0.000,0.000,0.000,0.000,0.000,3.181,0.000,55.225,0.000,1.888,33.476,0.000,0.000,0.000,2.916,2.685,0.627,0.000
Colo_rep1_Dep6_Tu10,0.000,0.000,0.000,0.000,0.000,3.517,0.000,0.000,0.000,0.000,1.193,0.000,44.790,1.997,6.629,0.000,29.886,4.276,1.399,0.000,0.072,6.239,0.000
Colo_rep6_Dep6_Tu0.3,0.000,0.000,0.000,0.000,0.000,0.000,0.000,0.000,0.000,0.000,3.282,0.000,52.593,0.079,1.437,1.082,0.000,38.977,0.000,0.296,1.166,1.087,0.000
Colo_rep6_Dep6_Tu0.5,0.000,0.000,0.000,0.000,0.000,0.000,0.000,0.000,0.000,0.000,2.271,0.000,54.043,0.437,1.557,0.000,19.627,0.000,2.440,0.028,1.499,17.901,0.196
Colo_rep10_Dep6_Tu10,0.000,0.000,0.000,0.003,0.000,2.086,0.000,0.000,0.000,0.000,1.421,0.000,49.824,0.000,33.653,4.964,0.000,0.000,3.846,1.811,2.389,0.000,0.000
Colo_rep10_Dep6_Tu1,0.000,0.000,0.000,0.000,0.000,0.000,0.000,0.000,0.000,0.000,2.271,0.000,54.719,0.000,7.846,7.586,0.000,0.000,2.774,0.000,0.000,24.803,0.000
Colo_rep10_Dep6_Tu5,0.000,0.000,0.000,0.000,0.000,0.000,0.000,0.000,0.000,0.000,2.377,0.000,50.340,1.093,2.831,0.000,10.002,6.752,0.000,0.000,23.997,0.000,2.607
Colo_rep10_Dep6_Tu40,0.000,0.000,0.000,0.000,0.219,15.702,0.000,0.000,0.000,0.000,0.097,0.000,23.786,0.000,4.867,0.000,0.000,0.000,0.000,45.261,1.707,0.000,8.359
Colo_rep10_Dep6_Tu0.5,0.000,0.000,0.000,0.000,0.000,0.000,0.000,0.000,0.000,0.000,1.701,0.000,53.157,0.311,1.430,0.000,31.204,2.420,0.000,0.000,0.086,9.040,0.651
Colo_rep1_Dep6_Tu1,0.000,0.000,0.000,0.000,0.000,0.000,0.000,0.000,0.000,0.000,3.303,0.000,53.726,0.000,1.692,0.331,20.771,1.496,2.212,0.000,0.759,15.447,0.262
Colo_rep7_Dep6_Tu20,0.000,0.000,0.000,0.000,0.000,3.813,0.000,0.000,0.000,0.000,1.214,0.000,42.270,22.091,3.276,0.000,0.000,0.000,0.000,24.961,2.375,0.000,0.000
Colo_rep6_Dep6_Tu10,0.000,0.000,0.000,0.000,0.000,3.017,0.000,0.000,0.000,0.000,1.019,0.000,47.618,10.379,2.166,2.439,9.259,8.994,1.005,0.412,13.691,0.000,0.000
Colo_rep10_Dep6_Tu3,0.000,0.000,0.000,0.000,0.000,0.000,0.000,0.000,0.000,0.000,2.106,0.000,53.927,2.025,1.887,34.983,0.000,0.000,0.000,0.000,4.929,0.142,0.000
Colo_rep1_Dep6_Tu30,0.000,0.000,0.000,0.006,0.000,11.299,0.000,0.000,0.000,0.000,0.305,0.000,33.606,0.296,10.485,0.000,0.000,0.241,1.712,40.030,2.018,0.000,0.000
Colo_rep1_Dep6_Tu0.1,0.000,0.000,0.000,0.000,0.000,0.000,0.000,0.000,0.000,0.000,2.770,0.000,53.489,0.000,2.755,20.118,0.000,5.294,10.814,0.000,4.759,0.000,0.000
Colo_rep7_Dep6_Tu5,0.000,0.000,0.000,0.000,0.000,0.000,0.000,0.000,0.000,0.000,3.476,0.000,50.487,1.382,9.873,13.302,0.000,0.000,8.600,0.000,0.000,12.879,0.000
Colo_rep7_Dep6_Tu0.1,0.000,0.000,0.000,0.000,0.000,0.000,0.000,0.000,0.000,0.000,2.279,0.000,57.204,0.000,1.776,31.059,0.000,0.000,0.555,1.871,4.828,0.426,0.000
Colo_rep6_Dep6_Tu40,0.000,0.000,0.000,0.000,0.000,19.463,0.000,0.000,0.000,0.000,0.533,0.000,25.691,0.000,15.457,0.000,0.000,2.164,0.000,36.275,0.314,0.101,0.000
Colo_rep8_Dep6_Tu2,0.000,0.000,0.000,0.000,0.000,0.000,0.000,0.000,0.000,0.000,4.553,0.000,54.597,0.318,3.815,0.457,0.000,31.437,0.525,0.000,0.773,0.000,3.524
Colo_rep7_Dep6_Tu0.5,0.000,0.000,0.000,0.000,0.000,0.000,0.000,0.000,0.000,0.000,1.881,0.000,55.847,0.000,5.478,12.482,0.354,0.000,23.083,0.000,0.874,0.000,0.000
Colo_rep5_Dep6_Tu20,0.000,0.000,0.000,0.000,0.000,8.574,0.000,0.000,0.000,0.000,0.922,0.000,37.285,0.000,34.992,0.000,11.609,2.914,0.000,0.000,0.654,3.048,0.000
Colo_rep8_Dep6_Tu0.3,0.000,0.000,0.000,0.000,0.000,0.000,0.000,0.000,0.000,0.000,3.185,0.000,55.219,0.000,1.909,33.489,0.000,0.000,0.000,2.882,2.701,0.614,0.000
Colo_rep4_Dep6_Tu5,0.000,0.000,0.000,0.000,0.000,0.000,0.000,0.000,0.000,0.000,2.401,0.000,50.001,0.000,5.427,0.000,22.319,0.846,0.000,0.582,1.569,3.805,13.050
Colo_rep9_Dep6_Tu1,0.000,0.000,0.000,0.000,0.000,0.000,0.000,0.000,0.000,0.000,3.709,0.000,51.538,0.000,1.844,4.323,0.000,2.261,21.775,1.025,13.523,0.000,0.000
Colo_rep1_Dep6_Tu0.5,0.000,0.000,0.000,0.000,0.000,0.000,0.000,0.000,0.000,0.000,4.061,0.000,60.565,0.000,10.017,0.000,0.000,0.000,0.000,2.233,1.796,21.326,0.000
Colo_rep8_Dep6_Tu3,0.000,0.000,0.000,0.000,0.000,0.000,0.000,0.000,0.000,0.000,1.604,0.000,53.606,2.529,1.491,0.000,0.000,9.513,0.041,0.000,29.931,1.284,0.000
Colo_rep5_Dep6_Tu0.3,0.000,0.000,0.000,0.000,0.000,0.000,0.000,0.000,0.000,0.000,3.588,0.000,54.715,0.000,1.910,0.111,23.130,0.225,0.132,0.000,0.594,8.827,6.767
Colo_rep2_Dep6_Tu30,0.000,0.000,0.000,0.000,0.000,9.336,0.000,0.000,0.000,0.000,0.617,0.000,32.955,0.000,4.943,0.000,0.000,0.000,0.656,51.109,0.382,0.000,0.000
Colo_rep7_Dep6_Tu10,0.000,0.000,0.000,0.000,0.000,2.089,0.000,0.000,0.000,0.000,0.909,0.000,47.389,3.316,1.368,25.424,0.000,0.089,0.000,13.706,4.700,1.008,0.000
Colo_rep2_Dep6_Tu40,0.000,0.000,0.000,0.000,0.000,22.113,0.000,0.000,0.000,0.000,1.328,0.000,24.104,3.709,42.043,0.000,0.482,4.501,1.718,0.000,0.000,0.000,0.000
Colo_rep3_Dep6_Tu0.1,0.000,0.000,0.000,0.000,0.000,0.000,0.000,0.000,0.000,0.000,2.915,0.000,57.638,0.000,2.149,0.000,11.547,22.557,0.000,0.092,3.100,0.000,0.000
Colo_rep3_Dep6_Tu1,0.000,0.000,0.000,0.000,0.000,0.000,0.000,0.000,0.000,0.000,2.673,0.000,56.932,0.000,2.015,3.286,4.078,30.312,0.069,0.000,0.633,0.000,0.000
Colo_rep8_Dep6_Tu1,0.000,0.000,0.000,0.000,0.000,0.000,0.000,0.000,0.000,0.000,3.653,0.000,55.829,0.180,2.416,8.205,12.916,15.206,0.000,0.000,0.000,0.000,1.594
Colo_rep4_Dep6_Tu1,0.000,0.000,0.000,0.000,0.000,0.000,0.000,0.000,0.000,0.000,2.173,0.000,53.878,0.163,2.738,0.000,31.082,1.344,0.000,0.000,0.000,8.622,0.000
Colo_rep5_Dep6_Tu40,0.000,0.000,0.000,0.000,0.032,19.529,0.000,0.000,0.000,0.000,0.622,0.000,24.049,14.639,6.798,0.000,0.917,3.518,1.573,23.167,0.013,5.143,0.000
Colo_rep5_Dep6_Tu10,0.000,0.000,0.000,0.000,0.000,3.434,0.000,0.000,0.000,0.000,1.805,0.000,48.102,3.318,8.776,0.010,0.000,27.732,0.000,1.457,5.364,0.000,0.000
Colo_rep2_Dep6_Tu0.3,0.000,0.000,0.000,0.000,0.000,0.000,0.000,0.000,0.000,0.000,1.641,0.000,55.433,0.430,1.549,0.605,0.000,8.424,0.080,0.036,29.156,2.645,0.000
Colo_rep10_Dep6_Tu30,0.000,0.000,0.000,0.010,0.000,10.741,0.000,0.000,0.000,0.000,0.607,0.000,31.939,2.858,2.856,0.000,0.000,1.904,0.000,44.308,4.776,0.000,0.000
Colo_rep1_Dep6_Tu40,0.000,0.000,0.000,0.000,0.137,18.286,0.000,0.000,0.000,0.000,0.525,0.000,24.396,21.537,4.559,0.000,0.438,0.686,0.000,20.555,8.880,0.000,0.000
Colo_rep6_Dep6_Tu0.1,0.000,0.000,0.000,0.000,0.000,0.000,0.000,0.000,0.000,0.000,2.781,0.000,53.787,0.000,3.442,11.800,0.341,0.000,20.837,0.000,0.000,7.011,0.000
Colo_rep7_Dep6_Tu40,0.000,0.000,0.000,0.000,0.000,16.625,0.000,0.000,0.000,0.000,0.741,0.000,25.570,42.384,4.386,0.000,0.000,0.000,0.000,3.753,3.012,0.000,3.527
Colo_rep1_Dep6_Tu50,0.000,0.000,0.000,0.000,0.081,27.713,0.000,0.000,0.000,0.000,0.076,0.000,19.395,20.076,10.720,0.000,0.000,6.018,0.081,15.662,0.177,0.000,0.000
Colo_rep1_Dep6_Tu0.3,0.000,0.000,0.000,0.000,0.000,0.000,0.000,0.000,0.000,0.000,2.535,0.000,51.829,0.022,4.593,14.374,2.118,0.364,23.022,0.187,0.000,0.706,0.249
Colo_rep9_Dep6_Tu20,0.000,0.000,0.000,0.000,0.000,7.591,0.000,0.000,0.000,0.000,1.094,0.000,43.256,2.678,38.898,0.000,2.150,1.719,0.000,0.000,0.858,1.756,0.000
Colo_rep4_Dep6_Tu10,0.000,0.000,0.000,0.000,0.000,1.656,0.000,0.000,0.000,0.000,2.039,0.000,50.564,1.069,8.651,15.403,0.000,0.569,0.000,14.163,5.883,0.000,0.000
Colo_rep6_Dep6_Tu5,0.000,0.000,0.000,0.000,0.000,0.000,0.000,0.000,0.000,0.000,2.156,0.000,49.931,0.936,4.299,6.270,0.000,0.000,10.505,0.982,1.648,23.270,0.000
Colo_rep9_Dep6_Tu5,0.000,0.000,0.000,0.000,0.000,0.000,0.000,0.000,0.000,0.000,2.582,0.000,48.884,2.490,6.538,11.303,24.536,0.000,1.259,0.707,1.700,0.000,0.000
Colo_rep3_Dep6_Tu50,0.000,0.000,0.000,0.000,0.259,27.112,0.000,0.000,0.000,0.000,0.103,0.000,18.666,2.577,25.533,0.000,0.000,0.000,0.000,25.749,0.000,0.000,0.000
Colo_rep5_Dep6_Tu1,0.000,0.000,0.000,0.000,0.000,0.000,0.000,0.000,0.000,0.000,2.707,0.000,51.918,0.575,3.377,12.760,24.213,0.000,0.795,0.317,1.219,2.119,0.000
Colo_rep5_Dep6_Tu3,0.000,0.000,0.000,0.000,0.000,0.000,0.000,0.000,0.000,0.000,1.794,0.000,55.195,3.213,2.571,26.232,0.000,0.000,0.000,3.907,7.087,0.000,0.000
Colo_rep2_Dep6_Tu1,0.000,0.000,0.000,0.000,0.000,0.000,0.000,0.000,0.000,0.000,8.886,0.000,53.895,0.852,3.261,11.519,0.000,3.363,11.754,0.915,5.554,0.000,0.000
Colo_rep7_Dep6_Tu1,0.000,0.000,0.000,0.000,0.000,0.000,0.000,0.000,0.000,0.000,5.312,0.000,54.190,0.318,2.275,24.311,0.000,4.967,0.000,0.000,6.387,2.241,0.000
Colo_rep5_Dep6_Tu2,0.000,0.000,0.000,0.000,0.000,0.000,0.000,0.000,0.000,0.000,1.466,0.000,53.308,2.363,2.342,7.623,25.096,0.000,0.000,0.000,0.532,7.269,0.000
Colo_rep4_Dep6_Tu40,0.000,0.000,0.000,0.000,0.005,15.306,0.000,0.000,0.000,0.000,0.044,0.000,23.876,1.462,5.131,0.000,0.000,0.000,0.463,53.437,0.274,0.000,0.000
Colo_rep2_Dep6_Tu20,0.000,0.000,0.000,0.000,0.000,8.898,0.000,0.000,0.000,0.000,0.574,0.000,39.098,0.000,9.485,0.000,0.000,0.639,29.809,11.443,0.028,0.026,0.000
Colo_rep4_Dep6_Tu0.5,0.000,0.000,0.000,0.000,0.000,0.000,0.000,0.000,0.000,0.000,2.298,0.000,54.555,0.103,2.399,0.000,26.830,3.248,0.581,0.000,0.000,8.732,1.252
Colo_rep2_Dep6_Tu5,0.000,0.000,0.000,0.000,0.000,0.000,0.000,0.000,0.000,0.000,1.034,0.000,53.601,2.929,0.501,0.000,0.000,6.220,0.000,1.013,30.841,3.859,0.000
Colo_rep2_Dep6_Tu3,0.000,0.000,0.000,0.000,0.000,0.000,0.000,0.000,0.000,0.000,7.112,0.000,52.838,0.590,4.104,6.201,0.000,0.000,14.359,2.952,11.843,0.000,0.000
Colo_rep3_Dep6_Tu10,0.000,0.000,0.000,0.006,0.000,3.386,0.000,0.000,0.000,0.000,2.066,0.000,46.800,1.684,12.479,4.358,0.000,0.288,19.325,0.000,0.300,9.308,0.000
Colo_rep8_Dep6_Tu0.5,0.000,0.000,0.000,0.000,0.000,0.000,0.000,0.000,0.000,0.000,1.532,0.000,55.874,0.000,2.484,4.470,0.000,0.000,34.691,0.000,0.878,0.070,0.000
Colo_rep7_Dep6_Tu3,0.000,0.000,0.000,0.000,0.000,0.000,0.000,0.000,0.000,0.000,2.109,0.000,53.161,2.568,3.296,1.973,25.453,0.000,0.000,0.000,1.244,10.196,0.000
Colo_rep3_Dep6_Tu0.5,0.000,0.000,0.000,0.000,0.000,0.000,0.000,0.000,0.000,0.000,3.240,0.000,52.600,0.253,1.269,1.065,0.204,38.791,0.063,0.017,1.372,1.125,0.000
Colo_rep3_Dep6_Tu20,0.000,0.000,0.000,0.000,0.000,4.888,0.000,0.000,0.000,0.000,0.965,0.000,40.912,0.000,2.439,5.795,0.000,0.000,0.000,40.613,4.386,0.000,0.000
Colo_rep1_Dep6_Tu2,0.000,0.000,0.000,0.000,0.000,0.000,0.000,0.000,0.000,0.000,2.085,0.000,51.608,0.000,2.815,3.580,0.000,1.413,22.870,1.606,13.721,0.088,0.212
Colo_rep9_Dep6_Tu50,0.000,0.000,0.000,0.000,0.015,21.779,0.000,0.000,0.000,0.000,0.000,0.000,19.803,53.744,3.142,0.000,0.000,0.024,0.000,0.000,1.491,0.000,0.000
Colo_rep3_Dep6_Tu0.3,0.000,0.000,0.000,0.000,0.000,0.000,0.000,0.000,0.000,0.000,1.571,0.000,55.916,0.000,2.241,4.600,0.000,0.000,34.741,0.086,0.842,0.000,0.000
Colo_rep1_Dep6_Tu3,0.000,0.000,0.000,0.000,0.000,0.000,0.000,0.000,0.000,0.000,2.939,0.000,53.095,0.000,5.168,9.385,0.544,0.000,28.192,0.674,0.000,0.000,0.000
