Sample,BRCA,CEAD,CESC,COAD,OV,READ,bcell,cd4tcell,cd8tcell,erythroblast,monocyte,naturalkillercell,neutrophil,Unknown-1,Unknown-2,Unknown-3,Unknown-4,Unknown-5,Unknown-6,Unknown-7,Unknown-8,Unknown-9,Unknown-10
Breast-GC1002975,1.703,5.956,2.444,0.236,7.248,1.708,1.918,4.676,1.821,6.536,1.725,4.727,9.086,0.792,11.003,9.315,4.724,9.424,4.317,5.081,2.030,2.982,0.546
Breast-GC1002976,0.425,9.214,2.683,0.759,10.323,6.153,3.122,3.470,3.942,0.664,2.309,4.936,11.729,8.684,0.006,7.179,9.237,7.145,1.973,0.738,1.173,0.733,3.402
Breast-GC1002977,0.601,0.861,1.391,0.001,3.238,0.615,4.111,2.476,2.513,0.664,3.763,11.188,9.586,7.309,0.079,3.881,12.720,0.030,2.784,20.729,0.202,2.172,9.089
Breast-GC1002978,2.567,8.358,3.198,0.246,7.572,1.961,5.715,5.702,1.570,2.560,6.072,2.934,6.068,8.878,6.516,7.537,1.299,9.439,0.892,0.129,0.980,7.070,2.738
Breast-GC1002979,3.722,3.931,4.177,1.097,5.564,1.483,3.280,0.609,8.257,0.173,7.540,1.553,12.498,8.397,3.587,4.797,7.033,0.281,5.125,9.885,1.891,4.734,0.385
Breast-GC1002980,0.614,7.907,2.881,0.114,7.620,0.910,4.379,3.918,1.357,4.870,6.966,5.481,7.786,2.689,14.005,4.262,3.136,4.052,2.876,7.611,4.877,0.421,1.270
Breast-GC1002981,1.539,4.188,3.632,0.097,6.462,1.804,2.403,3.005,5.585,3.749,9.284,1.465,8.373,9.269,2.086,6.995,6.129,6.597,9.120,3.062,0.656,2.571,1.926
Breast-GC1003967,2.742,6.050,1.383,0.265,3.753,3.526,4.050,6.027,5.822,1.755,7.597,5.288,3.074,4.362,4.217,2.897,4.296,5.363,4.990,4.407,4.681,7.015,6.438
Breast-GC1003968,4.744,5.739,4.871,0.799,0.869,4.535,3.929,5.380,4.497,8.577,3.181,1.022,1.620,5.595,8.367,8.914,1.254,1.616,6.515,3.957,0.532,9.638,3.846
Breast-GC1003970,1.517,2.073,2.646,0.164,7.065,2.067,5.256,6.124,1.672,1.885,22.122,3.258,1.558,7.109,0.676,0.439,2.558,2.945,7.743,8.349,2.900,2.495,7.379
Breast-GC1003971,2.794,6.670,7.419,0.660,1.106,3.142,6.702,4.679,3.272,2.160,11.440,8.769,2.744,1.808,0.879,8.099,2.062,8.456,1.609,1.300,6.854,4.543,2.831
Breast-GC1003972,0.766,4.101,5.292,1.246,6.741,2.895,2.639,4.922,5.103,7.212,8.490,5.858,3.442,4.292,8.192,4.713,2.580,2.421,2.127,0.658,2.378,4.868,9.065
Breast-GC1003974,1.757,3.567,4.286,1.448,0.709,2.040,1.745,3.044,3.932,1.734,2.725,2.816,13.323,1.573,6.371,13.894,7.878,3.255,1.833,5.454,0.625,9.550,6.442
Breast-GC1002311,1.961,8.111,2.964,0.113,3.373,1.805,3.792,1.414,2.213,6.981,7.994,5.551,5.640,5.676,5.935,7.044,5.023,7.991,4.544,3.427,4.074,0.474,3.900
Breast-GC1004006,1.848,7.033,4.109,0.097,1.586,2.858,4.895,7.834,2.987,3.930,10.172,1.889,6.386,7.554,7.200,7.514,3.582,1.025,4.864,7.395,1.935,2.001,1.307
Breast-GC1004007,3.084,10.828,2.234,0.307,5.294,4.128,4.741,8.285,1.579,3.922,1.793,7.257,3.804,4.965,2.897,2.239,2.539,7.278,4.631,5.449,1.664,3.793,7.289
Breast-GC1004008,0.387,1.656,3.192,0.578,7.496,1.481,5.257,5.440,3.324,1.265,0.210,3.808,14.654,3.723,7.570,3.003,0.754,2.998,5.103,9.749,3.978,5.055,9.318
Breast-GC1004009,1.874,0.637,1.656,0.609,7.993,3.592,1.561,2.371,3.633,4.841,4.890,1.279,21.052,2.198,1.283,10.640,11.803,8.787,2.834,0.633,2.347,0.018,3.470
Breast-GC110693,1.459,0.394,2.635,0.624,5.378,4.563,2.794,3.256,1.997,3.672,5.943,4.361,6.122,11.487,4.280,2.107,2.883,1.542,0.484,12.295,4.361,12.440,4.925
Breast-GC110694,2.173,5.418,3.527,0.165,6.304,2.178,2.429,4.671,5.932,3.180,4.662,4.024,8.886,0.611,7.684,2.907,2.021,9.178,3.726,9.780,2.395,2.847,5.300
Breast-GC110695,3.352,0.087,3.270,0.204,10.911,6.266,2.416,1.621,8.408,4.945,6.866,6.200,4.048,3.562,5.988,7.556,3.761,0.682,4.474,2.884,5.850,0.114,6.536
Breast-GC110696,1.612,6.639,5.494,0.226,7.618,1.742,1.041,5.173,1.932,6.400,9.495,6.324,4.813,5.522,3.152,3.639,1.520,0.106,6.694,5.961,0.987,4.059,9.851
Breast-GC116960,2.646,4.187,1.598,0.644,3.717,2.652,4.624,5.735,5.769,5.341,9.240,5.371,3.830,5.713,3.896,1.165,5.838,4.834,2.918,5.037,5.621,4.101,5.523
Breast-GC116963,1.194,1.586,1.626,0.245,5.088,0.542,2.451,1.293,4.276,1.069,1.547,2.162,32.160,5.199,2.428,3.567,3.100,0.674,10.498,5.697,2.684,4.517,6.396
Breast-GC116964,0.917,4.229,2.936,0.156,3.350,8.134,2.926,3.195,2.802,6.426,12.358,8.245,2.448,8.966,1.454,0.081,3.347,0.627,4.613,1.881,3.386,10.604,6.918
Breast-GC116965,1.860,5.141,6.842,0.160,4.764,3.227,3.070,9.899,0.412,11.982,2.861,7.061,2.131,5.423,5.875,3.756,4.591,4.654,1.524,0.647,0.963,6.925,6.231
Breast-GC116966,1.615,2.733,3.325,0.085,4.512,1.912,6.654,6.472,4.530,11.124,4.836,5.130,1.714,4.936,6.850,0.285,7.129,5.375,0.792,2.891,8.566,0.806,7.726
Breast-GC116967,2.688,7.876,1.975,0.282,7.033,4.736,3.116,1.577,9.787,2.110,2.174,4.379,2.521,8.196,13.520,0.823,1.864,5.144,6.372,1.501,3.204,5.114,4.009
Breast-GC116968,1.249,2.324,4.777,0.551,5.158,1.327,3.723,4.837,3.977,0.922,3.335,1.569,14.913,1.378,4.614,6.325,5.622,2.374,10.519,3.743,0.680,10.575,5.508
Breast-GC116969,1.139,3.731,4.156,0.139,2.359,1.487,0.408,3.667,3.826,4.177,1.080,3.320,17.430,2.588,3.841,6.231,0.646,0.850,5.764,12.044,10.398,10.639,0.082
Breast-GC116970,2.490,6.641,2.977,0.538,0.517,2.812,5.085,2.797,6.227,5.010,6.642,0.361,5.382,13.517,8.765,3.338,1.678,0.292,1.448,10.868,6.716,4.182,1.717
Breast-GC116971,1.044,8.308,5.478,0.540,5.237,1.246,5.641,9.312,4.736,3.678,2.744,3.631,2.535,4.927,5.335,5.661,5.186,5.574,3.155,1.561,3.495,4.707,6.271
Breast-GC110676,0.945,0.374,4.718,0.576,6.897,2.638,4.384,6.531,0.825,5.179,5.696,5.644,2.316,6.956,0.362,4.744,6.713,6.606,5.433,1.965,8.293,5.458,6.745
Breast-GC110678,1.089,5.749,6.401,1.348,5.332,2.299,2.406,9.855,0.115,4.722,13.137,4.586,4.566,3.632,2.219,1.359,5.907,3.743,0.389,6.896,5.624,1.460,7.165
Breast-GC110679,12.662,6.479,1.208,2.079,6.688,2.755,5.705,2.516,3.027,4.215,6.411,4.974,3.986,7.895,4.244,0.062,7.105,1.767,3.957,0.774,1.560,7.800,2.131
Breast-GC110680,0.311,7.429,6.019,0.131,0.198,4.109,3.953,5.913,0.369,2.859,2.298,4.721,8.399,15.585,3.998,10.590,3.436,0.832,9.720,0.448,0.735,4.676,3.271
Breast-GC110681,7.990,0.652,5.179,0.053,2.359,20.923,3.800,1.437,0.837,3.752,1.904,5.011,5.426,2.047,4.757,1.537,10.089,1.995,0.318,3.102,3.672,11.306,1.854
Breast-GC110682,1.720,2.168,5.102,0.235,0.855,6.397,5.917,3.724,2.049,6.094,7.731,5.409,6.779,7.775,1.312,3.190,3.490,4.145,3.855,1.287,4.804,9.154,6.807
Breast-GC110683,4.436,2.645,1.429,0.402,8.162,7.144,3.677,0.545,5.112,5.787,4.193,5.720,3.118,11.484,3.410,1.195,3.348,7.195,5.974,3.594,3.159,3.652,4.619
Breast-GC110684,2.226,4.715,1.259,0.500,0.588,4.464,5.034,3.978,4.807,2.908,3.927,3.776,9.978,5.096,4.205,5.731,2.374,6.678,6.719,2.955,5.182,6.734,6.164
Breast-GC110685,3.999,1.940,5.552,0.215,4.828,2.797,4.934,9.838,7.598,6.445,11.227,5.804,3.092,2.517,2.705,0.111,4.878,5.114,2.585,4.229,2.661,0.965,5.967
Ovarian-GC110686,1.984,1.500,1.649,0.733,5.219,0.775,3.624,12.428,6.289,14.749,5.049,3.177,2.229,0.987,11.629,2.042,1.970,0.666,9.020,0.955,3.725,1.513,8.087
Ovarian-GC114179,1.674,10.254,7.186,0.440,1.776,1.340,6.333,5.755,8.374,1.581,7.532,2.173,1.702,7.439,7.400,3.340,0.201,3.093,3.590,3.242,7.479,0.783,7.314
Ovarian-GC114180,0.607,6.447,5.788,0.618,5.407,0.529,6.606,15.216,5.331,0.212,8.840,2.793,4.600,2.443,7.238,0.287,6.203,4.007,4.586,1.717,3.515,0.899,6.111
Ovarian-GC114181,4.492,20.593,2.580,1.337,2.375,2.827,3.302,14.031,0.093,1.376,4.507,6.485,4.988,2.552,2.294,4.015,2.634,4.362,3.034,2.767,3.420,3.432,2.502
Ovarian-GC114182,11.198,6.993,5.163,0.734,3.967,14.903,3.069,2.306,1.118,1.272,4.213,3.506,1.765,2.142,1.606,6.525,6.908,4.449,7.188,3.670,1.767,1.975,3.563
Ovarian-GC116977,3.237,0.738,2.400,0.568,6.527,3.734,4.127,3.718,4.106,8.803,7.672,6.290,1.669,5.994,3.325,3.431,5.817,4.167,1.938,2.212,8.068,4.453,7.006
Ovarian-GC116979,4.896,8.404,4.601,0.816,13.354,0.531,6.244,0.237,7.993,0.683,4.361,2.465,0.278,0.520,2.900,5.242,0.644,0.646,5.242,10.487,6.368,8.051,5.037
Ovarian-GC116982,4.204,3.121,3.017,0.180,11.406,3.870,5.600,8.126,7.232,3.288,4.508,8.267,4.245,1.351,1.478,7.566,2.792,1.972,5.207,6.105,0.788,5.237,0.439
Ovarian-GC116990,0.611,7.128,4.506,0.772,4.276,2.583,3.565,3.622,3.027,5.956,5.013,2.129,7.608,4.687,8.580,6.603,2.382,1.477,3.202,6.872,0.211,10.548,4.643
Ovarian-GC119363,0.529,10.777,1.952,1.004,9.343,2.564,2.824,4.427,9.069,12.388,3.952,5.023,3.059,2.908,0.810,4.877,4.538,4.896,6.557,1.481,1.616,4.250,1.154
Ovarian-GC119364,0.984,5.260,4.831,0.335,2.661,0.940,6.158,0.112,8.727,7.732,7.840,3.034,8.976,0.648,0.578,3.362,2.887,5.620,9.421,1.332,6.489,5.638,6.434
Ovarian-GC119365,12.153,2.586,6.014,0.107,41.176,10.271,3.669,2.388,2.742,1.270,0.539,2.993,0.690,0.834,0.414,2.705,2.238,0.993,2.678,0.037,0.962,2.205,0.337
Ovarian-GC119366,4.881,5.022,7.447,1.206,9.062,1.602,1.943,18.997,2.760,10.015,5.525,5.845,1.870,0.378,3.661,1.990,1.470,7.131,1.034,0.247,0.814,0.605,6.495
Colorectal-GC121326,2.745,0.308,2.846,0.392,8.380,3.838,3.790,4.774,6.061,4.887,3.283,3.765,3.846,1.370,3.722,8.886,6.347,3.300,5.380,4.300,9.688,7.826,0.267
Colorectal-GC121327,5.826,0.642,7.537,15.308,2.954,0.135,2.857,1.830,15.609,3.799,10.320,3.740,2.946,1.070,0.210,3.428,0.521,7.152,5.554,1.635,2.694,2.721,1.515
Colorectal-GC121328,2.197,10.016,3.680,0.156,5.921,4.879,5.766,2.844,4.043,23.097,0.478,7.932,0.206,3.457,1.403,6.371,0.910,2.545,1.622,3.276,2.408,0.624,6.170
Colorectal-GC121329,3.043,7.828,5.003,0.722,2.349,22.943,5.959,14.777,3.276,13.921,1.787,4.458,0.198,0.983,2.101,1.789,1.592,2.487,1.145,1.138,1.418,1.052,0.031
Colorectal-GC121330,10.810,10.783,3.436,1.153,8.463,7.912,3.775,0.700,1.188,5.175,3.038,4.600,2.343,5.997,2.365,8.279,3.748,4.282,5.685,0.622,2.134,0.944,2.569
Colorectal-GC1003994,1.305,12.495,4.362,0.538,6.682,0.825,2.217,4.407,5.611,0.719,8.057,6.464,6.390,1.681,9.143,3.711,7.250,6.912,1.552,6.118,2.631,0.605,0.324
Colorectal-GC1003995,6.747,0.331,4.353,23.209,5.180,11.844,0.899,1.459,5.209,3.389,4.071,2.144,1.233,2.275,0.808,4.912,1.919,4.354,3.824,0.451,4.848,1.062,5.478
Colorectal-GC1003996,3.245,2.220,5.721,2.295,1.520,1.553,6.248,2.692,6.410,0.442,2.693,4.100,12.703,1.678,3.660,4.504,7.510,6.069,4.305,2.267,3.055,6.740,8.369
Colorectal-GC1003997,1.498,6.347,5.717,0.356,2.509,0.237,5.003,1.185,8.599,7.402,4.072,5.216,1.755,0.779,4.952,10.191,5.142,3.266,8.672,5.875,2.086,1.827,7.315
Colorectal-GC1003998,2.426,8.883,1.639,2.006,4.637,3.176,6.764,3.949,2.058,7.375,7.510,6.884,4.689,0.915,4.111,2.169,3.260,7.875,5.118,6.007,0.850,5.055,2.641
Colorectal-GC1003999,5.429,9.581,2.700,0.510,12.636,5.286,2.912,6.352,9.072,6.458,1.112,3.337,1.130,4.822,3.681,3.580,6.467,3.848,0.769,1.621,1.547,5.524,1.626
Colorectal-GC1004000,5.673,2.065,3.996,4.966,2.343,41.805,2.896,0.330,0.156,4.103,2.520,1.601,2.116,2.367,2.434,4.643,0.333,0.147,3.401,0.551,4.620,4.700,2.233
Colorectal-GC1004001,1.159,0.743,6.058,0.541,0.263,1.507,5.105,7.155,4.806,4.937,4.160,2.896,9.778,6.227,8.337,5.811,6.232,3.303,2.846,6.766,5.771,2.188,3.412
Colorectal-GC1004002,3.071,2.431,3.186,1.339,2.674,1.670,6.611,7.621,4.114,11.694,0.812,3.438,3.250,5.863,0.984,3.410,1.230,13.441,16.371,0.887,1.924,1.024,2.956
Colorectal-GC1004003,3.395,9.980,5.671,0.709,4.802,4.131,4.476,6.025,1.502,8.994,8.204,3.990,2.713,5.240,5.101,3.288,4.945,0.623,2.764,3.467,4.663,3.383,1.933
Colorectal-GC137538,2.675,6.186,6.363,0.191,2.826,7.505,6.271,1.484,6.399,0.073,12.522,9.899,3.394,3.359,1.395,0.167,7.384,2.766,0.836,6.276,4.498,6.304,1.229
Colorectal-GC137539,1.707,3.167,5.531,0.605,5.961,1.759,4.944,1.350,5.163,7.972,10.585,4.546,11.891,3.826,1.133,10.952,8.201,1.048,0.194,1.721,0.533,3.895,3.316
Colorectal-GC137540,1.201,2.891,3.455,0.179,5.240,1.314,3.786,4.725,8.727,9.019,3.935,5.190,3.054,0.041,5.127,16.058,5.924,3.599,0.594,5.397,4.545,2.145,3.853
Colorectal-GC137541,2.138,1.201,3.171,0.154,10.719,3.965,5.103,2.218,12.195,0.663,9.161,0.545,6.870,8.074,9.369,8.215,0.107,5.187,0.191,2.598,0.846,4.015,3.297
Colorectal-GC137542,0.706,3.523,4.541,0.485,0.971,1.671,1.612,9.257,7.836,9.459,5.823,5.318,5.140,8.248,8.042,0.062,6.413,3.596,0.989,5.781,8.943,0.499,1.086
Colorectal-GC137543,2.456,7.970,4.088,0.532,7.820,7.176,5.837,5.530,0.345,2.159,6.235,7.031,4.964,4.926,4.626,1.518,2.162,9.849,3.511,3.229,5.244,0.791,2.001
Colorectal-GC137544,1.055,6.371,2.752,0.233,6.448,1.209,5.459,1.145,7.428,7.369,0.709,5.265,5.825,2.134,4.713,4.318,7.757,4.933,2.597,5.406,7.499,4.245,5.131
Colorectal-GC137545,1.685,3.817,2.776,0.126,3.514,1.968,0.605,13.313,4.532,16.594,8.106,5.751,3.242,3.513,1.159,4.738,3.659,6.627,5.384,0.575,0.423,2.330,5.564
Colorectal-GC137546,1.702,6.624,4.882,0.142,0.082,1.633,5.093,4.531,6.426,3.553,5.948,5.513,8.620,0.055,5.023,7.267,3.616,0.552,5.423,6.000,5.028,7.806,4.482
Colorectal-GC137547,2.879,2.140,1.928,0.265,7.310,2.454,3.510,9.641,4.998,6.907,11.333,3.172,4.529,5.855,7.372,2.989,3.886,1.570,2.135,4.152,3.459,0.838,6.677
Colorectal-GC137548,0.181,2.559,3.784,0.296,2.414,2.199,0.874,3.671,4.318,0.686,3.898,4.520,19.266,7.589,3.828,1.248,9.663,1.045,8.617,5.417,10.102,3.494,0.331
Colorectal-GC137549,1.011,5.176,3.686,0.260,3.875,18.166,1.939,2.003,8.426,5.620,5.699,4.073,5.574,2.114,5.135,0.515,6.049,3.649,0.016,2.314,6.619,7.937,0.142
Colorectal-GC137550,1.943,5.423,5.691,0.146,4.377,2.923,8.098,3.041,7.347,5.450,2.539,1.966,7.630,7.984,3.799,2.559,7.243,3.459,5.234,6.088,0.303,1.969,4.790
Colorectal-GC137551,1.014,3.615,1.350,0.070,3.188,3.439,6.150,3.394,2.906,0.696,1.854,3.763,13.415,5.263,1.307,6.004,8.326,4.405,2.387,7.026,4.451,15.470,0.509
Colorectal-GC137552,1.368,5.560,5.636,0.228,5.997,3.527,2.421,6.014,1.429,4.146,5.475,5.475,1.709,5.863,4.730,6.626,4.961,1.045,4.247,3.216,4.350,5.647,10.330
Colorectal-GC137553,4.063,0.038,5.825,0.418,6.103,7.987,18.453,2.718,5.684,5.457,6.621,6.140,1.145,1.297,4.643,1.843,2.077,3.453,3.379,4.323,0.858,2.134,5.342
Colorectal-GC137554,4.313,6.066,3.143,0.469,2.289,8.849,4.742,3.178,4.282,3.119,6.544,7.980,4.357,3.212,2.288,3.396,9.230,8.458,0.068,0.941,2.814,2.235,8.028
Colorectal-GC137555,0.877,1.914,4.806,0.065,6.114,1.471,5.348,1.072,7.125,8.136,1.675,5.907,7.398,6.203,5.121,0.424,1.640,6.349,4.663,2.089,8.415,3.802,9.387
Colorectal-GC137556,0.527,6.580,2.809,0.138,2.435,3.177,5.071,5.131,0.204,6.720,5.802,6.037,6.124,1.759,5.539,2.957,0.052,10.822,2.836,4.309,11.931,4.968,4.073
Colorectal-GC137557,0.371,3.227,4.034,0.489,3.826,0.978,1.943,3.855,0.517,4.429,6.721,2.719,22.258,7.918,1.060,0.617,8.830,4.919,3.883,7.525,4.859,4.265,0.757
Cervical-GC1002983,2.321,2.057,5.394,0.224,2.779,6.131,5.659,6.025,0.727,0.788,4.822,1.805,12.159,6.868,4.303,1.857,4.661,2.286,5.387,7.649,2.512,6.583,7.003
Cervical-GC1002984,1.074,10.340,6.293,0.429,0.405,2.075,3.665,4.336,7.940,0.857,9.523,3.958,1.456,12.598,5.241,1.778,4.469,4.926,0.463,3.863,0.232,0.505,13.574
Cervical-GC114187,2.487,5.590,3.882,0.131,8.941,6.167,3.551,3.160,3.642,0.489,9.417,7.962,4.484,0.013,6.754,5.666,1.515,7.383,0.974,2.599,4.819,7.330,3.043
Cervical-GC114188,2.578,1.142,5.048,0.398,10.547,2.016,5.706,2.947,0.419,9.341,8.578,6.615,6.574,6.944,7.630,1.659,5.413,3.243,2.530,5.996,2.153,0.718,1.806
Control-GC1003986,1.218,4.489,2.527,0.348,6.395,1.515,5.057,0.710,0.689,0.084,2.959,5.299,11.706,4.038,4.606,2.084,2.688,5.495,14.044,2.541,3.167,14.462,3.877
Control-GC1003988,1.955,4.518,1.746,0.108,0.777,2.988,3.924,3.119,7.537,7.117,3.248,3.375,6.287,1.708,4.186,6.733,9.610,8.730,0.208,7.893,5.579,5.246,3.406
Control-GC110675,1.108,1.382,2.726,0.539,3.973,0.325,0.389,3.671,0.661,2.867,4.073,1.872,20.129,9.238,6.765,2.969,1.615,6.204,2.533,13.211,2.810,5.855,5.084
Control-GC112864,1.369,3.294,4.500,0.167,5.627,2.372,4.893,4.280,3.075,2.033,5.147,3.748,5.682,15.164,3.609,5.827,3.982,7.402,3.310,0.667,3.264,8.116,2.473
Control-GC112894,7.129,2.955,0.902,0.533,5.032,10.460,5.135,6.242,2.349,0.265,4.234,5.776,0.021,7.355,7.413,0.387,8.400,3.435,1.429,3.002,0.883,6.780,9.881
Control-GC112895,3.329,6.571,2.767,0.277,3.715,5.669,8.190,1.909,1.803,6.797,3.684,5.684,2.218,9.937,4.575,1.574,1.881,7.317,1.596,7.352,2.996,3.184,6.972
Control-GC112897,1.461,1.396,4.771,0.778,6.282,5.419,4.785,2.842,2.571,2.902,4.771,4.660,5.560,7.887,0.836,4.679,3.667,6.743,3.807,6.458,1.415,9.522,6.790
Control-GC119350,1.502,3.633,0.494,0.061,6.235,3.661,4.292,4.913,5.551,8.983,8.003,0.518,6.299,1.305,10.119,7.005,5.833,4.464,4.314,1.175,1.604,7.818,2.215
Control-GC119351,1.055,5.079,3.558,0.304,3.670,2.081,1.499,6.207,1.690,0.992,5.496,4.098,5.460,7.928,2.677,0.266,8.201,0.499,8.628,3.696,9.019,10.879,7.016
Control-GC119352,1.918,1.943,6.972,0.399,5.674,1.076,1.909,9.092,3.705,5.165,0.012,5.596,1.301,10.103,0.952,13.936,0.736,11.017,1.167,3.320,0.285,5.401,8.323
Control-GC119353,3.739,4.441,3.200,0.250,10.558,5.209,1.103,7.465,7.671,5.079,1.212,4.507,2.801,4.936,0.585,10.629,1.293,7.099,0.057,5.702,3.259,3.473,5.732
Control-GC119354,0.568,8.836,6.739,0.289,1.383,3.318,7.037,3.408,9.393,2.813,7.186,4.514,1.688,6.527,8.223,5.399,5.777,1.518,2.420,4.821,4.776,2.756,0.611
Control-GC119356,1.857,0.606,4.177,0.289,3.299,2.033,3.439,1.553,4.720,5.607,5.401,3.229,10.757,3.709,7.283,4.668,7.639,0.391,8.901,4.717,10.525,4.938,0.262
Control-GRP-GC114128,0.690,4.382,4.485,0.216,9.042,2.615,6.911,8.118,2.878,3.290,2.883,5.501,0.758,5.605,5.298,6.510,12.227,1.336,0.879,7.248,0.154,1.712,7.263
Control-GRP-GC114130,0.633,0.047,8.341,0.156,3.812,0.152,4.193,10.523,5.193,14.450,7.295,3.126,4.801,6.146,1.248,6.600,5.186,0.243,1.596,2.118,12.113,0.950,1.075
Control-GRP-GC114131,2.568,1.005,5.075,0.733,4.327,2.837,4.564,3.138,4.704,4.346,6.397,4.418,7.852,1.723,8.661,3.618,2.120,9.769,9.457,1.832,1.885,5.864,3.107
Control-GRP-GC114132,1.532,4.926,5.641,0.329,5.767,0.075,3.236,4.752,8.725,9.556,11.296,5.564,5.140,0.352,5.254,4.457,2.929,1.438,3.330,6.179,1.764,1.889,5.871
Control-GRP-GC114133,2.381,5.974,0.311,0.290,0.244,4.116,7.618,6.210,4.282,7.022,9.139,4.858,4.958,5.057,8.205,0.386,4.570,5.650,2.526,2.989,3.378,1.740,8.097
Control-GRP-GC114134,1.629,5.355,4.865,0.225,0.894,0.819,5.424,12.338,5.332,0.455,9.806,6.261,1.682,3.261,2.785,0.449,7.665,11.902,2.394,5.265,3.814,5.669,1.711
Control-GRP-GC114136,0.980,7.943,1.796,0.841,2.023,1.189,2.127,6.053,3.185,4.087,5.132,4.507,3.050,7.382,6.081,0.703,10.654,3.961,3.999,0.461,10.018,5.134,8.694
Control-GRP-GC114137,0.609,1.862,4.646,0.203,3.793,0.155,0.796,7.338,5.467,12.411,3.177,5.071,12.069,2.487,7.616,1.264,5.471,2.388,5.296,0.997,6.948,4.235,5.699
Control-GRP-GC114139,1.397,0.912,5.815,0.219,10.139,2.518,0.553,5.352,6.032,1.395,4.151,6.706,5.205,4.589,5.879,2.096,4.256,4.698,4.322,3.166,8.385,8.780,3.433
Control-GRP-GC114140,1.793,2.344,1.693,0.420,5.753,4.613,2.949,1.718,2.304,0.970,2.118,2.468,13.805,13.638,6.720,4.333,5.111,1.094,1.071,12.164,6.157,3.858,2.904
Control-GRP-GC114141,3.259,11.560,1.998,0.877,2.221,1.280,4.611,3.832,0.951,7.704,4.382,4.216,10.144,0.807,3.947,10.104,2.366,0.341,3.351,6.958,4.251,3.480,7.362
Control-GRP-GC114142,1.517,5.263,0.005,0.329,2.877,1.864,6.258,0.794,1.437,7.615,9.175,3.812,14.164,2.004,2.139,1.520,5.602,8.133,4.427,7.030,2.679,3.230,8.127
Control-GRP-GC114183,1.469,3.423,2.818,0.221,4.060,0.062,3.117,4.493,5.919,4.751,7.032,4.302,11.658,2.503,2.230,1.789,0.305,9.204,12.670,7.987,2.050,1.201,6.736
Control-GRP-GC114185,0.807,0.362,1.339,0.701,5.868,3.033,3.379,4.168,4.622,0.065,7.851,2.467,6.868,8.217,1.704,2.828,4.646,6.679,8.175,5.776,7.342,8.469,4.635
Control-GRP-GC114186,0.267,6.036,2.511,0.811,3.967,1.965,4.415,4.665,4.489,3.376,2.653,4.115,5.067,7.869,6.594,0.157,5.484,4.060,7.691,5.796,10.356,1.295,6.360
Control-GRP-GC118464,0.426,8.976,4.768,0.460,8.102,1.925,5.880,7.505,1.709,3.080,4.688,1.831,6.615,3.585,5.244,4.638,0.805,1.610,6.585,5.583,5.179,4.718,6.089
Control-GRP-GC118466,1.440,1.041,8.176,0.136,1.146,1.367,4.792,10.562,0.023,12.868,5.083,5.287,4.877,6.486,6.675,5.283,7.679,0.307,2.819,5.853,0.958,4.685,2.455
Control-GRP-GC118474,1.148,8.402,5.187,0.042,4.359,0.477,4.999,6.176,6.950,4.169,7.545,0.588,2.263,1.548,9.949,4.659,0.973,2.234,9.796,11.913,1.812,4.197,0.613
Control-GRP-GC118476,1.608,5.596,5.978,0.061,5.400,0.253,4.821,7.223,4.816,15.131,2.305,4.083,4.336,1.557,7.780,2.149,1.488,5.775,2.395,7.172,0.371,3.881,5.818
Control-GRP-GC118478,1.498,8.273,0.897,0.062,5.638,1.198,4.744,7.975,9.093,3.552,8.631,0.820,6.037,5.201,7.125,1.142,3.395,7.682,0.894,7.345,1.455,3.673,3.673
Control-GRP-GC118484,1.336,2.827,1.204,0.307,2.487,0.085,2.170,6.958,5.516,6.145,3.535,2.994,1.173,0.987,4.572,3.833,5.480,3.728,15.875,10.675,1.160,8.388,8.568
Control-GRP-GC118485,1.317,4.773,0.554,0.057,6.321,0.246,2.127,6.599,10.807,1.478,4.781,4.075,6.788,3.147,3.743,5.106,4.488,6.165,5.449,1.788,7.209,6.141,6.842
Control-GRP-GC118486,0.227,6.331,2.954,0.165,0.825,0.079,3.448,0.311,6.258,0.261,4.493,1.758,27.819,5.954,6.108,2.306,2.350,0.323,11.248,1.759,4.961,6.070,3.993
Control-GRP-GC118489,2.109,5.399,1.494,0.155,4.083,0.494,3.006,6.862,2.229,3.999,6.123,1.616,9.916,5.949,5.438,4.967,1.213,6.089,3.844,12.998,4.127,0.405,7.485
Control-GRP-GC118490,1.860,5.028,1.907,0.436,5.661,2.265,4.925,1.115,7.701,5.281,8.694,4.030,7.528,10.827,3.695,1.334,1.434,5.902,6.721,0.117,5.099,8.059,0.378
Control-GRP-GC118491,0.903,8.973,0.327,0.295,5.732,0.086,4.600,6.010,9.247,13.632,1.835,4.072,3.887,0.033,6.629,4.500,4.143,8.360,1.938,4.745,4.136,5.435,0.483
Control-GRP-GC118494,1.643,3.937,3.012,0.111,6.548,1.019,5.810,5.339,3.525,1.908,8.602,4.553,12.239,0.233,14.399,3.589,3.209,4.983,3.895,0.565,0.592,4.875,5.416
Control-GRP-GC118496,0.572,4.080,0.084,0.226,3.863,0.372,1.948,4.167,0.559,2.144,1.311,1.802,6.809,2.356,3.629,1.918,6.053,2.667,21.845,18.808,13.811,0.801,0.175
Control-GRP-GC118497,1.190,1.556,2.802,0.082,4.040,0.186,5.550,2.215,11.122,2.674,5.059,4.187,5.016,0.557,3.771,3.205,6.551,5.241,14.756,6.651,4.113,6.304,3.171
Control-GRP-GC118499,1.657,3.701,2.810,0.217,3.707,0.337,3.405,6.154,5.557,4.743,3.906,1.273,17.089,7.041,4.052,2.774,3.297,5.251,3.247,7.650,2.265,7.756,2.111
Control-GRP-GC119340,1.322,12.528,1.221,0.084,2.819,0.217,2.123,1.875,0.898,14.472,10.342,7.840,3.784,2.527,7.804,7.247,2.291,6.655,7.534,4.342,0.773,0.963,0.339
Control-GRP-GC119343,0.837,9.878,0.310,0.031,3.930,0.719,5.048,8.190,9.233,7.834,8.165,6.432,0.086,1.553,3.507,6.070,2.096,9.751,7.251,0.160,6.515,2.190,0.213
Control-GRP-GC119367,1.918,2.265,6.951,0.779,1.338,2.677,4.168,9.062,3.574,5.936,12.072,5.344,2.121,3.468,1.204,5.517,4.974,3.676,5.199,2.704,2.174,5.585,7.294
Control-GRP-GC119369,0.498,3.104,4.297,0.106,3.564,0.195,4.544,5.135,6.418,1.516,4.066,3.052,3.757,0.079,0.599,12.622,2.873,1.029,5.848,13.250,13.026,0.002,10.419
Control-GRP-GC119370,1.525,6.297,4.575,0.305,2.439,0.234,0.075,4.474,7.443,8.045,7.494,4.464,5.161,4.624,3.063,1.096,6.025,8.915,2.404,10.633,7.983,0.298,2.428
Control-GRP-GC119374,0.411,7.075,3.347,0.110,1.707,0.417,4.349,5.766,5.031,6.429,9.073,4.216,9.399,3.980,7.385,3.153,6.966,0.861,0.383,4.028,8.994,6.736,0.186
Control-GRP-GC119375,0.596,1.942,6.692,0.237,4.769,2.718,4.458,6.161,8.279,8.637,6.746,1.880,5.678,1.824,0.856,4.221,8.132,9.913,2.704,1.350,2.791,6.264,3.152
Control-GRP-GC119377,2.185,4.428,1.938,0.096,7.022,0.437,4.912,6.819,6.590,10.089,7.505,2.219,1.725,0.057,8.811,7.367,1.630,5.234,0.012,1.772,13.863,5.071,0.219
Control-GRP-GC119383,0.548,0.840,7.555,0.146,3.365,1.351,2.945,12.110,5.901,6.314,5.502,2.164,4.669,3.190,9.008,9.092,7.118,9.244,3.045,1.709,0.772,2.706,0.704
Control-GRP-GC119384,1.036,2.140,4.442,0.126,6.639,0.547,5.072,9.664,7.752,5.418,4.968,2.574,9.415,0.665,3.412,7.495,3.544,1.877,3.134,8.150,4.967,1.565,5.400
Control-GRP-GC119386,2.311,6.766,3.364,2.694,4.411,0.056,4.960,0.474,5.821,3.611,9.522,4.293,8.322,5.155,6.570,3.252,6.910,4.288,9.336,2.829,0.056,2.971,2.029
Control-GRP-GC119388,2.033,1.659,3.072,0.436,7.532,1.560,4.742,9.113,3.882,4.946,11.796,0.282,2.540,5.938,2.527,0.276,6.402,2.602,6.712,7.826,0.565,6.028,7.529
Control-GRP-GC119389,0.199,3.478,5.648,0.360,3.042,0.141,1.359,14.125,5.778,9.372,5.407,3.969,7.569,4.194,1.563,1.337,1.826,5.090,6.768,3.321,4.061,3.050,8.343
Control-GRP-GC119390,2.030,3.709,5.060,1.292,5.842,0.581,4.596,8.862,4.420,6.452,6.960,1.220,3.113,3.863,4.952,3.583,1.124,6.073,6.880,3.971,5.627,1.330,8.460
Control-GRP-GC119391,0.970,9.326,3.441,0.111,4.283,0.281,5.050,11.454,6.307,5.818,3.984,7.310,4.858,6.279,1.684,2.287,1.727,7.180,6.821,1.423,4.624,0.903,3.877
Control-GRP-GC119394,1.125,5.541,1.910,0.015,5.746,0.614,2.594,10.270,8.134,4.248,6.412,4.886,1.208,3.324,0.159,3.391,3.483,8.170,10.338,9.155,2.403,3.223,3.653
Control-GRP-GC119395,1.307,11.140,0.460,0.505,6.686,0.871,1.631,7.419,8.834,8.220,2.478,4.553,4.105,0.411,6.336,2.635,8.615,2.156,1.420,3.922,9.242,5.342,1.712
Control-GRP-GC119397,1.865,5.517,4.061,0.572,1.935,0.403,0.855,6.197,7.344,5.479,6.009,4.380,5.773,5.431,5.157,8.147,5.491,1.350,3.154,3.121,0.258,8.656,8.845
Control-GRP-GC119398,0.620,6.313,1.067,0.319,0.478,0.277,3.253,6.320,4.550,1.199,5.903,3.727,19.035,2.946,0.399,9.433,1.013,6.447,3.312,3.906,10.546,4.389,4.547
Control-GRP-GC119399,1.714,7.756,6.073,0.165,0.378,0.191,6.400,4.303,4.807,1.354,10.215,4.837,6.426,1.638,7.997,5.952,5.132,2.158,9.202,1.793,2.101,4.832,4.577
Control-GRP-GC119400,2.502,7.394,0.263,0.522,5.818,0.298,0.603,8.300,2.980,5.527,5.589,3.638,3.519,8.958,4.321,11.599,0.570,5.629,3.715,2.610,1.302,4.925,9.416
Control-GRP-GC119401,1.171,10.270,5.288,0.116,1.420,0.169,4.938,10.364,9.588,1.920,3.829,3.166,7.373,2.816,3.876,0.994,3.793,2.118,6.122,2.296,4.691,5.481,8.198
Control-GRP-GC119402,2.050,6.421,2.140,0.377,4.087,1.194,3.509,9.530,5.200,8.218,2.140,1.468,1.805,5.039,7.939,8.158,0.915,0.513,8.799,4.258,8.131,2.504,5.604
Control-GRP-GC119403,0.669,3.459,5.200,0.290,3.479,0.380,1.885,3.363,7.330,3.850,7.411,3.204,12.887,6.476,2.065,7.131,5.250,4.820,10.479,0.295,3.126,1.137,5.814
Control-GRP-GC119405,1.714,1.732,2.137,0.422,3.464,1.682,1.156,6.009,5.877,7.015,8.333,3.808,5.860,1.432,7.981,1.663,5.781,3.844,0.831,8.210,10.672,0.722,9.655
Control-GRP-GC119410,0.449,4.670,3.294,0.307,3.132,0.124,1.065,19.003,4.943,6.840,6.884,2.578,4.443,3.495,2.031,10.469,3.015,0.245,0.188,7.350,7.825,5.066,2.583
Control-GRP-GC119411,2.604,1.618,2.976,0.331,1.616,0.955,1.205,3.441,10.693,6.751,10.236,4.664,0.466,8.427,7.669,4.549,7.943,0.214,8.945,8.413,2.318,2.092,1.872
Control-GRP-GC119415,0.776,3.500,2.520,0.040,4.593,0.476,6.512,4.359,8.766,2.331,4.953,5.654,0.040,8.971,0.789,8.479,0.254,5.205,3.839,7.034,9.641,4.338,6.931
Control-GRP-GC119416,1.467,8.547,4.724,0.323,6.431,1.072,6.218,4.461,3.760,0.109,6.803,6.900,3.951,0.432,2.135,6.549,7.731,8.317,1.120,5.547,8.814,2.581,2.007
Control-GRP-GC119417,1.284,9.316,3.466,0.431,3.387,0.258,5.428,6.626,1.187,2.918,4.600,2.593,3.273,7.202,4.463,4.229,2.525,2.696,9.411,11.145,6.699,0.222,6.641
Control-GRP-GC119419,1.288,1.669,2.593,1.008,4.443,0.901,2.404,2.666,5.649,4.880,5.464,4.600,19.031,4.034,0.774,1.678,8.614,6.563,4.611,3.043,0.248,10.742,3.095
Control-GRP-GC119420,0.714,4.149,3.628,0.131,3.415,0.314,2.967,3.563,2.738,4.748,1.357,2.960,12.957,5.510,2.546,10.202,6.619,1.828,13.387,3.284,1.905,10.502,0.575
Control-GRP-GC119421,2.509,2.266,6.340,0.480,0.740,3.746,0.624,7.009,0.983,7.049,6.857,5.705,9.158,3.227,2.813,2.518,0.784,7.746,0.521,6.614,9.329,10.304,2.678
Control-GRP-GC119422,1.153,8.188,4.636,0.080,3.584,0.084,0.061,7.410,12.395,10.490,3.599,2.113,6.881,2.045,3.226,2.122,7.370,9.028,1.393,0.803,0.319,5.285,7.734
Control-GRP-GC119426,2.373,0.476,5.945,0.636,6.591,1.125,2.320,5.131,9.992,2.216,11.475,1.765,6.934,7.816,1.483,0.905,0.447,6.318,6.747,3.397,12.126,2.085,1.694
Control-GRP-GC119430,1.271,1.066,8.837,0.285,0.490,2.393,7.426,7.418,15.465,1.625,6.300,5.030,3.069,5.661,0.947,8.148,4.198,6.964,4.109,2.650,3.444,2.807,0.397
Control-GRP-GC121331,1.673,12.581,1.052,0.816,1.352,0.039,3.990,8.474,1.811,4.826,9.932,6.482,4.121,2.691,8.628,5.420,1.555,3.265,0.700,3.630,8.887,1.899,6.175
Control-GRP-GC121332,2.305,2.082,4.112,0.425,5.559,2.095,2.417,4.060,4.408,0.820,1.466,2.951,8.299,1.974,7.507,0.597,3.104,4.707,0.471,17.476,10.988,0.928,11.250
Control-GRP-GC121336,0.447,6.568,3.347,0.006,4.343,0.051,3.633,9.809,4.755,11.238,7.658,6.404,2.768,2.942,0.333,3.961,8.377,10.512,5.406,2.146,1.131,2.832,1.332
Control-GRP-GC121337,1.053,5.474,4.799,0.095,3.892,0.609,4.933,6.386,6.199,10.336,5.620,5.511,4.164,4.850,6.135,0.499,5.272,7.016,5.209,3.471,7.378,0.543,0.557
Control-GRP-GC121338,0.420,4.591,0.198,0.282,6.877,0.304,3.176,1.323,10.199,7.806,6.868,5.191,11.427,0.347,5.414,5.217,0.654,4.331,7.528,0.687,11.029,5.941,0.188
Control-GRP-GC121339,0.424,3.620,3.680,0.517,4.276,0.492,2.353,4.750,6.444,3.072,2.780,3.638,6.044,1.952,7.298,0.947,8.792,7.415,3.671,9.585,3.877,11.903,2.469
Control-GRP-GC121340,0.635,5.256,4.286,0.184,1.198,0.280,3.487,5.601,5.544,4.909,5.310,3.300,10.130,9.039,4.703,7.599,5.429,2.541,3.034,4.490,6.645,2.313,4.088
Control-GRP-GC121341,1.470,6.516,2.299,1.125,4.651,0.845,3.930,1.874,6.278,8.923,6.656,3.570,2.911,3.946,8.796,2.651,1.164,0.954,3.156,5.498,5.174,10.633,6.982
Control-GRP-GC121342,2.374,9.526,2.574,0.234,3.141,1.775,3.042,8.287,4.472,1.034,0.318,3.713,11.706,7.175,12.173,4.965,0.679,3.511,6.706,6.025,2.506,1.376,2.689
Control-GRP-GC121343,0.627,8.738,1.833,0.325,4.007,2.375,4.775,9.149,9.383,0.486,6.581,4.614,7.282,0.586,11.298,7.297,1.458,5.291,3.332,1.675,3.223,0.506,5.159
Control-GRP-GC121346,0.405,0.836,3.374,0.149,3.599,0.100,3.033,3.079,0.715,4.703,10.032,4.643,14.006,1.567,7.491,1.188,5.569,5.598,11.225,2.344,6.158,7.927,2.258
Control-GRP-GC121347,3.863,9.608,0.291,0.387,5.577,1.299,4.917,2.677,4.188,8.299,7.296,3.667,4.480,1.706,2.889,6.991,1.469,4.321,10.455,7.012,5.299,2.638,0.669
Control-GRP-GC121348,0.689,4.417,3.221,0.417,1.890,0.691,0.836,3.788,4.376,4.070,4.118,0.369,29.746,7.245,6.889,2.722,1.390,5.936,4.458,2.135,2.020,3.944,4.635
Control-GRP-GC121349,1.537,2.431,0.320,0.280,3.250,0.035,1.888,7.652,9.219,2.944,5.724,2.777,15.929,1.137,7.853,2.114,2.126,1.294,10.287,7.700,5.472,2.978,5.052
