Sample,BRCA,CEAD,CESC,COAD,OV,READ,bcell,cd4tcell,cd8tcell,erythroblast,monocyte,naturalkillercell,neutrophil,Unknown-1
Colo_rep2_Dep6_Tu0.5,0.000,0.348,0.006,0.000,20.423,0.001,0.201,2.958,3.377,0.803,8.958,0.572,9.884,52.470
Colo_rep2_Dep6_Tu50,0.072,2.838,1.633,0.101,11.716,36.011,0.707,5.462,4.002,0.153,8.865,1.470,0.137,26.832
Colo_rep6_Dep6_Tu1,0.000,23.224,0.001,0.000,16.997,0.049,0.182,4.074,0.229,1.194,6.789,0.669,11.239,35.352
Colo_rep3_Dep6_Tu2,0.001,39.990,0.016,0.000,0.010,1.324,0.213,3.039,0.936,2.296,7.203,1.065,2.083,41.823
Colo_rep7_Dep6_Tu2,0.013,35.919,0.021,0.000,0.115,1.488,0.399,1.889,2.710,2.403,4.655,0.440,7.160,42.787
Colo_rep8_Dep6_Tu0.1,0.000,56.746,0.000,0.000,12.794,0.000,0.084,1.340,2.314,0.422,6.991,0.240,9.106,9.963
Colo_rep10_Dep6_Tu2,0.000,4.762,0.011,0.000,19.515,0.991,0.299,2.526,4.916,1.277,7.149,0.017,10.424,48.113
Colo_rep6_Dep6_Tu3,0.001,37.517,0.115,0.001,0.111,2.498,0.469,1.900,3.188,1.445,5.447,0.578,7.170,39.561
Colo_rep9_Dep6_Tu30,0.014,16.767,0.575,0.001,30.548,20.313,0.307,4.641,1.266,0.641,8.233,0.940,10.193,5.561
Colo_rep9_Dep6_Tu0.5,0.000,0.405,0.020,0.000,19.806,0.003,0.170,3.123,3.825,0.743,7.851,0.238,9.932,53.884
Colo_rep6_Dep6_Tu20,0.037,27.077,0.616,0.000,0.367,15.030,0.561,2.113,5.437,0.970,5.386,0.681,6.808,34.915
Colo_rep8_Dep6_Tu30,0.082,0.922,0.693,0.000,16.470,21.494,0.743,5.500,3.422,0.351,6.695,1.079,5.035,37.514
Colo_rep3_Dep6_Tu5,0.000,20.524,0.015,0.000,16.620,3.325,0.307,1.723,3.802,1.247,5.271,0.381,11.975,34.810
Colo_rep4_Dep6_Tu3,0.000,18.463,0.001,0.000,40.426,0.409,0.039,1.341,2.302,0.251,7.335,0.139,18.383,10.910
Colo_rep2_Dep6_Tu10,0.001,4.159,0.140,0.000,17.554,7.384,0.470,2.905,5.383,1.095,4.779,0.450,11.428,44.251
Colo_rep3_Dep6_Tu40,0.004,15.175,0.869,0.005,26.547,28.191,0.605,7.180,1.229,0.405,3.519,1.057,10.901,4.313
Colo_rep3_Dep6_Tu30,0.044,7.578,1.297,0.006,12.260,21.748,0.745,6.882,1.401,1.537,4.046,0.825,8.789,32.844
Colo_rep6_Dep6_Tu30,0.004,50.343,0.419,0.001,7.560,21.607,0.280,2.944,2.041,0.429,5.898,0.537,6.076,1.862
Colo_rep4_Dep6_Tu50,0.027,31.032,2.203,0.013,7.688,35.955,0.408,6.401,2.604,0.324,6.921,0.810,1.694,3.919
Colo_rep5_Dep6_Tu50,0.025,1.604,2.011,0.014,11.836,36.211,0.254,9.081,0.989,0.108,7.263,2.229,4.215,24.158
Colo_rep6_Dep6_Tu2,0.000,61.772,0.003,0.000,12.570,0.613,0.112,1.137,1.340,0.470,6.234,0.368,8.677,6.704
Colo_rep10_Dep6_Tu50,0.138,30.579,1.411,0.082,9.020,35.979,0.998,6.572,1.230,0.939,4.323,1.380,5.353,1.996
Colo_rep7_Dep6_Tu50,0.075,14.644,2.074,0.006,1.139,36.477,1.275,3.847,5.258,0.622,7.565,0.858,4.416,21.745
Colo_rep9_Dep6_Tu40,0.013,13.601,0.844,0.000,26.085,27.702,0.226,4.434,3.966,0.053,7.786,0.866,7.704,6.719
Colo_rep8_Dep6_Tu5,0.000,62.837,0.008,0.001,9.651,2.875,0.073,0.881,2.170,0.465,6.443,0.530,7.606,6.461
Colo_rep1_Dep6_Tu20,0.003,55.140,0.528,0.002,9.106,14.095,0.088,1.795,2.588,0.316,6.073,0.632,7.089,2.542
Colo_rep9_Dep6_Tu2,0.000,9.456,0.032,0.000,18.251,1.107,0.226,4.333,2.184,0.657,7.526,0.592,8.614,47.021
Colo_rep5_Dep6_Tu30,0.203,24.724,0.787,0.005,0.654,21.881,1.538,1.614,4.914,2.009,7.017,1.020,5.116,28.518
Colo_rep4_Dep6_Tu0.1,0.001,38.807,0.004,0.000,0.024,0.002,0.316,1.985,2.326,1.943,4.916,0.750,6.420,42.507
Colo_rep5_Dep6_Tu0.1,0.000,2.051,0.000,0.000,20.173,0.000,0.243,3.155,5.732,1.191,4.270,0.008,11.647,51.530
Colo_rep9_Dep6_Tu3,0.000,21.860,0.000,0.000,40.154,0.217,0.039,2.977,1.578,0.204,7.668,0.290,15.174,9.838
Colo_rep2_Dep6_Tu0.1,0.000,20.909,0.000,0.000,37.474,0.000,0.011,3.867,0.667,0.039,7.953,0.086,17.715,11.278
Colo_rep8_Dep6_Tu10,0.007,53.560,0.020,0.000,11.941,6.466,0.511,1.662,3.119,0.768,4.063,0.348,11.606,5.927
Colo_rep4_Dep6_Tu30,0.099,0.765,0.713,0.007,14.836,21.403,0.706,6.472,3.833,0.594,7.015,1.156,5.083,37.317
Colo_rep2_Dep6_Tu2,0.002,38.279,0.014,0.000,0.042,1.248,0.448,1.201,2.980,2.864,5.381,0.490,5.756,41.295
Colo_rep1_Dep6_Tu5,0.003,34.094,0.057,0.000,0.525,3.594,0.606,0.891,4.480,2.223,5.276,0.405,6.968,40.879
Colo_rep8_Dep6_Tu50,0.030,34.987,1.937,0.006,7.093,35.812,0.513,3.399,4.094,0.033,6.186,0.822,3.185,1.903
Colo_rep5_Dep6_Tu5,0.000,70.970,0.000,0.000,8.381,2.919,0.089,1.735,0.472,0.562,6.351,0.514,3.822,4.184
Colo_rep6_Dep6_Tu50,0.019,37.541,2.243,0.003,0.230,36.510,0.769,6.370,0.545,0.817,5.969,1.243,5.289,2.451
Colo_rep5_Dep6_Tu0.5,0.000,3.655,0.006,0.000,19.891,0.000,0.244,2.198,3.324,0.932,7.924,0.390,10.836,50.599
Colo_rep4_Dep6_Tu20,0.002,34.060,0.103,0.000,14.369,14.029,0.309,3.205,3.663,0.805,3.662,0.795,13.178,11.821
Colo_rep8_Dep6_Tu40,0.063,2.388,1.658,0.026,13.414,28.691,0.345,5.559,4.724,0.211,8.264,0.906,0.495,33.258
Colo_rep7_Dep6_Tu0.3,0.000,7.777,0.006,0.000,20.041,0.000,0.141,3.048,2.422,0.671,8.431,0.353,9.359,47.751
Colo_rep7_Dep6_Tu30,0.003,1.119,1.207,0.018,13.414,21.600,0.688,1.794,8.153,0.545,6.421,0.386,5.944,38.709
Colo_rep10_Dep6_Tu20,0.018,49.022,0.173,0.000,10.990,13.960,0.362,3.374,2.138,0.273,6.708,0.705,7.512,4.763
Colo_rep9_Dep6_Tu10,0.000,21.827,0.004,0.000,36.658,5.674,0.136,3.363,0.224,0.247,8.036,0.473,15.566,7.791
Colo_rep9_Dep6_Tu0.1,0.000,66.114,0.000,0.000,10.479,0.000,0.098,1.444,1.465,0.331,4.819,0.226,9.380,5.644
Colo_rep10_Dep6_Tu0.3,0.000,61.930,0.000,0.000,11.877,0.000,0.085,2.273,0.041,0.178,6.038,0.373,10.151,7.053
Colo_rep8_Dep6_Tu20,0.000,17.753,0.261,0.000,33.217,12.988,0.271,3.590,2.807,0.233,6.502,0.952,12.246,9.180
Colo_rep3_Dep6_Tu3,0.001,20.791,0.043,0.007,17.611,1.769,0.198,0.752,4.803,1.466,7.955,0.578,11.103,32.925
Colo_rep4_Dep6_Tu2,0.000,25.050,0.000,0.000,35.166,0.022,0.056,2.826,1.450,0.115,6.403,0.255,16.240,12.417
Colo_rep10_Dep6_Tu0.1,0.000,67.214,0.000,0.000,9.807,0.000,0.107,1.856,0.566,0.566,5.001,0.398,9.865,4.622
Colo_rep4_Dep6_Tu0.3,0.000,26.212,0.000,0.000,17.145,0.000,0.162,1.974,2.406,0.838,9.552,0.377,5.619,35.715
Colo_rep9_Dep6_Tu0.3,0.000,0.316,0.001,0.000,20.364,0.000,0.162,0.580,5.578,0.628,8.861,0.289,9.594,53.628
Colo_rep1_Dep6_Tu10,0.001,67.196,0.020,0.002,7.847,6.869,0.295,1.702,1.496,0.569,4.637,0.514,7.377,1.475
Colo_rep6_Dep6_Tu0.3,0.000,21.495,0.000,0.000,37.081,0.000,0.015,3.632,1.590,0.030,8.252,0.076,16.600,11.229
Colo_rep6_Dep6_Tu0.5,0.000,69.141,0.000,0.000,10.138,0.000,0.127,1.725,2.174,0.697,1.587,0.192,11.512,2.707
Colo_rep10_Dep6_Tu10,0.009,53.063,0.054,0.000,13.022,6.670,0.292,4.582,0.238,0.366,4.951,0.854,9.627,6.273
Colo_rep10_Dep6_Tu1,0.000,63.913,0.000,0.000,11.046,0.001,0.151,0.322,1.865,0.967,5.852,0.504,8.891,6.487
Colo_rep10_Dep6_Tu5,0.000,22.142,0.004,0.000,36.854,1.937,0.119,1.859,3.236,0.208,7.897,0.161,14.565,11.019
Colo_rep10_Dep6_Tu40,0.017,0.826,1.647,0.188,13.699,29.047,0.837,6.407,5.792,0.679,2.555,1.014,6.855,30.437
Colo_rep10_Dep6_Tu0.5,0.000,72.625,0.000,0.000,8.418,0.000,0.156,1.147,0.833,0.437,4.559,0.340,8.807,2.677
Colo_rep1_Dep6_Tu1,0.000,67.893,0.000,0.000,9.699,0.000,0.138,2.529,0.661,1.074,2.719,0.501,11.761,3.026
Colo_rep7_Dep6_Tu20,0.005,1.498,0.709,0.002,16.364,14.568,0.523,5.675,1.374,0.675,8.892,0.591,6.233,42.891
Colo_rep6_Dep6_Tu10,0.000,22.504,0.176,0.004,34.536,5.821,0.077,3.427,0.839,0.252,6.747,0.569,15.594,9.455
Colo_rep10_Dep6_Tu3,0.002,1.241,0.046,0.000,19.606,1.769,0.185,3.394,3.964,0.777,7.657,0.374,11.361,49.623
Colo_rep1_Dep6_Tu30,0.015,3.202,0.907,0.001,13.509,22.154,0.397,3.475,5.400,0.486,8.640,0.974,4.337,36.503
Colo_rep1_Dep6_Tu0.1,0.000,0.695,0.003,0.000,19.587,0.000,0.249,1.801,4.640,0.845,8.339,0.312,10.592,52.936
Colo_rep7_Dep6_Tu5,0.007,36.912,0.093,0.000,0.111,3.673,0.475,0.972,3.178,2.127,5.133,0.828,6.076,40.414
Colo_rep7_Dep6_Tu0.1,0.000,2.372,0.004,0.000,19.734,0.000,0.056,3.122,3.444,0.301,8.526,0.190,9.131,53.120
Colo_rep6_Dep6_Tu40,0.043,5.682,1.793,0.026,11.953,29.009,0.533,3.730,4.521,0.680,8.649,0.853,4.432,28.096
Colo_rep8_Dep6_Tu2,0.000,23.872,0.000,0.000,36.783,0.013,0.092,3.067,1.044,0.195,6.624,0.414,17.261,10.636
Colo_rep7_Dep6_Tu0.5,0.001,35.982,0.009,0.000,0.156,0.091,0.403,1.127,3.529,3.180,4.954,0.396,6.851,43.320
Colo_rep5_Dep6_Tu20,0.008,58.369,0.057,0.000,9.041,14.000,0.381,0.838,3.484,0.658,6.120,0.488,5.109,1.448
Colo_rep8_Dep6_Tu0.3,0.000,0.314,0.001,0.000,20.590,0.000,0.180,1.800,5.932,0.059,7.347,0.120,10.099,53.559
Colo_rep4_Dep6_Tu5,0.000,67.200,0.001,0.000,9.009,2.938,0.214,2.557,0.623,0.838,3.230,0.336,9.302,3.750
Colo_rep9_Dep6_Tu1,0.000,1.600,0.006,0.000,21.685,0.005,0.258,4.406,1.813,1.630,8.232,0.503,9.364,50.498
Colo_rep1_Dep6_Tu0.5,0.002,37.879,0.024,0.000,0.269,0.082,0.280,2.175,2.067,2.608,6.392,0.525,5.224,42.473
Colo_rep8_Dep6_Tu3,0.000,16.188,0.000,0.000,45.696,0.088,0.109,0.653,3.597,0.267,4.372,0.148,22.512,6.368
Colo_rep5_Dep6_Tu0.3,0.000,70.651,0.000,0.000,8.091,0.000,0.065,1.138,1.156,0.326,6.565,0.246,5.756,6.006
Colo_rep2_Dep6_Tu30,0.004,0.228,0.800,0.001,14.608,21.586,0.782,6.788,1.523,0.309,7.975,1.163,6.448,37.786
Colo_rep7_Dep6_Tu10,0.001,0.138,0.133,0.014,18.233,6.870,0.383,2.453,3.252,1.211,9.267,0.658,8.084,49.304
Colo_rep2_Dep6_Tu40,0.034,43.626,1.271,0.013,6.548,28.730,0.512,0.065,5.876,0.100,5.884,0.838,4.518,1.983
Colo_rep3_Dep6_Tu0.1,0.000,24.200,0.000,0.000,36.351,0.000,0.009,3.757,0.539,0.008,8.458,0.159,15.799,10.720
Colo_rep3_Dep6_Tu1,0.000,26.026,0.000,0.000,34.273,0.000,0.028,0.576,1.377,0.093,9.059,0.275,17.128,11.165
Colo_rep8_Dep6_Tu1,0.000,24.322,0.000,0.000,36.415,0.000,0.026,2.477,1.725,0.044,6.352,0.132,17.645,10.860
Colo_rep4_Dep6_Tu1,0.000,72.429,0.000,0.000,8.023,0.045,0.142,0.840,1.252,0.969,4.781,0.311,8.822,2.385
Colo_rep5_Dep6_Tu40,0.019,27.370,1.331,0.005,9.733,28.701,0.610,6.402,2.547,0.013,5.264,1.593,6.733,9.679
Colo_rep5_Dep6_Tu10,0.000,19.802,0.009,0.000,36.693,5.612,0.094,2.559,2.604,0.382,7.706,0.397,14.648,9.491
Colo_rep2_Dep6_Tu0.3,0.000,14.822,0.000,0.000,43.076,0.000,0.005,2.169,2.122,0.005,6.214,0.026,22.895,8.665
Colo_rep10_Dep6_Tu30,0.018,3.089,0.801,0.010,13.928,22.192,0.567,7.336,2.203,0.421,7.731,1.002,5.729,34.972
Colo_rep1_Dep6_Tu40,0.025,11.057,0.554,0.012,28.702,28.017,0.242,6.767,2.765,0.051,7.415,0.398,8.938,5.060
Colo_rep6_Dep6_Tu0.1,0.000,37.306,0.002,0.000,0.021,0.000,0.291,1.116,2.891,2.775,5.923,0.416,6.342,42.916
Colo_rep7_Dep6_Tu40,0.007,12.535,1.224,0.033,26.545,28.059,0.578,4.075,3.604,0.452,7.120,0.794,9.003,5.972
Colo_rep1_Dep6_Tu50,0.013,12.210,1.242,0.045,19.701,35.866,0.608,4.560,6.304,0.200,6.192,1.088,7.355,4.615
Colo_rep1_Dep6_Tu0.3,0.000,39.141,0.002,0.000,0.004,0.001,0.257,2.537,3.090,2.169,3.297,0.553,6.146,42.804
Colo_rep9_Dep6_Tu20,0.053,28.621,0.475,0.003,0.199,14.729,0.556,4.322,1.855,1.773,6.098,0.967,4.350,35.998
Colo_rep4_Dep6_Tu10,0.001,4.796,0.165,0.000,19.682,7.109,0.305,5.655,1.433,0.424,6.503,0.521,9.224,44.180
Colo_rep6_Dep6_Tu5,0.003,34.671,0.036,0.000,0.140,3.608,0.405,0.875,3.053,3.171,5.112,0.508,7.183,41.235
Colo_rep9_Dep6_Tu5,0.000,44.925,0.093,0.000,13.174,2.909,0.242,1.363,2.635,1.043,5.901,0.274,8.272,19.169
Colo_rep3_Dep6_Tu50,0.344,13.566,1.728,0.029,3.067,36.549,1.072,4.302,4.663,1.434,4.125,1.147,6.556,21.417
Colo_rep5_Dep6_Tu1,0.000,46.584,0.002,0.000,13.374,0.001,0.156,0.773,2.410,1.053,6.582,0.225,7.821,21.019
Colo_rep5_Dep6_Tu3,0.000,1.559,0.145,0.000,19.924,2.014,0.211,6.101,0.403,0.692,7.070,0.719,10.459,50.702
Colo_rep2_Dep6_Tu1,0.000,22.876,0.029,0.000,16.811,0.003,0.165,0.423,3.504,1.173,9.325,0.443,11.260,33.989
Colo_rep7_Dep6_Tu1,0.000,5.707,0.010,0.000,19.227,0.131,0.230,2.703,3.793,0.681,8.287,0.402,9.329,49.499
Colo_rep5_Dep6_Tu2,0.000,65.971,0.001,0.000,9.889,0.568,0.072,0.728,1.647,0.743,4.601,0.370,9.751,5.659
Colo_rep4_Dep6_Tu40,0.031,0.926,1.936,0.017,13.031,28.999,0.758,5.240,4.524,1.169,6.678,1.046,6.371,29.274
Colo_rep2_Dep6_Tu20,0.005,27.674,0.452,0.007,0.087,14.993,0.815,2.917,4.887,0.952,5.038,0.789,5.144,36.240
Colo_rep4_Dep6_Tu0.5,0.000,70.700,0.000,0.000,9.391,0.000,0.078,0.826,1.157,0.731,4.547,0.200,9.328,3.043
Colo_rep2_Dep6_Tu5,0.000,15.725,0.002,0.000,44.160,1.592,0.027,0.458,4.038,0.045,5.403,0.062,21.267,7.221
Colo_rep2_Dep6_Tu3,0.000,24.963,0.025,0.000,15.633,1.762,0.309,3.197,3.067,1.401,3.979,0.514,12.116,33.035
Colo_rep3_Dep6_Tu10,0.016,34.110,0.439,0.002,0.044,7.716,0.747,1.304,4.223,1.639,4.491,0.573,6.630,38.065
Colo_rep8_Dep6_Tu0.5,0.000,37.462,0.029,0.000,0.083,0.000,0.263,0.021,4.377,2.613,5.831,0.490,5.695,43.135
Colo_rep7_Dep6_Tu3,0.001,70.400,0.002,0.000,8.957,1.501,0.154,0.751,2.256,0.046,4.887,0.213,7.918,2.916
Colo_rep3_Dep6_Tu0.5,0.000,22.729,0.000,0.000,37.006,0.000,0.009,1.000,2.474,0.033,12.084,0.098,12.732,11.834
Colo_rep3_Dep6_Tu20,0.006,0.427,1.000,0.004,16.157,14.488,0.467,3.817,5.938,0.026,6.265,0.427,8.397,42.580
Colo_rep1_Dep6_Tu2,0.000,2.071,0.002,0.000,21.208,0.922,0.273,6.037,0.880,1.799,6.558,0.566,9.845,49.840
Colo_rep9_Dep6_Tu50,0.208,2.343,1.985,0.117,10.555,36.112,0.630,2.524,7.072,0.297,6.684,0.537,4.080,26.858
Colo_rep3_Dep6_Tu0.3,0.000,37.418,0.014,0.000,0.122,0.001,0.208,0.643,4.149,2.049,6.073,0.401,5.133,43.790
Colo_rep1_Dep6_Tu3,0.003,37.589,0.029,0.000,0.038,2.384,0.340,3.663,0.719,1.643,5.894,0.980,5.452,41.266
Br62_rep5_Dep6_Tu0.5,0.017,3.657,0.008,0.000,19.912,0.000,0.269,2.678,3.011,0.839,7.803,0.415,10.865,50.525
Br62_rep5_Dep6_Tu3,2.577,1.570,0.555,0.081,19.091,0.000,0.158,3.363,3.459,0.574,7.351,0.293,9.424,51.504
Br62_rep6_Dep6_Tu30,26.736,49.628,1.585,4.275,3.044,0.000,0.063,3.253,0.089,0.106,2.908,0.106,4.451,3.755
Br62_rep7_Dep6_Tu20,18.839,1.162,1.434,2.845,11.864,0.000,0.073,4.565,1.933,0.118,5.860,0.155,4.209,46.943
Br62_rep2_Dep6_Tu40,35.087,40.019,2.221,6.600,3.452,0.000,0.013,2.670,1.503,0.026,1.422,0.025,4.230,2.733
Br62_rep8_Dep6_Tu0.5,0.006,37.670,0.026,0.000,0.093,0.000,0.283,3.185,2.073,2.018,4.897,0.720,5.598,43.429
Br62_rep5_Dep6_Tu2,1.082,65.819,0.007,0.023,9.679,0.000,0.133,1.963,1.109,0.576,3.437,0.358,10.577,5.235
Br62_rep4_Dep6_Tu50,44.791,27.059,2.150,8.226,2.414,0.000,0.028,3.962,0.854,0.001,1.670,0.065,3.842,4.938
Br62_rep8_Dep6_Tu40,36.302,0.529,2.798,7.202,4.321,0.000,0.065,6.298,0.766,0.143,1.434,0.183,5.176,34.782
Br62_rep7_Dep6_Tu2,1.816,36.041,0.082,0.005,0.027,0.000,0.344,1.505,3.018,2.472,4.818,0.324,5.974,43.574
Br62_rep9_Dep6_Tu40,35.342,13.165,2.039,6.213,18.595,0.000,0.018,3.374,1.560,0.019,2.580,0.110,9.330,7.656
Br62_rep10_Dep6_Tu2,1.020,5.704,0.037,0.010,19.085,0.001,0.373,3.961,1.908,1.460,7.551,0.607,10.431,47.853
Br62_rep6_Dep6_Tu10,7.531,22.170,0.174,1.225,32.503,0.000,0.046,3.473,2.130,0.083,5.301,0.243,14.651,10.469
Br62_rep2_Dep6_Tu2,1.755,38.115,0.085,0.029,0.052,0.005,0.211,1.016,3.226,2.606,4.610,0.458,6.619,41.212
Br62_rep9_Dep6_Tu5,4.300,45.090,0.212,0.496,12.205,0.000,0.184,1.884,2.198,0.539,5.023,0.159,8.105,19.606
Br62_rep6_Dep6_Tu40,36.517,2.712,2.436,6.646,5.544,0.000,0.043,4.619,0.952,0.091,3.503,0.117,4.997,31.823
Br62_rep4_Dep6_Tu20,18.513,33.468,1.386,3.124,9.601,0.000,0.068,3.367,1.559,0.095,3.808,0.289,8.466,16.256
Br62_rep9_Dep6_Tu1,0.092,2.464,0.060,0.001,21.168,0.000,0.257,2.768,3.895,1.345,8.385,0.432,9.029,50.106
Br62_rep1_Dep6_Tu0.3,0.000,39.034,0.004,0.000,0.004,0.000,0.213,1.606,3.475,2.225,4.779,0.592,5.349,42.719
Br62_rep3_Dep6_Tu5,3.919,20.471,0.092,0.131,17.143,0.000,0.271,3.067,2.691,0.925,4.734,0.213,10.553,35.789
Br62_rep9_Dep6_Tu50,44.340,0.522,3.655,8.155,3.266,0.000,0.041,6.003,0.776,0.015,1.991,0.023,1.597,29.617
Br62_rep5_Dep6_Tu30,27.305,21.892,0.930,5.355,0.136,0.000,0.137,4.372,1.668,0.631,3.408,0.179,3.643,30.344
Br62_rep9_Dep6_Tu0.5,0.004,1.706,0.044,0.000,19.402,0.000,0.203,3.800,3.957,0.223,7.177,0.236,9.672,53.575
Br62_rep1_Dep6_Tu20,18.234,54.774,0.254,3.159,6.268,0.000,0.006,1.979,1.002,0.089,2.959,0.215,7.085,3.975
Br62_rep4_Dep6_Tu2,0.015,25.164,0.000,0.000,34.455,0.000,0.038,3.007,2.259,0.069,6.559,0.158,15.803,12.473
Br62_rep8_Dep6_Tu3,0.796,14.942,0.020,0.039,44.731,0.000,0.018,3.370,2.178,0.037,5.718,0.068,20.392,7.691
Br62_rep2_Dep6_Tu5,2.798,14.055,0.031,0.349,42.924,0.000,0.023,3.007,2.261,0.023,5.382,0.046,20.392,8.707
Br62_rep2_Dep6_Tu1,0.007,23.418,0.071,0.000,16.845,0.000,0.204,3.543,3.496,0.904,4.339,0.314,13.110,33.748
Br62_rep8_Dep6_Tu1,0.000,24.420,0.000,0.000,36.023,0.000,0.034,2.773,2.565,0.055,4.802,0.032,18.613,10.682
Br62_rep10_Dep6_Tu0.1,0.000,67.193,0.000,0.000,9.780,0.000,0.150,1.882,0.184,0.582,4.819,0.537,10.580,4.292
Br62_rep3_Dep6_Tu40,35.467,13.780,1.444,6.364,18.814,0.000,0.029,6.052,1.305,0.025,0.003,0.179,9.315,7.221
Br62_rep8_Dep6_Tu0.3,0.001,0.459,0.008,0.000,20.267,0.000,0.152,2.930,3.487,0.699,8.410,0.427,9.513,53.646
Br62_rep4_Dep6_Tu0.5,0.000,70.606,0.000,0.000,9.515,0.000,0.109,0.906,1.265,0.543,4.882,0.181,8.779,3.215
Br62_rep6_Dep6_Tu50,43.295,31.431,3.164,8.023,1.444,0.000,0.055,4.009,0.118,0.041,1.652,0.119,3.246,3.402
Br62_rep7_Dep6_Tu0.1,0.000,1.850,0.004,0.000,19.777,0.000,0.093,2.697,3.293,0.611,8.943,0.251,9.489,52.992
Br62_rep9_Dep6_Tu30,26.051,14.436,1.746,3.721,25.913,0.000,0.023,2.759,2.101,0.062,4.884,0.109,10.498,7.698
Br62_rep6_Dep6_Tu20,18.516,25.080,0.648,3.240,0.039,0.000,0.174,2.888,3.875,0.491,3.674,0.206,4.799,36.371
Br62_rep5_Dep6_Tu5,4.092,69.945,0.068,0.030,7.646,0.000,0.061,1.093,2.198,0.495,3.010,0.143,7.994,3.224
Br62_rep4_Dep6_Tu40,36.450,3.705,2.597,5.730,6.709,0.000,0.070,7.715,0.419,0.128,0.633,0.148,4.597,31.098
Br62_rep8_Dep6_Tu0.1,0.000,56.028,0.000,0.000,12.675,0.000,0.125,1.112,1.941,0.511,6.156,0.427,11.643,9.382
Br62_rep1_Dep6_Tu40,34.836,7.316,1.048,6.617,23.908,0.000,0.011,5.388,1.781,0.023,2.061,0.063,11.157,5.790
Br62_rep3_Dep6_Tu30,27.826,5.344,2.756,4.936,7.305,0.000,0.061,5.340,0.273,0.027,4.330,0.260,5.222,36.321
Br62_rep7_Dep6_Tu0.5,0.009,35.592,0.106,0.000,0.191,0.006,0.417,0.524,4.752,2.732,4.722,0.321,7.265,43.364
Br62_rep1_Dep6_Tu10,8.132,67.809,0.265,1.211,6.644,0.000,0.126,1.035,1.740,0.293,3.561,0.171,6.588,2.423
Br62_rep10_Dep6_Tu20,19.516,48.323,0.298,2.342,7.062,0.000,0.177,4.294,0.550,0.133,3.062,0.217,8.945,5.081
Br62_rep1_Dep6_Tu5,4.701,33.824,0.350,0.967,0.188,0.000,0.395,3.408,2.182,1.774,3.939,0.377,5.876,42.019
Br62_rep3_Dep6_Tu50,44.627,11.367,2.973,7.872,0.029,0.000,0.130,3.324,1.535,0.098,3.125,0.149,2.921,21.850
Br62_rep1_Dep6_Tu3,2.516,37.790,0.172,0.628,0.037,0.000,0.298,0.240,4.425,1.476,6.247,0.338,3.820,42.013
Br62_rep7_Dep6_Tu30,27.407,0.778,1.768,5.304,8.276,0.000,0.033,2.206,4.156,0.033,4.209,0.097,5.217,40.517
Br62_rep6_Dep6_Tu1,0.134,24.149,0.016,0.000,16.586,0.000,0.299,2.711,2.763,0.694,5.729,0.343,10.985,35.591
Br62_rep1_Dep6_Tu0.5,0.002,37.350,0.275,0.000,0.251,0.000,0.288,2.212,3.589,2.731,3.844,0.295,7.073,42.091
Br62_rep1_Dep6_Tu0.1,0.000,0.397,0.005,0.000,19.611,0.000,0.262,1.227,5.344,0.948,8.009,0.295,11.281,52.620
Br62_rep9_Dep6_Tu3,0.633,21.606,0.022,0.183,38.944,0.000,0.077,4.957,1.381,0.059,6.473,0.167,14.967,10.531
Br62_rep5_Dep6_Tu40,35.414,24.394,1.831,6.235,4.440,0.000,0.069,4.031,2.209,0.068,1.932,0.258,5.448,13.670
Br62_rep10_Dep6_Tu3,2.447,0.421,0.069,0.004,19.366,0.000,0.146,4.612,2.520,0.813,7.529,0.538,11.221,50.314
Br62_rep2_Dep6_Tu0.3,0.000,14.960,0.000,0.000,43.012,0.000,0.009,3.250,0.809,0.031,6.583,0.053,22.462,8.830
Br62_rep10_Dep6_Tu40,36.256,0.725,1.495,6.161,7.453,0.000,0.087,6.483,1.741,0.265,2.707,0.159,4.110,32.359
Br62_rep3_Dep6_Tu2,1.602,39.327,0.028,0.187,0.011,0.001,0.265,1.644,3.951,1.686,4.914,0.413,4.394,41.578
Br62_rep5_Dep6_Tu1,0.216,47.220,0.007,0.001,13.228,0.000,0.180,0.961,2.875,0.407,7.506,0.204,5.901,21.296
Br62_rep4_Dep6_Tu1,0.019,72.614,0.007,0.004,8.180,0.000,0.175,1.183,1.385,0.459,4.970,0.318,7.956,2.729
Br62_rep10_Dep6_Tu0.5,0.001,72.937,0.000,0.000,8.506,0.000,0.135,0.513,1.575,0.275,5.128,0.249,8.550,2.131
Br62_rep5_Dep6_Tu20,18.308,57.270,0.435,3.659,5.676,0.000,0.065,1.265,1.614,0.068,2.460,0.114,6.883,2.185
Br62_rep6_Dep6_Tu0.3,0.000,22.452,0.000,0.000,36.856,0.000,0.006,4.310,0.184,0.023,10.137,0.161,14.551,11.321
Br62_rep9_Dep6_Tu0.3,0.000,0.362,0.002,0.000,20.379,0.000,0.145,3.662,2.878,0.544,8.805,0.360,9.204,53.659
Br62_rep2_Dep6_Tu20,18.500,26.261,1.502,2.834,0.019,0.000,0.275,2.637,3.004,0.595,3.683,0.116,4.081,36.493
Br62_rep6_Dep6_Tu0.5,0.001,68.887,0.000,0.000,10.113,0.000,0.115,0.628,2.493,0.179,5.419,0.201,9.051,2.913
Br62_rep8_Dep6_Tu10,9.209,53.728,0.320,1.107,9.494,0.000,0.108,2.554,1.947,0.213,3.292,0.262,10.695,7.072
Br62_rep2_Dep6_Tu0.1,0.000,20.664,0.000,0.000,37.411,0.000,0.011,2.925,1.793,0.022,7.779,0.064,18.012,11.319
Br62_rep5_Dep6_Tu10,7.949,21.826,0.035,1.141,32.892,0.000,0.005,2.184,2.381,0.074,7.873,0.069,12.848,10.722
Br62_rep10_Dep6_Tu10,9.402,52.255,0.230,1.007,10.971,0.000,0.140,0.802,2.546,0.364,5.185,0.332,9.763,7.003
Br62_rep4_Dep6_Tu10,8.042,5.660,0.598,1.968,18.281,0.000,0.121,3.692,2.875,0.223,9.866,0.134,2.008,46.534
Br62_rep3_Dep6_Tu0.1,0.000,23.759,0.000,0.000,36.263,0.000,0.011,1.664,2.403,0.024,8.067,0.113,17.415,10.281
Br62_rep2_Dep6_Tu50,44.689,0.655,3.718,7.622,2.708,0.000,0.039,4.581,2.049,0.043,1.673,0.029,3.166,29.028
Br62_rep9_Dep6_Tu10,6.974,21.648,0.024,1.880,33.801,0.000,0.051,3.237,2.616,0.060,4.339,0.122,16.209,9.037
Br62_rep5_Dep6_Tu0.3,0.000,70.245,0.000,0.000,8.146,0.000,0.089,0.858,0.970,0.412,5.899,0.310,7.745,5.326
Br62_rep8_Dep6_Tu50,43.297,32.595,3.110,7.962,1.743,0.000,0.026,2.065,1.480,0.008,1.517,0.136,3.118,2.943
Br62_rep4_Dep6_Tu0.3,0.000,24.942,0.001,0.000,16.943,0.000,0.276,3.676,0.223,0.948,6.902,0.645,11.056,34.389
Br62_rep7_Dep6_Tu1,0.202,5.644,0.047,0.000,19.206,0.002,0.284,3.373,3.777,0.360,7.529,0.546,10.205,48.825
Br62_rep3_Dep6_Tu0.5,0.000,22.011,0.000,0.000,36.883,0.000,0.010,2.686,1.878,0.022,9.976,0.083,15.201,11.250
Br62_rep7_Dep6_Tu40,34.235,12.055,2.636,5.522,22.109,0.000,0.007,2.668,3.034,0.065,3.449,0.104,7.556,6.558
Br62_rep2_Dep6_Tu3,2.127,24.106,0.263,0.282,15.438,0.000,0.226,2.362,4.096,0.916,6.076,0.236,10.098,33.772
Br62_rep2_Dep6_Tu0.5,0.001,1.234,0.014,0.000,19.907,0.000,0.205,1.712,4.355,0.939,9.044,0.491,10.041,52.058
Br62_rep1_Dep6_Tu50,43.406,10.399,1.912,7.698,13.210,0.000,0.032,5.140,1.738,0.055,2.211,0.033,5.155,9.011
Br62_rep3_Dep6_Tu3,2.446,22.130,0.377,0.414,16.148,0.000,0.251,6.019,0.282,0.668,6.567,0.705,10.617,33.375
Br62_rep7_Dep6_Tu3,2.250,71.474,0.013,0.015,7.602,0.000,0.136,0.693,1.299,0.493,5.345,0.240,7.704,2.736
Br62_rep3_Dep6_Tu0.3,0.003,37.784,0.039,0.000,0.106,0.000,0.171,1.270,3.419,1.981,5.935,0.545,5.021,43.725
Br62_rep8_Dep6_Tu30,27.014,0.799,1.673,4.542,11.790,0.000,0.312,3.577,3.656,0.324,3.116,0.132,5.140,37.926
Br62_rep4_Dep6_Tu30,27.986,0.389,1.947,4.841,8.587,0.000,0.059,5.406,2.562,0.113,3.298,0.097,4.516,40.199
Br62_rep6_Dep6_Tu3,2.969,37.967,0.200,0.355,0.249,0.007,0.248,1.816,3.100,1.757,5.405,0.391,4.803,40.733
Br62_rep4_Dep6_Tu0.1,0.001,38.724,0.006,0.000,0.051,0.000,0.304,1.756,2.629,1.790,5.019,0.764,6.508,42.447
Br62_rep8_Dep6_Tu5,3.643,62.653,0.099,0.588,9.064,0.000,0.015,1.323,1.743,0.481,4.044,0.365,9.972,6.010
Br62_rep10_Dep6_Tu50,44.230,30.888,3.094,7.825,2.505,0.000,0.036,4.228,0.944,0.007,1.509,0.067,0.731,3.936
Br62_rep10_Dep6_Tu0.3,0.000,61.860,0.000,0.000,12.073,0.000,0.064,1.914,0.766,0.253,5.273,0.281,10.655,6.861
Br62_rep3_Dep6_Tu20,17.974,0.066,1.235,2.334,13.760,0.000,0.105,2.979,5.612,0.471,2.757,0.091,8.024,44.590
Br62_rep1_Dep6_Tu1,0.001,68.213,0.001,0.000,9.702,0.000,0.189,1.542,2.630,0.554,2.802,0.461,11.002,2.901
Br62_rep3_Dep6_Tu1,0.000,26.194,0.000,0.000,33.744,0.000,0.000,1.668,1.400,0.076,8.647,0.229,16.929,11.112
Br62_rep9_Dep6_Tu2,0.994,10.099,0.201,0.252,17.628,0.000,0.225,2.142,4.702,0.793,7.102,0.375,8.635,46.852
Br62_rep7_Dep6_Tu50,45.084,9.257,3.362,7.534,0.008,0.000,0.028,5.852,0.429,0.234,2.270,0.058,2.172,23.713
Br62_rep7_Dep6_Tu5,4.545,36.870,0.631,0.730,0.047,0.000,0.245,3.233,0.717,1.889,4.408,0.917,5.468,40.300
Br62_rep8_Dep6_Tu2,0.500,24.550,0.001,0.018,35.251,0.000,0.034,4.670,0.914,0.121,5.976,0.325,16.574,11.066
Br62_rep5_Dep6_Tu0.1,0.000,2.794,0.001,0.000,19.995,0.000,0.208,2.143,4.922,1.128,7.991,0.099,9.427,51.291
Br62_rep6_Dep6_Tu5,4.325,34.258,0.214,0.677,0.053,0.000,0.280,1.834,3.110,1.847,4.682,0.317,5.595,42.809
Br62_rep9_Dep6_Tu20,18.527,27.201,1.530,2.826,0.017,0.000,0.095,1.825,3.832,0.288,5.487,0.142,0.817,37.413
Br62_rep2_Dep6_Tu30,28.172,0.362,1.421,5.175,9.048,0.000,0.041,4.534,1.416,0.139,4.781,0.225,4.577,40.108
Br62_rep7_Dep6_Tu10,8.596,1.313,0.549,1.978,15.885,0.000,0.138,4.416,2.611,0.244,7.041,0.113,6.365,50.749
Br62_rep6_Dep6_Tu0.1,0.001,37.414,0.002,0.000,0.071,0.002,0.323,1.321,3.632,2.380,5.520,0.304,6.157,42.873
Br62_rep5_Dep6_Tu50,45.152,0.117,3.624,7.980,3.295,0.000,0.014,4.391,1.949,0.024,3.121,0.068,2.816,27.448
Br62_rep10_Dep6_Tu1,0.002,65.915,0.001,0.000,10.382,0.000,0.084,0.813,2.004,0.889,7.356,0.301,4.741,7.511
Br62_rep1_Dep6_Tu30,27.119,1.600,1.559,4.754,9.783,0.000,0.097,6.176,0.024,0.260,3.881,0.382,6.171,38.195
Br62_rep7_Dep6_Tu0.3,0.000,7.557,0.019,0.000,20.161,0.000,0.167,2.825,3.182,0.660,7.813,0.303,9.694,47.618
Br62_rep2_Dep6_Tu10,8.557,4.473,0.284,1.818,16.401,0.000,0.214,2.881,3.510,0.706,6.923,0.208,8.168,45.857
Br62_rep9_Dep6_Tu0.1,0.000,65.886,0.000,0.000,10.438,0.000,0.134,0.196,0.759,0.503,6.797,0.455,9.312,5.521
Br62_rep3_Dep6_Tu10,9.897,33.333,0.691,1.577,0.020,0.000,0.289,2.445,3.032,0.936,3.583,0.399,5.401,38.397
Br62_rep4_Dep6_Tu5,3.890,67.772,0.170,0.230,8.770,0.000,0.161,2.068,2.302,0.327,1.166,0.188,9.170,3.785
Br62_rep8_Dep6_Tu20,15.979,17.084,0.294,3.725,29.725,0.000,0.063,5.472,0.483,0.034,5.679,0.252,10.372,10.840
Br62_rep1_Dep6_Tu2,1.042,1.484,0.019,0.170,20.804,0.000,0.093,4.637,4.005,1.473,5.609,0.314,10.252,50.096
Br62_rep10_Dep6_Tu5,2.670,20.657,0.014,0.380,35.889,0.000,0.094,1.653,5.104,0.057,6.125,0.028,16.237,11.091
Br62_rep10_Dep6_Tu30,26.724,1.897,1.648,4.838,9.641,0.000,0.123,3.363,3.912,0.225,4.532,0.063,5.878,37.155
Br62_rep6_Dep6_Tu2,0.619,61.519,0.022,0.000,12.412,0.000,0.160,2.005,0.930,0.117,5.534,0.347,9.620,6.715
Br62_rep4_Dep6_Tu3,1.156,20.012,0.023,0.015,39.143,0.000,0.028,4.114,0.927,0.010,8.837,0.114,13.738,11.883
Br66_rep4_Dep6_Tu50,49.948,28.201,1.326,3.920,6.711,0.000,0.153,0.409,0.373,0.185,1.447,0.299,3.039,3.989
Br66_rep3_Dep6_Tu0.5,0.000,22.069,0.000,0.000,37.159,0.000,0.013,3.921,0.694,0.035,9.326,0.126,15.693,10.964
Br66_rep2_Dep6_Tu3,1.612,23.797,0.301,0.014,15.917,0.001,0.314,0.486,4.852,1.493,7.233,0.212,9.912,33.855
Br66_rep6_Dep6_Tu40,39.093,4.268,2.106,4.487,10.109,0.000,0.087,0.569,1.123,0.137,4.296,0.540,3.780,29.404
Br66_rep9_Dep6_Tu0.1,0.000,65.849,0.000,0.000,10.424,0.000,0.111,1.745,1.071,0.319,4.756,0.282,9.841,5.603
Br66_rep9_Dep6_Tu5,4.027,44.197,0.138,0.279,13.392,0.000,0.318,1.105,2.719,0.717,5.439,0.176,8.327,19.166
Br66_rep10_Dep6_Tu1,0.000,14.858,0.000,0.000,44.335,0.000,0.015,4.368,1.937,0.025,3.566,0.025,22.940,7.931
Br66_rep6_Dep6_Tu20,20.014,27.175,0.945,2.294,0.267,0.000,0.429,2.777,0.051,1.875,2.837,0.685,6.008,34.642
Br66_rep10_Dep6_Tu30,30.078,23.448,1.369,2.615,1.333,0.001,0.308,0.787,2.272,1.182,3.198,0.357,4.353,28.699
Br66_rep10_Dep6_Tu5,5.194,36.025,0.293,0.149,0.240,0.009,0.297,1.853,2.675,2.523,5.016,0.360,5.200,40.165
Br66_rep7_Dep6_Tu1,0.024,5.080,0.034,0.000,19.135,0.000,0.181,1.755,4.465,1.077,8.325,0.486,10.127,49.310
Br66_rep6_Dep6_Tu0.3,0.000,22.047,0.000,0.000,36.865,0.000,0.012,0.062,3.021,0.041,11.041,0.095,15.743,11.073
Br66_rep1_Dep6_Tu30,29.744,0.819,1.274,3.009,12.620,0.000,0.294,0.185,2.900,0.647,4.373,0.560,6.892,36.684
Br66_rep3_Dep6_Tu1,0.000,23.667,0.000,0.000,34.480,0.000,0.045,2.936,1.186,0.085,6.775,0.232,18.684,11.909
Br66_rep3_Dep6_Tu30,29.553,6.600,2.237,2.714,11.019,0.000,0.209,1.168,0.222,0.921,5.588,0.787,5.188,33.794
Br66_rep9_Dep6_Tu1,0.054,0.862,0.029,0.000,21.573,0.000,0.184,1.128,6.042,1.383,8.103,0.286,9.959,50.397
Br66_rep9_Dep6_Tu40,38.289,12.531,1.801,3.326,24.638,0.000,0.033,1.136,0.935,0.109,2.459,0.465,8.214,6.063
Br66_rep5_Dep6_Tu1,0.022,46.782,0.022,0.000,13.136,0.000,0.260,1.058,2.497,0.845,6.089,0.236,8.662,20.390
Br66_rep2_Dep6_Tu5,1.713,15.754,0.032,0.005,43.991,0.000,0.054,0.019,3.940,0.106,6.702,0.076,20.805,6.804
Br66_rep5_Dep6_Tu30,30.099,23.304,1.503,2.790,0.227,0.000,0.668,0.457,2.595,1.452,2.494,0.334,4.120,29.957
Br66_rep7_Dep6_Tu50,51.066,14.615,1.763,4.503,0.232,0.002,0.394,0.305,0.679,0.453,1.274,0.361,2.315,22.038
Br66_rep4_Dep6_Tu40,38.771,2.714,1.587,4.047,10.969,0.000,0.513,2.855,0.233,0.413,3.343,0.486,4.648,29.421
Br66_rep8_Dep6_Tu5,4.110,62.649,0.003,0.015,9.609,0.000,0.103,0.775,2.706,0.274,3.744,0.315,10.082,5.617
Br66_rep9_Dep6_Tu2,0.923,10.539,0.107,0.000,18.482,0.000,0.223,4.945,1.092,1.106,6.894,0.698,8.661,46.330
Br66_rep6_Dep6_Tu30,28.751,51.319,1.967,2.129,5.114,0.001,0.123,0.070,0.657,0.263,2.229,0.213,4.592,2.572
Br66_rep4_Dep6_Tu0.1,0.000,38.769,0.003,0.000,0.043,0.000,0.325,2.304,1.352,2.133,5.252,0.864,6.428,42.526
Br66_rep5_Dep6_Tu10,8.012,21.083,0.100,0.511,35.224,0.000,0.046,2.784,1.787,0.123,6.672,0.119,15.059,8.479
Br66_rep3_Dep6_Tu40,37.921,16.950,0.935,3.923,23.855,0.000,0.076,1.669,0.373,0.148,4.513,0.416,2.402,6.819
Br66_rep9_Dep6_Tu0.5,0.002,2.037,0.050,0.000,19.196,0.000,0.154,1.837,4.963,0.480,8.716,0.208,8.889,53.466
Br66_rep8_Dep6_Tu2,0.094,24.566,0.001,0.000,36.209,0.000,0.088,4.410,2.285,0.142,2.849,0.294,18.164,10.898
Br66_rep10_Dep6_Tu2,1.069,33.183,0.052,0.079,12.269,0.007,0.369,2.674,1.481,1.518,5.736,0.882,11.642,29.040
Br66_rep6_Dep6_Tu0.1,0.000,37.468,0.002,0.000,0.058,0.000,0.267,0.294,4.745,2.405,5.750,0.032,5.927,43.052
Br66_rep5_Dep6_Tu0.5,0.002,3.425,0.071,0.000,19.969,0.000,0.294,3.686,4.172,0.737,4.803,0.085,11.864,50.889
Br66_rep2_Dep6_Tu20,19.516,27.758,2.076,1.613,0.044,0.000,0.311,2.135,1.283,1.201,3.329,0.643,4.650,35.443
Br66_rep4_Dep6_Tu0.5,0.000,71.189,0.000,0.000,9.182,0.000,0.108,1.050,0.628,0.740,5.063,0.255,8.954,2.831
Br66_rep4_Dep6_Tu5,4.117,67.240,0.024,0.008,9.538,0.000,0.155,2.210,0.799,0.466,4.312,0.273,6.579,4.280
Br66_rep8_Dep6_Tu0.5,0.001,37.717,0.044,0.000,0.091,0.000,0.291,1.442,3.566,2.032,5.266,0.490,5.544,43.514
Br66_rep5_Dep6_Tu20,19.363,57.775,0.537,1.170,8.038,0.000,0.255,0.479,1.312,0.378,2.841,0.527,5.705,1.621
Br66_rep1_Dep6_Tu3,2.605,38.631,0.067,0.000,0.010,0.000,0.390,0.669,3.012,2.079,6.012,0.593,4.336,41.595
Br66_rep10_Dep6_Tu10,10.050,34.883,0.571,0.784,7.261,0.001,0.414,2.469,0.986,1.142,4.254,0.670,8.657,27.857
Br66_rep3_Dep6_Tu10,10.185,34.199,0.344,0.152,0.049,0.015,0.548,1.935,1.967,2.060,3.402,1.052,5.955,38.137
Br66_rep10_Dep6_Tu40,38.919,41.732,1.238,4.245,5.480,0.000,0.180,0.215,0.321,0.356,1.675,0.333,3.712,1.592
Br66_rep1_Dep6_Tu50,48.346,10.553,1.650,4.470,18.570,0.000,0.237,0.114,0.711,0.476,2.538,0.234,7.234,4.867
Br66_rep10_Dep6_Tu0.5,0.000,31.793,0.000,0.000,18.875,0.000,0.246,1.371,2.872,0.788,7.266,0.218,11.274,25.297
Br66_rep1_Dep6_Tu0.3,0.000,39.297,0.041,0.000,0.004,0.001,0.340,3.598,0.847,1.964,5.667,0.720,4.757,42.762
Br66_rep10_Dep6_Tu0.1,0.000,38.521,0.004,0.000,6.093,0.000,0.170,1.533,2.901,1.524,6.008,0.448,8.528,34.268
Br66_rep8_Dep6_Tu40,39.543,1.052,2.130,3.712,11.114,0.000,0.320,2.084,0.463,0.057,4.645,0.393,0.291,34.196
Br66_rep3_Dep6_Tu20,19.684,0.426,0.989,1.206,15.751,0.000,0.302,2.575,2.551,0.504,5.650,0.393,6.724,43.243
Br66_rep9_Dep6_Tu0.3,0.000,0.406,0.002,0.000,20.515,0.000,0.215,3.396,2.188,0.656,9.191,0.563,9.202,53.665
Br66_rep7_Dep6_Tu0.3,0.000,4.934,0.016,0.000,20.929,0.000,0.162,3.775,1.653,0.733,8.787,0.404,10.069,48.537
Br66_rep5_Dep6_Tu2,0.666,66.031,0.014,0.002,10.041,0.000,0.173,0.164,2.416,0.640,4.095,0.301,10.577,4.882
Br66_rep5_Dep6_Tu0.3,0.000,70.480,0.000,0.000,8.042,0.000,0.119,1.252,1.227,0.233,5.175,0.233,7.949,5.289
Br66_rep6_Dep6_Tu5,5.159,32.848,0.355,0.152,0.354,0.013,0.358,1.988,1.974,2.451,4.219,0.544,7.257,42.328
Br66_rep5_Dep6_Tu3,1.820,1.598,0.100,0.036,20.345,0.004,0.277,4.914,1.287,1.143,6.861,0.778,10.151,50.686
Br66_rep1_Dep6_Tu5,4.737,34.379,0.086,0.234,0.524,0.108,0.497,2.090,3.811,1.414,4.078,0.266,6.631,41.145
Br66_rep6_Dep6_Tu10,7.930,22.878,0.327,0.195,33.863,0.000,0.063,1.920,3.270,0.112,4.037,0.248,15.770,9.388
Br66_rep3_Dep6_Tu5,4.310,19.525,0.215,0.048,17.966,0.002,0.432,3.314,1.836,0.852,4.715,0.480,10.622,35.682
Br66_rep1_Dep6_Tu1,0.005,68.522,0.000,0.000,9.445,0.000,0.166,1.627,2.290,0.698,2.802,0.360,11.175,2.910
Br66_rep4_Dep6_Tu30,29.600,0.490,0.708,3.216,12.639,0.000,0.307,1.006,2.391,0.566,5.708,0.495,4.749,38.124
Br66_rep8_Dep6_Tu20,17.634,17.560,0.450,1.591,32.568,0.000,0.206,0.331,1.209,0.359,5.027,0.789,14.044,8.232
Br66_rep4_Dep6_Tu10,8.539,4.343,0.932,1.326,19.204,0.000,0.235,4.357,1.597,0.671,5.632,0.165,8.788,44.210
Br66_rep2_Dep6_Tu1,0.020,23.607,0.006,0.000,16.533,0.000,0.145,1.161,4.098,0.635,8.226,0.285,11.207,34.077
Br66_rep6_Dep6_Tu2,0.364,60.694,0.003,0.000,12.589,0.000,0.171,1.397,1.384,0.625,5.226,0.447,10.374,6.725
Br66_rep6_Dep6_Tu0.5,0.000,68.830,0.000,0.000,10.088,0.000,0.073,1.221,1.711,0.473,4.847,0.175,9.909,2.674
Br66_rep5_Dep6_Tu0.1,0.000,2.713,0.001,0.000,20.382,0.000,0.234,3.252,4.124,0.234,8.117,0.303,9.206,51.434
Br66_rep2_Dep6_Tu2,1.989,38.247,0.189,0.003,0.074,0.125,0.702,1.672,3.156,1.529,3.641,0.476,7.412,40.785
Br66_rep10_Dep6_Tu50,50.325,14.716,2.141,5.045,1.235,0.001,0.372,0.942,0.034,0.115,1.440,0.697,2.714,20.222
Br66_rep7_Dep6_Tu3,1.791,70.840,0.001,0.000,8.157,0.000,0.168,1.594,1.327,0.609,3.987,0.275,8.323,2.928
Br66_rep7_Dep6_Tu10,9.694,1.137,0.699,0.705,17.417,0.001,0.386,2.778,3.843,0.542,6.163,0.125,7.995,48.517
Br66_rep2_Dep6_Tu0.5,0.000,0.619,0.008,0.000,20.076,0.000,0.159,0.894,5.358,0.749,9.408,0.375,9.841,52.513
Br66_rep5_Dep6_Tu50,49.395,1.033,2.975,5.126,8.734,0.001,0.229,0.601,0.975,0.207,1.484,0.474,3.395,25.370
Br66_rep9_Dep6_Tu20,20.191,27.732,0.876,2.412,0.080,0.000,0.175,1.101,2.058,0.939,4.363,0.274,3.549,36.250
Br66_rep8_Dep6_Tu3,0.564,15.611,0.005,0.000,44.874,0.000,0.030,1.908,3.089,0.052,7.160,0.033,19.492,7.181
Br66_rep9_Dep6_Tu10,7.377,23.034,0.066,0.497,35.539,0.000,0.159,3.474,1.438,0.054,4.999,0.190,15.043,8.129
Br66_rep7_Dep6_Tu2,1.500,35.702,0.122,0.002,0.078,0.000,0.377,1.614,1.695,3.594,4.991,0.555,6.624,43.146
Br66_rep6_Dep6_Tu3,2.618,38.730,0.092,0.223,0.253,0.018,0.375,1.588,2.892,1.991,5.062,0.405,5.418,40.336
Br66_rep1_Dep6_Tu0.5,0.029,37.288,0.024,0.000,0.408,0.000,0.179,2.049,2.674,2.789,5.367,0.358,6.454,42.380
Br66_rep2_Dep6_Tu40,38.242,42.074,2.107,3.414,6.344,0.000,0.229,0.145,0.207,0.112,1.315,0.420,4.143,1.248
Br66_rep1_Dep6_Tu2,1.157,1.492,0.018,0.008,21.010,0.001,0.279,3.324,4.425,1.208,6.579,0.336,10.183,49.982
Br66_rep8_Dep6_Tu1,0.000,24.139,0.000,0.000,36.273,0.000,0.041,2.960,1.681,0.011,6.143,0.137,17.920,10.695
Br66_rep4_Dep6_Tu3,0.820,18.645,0.068,0.003,39.943,0.000,0.049,3.202,1.714,0.118,6.974,0.142,17.889,10.435
Br66_rep7_Dep6_Tu40,37.451,14.310,2.169,3.193,25.596,0.000,0.165,0.820,0.329,0.168,3.169,0.575,6.921,5.133
Br66_rep7_Dep6_Tu0.5,0.030,35.829,0.035,0.000,0.300,0.005,0.383,1.668,3.789,2.795,4.504,0.355,6.997,43.310
Br66_rep2_Dep6_Tu30,30.505,0.229,1.092,3.394,12.919,0.000,0.414,2.084,0.626,0.372,4.279,0.485,6.200,37.401
Br66_rep2_Dep6_Tu0.1,0.000,20.805,0.000,0.000,37.495,0.000,0.012,3.657,1.029,0.039,7.664,0.107,17.956,11.235
Br66_rep7_Dep6_Tu0.1,0.000,2.430,0.004,0.000,19.780,0.000,0.057,2.206,3.927,0.431,10.273,0.142,6.987,53.762
Br66_rep1_Dep6_Tu40,37.618,9.833,0.467,4.033,27.547,0.000,0.104,2.371,0.053,0.131,2.614,0.437,10.657,4.135
Br66_rep7_Dep6_Tu5,4.868,36.961,0.241,0.282,0.096,0.003,0.592,1.899,1.421,2.452,4.432,0.866,5.473,40.412
Br66_rep4_Dep6_Tu1,0.055,72.499,0.000,0.001,8.299,0.000,0.185,0.650,1.335,0.591,5.263,0.392,8.229,2.500
Br66_rep8_Dep6_Tu0.1,0.000,56.822,0.000,0.000,12.736,0.000,0.093,2.699,0.553,0.459,7.416,0.427,8.643,10.151
Br66_rep4_Dep6_Tu2,0.014,25.633,0.001,0.000,34.695,0.000,0.049,1.447,3.706,0.086,5.578,0.095,16.864,11.831
Br66_rep1_Dep6_Tu0.1,0.000,0.756,0.002,0.000,19.601,0.000,0.278,3.120,3.880,0.603,7.302,0.401,11.224,52.833
Br66_rep2_Dep6_Tu10,9.932,3.939,0.309,0.413,17.832,0.020,0.478,3.202,2.733,0.709,6.196,0.369,8.342,45.526
Br66_rep4_Dep6_Tu20,19.566,33.282,1.337,1.746,12.508,0.000,0.204,1.418,1.165,0.415,3.150,0.770,10.259,14.179
Br66_rep4_Dep6_Tu0.3,0.000,24.271,0.000,0.000,16.970,0.000,0.221,1.847,3.587,0.690,5.642,0.313,11.724,34.736
Br66_rep10_Dep6_Tu3,2.053,31.680,0.015,0.002,20.572,0.000,0.281,2.623,0.528,0.849,6.911,0.533,10.058,23.895
Br66_rep1_Dep6_Tu20,18.649,54.781,0.772,1.466,8.109,0.000,0.074,1.014,1.123,0.350,2.451,0.523,7.794,2.896
Br66_rep6_Dep6_Tu1,0.051,23.884,0.007,0.000,16.469,0.000,0.309,2.156,2.516,1.145,6.568,0.395,11.143,35.357
Br66_rep6_Dep6_Tu50,48.094,33.396,2.451,4.609,4.274,0.000,0.106,0.337,0.064,0.195,0.527,0.189,3.768,1.989
Br66_rep9_Dep6_Tu3,0.395,20.721,0.004,0.000,39.900,0.000,0.064,4.176,1.904,0.048,7.359,0.203,15.465,9.761
Br66_rep3_Dep6_Tu50,49.897,15.807,2.786,4.578,0.291,0.001,0.382,0.161,0.563,0.641,1.499,0.250,3.392,19.750
Br66_rep8_Dep6_Tu30,28.580,1.513,0.855,3.065,14.874,0.000,0.511,1.508,2.115,0.618,4.401,0.477,3.874,37.609
Br66_rep7_Dep6_Tu20,19.974,0.976,0.863,1.128,14.656,0.000,0.222,1.869,2.622,0.444,5.490,0.406,6.351,44.998
Br66_rep3_Dep6_Tu2,1.624,39.485,0.105,0.002,0.012,0.017,0.333,1.651,3.021,2.136,5.035,0.592,4.896,41.090
Br66_rep8_Dep6_Tu50,48.930,35.121,1.464,4.480,3.607,0.000,0.350,0.366,0.066,0.102,0.394,0.367,2.112,2.640
Br66_rep3_Dep6_Tu3,2.220,22.236,0.067,0.019,17.152,0.000,0.435,3.936,2.005,1.302,6.283,0.641,10.759,32.947
Br66_rep3_Dep6_Tu0.3,0.010,38.393,0.041,0.000,0.115,0.000,0.252,1.275,4.106,1.255,6.812,0.463,2.916,44.362
Br66_rep8_Dep6_Tu0.3,0.000,0.249,0.003,0.000,20.392,0.000,0.181,3.142,3.644,0.539,7.945,0.332,9.801,53.770
Br66_rep3_Dep6_Tu0.1,0.000,23.831,0.000,0.000,36.375,0.000,0.009,3.666,0.783,0.023,7.633,0.149,17.184,10.347
Br66_rep10_Dep6_Tu0.3,0.000,22.151,0.002,0.000,17.347,0.000,0.082,2.983,1.474,0.703,8.240,0.713,11.417,34.889
Br66_rep2_Dep6_Tu50,48.947,0.122,1.933,5.180,9.479,0.000,0.103,1.175,0.421,0.306,2.866,0.442,0.993,28.034
Br66_rep5_Dep6_Tu5,3.733,70.531,0.006,0.003,8.710,0.000,0.088,1.502,0.924,0.508,4.269,0.302,6.486,2.937
Br66_rep10_Dep6_Tu20,18.568,52.137,0.694,1.425,9.459,0.000,0.292,1.378,1.229,0.238,2.405,0.566,7.621,3.988
Br66_rep7_Dep6_Tu30,29.754,0.919,2.477,2.070,11.762,0.000,0.438,2.748,0.402,0.463,3.597,0.686,5.810,38.875
Br66_rep9_Dep6_Tu30,27.926,15.432,1.507,2.124,29.102,0.000,0.227,1.841,1.064,0.084,2.483,0.414,12.519,5.276
Br66_rep5_Dep6_Tu40,39.378,26.219,0.990,3.176,7.587,0.000,0.595,0.475,1.031,0.363,2.102,0.651,5.692,11.741
Br66_rep8_Dep6_Tu10,10.322,53.284,0.047,0.328,11.306,0.000,0.083,0.103,2.665,0.440,4.045,0.350,11.046,5.981
Br66_rep9_Dep6_Tu50,49.160,1.832,3.229,4.551,6.828,0.000,0.378,0.503,0.481,0.413,0.185,0.724,3.049,28.665
Br66_rep2_Dep6_Tu0.3,0.000,15.208,0.000,0.000,42.794,0.000,0.007,1.251,2.950,0.002,6.283,0.019,22.739,8.748
Br66_rep1_Dep6_Tu10,8.501,67.383,0.122,0.510,8.159,0.000,0.197,1.637,0.688,0.661,2.005,0.348,8.040,1.750
Cer77_rep9_Dep6_Tu3,0.000,20.224,2.743,0.000,37.699,0.000,0.068,3.045,3.004,0.013,9.338,0.224,15.211,8.429
Cer77_rep5_Dep6_Tu30,0.004,11.179,45.274,0.068,0.008,0.058,0.979,10.730,3.284,1.392,4.932,1.246,5.054,15.791
Cer77_rep3_Dep6_Tu30,0.002,0.940,48.608,0.029,2.241,0.002,1.059,5.488,6.191,0.710,7.094,0.716,7.576,19.344
Cer77_rep8_Dep6_Tu50,0.002,7.168,64.934,0.047,0.083,0.002,0.865,17.052,2.074,0.324,5.612,1.345,0.494,0.000
Cer77_rep1_Dep6_Tu1,0.000,67.905,0.057,0.000,9.515,0.000,0.043,3.113,0.180,0.422,5.859,0.625,9.355,2.926
Cer77_rep7_Dep6_Tu3,0.000,67.983,3.709,0.011,7.484,0.000,0.320,1.432,2.715,0.528,3.524,0.207,9.947,2.139
Cer77_rep10_Dep6_Tu2,0.002,32.795,3.735,0.000,10.910,0.000,0.430,0.300,4.285,0.846,6.521,0.549,11.829,27.797
Cer77_rep2_Dep6_Tu0.5,0.000,1.193,0.183,0.000,20.054,0.000,0.190,4.672,1.748,0.717,8.962,0.628,9.507,52.144
Cer77_rep3_Dep6_Tu20,0.007,0.156,33.449,0.024,7.036,0.002,0.796,8.633,2.011,0.680,7.188,0.667,7.231,32.120
Cer77_rep1_Dep6_Tu2,0.001,1.838,2.991,0.000,19.627,0.000,0.265,5.320,2.212,1.495,7.608,0.522,9.697,48.422
Cer77_rep2_Dep6_Tu5,0.000,13.397,5.976,0.003,41.008,0.000,0.066,4.271,2.383,0.066,6.310,0.056,20.889,5.575
Cer77_rep5_Dep6_Tu0.5,0.000,3.732,0.433,0.000,19.671,0.000,0.327,4.680,2.978,0.661,5.132,0.352,11.867,50.167
Cer77_rep2_Dep6_Tu50,0.001,0.059,68.219,0.031,0.031,0.000,0.917,8.206,9.997,0.423,5.876,0.677,5.061,0.500
