Sample,BRCA,CEAD,CESC,COAD,OV,READ,bcell,cd4tcell,cd8tcell,erythroblast,monocyte,naturalkillercell,neutrophil
Colo_rep2_Dep6_Tu0.5,0.000,75.274,0.004,0.000,2.521,0.001,0.201,1.848,1.248,1.464,7.404,0.750,9.284
Colo_rep2_Dep6_Tu50,0.054,35.714,1.931,0.030,5.029,36.268,0.671,5.610,3.013,0.347,6.786,1.428,3.120
Colo_rep6_Dep6_Tu1,0.000,52.164,0.002,0.000,21.943,0.004,0.258,2.600,0.578,1.345,8.095,0.544,12.466
Colo_rep3_Dep6_Tu2,0.000,56.615,0.015,0.000,15.590,0.878,0.221,2.711,1.152,1.718,8.625,0.919,11.557
Colo_rep7_Dep6_Tu2,0.008,58.541,0.007,0.002,13.955,1.015,0.225,1.451,2.251,1.775,7.576,0.395,12.800
Colo_rep8_Dep6_Tu0.1,0.000,16.321,0.000,0.000,50.985,0.000,0.057,3.058,2.803,0.205,8.904,0.269,17.397
Colo_rep10_Dep6_Tu2,0.000,69.751,0.011,0.000,5.951,1.188,0.290,3.176,1.497,1.412,6.154,0.432,10.139
Colo_rep6_Dep6_Tu3,0.000,54.645,0.040,0.001,15.986,1.980,0.255,1.761,3.033,0.932,8.019,0.427,12.919
Colo_rep9_Dep6_Tu30,0.024,13.868,1.161,0.000,36.972,21.126,0.567,4.945,1.687,0.457,9.391,1.059,8.742
Colo_rep9_Dep6_Tu0.5,0.000,76.513,0.014,0.000,2.409,0.004,0.181,0.366,2.392,1.117,8.096,0.374,8.534
Colo_rep6_Dep6_Tu20,0.003,47.547,0.453,0.000,11.837,14.529,0.419,5.478,0.196,0.678,8.450,1.084,9.326
Colo_rep8_Dep6_Tu30,0.085,53.294,0.811,0.000,3.696,21.718,0.732,3.440,3.328,1.165,6.074,0.392,5.266
Colo_rep3_Dep6_Tu5,0.000,51.187,0.021,0.000,19.855,3.352,0.268,1.412,3.051,1.071,6.042,0.430,13.310
Colo_rep4_Dep6_Tu3,0.001,24.973,0.036,0.000,44.893,1.423,0.123,2.141,2.515,0.441,7.219,0.257,15.978
Colo_rep2_Dep6_Tu10,0.003,64.068,0.168,0.000,4.693,7.635,0.380,1.284,2.847,0.984,7.516,0.651,9.772
Colo_rep3_Dep6_Tu40,0.011,7.985,1.641,0.003,34.063,28.908,0.605,2.696,4.295,0.358,8.555,1.008,9.872
Colo_rep3_Dep6_Tu30,0.050,45.888,1.288,0.001,7.825,21.986,0.430,6.395,0.056,0.479,7.579,0.639,7.385
Colo_rep6_Dep6_Tu30,0.002,3.630,0.637,0.001,45.756,21.202,0.255,6.675,1.608,0.414,7.719,0.561,11.540
Colo_rep4_Dep6_Tu50,0.014,5.809,2.629,0.016,29.412,35.633,0.429,0.525,8.668,0.587,9.844,0.606,5.827
Colo_rep5_Dep6_Tu50,0.030,33.834,2.336,0.009,4.129,36.292,0.473,1.463,6.575,0.456,8.301,1.708,4.393
Colo_rep6_Dep6_Tu2,0.000,11.946,0.011,0.000,56.814,0.208,0.099,2.333,2.455,0.433,9.184,0.305,16.211
Colo_rep10_Dep6_Tu50,0.097,3.806,1.736,0.049,32.288,35.871,0.766,5.718,4.261,0.468,8.304,0.821,5.815
Colo_rep7_Dep6_Tu50,0.026,25.484,1.879,0.002,10.286,36.097,1.178,8.482,2.580,0.981,4.579,0.547,7.879
Colo_rep9_Dep6_Tu40,0.033,14.021,1.503,0.000,30.349,28.380,0.485,5.814,2.792,0.133,7.720,1.220,7.550
Colo_rep8_Dep6_Tu5,0.000,10.313,0.042,0.023,54.827,2.423,0.057,1.341,4.169,0.553,8.760,0.319,17.174
Colo_rep1_Dep6_Tu20,0.001,2.738,0.780,0.002,51.427,13.748,0.096,3.529,4.210,0.205,8.174,0.521,14.569
Colo_rep9_Dep6_Tu2,0.000,67.391,0.031,0.000,9.161,1.032,0.205,1.034,2.063,1.638,7.743,0.639,9.064
Colo_rep5_Dep6_Tu30,0.041,38.964,0.654,0.002,14.077,21.368,1.063,2.683,3.610,1.516,11.392,0.929,3.701
Colo_rep4_Dep6_Tu0.1,0.000,57.910,0.002,0.000,15.474,0.000,0.140,2.219,1.048,0.869,8.545,0.664,13.130
Colo_rep5_Dep6_Tu0.1,0.000,74.729,0.001,0.000,3.249,0.000,0.267,2.049,1.881,1.413,6.746,0.417,9.247
Colo_rep9_Dep6_Tu3,0.000,23.794,0.013,0.000,47.442,1.139,0.155,3.001,1.538,0.493,9.301,0.644,12.481
Colo_rep2_Dep6_Tu0.1,0.000,25.847,0.001,0.000,44.971,0.000,0.075,3.701,1.446,0.423,7.238,0.298,16.000
Colo_rep8_Dep6_Tu10,0.001,11.513,0.123,0.000,49.557,6.232,0.478,4.396,2.974,0.594,6.476,0.482,17.173
Colo_rep4_Dep6_Tu30,0.059,54.027,0.738,0.005,2.735,21.569,0.626,4.224,3.877,0.768,7.613,1.044,2.715
Colo_rep2_Dep6_Tu2,0.001,56.260,0.009,0.000,15.718,0.774,0.375,1.533,2.514,1.928,6.710,0.515,13.664
Colo_rep1_Dep6_Tu5,0.000,56.750,0.021,0.000,13.976,3.082,0.387,0.294,4.481,1.220,8.012,0.376,11.400
Colo_rep8_Dep6_Tu50,0.013,1.956,2.201,0.007,34.720,35.536,0.475,8.028,1.279,0.474,7.830,0.991,6.490
Colo_rep5_Dep6_Tu5,0.000,6.929,0.002,0.000,60.235,2.377,0.133,1.295,2.437,0.577,9.607,0.519,15.889
Colo_rep6_Dep6_Tu50,0.003,2.914,2.032,0.002,32.706,35.760,0.522,7.161,2.600,0.391,8.351,0.773,6.784
Colo_rep5_Dep6_Tu0.5,0.000,72.773,0.005,0.000,4.687,0.001,0.303,1.854,1.138,1.462,6.029,0.501,11.247
Colo_rep4_Dep6_Tu20,0.002,18.857,0.194,0.000,35.662,14.078,0.274,3.428,5.306,0.198,5.706,0.569,15.728
Colo_rep8_Dep6_Tu40,0.087,44.937,1.787,0.034,3.373,28.948,0.397,4.265,3.315,0.664,6.841,1.065,4.286
Colo_rep7_Dep6_Tu0.3,0.000,69.400,0.011,0.000,8.443,0.000,0.174,1.399,1.517,1.220,7.371,0.433,10.032
Colo_rep7_Dep6_Tu30,0.008,53.718,1.260,0.010,1.903,21.800,0.774,4.883,0.882,0.778,6.525,1.389,6.072
Colo_rep10_Dep6_Tu20,0.009,7.926,0.375,0.000,45.831,13.680,0.500,4.000,3.501,0.409,8.095,0.814,14.860
Colo_rep9_Dep6_Tu10,0.000,19.496,0.064,0.000,44.935,6.567,0.319,3.501,1.576,0.587,7.525,0.617,14.812
Colo_rep9_Dep6_Tu0.1,0.000,10.942,0.000,0.000,57.120,0.000,0.064,2.324,3.701,0.200,7.770,0.125,17.753
Colo_rep10_Dep6_Tu0.3,0.000,12.570,0.000,0.000,55.646,0.000,0.039,1.267,3.176,0.079,10.618,0.135,16.469
Colo_rep8_Dep6_Tu20,0.000,19.696,0.731,0.000,38.650,13.746,0.444,3.534,3.594,0.819,5.560,1.141,12.084
Colo_rep3_Dep6_Tu3,0.002,49.056,0.052,0.002,21.166,1.940,0.210,2.584,2.933,0.918,7.703,0.680,12.754
Colo_rep4_Dep6_Tu2,0.000,25.867,0.005,0.000,45.323,0.479,0.169,2.021,2.965,0.695,6.472,0.340,15.662
Colo_rep10_Dep6_Tu0.1,0.000,8.448,0.000,0.000,58.244,0.000,0.061,2.064,2.910,0.266,9.487,0.231,18.288
Colo_rep4_Dep6_Tu0.3,0.000,51.024,0.001,0.000,23.190,0.000,0.324,2.236,0.301,1.270,7.991,0.622,13.039
Colo_rep9_Dep6_Tu0.3,0.000,77.839,0.002,0.000,0.873,0.000,0.206,1.353,1.502,1.321,7.281,0.591,9.033
Colo_rep1_Dep6_Tu10,0.000,4.351,0.045,0.004,58.599,6.371,0.203,3.795,4.168,0.169,7.208,0.235,14.850
Colo_rep6_Dep6_Tu0.3,0.000,25.420,0.000,0.000,45.556,0.000,0.020,2.129,2.673,0.340,10.121,0.263,13.477
Colo_rep6_Dep6_Tu0.5,0.000,7.385,0.000,0.000,60.042,0.000,0.045,1.412,3.336,0.328,10.912,0.117,16.421
Colo_rep10_Dep6_Tu10,0.005,11.158,0.164,0.000,50.567,6.345,0.268,2.283,3.673,0.601,9.320,0.731,14.885
Colo_rep10_Dep6_Tu1,0.000,12.003,0.001,0.000,56.471,0.000,0.076,2.323,2.453,0.342,10.203,0.379,15.748
Colo_rep10_Dep6_Tu5,0.000,24.727,0.077,0.000,43.781,2.702,0.311,1.118,4.901,0.924,6.804,0.233,14.422
Colo_rep10_Dep6_Tu40,0.016,43.150,2.044,0.058,3.892,29.341,0.643,4.732,3.581,0.533,7.304,1.041,3.667
Colo_rep10_Dep6_Tu0.5,0.000,6.327,0.000,0.000,61.883,0.000,0.049,1.994,3.320,0.129,9.574,0.105,16.618
Colo_rep1_Dep6_Tu1,0.000,7.320,0.000,0.000,58.968,0.000,0.069,2.775,2.110,0.410,10.348,0.387,17.614
Colo_rep7_Dep6_Tu20,0.008,61.075,0.668,0.001,2.530,14.805,0.446,2.318,3.269,0.470,7.609,0.328,6.475
Colo_rep6_Dep6_Tu10,0.000,21.883,0.488,0.001,42.970,6.544,0.132,2.084,3.005,0.531,7.750,0.628,13.982
Colo_rep10_Dep6_Tu3,0.003,72.105,0.046,0.000,2.455,1.938,0.121,0.893,2.897,1.410,7.841,0.441,9.851
Colo_rep1_Dep6_Tu30,0.026,50.518,0.886,0.001,3.516,22.386,0.578,7.005,0.556,0.652,4.249,1.507,8.121
Colo_rep1_Dep6_Tu0.1,0.001,76.193,0.004,0.000,0.745,0.000,0.394,1.691,1.421,1.585,6.371,0.665,10.930
Colo_rep7_Dep6_Tu5,0.003,55.539,0.043,0.000,15.906,3.253,0.308,2.410,1.408,0.986,8.502,0.823,10.820
Colo_rep7_Dep6_Tu0.1,0.000,76.233,0.005,0.000,2.449,0.000,0.096,1.003,2.311,0.889,7.156,0.244,9.614
Colo_rep6_Dep6_Tu40,0.028,40.116,1.869,0.010,8.142,29.041,0.499,2.921,3.930,0.646,10.135,0.787,1.876
Colo_rep8_Dep6_Tu2,0.000,23.554,0.014,0.000,46.304,0.482,0.217,1.285,2.492,1.194,8.109,0.533,15.815
Colo_rep7_Dep6_Tu0.5,0.000,59.636,0.003,0.000,13.946,0.001,0.223,2.701,1.588,1.525,6.734,0.467,13.176
Colo_rep5_Dep6_Tu20,0.003,3.397,0.180,0.000,52.557,13.663,0.344,3.511,3.467,0.507,9.162,0.646,12.563
Colo_rep8_Dep6_Tu0.3,0.000,78.653,0.002,0.000,1.077,0.000,0.163,1.403,1.743,1.086,8.473,0.542,6.858
Colo_rep4_Dep6_Tu5,0.000,6.212,0.008,0.000,59.500,2.549,0.125,1.909,3.616,0.343,9.141,0.169,16.428
Colo_rep9_Dep6_Tu1,0.001,74.173,0.012,0.000,3.036,0.117,0.340,0.154,2.501,2.677,8.042,0.482,8.466
Colo_rep1_Dep6_Tu0.5,0.000,58.257,0.006,0.000,15.047,0.000,0.133,0.184,4.313,1.490,7.742,0.177,12.650
Colo_rep8_Dep6_Tu3,0.000,21.812,0.016,0.000,47.710,1.306,0.232,2.146,1.822,1.266,6.480,0.347,16.862
Colo_rep5_Dep6_Tu0.3,0.000,4.340,0.000,0.000,62.043,0.000,0.039,3.272,2.041,0.088,10.049,0.177,17.950
Colo_rep2_Dep6_Tu30,0.005,52.980,0.935,0.000,1.372,21.750,0.866,2.497,3.357,0.717,6.829,1.042,7.650
Colo_rep7_Dep6_Tu10,0.003,70.172,0.059,0.000,1.842,7.235,0.364,3.861,2.322,0.233,5.394,0.391,8.124
Colo_rep2_Dep6_Tu40,0.014,5.444,1.438,0.006,40.367,28.341,0.267,6.493,2.150,0.043,10.363,1.003,4.072
Colo_rep3_Dep6_Tu0.1,0.000,23.845,0.001,0.000,46.900,0.000,0.040,2.218,2.108,0.225,9.300,0.321,15.042
Colo_rep3_Dep6_Tu1,0.000,23.845,0.001,0.000,46.857,0.001,0.088,1.776,2.010,0.342,8.616,0.325,16.140
Colo_rep8_Dep6_Tu1,0.000,23.954,0.002,0.000,47.434,0.002,0.071,2.286,1.833,0.565,7.314,0.427,16.111
Colo_rep4_Dep6_Tu1,0.000,5.527,0.002,0.000,61.793,0.000,0.061,0.262,4.620,0.379,10.189,0.160,17.008
Colo_rep5_Dep6_Tu40,0.007,11.485,1.712,0.003,29.084,28.399,0.592,0.362,7.390,0.666,9.492,1.414,9.392
Colo_rep5_Dep6_Tu10,0.000,22.080,0.107,0.000,43.329,6.523,0.129,2.113,3.150,0.734,10.028,0.527,11.278
Colo_rep2_Dep6_Tu0.3,0.000,24.403,0.001,0.000,46.074,0.000,0.078,2.503,2.149,0.518,5.906,0.145,18.222
Colo_rep10_Dep6_Tu30,0.010,48.705,0.941,0.002,4.141,22.301,0.593,2.808,4.684,0.702,6.622,0.799,7.692
Colo_rep1_Dep6_Tu40,0.075,12.931,1.140,0.018,29.274,28.901,0.385,4.961,5.338,0.274,6.412,0.389,9.901
Colo_rep6_Dep6_Tu0.1,0.000,59.623,0.001,0.000,13.849,0.000,0.140,1.212,2.396,0.880,9.779,0.392,11.728
Colo_rep7_Dep6_Tu40,0.012,12.326,1.976,0.007,30.620,28.801,0.668,5.550,2.770,0.431,7.628,0.933,8.276
Colo_rep1_Dep6_Tu50,0.024,7.560,1.837,0.030,26.042,36.429,0.673,9.920,1.293,0.652,5.804,1.610,8.126
Colo_rep1_Dep6_Tu0.3,0.000,59.008,0.002,0.000,14.048,0.000,0.152,1.354,2.259,0.873,10.015,0.640,11.649
Colo_rep9_Dep6_Tu20,0.015,48.442,0.434,0.001,11.997,14.219,0.445,5.120,0.095,1.292,8.320,0.995,8.626
Colo_rep4_Dep6_Tu10,0.004,64.248,0.190,0.000,7.450,7.287,0.335,1.456,2.447,0.459,8.043,0.438,7.643
Colo_rep6_Dep6_Tu5,0.002,56.762,0.011,0.000,13.916,3.185,0.217,0.766,3.229,1.639,8.407,0.352,11.513
Colo_rep9_Dep6_Tu5,0.000,29.623,0.154,0.000,40.334,2.713,0.157,2.891,2.269,0.755,8.636,0.271,12.196
Colo_rep3_Dep6_Tu50,0.188,25.304,1.631,0.021,12.489,36.294,0.757,6.229,0.873,0.811,8.582,1.269,5.553
Colo_rep5_Dep6_Tu1,0.000,32.135,0.006,0.000,40.819,0.001,0.114,1.866,2.065,0.625,9.498,0.260,12.610
Colo_rep5_Dep6_Tu3,0.000,72.702,0.112,0.000,2.866,2.142,0.198,1.751,2.391,1.325,5.547,0.372,10.595
Colo_rep2_Dep6_Tu1,0.001,50.196,0.034,0.000,21.950,0.010,0.137,0.756,2.542,1.227,9.875,0.441,12.832
Colo_rep7_Dep6_Tu1,0.000,70.443,0.008,0.000,6.513,0.128,0.234,0.806,3.309,1.342,6.834,0.188,10.195
Colo_rep5_Dep6_Tu2,0.000,10.232,0.000,0.000,58.400,0.105,0.182,6.722,0.302,0.478,3.239,0.519,19.820
Colo_rep4_Dep6_Tu40,0.040,39.098,2.025,0.009,6.357,29.081,0.885,2.395,4.078,0.988,8.062,1.238,5.744
Colo_rep2_Dep6_Tu20,0.001,48.322,0.447,0.006,10.537,14.416,0.767,2.323,2.316,1.439,8.493,1.167,9.766
Colo_rep4_Dep6_Tu0.5,0.000,6.747,0.000,0.000,61.104,0.000,0.064,0.099,4.214,0.117,9.732,0.128,17.795
Colo_rep2_Dep6_Tu5,0.002,22.450,0.071,0.000,45.755,2.688,0.169,1.146,2.872,1.203,6.389,0.297,16.958
Colo_rep2_Dep6_Tu3,0.000,48.422,0.048,0.000,22.724,1.742,0.287,2.097,1.768,1.394,8.048,0.564,12.906
Colo_rep3_Dep6_Tu10,0.005,51.559,0.331,0.002,14.675,7.297,0.502,1.873,2.409,0.832,8.930,0.599,10.985
Colo_rep8_Dep6_Tu0.5,0.000,59.570,0.007,0.000,14.672,0.000,0.142,2.491,1.323,1.052,9.085,0.585,11.074
Colo_rep7_Dep6_Tu3,0.000,6.666,0.010,0.000,61.296,0.993,0.090,2.843,2.911,0.358,8.780,0.205,15.848
Colo_rep3_Dep6_Tu0.5,0.000,25.241,0.001,0.000,45.655,0.000,0.074,0.940,4.477,0.354,8.792,0.204,14.264
Colo_rep3_Dep6_Tu20,0.007,60.657,1.070,0.001,1.727,14.712,0.424,4.257,1.541,0.532,7.059,0.718,7.295
Colo_rep1_Dep6_Tu2,0.002,72.923,0.006,0.000,3.161,1.175,0.348,2.657,0.054,2.635,7.149,0.695,9.195
Colo_rep9_Dep6_Tu50,0.179,37.696,1.953,0.111,3.936,36.321,0.567,6.246,1.966,0.631,6.517,0.743,3.133
Colo_rep3_Dep6_Tu0.3,0.000,60.204,0.005,0.000,14.052,0.000,0.174,3.081,0.009,1.111,8.876,0.743,11.745
Colo_rep1_Dep6_Tu3,0.001,56.625,0.018,0.001,15.120,1.913,0.190,0.688,3.100,0.874,9.803,0.563,11.104
Br62_rep5_Dep6_Tu0.5,0.040,72.572,0.007,0.000,4.987,0.001,0.318,1.280,2.778,0.742,5.428,0.369,11.478
Br62_rep5_Dep6_Tu3,2.807,73.158,0.492,0.025,2.520,0.000,0.239,3.779,1.109,1.164,3.541,0.285,10.884
Br62_rep6_Dep6_Tu30,25.903,4.714,1.687,4.257,41.378,0.000,0.042,5.289,0.805,0.081,5.365,0.124,10.355
Br62_rep7_Dep6_Tu20,18.766,63.241,1.321,2.692,0.591,0.000,0.056,2.967,1.197,0.097,4.711,0.132,4.230
Br62_rep2_Dep6_Tu40,34.415,4.260,2.388,6.571,34.182,0.000,0.012,3.290,2.972,0.071,3.822,0.024,7.995
Br62_rep8_Dep6_Tu0.5,0.000,60.089,0.006,0.000,14.436,0.000,0.104,2.011,2.711,0.797,8.922,0.397,10.526
Br62_rep5_Dep6_Tu2,0.719,8.936,0.020,0.047,58.189,0.000,0.084,4.061,2.228,0.153,7.508,0.229,17.825
Br62_rep4_Dep6_Tu50,44.321,4.903,2.352,8.146,23.767,0.000,0.035,4.335,2.930,0.047,0.525,0.016,8.623
Br62_rep8_Dep6_Tu40,35.742,43.601,2.583,6.966,0.293,0.000,0.026,3.897,1.103,0.057,2.307,0.070,3.354
Br62_rep7_Dep6_Tu2,1.267,59.520,0.026,0.014,13.449,0.000,0.219,1.257,2.914,1.228,7.297,0.301,12.507
Br62_rep9_Dep6_Tu40,35.854,13.762,2.831,6.214,23.840,0.000,0.038,1.175,3.021,0.127,2.454,0.231,10.453
Br62_rep10_Dep6_Tu2,1.088,69.756,0.021,0.012,6.470,0.001,0.259,1.143,2.575,1.712,7.605,0.409,8.950
Br62_rep6_Dep6_Tu10,8.341,23.016,0.590,1.355,41.466,0.000,0.104,4.308,0.670,0.178,7.480,0.594,11.899
Br62_rep2_Dep6_Tu2,1.326,56.434,0.032,0.013,15.673,0.000,0.254,2.204,2.006,1.282,7.019,0.428,13.330
Br62_rep9_Dep6_Tu5,3.948,29.992,0.257,0.545,39.414,0.000,0.115,2.444,1.821,0.445,9.242,0.169,11.607
Br62_rep6_Dep6_Tu40,36.055,39.679,2.369,6.432,3.210,0.000,0.020,2.569,1.082,0.158,3.523,0.071,4.832
Br62_rep4_Dep6_Tu20,18.168,23.533,1.547,3.086,29.880,0.000,0.078,3.560,2.350,0.169,4.433,0.320,12.874
Br62_rep9_Dep6_Tu1,0.210,73.491,0.080,0.001,3.552,0.000,0.349,1.579,1.268,2.582,7.718,0.588,8.583
Br62_rep1_Dep6_Tu0.3,0.000,58.783,0.004,0.000,14.042,0.000,0.159,1.560,3.474,0.872,8.439,0.437,12.230
Br62_rep3_Dep6_Tu5,3.889,52.591,0.113,0.115,19.758,0.000,0.280,0.145,3.784,1.031,5.608,0.392,12.294
Br62_rep9_Dep6_Tu50,43.951,34.116,3.578,7.973,0.904,0.000,0.010,4.231,0.583,0.051,1.134,0.039,3.432
Br62_rep5_Dep6_Tu30,26.697,39.470,0.874,5.303,8.906,0.000,0.023,2.802,2.187,0.515,5.611,0.196,7.417
Br62_rep9_Dep6_Tu0.5,0.004,76.515,0.037,0.000,2.127,0.000,0.239,2.985,0.064,1.080,7.215,0.566,9.169
Br62_rep1_Dep6_Tu20,17.385,6.469,0.758,3.013,47.520,0.000,0.013,4.085,1.492,0.065,6.029,0.250,12.922
Br62_rep4_Dep6_Tu2,0.215,25.980,0.029,0.001,45.159,0.000,0.131,1.421,4.203,0.516,6.874,0.267,15.203
Br62_rep8_Dep6_Tu3,1.855,22.595,0.193,0.129,47.047,0.000,0.186,2.085,3.187,0.654,5.226,0.256,16.586
Br62_rep2_Dep6_Tu5,4.067,23.479,0.272,0.463,44.140,0.000,0.116,2.797,2.033,0.630,4.945,0.165,16.894
Br62_rep2_Dep6_Tu1,0.015,49.972,0.104,0.000,22.244,0.000,0.103,1.292,3.147,0.894,8.920,0.272,13.037
Br62_rep8_Dep6_Tu1,0.001,23.918,0.011,0.000,47.015,0.000,0.126,1.148,3.672,0.461,6.889,0.255,16.505
Br62_rep10_Dep6_Tu0.1,0.000,8.590,0.000,0.000,58.182,0.000,0.067,2.519,2.357,0.318,9.561,0.245,18.159
Br62_rep3_Dep6_Tu40,35.982,12.417,2.130,6.363,25.723,0.000,0.027,4.320,1.582,0.040,2.682,0.271,8.463
Br62_rep8_Dep6_Tu0.3,0.001,77.707,0.004,0.000,0.877,0.000,0.228,1.576,2.346,1.200,6.310,0.231,9.518
Br62_rep4_Dep6_Tu0.5,0.000,6.837,0.000,0.000,61.034,0.000,0.061,3.002,2.156,0.264,8.895,0.134,17.617
Br62_rep6_Dep6_Tu50,42.616,3.733,3.322,7.941,26.974,0.000,0.045,3.883,2.427,0.065,3.313,0.009,5.673
Br62_rep7_Dep6_Tu0.1,0.000,75.716,0.004,0.000,2.890,0.000,0.092,1.176,2.489,0.820,6.943,0.219,9.651
Br62_rep9_Dep6_Tu30,26.826,14.215,2.543,3.676,32.593,0.000,0.093,4.422,1.749,0.199,1.658,0.307,11.720
Br62_rep6_Dep6_Tu20,17.857,48.681,0.523,3.171,8.266,0.000,0.175,3.311,4.489,0.174,2.424,0.065,10.863
Br62_rep5_Dep6_Tu5,3.434,6.428,0.118,0.096,59.974,0.000,0.036,3.257,3.340,0.216,8.026,0.047,15.027
Br62_rep4_Dep6_Tu40,36.175,40.479,2.677,5.581,2.642,0.000,0.032,2.298,2.398,0.180,3.329,0.094,4.115
Br62_rep8_Dep6_Tu0.1,0.000,16.550,0.000,0.000,50.615,0.000,0.066,0.781,4.946,0.140,9.409,0.157,17.335
Br62_rep1_Dep6_Tu40,35.786,13.533,2.022,6.639,23.474,0.000,0.017,1.103,4.255,0.128,3.064,0.058,9.923
Br62_rep3_Dep6_Tu30,27.427,46.736,2.734,4.747,3.808,0.000,0.051,1.070,2.764,0.357,2.642,0.141,7.523
Br62_rep7_Dep6_Tu0.5,0.000,59.657,0.025,0.000,13.813,0.000,0.229,2.899,0.942,1.378,7.650,0.566,12.841
Br62_rep1_Dep6_Tu10,7.345,4.768,0.384,1.213,57.915,0.000,0.065,4.365,2.299,0.106,7.341,0.127,14.072
Br62_rep10_Dep6_Tu20,18.975,8.386,0.489,2.292,41.937,0.000,0.170,2.037,3.464,0.192,7.476,0.224,14.358
Br62_rep1_Dep6_Tu5,4.064,57.893,0.243,0.965,12.824,0.000,0.296,4.071,0.503,0.913,6.591,0.585,11.052
Br62_rep3_Dep6_Tu50,44.304,27.098,3.139,7.870,3.329,0.000,0.110,2.542,1.271,0.368,3.839,0.213,5.917
Br62_rep1_Dep6_Tu3,1.888,57.516,0.095,0.601,14.784,0.000,0.253,0.467,5.332,0.531,6.659,0.268,11.606
Br62_rep7_Dep6_Tu30,27.161,51.933,1.656,5.116,0.854,0.000,0.025,2.794,1.615,0.076,2.761,0.080,5.929
Br62_rep6_Dep6_Tu1,0.086,52.410,0.019,0.001,22.101,0.000,0.252,1.757,2.262,0.932,7.186,0.354,12.641
Br62_rep1_Dep6_Tu0.5,0.000,59.030,0.155,0.000,15.797,0.000,0.096,1.800,3.020,0.720,10.458,0.228,8.697
Br62_rep1_Dep6_Tu0.1,0.000,75.497,0.008,0.000,1.513,0.000,0.332,2.055,0.603,1.760,7.340,0.737,10.155
Br62_rep9_Dep6_Tu3,1.619,24.798,0.204,0.218,46.104,0.000,0.189,2.275,3.662,0.202,8.021,0.270,12.437
Br62_rep5_Dep6_Tu40,34.919,18.435,1.987,6.174,20.220,0.000,0.031,3.096,3.032,0.097,4.290,0.257,7.462
Br62_rep10_Dep6_Tu3,2.734,72.927,0.046,0.000,2.412,0.001,0.139,1.359,3.185,0.205,7.824,0.444,8.724
Br62_rep2_Dep6_Tu0.3,0.000,24.855,0.005,0.000,45.891,0.000,0.128,1.998,2.386,0.402,6.239,0.206,17.889
Br62_rep10_Dep6_Tu40,36.085,43.068,1.542,6.002,0.318,0.000,0.081,4.632,1.561,0.414,2.120,0.147,4.031
Br62_rep3_Dep6_Tu2,1.041,57.097,0.018,0.218,15.350,0.000,0.201,0.200,5.222,0.763,8.259,0.400,11.231
Br62_rep5_Dep6_Tu1,0.083,32.882,0.014,0.000,41.097,0.000,0.117,3.515,1.137,0.226,10.829,0.258,9.842
Br62_rep4_Dep6_Tu1,0.001,6.573,0.018,0.005,61.728,0.000,0.016,2.343,3.494,0.107,10.389,0.108,15.219
Br62_rep10_Dep6_Tu0.5,0.000,6.571,0.000,0.000,61.731,0.000,0.087,4.628,1.108,0.068,8.819,0.203,16.785
Br62_rep5_Dep6_Tu20,17.559,3.991,0.546,3.692,49.238,0.000,0.063,3.237,2.671,0.011,5.688,0.157,13.147
Br62_rep6_Dep6_Tu0.3,0.000,25.084,0.002,0.000,45.805,0.000,0.063,2.005,2.855,0.307,10.097,0.288,13.494
Br62_rep9_Dep6_Tu0.3,0.000,77.498,0.003,0.000,0.770,0.000,0.240,1.618,2.144,1.193,5.889,0.510,10.133
Br62_rep2_Dep6_Tu20,17.972,48.929,1.266,2.837,8.849,0.000,0.152,3.048,2.663,0.355,5.006,0.096,8.827
Br62_rep6_Dep6_Tu0.5,0.000,6.514,0.000,0.000,59.887,0.000,0.066,0.454,5.070,0.228,9.914,0.084,17.782
Br62_rep8_Dep6_Tu10,8.688,12.203,0.467,1.147,47.445,0.000,0.117,6.594,0.032,0.191,6.017,0.445,16.654
Br62_rep2_Dep6_Tu0.1,0.000,25.775,0.001,0.000,44.866,0.000,0.068,1.336,3.456,0.499,7.976,0.184,15.840
Br62_rep5_Dep6_Tu10,8.881,22.002,0.175,1.272,41.794,0.000,0.058,3.416,2.328,0.300,6.519,0.127,13.127
Br62_rep10_Dep6_Tu10,8.948,12.383,0.327,1.020,47.552,0.000,0.098,2.201,4.357,0.216,7.427,0.177,15.293
Br62_rep4_Dep6_Tu10,8.336,63.902,0.660,1.877,6.251,0.000,0.192,3.799,0.990,0.700,4.412,0.159,8.722
Br62_rep3_Dep6_Tu0.1,0.000,24.193,0.001,0.000,46.768,0.000,0.046,2.428,1.041,0.363,10.767,0.528,13.865
Br62_rep2_Dep6_Tu50,44.267,34.126,3.611,7.428,0.500,0.000,0.031,2.230,1.885,0.112,1.529,0.051,4.230
Br62_rep9_Dep6_Tu10,7.957,20.317,0.223,2.046,42.881,0.000,0.141,2.944,2.230,0.310,6.427,0.242,14.280
Br62_rep5_Dep6_Tu0.3,0.000,9.647,0.000,0.000,59.144,0.000,0.031,3.219,1.731,0.084,10.409,0.185,15.551
Br62_rep8_Dep6_Tu50,42.728,1.278,3.316,7.966,28.650,0.000,0.029,4.101,1.588,0.053,2.968,0.117,7.205
Br62_rep4_Dep6_Tu0.3,0.000,50.921,0.001,0.000,23.268,0.000,0.260,3.323,0.728,0.885,6.530,0.533,13.550
Br62_rep7_Dep6_Tu1,0.117,70.560,0.064,0.000,5.226,0.000,0.280,0.256,3.968,1.691,5.953,0.488,11.398
Br62_rep3_Dep6_Tu0.5,0.000,25.152,0.002,0.000,45.731,0.000,0.078,3.841,0.263,0.445,10.563,0.508,13.416
Br62_rep7_Dep6_Tu40,34.856,11.975,3.554,5.548,27.176,0.000,0.024,2.944,2.681,0.229,3.072,0.208,7.733
Br62_rep2_Dep6_Tu3,2.051,49.451,0.314,0.270,21.811,0.000,0.209,1.892,2.928,1.055,7.971,0.350,11.699
Br62_rep2_Dep6_Tu0.5,0.005,75.635,0.015,0.000,1.753,0.000,0.253,2.153,1.010,1.364,7.170,0.861,9.780
Br62_rep1_Dep6_Tu50,43.606,12.366,2.430,7.642,19.302,0.000,0.033,4.844,1.765,0.127,2.884,0.048,4.951
Br62_rep3_Dep6_Tu3,2.421,49.751,0.415,0.377,20.487,0.000,0.200,3.989,1.424,0.733,7.567,0.592,12.043
Br62_rep7_Dep6_Tu3,1.664,6.440,0.039,0.022,60.811,0.000,0.048,3.848,2.401,0.146,9.340,0.120,15.121
Br62_rep3_Dep6_Tu0.3,0.000,60.233,0.009,0.000,14.334,0.000,0.152,3.374,0.966,0.837,7.931,0.559,11.605
Br62_rep8_Dep6_Tu30,27.109,52.077,1.757,4.410,1.564,0.000,0.152,4.017,1.991,0.458,0.221,0.171,6.073
Br62_rep4_Dep6_Tu30,27.751,52.349,1.846,4.648,0.457,0.000,0.056,4.581,1.787,0.161,0.565,0.131,5.669
Br62_rep6_Dep6_Tu3,2.384,56.191,0.113,0.232,15.613,0.000,0.234,1.045,3.247,0.986,7.765,0.439,11.752
Br62_rep4_Dep6_Tu0.1,0.000,58.285,0.002,0.000,15.278,0.000,0.147,1.540,1.501,0.853,9.402,0.700,12.292
Br62_rep8_Dep6_Tu5,3.085,9.220,0.210,0.643,55.144,0.000,0.024,2.697,3.083,0.338,7.718,0.249,17.589
Br62_rep10_Dep6_Tu50,43.857,3.490,3.356,7.852,25.810,0.000,0.037,3.221,2.210,0.080,3.773,0.106,6.209
Br62_rep10_Dep6_Tu0.3,0.000,12.070,0.000,0.000,55.956,0.000,0.044,1.605,3.376,0.123,9.348,0.098,17.379
Br62_rep3_Dep6_Tu20,18.162,61.355,1.246,2.295,0.902,0.000,0.073,3.454,1.261,0.268,4.771,0.133,6.080
Br62_rep1_Dep6_Tu1,0.000,7.515,0.006,0.000,59.138,0.000,0.087,4.160,1.017,0.347,10.672,0.549,16.508
Br62_rep3_Dep6_Tu1,0.004,23.998,0.021,0.000,46.034,0.000,0.091,1.544,2.401,0.363,9.091,0.355,16.098
Br62_rep9_Dep6_Tu2,0.937,67.142,0.224,0.175,9.230,0.000,0.229,2.595,2.666,1.255,4.818,0.518,10.209
Br62_rep7_Dep6_Tu50,44.712,28.194,3.419,7.463,3.329,0.000,0.033,3.834,1.677,0.104,2.756,0.038,4.441
Br62_rep7_Dep6_Tu5,4.010,55.226,0.397,0.789,15.464,0.000,0.139,4.129,0.233,0.798,6.946,0.724,11.147
Br62_rep8_Dep6_Tu2,1.252,24.076,0.028,0.013,45.654,0.000,0.186,5.072,0.070,0.539,7.112,0.704,15.294
Br62_rep5_Dep6_Tu0.1,0.000,74.931,0.001,0.000,2.650,0.000,0.273,1.783,1.977,1.988,6.957,0.312,9.128
Br62_rep6_Dep6_Tu5,3.709,58.395,0.129,0.696,12.410,0.000,0.229,3.028,0.390,1.255,7.453,0.537,11.770
Br62_rep9_Dep6_Tu20,17.990,49.928,1.443,2.839,8.088,0.000,0.083,2.147,3.163,0.371,5.935,0.141,7.872
Br62_rep2_Dep6_Tu30,28.076,52.177,1.344,5.031,0.208,0.000,0.025,2.984,0.957,0.147,2.936,0.192,5.925
Br62_rep7_Dep6_Tu10,8.712,70.804,0.516,1.846,1.067,0.000,0.137,3.399,2.072,0.439,3.915,0.076,7.017
Br62_rep6_Dep6_Tu0.1,0.000,59.357,0.000,0.000,13.838,0.000,0.175,1.680,2.641,0.904,8.684,0.336,12.386
Br62_rep5_Dep6_Tu50,44.745,33.137,3.622,7.773,0.702,0.000,0.017,2.568,1.456,0.097,3.634,0.094,2.156
Br62_rep10_Dep6_Tu1,0.000,12.379,0.004,0.000,56.084,0.000,0.051,3.999,1.206,0.333,9.899,0.292,15.753
Br62_rep1_Dep6_Tu30,26.896,51.443,1.544,4.557,1.708,0.000,0.048,1.452,2.161,0.306,4.560,0.210,5.115
Br62_rep7_Dep6_Tu0.3,0.000,69.094,0.016,0.000,8.912,0.000,0.217,2.975,1.518,1.048,5.012,0.417,10.792
Br62_rep2_Dep6_Tu10,8.750,65.986,0.327,1.764,3.312,0.000,0.253,2.944,0.538,0.956,5.974,0.343,8.852
Br62_rep9_Dep6_Tu0.1,0.000,11.062,0.000,0.000,57.155,0.000,0.082,3.968,0.478,0.175,10.143,0.351,16.585
Br62_rep3_Dep6_Tu10,9.316,51.751,0.567,1.513,13.683,0.000,0.204,2.890,2.042,0.592,6.536,0.270,10.638
Br62_rep4_Dep6_Tu5,3.284,6.735,0.314,0.382,58.891,0.000,0.098,0.031,4.386,0.248,10.380,0.157,15.095
Br62_rep8_Dep6_Tu20,16.923,20.517,0.744,3.807,35.306,0.000,0.156,4.417,1.874,0.159,3.839,0.365,11.892
Br62_rep1_Dep6_Tu2,1.396,73.151,0.006,0.111,2.980,0.000,0.255,1.318,2.976,2.161,6.425,0.365,8.854
Br62_rep10_Dep6_Tu5,3.644,24.873,0.150,0.529,42.441,0.000,0.231,2.899,4.063,0.533,5.740,0.145,14.753
Br62_rep10_Dep6_Tu30,26.650,50.051,1.639,4.725,1.272,0.000,0.148,2.151,3.377,0.365,2.623,0.125,6.876
Br62_rep6_Dep6_Tu2,0.211,11.107,0.080,0.000,56.708,0.000,0.115,2.541,3.140,0.272,8.807,0.067,16.952
Br62_rep4_Dep6_Tu3,2.108,25.057,0.286,0.087,44.369,0.000,0.215,3.313,0.677,0.967,7.160,0.389,15.371
Br66_rep4_Dep6_Tu50,49.526,6.317,1.639,3.791,29.366,0.000,0.167,1.003,0.421,0.211,3.990,0.438,3.130
Br66_rep3_Dep6_Tu0.5,0.000,25.043,0.001,0.000,45.923,0.000,0.058,1.728,3.653,0.306,9.233,0.207,13.847
Br66_rep2_Dep6_Tu3,1.574,50.008,0.306,0.007,21.856,0.001,0.332,0.695,3.687,1.497,8.331,0.234,11.471
Br66_rep6_Dep6_Tu40,38.918,39.630,2.202,4.378,5.851,0.000,0.054,0.572,0.106,0.538,3.491,0.534,3.726
Br66_rep9_Dep6_Tu0.1,0.000,11.058,0.000,0.000,57.093,0.000,0.049,2.173,2.937,0.133,9.999,0.142,16.415
Br66_rep9_Dep6_Tu5,3.721,29.722,0.233,0.276,39.537,0.000,0.263,1.383,3.334,0.620,8.006,0.172,12.733
Br66_rep10_Dep6_Tu1,0.009,23.480,0.031,0.000,47.096,0.000,0.273,1.900,2.849,0.871,5.467,0.287,17.737
Br66_rep6_Dep6_Tu20,19.286,47.064,0.841,2.228,11.063,0.000,0.344,2.479,1.487,0.933,2.993,0.461,10.822
Br66_rep10_Dep6_Tu30,29.443,37.457,1.296,2.573,12.230,0.002,0.249,1.100,1.440,0.491,4.296,0.420,9.003
Br66_rep10_Dep6_Tu5,4.470,55.002,0.211,0.140,14.911,0.000,0.246,0.885,3.107,1.474,7.148,0.389,12.017
Br66_rep7_Dep6_Tu1,0.117,71.885,0.043,0.000,3.996,0.000,0.360,0.879,0.894,2.114,7.949,0.963,10.800
Br66_rep6_Dep6_Tu0.3,0.000,25.271,0.001,0.000,45.770,0.000,0.035,2.317,2.613,0.270,10.050,0.222,13.452
Br66_rep1_Dep6_Tu30,29.801,51.459,1.319,2.916,2.413,0.001,0.362,1.376,0.476,0.438,3.765,0.573,5.101
Br66_rep3_Dep6_Tu1,0.003,24.139,0.004,0.000,45.973,0.000,0.142,2.330,2.175,0.412,7.381,0.427,17.013
Br66_rep3_Dep6_Tu30,29.471,46.735,2.314,2.585,5.941,0.000,0.329,0.661,1.744,0.863,1.210,0.502,7.645
Br66_rep9_Dep6_Tu1,0.217,73.537,0.033,0.000,3.775,0.000,0.216,2.444,0.774,2.405,7.708,0.630,8.260
Br66_rep9_Dep6_Tu40,39.255,12.205,2.646,3.364,28.747,0.000,0.121,1.239,0.170,0.445,1.445,0.863,9.498
Br66_rep5_Dep6_Tu1,0.005,31.497,0.036,0.000,40.868,0.000,0.158,2.901,1.709,0.509,9.112,0.234,12.971
Br66_rep2_Dep6_Tu5,3.110,21.503,0.208,0.029,46.449,0.000,0.296,2.589,1.439,1.181,5.522,0.358,17.316
Br66_rep5_Dep6_Tu30,29.473,40.252,1.330,2.796,11.300,0.000,0.529,2.653,0.574,0.145,5.448,0.475,5.024
Br66_rep7_Dep6_Tu50,50.361,28.375,1.758,4.380,8.594,0.000,0.293,0.410,0.480,0.342,2.906,0.347,1.753
Br66_rep4_Dep6_Tu40,38.643,38.755,1.627,3.908,7.254,0.000,0.391,1.475,0.146,0.376,3.677,0.336,3.412
Br66_rep8_Dep6_Tu5,3.511,10.659,0.149,0.003,54.491,0.000,0.071,2.313,4.172,0.350,6.807,0.188,17.286
Br66_rep9_Dep6_Tu2,0.897,67.039,0.087,0.001,9.753,0.000,0.240,1.181,2.436,1.521,6.592,0.596,9.657
Br66_rep6_Dep6_Tu30,27.988,4.900,2.097,2.082,44.992,0.000,0.099,2.465,0.207,0.199,5.736,0.322,8.912
Br66_rep4_Dep6_Tu0.1,0.000,58.142,0.001,0.000,15.436,0.000,0.151,1.344,2.044,0.656,8.884,0.561,12.781
Br66_rep5_Dep6_Tu10,9.128,19.762,0.414,0.632,43.795,0.000,0.125,2.255,2.036,0.432,7.573,0.289,13.559
Br66_rep3_Dep6_Tu40,38.991,10.848,1.639,4.066,30.588,0.000,0.127,0.454,0.868,0.344,2.947,0.579,8.550
Br66_rep9_Dep6_Tu0.5,0.003,75.926,0.032,0.000,2.440,0.000,0.187,1.999,2.431,0.896,6.096,0.230,9.760
Br66_rep8_Dep6_Tu2,0.749,24.201,0.064,0.003,46.116,0.000,0.216,2.552,3.085,0.773,5.483,0.546,16.211
Br66_rep10_Dep6_Tu2,0.907,42.879,0.051,0.049,27.349,0.003,0.295,2.257,2.890,0.807,7.013,0.505,14.995
Br66_rep6_Dep6_Tu0.1,0.000,59.303,0.001,0.000,13.671,0.000,0.189,1.985,2.227,1.017,8.024,0.354,13.231
Br66_rep5_Dep6_Tu0.5,0.005,73.468,0.060,0.000,4.860,0.000,0.285,2.227,0.988,1.062,6.998,0.472,9.576
Br66_rep2_Dep6_Tu20,18.862,48.336,1.964,1.536,10.524,0.000,0.233,1.157,2.731,0.419,5.696,0.399,8.145
Br66_rep4_Dep6_Tu0.5,0.000,2.553,0.003,0.000,63.538,0.000,0.037,1.146,3.293,0.363,10.244,0.120,18.703
Br66_rep4_Dep6_Tu5,3.554,8.281,0.086,0.010,59.011,0.000,0.107,3.368,2.539,0.227,8.889,0.174,13.753
Br66_rep8_Dep6_Tu0.5,0.000,60.083,0.010,0.000,14.309,0.000,0.147,0.767,3.504,0.899,8.702,0.314,11.266
Br66_rep5_Dep6_Tu20,18.822,1.003,0.769,1.204,53.109,0.000,0.174,1.824,2.050,0.397,6.784,0.605,13.259
Br66_rep1_Dep6_Tu3,2.023,57.111,0.039,0.004,16.094,0.000,0.098,1.803,2.268,0.781,8.832,0.570,10.377
Br66_rep10_Dep6_Tu10,9.496,39.755,0.574,0.735,25.340,0.000,0.326,2.382,1.100,0.777,6.546,0.614,12.354
Br66_rep3_Dep6_Tu10,9.585,51.675,0.241,0.142,14.476,0.000,0.446,2.971,0.953,1.039,5.526,1.062,11.882
Br66_rep10_Dep6_Tu40,38.422,2.802,1.425,4.134,38.295,0.000,0.242,0.536,2.219,0.501,2.065,0.348,9.011
Br66_rep1_Dep6_Tu50,48.963,8.483,2.275,4.471,24.227,0.000,0.369,1.224,0.051,0.602,1.421,0.373,7.541
Br66_rep10_Dep6_Tu0.5,0.000,39.468,0.001,0.000,33.109,0.000,0.207,2.214,2.277,0.685,9.085,0.231,12.724
Br66_rep1_Dep6_Tu0.3,0.000,58.955,0.027,0.000,14.009,0.000,0.205,2.901,0.818,0.960,9.633,0.704,11.788
Br66_rep10_Dep6_Tu0.1,0.000,48.229,0.003,0.000,24.552,0.000,0.081,2.396,1.611,0.700,8.625,0.468,13.335
Br66_rep8_Dep6_Tu40,39.666,44.284,2.310,3.640,1.851,0.000,0.259,0.299,0.438,0.270,2.416,0.370,4.198
Br66_rep3_Dep6_Tu20,20.025,61.177,1.159,1.104,1.436,0.003,0.358,2.333,0.795,0.307,4.035,0.501,6.767
Br66_rep9_Dep6_Tu0.3,0.007,78.724,0.002,0.000,1.042,0.000,0.217,1.228,2.063,0.737,8.473,0.541,6.966
Br66_rep7_Dep6_Tu0.3,0.000,69.598,0.011,0.000,8.543,0.000,0.140,0.921,2.261,1.018,7.536,0.341,9.630
Br66_rep5_Dep6_Tu2,0.243,9.569,0.060,0.003,58.225,0.000,0.076,3.355,2.558,0.258,8.187,0.234,17.233
Br66_rep5_Dep6_Tu0.3,0.000,8.973,0.001,0.000,59.568,0.000,0.081,6.146,2.129,0.146,3.495,0.124,19.337
Br66_rep6_Dep6_Tu5,4.516,58.039,0.150,0.070,12.498,0.000,0.333,2.436,3.403,1.496,2.549,0.381,14.129
Br66_rep5_Dep6_Tu3,2.092,72.724,0.074,0.015,3.128,0.031,0.310,2.100,2.025,1.591,4.456,0.578,10.877
Br66_rep1_Dep6_Tu5,3.965,56.836,0.047,0.221,14.145,0.001,0.364,1.894,3.222,1.088,6.475,0.302,11.437
Br66_rep6_Dep6_Tu10,8.962,21.884,0.784,0.257,42.772,0.001,0.172,1.205,2.840,0.275,7.059,0.429,13.359
Br66_rep3_Dep6_Tu5,4.330,52.673,0.254,0.045,19.906,0.001,0.325,2.117,2.071,1.038,5.157,0.405,11.677
Br66_rep1_Dep6_Tu1,0.001,6.931,0.001,0.000,59.255,0.000,0.107,3.025,0.707,0.485,11.579,0.622,17.286
Br66_rep4_Dep6_Tu30,29.711,52.890,0.769,3.111,1.910,0.000,0.143,0.716,1.357,0.454,4.819,0.450,3.670
Br66_rep8_Dep6_Tu20,18.727,18.489,0.941,1.550,39.025,0.001,0.169,1.376,2.664,0.448,4.309,0.377,11.925
Br66_rep4_Dep6_Tu10,8.891,63.915,1.021,1.270,7.091,0.001,0.234,1.810,1.080,0.426,7.023,0.256,6.982
Br66_rep2_Dep6_Tu1,0.010,50.274,0.009,0.000,22.075,0.000,0.120,0.276,3.815,0.738,9.471,0.271,12.942
Br66_rep6_Dep6_Tu2,0.118,12.364,0.010,0.000,55.629,0.000,0.128,0.363,4.424,0.386,9.785,0.218,16.574
Br66_rep6_Dep6_Tu0.5,0.000,6.552,0.001,0.000,59.973,0.000,0.036,1.343,3.863,0.279,10.216,0.121,17.616
Br66_rep5_Dep6_Tu0.1,0.000,74.747,0.001,0.000,3.023,0.000,0.199,1.230,2.119,1.923,7.331,0.386,9.040
Br66_rep2_Dep6_Tu2,1.434,56.037,0.100,0.023,15.867,0.006,0.385,2.257,1.812,1.218,6.972,0.464,13.426
Br66_rep10_Dep6_Tu50,49.637,24.848,2.139,4.925,10.037,0.000,0.293,0.491,0.331,0.443,1.725,0.595,4.536
Br66_rep7_Dep6_Tu3,1.210,6.728,0.008,0.003,60.767,0.000,0.105,2.833,2.745,0.323,9.550,0.218,15.509
Br66_rep7_Dep6_Tu10,10.053,69.459,0.672,0.628,1.016,0.001,0.470,2.061,1.811,0.748,4.310,0.307,8.465
Br66_rep2_Dep6_Tu0.5,0.000,75.681,0.005,0.000,1.996,0.000,0.209,1.651,2.225,1.311,6.894,0.411,9.618
Br66_rep5_Dep6_Tu50,49.264,32.607,3.137,5.002,4.176,0.000,0.142,0.157,0.440,0.472,1.038,0.464,3.100
Br66_rep9_Dep6_Tu20,19.403,48.549,0.782,2.382,10.920,0.000,0.182,1.370,1.835,0.442,5.321,0.377,8.437
Br66_rep8_Dep6_Tu3,1.938,22.280,0.107,0.004,46.960,0.000,0.228,1.307,2.642,0.925,7.026,0.322,16.261
Br66_rep9_Dep6_Tu10,8.510,19.471,0.408,0.564,45.465,0.000,0.202,1.803,1.824,0.478,7.550,0.481,13.244
Br66_rep7_Dep6_Tu2,0.943,58.907,0.050,0.001,13.794,0.000,0.210,1.734,2.423,1.782,6.716,0.342,13.097
Br66_rep6_Dep6_Tu3,1.839,56.250,0.062,0.215,16.038,0.001,0.412,0.487,2.510,1.360,8.134,0.605,12.086
Br66_rep1_Dep6_Tu0.5,0.002,58.755,0.004,0.000,15.456,0.000,0.071,0.559,3.598,0.992,9.838,0.196,10.529
Br66_rep2_Dep6_Tu40,37.750,3.194,2.399,3.325,39.462,0.000,0.213,0.525,0.945,0.259,4.512,0.421,6.995
Br66_rep1_Dep6_Tu2,1.418,73.599,0.035,0.024,1.785,0.001,0.399,1.478,1.019,3.100,6.617,0.686,9.839
Br66_rep8_Dep6_Tu1,0.008,23.978,0.014,0.000,47.078,0.000,0.180,1.275,3.529,0.151,7.244,0.328,16.214
Br66_rep4_Dep6_Tu3,1.928,24.820,0.315,0.004,44.899,0.000,0.160,1.966,2.934,0.345,7.288,0.283,15.059
Br66_rep7_Dep6_Tu40,38.294,12.375,3.009,3.209,31.487,0.000,0.202,1.044,0.761,0.481,3.674,0.157,5.306
Br66_rep7_Dep6_Tu0.5,0.001,59.738,0.011,0.000,13.800,0.000,0.246,2.713,2.027,1.294,6.950,0.380,12.841
Br66_rep2_Dep6_Tu30,30.669,52.205,1.244,3.280,1.147,0.000,0.270,1.064,0.498,0.377,2.815,0.442,5.988
Br66_rep2_Dep6_Tu0.1,0.000,25.722,0.001,0.000,44.819,0.000,0.073,1.572,3.689,0.517,6.933,0.205,16.469
Br66_rep7_Dep6_Tu0.1,0.000,76.194,0.007,0.000,2.407,0.000,0.107,0.779,2.867,0.704,6.811,0.234,9.891
Br66_rep1_Dep6_Tu40,38.770,12.487,1.020,4.132,28.767,0.000,0.143,0.738,1.117,0.576,3.190,0.546,8.513
Br66_rep7_Dep6_Tu5,4.203,55.329,0.136,0.245,15.849,0.000,0.411,1.716,1.584,1.396,7.154,0.680,11.297
Br66_rep4_Dep6_Tu1,0.001,6.034,0.001,0.000,61.860,0.000,0.078,2.663,2.996,0.163,9.708,0.161,16.334
Br66_rep8_Dep6_Tu0.1,0.000,16.544,0.000,0.000,50.689,0.000,0.080,1.245,4.017,0.217,9.709,0.258,17.241
Br66_rep4_Dep6_Tu2,0.269,25.259,0.062,0.000,45.864,0.000,0.150,0.961,4.034,0.624,6.862,0.258,15.657
Br66_rep1_Dep6_Tu0.1,0.000,75.398,0.003,0.000,1.697,0.000,0.273,1.225,1.928,1.561,6.546,0.520,10.848
Br66_rep2_Dep6_Tu10,10.103,65.545,0.357,0.300,4.467,0.030,0.550,1.364,2.017,1.098,4.507,0.535,9.126
Br66_rep4_Dep6_Tu20,19.364,21.947,1.605,1.662,32.808,0.000,0.220,2.140,2.936,0.309,1.404,0.710,14.895
Br66_rep4_Dep6_Tu0.3,0.000,51.412,0.001,0.000,22.672,0.000,0.207,1.389,2.317,1.002,7.467,0.383,13.150
Br66_rep10_Dep6_Tu3,2.150,37.805,0.038,0.000,34.671,0.000,0.278,2.311,2.947,0.575,6.368,0.296,12.561
Br66_rep1_Dep6_Tu20,17.990,5.184,0.946,1.444,49.656,0.000,0.063,2.402,2.741,0.211,5.187,0.425,13.751
Br66_rep6_Dep6_Tu1,0.055,51.714,0.014,0.000,22.066,0.000,0.233,1.467,1.956,1.213,7.731,0.344,13.207
Br66_rep6_Dep6_Tu50,47.726,0.423,2.745,4.554,33.213,0.000,0.014,0.199,1.226,0.248,1.895,0.092,7.664
Br66_rep9_Dep6_Tu3,1.387,23.404,0.078,0.001,46.884,0.000,0.213,3.107,3.577,0.654,6.296,0.319,14.080
Br66_rep3_Dep6_Tu50,49.372,24.826,2.772,4.551,9.437,0.000,0.020,1.321,0.047,0.370,1.200,0.469,5.614
Br66_rep8_Dep6_Tu30,28.853,53.244,1.014,3.035,2.588,0.001,0.535,0.894,0.915,0.631,2.763,0.688,4.838
Br66_rep7_Dep6_Tu20,20.177,62.633,0.872,1.001,1.348,0.000,0.223,2.297,0.570,0.524,3.194,0.476,6.683
Br66_rep3_Dep6_Tu2,1.145,56.460,0.056,0.016,15.790,0.000,0.274,0.616,3.902,1.108,8.801,0.523,11.311
Br66_rep8_Dep6_Tu50,48.448,3.702,1.573,4.427,32.175,0.000,0.465,0.290,0.920,0.193,1.554,0.188,6.065
Br66_rep3_Dep6_Tu3,2.303,49.239,0.075,0.010,21.899,0.000,0.424,3.323,2.080,0.872,7.100,0.633,12.041
Br66_rep3_Dep6_Tu0.3,0.000,60.489,0.008,0.000,14.191,0.000,0.117,1.166,3.371,0.579,8.878,0.348,10.852
Br66_rep8_Dep6_Tu0.3,0.000,78.016,0.006,0.000,0.920,0.000,0.241,1.372,1.756,0.851,7.338,0.559,8.941
Br66_rep3_Dep6_Tu0.1,0.000,23.969,0.001,0.000,46.880,0.000,0.037,2.271,1.863,0.225,9.940,0.356,14.459
Br66_rep10_Dep6_Tu0.3,0.000,51.290,0.002,0.000,21.522,0.000,0.066,1.439,3.171,0.684,7.993,0.313,13.519
Br66_rep2_Dep6_Tu50,49.004,35.957,2.077,5.087,2.683,0.000,0.092,0.274,0.460,0.261,1.261,0.347,2.497
Br66_rep5_Dep6_Tu5,3.028,7.974,0.024,0.002,61.156,0.000,0.039,2.657,3.096,0.194,10.259,0.117,11.455
Br66_rep10_Dep6_Tu20,18.033,6.691,0.879,1.418,48.329,0.000,0.274,1.569,3.564,0.048,5.270,0.427,13.498
Br66_rep7_Dep6_Tu30,29.869,53.424,2.579,1.950,0.811,0.001,0.444,0.175,0.803,0.258,3.385,0.637,5.664
Br66_rep9_Dep6_Tu30,28.932,11.758,2.342,2.166,35.848,0.000,0.282,0.846,1.118,0.557,4.229,0.518,11.404
Br66_rep5_Dep6_Tu40,39.043,15.775,1.230,3.078,25.567,0.000,0.665,1.121,1.534,0.350,1.639,0.710,9.287
Br66_rep8_Dep6_Tu10,9.841,13.541,0.113,0.267,49.206,0.000,0.104,2.842,2.324,0.246,9.686,0.337,11.492
Br66_rep9_Dep6_Tu50,48.932,36.790,2.966,4.532,2.705,0.000,0.073,0.208,0.317,0.263,0.568,0.425,2.221
Br66_rep2_Dep6_Tu0.3,0.000,24.673,0.001,0.000,45.842,0.000,0.091,1.793,2.683,0.543,6.211,0.148,18.016
Br66_rep1_Dep6_Tu10,7.787,4.818,0.229,0.490,58.854,0.000,0.108,2.048,3.276,0.320,7.650,0.200,14.219
Cer77_rep9_Dep6_Tu3,0.000,21.525,3.992,0.000,44.501,0.000,0.188,3.065,4.445,0.576,7.714,0.193,13.801
Cer77_rep5_Dep6_Tu30,0.009,19.056,47.290,0.099,2.634,0.061,0.869,1.633,13.535,0.403,10.047,0.416,3.947
Cer77_rep3_Dep6_Tu30,0.003,20.203,50.139,0.048,0.218,0.005,1.038,7.590,4.117,1.018,6.562,0.891,8.168
Cer77_rep8_Dep6_Tu50,0.004,0.000,68.657,0.093,0.065,0.001,1.034,20.896,4.061,0.060,2.921,1.331,0.878
Cer77_rep1_Dep6_Tu1,0.000,7.320,0.094,0.000,58.071,0.000,0.065,0.915,5.218,0.293,10.826,0.168,17.031
Cer77_rep7_Dep6_Tu3,0.000,5.400,3.651,0.015,57.844,0.000,0.189,6.621,0.543,0.196,8.539,0.297,16.706
Cer77_rep10_Dep6_Tu2,0.001,40.630,3.688,0.001,25.953,0.000,0.422,2.616,1.868,0.628,7.815,0.759,15.619
Cer77_rep2_Dep6_Tu0.5,0.000,75.283,0.131,0.000,2.241,0.000,0.226,1.961,1.120,1.282,7.807,0.719,9.229
Cer77_rep3_Dep6_Tu20,0.008,40.621,34.385,0.027,0.065,0.003,0.703,9.201,1.252,0.540,5.898,0.669,6.630
Cer77_rep1_Dep6_Tu2,0.005,70.713,3.145,0.001,2.384,0.000,0.345,2.931,1.250,2.420,6.699,0.637,9.471
Cer77_rep2_Dep6_Tu5,0.001,20.193,7.955,0.029,41.054,0.000,0.388,0.673,4.360,1.059,6.977,0.240,17.071
Cer77_rep5_Dep6_Tu0.5,0.001,72.729,0.378,0.000,5.086,0.000,0.320,2.527,0.896,0.943,7.236,0.522,9.360
Cer77_rep2_Dep6_Tu50,0.003,0.042,71.065,0.066,0.000,0.003,0.922,18.761,4.248,0.069,3.279,1.002,0.541
Cer77_rep9_Dep6_Tu0.5,0.000,76.110,0.728,0.000,1.476,0.000,0.251,3.451,0.901,0.904,5.999,0.369,9.811
Cer77_rep4_Dep6_Tu10,0.002,53.229,19.608,0.003,3.228,0.006,0.316,3.779,2.098,0.986,8.475,0.570,7.699
Cer77_rep9_Dep6_Tu20,0.002,32.425,34.706,0.025,2.832,0.005,0.582,6.636,5.310,0.699,7.907,0.394,8.480
Cer77_rep3_Dep6_Tu10,0.005,43.098,18.176,0.015,9.903,0.002,0.616,3.318,3.303,0.855,7.933,0.780,11.995
Cer77_rep6_Dep6_Tu5,0.001,52.320,9.208,0.003,10.861,0.000,0.339,0.770,5.147,1.243,7.445,0.314,12.349
Cer77_rep5_Dep6_Tu1,0.000,31.186,0.616,0.000,40.158,0.000,0.143,2.171,2.462,0.448,9.549,0.170,13.098
Cer77_rep5_Dep6_Tu0.3,0.000,9.214,0.003,0.000,59.228,0.000,0.031,1.863,3.126,0.100,10.590,0.110,15.735
Cer77_rep4_Dep6_Tu50,0.031,0.000,69.628,0.036,0.016,0.060,0.591,14.893,9.665,0.189,3.673,0.689,0.529
Cer77_rep6_Dep6_Tu0.3,0.000,25.513,0.004,0.000,45.290,0.000,0.054,2.534,2.567,0.262,10.531,0.250,12.995
Cer77_rep4_Dep6_Tu40,0.005,8.792,60.268,0.050,0.069,0.003,0.965,12.635,7.162,0.838,2.391,0.427,6.394
Cer77_rep10_Dep6_Tu5,0.006,49.862,9.218,0.028,12.155,0.000,0.460,5.263,0.257,1.708,7.520,0.649,12.873
Cer77_rep3_Dep6_Tu1,0.000,23.566,0.796,0.000,45.447,0.000,0.095,1.529,3.091,0.296,9.144,0.259,15.777
Cer77_rep8_Dep6_Tu40,0.007,11.428,59.317,0.085,0.018,0.017,0.933,12.588,6.780,0.482,2.633,0.741,4.971
Cer77_rep7_Dep6_Tu0.3,0.000,69.057,0.279,0.000,8.661,0.000,0.210,1.566,2.893,0.585,6.172,0.303,10.274
Cer77_rep3_Dep6_Tu0.1,0.000,23.814,0.006,0.000,46.770,0.000,0.038,0.016,3.243,0.310,10.527,0.371,14.905
Cer77_rep4_Dep6_Tu0.3,0.000,50.735,0.182,0.000,23.179,0.000,0.154,2.039,2.222,0.830,7.128,0.335,13.197
Cer77_rep6_Dep6_Tu2,0.000,10.214,4.136,0.000,53.025,0.000,0.069,1.163,4.068,0.122,10.038,0.179,16.985
Cer77_rep6_Dep6_Tu20,0.003,31.769,34.911,0.077,3.097,0.010,1.096,5.831,5.682,1.093,5.355,0.536,10.540
Cer77_rep9_Dep6_Tu40,0.005,0.230,59.333,0.095,4.792,0.027,1.031,16.200,1.079,0.769,6.295,1.649,8.495
Cer77_rep6_Dep6_Tu40,0.007,9.187,59.586,0.102,0.059,0.021,0.789,14.944,2.047,0.696,4.210,1.051,7.302
Cer77_rep8_Dep6_Tu5,0.000,6.912,8.724,0.000,50.503,0.000,0.153,5.126,3.110,0.128,6.947,0.342,18.056
Cer77_rep5_Dep6_Tu50,0.007,0.081,68.824,0.045,0.000,0.138,1.268,20.210,2.540,0.523,2.938,1.309,2.117
Cer77_rep1_Dep6_Tu30,0.003,23.945,48.420,0.012,0.054,0.054,0.735,7.825,6.143,0.902,4.445,1.071,6.393
