Sample,BRCA,CEAD,CESC,COAD,OV,READ,bcell,cd4tcell,cd8tcell,erythroblast,monocyte,naturalkillercell,neutrophil
Colo_rep2_Dep6_Tu0.5,0.000,0.454,0.095,0.000,2.017,0.153,1.045,58.041,0.190,5.484,31.109,1.178,0.232
Colo_rep2_Dep6_Tu50,0.000,0.609,0.000,0.026,1.653,51.228,0.786,25.418,0.473,5.854,7.749,2.406,3.797
Colo_rep6_Dep6_Tu1,0.000,0.452,0.099,0.000,6.960,0.263,1.548,60.659,0.335,6.453,22.673,0.245,0.314
Colo_rep3_Dep6_Tu2,0.000,0.670,0.051,0.000,0.338,1.168,3.612,57.579,5.781,9.332,19.848,1.511,0.110
Colo_rep7_Dep6_Tu2,0.000,1.336,0.208,0.000,0.496,1.012,0.644,60.645,8.133,4.715,22.742,0.070,0.000
Colo_rep8_Dep6_Tu0.1,0.000,0.141,0.033,0.000,14.495,0.108,2.365,57.756,6.312,6.568,9.071,2.321,0.830
Colo_rep10_Dep6_Tu2,0.000,0.328,0.092,0.000,3.024,1.264,1.488,57.567,0.388,4.949,29.802,0.599,0.498
Colo_rep6_Dep6_Tu3,0.000,1.446,0.000,0.000,0.631,1.653,1.004,60.261,7.756,5.199,21.573,0.232,0.244
Colo_rep9_Dep6_Tu30,0.000,0.210,0.268,0.000,11.435,31.197,1.606,34.778,0.000,7.285,4.791,5.584,2.846
Colo_rep9_Dep6_Tu0.5,0.000,0.235,0.227,0.000,2.209,0.454,0.437,61.100,0.191,4.464,29.899,0.295,0.488
Colo_rep6_Dep6_Tu20,0.000,1.598,0.000,0.000,0.348,21.871,0.948,45.280,8.891,3.435,16.855,0.114,0.659
Colo_rep8_Dep6_Tu30,0.000,0.542,0.000,0.000,1.438,30.409,1.586,37.507,0.000,5.066,19.251,1.870,2.331
Colo_rep3_Dep6_Tu5,0.000,0.474,0.000,0.000,6.562,4.992,1.176,59.431,0.693,3.639,21.961,0.669,0.403
Colo_rep4_Dep6_Tu3,0.000,0.174,0.155,0.000,18.125,1.819,0.532,57.714,0.811,4.034,16.044,0.310,0.284
Colo_rep2_Dep6_Tu10,0.000,0.286,0.108,0.000,2.655,10.186,1.315,51.597,0.395,5.194,26.439,1.040,0.785
Colo_rep3_Dep6_Tu40,0.000,0.237,0.000,0.000,10.021,42.181,1.154,28.665,0.000,6.136,2.182,6.011,3.413
Colo_rep3_Dep6_Tu30,0.000,0.849,0.000,0.000,2.018,32.598,0.504,37.723,0.743,7.144,15.894,0.717,1.809
Colo_rep6_Dep6_Tu30,0.000,0.179,0.027,0.000,9.878,33.722,0.766,37.499,3.801,8.817,1.292,0.701,3.318
Colo_rep4_Dep6_Tu50,0.000,0.590,0.072,0.029,5.807,51.034,1.773,22.889,3.687,6.801,0.490,2.291,4.537
Colo_rep5_Dep6_Tu50,0.000,1.113,0.000,0.000,1.490,51.374,0.000,22.734,0.894,5.685,9.005,4.084,3.622
Colo_rep6_Dep6_Tu2,0.000,0.266,0.122,0.000,15.442,1.638,2.142,60.194,2.524,8.933,7.187,0.970,0.582
Colo_rep10_Dep6_Tu50,0.000,0.660,0.000,0.000,5.863,51.111,1.484,22.210,4.330,7.407,0.586,2.276,4.073
Colo_rep7_Dep6_Tu50,0.000,1.284,0.000,0.000,0.782,53.720,1.688,22.327,3.975,7.464,3.938,0.648,4.172
Colo_rep9_Dep6_Tu40,0.000,0.411,0.000,0.000,9.628,41.254,0.982,28.831,0.750,6.080,2.557,6.148,3.360
Colo_rep8_Dep6_Tu5,0.021,0.222,0.076,0.000,14.128,4.281,0.467,58.884,6.920,5.973,7.059,1.233,0.737
Colo_rep1_Dep6_Tu20,0.000,0.421,0.000,0.000,12.165,22.446,0.684,46.332,3.311,8.965,2.122,1.617,1.936
Colo_rep9_Dep6_Tu2,0.000,0.338,0.038,0.000,3.440,1.245,0.508,60.093,0.121,5.690,27.751,0.369,0.407
Colo_rep5_Dep6_Tu30,0.000,1.187,0.000,0.000,0.571,33.286,2.297,36.317,3.804,8.495,10.541,1.534,1.967
Colo_rep4_Dep6_Tu0.1,0.049,0.776,0.156,0.000,0.386,0.000,1.859,62.494,0.896,9.472,21.938,1.324,0.650
Colo_rep5_Dep6_Tu0.1,0.000,0.323,0.144,0.000,2.356,0.000,1.317,57.983,0.394,4.857,31.836,0.494,0.295
Colo_rep9_Dep6_Tu3,0.000,0.103,0.084,0.000,17.605,1.167,1.819,54.910,0.382,6.674,14.090,2.838,0.329
Colo_rep2_Dep6_Tu0.1,0.000,0.115,0.068,0.000,17.603,0.000,0.659,57.860,2.618,3.928,16.674,0.473,0.003
Colo_rep8_Dep6_Tu10,0.000,0.480,0.000,0.000,13.483,8.982,2.916,50.736,7.507,6.010,6.562,2.461,0.864
Colo_rep4_Dep6_Tu30,0.000,0.631,0.000,0.000,1.511,31.802,1.858,36.097,0.682,5.525,17.613,2.398,1.883
Colo_rep2_Dep6_Tu2,0.000,1.238,0.053,0.000,0.649,1.327,0.570,61.541,7.059,5.724,21.600,0.159,0.080
Colo_rep1_Dep6_Tu5,0.000,1.435,0.035,0.000,0.568,3.715,0.981,58.163,8.574,4.052,22.231,0.065,0.182
Colo_rep8_Dep6_Tu50,0.000,0.555,0.090,0.023,6.233,51.151,1.060,24.260,2.373,8.619,0.277,1.128,4.231
Colo_rep5_Dep6_Tu5,0.000,0.324,0.000,0.000,14.916,4.469,0.573,59.110,7.143,6.663,5.655,0.685,0.462
Colo_rep6_Dep6_Tu50,0.000,0.561,0.000,0.000,5.396,51.776,1.729,24.500,0.000,9.816,0.298,1.245,4.679
Colo_rep5_Dep6_Tu0.5,0.000,0.224,0.285,0.000,2.176,0.444,1.057,60.406,0.071,4.287,29.893,0.685,0.471
Colo_rep4_Dep6_Tu20,0.000,0.540,0.000,0.000,8.409,22.877,0.487,44.136,5.565,4.583,7.761,4.544,1.098
Colo_rep8_Dep6_Tu40,0.000,0.858,0.000,0.000,1.445,42.147,0.402,31.295,0.000,5.644,12.933,1.638,3.637
Colo_rep7_Dep6_Tu0.3,0.000,0.497,0.271,0.000,3.415,0.226,0.530,60.896,0.398,5.094,28.424,0.242,0.004
Colo_rep7_Dep6_Tu30,0.000,0.626,0.151,0.000,1.463,33.093,0.953,38.477,0.203,4.466,16.635,1.953,1.981
Colo_rep10_Dep6_Tu20,0.000,0.478,0.000,0.000,11.878,20.498,2.435,43.164,7.228,5.545,3.710,3.348,1.714
Colo_rep9_Dep6_Tu10,0.000,0.126,0.066,0.000,15.345,8.861,0.868,50.958,0.000,6.225,10.528,6.318,0.705
Colo_rep9_Dep6_Tu0.1,0.000,0.406,0.052,0.000,14.687,0.000,1.340,58.410,8.833,7.303,8.237,0.633,0.098
Colo_rep10_Dep6_Tu0.3,0.000,0.185,0.118,0.000,15.598,0.484,2.141,61.201,2.538,8.801,7.628,0.856,0.450
Colo_rep8_Dep6_Tu20,0.000,0.362,0.000,0.000,13.627,20.245,2.351,42.660,0.913,5.705,9.469,3.391,1.276
Colo_rep3_Dep6_Tu3,0.000,0.486,0.207,0.000,6.542,2.506,1.656,56.921,1.339,5.127,22.376,2.432,0.408
Colo_rep4_Dep6_Tu2,0.000,0.123,0.008,0.000,16.506,1.094,1.356,56.692,1.995,5.279,15.916,0.971,0.059
Colo_rep10_Dep6_Tu0.1,0.000,0.383,0.055,0.000,14.926,0.000,2.251,56.894,9.805,6.416,7.685,1.509,0.075
Colo_rep4_Dep6_Tu0.3,0.000,0.341,0.036,0.000,7.701,0.245,1.457,60.718,1.005,5.854,22.283,0.359,0.000
Colo_rep9_Dep6_Tu0.3,0.000,0.242,0.291,0.000,1.842,0.000,1.903,56.600,0.209,5.656,31.427,1.580,0.250
Colo_rep1_Dep6_Tu10,0.000,0.507,0.000,0.000,14.351,9.838,0.576,54.792,7.848,6.814,4.333,0.503,0.438
Colo_rep6_Dep6_Tu0.3,0.000,0.091,0.153,0.000,17.570,0.000,2.861,54.578,0.652,8.134,14.192,1.490,0.279
Colo_rep6_Dep6_Tu0.5,0.000,0.317,0.078,0.000,14.782,0.000,1.700,56.706,11.517,6.010,7.847,1.003,0.040
Colo_rep10_Dep6_Tu10,0.000,0.207,0.050,0.000,13.096,10.409,2.081,50.874,5.996,6.238,6.623,2.492,1.933
Colo_rep10_Dep6_Tu1,0.000,0.264,0.066,0.000,14.652,0.426,1.563,57.598,8.353,7.838,8.271,0.946,0.022
Colo_rep10_Dep6_Tu5,0.000,0.203,0.004,0.000,16.529,3.591,1.079,54.588,2.964,4.720,15.808,0.364,0.149
Colo_rep10_Dep6_Tu40,0.000,1.065,0.064,0.000,1.129,41.602,1.018,28.990,1.455,5.597,13.430,3.106,2.545
Colo_rep10_Dep6_Tu0.5,0.000,0.451,0.014,0.000,15.246,0.400,0.633,61.445,8.375,6.218,6.708,0.368,0.142
Colo_rep1_Dep6_Tu1,0.000,0.258,0.015,0.000,14.293,0.184,1.578,56.280,11.402,6.466,7.917,1.384,0.222
Colo_rep7_Dep6_Tu20,0.000,0.497,0.000,0.000,1.571,22.299,0.461,46.253,0.138,5.089,21.236,0.555,1.900
Colo_rep6_Dep6_Tu10,0.000,0.228,0.027,0.000,15.893,9.397,1.232,51.587,1.088,4.716,12.783,2.890,0.160
Colo_rep10_Dep6_Tu3,0.000,0.475,0.000,0.000,2.309,1.713,0.767,57.071,0.296,5.432,30.252,1.339,0.344
Colo_rep1_Dep6_Tu30,0.000,0.766,0.000,0.000,1.328,32.772,1.407,36.344,1.101,5.446,17.331,2.227,1.278
Colo_rep1_Dep6_Tu0.1,0.000,0.328,0.192,0.000,1.600,0.000,1.547,58.019,0.268,4.850,32.207,0.739,0.251
Colo_rep7_Dep6_Tu5,0.000,0.769,0.061,0.000,0.558,4.759,2.462,58.270,0.000,9.971,20.843,1.463,0.843
Colo_rep7_Dep6_Tu0.1,0.000,0.200,0.112,0.000,2.538,0.111,0.307,61.585,0.153,4.486,29.696,0.248,0.564
Colo_rep6_Dep6_Tu40,0.000,0.498,0.289,0.000,2.190,42.572,1.035,29.947,0.959,7.127,11.704,0.975,2.703
Colo_rep8_Dep6_Tu2,0.000,0.032,0.189,0.000,16.221,1.041,0.948,55.710,0.174,6.983,12.727,5.703,0.273
Colo_rep7_Dep6_Tu0.5,0.000,1.573,0.000,0.000,0.434,0.000,0.858,60.267,9.969,3.101,23.595,0.085,0.118
Colo_rep5_Dep6_Tu20,0.000,0.512,0.000,0.000,12.388,20.458,2.917,42.455,8.291,6.991,2.814,1.997,1.176
Colo_rep8_Dep6_Tu0.3,0.000,0.233,0.290,0.000,1.887,0.000,1.909,56.571,0.220,5.660,31.364,1.579,0.287
Colo_rep4_Dep6_Tu5,0.000,0.278,0.031,0.000,15.050,4.436,1.404,57.923,4.233,9.523,5.853,0.354,0.915
Colo_rep9_Dep6_Tu1,0.000,0.219,0.118,0.000,2.475,0.297,0.914,57.807,0.682,5.210,31.707,0.572,0.000
Colo_rep1_Dep6_Tu0.5,0.000,1.834,0.093,0.000,0.486,0.000,1.250,60.063,5.503,7.685,22.361,0.484,0.239
Colo_rep8_Dep6_Tu3,0.000,0.293,0.000,0.000,19.188,1.298,0.313,59.001,0.693,2.807,15.848,0.305,0.253
Colo_rep5_Dep6_Tu0.3,0.000,0.188,0.073,0.000,15.227,0.505,1.282,60.613,5.061,9.218,7.118,0.229,0.487
Colo_rep2_Dep6_Tu30,0.000,0.610,0.000,0.000,1.105,31.389,1.850,35.743,0.000,5.851,18.116,3.174,2.162
Colo_rep7_Dep6_Tu10,0.000,0.166,0.036,0.000,1.893,10.544,0.352,54.930,0.233,4.260,26.250,0.371,0.965
Colo_rep2_Dep6_Tu40,0.000,0.539,0.000,0.012,7.672,40.606,2.155,28.679,6.569,7.642,1.068,2.573,2.486
Colo_rep3_Dep6_Tu0.1,0.000,0.093,0.118,0.000,16.559,0.000,1.139,56.289,0.124,6.255,13.707,4.986,0.730
Colo_rep3_Dep6_Tu1,0.000,0.000,0.101,0.000,16.222,0.437,1.190,56.564,0.363,6.629,13.449,4.963,0.082
Colo_rep8_Dep6_Tu1,0.000,0.073,0.015,0.000,17.512,0.360,1.188,58.358,0.649,5.481,15.168,0.989,0.206
Colo_rep4_Dep6_Tu1,0.000,0.520,0.000,0.000,15.239,0.590,0.666,61.096,8.425,6.482,6.643,0.339,0.000
Colo_rep5_Dep6_Tu40,0.000,0.454,0.210,0.000,6.540,43.777,0.996,29.079,3.265,6.514,1.819,4.033,3.312
Colo_rep5_Dep6_Tu10,0.000,0.162,0.106,0.000,15.694,8.780,1.005,50.699,0.284,7.730,12.234,2.663,0.644
Colo_rep2_Dep6_Tu0.3,0.000,0.233,0.080,0.000,19.201,0.000,0.251,60.109,0.479,2.755,16.397,0.275,0.221
Colo_rep10_Dep6_Tu30,0.000,0.475,0.019,0.011,1.741,33.295,1.167,37.443,0.403,4.868,16.140,1.720,2.718
Colo_rep1_Dep6_Tu40,0.000,0.431,0.000,0.000,11.717,41.590,0.583,31.064,1.590,4.770,3.515,0.804,3.935
Colo_rep6_Dep6_Tu0.1,0.000,1.492,0.006,0.000,0.379,0.038,1.008,61.536,7.118,5.417,22.793,0.212,0.000
Colo_rep7_Dep6_Tu40,0.000,0.314,0.059,0.013,9.066,42.363,1.984,28.075,0.197,6.247,2.856,5.162,3.663
Colo_rep1_Dep6_Tu50,0.000,0.342,0.035,0.035,8.007,51.033,1.548,22.389,1.535,6.654,1.123,2.801,4.498
Colo_rep1_Dep6_Tu0.3,0.000,0.516,0.093,0.000,0.350,0.459,3.993,57.708,5.089,10.218,19.945,1.287,0.344
Colo_rep9_Dep6_Tu20,0.000,1.584,0.000,0.000,0.446,21.102,0.855,46.323,5.136,7.299,15.284,1.151,0.819
Colo_rep4_Dep6_Tu10,0.000,0.684,0.046,0.000,3.293,10.530,0.530,54.079,0.307,5.747,24.437,0.267,0.080
Colo_rep6_Dep6_Tu5,0.000,1.237,0.025,0.000,0.521,3.563,0.519,59.098,8.119,4.781,21.959,0.056,0.124
Colo_rep9_Dep6_Tu5,0.000,0.348,0.215,0.000,11.204,3.768,2.144,57.557,1.060,9.525,13.220,0.108,0.850
Colo_rep3_Dep6_Tu50,0.000,1.019,0.000,0.021,1.019,53.140,1.379,24.808,0.000,8.499,4.935,1.649,3.531
Colo_rep5_Dep6_Tu1,0.000,0.400,0.188,0.000,11.750,0.512,1.876,60.258,1.112,9.156,14.131,0.145,0.471
Colo_rep5_Dep6_Tu3,0.000,0.485,0.220,0.000,2.511,2.270,0.288,60.229,0.017,4.487,28.335,0.528,0.629
Colo_rep2_Dep6_Tu1,0.000,0.435,0.085,0.000,6.669,0.455,0.810,58.807,0.933,8.218,22.404,0.816,0.367
Colo_rep7_Dep6_Tu1,0.000,0.193,0.076,0.000,2.701,0.436,0.870,60.182,0.358,5.166,29.149,0.701,0.169
Colo_rep5_Dep6_Tu2,0.000,0.402,0.139,0.000,14.972,1.836,1.477,60.683,4.376,8.529,6.340,0.802,0.444
Colo_rep4_Dep6_Tu40,0.000,0.877,0.078,0.000,1.858,42.537,1.146,30.377,0.650,6.336,11.257,1.599,3.286
Colo_rep2_Dep6_Tu20,0.000,1.443,0.000,0.000,0.371,21.691,1.190,45.948,5.385,6.722,14.830,1.502,0.919
Colo_rep4_Dep6_Tu0.5,0.000,0.281,0.027,0.000,15.633,0.258,1.541,61.119,7.464,6.362,6.664,0.352,0.300
Colo_rep2_Dep6_Tu5,0.000,0.355,0.000,0.000,18.925,2.738,0.217,58.433,0.417,2.644,15.588,0.280,0.403
Colo_rep2_Dep6_Tu3,0.000,0.282,0.307,0.000,6.909,2.223,1.267,57.552,0.547,8.103,21.997,0.596,0.217
Colo_rep3_Dep6_Tu10,0.000,0.753,0.077,0.000,0.412,9.901,2.257,55.207,1.848,9.323,17.717,1.694,0.812
Colo_rep8_Dep6_Tu0.5,0.000,2.174,0.025,0.000,0.376,0.000,0.701,61.488,5.470,6.315,22.609,0.708,0.133
Colo_rep7_Dep6_Tu3,0.000,0.530,0.018,0.000,15.100,2.366,0.807,60.246,6.890,7.104,6.105,0.493,0.341
Colo_rep3_Dep6_Tu0.5,0.000,0.071,0.160,0.000,17.610,0.196,2.861,54.446,0.638,8.101,14.073,1.582,0.261
Colo_rep3_Dep6_Tu20,0.000,0.480,0.218,0.000,1.345,21.103,1.884,42.672,0.047,6.153,22.258,2.220,1.620
Colo_rep1_Dep6_Tu2,0.000,0.327,0.060,0.000,2.353,0.796,0.866,57.756,0.900,4.501,31.591,0.842,0.008
Colo_rep9_Dep6_Tu50,0.000,0.886,0.000,0.000,2.118,52.293,1.025,25.094,0.157,5.521,7.568,2.269,3.069
Colo_rep3_Dep6_Tu0.3,0.000,2.157,0.029,0.000,0.341,0.000,0.659,61.507,5.627,6.239,22.613,0.725,0.102
Colo_rep1_Dep6_Tu3,0.000,1.114,0.000,0.000,0.459,1.734,2.646,57.846,3.422,10.176,20.207,2.018,0.378
Br62_rep5_Dep6_Tu0.5,0.397,0.211,0.316,0.000,2.163,0.320,1.068,60.267,0.093,4.243,29.802,0.642,0.478
Br62_rep5_Dep6_Tu3,2.543,0.581,0.385,0.016,2.444,0.000,0.314,60.112,0.021,4.121,28.425,0.441,0.597
Br62_rep6_Dep6_Tu30,34.525,0.753,0.559,1.523,9.912,0.000,0.539,39.363,2.664,5.734,2.230,0.206,1.992
Br62_rep7_Dep6_Tu20,22.889,0.006,0.857,0.405,1.024,0.000,0.201,47.062,0.022,3.263,22.711,0.243,1.317
Br62_rep2_Dep6_Tu40,45.724,1.675,0.304,3.199,8.820,0.000,0.000,29.833,0.000,4.934,1.378,1.783,2.350
Br62_rep8_Dep6_Tu0.5,0.000,2.129,0.026,0.000,0.358,0.000,0.676,61.462,5.764,6.176,22.563,0.734,0.111
Br62_rep5_Dep6_Tu2,0.907,0.516,0.092,0.000,15.104,0.000,1.357,61.101,4.538,8.392,6.596,0.687,0.708
Br62_rep4_Dep6_Tu50,57.104,0.000,0.764,3.648,6.352,0.000,1.133,22.475,0.000,2.426,0.783,0.954,4.361
Br62_rep8_Dep6_Tu40,45.617,0.501,1.868,2.452,0.445,0.000,0.135,30.262,0.000,1.800,14.348,0.289,2.282
Br62_rep7_Dep6_Tu2,1.303,1.363,0.201,0.000,0.459,0.000,0.637,60.418,8.125,4.695,22.688,0.076,0.034
Br62_rep9_Dep6_Tu40,45.432,0.000,1.409,2.044,9.590,0.000,0.000,28.436,0.000,2.368,3.390,4.945,2.385
Br62_rep10_Dep6_Tu2,1.112,0.405,0.092,0.000,3.156,0.000,1.340,57.593,0.304,4.969,29.813,0.597,0.619
Br62_rep6_Dep6_Tu10,9.752,0.351,0.158,0.142,15.826,0.000,1.261,51.817,1.130,3.976,13.332,2.089,0.167
Br62_rep2_Dep6_Tu2,1.224,1.381,0.081,0.000,0.662,0.000,0.435,61.788,7.300,5.357,21.656,0.116,0.000
Br62_rep9_Dep6_Tu5,3.541,0.528,0.303,0.033,11.574,0.000,2.155,57.822,0.928,9.087,13.357,0.126,0.545
Br62_rep6_Dep6_Tu40,45.791,0.000,1.353,2.200,0.651,0.000,0.000,31.623,0.145,2.885,14.216,0.193,0.943
Br62_rep4_Dep6_Tu20,25.326,1.051,0.526,0.572,8.184,0.000,0.284,43.677,4.813,2.838,8.577,3.770,0.382
Br62_rep9_Dep6_Tu1,0.270,0.367,0.072,0.000,2.577,0.000,0.878,57.710,0.825,5.252,31.523,0.525,0.000
Br62_rep1_Dep6_Tu0.3,0.000,0.553,0.083,0.000,0.399,0.337,3.958,57.732,5.094,10.236,19.924,1.347,0.337
Br62_rep3_Dep6_Tu5,3.944,0.677,0.000,0.026,6.682,0.000,0.833,60.214,0.662,3.438,22.759,0.538,0.225
Br62_rep9_Dep6_Tu50,55.242,0.000,2.862,3.251,0.483,0.000,0.136,23.793,0.000,1.201,10.089,0.329,2.612
Br62_rep5_Dep6_Tu30,36.010,1.762,0.662,2.121,0.221,0.000,1.591,37.064,1.447,5.162,11.939,0.516,1.505
Br62_rep9_Dep6_Tu0.5,0.099,0.375,0.176,0.000,2.196,0.196,0.406,61.111,0.203,4.466,29.946,0.275,0.550
Br62_rep1_Dep6_Tu20,24.970,0.000,0.342,1.541,11.362,0.000,1.080,46.715,3.055,5.748,2.752,0.915,1.521
Br62_rep4_Dep6_Tu2,0.427,0.192,0.028,0.000,16.455,0.000,1.267,56.993,2.213,5.329,16.056,0.789,0.251
Br62_rep8_Dep6_Tu3,1.708,0.422,0.044,0.000,19.182,0.000,0.282,58.802,0.764,2.775,15.677,0.282,0.062
Br62_rep2_Dep6_Tu5,3.568,0.232,0.126,0.043,18.735,0.000,0.198,58.039,0.306,2.328,15.672,0.257,0.497
Br62_rep2_Dep6_Tu1,0.524,0.507,0.133,0.000,6.828,0.000,0.761,58.803,0.829,8.271,22.226,0.773,0.345
Br62_rep8_Dep6_Tu1,0.108,0.087,0.025,0.000,17.491,0.000,1.209,58.498,0.688,5.451,15.291,0.863,0.290
Br62_rep10_Dep6_Tu0.1,0.000,0.389,0.056,0.000,15.040,0.000,2.341,56.726,9.897,6.313,7.485,1.645,0.109
Br62_rep3_Dep6_Tu40,44.239,0.000,1.059,3.082,9.326,0.000,0.338,28.647,0.000,1.954,3.639,4.439,3.276
Br62_rep8_Dep6_Tu0.3,0.000,0.241,0.318,0.000,1.880,0.000,1.876,56.584,0.195,5.610,31.349,1.618,0.328
Br62_rep4_Dep6_Tu0.5,0.000,0.437,0.038,0.000,15.341,0.000,1.537,61.222,7.448,6.291,7.089,0.322,0.275
Br62_rep6_Dep6_Tu50,55.662,0.000,1.240,3.798,5.593,0.000,0.655,24.930,0.000,3.338,0.731,0.209,3.844
Br62_rep7_Dep6_Tu0.1,0.000,0.236,0.090,0.000,2.510,0.000,0.288,61.693,0.180,4.446,29.739,0.257,0.562
Br62_rep9_Dep6_Tu30,33.662,0.243,1.378,0.909,11.434,0.000,0.589,34.927,0.000,4.989,5.628,4.788,1.452
Br62_rep6_Dep6_Tu20,21.499,1.890,0.069,0.346,0.138,0.000,0.621,46.702,8.506,1.906,17.898,0.057,0.368
Br62_rep5_Dep6_Tu5,4.920,0.375,0.017,0.035,15.056,0.000,0.486,59.091,7.026,6.461,5.652,0.356,0.524
Br62_rep4_Dep6_Tu40,44.999,0.560,1.530,2.282,0.925,0.000,0.300,30.567,0.000,3.208,13.185,0.430,2.013
Br62_rep8_Dep6_Tu0.1,0.000,0.155,0.034,0.000,14.288,0.000,2.400,57.812,5.863,6.742,9.504,2.271,0.930
Br62_rep1_Dep6_Tu40,43.419,0.656,0.693,3.218,12.182,0.000,0.000,30.763,0.000,1.390,4.300,0.379,3.001
Br62_rep3_Dep6_Tu30,34.880,1.253,1.870,1.426,1.107,0.000,0.298,37.842,0.000,3.292,17.063,0.441,0.528
Br62_rep7_Dep6_Tu0.5,0.000,1.632,0.000,0.000,0.433,0.000,0.849,60.268,9.988,3.111,23.556,0.090,0.073
Br62_rep1_Dep6_Tu10,8.993,0.612,0.063,0.168,14.591,0.000,0.477,56.261,7.888,5.372,4.813,0.262,0.498
Br62_rep10_Dep6_Tu20,22.100,0.596,0.085,0.780,11.974,0.000,2.346,43.349,7.188,3.973,4.109,1.929,1.571
Br62_rep1_Dep6_Tu5,3.590,1.445,0.032,0.052,0.492,0.000,0.862,58.258,8.455,3.958,22.413,0.098,0.344
Br62_rep3_Dep6_Tu50,55.196,2.682,1.556,4.364,0.244,0.000,0.353,24.078,0.000,2.893,6.226,0.477,1.931
Br62_rep1_Dep6_Tu3,1.560,1.195,0.079,0.041,0.435,0.000,2.675,57.914,3.441,9.936,20.286,2.124,0.313
Br62_rep7_Dep6_Tu30,34.122,0.965,1.509,1.677,0.738,0.000,0.185,38.342,0.000,2.488,18.063,0.504,1.407
Br62_rep6_Dep6_Tu1,0.056,0.543,0.110,0.000,7.122,0.000,1.438,60.944,0.366,6.259,22.612,0.235,0.315
Br62_rep1_Dep6_Tu0.5,0.000,1.796,0.099,0.000,0.453,0.000,1.177,60.104,5.673,7.616,22.271,0.516,0.295
Br62_rep1_Dep6_Tu0.1,0.000,0.346,0.212,0.000,1.562,0.000,1.513,57.946,0.286,4.869,32.199,0.784,0.283
Br62_rep9_Dep6_Tu3,1.140,0.127,0.187,0.017,17.320,0.000,1.747,54.856,0.374,6.406,14.414,2.827,0.584
Br62_rep5_Dep6_Tu40,45.666,0.000,1.882,2.319,5.910,0.000,0.683,29.608,2.621,2.601,4.233,2.482,1.995
Br62_rep10_Dep6_Tu3,1.901,0.426,0.270,0.000,2.262,0.000,0.651,56.868,0.250,5.322,30.290,1.370,0.391
Br62_rep2_Dep6_Tu0.3,0.061,0.213,0.108,0.000,19.176,0.000,0.262,60.019,0.440,2.772,16.367,0.286,0.296
Br62_rep10_Dep6_Tu40,44.496,0.692,0.825,2.466,0.548,0.000,0.435,29.421,0.000,2.314,16.291,1.058,1.453
Br62_rep3_Dep6_Tu2,0.781,0.697,0.093,0.007,0.385,0.282,3.513,57.769,5.774,9.194,19.983,1.459,0.063
Br62_rep5_Dep6_Tu1,0.216,0.462,0.200,0.000,11.842,0.000,1.946,60.277,1.188,9.090,14.167,0.148,0.462
Br62_rep4_Dep6_Tu1,0.099,0.664,0.010,0.014,15.237,0.254,0.700,61.080,8.475,6.421,6.626,0.340,0.081
Br62_rep10_Dep6_Tu0.5,0.000,0.538,0.015,0.000,15.344,0.000,0.633,61.639,8.298,6.237,6.775,0.307,0.213
Br62_rep5_Dep6_Tu20,22.314,0.703,0.180,0.546,12.367,0.000,1.759,43.597,8.177,5.232,3.332,1.317,0.476
Br62_rep6_Dep6_Tu0.3,0.000,0.090,0.150,0.000,17.592,0.000,2.864,54.529,0.632,8.126,14.155,1.545,0.317
Br62_rep9_Dep6_Tu0.3,0.000,0.218,0.341,0.000,1.879,0.000,1.903,56.542,0.206,5.642,31.347,1.607,0.315
Br62_rep2_Dep6_Tu20,23.471,2.938,0.206,0.375,0.144,0.000,0.893,46.635,2.911,5.046,15.796,0.802,0.781
Br62_rep6_Dep6_Tu0.5,0.025,0.311,0.089,0.000,14.701,0.000,1.691,56.659,11.555,6.023,7.890,0.981,0.074
Br62_rep8_Dep6_Tu10,10.675,0.346,0.067,0.129,13.105,0.000,2.232,50.730,7.961,4.811,6.723,2.332,0.889
Br62_rep2_Dep6_Tu0.1,0.000,0.114,0.060,0.000,17.523,0.000,0.664,57.853,2.657,3.945,16.678,0.437,0.070
Br62_rep5_Dep6_Tu10,10.024,0.012,0.244,0.215,15.990,0.000,0.528,51.343,0.216,6.524,12.553,1.520,0.830
Br62_rep10_Dep6_Tu10,12.358,0.478,0.128,0.084,13.197,0.000,2.116,50.687,4.049,5.982,6.927,2.281,1.712
Br62_rep4_Dep6_Tu10,10.345,0.646,0.246,0.136,3.049,0.000,0.410,54.395,0.299,5.132,25.155,0.116,0.072
Br62_rep3_Dep6_Tu0.1,0.000,0.093,0.134,0.000,16.558,0.000,1.156,56.243,0.183,6.241,13.689,4.981,0.722
Br62_rep2_Dep6_Tu50,55.625,0.000,2.746,2.955,0.451,0.000,0.144,23.636,0.000,1.635,9.771,0.347,2.690
Br62_rep9_Dep6_Tu10,9.106,0.000,0.246,0.285,15.259,0.000,0.763,51.250,0.000,5.303,10.869,6.033,0.887
Br62_rep5_Dep6_Tu0.3,0.000,0.234,0.084,0.000,15.325,0.398,1.288,60.607,5.073,9.258,6.988,0.222,0.523
Br62_rep8_Dep6_Tu50,55.569,0.000,1.297,3.928,6.280,0.000,0.478,24.113,0.000,3.790,0.594,0.546,3.404
Br62_rep4_Dep6_Tu0.3,0.000,0.396,0.027,0.000,7.774,0.003,1.411,60.871,1.160,5.740,22.293,0.325,0.000
Br62_rep7_Dep6_Tu1,0.142,0.299,0.075,0.000,2.612,0.000,0.868,60.278,0.451,5.156,29.270,0.673,0.175
Br62_rep3_Dep6_Tu0.5,0.000,0.085,0.140,0.000,17.611,0.000,2.851,54.516,0.614,8.111,14.127,1.572,0.373
Br62_rep7_Dep6_Tu40,43.975,0.271,1.842,1.928,9.732,0.000,0.000,28.093,0.000,3.216,3.531,3.724,3.689
Br62_rep2_Dep6_Tu3,1.994,0.554,0.413,0.000,6.962,0.000,1.284,57.290,0.599,7.952,22.027,0.553,0.372
Br62_rep2_Dep6_Tu0.5,0.009,0.463,0.132,0.000,2.002,0.000,0.989,58.075,0.188,5.487,31.123,1.256,0.277
Br62_rep1_Dep6_Tu50,54.870,0.000,1.338,3.191,7.275,0.000,0.729,22.295,0.000,2.591,3.014,0.140,4.558
Br62_rep3_Dep6_Tu3,2.171,0.766,0.334,0.002,6.557,0.000,1.658,57.139,1.385,4.801,22.530,2.221,0.436
Br62_rep7_Dep6_Tu3,2.248,0.483,0.011,0.031,15.283,0.645,0.857,59.972,6.876,6.989,5.976,0.381,0.248
Br62_rep3_Dep6_Tu0.3,0.000,2.112,0.037,0.000,0.371,0.000,0.672,61.480,5.697,6.221,22.565,0.716,0.127
Br62_rep8_Dep6_Tu30,32.986,0.681,0.657,1.194,0.910,0.000,1.378,37.637,0.000,2.354,20.914,0.483,0.806
Br62_rep4_Dep6_Tu30,34.594,0.781,1.076,1.590,0.898,0.000,0.982,35.875,0.145,2.674,19.232,1.304,0.850
Br62_rep6_Dep6_Tu3,1.716,1.514,0.031,0.041,0.616,0.000,0.891,60.342,7.958,4.778,21.675,0.257,0.181
Br62_rep4_Dep6_Tu0.1,0.086,0.786,0.150,0.000,0.386,0.000,1.880,62.416,0.906,9.513,21.891,1.323,0.664
Br62_rep8_Dep6_Tu5,4.740,0.331,0.075,0.051,14.504,0.000,0.494,58.888,7.070,5.452,6.602,1.176,0.616
Br62_rep10_Dep6_Tu50,56.205,2.089,0.962,4.141,5.960,0.000,0.992,21.813,0.000,2.533,0.845,0.577,3.884
Br62_rep10_Dep6_Tu0.3,0.000,0.269,0.109,0.000,15.264,0.333,2.075,61.234,2.449,8.788,7.972,0.911,0.599
Br62_rep3_Dep6_Tu20,22.841,0.378,0.758,0.322,0.810,0.000,1.102,43.460,0.028,4.080,24.190,0.751,1.279
Br62_rep1_Dep6_Tu1,0.091,0.255,0.029,0.000,14.382,0.000,1.585,56.382,11.344,6.336,7.965,1.435,0.195
Br62_rep3_Dep6_Tu1,0.029,0.052,0.135,0.000,16.285,0.000,1.193,56.696,0.407,6.701,13.475,4.838,0.189
Br62_rep9_Dep6_Tu2,0.653,0.482,0.168,0.016,3.286,0.305,0.537,59.972,0.188,5.665,27.803,0.349,0.576
Br62_rep7_Dep6_Tu50,56.107,3.268,1.159,3.521,0.206,0.000,0.000,22.917,0.000,2.512,7.130,0.000,3.180
Br62_rep7_Dep6_Tu5,5.884,0.610,0.254,0.076,0.451,0.000,2.134,58.088,0.578,8.990,20.626,1.399,0.909
Br62_rep8_Dep6_Tu2,0.768,0.057,0.166,0.040,16.210,0.000,0.958,55.756,0.152,6.857,12.903,5.652,0.480
Br62_rep5_Dep6_Tu0.1,0.000,0.332,0.118,0.000,2.481,0.000,1.354,57.975,0.382,4.833,31.693,0.504,0.329
Br62_rep6_Dep6_Tu5,3.483,1.629,0.140,0.023,0.409,0.000,0.531,58.948,8.082,4.420,22.146,0.077,0.112
Br62_rep9_Dep6_Tu20,22.986,2.422,0.137,0.388,0.176,0.000,0.500,46.966,4.586,5.175,15.989,0.374,0.301
Br62_rep2_Dep6_Tu30,34.280,0.000,0.857,1.869,0.454,0.000,0.492,36.219,0.056,2.954,20.113,2.011,0.696
Br62_rep7_Dep6_Tu10,9.633,0.567,0.629,0.108,1.670,0.000,0.316,55.104,0.031,3.613,26.924,0.238,1.167
Br62_rep6_Dep6_Tu0.1,0.000,1.435,0.000,0.000,0.405,0.017,1.010,61.531,7.304,5.333,22.752,0.213,0.000
Br62_rep5_Dep6_Tu50,54.907,2.143,1.585,3.739,0.387,0.000,0.000,21.399,0.000,1.818,11.225,1.129,1.668
Br62_rep10_Dep6_Tu1,0.000,0.384,0.066,0.000,14.877,0.000,1.486,57.916,8.418,7.813,8.125,0.817,0.097
Br62_rep1_Dep6_Tu30,34.916,0.888,0.763,1.476,0.724,0.000,0.623,36.534,0.000,3.197,19.075,0.864,0.941
Br62_rep7_Dep6_Tu0.3,0.000,0.604,0.276,0.000,3.450,0.000,0.551,60.853,0.301,5.224,28.349,0.270,0.122
Br62_rep2_Dep6_Tu10,10.972,0.322,0.235,0.107,2.493,0.000,1.146,52.229,0.188,4.152,27.066,0.421,0.669
Br62_rep9_Dep6_Tu0.1,0.000,0.386,0.056,0.000,14.684,0.000,1.366,58.349,8.776,7.334,8.313,0.637,0.100
Br62_rep3_Dep6_Tu10,11.898,0.000,0.448,0.183,0.325,0.000,1.857,54.820,1.494,8.453,17.996,1.284,1.241
Br62_rep4_Dep6_Tu5,4.589,0.478,0.059,0.094,15.291,0.000,1.027,58.002,4.251,9.053,5.813,0.306,1.036
Br62_rep8_Dep6_Tu20,21.532,0.450,0.294,1.197,13.666,0.000,2.120,42.759,0.575,3.884,10.055,2.687,0.780
Br62_rep1_Dep6_Tu2,1.060,0.447,0.104,0.000,2.167,0.000,0.840,57.661,0.984,4.265,31.630,0.841,0.000
Br62_rep10_Dep6_Tu5,3.657,0.269,0.021,0.016,16.539,0.000,0.889,54.860,3.046,4.184,15.889,0.363,0.268
Br62_rep10_Dep6_Tu30,34.137,0.000,1.037,1.453,0.853,0.000,0.515,38.202,0.146,2.697,18.606,0.499,1.855
Br62_rep6_Dep6_Tu2,1.185,0.312,0.105,0.011,15.495,0.000,2.139,60.641,2.573,8.730,7.311,0.805,0.693
Br62_rep4_Dep6_Tu3,2.203,0.202,0.218,0.011,18.007,0.000,0.561,57.399,0.797,3.873,16.004,0.262,0.463
Br66_rep4_Dep6_Tu50,58.324,0.675,0.059,2.566,6.837,0.000,1.211,22.217,0.000,4.504,0.841,1.221,1.545
Br66_rep3_Dep6_Tu0.5,0.000,0.101,0.145,0.000,17.631,0.000,2.893,54.567,0.623,8.101,14.119,1.555,0.265
Br66_rep2_Dep6_Tu3,1.624,0.638,0.393,0.000,6.665,0.000,1.226,57.633,0.466,8.060,22.424,0.558,0.312
Br66_rep6_Dep6_Tu40,44.992,2.286,0.673,1.362,1.246,0.000,0.000,30.686,0.000,4.179,14.029,0.547,0.000
Br66_rep9_Dep6_Tu0.1,0.000,0.399,0.055,0.000,14.794,0.000,1.378,58.396,8.792,7.310,8.172,0.623,0.080
Br66_rep9_Dep6_Tu5,3.037,0.679,0.149,0.000,11.506,0.000,2.264,57.967,0.939,9.340,13.482,0.102,0.535
Br66_rep10_Dep6_Tu1,0.270,0.302,0.043,0.000,19.288,0.000,0.316,59.640,0.719,2.954,16.180,0.288,0.000
Br66_rep6_Dep6_Tu20,20.679,2.646,0.049,0.216,0.139,0.000,0.710,46.739,8.538,2.527,17.520,0.146,0.090
Br66_rep10_Dep6_Tu30,34.865,2.882,0.122,0.676,0.285,0.000,0.971,38.967,2.699,4.968,13.087,0.477,0.000
Br66_rep10_Dep6_Tu5,4.955,1.390,0.273,0.015,0.572,0.232,0.643,59.253,5.118,5.102,21.639,0.324,0.484
Br66_rep7_Dep6_Tu1,0.165,0.349,0.062,0.000,2.611,0.000,0.801,60.296,0.404,5.230,29.326,0.608,0.148
Br66_rep6_Dep6_Tu0.3,0.000,0.056,0.160,0.000,17.633,0.000,2.888,54.575,0.622,8.116,14.137,1.546,0.267
Br66_rep1_Dep6_Tu30,34.925,1.177,0.097,0.647,0.000,0.000,0.931,37.349,0.000,3.271,20.123,1.142,0.339
Br66_rep3_Dep6_Tu1,0.050,0.028,0.119,0.000,16.234,0.000,1.191,56.720,0.411,6.702,13.595,4.813,0.138
Br66_rep3_Dep6_Tu30,33.301,1.741,0.601,0.765,1.415,0.000,0.298,38.407,0.190,5.023,17.869,0.390,0.000
Br66_rep9_Dep6_Tu1,0.309,0.348,0.102,0.000,2.417,0.000,0.834,57.746,0.755,5.228,31.682,0.579,0.000
Br66_rep9_Dep6_Tu40,44.636,1.035,0.057,1.732,10.541,0.000,0.069,29.438,0.000,3.354,3.362,5.417,0.359
Br66_rep5_Dep6_Tu1,0.174,0.520,0.191,0.000,11.901,0.000,1.977,60.306,1.031,9.150,14.178,0.143,0.428
Br66_rep2_Dep6_Tu5,2.663,0.238,0.107,0.000,19.046,0.000,0.294,58.492,0.481,2.565,15.657,0.256,0.201
Br66_rep5_Dep6_Tu30,36.776,2.673,0.026,0.662,0.104,0.000,1.648,37.918,0.879,6.015,12.569,0.463,0.267
Br66_rep7_Dep6_Tu50,60.977,3.395,0.119,2.241,0.091,0.000,0.479,22.497,0.000,3.885,6.026,0.168,0.121
Br66_rep4_Dep6_Tu40,46.050,0.904,0.176,2.189,1.570,0.000,0.683,31.133,0.000,4.337,12.332,0.325,0.301
Br66_rep8_Dep6_Tu5,4.050,0.743,0.033,0.016,14.349,0.000,0.510,59.410,6.866,5.409,7.007,1.260,0.347
Br66_rep9_Dep6_Tu2,0.628,0.455,0.073,0.000,3.612,0.004,0.435,60.410,0.181,5.706,27.735,0.372,0.388
Br66_rep6_Dep6_Tu30,35.206,1.280,0.097,0.968,10.541,0.000,0.706,39.430,0.039,8.083,1.821,0.430,1.398
Br66_rep4_Dep6_Tu0.1,0.077,0.740,0.165,0.000,0.413,0.000,1.867,62.497,0.848,9.490,21.922,1.320,0.659
Br66_rep5_Dep6_Tu10,9.212,0.089,0.396,0.088,16.036,0.000,0.820,51.015,0.028,7.506,12.398,1.673,0.738
Br66_rep3_Dep6_Tu40,45.297,0.771,0.296,2.236,10.120,0.000,0.203,29.361,0.000,3.250,3.180,4.916,0.370
Br66_rep9_Dep6_Tu0.5,0.020,0.300,0.303,0.000,2.191,0.193,0.425,61.133,0.210,4.466,29.938,0.290,0.531
Br66_rep8_Dep6_Tu2,0.653,0.054,0.249,0.012,16.191,0.000,0.978,55.842,0.117,6.873,12.990,5.653,0.388
Br66_rep10_Dep6_Tu2,0.929,1.043,0.219,0.000,7.150,0.000,1.584,60.201,1.796,6.430,19.114,1.213,0.321
Br66_rep6_Dep6_Tu0.1,0.000,1.478,0.008,0.000,0.357,0.001,0.974,61.585,7.334,5.279,22.781,0.203,0.000
Br66_rep5_Dep6_Tu0.5,0.207,0.245,0.272,0.000,2.186,0.291,1.055,60.461,0.087,4.204,29.899,0.666,0.428
Br66_rep2_Dep6_Tu20,21.341,3.363,0.061,0.205,0.052,0.000,0.456,47.347,4.626,5.731,15.861,0.872,0.086
Br66_rep4_Dep6_Tu0.5,0.000,0.332,0.037,0.000,15.662,0.000,1.539,61.247,7.460,6.424,6.739,0.303,0.258
Br66_rep4_Dep6_Tu5,4.192,0.403,0.062,0.037,15.319,0.000,1.160,58.017,4.132,9.311,6.007,0.340,1.020
Br66_rep8_Dep6_Tu0.5,0.007,2.177,0.041,0.000,0.349,0.000,0.708,61.471,5.566,6.242,22.593,0.715,0.130
Br66_rep5_Dep6_Tu20,21.337,0.943,0.081,0.174,12.619,0.000,2.380,43.397,7.852,6.160,3.275,1.430,0.350
Br66_rep1_Dep6_Tu3,1.403,1.186,0.025,0.018,0.379,0.000,2.942,58.133,3.222,10.048,20.303,1.963,0.378
Br66_rep10_Dep6_Tu10,10.941,2.068,0.141,0.068,5.314,0.000,3.218,52.666,1.312,6.544,16.430,0.810,0.487
Br66_rep3_Dep6_Tu10,10.223,0.954,0.101,0.045,0.335,0.000,1.702,56.114,0.276,8.938,18.632,1.672,1.008
Br66_rep10_Dep6_Tu40,46.330,1.648,0.088,2.191,9.494,0.000,1.527,28.610,0.000,6.215,1.322,2.053,0.522
Br66_rep1_Dep6_Tu50,56.387,0.759,0.311,2.955,8.663,0.000,1.176,21.458,0.000,4.755,1.863,1.076,0.596
Br66_rep10_Dep6_Tu0.5,0.000,0.297,0.040,0.000,10.707,0.000,2.219,58.858,1.075,7.445,18.433,0.597,0.329
Br66_rep1_Dep6_Tu0.3,0.000,0.562,0.078,0.000,0.346,0.360,3.971,57.755,5.090,10.222,19.992,1.282,0.341
Br66_rep10_Dep6_Tu0.1,0.000,0.699,0.074,0.000,4.212,0.000,2.452,60.154,2.368,7.890,21.001,0.653,0.496
Br66_rep8_Dep6_Tu40,45.205,1.405,0.357,1.978,0.455,0.000,0.340,31.822,0.000,3.166,14.952,0.318,0.000
Br66_rep3_Dep6_Tu20,21.329,0.709,0.298,0.088,0.676,0.000,1.381,43.964,0.005,5.505,24.447,1.208,0.390
Br66_rep9_Dep6_Tu0.3,0.085,0.226,0.307,0.000,1.862,0.000,1.925,56.551,0.224,5.644,31.377,1.566,0.233
Br66_rep7_Dep6_Tu0.3,0.000,0.578,0.268,0.000,3.378,0.000,0.541,60.914,0.322,5.193,28.515,0.248,0.042
Br66_rep5_Dep6_Tu2,0.978,0.493,0.154,0.000,15.535,0.000,1.463,61.159,4.414,8.513,6.254,0.599,0.438
Br66_rep5_Dep6_Tu0.3,0.000,0.273,0.086,0.000,15.102,0.400,1.280,60.623,5.098,9.219,7.219,0.220,0.480
Br66_rep6_Dep6_Tu5,3.683,1.572,0.158,0.000,0.354,0.000,0.519,58.957,7.917,4.473,22.291,0.075,0.000
Br66_rep5_Dep6_Tu3,1.776,0.494,0.282,0.000,2.519,0.000,0.300,60.755,0.046,4.082,28.663,0.483,0.600
Br66_rep1_Dep6_Tu5,2.852,1.678,0.039,0.000,0.472,0.000,0.913,58.604,8.656,4.032,22.459,0.084,0.213
Br66_rep6_Dep6_Tu10,8.897,0.349,0.075,0.030,16.396,0.277,1.196,51.860,0.879,4.831,13.094,1.968,0.150
Br66_rep3_Dep6_Tu5,4.296,0.481,0.015,0.000,6.673,0.000,1.015,59.989,0.406,3.486,22.661,0.495,0.484
Br66_rep1_Dep6_Tu1,0.159,0.303,0.025,0.000,14.418,0.000,1.541,56.351,11.408,6.344,7.833,1.448,0.169
Br66_rep4_Dep6_Tu30,33.940,1.195,0.083,0.564,0.962,0.000,0.876,36.801,0.000,4.043,19.916,1.363,0.256
Br66_rep8_Dep6_Tu20,20.280,0.629,0.056,0.498,13.876,0.000,2.048,43.664,0.000,4.789,10.593,2.730,0.837
Br66_rep4_Dep6_Tu10,8.952,1.072,0.220,0.106,3.376,0.000,0.432,55.001,0.146,5.382,25.161,0.150,0.000
Br66_rep2_Dep6_Tu1,0.471,0.543,0.050,0.000,6.790,0.000,0.742,58.841,1.047,8.270,22.220,0.756,0.270
Br66_rep6_Dep6_Tu2,1.144,0.253,0.110,0.000,15.375,0.337,2.093,60.497,2.539,8.721,7.435,0.880,0.615
Br66_rep6_Dep6_Tu0.5,0.040,0.321,0.087,0.000,14.804,0.000,1.699,56.663,11.522,6.029,7.792,1.022,0.021
Br66_rep5_Dep6_Tu0.1,0.000,0.325,0.148,0.000,2.352,0.000,1.311,57.976,0.389,4.879,31.829,0.486,0.305
Br66_rep2_Dep6_Tu2,1.286,1.485,0.062,0.000,0.707,0.000,0.489,61.562,7.220,5.502,21.541,0.144,0.000
Br66_rep10_Dep6_Tu50,57.646,3.023,0.141,3.013,0.188,0.000,0.559,23.879,0.000,4.066,7.086,0.399,0.000
Br66_rep7_Dep6_Tu3,1.689,0.364,0.016,0.000,15.381,0.610,0.796,60.453,6.936,7.021,6.092,0.413,0.227
Br66_rep7_Dep6_Tu10,9.716,0.720,0.128,0.032,1.804,0.000,0.416,55.784,0.069,3.351,27.100,0.252,0.625
Br66_rep2_Dep6_Tu0.5,0.000,0.470,0.137,0.000,2.038,0.000,1.089,58.064,0.178,5.522,31.132,1.136,0.235
Br66_rep5_Dep6_Tu50,56.050,3.194,0.327,2.818,0.288,0.000,0.175,21.841,0.000,2.468,11.532,1.307,0.000
Br66_rep9_Dep6_Tu20,22.056,2.920,0.073,0.322,0.182,0.000,0.525,46.909,4.141,5.945,16.371,0.558,0.000
Br66_rep8_Dep6_Tu3,1.176,0.344,0.026,0.000,19.228,0.000,0.303,59.085,0.713,2.902,15.924,0.300,0.000
Br66_rep9_Dep6_Tu10,8.191,0.043,0.320,0.114,15.570,0.000,0.894,51.605,0.000,5.789,10.790,6.038,0.646
Br66_rep7_Dep6_Tu2,1.229,1.467,0.184,0.000,0.402,0.000,0.595,60.496,8.071,4.644,22.835,0.077,0.000
Br66_rep6_Dep6_Tu3,1.173,1.617,0.000,0.016,0.547,0.000,0.920,60.798,7.653,4.902,22.081,0.204,0.088
Br66_rep1_Dep6_Tu0.5,0.000,1.794,0.133,0.000,0.514,0.000,1.192,60.064,5.525,7.651,22.316,0.515,0.298
Br66_rep2_Dep6_Tu40,45.205,2.660,0.080,1.759,9.105,0.000,1.593,30.196,0.000,6.134,1.251,1.812,0.204
Br66_rep1_Dep6_Tu2,0.802,0.467,0.034,0.000,2.252,0.000,0.843,57.738,0.726,4.517,31.717,0.904,0.000
Br66_rep8_Dep6_Tu1,0.107,0.078,0.032,0.000,17.494,0.000,1.159,58.516,0.736,5.473,15.259,0.953,0.194
Br66_rep4_Dep6_Tu3,1.838,0.165,0.194,0.000,18.043,0.000,0.583,57.689,0.758,3.939,16.135,0.330,0.324
Br66_rep7_Dep6_Tu40,44.054,0.909,0.530,1.180,10.526,0.000,1.033,29.561,0.000,4.222,3.538,4.448,0.000
Br66_rep7_Dep6_Tu0.5,0.000,1.666,0.000,0.000,0.406,0.000,0.869,60.280,9.952,3.077,23.613,0.075,0.062
Br66_rep2_Dep6_Tu30,33.750,1.038,0.241,1.267,0.338,0.000,0.801,35.547,0.000,4.180,20.199,2.512,0.127
Br66_rep2_Dep6_Tu0.1,0.000,0.113,0.065,0.000,17.603,0.000,0.644,57.881,2.632,3.896,16.666,0.472,0.028
Br66_rep7_Dep6_Tu0.1,0.000,0.233,0.140,0.000,2.533,0.000,0.291,61.644,0.144,4.492,29.731,0.242,0.551
Br66_rep1_Dep6_Tu40,44.380,0.665,0.038,2.267,12.894,0.000,0.209,31.587,0.000,2.265,4.533,0.550,0.612
Br66_rep7_Dep6_Tu5,4.819,0.687,0.180,0.000,0.367,0.000,2.359,58.563,0.000,9.720,21.205,1.350,0.750
Br66_rep4_Dep6_Tu1,0.281,0.559,0.000,0.000,15.447,0.064,0.661,61.207,8.464,6.459,6.504,0.354,0.000
Br66_rep8_Dep6_Tu0.1,0.000,0.167,0.034,0.000,14.343,0.000,2.422,57.844,5.761,6.796,9.462,2.211,0.960
Br66_rep4_Dep6_Tu2,0.623,0.145,0.031,0.000,16.519,0.000,1.382,56.976,2.060,5.261,15.958,0.938,0.108
Br66_rep1_Dep6_Tu0.1,0.000,0.347,0.195,0.000,1.582,0.000,1.528,58.017,0.273,4.854,32.211,0.739,0.252
Br66_rep2_Dep6_Tu10,9.963,0.371,0.079,0.022,2.762,0.000,1.201,52.772,0.052,4.270,27.389,0.625,0.494
Br66_rep4_Dep6_Tu20,24.080,1.954,0.048,0.196,8.785,0.000,0.282,44.323,3.746,3.729,8.626,3.982,0.250
Br66_rep4_Dep6_Tu0.3,0.000,0.378,0.027,0.000,7.660,0.152,1.433,60.787,1.026,5.783,22.415,0.338,0.000
Br66_rep10_Dep6_Tu3,2.021,0.328,0.000,0.000,11.254,0.000,1.482,57.871,1.783,6.482,18.068,0.496,0.213
Br66_rep1_Dep6_Tu20,24.058,1.081,0.074,0.231,12.549,0.000,0.628,47.551,2.722,7.493,2.512,0.926,0.175
Br66_rep6_Dep6_Tu1,0.062,0.544,0.129,0.000,6.980,0.000,1.537,60.714,0.340,6.548,22.654,0.217,0.272
Br66_rep6_Dep6_Tu50,55.658,1.929,0.218,3.035,6.135,0.000,0.528,25.569,0.000,5.694,0.462,0.357,0.416
Br66_rep9_Dep6_Tu3,0.974,0.153,0.159,0.000,17.599,0.000,1.837,54.963,0.432,6.510,14.154,2.774,0.444
Br66_rep3_Dep6_Tu50,58.209,4.813,0.190,3.395,0.012,0.000,0.354,23.198,0.000,4.477,4.831,0.303,0.220
Br66_rep8_Dep6_Tu30,32.437,1.108,0.151,0.600,0.610,0.000,1.324,37.861,0.000,3.430,21.408,1.000,0.071
Br66_rep7_Dep6_Tu20,22.099,0.560,0.056,0.161,1.044,0.000,0.243,48.465,0.000,3.137,23.305,0.247,0.682
Br66_rep3_Dep6_Tu2,0.818,0.856,0.071,0.000,0.336,0.274,3.633,57.750,5.729,9.253,19.932,1.296,0.053
Br66_rep8_Dep6_Tu50,56.234,1.832,0.144,2.744,6.562,0.000,0.721,24.822,0.000,5.228,0.347,0.680,0.686
Br66_rep3_Dep6_Tu3,1.909,0.569,0.218,0.000,6.745,0.000,1.592,57.617,1.496,4.921,22.634,2.047,0.251
Br66_rep3_Dep6_Tu0.3,0.000,2.159,0.031,0.000,0.343,0.000,0.663,61.498,5.593,6.243,22.625,0.714,0.131
Br66_rep8_Dep6_Tu0.3,0.043,0.224,0.335,0.000,1.853,0.000,1.916,56.543,0.205,5.656,31.382,1.581,0.261
Br66_rep3_Dep6_Tu0.1,0.000,0.092,0.124,0.000,16.558,0.000,1.164,56.279,0.166,6.267,13.701,4.943,0.705
Br66_rep10_Dep6_Tu0.3,0.000,0.364,0.084,0.000,6.768,0.000,0.773,59.249,1.785,5.810,22.814,2.073,0.279
Br66_rep2_Dep6_Tu50,56.365,1.745,1.042,2.771,0.230,0.000,0.178,23.842,0.000,2.674,10.465,0.687,0.000
Br66_rep5_Dep6_Tu5,3.780,0.528,0.023,0.012,15.229,0.000,0.531,59.478,7.170,6.531,5.731,0.486,0.500
Br66_rep10_Dep6_Tu20,23.758,1.018,0.041,0.303,12.325,0.000,1.908,47.391,0.000,7.183,3.589,1.432,1.053
Br66_rep7_Dep6_Tu30,33.968,1.526,0.604,0.505,0.646,0.000,0.411,39.811,0.000,2.819,18.653,0.742,0.316
Br66_rep9_Dep6_Tu30,33.361,0.184,0.979,0.422,12.230,0.000,1.172,35.564,0.000,5.671,5.661,4.584,0.172
Br66_rep5_Dep6_Tu40,47.199,1.672,0.112,2.206,6.758,0.000,0.971,30.066,0.000,4.497,3.857,2.376,0.286
Br66_rep8_Dep6_Tu10,9.775,0.370,0.060,0.048,13.421,0.000,2.657,50.995,7.600,5.274,6.926,2.356,0.517
Br66_rep9_Dep6_Tu50,57.232,1.944,0.627,2.340,0.282,0.000,0.282,24.428,0.000,1.847,10.004,1.013,0.000
Br66_rep2_Dep6_Tu0.3,0.059,0.225,0.096,0.000,19.179,0.000,0.264,60.032,0.468,2.780,16.351,0.285,0.259
Br66_rep1_Dep6_Tu10,8.040,0.691,0.007,0.071,14.863,0.000,0.474,56.805,7.607,5.887,4.871,0.379,0.304
Cer77_rep9_Dep6_Tu3,0.000,1.261,0.362,0.018,17.375,0.000,2.035,53.935,0.340,6.882,13.863,2.772,1.157
Cer77_rep5_Dep6_Tu30,2.252,40.060,3.052,1.383,2.712,1.536,2.373,25.633,0.000,4.760,0.000,1.496,14.745
Cer77_rep3_Dep6_Tu30,2.077,41.337,4.010,1.453,4.808,1.408,1.192,23.212,0.000,3.726,0.000,1.457,15.319
Cer77_rep8_Dep6_Tu50,2.072,49.096,3.586,2.340,5.765,0.676,1.308,13.785,0.000,2.042,0.000,1.194,18.136
Cer77_rep1_Dep6_Tu1,0.000,0.688,0.050,0.000,14.460,0.000,1.668,56.109,11.245,6.303,7.688,1.529,0.260
Cer77_rep7_Dep6_Tu3,0.159,2.527,0.100,0.052,15.422,0.659,0.919,59.577,6.609,7.172,5.904,0.473,0.429
Cer77_rep10_Dep6_Tu2,0.102,3.339,0.374,0.040,7.087,0.386,1.805,58.804,1.737,6.138,18.374,1.247,0.566
Cer77_rep2_Dep6_Tu0.5,0.000,0.618,0.196,0.000,2.020,0.000,1.072,57.895,0.169,5.609,31.063,1.079,0.279
Cer77_rep3_Dep6_Tu20,1.484,23.176,2.103,0.650,2.180,0.484,2.306,35.698,0.000,4.105,17.734,1.492,8.587
Cer77_rep1_Dep6_Tu2,0.178,1.752,0.256,0.014,2.249,0.202,0.902,56.953,0.901,4.388,31.100,1.105,0.000
Cer77_rep2_Dep6_Tu5,0.238,4.237,0.569,0.136,18.661,0.000,0.400,56.267,0.218,2.627,14.699,0.292,1.656
Cer77_rep5_Dep6_Tu0.5,0.062,0.406,0.363,0.000,2.210,0.326,1.106,60.306,0.061,4.170,29.753,0.719,0.517
Cer77_rep2_Dep6_Tu50,2.578,49.760,5.024,2.117,4.003,1.215,0.976,12.497,0.000,1.337,0.000,1.231,19.262
Cer77_rep9_Dep6_Tu0.5,0.000,0.576,0.460,0.000,2.179,0.318,0.454,60.759,0.192,4.481,29.760,0.298,0.524
Cer77_rep4_Dep6_Tu10,0.729,13.053,1.330,0.173,3.486,0.686,0.703,49.214,0.000,4.444,21.494,0.447,4.240
Cer77_rep9_Dep6_Tu20,1.181,28.842,1.456,0.694,1.297,0.510,1.259,39.004,0.000,5.121,11.513,1.096,8.028
Cer77_rep3_Dep6_Tu10,0.641,13.721,1.140,0.280,0.801,0.000,1.772,50.662,0.690,8.000,15.243,2.029,5.022
Cer77_rep6_Dep6_Tu5,0.430,7.453,0.486,0.036,0.656,0.214,0.745,56.906,7.830,4.011,20.832,0.081,0.321
Cer77_rep5_Dep6_Tu1,0.000,0.882,0.270,0.000,11.914,0.000,2.001,60.000,1.112,9.140,14.004,0.108,0.569
Cer77_rep5_Dep6_Tu0.3,0.000,0.259,0.098,0.000,15.349,0.431,1.299,60.570,5.057,9.204,6.958,0.215,0.559
Cer77_rep4_Dep6_Tu50,2.223,49.931,3.738,2.064,5.797,0.784,1.338,12.266,0.000,1.600,0.000,1.352,18.906
Cer77_rep6_Dep6_Tu0.3,0.000,0.118,0.180,0.000,17.575,0.000,2.856,54.509,0.668,8.116,14.137,1.532,0.309
Cer77_rep4_Dep6_Tu40,2.561,46.091,3.827,1.853,4.789,1.211,1.410,17.852,0.000,2.092,0.000,1.363,16.951
Cer77_rep10_Dep6_Tu5,0.578,8.181,0.755,0.087,0.979,0.340,0.878,56.752,2.359,5.541,20.967,0.387,2.195
Cer77_rep3_Dep6_Tu1,0.000,0.095,0.308,0.010,16.244,0.291,1.226,56.303,0.371,6.646,13.362,4.932,0.211
Cer77_rep8_Dep6_Tu40,2.156,46.131,4.500,1.541,4.589,1.624,1.134,17.177,0.000,1.619,0.000,1.462,18.067
Cer77_rep7_Dep6_Tu0.3,0.000,0.672,0.298,0.000,3.409,0.015,0.539,60.806,0.338,5.199,28.395,0.268,0.060
Cer77_rep3_Dep6_Tu0.1,0.000,0.112,0.137,0.000,16.573,0.000,1.145,56.270,0.159,6.248,13.668,4.991,0.697
Cer77_rep4_Dep6_Tu0.3,0.000,0.525,0.046,0.000,7.702,0.155,1.485,60.656,1.088,5.737,22.247,0.358,0.000
Cer77_rep6_Dep6_Tu2,0.000,2.043,0.342,0.041,15.188,0.467,2.188,59.567,2.546,8.512,7.032,0.864,1.210
Cer77_rep6_Dep6_Tu20,1.028,28.147,1.298,0.772,1.306,0.461,1.891,38.627,0.000,3.048,13.763,0.425,9.234
Cer77_rep9_Dep6_Tu40,1.620,42.277,3.645,1.694,8.363,0.955,1.286,18.235,0.000,2.506,0.000,3.209,16.210
Cer77_rep6_Dep6_Tu40,2.174,45.299,4.227,1.694,4.802,1.286,1.142,18.145,0.000,2.482,0.000,1.142,17.609
Cer77_rep8_Dep6_Tu5,0.445,7.300,0.539,0.088,14.012,0.496,0.711,56.204,6.426,4.816,5.366,1.427,2.173
Cer77_rep5_Dep6_Tu50,2.415,50.356,4.480,2.023,4.353,1.553,1.247,11.941,0.000,1.557,0.000,1.836,18.241
Cer77_rep1_Dep6_Tu30,2.515,41.003,3.783,1.104,4.656,2.201,1.862,21.872,0.000,2.623,0.000,2.479,15.902
