Sample,BRCA,CEAD,CESC,COAD,OV,READ,bcell,cd4tcell,cd8tcell,erythroblast,monocyte,naturalkillercell,neutrophil
Colo_rep2_Dep6_Tu0.5,0.000,3.553,0.108,0.000,1.848,0.695,2.175,1.846,0.991,9.907,12.587,2.673,63.617
Colo_rep2_Dep6_Tu50,0.000,6.227,0.221,2.221,3.458,29.787,0.717,8.486,1.054,2.989,9.072,2.844,32.925
Colo_rep6_Dep6_Tu1,0.000,3.322,0.393,0.000,1.511,0.845,2.304,0.849,2.461,11.167,11.284,1.835,64.028
Colo_rep3_Dep6_Tu2,0.000,3.532,0.363,0.000,1.933,1.852,2.612,0.163,4.021,9.779,11.277,2.399,62.069
Colo_rep7_Dep6_Tu2,0.354,2.391,0.612,0.000,1.584,1.946,2.532,0.030,3.932,11.018,9.805,2.179,63.617
Colo_rep8_Dep6_Tu0.1,0.016,3.201,0.724,0.000,1.716,0.698,2.304,2.763,2.693,9.207,10.010,2.827,63.843
Colo_rep10_Dep6_Tu2,0.000,3.888,0.489,0.000,0.983,1.669,2.467,4.712,0.000,10.131,10.058,2.144,63.458
Colo_rep6_Dep6_Tu3,0.262,2.944,0.000,0.000,2.188,2.550,2.147,2.152,2.895,9.059,10.308,2.300,63.194
Colo_rep9_Dep6_Tu30,0.000,4.452,1.043,0.000,3.912,18.664,1.710,5.170,2.171,5.527,9.933,3.152,44.266
Colo_rep9_Dep6_Tu0.5,0.000,1.828,0.646,0.000,1.765,1.260,2.297,4.497,0.500,9.710,11.537,2.328,63.632
Colo_rep6_Dep6_Tu20,0.428,4.949,0.277,0.000,1.751,13.214,1.312,4.315,6.540,4.332,8.729,1.448,52.706
Colo_rep8_Dep6_Tu30,0.000,5.021,0.414,0.230,4.005,18.551,2.145,6.988,0.000,5.740,7.840,2.909,46.157
Colo_rep3_Dep6_Tu5,0.000,3.541,0.339,0.000,2.135,3.776,2.293,1.516,3.541,9.346,7.668,2.867,62.979
Colo_rep4_Dep6_Tu3,0.000,2.643,0.997,0.000,2.000,2.724,2.162,2.594,2.181,8.491,11.797,2.325,62.085
Colo_rep2_Dep6_Tu10,0.000,3.864,0.845,0.000,1.704,7.006,2.156,5.533,0.000,7.750,9.788,2.767,58.586
Colo_rep3_Dep6_Tu40,0.000,4.645,0.978,0.000,3.680,25.450,1.379,8.224,0.000,3.443,10.300,3.227,38.672
Colo_rep3_Dep6_Tu30,0.004,3.843,0.957,0.000,2.732,18.670,1.976,4.597,2.433,6.629,11.389,1.336,45.434
Colo_rep6_Dep6_Tu30,0.000,3.968,0.699,0.320,3.940,19.273,1.547,8.071,2.966,2.995,9.223,1.323,45.675
Colo_rep4_Dep6_Tu50,0.000,5.759,0.465,2.938,3.700,29.802,0.885,7.583,4.808,1.364,7.684,1.569,33.441
Colo_rep5_Dep6_Tu50,0.000,6.760,0.392,0.350,4.150,30.504,0.105,6.872,3.565,2.415,8.901,3.294,32.692
Colo_rep6_Dep6_Tu2,0.000,3.407,0.492,0.000,1.989,2.058,2.229,1.963,4.381,8.526,10.363,1.938,62.653
Colo_rep10_Dep6_Tu50,0.000,4.471,0.719,1.837,4.955,30.188,1.531,7.436,2.348,3.234,8.661,2.604,32.016
Colo_rep7_Dep6_Tu50,0.000,5.805,0.733,1.712,3.693,30.208,1.968,10.593,1.917,0.311,8.008,1.745,33.306
Colo_rep9_Dep6_Tu40,0.000,6.334,0.000,1.274,3.045,24.132,1.429,8.427,2.278,1.372,9.614,2.635,39.459
Colo_rep8_Dep6_Tu5,0.660,2.965,0.562,0.000,2.244,3.803,2.066,2.825,4.087,7.050,9.406,2.485,61.847
Colo_rep1_Dep6_Tu20,0.000,4.289,0.530,0.243,2.844,13.039,0.993,4.742,5.173,4.744,10.014,1.756,51.632
Colo_rep9_Dep6_Tu2,0.000,3.238,0.054,0.000,2.045,1.792,2.521,3.032,0.000,10.807,10.939,2.568,63.004
Colo_rep5_Dep6_Tu30,0.150,4.515,0.411,0.177,2.227,18.623,2.791,8.578,0.000,5.508,9.981,2.797,44.241
Colo_rep4_Dep6_Tu0.1,0.055,2.802,0.589,0.000,0.815,0.376,2.239,3.258,0.185,11.181,10.894,2.896,64.710
Colo_rep5_Dep6_Tu0.1,0.000,2.444,0.592,0.000,1.212,0.405,2.421,2.418,0.319,12.718,10.334,2.649,64.489
Colo_rep9_Dep6_Tu3,0.000,2.589,0.672,0.000,1.980,2.198,2.253,2.903,2.192,9.484,10.940,2.774,62.015
Colo_rep2_Dep6_Tu0.1,0.000,2.928,0.551,0.000,2.589,0.595,1.929,0.054,4.251,10.416,9.912,2.388,64.387
Colo_rep8_Dep6_Tu10,0.208,4.138,0.932,0.000,1.224,6.588,2.126,2.624,5.337,6.570,10.034,2.232,57.986
Colo_rep4_Dep6_Tu30,0.000,4.929,0.000,0.642,3.033,18.537,1.638,8.513,0.770,6.068,9.356,2.498,44.017
Colo_rep2_Dep6_Tu2,0.299,3.643,0.380,0.000,1.943,1.876,2.530,0.440,3.045,10.399,11.188,1.917,62.342
Colo_rep1_Dep6_Tu5,0.111,2.865,0.406,0.000,2.059,3.886,2.750,1.800,3.835,9.476,9.179,2.476,61.158
Colo_rep8_Dep6_Tu50,0.295,3.583,0.967,2.535,4.761,30.407,1.233,7.522,3.415,1.262,8.632,2.228,33.159
Colo_rep5_Dep6_Tu5,0.000,3.771,0.285,0.000,1.438,3.903,2.236,4.717,2.582,7.447,9.383,2.403,61.836
Colo_rep6_Dep6_Tu50,0.000,4.894,0.569,1.304,3.694,30.782,1.411,8.673,2.463,2.423,8.422,1.715,33.649
Colo_rep5_Dep6_Tu0.5,0.357,1.811,0.298,0.000,1.539,1.033,2.637,3.062,0.307,10.838,9.430,2.670,66.016
Colo_rep4_Dep6_Tu20,0.000,4.828,0.333,0.000,3.588,12.865,1.873,4.087,2.151,5.803,7.397,3.543,53.532
Colo_rep8_Dep6_Tu40,0.572,4.737,0.715,1.040,4.319,24.711,1.327,7.664,0.000,4.449,8.475,2.753,39.237
Colo_rep7_Dep6_Tu0.3,0.000,3.368,0.513,0.000,1.432,0.855,2.098,0.000,2.512,11.097,11.372,2.217,64.535
Colo_rep7_Dep6_Tu30,0.012,3.847,0.521,1.160,3.207,18.936,1.877,5.394,2.141,5.208,8.502,3.067,46.127
Colo_rep10_Dep6_Tu20,0.169,4.935,0.751,0.310,1.807,12.722,1.909,7.622,2.840,3.438,9.927,2.307,51.261
Colo_rep9_Dep6_Tu10,0.173,3.361,0.412,0.000,3.169,7.055,2.501,3.630,0.000,7.707,10.728,3.180,58.084
Colo_rep9_Dep6_Tu0.1,0.000,3.704,0.663,0.000,1.888,0.784,2.226,0.000,5.332,8.689,10.810,2.238,63.667
Colo_rep10_Dep6_Tu0.3,0.000,3.031,0.543,0.000,1.873,0.837,2.283,1.764,4.296,9.204,10.169,1.902,64.098
Colo_rep8_Dep6_Tu20,0.000,4.881,0.052,0.983,2.013,12.384,2.098,3.099,4.372,6.771,7.719,2.830,52.796
Colo_rep3_Dep6_Tu3,0.000,4.023,0.427,0.000,0.941,2.571,2.568,3.343,1.323,10.159,9.652,2.608,62.385
Colo_rep4_Dep6_Tu2,0.000,3.514,0.348,0.000,3.154,2.331,2.308,0.538,4.495,8.017,8.945,2.596,63.753
Colo_rep10_Dep6_Tu0.1,0.000,3.540,0.868,0.000,1.357,0.832,2.280,0.000,5.033,10.285,8.845,2.380,64.582
Colo_rep4_Dep6_Tu0.3,0.000,3.307,0.655,0.000,1.693,0.738,2.754,0.000,3.009,11.848,9.872,1.787,64.336
Colo_rep9_Dep6_Tu0.3,0.000,2.645,0.511,0.000,0.909,0.687,2.752,2.025,0.766,10.884,11.482,2.922,64.419
Colo_rep1_Dep6_Tu10,0.000,3.987,0.514,0.000,2.478,7.027,2.290,2.357,4.334,6.480,10.519,2.364,57.650
Colo_rep6_Dep6_Tu0.3,0.000,2.136,0.534,0.000,1.031,0.419,2.191,1.164,5.375,10.413,11.899,1.955,62.884
Colo_rep6_Dep6_Tu0.5,0.000,3.403,0.432,0.000,1.754,0.648,2.672,0.128,5.089,10.554,9.404,2.327,63.590
Colo_rep10_Dep6_Tu10,0.161,3.591,0.727,0.000,2.354,6.589,2.008,8.027,0.000,6.934,9.430,3.066,57.112
Colo_rep10_Dep6_Tu1,0.000,2.889,0.892,0.000,2.535,1.111,2.149,0.000,3.779,10.193,10.813,2.694,62.944
Colo_rep10_Dep6_Tu5,0.000,3.792,0.183,0.000,2.723,3.624,1.919,0.324,7.028,8.078,10.550,1.438,60.339
Colo_rep10_Dep6_Tu40,0.000,5.148,0.450,1.796,4.096,24.572,1.720,4.855,3.838,3.850,8.009,2.440,39.226
Colo_rep10_Dep6_Tu0.5,0.000,3.268,0.256,0.000,1.717,0.917,2.657,0.000,5.357,8.929,10.419,1.952,64.528
Colo_rep1_Dep6_Tu1,0.000,2.859,0.421,0.000,1.223,1.158,2.380,0.150,5.390,9.872,10.660,2.660,63.228
Colo_rep7_Dep6_Tu20,0.128,3.355,0.628,0.000,2.188,13.324,2.538,5.490,2.375,6.969,10.995,0.977,51.035
Colo_rep6_Dep6_Tu10,0.000,3.875,0.545,0.000,2.970,7.170,1.837,0.000,4.237,7.781,9.552,3.013,59.020
Colo_rep10_Dep6_Tu3,0.000,3.597,0.051,0.000,2.171,2.203,1.665,2.155,1.845,9.300,12.345,2.226,62.442
Colo_rep1_Dep6_Tu30,0.075,6.063,0.804,0.000,2.246,19.492,2.289,3.086,3.526,4.973,8.489,3.299,45.659
Colo_rep1_Dep6_Tu0.1,0.000,2.307,0.514,0.000,1.557,0.573,2.223,0.487,3.288,10.887,10.674,2.480,65.010
Colo_rep7_Dep6_Tu5,0.103,3.079,0.725,0.000,1.968,3.863,2.502,3.829,0.000,9.041,11.258,3.159,60.474
Colo_rep7_Dep6_Tu0.1,0.000,2.189,0.568,0.000,2.109,0.741,2.410,3.509,0.441,9.925,11.558,2.188,64.363
Colo_rep6_Dep6_Tu40,0.211,3.612,0.996,1.264,3.862,24.779,1.493,5.710,2.056,5.885,10.407,1.755,37.969
Colo_rep8_Dep6_Tu2,0.000,2.315,0.610,0.000,2.287,2.146,2.238,0.670,2.654,10.390,10.848,3.070,62.774
Colo_rep7_Dep6_Tu0.5,0.000,4.002,0.000,0.000,1.137,0.797,2.196,1.991,4.150,9.421,8.943,2.088,65.275
Colo_rep5_Dep6_Tu20,0.000,5.135,0.603,0.000,3.006,12.669,2.303,2.533,4.306,6.677,8.538,3.082,51.146
Colo_rep8_Dep6_Tu0.3,0.000,2.491,0.565,0.000,0.910,0.706,2.788,2.436,0.754,10.593,11.380,2.843,64.534
Colo_rep4_Dep6_Tu5,0.017,2.841,0.533,0.000,1.832,4.152,2.747,3.758,2.491,7.939,10.804,2.002,60.885
Colo_rep9_Dep6_Tu1,0.041,1.499,0.797,0.000,1.878,1.031,2.122,0.102,3.086,12.795,11.076,2.258,63.316
Colo_rep1_Dep6_Tu0.5,0.000,3.561,0.496,0.000,0.751,0.406,1.896,1.692,2.397,11.541,11.488,1.856,63.917
Colo_rep8_Dep6_Tu3,0.091,3.671,0.392,0.000,1.653,2.341,2.282,1.737,3.386,9.648,9.538,2.302,62.959
Colo_rep5_Dep6_Tu0.3,0.000,1.750,0.911,0.000,1.171,1.173,2.714,2.225,5.004,8.815,10.787,1.841,63.609
Colo_rep2_Dep6_Tu30,0.000,3.439,0.300,0.791,3.207,18.937,1.998,7.336,0.000,4.761,9.656,3.042,46.533
Colo_rep7_Dep6_Tu10,0.000,2.455,0.480,0.000,2.309,6.904,2.072,6.749,0.000,7.594,11.250,2.532,57.655
Colo_rep2_Dep6_Tu40,0.000,6.123,0.332,1.498,3.732,24.151,1.193,7.973,1.449,2.773,8.837,2.734,39.204
Colo_rep3_Dep6_Tu0.1,0.000,3.131,0.419,0.000,2.276,0.717,1.458,3.118,1.424,8.116,12.802,3.404,63.135
Colo_rep3_Dep6_Tu1,0.000,1.535,0.771,0.000,2.563,1.517,2.330,0.000,4.657,8.986,11.173,2.521,63.946
Colo_rep8_Dep6_Tu1,0.000,2.512,0.268,0.000,2.391,1.326,2.608,2.857,1.018,8.978,10.891,2.846,64.305
Colo_rep4_Dep6_Tu1,0.136,3.748,0.213,0.000,2.134,1.252,2.527,0.000,4.216,9.261,9.546,2.764,64.202
Colo_rep5_Dep6_Tu40,0.000,2.966,1.596,1.019,4.411,24.729,1.632,10.596,1.372,0.954,8.794,3.493,38.439
Colo_rep5_Dep6_Tu10,0.000,3.095,0.561,0.000,2.596,6.684,2.365,2.578,2.355,9.604,10.957,2.158,57.048
Colo_rep2_Dep6_Tu0.3,0.208,3.104,0.457,0.000,1.724,0.528,2.388,3.317,0.503,10.380,8.985,2.728,65.678
Colo_rep10_Dep6_Tu30,0.000,4.481,0.389,1.548,2.807,19.073,2.411,7.245,1.400,5.164,8.001,2.317,45.165
Colo_rep1_Dep6_Tu40,0.000,4.895,0.633,0.732,3.320,24.785,1.352,7.118,5.407,2.108,8.955,0.957,39.737
Colo_rep6_Dep6_Tu0.1,0.100,2.720,0.378,0.000,1.809,0.732,2.243,0.000,4.518,10.885,10.863,1.786,63.968
Colo_rep7_Dep6_Tu40,0.000,4.320,0.617,1.622,3.891,24.513,1.792,8.393,0.853,4.887,8.480,2.170,38.461
Colo_rep1_Dep6_Tu50,0.000,3.215,0.971,2.590,4.436,30.698,1.705,9.280,3.742,2.453,6.422,2.053,32.434
Colo_rep1_Dep6_Tu0.3,0.000,2.519,0.740,0.000,1.523,0.941,2.391,0.676,3.665,9.716,11.417,2.540,63.873
Colo_rep9_Dep6_Tu20,0.065,5.260,0.000,0.000,2.601,12.726,1.898,2.971,3.620,7.417,8.988,2.493,51.960
Colo_rep4_Dep6_Tu10,0.000,3.813,0.577,0.000,2.184,7.220,2.259,0.945,1.039,9.764,11.637,2.638,57.924
Colo_rep6_Dep6_Tu5,0.305,2.932,0.235,0.000,1.973,3.810,2.307,0.435,4.528,10.318,9.725,2.272,61.160
Colo_rep9_Dep6_Tu5,0.000,2.570,1.076,0.000,1.958,3.649,2.073,4.358,1.799,8.398,12.268,1.861,59.991
Colo_rep3_Dep6_Tu50,0.988,6.735,0.000,1.740,3.714,30.132,1.417,7.839,0.000,3.609,8.479,2.533,32.814
Colo_rep5_Dep6_Tu1,0.000,2.561,1.041,0.000,1.405,1.344,2.159,3.308,1.723,9.196,12.590,2.103,62.569
Colo_rep5_Dep6_Tu3,0.000,3.494,0.597,0.000,1.439,2.345,1.953,2.547,0.336,10.836,10.084,3.122,63.247
Colo_rep2_Dep6_Tu1,0.131,2.797,0.249,0.000,1.216,1.278,2.344,3.521,0.000,10.682,13.374,2.245,62.162
Colo_rep7_Dep6_Tu1,0.000,2.258,0.277,0.000,1.445,0.989,2.358,2.858,1.711,10.093,11.146,2.482,64.381
Colo_rep5_Dep6_Tu2,0.000,3.330,0.755,0.000,1.588,1.799,1.952,0.722,4.707,9.420,9.517,2.063,64.149
Colo_rep4_Dep6_Tu40,0.181,5.486,0.274,1.383,3.452,24.283,2.439,5.885,1.053,5.439,9.298,2.317,38.509
Colo_rep2_Dep6_Tu20,0.000,3.533,0.218,0.235,2.663,13.175,2.483,3.952,4.493,6.674,8.042,2.275,52.259
Colo_rep4_Dep6_Tu0.5,0.000,2.458,0.440,0.000,1.523,1.107,2.846,1.503,3.027,11.186,8.522,2.256,65.131
Colo_rep2_Dep6_Tu5,0.306,4.133,0.270,0.000,1.994,3.533,2.016,3.244,0.445,9.490,8.619,3.141,62.809
Colo_rep2_Dep6_Tu3,0.000,3.203,1.080,0.000,1.470,2.820,2.703,3.003,0.388,9.378,11.945,3.029,60.980
Colo_rep3_Dep6_Tu10,0.021,2.503,1.008,0.000,1.558,7.041,2.626,4.049,1.128,8.910,11.173,2.503,57.480
Colo_rep8_Dep6_Tu0.5,0.000,4.462,0.364,0.000,1.132,0.463,2.208,0.000,3.715,10.176,10.467,2.471,64.542
Colo_rep7_Dep6_Tu3,0.047,3.976,0.659,0.000,1.633,2.896,2.367,3.240,2.557,7.598,11.136,2.127,61.764
Colo_rep3_Dep6_Tu0.5,0.000,2.019,0.611,0.000,1.017,0.576,2.191,1.643,5.141,10.285,11.640,2.019,62.857
Colo_rep3_Dep6_Tu20,0.000,3.836,0.731,0.000,1.913,13.223,2.307,5.456,1.027,6.949,9.664,2.159,52.735
Colo_rep1_Dep6_Tu2,0.078,2.266,0.493,0.000,1.910,2.049,2.393,1.459,2.147,12.014,9.531,2.563,63.097
Colo_rep9_Dep6_Tu50,0.344,6.028,0.988,1.126,3.243,30.983,1.735,6.213,0.958,3.876,8.175,1.884,34.446
Colo_rep3_Dep6_Tu0.3,0.000,4.391,0.323,0.000,1.030,0.357,2.072,0.000,4.068,10.246,10.433,2.394,64.687
Colo_rep1_Dep6_Tu3,0.093,3.650,0.319,0.000,1.430,2.429,2.269,2.794,1.165,9.107,11.341,2.977,62.426
Br62_rep5_Dep6_Tu0.5,1.105,1.825,0.298,0.000,1.436,0.721,2.616,2.900,0.360,10.729,9.447,2.602,65.962
Br62_rep5_Dep6_Tu3,2.522,2.957,0.749,0.000,1.647,0.413,1.818,2.354,0.698,10.941,9.780,2.820,63.300
Br62_rep6_Dep6_Tu30,25.182,4.191,0.999,1.925,0.851,0.000,1.333,6.176,0.000,5.179,6.399,1.667,46.097
Br62_rep7_Dep6_Tu20,17.797,2.630,0.819,0.512,1.780,0.236,1.837,4.983,0.185,7.533,8.867,1.291,51.531
Br62_rep2_Dep6_Tu40,31.792,5.852,1.237,3.089,2.043,0.000,0.117,3.887,2.064,5.018,4.410,1.742,38.748
Br62_rep8_Dep6_Tu0.5,0.190,4.692,0.259,0.000,1.008,0.087,2.098,0.000,4.188,10.446,10.445,2.272,64.314
Br62_rep5_Dep6_Tu2,1.380,3.498,0.647,0.000,1.608,0.458,1.958,1.127,5.082,9.378,9.205,1.731,63.927
Br62_rep4_Dep6_Tu50,40.482,4.146,1.481,4.546,1.880,0.000,0.617,5.215,0.000,3.710,4.167,0.653,33.105
Br62_rep8_Dep6_Tu40,33.091,4.444,0.892,3.235,0.935,0.000,0.844,5.999,0.000,5.714,4.909,0.798,39.138
Br62_rep7_Dep6_Tu2,2.339,2.619,0.559,0.000,1.138,0.651,2.376,0.085,3.632,10.899,9.788,2.129,63.785
Br62_rep9_Dep6_Tu40,33.362,4.278,0.978,3.116,1.596,0.000,0.553,2.604,2.330,3.912,4.603,1.923,40.744
Br62_rep10_Dep6_Tu2,1.223,3.944,0.486,0.000,1.026,0.279,2.291,4.859,0.000,10.382,9.733,2.151,63.627
Br62_rep6_Dep6_Tu10,8.724,4.629,0.745,0.000,2.250,0.445,1.897,0.000,5.173,7.765,8.324,1.747,58.300
Br62_rep2_Dep6_Tu2,2.043,3.609,0.538,0.000,2.208,0.499,2.407,0.000,2.993,10.486,10.402,1.687,63.127
Br62_rep9_Dep6_Tu5,4.634,2.373,1.187,0.000,1.946,0.451,2.123,3.300,1.574,8.549,12.445,1.692,59.727
Br62_rep6_Dep6_Tu40,34.076,3.992,1.485,1.982,1.234,0.000,0.682,3.526,0.299,7.433,5.998,0.314,38.980
Br62_rep4_Dep6_Tu20,17.953,4.241,0.855,1.098,1.409,0.000,1.783,1.459,2.186,7.332,6.739,2.327,52.618
Br62_rep9_Dep6_Tu1,0.985,2.158,0.517,0.000,1.718,0.396,1.958,0.693,2.843,12.617,10.902,2.106,63.107
Br62_rep1_Dep6_Tu0.3,0.000,2.759,0.692,0.000,1.513,0.693,2.401,0.675,3.683,10.261,11.051,2.596,63.676
Br62_rep3_Dep6_Tu5,3.864,3.786,0.194,0.000,2.035,0.256,2.295,0.135,4.776,9.813,7.123,2.768,62.955
Br62_rep9_Dep6_Tu50,40.516,5.184,1.754,3.157,0.951,0.000,0.914,4.200,1.105,4.844,3.560,0.390,33.425
Br62_rep5_Dep6_Tu30,25.304,3.970,0.959,1.113,1.564,0.000,1.612,4.871,1.760,7.706,6.048,0.936,44.157
Br62_rep9_Dep6_Tu0.5,0.415,2.067,0.578,0.000,1.684,0.906,2.205,4.655,0.843,9.419,11.537,2.196,63.494
Br62_rep1_Dep6_Tu20,17.590,3.025,0.768,1.238,1.521,0.000,1.075,1.312,5.158,7.352,7.519,0.978,52.462
Br62_rep4_Dep6_Tu2,1.544,3.435,0.278,0.000,2.862,0.778,2.011,0.707,5.057,8.776,8.962,1.999,63.591
Br62_rep8_Dep6_Tu3,2.891,4.238,0.487,0.000,1.506,0.198,2.022,0.660,4.270,9.438,9.327,2.070,62.894
Br62_rep2_Dep6_Tu5,5.057,3.347,0.350,0.000,1.756,0.291,2.279,3.393,0.000,9.988,8.025,2.646,62.868
Br62_rep2_Dep6_Tu1,1.312,2.851,0.276,0.000,0.962,0.570,2.317,3.056,0.000,10.996,13.189,2.274,62.197
Br62_rep8_Dep6_Tu1,0.836,2.329,0.366,0.000,2.227,0.597,2.583,2.722,1.547,9.232,10.600,2.597,64.364
Br62_rep10_Dep6_Tu0.1,0.000,3.499,0.794,0.000,1.378,0.756,2.249,0.000,4.645,10.515,9.046,2.556,64.560
Br62_rep3_Dep6_Tu40,33.972,3.974,1.308,2.748,1.427,0.000,0.808,5.843,0.660,4.251,4.873,2.062,38.074
Br62_rep8_Dep6_Tu0.3,0.077,2.693,0.548,0.000,0.919,0.497,2.697,2.521,0.561,10.674,11.413,2.850,64.549
Br62_rep4_Dep6_Tu0.5,0.528,2.505,0.514,0.000,1.550,0.828,2.947,0.506,3.586,11.301,8.568,2.133,65.036
Br62_rep6_Dep6_Tu50,39.824,5.662,1.440,3.173,0.672,0.000,0.984,4.929,1.607,4.940,4.208,0.000,32.560
Br62_rep7_Dep6_Tu0.1,0.089,2.241,0.525,0.000,2.143,0.682,2.414,3.093,1.015,9.968,11.420,2.113,64.299
Br62_rep9_Dep6_Tu30,25.233,5.166,1.353,1.760,1.239,0.000,1.401,1.166,0.196,7.046,6.761,2.571,46.107
Br62_rep6_Dep6_Tu20,17.139,4.655,0.207,0.766,0.741,0.000,1.279,2.712,6.278,7.789,5.576,1.132,51.726
Br62_rep5_Dep6_Tu5,4.565,3.891,0.132,0.000,1.145,0.215,2.047,4.269,2.281,9.323,8.965,1.821,61.347
Br62_rep4_Dep6_Tu40,32.476,3.547,1.133,1.655,1.686,0.000,1.640,3.356,0.231,8.621,6.060,1.071,38.524
Br62_rep8_Dep6_Tu0.1,0.108,3.130,0.722,0.000,1.812,0.663,2.309,2.880,2.895,9.018,9.897,2.812,63.754
Br62_rep1_Dep6_Tu40,32.704,4.585,0.893,3.506,1.390,0.000,0.792,3.663,3.359,4.934,3.988,0.714,39.472
Br62_rep3_Dep6_Tu30,26.049,2.117,1.525,1.598,1.828,0.000,1.579,2.086,0.278,9.560,6.773,0.978,45.630
Br62_rep7_Dep6_Tu0.5,0.369,4.025,0.000,0.000,1.164,0.497,2.102,1.428,4.438,9.568,9.175,2.105,65.130
Br62_rep1_Dep6_Tu10,8.622,4.319,0.617,0.000,1.547,0.188,2.231,0.938,4.600,8.702,8.312,1.403,58.522
Br62_rep10_Dep6_Tu20,17.976,4.559,0.742,0.848,0.313,0.000,1.805,5.750,3.323,4.549,8.437,0.991,50.705
Br62_rep1_Dep6_Tu5,4.701,3.292,0.302,0.000,1.834,0.721,2.414,2.670,1.747,9.642,9.056,2.686,60.933
Br62_rep3_Dep6_Tu50,39.985,5.325,1.846,3.728,1.779,0.000,1.248,3.232,0.000,5.584,4.263,0.629,32.382
Br62_rep1_Dep6_Tu3,2.697,3.851,0.476,0.000,1.386,0.369,2.286,0.675,2.535,9.869,10.874,2.827,62.156
Br62_rep7_Dep6_Tu30,25.708,4.532,0.717,2.142,1.504,0.000,0.869,3.302,1.678,5.551,6.065,1.436,46.497
Br62_rep6_Dep6_Tu1,0.303,3.772,0.291,0.000,1.639,0.000,2.073,0.542,3.426,11.520,10.857,1.432,64.144
Br62_rep1_Dep6_Tu0.5,0.214,3.809,0.408,0.000,0.619,0.041,1.846,1.944,2.480,11.737,11.408,1.727,63.766
Br62_rep1_Dep6_Tu0.1,0.115,2.250,0.558,0.000,1.495,0.535,2.195,0.611,3.533,10.718,10.429,2.492,65.069
Br62_rep9_Dep6_Tu3,1.889,2.982,0.743,0.005,1.650,0.009,2.188,2.926,3.261,9.805,10.080,2.379,62.084
Br62_rep5_Dep6_Tu40,32.436,3.553,1.643,3.074,1.959,0.000,1.096,5.431,0.600,3.774,4.743,2.182,39.509
Br62_rep10_Dep6_Tu3,2.523,4.011,0.294,0.000,1.818,0.127,1.671,2.147,1.071,9.374,12.285,2.291,62.388
Br62_rep2_Dep6_Tu0.3,0.456,3.162,0.461,0.000,1.652,0.343,2.499,3.711,0.049,10.316,8.927,2.758,65.667
Br62_rep10_Dep6_Tu40,32.304,5.300,0.640,1.944,1.914,0.000,1.653,3.911,2.008,8.285,4.142,0.312,37.588
Br62_rep3_Dep6_Tu2,1.642,3.225,0.540,0.000,2.092,0.616,2.583,0.000,4.295,9.553,10.904,2.287,62.263
Br62_rep5_Dep6_Tu1,0.743,2.463,1.067,0.000,1.471,0.547,2.094,3.014,2.003,9.581,12.548,1.822,62.647
Br62_rep4_Dep6_Tu1,0.969,3.762,0.341,0.000,2.032,0.640,2.700,0.000,3.259,9.707,9.950,2.888,63.754
Br62_rep10_Dep6_Tu0.5,0.083,3.658,0.223,0.000,1.733,0.476,2.613,0.000,5.528,9.141,10.362,1.788,64.397
Br62_rep5_Dep6_Tu20,17.066,4.717,0.913,0.717,1.767,0.000,1.618,0.012,4.316,8.445,6.394,2.223,51.812
Br62_rep6_Dep6_Tu0.3,0.000,2.229,0.438,0.000,0.981,0.130,2.191,1.537,5.429,10.519,11.860,1.735,62.952
Br62_rep9_Dep6_Tu0.3,0.107,2.527,0.624,0.000,0.928,0.527,2.704,2.289,0.975,10.619,11.420,2.793,64.487
Br62_rep2_Dep6_Tu20,16.681,4.999,0.477,0.127,1.231,0.000,2.423,2.471,2.826,8.834,7.011,0.940,51.982
Br62_rep6_Dep6_Tu0.5,0.123,3.659,0.424,0.000,1.692,0.184,2.602,0.000,5.294,10.580,9.535,2.172,63.735
Br62_rep8_Dep6_Tu10,9.041,4.073,0.580,0.133,0.715,0.000,1.670,2.402,6.638,6.762,8.209,1.391,58.385
Br62_rep2_Dep6_Tu0.1,0.000,2.860,0.599,0.000,2.681,0.588,1.863,0.208,4.356,10.235,9.936,2.300,64.373
Br62_rep5_Dep6_Tu10,8.493,1.815,0.947,0.634,1.849,0.000,1.835,3.753,1.026,11.079,10.095,1.180,57.294
Br62_rep10_Dep6_Tu10,9.273,4.118,0.835,0.380,1.800,0.000,1.962,5.317,0.434,7.214,8.578,2.472,57.618
Br62_rep4_Dep6_Tu10,8.574,5.430,0.299,0.000,1.437,0.197,1.589,0.000,2.529,9.483,11.023,1.693,57.745
Br62_rep3_Dep6_Tu0.1,0.000,3.118,0.428,0.000,2.310,0.597,1.457,2.891,1.633,8.390,12.743,3.371,63.063
Br62_rep2_Dep6_Tu50,40.518,5.211,1.282,2.795,0.755,0.000,0.542,3.623,2.153,5.196,3.522,0.404,33.999
Br62_rep9_Dep6_Tu10,9.580,2.801,0.162,0.674,2.099,0.154,2.382,3.417,0.000,9.216,9.334,2.467,57.713
Br62_rep5_Dep6_Tu0.3,0.000,1.974,0.848,0.000,1.271,0.846,2.649,2.151,4.767,9.502,10.666,1.804,63.522
Br62_rep8_Dep6_Tu50,40.174,3.451,2.125,4.047,1.936,0.000,1.870,4.053,0.000,2.283,4.434,1.744,33.883
Br62_rep4_Dep6_Tu0.3,0.000,3.413,0.607,0.000,1.678,0.473,2.648,0.000,3.524,11.766,9.775,1.699,64.416
Br62_rep7_Dep6_Tu1,0.806,2.198,0.224,0.000,1.457,0.353,2.276,2.454,2.638,10.145,10.847,2.212,64.390
Br62_rep3_Dep6_Tu0.5,0.000,2.163,0.466,0.000,1.003,0.148,2.119,1.857,5.206,10.778,11.630,1.824,62.808
Br62_rep7_Dep6_Tu40,32.498,5.315,1.127,2.247,1.597,0.000,0.563,4.963,0.000,7.091,4.612,1.486,38.503
Br62_rep2_Dep6_Tu3,3.213,2.972,1.021,0.000,1.390,0.829,2.499,3.163,0.562,9.843,11.562,2.535,60.412
Br62_rep2_Dep6_Tu0.5,0.000,3.654,0.144,0.000,1.857,0.357,2.055,1.996,1.081,9.972,12.568,2.584,63.732
Br62_rep1_Dep6_Tu50,40.143,2.594,1.293,3.589,1.581,0.000,1.283,6.251,0.304,5.895,3.120,0.703,33.245
Br62_rep3_Dep6_Tu3,2.791,3.823,0.219,0.000,1.192,0.624,2.812,3.516,0.995,10.227,9.029,2.319,62.454
Br62_rep7_Dep6_Tu3,3.073,4.302,0.407,0.000,1.039,0.898,2.436,1.997,2.966,8.778,10.764,1.838,61.503
Br62_rep3_Dep6_Tu0.3,0.054,4.637,0.327,0.000,1.054,0.154,2.155,0.000,4.134,10.212,10.365,2.291,64.618
Br62_rep8_Dep6_Tu30,24.824,4.358,1.301,1.270,1.954,0.000,2.201,4.194,0.000,8.204,5.124,1.213,45.358
Br62_rep4_Dep6_Tu30,25.276,5.392,0.768,1.424,1.457,0.000,1.056,5.121,0.926,7.123,6.071,0.824,44.562
Br62_rep6_Dep6_Tu3,3.355,3.045,0.003,0.000,2.037,0.585,2.098,1.550,2.972,9.743,9.326,2.186,63.099
Br62_rep4_Dep6_Tu0.1,0.077,2.861,0.591,0.000,0.785,0.333,2.215,3.191,0.349,11.317,10.673,2.956,64.652
Br62_rep8_Dep6_Tu5,5.181,3.856,0.220,0.000,1.624,0.437,1.893,1.799,4.021,8.652,8.309,2.216,61.792
Br62_rep10_Dep6_Tu50,39.652,5.937,1.929,4.281,0.886,0.000,1.020,3.625,0.000,6.360,3.028,0.586,32.696
Br62_rep10_Dep6_Tu0.3,0.082,3.018,0.537,0.000,1.834,0.693,2.333,1.894,4.106,9.402,10.123,1.863,64.114
Br62_rep3_Dep6_Tu20,16.281,3.321,1.008,0.792,1.542,0.000,1.496,4.498,0.998,8.262,8.364,1.115,52.323
Br62_rep1_Dep6_Tu1,0.717,3.044,0.520,0.000,1.357,0.483,2.447,0.000,5.848,9.723,10.452,2.574,62.835
Br62_rep3_Dep6_Tu1,0.000,2.403,0.690,0.000,2.272,0.568,2.091,0.000,5.362,9.550,10.987,2.236,63.841
Br62_rep9_Dep6_Tu2,1.475,3.148,0.133,0.000,1.940,0.532,2.702,3.269,0.110,10.716,10.057,2.515,63.404
Br62_rep7_Dep6_Tu50,39.621,4.675,2.148,3.845,1.669,0.000,0.797,7.087,0.000,4.285,3.483,0.771,31.618
Br62_rep7_Dep6_Tu5,4.477,3.387,0.806,0.000,1.431,0.432,1.829,4.443,0.000,9.715,9.929,2.766,60.785
Br62_rep8_Dep6_Tu2,1.637,2.807,0.442,0.000,1.988,0.604,2.116,1.532,2.345,10.587,10.333,2.990,62.618
Br62_rep5_Dep6_Tu0.1,0.000,2.469,0.578,0.000,1.196,0.370,2.395,2.774,0.000,12.698,10.390,2.683,64.447
Br62_rep6_Dep6_Tu5,4.326,3.110,0.596,0.000,1.662,0.442,2.363,0.977,3.157,10.219,9.416,2.162,61.570
Br62_rep9_Dep6_Tu20,16.896,5.317,0.515,0.674,1.110,0.000,1.992,0.500,4.841,7.627,7.608,1.120,51.801
Br62_rep2_Dep6_Tu30,26.131,2.890,1.060,2.260,0.952,0.000,0.988,2.193,1.738,7.238,6.311,2.018,46.221
Br62_rep7_Dep6_Tu10,8.581,3.736,0.430,0.000,1.512,0.565,2.045,5.326,0.000,8.633,10.271,1.679,57.222
Br62_rep6_Dep6_Tu0.1,0.201,2.799,0.337,0.000,1.769,0.707,2.281,0.000,4.769,10.871,10.626,1.776,63.864
Br62_rep5_Dep6_Tu50,40.295,6.807,1.632,3.287,1.818,0.000,0.035,2.499,1.874,3.847,4.241,0.788,32.877
Br62_rep10_Dep6_Tu1,0.000,3.828,0.710,0.000,2.239,0.250,1.846,0.000,4.560,10.584,10.747,2.257,62.979
Br62_rep1_Dep6_Tu30,24.328,4.571,1.132,1.966,0.720,0.000,1.446,2.490,1.645,6.708,7.577,1.856,45.561
Br62_rep7_Dep6_Tu0.3,0.000,3.505,0.412,0.000,1.532,0.608,2.101,0.550,2.175,11.186,11.064,2.167,64.701
Br62_rep2_Dep6_Tu10,8.576,3.576,0.977,0.000,1.363,0.113,2.244,4.451,0.770,9.206,8.366,1.344,59.015
Br62_rep9_Dep6_Tu0.1,0.000,3.528,0.651,0.000,2.021,0.675,2.227,0.000,5.690,8.627,10.742,2.211,63.628
Br62_rep3_Dep6_Tu10,9.972,2.554,0.571,0.000,1.294,0.021,1.906,2.947,2.740,9.548,9.355,1.624,57.468
Br62_rep4_Dep6_Tu5,4.422,3.308,0.524,0.000,1.475,0.684,2.388,3.039,1.703,9.161,10.605,2.079,60.612
Br62_rep8_Dep6_Tu20,16.261,5.344,0.305,1.808,0.709,0.000,1.539,2.805,3.483,6.129,7.361,1.562,52.694
Br62_rep1_Dep6_Tu2,1.781,2.173,0.537,0.000,1.863,0.459,2.492,1.531,2.996,12.056,8.836,2.135,63.141
Br62_rep10_Dep6_Tu5,4.320,3.929,0.000,0.000,1.801,0.161,1.798,0.000,7.337,9.220,9.752,1.293,60.389
Br62_rep10_Dep6_Tu30,25.572,2.942,1.014,1.269,1.542,0.000,1.169,5.176,1.648,7.324,6.618,1.027,44.697
Br62_rep6_Dep6_Tu2,1.560,3.219,0.445,0.000,1.884,0.577,2.357,2.154,4.099,8.836,10.008,1.752,63.111
Br62_rep4_Dep6_Tu3,2.804,2.708,0.772,0.000,2.033,0.738,2.088,2.772,1.739,9.668,10.796,2.200,61.683
Br66_rep4_Dep6_Tu50,46.320,3.224,0.000,3.053,0.444,0.000,1.468,1.494,0.538,2.815,6.811,2.098,31.736
Br66_rep3_Dep6_Tu0.5,0.000,2.323,0.534,0.000,1.017,0.210,2.178,1.418,5.185,10.493,11.868,1.955,62.819
Br66_rep2_Dep6_Tu3,3.000,2.907,1.007,0.000,1.135,0.811,2.580,2.750,0.260,10.633,11.593,2.545,60.778
Br66_rep6_Dep6_Tu40,36.854,3.710,0.255,2.320,0.740,0.000,0.078,0.000,0.000,6.899,9.454,2.125,37.566
Br66_rep9_Dep6_Tu0.1,0.000,3.516,0.699,0.000,1.874,0.699,2.262,0.000,5.460,8.681,10.886,2.275,63.648
Br66_rep9_Dep6_Tu5,4.718,2.728,0.740,0.000,1.670,0.321,2.423,3.323,2.003,8.487,11.836,1.501,60.250
Br66_rep10_Dep6_Tu1,1.062,3.669,0.322,0.000,1.400,0.116,2.190,0.000,4.908,9.773,10.146,2.141,64.274
Br66_rep6_Dep6_Tu20,18.608,4.728,0.000,0.000,0.342,0.000,1.283,2.349,1.867,8.981,7.086,2.374,52.383
Br66_rep10_Dep6_Tu30,28.358,3.613,0.000,0.405,0.964,0.000,0.928,0.152,2.499,7.769,8.100,1.781,45.431
Br66_rep10_Dep6_Tu5,5.176,2.911,0.538,0.000,1.671,0.548,2.252,2.425,1.126,10.467,9.030,1.926,61.931
Br66_rep7_Dep6_Tu1,0.915,2.264,0.174,0.000,1.209,0.298,2.246,1.883,2.531,10.551,11.121,2.311,64.495
Br66_rep6_Dep6_Tu0.3,0.000,2.119,0.595,0.000,0.934,0.226,2.130,1.509,5.529,10.405,11.606,1.884,63.063
Br66_rep1_Dep6_Tu30,27.925,4.231,0.519,1.557,0.000,0.000,1.722,2.098,0.000,7.046,6.001,2.592,46.310
Br66_rep3_Dep6_Tu1,0.189,2.077,0.705,0.000,2.272,0.676,2.096,0.000,4.960,9.668,11.016,2.278,64.063
Br66_rep3_Dep6_Tu30,28.388,3.733,0.306,0.698,1.009,0.000,1.752,0.000,0.637,7.871,9.101,1.659,44.847
Br66_rep9_Dep6_Tu1,1.104,1.936,0.636,0.000,1.656,0.318,1.919,0.577,2.620,12.824,11.028,2.222,63.160
Br66_rep9_Dep6_Tu40,36.667,4.274,0.000,3.021,1.240,0.000,0.258,2.606,0.000,2.689,5.803,3.539,39.904
Br66_rep5_Dep6_Tu1,0.645,2.810,1.124,0.000,1.513,0.621,2.179,2.954,1.643,9.348,12.620,2.137,62.406
Br66_rep2_Dep6_Tu5,4.874,3.356,0.397,0.000,1.719,0.356,2.302,3.323,0.084,9.370,8.354,2.854,63.013
Br66_rep5_Dep6_Tu30,28.392,4.536,0.000,0.334,0.670,0.000,2.538,2.042,0.161,6.808,7.412,2.463,44.644
Br66_rep7_Dep6_Tu50,46.217,3.552,0.417,2.906,0.728,0.000,1.866,0.753,0.000,3.278,5.533,2.186,32.563
Br66_rep4_Dep6_Tu40,36.526,3.532,0.021,1.688,0.000,0.000,1.816,3.375,0.000,6.132,8.560,0.792,37.559
Br66_rep8_Dep6_Tu5,5.468,4.001,0.000,0.000,1.655,0.461,1.871,2.308,3.147,8.192,7.865,2.502,62.531
Br66_rep9_Dep6_Tu2,1.695,2.937,0.128,0.000,1.791,0.565,2.567,2.898,0.000,10.811,10.498,2.630,63.480
Br66_rep6_Dep6_Tu30,27.408,2.860,0.519,1.880,0.934,0.000,1.208,3.621,0.000,5.486,7.548,1.646,46.890
Br66_rep4_Dep6_Tu0.1,0.114,2.769,0.598,0.000,0.832,0.331,2.285,3.199,0.057,11.262,10.895,2.935,64.721
Br66_rep5_Dep6_Tu10,9.353,2.209,0.649,0.082,1.407,0.000,1.824,3.988,0.000,10.893,10.363,1.517,57.714
Br66_rep3_Dep6_Tu40,37.156,4.899,0.020,1.944,0.545,0.000,0.658,2.678,0.000,4.245,7.628,1.866,38.361
Br66_rep9_Dep6_Tu0.5,0.278,1.830,0.609,0.000,1.742,0.875,2.247,4.705,0.762,9.528,11.427,2.266,63.730
Br66_rep8_Dep6_Tu2,2.013,2.979,0.612,0.000,1.907,0.533,2.048,1.143,1.835,10.344,10.407,3.195,62.985
Br66_rep10_Dep6_Tu2,1.693,3.156,0.686,0.000,1.108,0.239,2.207,0.492,2.057,10.749,10.455,2.955,64.204
Br66_rep6_Dep6_Tu0.1,0.163,2.732,0.390,0.000,1.775,0.676,2.270,0.000,4.594,10.895,10.869,1.767,63.869
Br66_rep5_Dep6_Tu0.5,0.877,1.957,0.336,0.000,1.420,0.750,2.652,2.819,0.405,10.761,9.453,2.684,65.885
Br66_rep2_Dep6_Tu20,18.761,5.054,0.113,0.000,0.787,0.000,1.564,1.071,1.712,8.299,8.271,2.503,51.865
Br66_rep4_Dep6_Tu0.5,0.367,2.409,0.621,0.000,1.530,0.837,2.895,0.874,3.376,11.184,8.664,2.152,65.091
Br66_rep4_Dep6_Tu5,5.002,2.391,0.571,0.000,1.483,0.903,2.730,2.458,2.029,9.334,10.654,2.481,59.964
Br66_rep8_Dep6_Tu0.5,0.239,4.578,0.353,0.000,1.013,0.131,2.164,0.000,3.840,10.163,10.473,2.386,64.660
Br66_rep5_Dep6_Tu20,18.910,3.955,0.568,0.271,1.114,0.470,2.275,0.433,2.270,7.250,7.942,3.242,51.299
Br66_rep1_Dep6_Tu3,3.113,3.274,0.185,0.000,1.097,0.317,2.284,2.072,1.064,9.888,11.528,2.769,62.409
Br66_rep10_Dep6_Tu10,9.881,3.790,0.498,0.000,1.407,0.171,2.365,2.865,0.560,8.745,9.343,2.190,58.186
Br66_rep3_Dep6_Tu10,9.279,2.805,0.497,0.000,1.128,0.108,1.889,4.097,0.000,9.751,9.669,2.780,57.996
Br66_rep10_Dep6_Tu40,37.135,3.598,0.306,2.296,1.378,0.000,2.171,0.155,1.868,4.324,5.622,2.206,38.941
Br66_rep1_Dep6_Tu50,45.134,2.742,0.000,3.066,1.432,0.000,1.434,1.549,0.000,5.474,5.237,1.812,32.120
Br66_rep10_Dep6_Tu0.5,0.030,3.355,0.362,0.000,2.151,0.361,2.746,0.000,2.861,12.549,10.354,2.320,62.910
Br66_rep1_Dep6_Tu0.3,0.000,2.754,0.695,0.000,1.463,0.697,2.370,0.908,3.786,9.781,11.149,2.501,63.895
Br66_rep10_Dep6_Tu0.1,0.025,2.477,0.315,0.000,2.165,0.570,2.038,1.073,4.545,10.224,10.254,2.277,64.039
Br66_rep8_Dep6_Tu40,36.652,4.032,0.000,1.945,0.672,0.000,1.716,1.368,0.000,5.896,6.033,1.691,39.995
Br66_rep3_Dep6_Tu20,18.771,3.856,0.531,0.186,0.212,0.000,1.999,2.455,0.000,7.884,10.284,2.248,51.574
Br66_rep9_Dep6_Tu0.3,0.247,2.610,0.604,0.000,0.955,0.549,2.777,1.723,1.143,10.714,11.364,2.666,64.647
Br66_rep7_Dep6_Tu0.3,0.000,3.425,0.446,0.000,1.459,0.645,2.112,0.261,2.166,11.297,11.280,2.287,64.621
Br66_rep5_Dep6_Tu2,1.618,3.247,0.886,0.000,1.591,0.517,1.968,0.514,5.273,9.376,9.499,1.781,63.729
Br66_rep5_Dep6_Tu0.3,0.000,1.995,0.903,0.000,1.248,0.889,2.681,2.106,5.264,8.953,10.784,1.653,63.524
Br66_rep6_Dep6_Tu5,4.512,2.894,0.503,0.000,1.426,0.551,2.418,0.000,3.442,10.992,9.235,2.420,61.606
Br66_rep5_Dep6_Tu3,2.499,2.559,0.688,0.000,1.390,0.267,1.755,2.831,0.437,11.199,9.778,3.197,63.400
Br66_rep1_Dep6_Tu5,4.913,2.944,0.250,0.000,1.530,0.646,2.737,2.276,2.709,9.140,8.822,2.709,61.324
Br66_rep6_Dep6_Tu10,9.079,4.407,0.425,0.000,1.997,0.717,2.060,0.000,2.875,7.583,9.523,2.447,58.887
Br66_rep3_Dep6_Tu5,4.950,3.004,0.299,0.000,2.084,0.194,2.472,1.698,2.554,9.814,7.072,3.119,62.739
Br66_rep1_Dep6_Tu1,0.899,3.154,0.479,0.000,1.054,0.367,2.255,0.000,5.691,9.743,10.477,2.522,63.359
Br66_rep4_Dep6_Tu30,28.379,3.568,0.000,1.247,1.066,0.000,1.677,2.696,0.000,6.254,8.524,2.301,44.287
Br66_rep8_Dep6_Tu20,18.267,4.580,0.000,0.664,0.600,0.000,1.410,4.224,1.143,7.626,6.767,2.148,52.571
Br66_rep4_Dep6_Tu10,9.067,4.052,0.499,0.000,1.804,0.614,1.809,0.000,0.312,10.019,11.730,2.154,57.940
Br66_rep2_Dep6_Tu1,0.883,3.119,0.110,0.000,0.993,0.590,2.269,3.142,0.529,10.440,13.291,2.208,62.425
Br66_rep6_Dep6_Tu2,1.755,3.365,0.411,0.000,1.639,0.683,2.157,2.329,3.450,8.993,10.310,2.106,62.802
Br66_rep6_Dep6_Tu0.5,0.224,3.581,0.359,0.000,1.577,0.215,2.604,0.000,5.087,10.727,9.732,2.241,63.653
Br66_rep5_Dep6_Tu0.1,0.000,2.508,0.582,0.000,1.210,0.316,2.421,2.434,0.290,12.822,10.369,2.597,64.453
Br66_rep2_Dep6_Tu2,2.275,3.410,0.463,0.000,1.898,0.461,2.477,0.026,2.239,11.059,10.659,2.013,63.021
Br66_rep10_Dep6_Tu50,45.260,5.149,0.000,3.135,0.783,0.000,1.805,0.314,0.000,5.128,4.113,1.455,32.858
Br66_rep7_Dep6_Tu3,3.090,3.559,0.537,0.000,1.183,1.049,2.462,2.364,2.403,8.426,10.901,2.170,61.855
Br66_rep7_Dep6_Tu10,9.519,3.165,0.000,0.000,0.915,0.608,2.380,5.669,0.000,9.141,9.517,1.620,57.465
Br66_rep2_Dep6_Tu0.5,0.000,3.591,0.165,0.000,1.904,0.334,2.094,1.848,1.279,10.125,12.579,2.506,63.575
Br66_rep5_Dep6_Tu50,45.842,5.939,0.000,2.235,0.796,0.000,0.276,0.000,0.000,3.902,6.456,1.918,32.638
Br66_rep9_Dep6_Tu20,19.577,3.551,0.104,0.941,0.908,0.000,1.612,0.000,3.073,7.846,8.661,1.784,51.944
Br66_rep8_Dep6_Tu3,3.177,4.051,0.167,0.000,1.381,0.194,1.959,0.318,4.506,9.438,10.140,2.113,62.556
Br66_rep9_Dep6_Tu10,9.219,3.121,0.396,0.347,2.237,0.183,2.446,1.932,0.000,9.387,10.288,2.635,57.808
Br66_rep7_Dep6_Tu2,2.145,2.702,0.539,0.000,1.122,0.477,2.381,0.015,3.311,11.561,9.764,2.194,63.789
Br66_rep6_Dep6_Tu3,3.357,3.233,0.000,0.000,1.604,0.640,2.254,1.294,2.827,9.281,9.913,2.259,63.336
Br66_rep1_Dep6_Tu0.5,0.291,3.705,0.527,0.000,0.612,0.025,1.754,1.937,2.293,11.660,11.435,1.823,63.939
Br66_rep2_Dep6_Tu40,35.672,6.655,0.161,1.698,0.545,0.000,1.364,0.000,0.000,4.779,6.539,2.943,39.643
Br66_rep1_Dep6_Tu2,2.096,2.248,0.487,0.000,1.669,0.587,2.414,1.194,1.835,12.234,9.220,2.797,63.219
Br66_rep8_Dep6_Tu1,1.121,2.207,0.369,0.000,2.077,0.682,2.629,2.111,1.762,9.053,10.893,2.712,64.385
Br66_rep4_Dep6_Tu3,3.271,2.247,0.928,0.000,1.774,0.734,2.102,2.150,2.257,9.110,10.951,2.484,61.992
Br66_rep7_Dep6_Tu40,36.577,5.587,0.016,1.857,1.094,0.000,1.379,0.000,0.000,6.380,6.438,2.913,37.759
Br66_rep7_Dep6_Tu0.5,0.424,4.224,0.007,0.000,1.152,0.485,2.225,1.235,4.434,9.310,9.171,2.055,65.277
Br66_rep2_Dep6_Tu30,28.185,4.015,0.049,2.174,0.715,0.000,1.394,0.550,0.000,6.735,7.159,2.709,46.316
Br66_rep2_Dep6_Tu0.1,0.000,2.913,0.563,0.000,2.602,0.559,1.903,0.019,4.290,10.427,9.997,2.415,64.312
Br66_rep7_Dep6_Tu0.1,0.059,2.186,0.586,0.000,2.143,0.649,2.407,3.170,0.778,9.949,11.594,2.143,64.338
Br66_rep1_Dep6_Tu40,36.823,3.659,0.000,2.943,0.416,0.000,1.028,2.870,0.000,4.452,5.929,2.252,39.627
Br66_rep7_Dep6_Tu5,4.768,2.477,0.821,0.000,1.389,0.435,2.207,3.540,0.000,9.869,10.620,2.836,61.039
Br66_rep4_Dep6_Tu1,1.143,3.817,0.242,0.000,1.731,0.573,2.708,0.000,3.670,9.548,9.614,2.819,64.135
Br66_rep8_Dep6_Tu0.1,0.237,3.189,0.709,0.000,1.695,0.630,2.283,3.067,2.526,9.095,9.922,2.829,63.816
Br66_rep4_Dep6_Tu2,1.937,3.015,0.314,0.000,2.847,0.914,2.228,0.681,4.418,8.038,8.954,2.555,64.100
Br66_rep1_Dep6_Tu0.1,0.000,2.411,0.490,0.000,1.525,0.517,2.214,0.406,3.327,10.931,10.639,2.479,65.059
Br66_rep2_Dep6_Tu10,8.839,4.125,0.595,0.000,0.403,0.143,2.226,4.689,0.000,8.990,8.576,2.306,59.107
Br66_rep4_Dep6_Tu20,18.833,4.010,0.131,0.904,1.137,0.000,2.050,1.818,0.000,8.209,6.383,3.159,53.367
Br66_rep4_Dep6_Tu0.3,0.000,3.413,0.640,0.000,1.640,0.525,2.672,0.000,3.178,11.979,9.883,1.801,64.268
Br66_rep10_Dep6_Tu3,3.593,3.015,0.088,0.000,1.842,0.558,2.271,1.167,2.964,10.402,9.011,1.921,63.170
Br66_rep1_Dep6_Tu20,18.288,4.358,0.000,0.118,1.032,0.000,0.612,0.000,6.078,7.340,9.345,1.308,51.522
Br66_rep6_Dep6_Tu1,0.344,3.591,0.400,0.000,1.453,0.078,2.116,0.612,2.869,11.466,11.211,1.606,64.256
Br66_rep6_Dep6_Tu50,45.321,3.060,0.206,3.875,0.614,0.000,1.046,1.113,0.000,4.750,6.015,1.191,32.809
Br66_rep9_Dep6_Tu3,2.231,2.847,0.572,0.005,1.586,0.021,2.298,2.620,3.015,10.052,10.254,2.335,62.164
Br66_rep3_Dep6_Tu50,45.958,5.435,0.000,2.769,0.000,0.000,0.918,0.000,0.000,4.616,7.575,0.742,31.988
Br66_rep8_Dep6_Tu30,28.066,4.139,0.000,0.677,1.162,0.000,2.383,0.029,0.000,8.426,5.920,2.428,46.769
Br66_rep7_Dep6_Tu20,18.721,3.752,0.087,0.062,1.039,0.296,1.766,4.125,0.000,7.237,9.001,1.886,52.028
Br66_rep3_Dep6_Tu2,2.214,3.095,0.420,0.000,1.678,0.510,2.593,0.000,3.753,9.908,11.003,2.352,62.475
Br66_rep8_Dep6_Tu50,45.550,4.502,0.000,3.493,0.743,0.000,2.074,1.564,0.000,2.153,4.430,1.939,33.552
Br66_rep3_Dep6_Tu3,2.998,3.750,0.200,0.000,0.990,0.548,2.912,2.502,1.002,10.564,9.281,2.633,62.619
Br66_rep3_Dep6_Tu0.3,0.035,4.645,0.315,0.000,0.987,0.133,2.085,0.000,4.000,10.329,10.459,2.374,64.638
Br66_rep8_Dep6_Tu0.3,0.141,2.638,0.593,0.000,0.873,0.507,2.749,2.067,0.940,10.703,11.530,2.771,64.489
Br66_rep3_Dep6_Tu0.1,0.000,3.205,0.416,0.000,2.297,0.636,1.504,2.833,1.397,8.418,12.784,3.447,63.064
Br66_rep10_Dep6_Tu0.3,0.439,2.179,0.274,0.000,1.246,0.429,2.154,2.428,1.908,11.083,10.403,2.823,64.634
Br66_rep2_Dep6_Tu50,45.692,4.887,0.088,2.235,0.168,0.000,0.592,0.861,0.000,4.891,6.387,1.842,32.357
Br66_rep5_Dep6_Tu5,4.370,4.277,0.206,0.000,1.179,0.644,1.950,5.159,0.085,8.218,8.971,2.551,62.389
Br66_rep10_Dep6_Tu20,19.220,3.716,0.000,1.403,1.230,0.216,1.927,3.119,0.000,6.614,7.928,3.436,51.190
Br66_rep7_Dep6_Tu30,27.935,3.249,0.000,1.396,1.088,0.000,2.065,2.404,0.000,5.638,7.132,2.537,46.556
Br66_rep9_Dep6_Tu30,28.185,3.481,1.091,0.766,1.017,0.000,1.585,0.000,0.000,6.871,8.255,2.849,45.900
Br66_rep5_Dep6_Tu40,37.892,1.705,0.177,2.079,1.465,0.000,2.257,2.428,0.000,4.209,6.147,2.563,39.079
Br66_rep8_Dep6_Tu10,10.209,3.708,0.349,0.131,0.429,0.165,2.200,0.573,5.262,7.196,9.660,2.462,57.656
Br66_rep9_Dep6_Tu50,44.700,4.894,0.000,3.482,0.469,0.000,1.274,0.814,0.000,4.577,3.390,2.317,34.083
Br66_rep2_Dep6_Tu0.3,0.480,3.202,0.457,0.000,1.524,0.335,2.392,3.491,0.444,10.245,9.115,2.759,65.557
Br66_rep1_Dep6_Tu10,9.485,4.510,0.000,0.000,1.076,0.340,2.160,1.518,2.889,7.402,9.422,2.016,59.183
Cer77_rep9_Dep6_Tu3,0.020,3.763,1.483,0.674,2.479,0.114,2.333,3.324,2.372,9.797,10.273,2.803,60.565
Cer77_rep5_Dep6_Tu30,4.071,12.026,6.422,7.743,7.909,1.624,3.399,9.300,0.000,2.583,5.342,2.834,36.747
Cer77_rep3_Dep6_Tu30,4.119,12.072,7.126,8.454,8.727,0.891,3.225,4.068,0.000,4.139,6.511,1.664,39.005
Cer77_rep8_Dep6_Tu50,5.985,16.749,8.871,11.931,11.891,1.854,3.181,8.124,0.000,0.000,2.997,2.856,25.563
Cer77_rep1_Dep6_Tu1,0.089,3.513,0.685,0.000,1.585,0.573,2.445,0.374,5.247,9.774,10.472,2.801,62.444
Cer77_rep7_Dep6_Tu3,0.669,5.517,1.235,0.191,2.160,1.346,2.802,2.418,1.897,8.108,10.516,2.501,60.641
Cer77_rep10_Dep6_Tu2,0.297,3.469,1.455,0.194,1.837,0.682,2.565,1.296,1.429,9.892,10.371,2.871,63.641
Cer77_rep2_Dep6_Tu0.5,0.000,3.498,0.384,0.000,2.145,0.477,2.222,1.923,0.612,10.050,12.450,2.709,63.528
Cer77_rep3_Dep6_Tu20,2.882,9.419,5.147,5.644,6.538,0.903,2.915,5.990,0.000,4.714,6.547,2.307,46.996
Cer77_rep1_Dep6_Tu2,0.522,3.533,1.064,0.000,2.447,0.844,2.534,0.129,2.583,12.442,8.747,2.619,62.536
Cer77_rep2_Dep6_Tu5,0.867,5.791,1.633,1.071,3.135,0.707,2.597,3.971,0.000,8.576,8.348,2.840,60.463
Cer77_rep5_Dep6_Tu0.5,0.460,2.366,0.539,0.000,1.527,0.886,2.846,3.198,0.000,10.573,9.035,2.743,65.827
Cer77_rep2_Dep6_Tu50,5.752,17.805,9.252,11.252,12.347,1.855,2.039,7.870,0.000,0.000,4.416,2.261,25.150
Cer77_rep9_Dep6_Tu0.5,0.000,1.967,1.058,0.000,2.042,1.082,2.220,4.533,0.741,9.207,11.635,2.231,63.284
Cer77_rep4_Dep6_Tu10,1.716,7.631,3.259,1.720,4.660,1.614,2.382,3.164,0.000,7.453,10.274,2.255,53.870
Cer77_rep9_Dep6_Tu20,3.033,10.277,4.525,5.490,6.335,1.251,2.633,5.881,0.000,4.524,7.326,2.538,46.187
Cer77_rep3_Dep6_Tu10,1.723,6.753,3.052,2.509,3.719,0.820,2.583,5.176,0.000,7.507,8.457,2.655,55.047
Cer77_rep6_Dep6_Tu5,1.273,4.874,2.234,0.209,3.076,1.161,2.722,1.424,3.637,9.149,8.158,2.238,59.845
Cer77_rep5_Dep6_Tu1,0.000,3.009,1.354,0.000,1.779,0.815,2.293,3.170,1.595,9.301,12.533,1.937,62.214
Cer77_rep5_Dep6_Tu0.3,0.000,1.951,0.972,0.000,1.292,0.971,2.712,2.387,4.888,8.806,10.696,1.779,63.546
Cer77_rep4_Dep6_Tu50,5.979,16.843,8.708,12.268,12.456,1.313,2.797,10.144,0.000,0.000,3.199,1.956,24.337
Cer77_rep6_Dep6_Tu0.3,0.000,2.356,0.636,0.000,0.929,0.265,2.171,1.262,5.744,10.218,11.847,1.885,62.687
Cer77_rep4_Dep6_Tu40,5.081,15.792,7.618,9.819,10.786,1.788,3.059,7.234,0.000,1.076,4.301,2.163,31.283
Cer77_rep10_Dep6_Tu5,1.369,5.387,1.753,0.933,3.324,1.000,2.445,3.970,0.477,9.903,7.690,1.894,59.854
Cer77_rep3_Dep6_Tu1,0.000,2.240,1.116,0.000,2.618,0.949,2.296,0.000,4.990,9.226,10.658,2.449,63.459
Cer77_rep8_Dep6_Tu40,5.180,12.756,8.538,10.134,11.309,2.186,2.783,9.751,0.000,0.000,4.020,2.317,31.026
Cer77_rep7_Dep6_Tu0.3,0.000,3.384,0.559,0.000,1.609,0.692,2.128,0.328,2.168,11.206,11.340,2.331,64.256
Cer77_rep3_Dep6_Tu0.1,0.000,3.459,0.403,0.000,2.228,0.609,1.499,2.783,1.412,8.298,12.743,3.481,63.086
Cer77_rep4_Dep6_Tu0.3,0.000,3.378,0.765,0.000,1.806,0.561,2.728,0.000,2.966,11.825,9.796,1.814,64.362
Cer77_rep6_Dep6_Tu2,0.294,4.288,1.035,0.000,2.318,0.829,2.320,2.802,3.523,8.217,10.410,2.026,61.938
Cer77_rep6_Dep6_Tu20,2.532,11.712,4.500,5.599,5.639,0.929,2.757,7.704,0.498,4.427,5.644,2.296,45.765
Cer77_rep9_Dep6_Tu40,4.301,14.726,7.887,10.577,9.809,1.714,2.623,9.834,0.000,0.000,3.902,2.238,32.389
Cer77_rep6_Dep6_Tu40,5.746,14.083,8.379,9.845,10.974,1.661,3.224,7.148,0.000,0.043,4.882,1.434,32.581
Cer77_rep8_Dep6_Tu5,1.656,5.352,1.893,0.310,3.408,1.383,2.762,2.831,2.955,6.815,7.838,2.496,60.301
Cer77_rep5_Dep6_Tu50,6.299,15.679,9.260,11.251,12.136,2.120,2.609,10.003,0.000,0.000,2.699,2.385,25.560
Cer77_rep1_Dep6_Tu30,4.025,12.424,7.326,7.779,8.198,1.856,2.829,7.492,0.000,1.746,4.722,2.773,38.831
Cer77_rep2_Dep6_Tu20,2.858,11.116,4.576,5.212,5.871,0.819,2.922,5.569,0.000,5.767,6.998,2.213,46.079
Cer77_rep4_Dep6_Tu0.5,0.131,2.641,0.628,0.000,1.615,0.928,2.798,1.064,3.359,11.052,8.773,2.206,64.804
Cer77_rep2_Dep6_Tu40,5.008,15.487,8.072,10.209,10.131,1.614,2.807,8.620,0.000,0.000,3.609,2.775,31.668
Cer77_rep8_Dep6_Tu30,4.248,11.768,6.849,6.759,9.642,2.059,3.591,6.875,0.000,3.393,4.975,2.318,37.523
Cer77_rep3_Dep6_Tu40,5.261,15.736,7.310,9.550,10.386,2.046,2.623,8.170,0.000,0.000,5.000,2.595,31.323
Cer77_rep4_Dep6_Tu0.1,0.032,2.931,0.589,0.000,0.769,0.343,2.248,3.257,0.127,11.211,11.004,2.861,64.629
Cer77_rep2_Dep6_Tu1,0.368,3.142,0.677,0.000,1.438,0.844,2.381,3.252,0.000,10.485,13.360,2.512,61.542
Cer77_rep3_Dep6_Tu3,0.770,5.470,0.985,0.000,2.088,1.064,3.065,3.731,0.443,9.001,9.520,2.563,61.300
Cer77_rep2_Dep6_Tu30,4.312,13.166,6.294,8.515,7.559,1.355,1.948,7.105,0.000,1.329,6.637,3.177,38.602
Cer77_rep9_Dep6_Tu30,3.594,12.191,7.543,7.280,8.782,1.784,2.752,5.096,0.000,3.000,6.264,2.935,38.777
Cer77_rep7_Dep6_Tu20,3.154,9.140,5.075,4.580,7.419,1.790,2.416,6.711,0.000,4.122,8.117,2.411,45.064
Cer77_rep6_Dep6_Tu1,0.000,3.644,0.754,0.000,2.006,0.419,2.394,1.064,2.169,10.608,11.232,1.754,63.956
Cer77_rep7_Dep6_Tu50,5.756,17.193,9.436,12.098,10.852,1.364,2.396,10.454,0.000,0.000,3.809,1.951,24.692
Cer77_rep3_Dep6_Tu5,0.462,5.184,1.915,1.054,3.628,0.760,2.479,1.197,3.908,8.742,7.360,2.831,60.482
Cer77_rep8_Dep6_Tu0.5,0.000,4.719,0.525,0.000,1.184,0.179,2.144,0.000,4.235,10.093,10.164,2.345,64.411
Cer77_rep9_Dep6_Tu0.3,0.000,2.786,0.650,0.000,1.027,0.585,2.806,2.363,0.421,10.663,11.367,2.918,64.412
Cer77_rep6_Dep6_Tu0.5,0.000,3.710,0.495,0.000,1.772,0.259,2.643,0.515,4.898,10.887,9.314,2.233,63.275
Cer77_rep7_Dep6_Tu1,0.000,3.075,0.356,0.000,1.574,0.457,2.436,2.516,2.430,10.328,10.751,2.234,63.843
Cer77_rep5_Dep6_Tu3,0.126,4.070,1.752,0.000,2.239,0.869,1.798,3.503,0.000,10.647,9.537,3.168,62.290
Cer77_rep10_Dep6_Tu3,0.983,4.426,1.033,0.000,2.727,1.011,2.338,2.348,1.963,9.842,9.531,2.176,61.622
Cer77_rep9_Dep6_Tu5,0.859,4.965,2.434,0.392,3.024,1.281,2.472,5.730,0.000,7.578,10.904,2.113,58.248
Cer77_rep10_Dep6_Tu20,2.768,10.921,4.635,6.171,6.945,1.492,2.783,6.171,0.000,4.056,6.274,3.314,44.470
Cer77_rep1_Dep6_Tu3,0.726,5.166,1.563,0.000,2.010,0.873,2.595,2.534,0.567,8.917,11.068,3.050,60.930
Cer77_rep5_Dep6_Tu2,0.269,4.223,1.695,0.000,2.416,0.950,2.194,0.732,4.375,8.492,9.562,2.202,62.890
Cer77_rep5_Dep6_Tu5,0.321,5.664,1.704,0.115,2.725,1.272,2.628,6.185,0.923,7.790,8.622,2.404,59.647
Cer77_rep8_Dep6_Tu2,0.449,3.507,1.254,0.297,2.722,0.962,2.406,0.025,3.038,10.161,10.033,3.203,61.942
Cer77_rep8_Dep6_Tu10,1.626,7.123,3.116,2.836,3.756,0.962,2.726,4.028,2.093,5.189,8.075,2.858,55.613
Cer77_rep10_Dep6_Tu30,4.389,12.922,6.558,7.499,8.736,1.660,2.854,7.028,0.000,1.409,5.065,2.669,39.212
Cer77_rep10_Dep6_Tu0.1,0.000,2.446,0.353,0.000,2.206,0.517,2.022,1.134,4.559,10.292,10.345,2.246,63.880
Cer77_rep6_Dep6_Tu3,1.067,3.986,0.993,0.413,2.884,1.079,2.242,2.451,1.573,9.062,10.160,2.600,61.489
Cer77_rep7_Dep6_Tu10,1.180,7.043,2.808,2.524,4.308,1.298,2.784,6.741,0.000,5.929,8.801,2.191,54.393
Cer77_rep1_Dep6_Tu0.1,0.000,2.371,0.549,0.000,1.626,0.544,2.230,0.390,3.279,10.942,10.653,2.485,64.929
Cer77_rep10_Dep6_Tu50,5.453,17.704,9.177,12.361,12.123,1.596,2.668,7.644,0.000,0.000,3.566,2.122,25.586
Cer77_rep3_Dep6_Tu2,0.505,4.205,1.232,0.000,2.684,1.009,2.902,0.637,3.617,8.879,10.585,2.236,61.508
Cer77_rep2_Dep6_Tu10,0.995,7.258,3.598,1.981,3.783,0.979,2.526,6.804,0.000,7.877,7.471,1.724,55.003
Cer77_rep4_Dep6_Tu5,0.897,4.493,1.668,1.147,3.474,1.475,2.860,3.080,1.417,8.986,9.763,2.527,58.212
Cer77_rep4_Dep6_Tu2,0.152,3.820,1.163,0.001,3.494,1.205,2.575,0.621,5.110,8.294,8.618,2.247,62.700
Cer77_rep8_Dep6_Tu3,0.993,5.614,1.033,0.000,2.553,0.861,2.611,0.391,3.607,8.968,9.422,2.311,61.636
Cer77_rep7_Dep6_Tu5,0.918,5.161,1.964,0.070,2.481,1.111,2.354,4.681,0.000,9.345,9.748,3.055,59.113
Cer77_rep4_Dep6_Tu3,0.627,3.902,1.771,0.452,2.858,1.263,2.217,3.219,1.765,8.141,10.759,2.423,60.602
Cer77_rep7_Dep6_Tu2,0.474,3.519,1.255,0.000,1.797,1.047,2.429,1.056,2.385,11.115,9.966,2.468,62.490
Cer77_rep10_Dep6_Tu40,5.255,14.317,7.696,10.505,10.893,1.205,3.265,9.650,0.000,0.000,3.093,2.400,31.723
Cer77_rep6_Dep6_Tu10,1.230,7.445,3.029,3.430,5.201,1.028,2.704,0.754,3.754,5.816,7.428,2.643,55.537
Cer77_rep6_Dep6_Tu50,6.143,16.535,9.649,11.727,11.631,1.726,2.201,8.948,0.000,0.000,3.361,2.054,26.025
Cer77_rep2_Dep6_Tu2,0.828,4.121,1.032,0.000,2.542,0.765,2.472,0.357,3.037,10.161,10.669,1.971,62.045
Cer77_rep1_Dep6_Tu5,1.165,5.369,1.853,0.041,2.810,1.475,2.799,2.756,2.631,8.119,8.949,2.850,59.182
Cer77_rep5_Dep6_Tu0.1,0.000,2.492,0.644,0.000,1.212,0.359,2.419,2.391,0.320,12.804,10.354,2.667,64.338
Cer77_rep9_Dep6_Tu50,5.797,16.241,9.575,11.571,12.243,2.325,2.451,8.076,0.000,0.000,3.649,2.025,26.047
Cer77_rep10_Dep6_Tu0.3,0.150,2.336,0.444,0.000,1.362,0.462,2.190,2.715,1.397,10.967,10.324,3.003,64.649
Cer77_rep3_Dep6_Tu0.3,0.000,4.705,0.344,0.000,1.082,0.154,2.150,0.000,4.021,10.273,10.303,2.389,64.580
Cer77_rep1_Dep6_Tu0.5,0.000,3.658,0.697,0.000,0.596,0.245,1.906,2.028,2.280,11.413,11.432,1.932,63.813
Cer77_rep4_Dep6_Tu1,0.270,4.006,0.662,0.000,2.237,0.767,2.770,0.000,4.031,9.140,9.570,2.840,63.706
Cer77_rep2_Dep6_Tu0.3,0.281,3.248,0.566,0.000,1.674,0.448,2.479,3.212,0.567,10.205,8.997,2.849,65.473
Cer77_rep10_Dep6_Tu10,1.172,6.568,3.235,2.166,5.147,1.315,2.812,4.648,0.637,7.378,9.097,2.640,53.184
Cer77_rep3_Dep6_Tu50,6.786,16.174,9.072,11.426,12.480,1.660,2.938,9.436,0.000,0.000,2.334,1.428,26.264
Cer77_rep3_Dep6_Tu0.5,0.000,2.341,0.813,0.000,1.155,0.318,2.222,1.528,5.108,10.061,11.907,1.944,62.603
Cer77_rep5_Dep6_Tu40,4.836,15.082,7.310,10.195,10.382,1.661,3.210,9.416,0.000,0.000,3.633,3.525,30.750
Cer77_rep9_Dep6_Tu2,0.000,3.830,0.670,0.000,2.661,0.851,2.702,3.244,0.565,10.239,10.405,2.502,62.331
Cer77_rep8_Dep6_Tu20,1.902,10.434,4.963,6.376,6.102,1.122,2.625,6.510,1.029,3.695,6.481,2.278,46.485
Cer77_rep7_Dep6_Tu0.5,0.107,4.313,0.088,0.000,1.360,0.594,2.223,1.771,4.230,9.191,8.884,2.124,65.115
Cer77_rep1_Dep6_Tu50,5.654,17.102,8.867,11.862,11.521,1.883,3.052,11.591,0.000,0.000,1.844,1.408,25.218
Cer77_rep10_Dep6_Tu1,0.322,3.919,0.689,0.000,1.991,0.334,2.211,0.846,4.381,9.452,10.050,2.293,63.511
Cer77_rep8_Dep6_Tu0.3,0.000,2.657,0.662,0.000,0.984,0.558,2.844,2.121,0.599,10.832,11.388,2.835,64.521
Cer77_rep4_Dep6_Tu20,2.948,11.534,4.320,5.854,6.555,1.461,2.867,5.607,0.000,3.785,5.710,2.925,46.433
Cer77_rep7_Dep6_Tu30,4.129,12.573,6.833,7.285,8.720,1.903,3.225,7.811,0.000,1.431,4.902,1.795,39.391
Cer77_rep7_Dep6_Tu40,4.822,15.222,7.921,10.014,11.690,1.900,3.672,8.364,0.000,0.512,3.837,1.754,30.292
Cer77_rep9_Dep6_Tu0.1,0.000,3.616,0.694,0.000,1.905,0.715,2.249,0.000,5.499,8.688,10.708,2.216,63.711
Cer77_rep5_Dep6_Tu20,2.855,9.746,5.590,5.308,7.222,1.804,2.440,6.708,0.000,3.698,6.703,2.827,45.100
Cer77_rep8_Dep6_Tu1,0.000,3.295,0.459,0.000,2.437,0.814,2.505,2.486,1.546,9.140,10.748,2.750,63.818
Cer77_rep6_Dep6_Tu0.1,0.072,2.868,0.356,0.000,1.841,0.679,2.270,0.000,4.436,10.849,10.873,1.832,63.925
Cer77_rep2_Dep6_Tu3,1.006,4.471,1.680,0.000,1.916,1.437,2.795,3.259,0.000,9.168,11.046,2.973,60.248
Cer77_rep1_Dep6_Tu0.3,0.000,2.768,0.841,0.000,1.482,0.769,2.477,0.805,3.638,9.690,11.254,2.503,63.773
Cer77_rep1_Dep6_Tu40,5.635,16.374,7.050,9.379,9.351,1.967,2.983,8.850,0.000,0.000,4.373,1.901,32.136
Cer77_rep6_Dep6_Tu30,4.753,12.027,6.453,6.918,7.775,2.312,2.922,8.683,0.000,0.884,6.252,2.105,38.915
Cer77_rep2_Dep6_Tu0.1,0.000,2.991,0.623,0.000,2.600,0.561,1.973,0.095,4.222,10.353,9.884,2.434,64.264
Cer77_rep1_Dep6_Tu20,2.655,10.367,5.317,5.892,6.636,1.360,2.067,6.057,0.488,3.864,6.679,2.529,46.090
Cer77_rep4_Dep6_Tu30,3.576,14.310,5.643,8.215,8.572,1.184,2.549,7.955,0.000,2.879,4.905,1.975,38.238
Cer77_rep10_Dep6_Tu0.5,0.000,3.335,0.656,0.000,2.379,0.569,2.740,0.000,2.334,12.433,10.277,2.614,62.663
Cer77_rep5_Dep6_Tu10,0.848,5.468,2.984,3.135,4.899,0.635,2.170,6.421,0.000,8.185,9.426,2.034,53.794
Cer77_rep9_Dep6_Tu1,0.444,2.517,1.132,0.000,2.125,0.665,2.137,0.853,2.064,12.338,10.831,2.422,62.471
Cer77_rep1_Dep6_Tu10,1.732,7.706,3.154,2.968,4.502,1.218,2.726,1.762,3.446,6.257,7.892,1.827,54.809
Cer77_rep8_Dep6_Tu0.1,0.043,3.377,0.725,0.000,1.691,0.629,2.292,2.976,2.672,9.040,9.993,2.770,63.793
Cer77_rep9_Dep6_Tu10,1.654,6.814,3.284,2.225,4.682,1.440,2.918,3.872,0.000,6.814,9.614,2.872,53.811
Cer77_rep7_Dep6_Tu0.1,0.000,2.210,0.611,0.000,2.149,0.706,2.446,3.022,0.882,9.941,11.589,2.119,64.326
Cer81_rep10_Dep6_Tu5,1.338,3.544,2.015,0.000,2.337,0.905,2.177,2.148,2.207,10.486,8.763,1.893,62.187
Cer81_rep8_Dep6_Tu2,0.207,3.410,0.959,0.000,1.907,0.758,2.214,1.592,1.501,10.818,10.644,3.425,62.564
Cer81_rep6_Dep6_Tu3,1.226,3.721,0.690,0.000,2.252,0.748,2.162,1.609,3.090,9.478,9.701,2.393,62.930
Cer81_rep2_Dep6_Tu3,0.741,3.783,1.709,0.000,1.638,1.162,2.831,3.122,0.879,9.429,10.929,2.920,60.856
Cer81_rep7_Dep6_Tu20,4.620,5.526,5.437,2.010,4.290,1.584,2.643,5.433,0.540,5.639,9.033,2.466,50.780
Cer81_rep5_Dep6_Tu5,0.381,4.153,1.528,0.000,2.327,0.900,2.361,5.526,1.129,8.469,8.912,2.941,61.372
Cer81_rep4_Dep6_Tu0.1,0.055,2.769,0.613,0.000,0.801,0.337,2.257,3.379,0.004,11.285,10.863,2.884,64.753
Cer81_rep9_Dep6_Tu20,4.566,6.374,4.944,1.401,3.300,1.348,2.278,2.655,3.394,7.032,9.001,3.095,50.612
Cer81_rep9_Dep6_Tu5,1.119,3.187,2.026,0.000,2.537,0.811,2.214,4.833,1.179,8.652,11.098,2.073,60.271
Cer81_rep2_Dep6_Tu1,0.310,2.990,0.479,0.000,1.105,0.597,2.255,2.975,0.483,10.929,13.519,2.238,62.120
Cer81_rep8_Dep6_Tu3,0.612,4.696,0.990,0.000,1.611,0.319,2.232,1.487,3.932,9.191,9.932,2.376,62.622
Cer81_rep8_Dep6_Tu1,0.200,2.544,0.588,0.000,2.249,0.724,2.489,2.747,1.337,9.219,10.889,2.716,64.297
Cer81_rep1_Dep6_Tu50,9.339,10.311,11.074,6.635,6.771,1.126,1.982,10.624,2.155,0.453,5.403,2.422,31.704
Cer81_rep9_Dep6_Tu1,0.258,2.141,0.959,0.000,1.825,0.542,2.173,0.442,2.469,12.756,10.906,2.372,63.156
Cer81_rep4_Dep6_Tu30,5.073,8.229,7.234,3.378,5.436,1.142,2.339,6.198,0.000,5.612,7.566,3.338,44.456
Cer81_rep5_Dep6_Tu20,3.510,7.840,4.986,1.545,4.692,0.841,2.146,5.218,1.421,6.667,8.204,2.845,50.085
Cer81_rep2_Dep6_Tu0.5,0.000,3.583,0.237,0.000,1.951,0.369,2.327,1.686,0.864,10.035,12.388,2.739,63.821
Cer81_rep2_Dep6_Tu2,0.633,3.820,1.040,0.000,2.266,0.559,2.423,0.000,2.690,11.125,10.467,2.022,62.954
Cer81_rep5_Dep6_Tu1,0.024,2.846,1.336,0.000,1.546,0.633,2.104,3.045,2.000,9.534,12.684,1.896,62.350
Cer81_rep7_Dep6_Tu0.5,0.159,4.126,0.027,0.000,1.192,0.521,2.283,1.423,4.630,9.368,9.252,2.060,64.960
Cer81_rep5_Dep6_Tu0.1,0.000,2.545,0.631,0.000,1.187,0.347,2.395,2.581,0.211,12.770,10.306,2.650,64.377
Cer81_rep8_Dep6_Tu0.1,0.053,3.248,0.761,0.000,1.736,0.666,2.365,2.799,2.625,9.102,9.936,2.859,63.850
Cer81_rep10_Dep6_Tu10,1.842,4.915,3.611,0.173,2.992,1.156,2.505,3.669,1.280,8.730,8.975,2.965,57.187
Cer81_rep2_Dep6_Tu5,1.494,4.087,1.641,0.000,2.200,0.693,2.423,3.529,1.122,9.056,8.970,2.927,61.859
Cer81_rep8_Dep6_Tu50,9.849,10.804,11.676,5.702,6.872,1.433,2.645,8.006,0.000,0.000,5.848,4.279,32.887
Cer81_rep2_Dep6_Tu40,7.668,10.404,9.544,4.849,5.763,0.851,1.976,4.458,1.457,2.802,7.579,4.646,38.002
Cer81_rep6_Dep6_Tu30,6.122,7.013,7.844,3.594,4.942,1.258,2.009,7.167,0.000,3.972,7.934,3.827,44.318
Cer81_rep4_Dep6_Tu1,0.269,3.814,0.639,0.000,2.134,0.741,2.701,0.000,3.998,9.297,9.869,2.868,63.671
Cer81_rep3_Dep6_Tu0.3,0.000,4.624,0.343,0.000,1.021,0.179,2.130,0.000,4.059,10.269,10.410,2.392,64.572
Cer81_rep9_Dep6_Tu0.1,0.000,3.581,0.708,0.000,1.878,0.695,2.190,0.000,5.382,8.714,10.943,2.249,63.660
Cer81_rep1_Dep6_Tu40,7.365,9.566,9.385,4.927,5.180,1.398,1.843,7.001,4.729,2.074,6.056,2.456,38.020
Cer81_rep10_Dep6_Tu2,0.243,3.562,1.089,0.000,1.479,0.244,2.286,1.238,1.984,10.379,10.630,2.632,64.233
Cer81_rep7_Dep6_Tu50,9.322,12.648,11.520,6.661,6.315,0.889,2.169,8.443,0.000,0.810,6.261,3.381,31.581
Cer81_rep8_Dep6_Tu0.3,0.000,2.439,0.693,0.000,1.026,0.547,2.751,2.089,0.624,10.853,11.498,2.892,64.589
Cer81_rep8_Dep6_Tu40,7.770,8.800,9.841,4.285,6.577,1.635,1.956,7.556,0.000,4.052,6.383,3.688,37.456
Cer81_rep9_Dep6_Tu40,8.246,8.627,9.677,5.149,6.526,1.453,1.914,7.034,0.000,1.856,6.486,4.311,38.719
Cer81_rep9_Dep6_Tu10,2.248,3.996,3.408,1.203,3.422,1.087,2.455,3.481,0.000,8.199,10.611,3.448,56.442
Cer81_rep2_Dep6_Tu50,9.249,10.824,12.133,4.816,7.003,1.993,1.719,7.346,0.000,1.521,7.582,3.618,32.195
Cer81_rep8_Dep6_Tu10,1.935,5.999,2.851,0.409,1.395,1.009,2.025,4.284,4.308,6.346,9.952,2.395,57.091
Cer81_rep10_Dep6_Tu0.1,0.000,2.490,0.330,0.000,2.149,0.525,2.037,1.103,4.570,10.262,10.233,2.230,64.071
Cer81_rep3_Dep6_Tu1,0.000,2.137,0.948,0.000,2.361,0.839,2.211,0.000,4.660,9.326,11.312,2.466,63.739
Cer81_rep9_Dep6_Tu50,9.610,9.199,12.235,6.272,6.797,1.753,2.497,8.077,0.000,1.779,4.704,3.931,33.146
Cer81_rep8_Dep6_Tu30,6.142,8.823,7.633,2.414,4.695,1.347,2.597,4.849,0.000,6.149,7.147,3.281,44.922
Cer81_rep4_Dep6_Tu20,3.638,6.549,5.210,2.227,3.665,1.054,2.177,4.196,1.891,6.414,7.424,3.841,51.713
Cer81_rep10_Dep6_Tu20,3.770,7.611,5.351,2.264,3.748,1.284,2.387,5.379,1.272,5.062,7.765,4.171,49.935
Cer81_rep7_Dep6_Tu3,0.905,4.159,1.322,0.000,1.634,1.153,2.295,1.867,3.355,8.231,10.977,2.211,61.891
Cer81_rep2_Dep6_Tu30,6.003,9.081,7.155,3.569,4.869,1.113,2.198,4.243,0.000,5.079,8.409,3.941,44.339
Cer81_rep1_Dep6_Tu0.1,0.000,2.477,0.529,0.000,1.549,0.506,2.228,0.533,3.310,10.849,10.600,2.479,64.940
Cer81_rep5_Dep6_Tu10,1.194,4.285,3.283,0.904,3.019,0.568,2.422,4.357,0.393,10.606,9.997,2.027,56.945
Cer81_rep7_Dep6_Tu0.1,0.000,2.193,0.590,0.000,2.112,0.682,2.406,3.268,0.761,9.987,11.628,2.154,64.219
Cer81_rep8_Dep6_Tu0.5,0.000,4.680,0.550,0.000,1.119,0.252,2.241,0.000,3.682,10.239,10.380,2.556,64.302
Cer81_rep7_Dep6_Tu1,0.060,2.421,0.470,0.000,1.451,0.517,2.342,2.510,2.491,10.079,11.067,2.419,64.173
Cer81_rep10_Dep6_Tu0.5,0.000,3.274,0.437,0.000,2.191,0.367,2.711,0.000,2.628,12.591,10.416,2.516,62.868
Cer81_rep8_Dep6_Tu20,2.723,8.541,4.705,2.599,2.712,0.234,1.890,5.354,2.043,6.949,7.618,3.023,51.608
Cer81_rep4_Dep6_Tu5,1.008,3.638,1.682,0.137,2.573,1.301,2.867,3.497,1.725,8.676,10.080,2.405,60.412
Cer81_rep3_Dep6_Tu30,5.598,8.006,7.349,3.840,4.717,0.761,2.636,2.901,1.309,7.556,9.010,2.774,43.543
Cer81_rep9_Dep6_Tu0.3,0.000,2.609,0.598,0.000,0.944,0.537,2.754,2.060,0.754,10.726,11.525,2.886,64.607
Cer81_rep4_Dep6_Tu0.3,0.000,3.467,0.740,0.000,1.687,0.543,2.682,0.000,3.078,11.841,9.860,1.852,64.250
Cer81_rep1_Dep6_Tu30,6.328,7.848,7.644,3.389,4.035,1.025,2.567,6.588,0.241,5.394,7.017,3.574,44.350
Cer81_rep1_Dep6_Tu1,0.134,3.140,0.777,0.000,1.336,0.448,2.414,0.201,5.650,9.826,10.448,2.535,63.093
Cer81_rep4_Dep6_Tu50,10.070,10.932,11.062,6.871,7.088,1.156,1.769,9.129,0.000,0.244,6.095,3.770,31.814
Cer81_rep6_Dep6_Tu0.1,0.085,2.738,0.442,0.000,1.773,0.697,2.271,0.000,4.495,10.886,10.841,1.778,63.993
Cer81_rep1_Dep6_Tu0.5,0.000,3.714,0.700,0.000,0.663,0.107,1.913,1.611,2.389,11.626,11.488,1.879,63.910
Cer81_rep3_Dep6_Tu50,10.653,10.306,11.468,6.424,6.814,1.243,1.715,8.550,0.000,1.520,6.251,3.890,31.165
Cer81_rep6_Dep6_Tu50,9.635,9.739,11.779,6.216,6.226,1.732,1.810,9.778,0.000,2.272,5.921,3.040,31.853
Cer81_rep4_Dep6_Tu40,8.278,9.074,9.121,4.025,5.816,1.118,2.751,6.990,0.000,5.484,7.764,2.922,36.657
Cer81_rep7_Dep6_Tu5,1.341,3.781,1.831,0.000,1.832,0.858,2.423,4.524,0.000,9.430,10.920,2.731,60.329
Cer81_rep9_Dep6_Tu30,5.405,8.275,7.980,3.430,5.203,0.907,2.082,5.040,0.000,5.734,7.383,3.740,44.820
Cer81_rep5_Dep6_Tu0.5,0.468,1.785,0.497,0.000,1.492,0.749,2.762,2.937,0.288,10.940,9.404,2.751,65.927
Cer81_rep5_Dep6_Tu2,0.074,3.504,1.261,0.000,1.921,0.753,2.101,0.549,5.556,8.605,9.728,1.938,64.011
Cer81_rep5_Dep6_Tu3,0.136,3.745,1.637,0.000,1.887,0.601,2.035,2.800,0.123,10.976,9.947,3.291,62.821
Cer81_rep2_Dep6_Tu0.3,0.232,3.274,0.465,0.000,1.661,0.330,2.385,3.611,0.318,10.257,8.964,2.807,65.696
Cer81_rep10_Dep6_Tu1,0.256,3.816,0.647,0.000,1.633,0.292,2.230,0.318,4.999,9.516,10.209,2.087,63.997
Cer81_rep3_Dep6_Tu20,4.058,5.832,6.054,1.748,3.975,1.405,2.334,5.136,0.000,7.442,8.393,3.103,50.519
Cer81_rep4_Dep6_Tu10,1.910,5.061,2.915,0.000,2.926,1.335,2.148,1.668,1.313,9.112,11.132,2.636,57.843
Cer81_rep4_Dep6_Tu2,0.238,3.834,0.780,0.000,2.983,0.988,2.059,1.161,4.397,8.493,9.036,2.397,63.635
Cer81_rep1_Dep6_Tu20,4.060,6.939,5.397,1.747,3.028,1.163,1.916,2.112,6.287,6.611,7.284,2.191,51.267
Cer81_rep3_Dep6_Tu40,7.831,7.854,10.491,4.625,6.364,2.067,1.833,8.075,0.000,1.877,7.679,4.270,37.033
Cer81_rep9_Dep6_Tu0.5,0.000,1.894,0.762,0.000,1.882,0.952,2.237,4.795,0.665,9.332,11.595,2.355,63.531
Cer81_rep2_Dep6_Tu10,1.418,5.429,3.466,0.367,2.379,1.095,2.493,5.572,0.000,8.684,9.303,2.590,57.205
Cer81_rep6_Dep6_Tu0.3,0.000,2.128,0.718,0.000,0.975,0.230,2.126,1.042,5.587,10.371,11.925,2.026,62.873
Cer81_rep10_Dep6_Tu30,6.462,7.151,7.514,2.949,4.634,1.206,2.332,3.971,3.287,4.934,8.059,2.908,44.591
Cer81_rep1_Dep6_Tu10,1.903,5.356,2.737,0.222,2.981,1.190,2.696,1.484,4.971,7.043,9.304,2.370,57.743
Cer81_rep7_Dep6_Tu2,0.752,2.596,1.323,0.000,1.663,0.863,2.349,0.107,3.232,11.323,9.727,2.510,63.555
Cer81_rep6_Dep6_Tu2,0.298,3.593,0.810,0.000,2.006,0.691,2.130,2.238,4.426,8.636,10.715,1.945,62.512
Cer81_rep10_Dep6_Tu40,7.758,9.571,9.668,4.917,6.306,0.792,2.552,5.133,5.179,1.656,6.278,2.643,37.548
Cer81_rep6_Dep6_Tu5,1.559,3.087,2.237,0.000,2.199,1.222,2.622,0.000,4.391,10.293,9.254,2.325,60.812
Cer81_rep5_Dep6_Tu40,8.049,9.050,9.671,4.758,5.780,1.339,2.612,7.505,0.000,1.884,6.941,4.296,38.115
Cer81_rep3_Dep6_Tu3,0.668,4.425,0.895,0.000,1.342,0.866,2.861,4.344,0.275,10.087,9.155,2.835,62.248
Cer81_rep1_Dep6_Tu2,0.604,2.900,0.866,0.000,1.977,0.588,2.357,0.308,3.592,12.091,9.216,2.372,63.129
Cer81_rep6_Dep6_Tu10,1.538,5.353,3.041,0.000,3.269,1.356,2.286,0.070,5.155,7.788,8.355,2.851,58.937
Cer81_rep9_Dep6_Tu2,0.070,3.384,0.640,0.000,2.030,0.582,2.689,3.046,0.408,10.960,10.479,2.749,62.965
Cer81_rep6_Dep6_Tu0.5,0.000,3.652,0.475,0.000,1.612,0.321,2.609,0.245,4.599,10.820,9.652,2.414,63.601
Cer81_rep1_Dep6_Tu0.3,0.000,2.670,0.763,0.000,1.509,0.712,2.433,0.734,3.898,9.810,11.077,2.491,63.902
Cer81_rep1_Dep6_Tu3,0.572,4.266,1.400,0.000,1.344,0.657,2.300,2.524,1.179,9.467,11.355,2.898,62.040
Cer81_rep2_Dep6_Tu0.1,0.000,2.954,0.541,0.000,2.595,0.545,1.881,0.000,4.369,10.433,10.020,2.370,64.291
Cer81_rep7_Dep6_Tu0.3,0.000,3.367,0.532,0.000,1.483,0.658,2.131,0.139,2.226,11.320,11.361,2.271,64.511
Cer81_rep5_Dep6_Tu30,6.043,7.953,6.982,3.265,4.115,0.612,2.595,8.935,0.000,5.849,7.585,2.585,43.480
Cer81_rep10_Dep6_Tu3,1.038,2.706,1.161,0.000,2.181,0.863,2.429,1.145,4.062,9.995,9.267,2.023,63.130
Cer81_rep6_Dep6_Tu40,8.136,8.717,10.295,3.146,6.001,1.274,2.092,4.971,0.962,4.940,9.030,3.274,37.163
Cer81_rep3_Dep6_Tu0.5,0.000,2.296,0.655,0.000,0.985,0.161,2.184,1.017,5.529,10.524,11.823,1.916,62.910
Cer81_rep8_Dep6_Tu5,1.751,4.586,1.598,0.122,2.117,0.950,2.251,2.903,3.825,7.702,8.373,2.633,61.187
Cer81_rep7_Dep6_Tu30,6.316,7.677,7.767,3.067,4.866,1.419,2.042,6.374,0.000,4.335,8.055,3.368,44.715
Cer81_rep3_Dep6_Tu2,0.442,3.169,1.098,0.000,2.440,0.812,2.863,0.000,3.434,9.619,11.325,2.500,62.297
Cer81_rep5_Dep6_Tu50,9.510,11.377,12.305,5.461,7.320,1.454,1.893,6.106,1.431,2.023,5.396,3.703,32.020
Cer81_rep2_Dep6_Tu20,4.139,6.564,4.999,1.768,3.667,0.980,2.426,3.620,1.462,7.754,8.022,3.493,51.105
Cer81_rep7_Dep6_Tu40,7.575,9.552,9.509,5.239,5.806,0.735,2.077,8.706,0.000,3.868,6.018,3.542,37.373
Cer81_rep10_Dep6_Tu0.3,0.197,2.192,0.395,0.000,1.354,0.443,2.192,2.522,1.746,10.954,10.439,2.888,64.677
Cer81_rep4_Dep6_Tu3,0.628,3.339,1.511,0.000,2.287,0.980,2.213,2.671,2.710,8.564,11.422,2.363,61.312
Cer81_rep6_Dep6_Tu1,0.000,3.687,0.657,0.000,1.715,0.298,2.229,0.605,2.460,11.219,11.510,1.775,63.844
Cer81_rep4_Dep6_Tu0.5,0.188,2.574,0.682,0.000,1.477,0.842,2.920,1.071,3.218,11.061,8.625,2.171,65.171
Cer81_rep3_Dep6_Tu0.1,0.000,3.102,0.457,0.000,2.332,0.658,1.518,2.827,1.421,8.340,12.757,3.495,63.093
Cer81_rep7_Dep6_Tu10,1.853,4.252,2.801,0.169,2.692,1.268,2.570,6.004,0.000,8.367,10.329,2.614,57.082
Cer81_rep10_Dep6_Tu50,9.113,12.208,11.456,6.316,6.576,1.131,2.623,6.855,0.000,1.954,6.463,2.929,32.377
Cer81_rep5_Dep6_Tu0.3,0.000,1.839,0.978,0.000,1.319,0.957,2.691,2.433,4.833,8.847,10.850,1.859,63.394
Cer81_rep6_Dep6_Tu20,3.682,7.365,4.742,1.289,2.952,1.419,2.166,5.133,5.077,5.786,7.420,2.164,50.805
Cer81_rep3_Dep6_Tu5,0.755,4.192,1.777,0.000,2.547,0.648,2.571,0.606,4.015,9.840,7.043,3.134,62.872
Cer81_rep3_Dep6_Tu10,2.340,4.595,3.010,0.000,2.625,0.964,2.250,5.158,0.000,9.118,9.837,3.078,57.026
Cer81_rep9_Dep6_Tu3,0.144,2.512,1.686,0.000,2.142,0.314,2.330,2.479,3.154,10.098,10.745,2.633,61.764
Cer81_rep1_Dep6_Tu5,1.289,4.075,1.527,0.000,2.171,0.876,2.653,2.171,3.548,8.810,9.007,2.665,61.209
Colo9345_rep1_Dep6_Tu5,1.462,4.025,1.174,11.205,2.247,5.673,2.419,3.620,0.400,7.406,8.340,2.740,49.288
Colo9345_rep8_Dep6_Tu30,1.729,6.343,1.892,17.238,2.815,8.750,2.670,2.074,0.000,6.210,6.496,2.270,41.512
Colo9345_rep5_Dep6_Tu1,0.090,3.038,1.317,1.648,1.816,2.156,2.295,3.254,1.730,8.855,11.766,1.989,60.045
Colo9345_rep5_Dep6_Tu20,2.524,7.981,2.493,29.023,2.805,13.541,2.330,3.170,0.000,3.294,4.655,1.558,26.626
Colo9345_rep7_Dep6_Tu20,2.773,7.213,2.094,29.881,2.341,13.079,1.914,5.236,0.000,2.648,5.676,0.751,26.394
Colo9345_rep6_Dep6_Tu2,0.211,4.182,0.873,4.532,2.168,2.892,2.190,2.309,3.484,8.152,9.666,1.905,57.438
Colo9345_rep10_Dep6_Tu10,0.337,4.112,1.236,6.201,2.135,3.391,2.537,2.696,1.601,7.875,9.283,2.318,56.277
Colo9345_rep1_Dep6_Tu10,1.733,6.411,1.758,20.085,2.340,8.626,2.316,4.854,0.000,3.971,6.906,1.233,39.766
Colo9345_rep3_Dep6_Tu30,3.565,8.084,2.766,35.800,3.096,15.826,1.851,3.256,0.000,1.939,4.261,0.620,18.935
Colo9345_rep6_Dep6_Tu1,0.000,4.411,0.839,0.821,1.763,2.008,2.405,1.359,1.503,10.820,10.715,1.840,61.516
Colo9345_rep2_Dep6_Tu10,1.610,6.785,2.057,19.028,2.011,8.503,2.102,3.957,0.000,5.721,7.072,1.254,39.901
Colo9345_rep6_Dep6_Tu5,1.589,4.146,1.490,10.451,2.070,5.798,2.505,1.075,2.812,7.788,7.839,2.122,50.313
Colo9345_rep5_Dep6_Tu10,1.298,5.895,1.909,19.233,2.391,8.488,1.905,3.755,0.000,7.058,8.384,1.116,38.566
Colo9345_rep5_Dep6_Tu40,4.047,7.748,2.730,40.643,3.570,18.158,2.509,3.665,0.000,0.307,2.679,0.879,13.063
Colo9345_rep1_Dep6_Tu0.1,0.000,2.719,0.525,0.000,1.542,0.694,2.200,0.599,3.163,10.814,10.693,2.519,64.531
Colo9345_rep3_Dep6_Tu10,2.169,5.226,1.841,18.469,2.270,8.834,1.888,5.020,0.000,4.698,7.454,2.013,40.117
Colo9345_rep4_Dep6_Tu2,0.083,3.757,0.811,4.824,2.932,3.282,2.318,2.263,2.362,8.074,9.149,2.502,57.643
Colo9345_rep2_Dep6_Tu20,3.256,7.833,2.264,29.468,2.323,13.247,2.105,3.281,0.000,2.847,4.828,1.447,27.101
Colo9345_rep3_Dep6_Tu50,4.459,8.957,3.124,44.276,3.304,19.305,1.979,2.770,0.000,0.550,1.252,0.406,9.617
Colo9345_rep6_Dep6_Tu0.1,0.147,2.866,0.415,0.000,1.888,0.897,2.298,0.000,4.659,10.612,10.814,1.633,63.773
Colo9345_rep3_Dep6_Tu40,3.928,8.350,3.144,40.830,3.415,18.003,1.812,3.582,0.000,0.109,2.177,0.964,13.685
Colo9345_rep6_Dep6_Tu3,1.281,4.390,0.475,6.324,1.826,4.093,2.078,3.889,1.476,7.466,8.869,2.440,55.394
Colo9345_rep9_Dep6_Tu50,2.626,8.570,2.273,28.733,2.167,12.699,2.463,1.947,0.000,2.990,4.504,1.776,29.252
Colo9345_rep1_Dep6_Tu3,1.178,5.445,0.718,6.775,1.081,3.871,2.274,2.633,0.093,8.560,10.099,2.717,54.555
Colo9345_rep6_Dep6_Tu30,3.507,7.550,2.664,35.952,3.065,16.351,2.059,5.192,0.000,0.707,3.482,0.702,18.768
Colo9345_rep1_Dep6_Tu20,2.744,8.387,2.401,30.166,2.637,12.787,1.465,5.078,0.000,2.584,3.663,0.836,27.252
Colo9345_rep4_Dep6_Tu0.5,0.257,2.998,0.709,0.869,1.415,1.566,2.831,1.135,3.124,10.779,8.660,2.161,63.498
Colo9345_rep9_Dep6_Tu10,0.688,3.205,1.111,6.847,2.514,2.988,2.732,1.836,0.000,8.539,9.642,3.055,56.843
Colo9345_rep3_Dep6_Tu1,0.000,3.221,0.952,1.634,2.193,2.157,2.108,0.000,4.360,8.954,10.863,2.504,61.055
Colo9345_rep7_Dep6_Tu0.1,0.000,2.384,0.572,0.000,2.145,0.894,2.368,3.181,0.920,9.779,11.562,2.089,64.105
Colo9345_rep4_Dep6_Tu20,2.481,8.202,1.852,30.048,2.552,12.843,1.817,3.718,0.000,3.028,3.824,1.628,28.007
Colo9345_rep7_Dep6_Tu5,1.051,5.199,1.330,10.932,1.834,5.359,2.187,4.273,0.000,7.353,8.125,2.347,50.009
Colo9345_rep10_Dep6_Tu50,1.737,8.547,1.693,29.683,2.565,11.981,2.142,3.102,0.000,5.293,3.899,0.637,28.722
Colo9345_rep2_Dep6_Tu50,4.215,9.522,3.251,43.764,2.753,19.844,2.092,3.236,0.000,0.000,1.376,0.472,9.476
Colo9345_rep10_Dep6_Tu40,2.174,6.924,1.793,23.785,2.865,10.394,2.047,5.015,0.160,4.428,5.201,1.685,33.530
Colo9345_rep9_Dep6_Tu20,1.720,5.114,1.097,11.149,2.233,6.060,2.034,0.000,4.378,7.202,7.914,1.751,49.349
Colo9345_rep8_Dep6_Tu3,0.382,3.892,0.649,0.763,1.711,1.642,2.192,0.324,4.628,9.458,9.673,2.243,62.443
Colo9345_rep5_Dep6_Tu3,0.202,3.836,1.249,6.428,1.906,3.655,1.959,2.724,0.000,10.063,9.024,2.756,56.198
Colo9345_rep1_Dep6_Tu40,3.893,8.891,2.878,40.392,3.254,18.078,1.877,3.410,0.000,0.793,2.334,0.878,13.323
Colo9345_rep9_Dep6_Tu0.3,0.000,2.663,0.602,0.000,0.881,0.648,2.832,2.012,0.814,10.788,11.404,2.840,64.516
Colo9345_rep4_Dep6_Tu1,0.449,4.309,0.556,1.539,2.036,2.170,2.735,0.071,3.720,9.369,9.326,2.721,60.999
Colo9345_rep10_Dep6_Tu20,1.112,5.663,1.431,12.909,1.968,5.911,1.983,4.169,0.900,5.966,7.614,3.086,47.288
Colo9345_rep1_Dep6_Tu1,0.252,3.120,0.776,1.813,1.590,1.890,2.322,0.000,5.419,9.305,10.345,2.577,60.591
Colo9345_rep6_Dep6_Tu50,0.803,1.371,1.686,9.654,1.903,4.677,1.780,3.359,3.500,10.706,8.638,1.247,50.678
Colo9345_rep7_Dep6_Tu0.5,0.145,4.677,0.064,0.000,1.229,1.529,2.310,1.167,4.547,9.333,8.969,2.145,63.886
Colo9345_rep10_Dep6_Tu0.3,0.148,2.037,0.352,0.000,1.352,0.584,2.216,2.483,1.724,11.037,10.413,2.911,64.742
Colo9345_rep9_Dep6_Tu3,0.000,2.771,0.909,1.108,1.508,1.193,2.463,3.177,1.842,10.355,10.198,2.664,61.812
Colo9345_rep3_Dep6_Tu0.1,0.000,3.468,0.450,0.000,2.257,0.827,1.513,2.783,1.382,8.141,12.821,3.487,62.870
Colo9345_rep6_Dep6_Tu20,2.616,8.369,1.620,28.826,2.703,13.285,2.191,5.184,0.000,2.335,4.327,1.245,27.298
Colo9345_rep8_Dep6_Tu0.5,0.000,4.658,0.413,0.000,1.129,0.361,2.137,0.000,3.771,10.167,10.474,2.535,64.355
Colo9345_rep9_Dep6_Tu0.5,0.000,1.811,0.799,0.000,1.905,1.213,2.280,4.333,1.192,9.359,11.458,2.244,63.407
Colo9345_rep9_Dep6_Tu2,0.000,2.989,0.463,0.165,1.935,1.442,2.917,2.380,0.337,11.123,10.232,2.664,63.354
Colo9345_rep8_Dep6_Tu0.3,0.000,2.679,0.605,0.000,0.916,0.631,2.729,2.159,0.709,10.638,11.600,2.845,64.490
Colo9345_rep6_Dep6_Tu0.5,0.000,4.119,0.333,0.606,1.684,1.019,2.608,0.545,4.961,10.260,9.349,2.338,62.179
Colo9345_rep4_Dep6_Tu0.1,0.134,2.863,0.694,0.000,0.844,0.551,2.292,3.140,0.251,11.093,10.833,2.887,64.418
Colo9345_rep1_Dep6_Tu0.3,0.000,2.943,0.842,0.000,1.522,1.384,2.460,0.544,4.203,9.441,11.225,2.495,62.940
Colo9345_rep5_Dep6_Tu30,3.522,8.891,2.381,35.665,2.637,15.988,2.379,5.103,0.000,1.406,3.300,0.501,18.227
Colo9345_rep2_Dep6_Tu2,1.160,4.470,1.063,3.053,2.224,3.232,2.496,0.038,2.679,10.196,9.595,2.025,57.770
Colo9345_rep4_Dep6_Tu40,4.169,8.162,3.051,40.674,3.202,17.970,2.148,2.917,0.000,1.387,2.768,0.514,13.037
Colo9345_rep7_Dep6_Tu30,3.803,8.347,2.417,35.775,3.183,16.088,2.326,3.016,0.000,1.566,2.912,0.901,19.664
Colo9345_rep5_Dep6_Tu0.3,0.000,1.961,1.100,0.000,1.310,1.543,2.802,2.665,4.616,8.812,10.562,1.802,62.827
Colo9345_rep5_Dep6_Tu0.5,0.694,2.343,0.707,0.012,1.530,1.649,2.733,2.356,0.933,10.688,9.259,2.685,64.412
Colo9345_rep2_Dep6_Tu1,0.497,3.626,0.591,2.184,1.060,2.018,2.343,3.558,0.190,9.710,12.586,2.192,59.445
Colo9345_rep2_Dep6_Tu3,0.709,5.242,1.274,6.123,1.491,4.216,2.444,2.178,0.667,8.773,10.302,2.404,54.175
Colo9345_rep4_Dep6_Tu30,3.028,8.002,2.654,35.857,3.270,15.945,1.597,4.670,0.000,2.238,4.064,0.632,18.043
Colo9345_rep7_Dep6_Tu2,0.690,3.251,1.250,4.000,1.755,3.246,2.438,0.482,2.114,10.392,9.833,2.695,57.852
Colo9345_rep8_Dep6_Tu40,2.183,5.887,1.770,23.742,2.958,11.048,2.159,3.209,0.000,4.662,6.311,1.453,34.618
Colo9345_rep10_Dep6_Tu3,1.109,2.650,0.641,0.757,2.226,1.899,2.446,0.500,3.954,10.051,9.388,1.794,62.584
Colo9345_rep3_Dep6_Tu0.3,0.000,4.893,0.490,0.000,0.985,0.748,2.126,0.000,4.268,10.150,10.277,2.382,63.680
Colo9345_rep5_Dep6_Tu0.1,0.000,2.677,0.613,0.000,1.097,0.544,2.426,2.669,0.189,12.737,10.266,2.634,64.149
Colo9345_rep2_Dep6_Tu0.5,0.000,4.080,0.337,0.000,2.229,1.363,2.277,1.331,1.276,9.905,12.351,2.549,62.301
Colo9345_rep6_Dep6_Tu10,1.963,5.482,2.079,18.599,2.800,9.176,1.906,0.000,3.021,5.689,7.336,2.237,39.712
Colo9345_rep9_Dep6_Tu0.1,0.000,3.514,0.695,0.000,1.899,0.722,2.245,0.000,5.378,8.698,10.972,2.245,63.632
Colo9345_rep7_Dep6_Tu10,1.436,5.194,1.956,19.177,2.418,8.696,2.593,5.618,0.000,4.629,6.725,1.760,39.797
Colo9345_rep10_Dep6_Tu2,0.000,3.281,0.690,0.790,1.235,0.924,2.335,0.488,2.169,10.854,10.527,2.747,63.962
Colo9345_rep7_Dep6_Tu40,1.497,3.533,1.725,11.542,3.102,5.512,2.496,3.454,0.000,9.248,7.350,3.075,47.466
Colo9345_rep8_Dep6_Tu20,0.000,7.118,0.889,12.876,1.444,4.806,2.109,1.757,3.140,7.206,6.784,1.904,49.967
Colo9345_rep3_Dep6_Tu5,0.556,4.254,1.485,12.092,2.059,5.187,2.162,1.677,3.901,7.066,5.370,2.511,51.681
Colo9345_rep5_Dep6_Tu2,0.040,4.317,1.033,4.005,1.432,2.946,2.093,1.779,4.751,7.895,9.084,1.731,58.894
Colo9345_rep1_Dep6_Tu30,3.330,8.618,3.010,36.312,2.503,15.939,2.191,3.460,0.000,1.335,3.043,1.011,19.249
Colo9345_rep10_Dep6_Tu1,0.010,4.052,0.394,0.000,1.684,0.626,2.208,0.651,4.248,9.747,10.260,2.257,63.864
Colo9345_rep4_Dep6_Tu10,2.118,6.294,1.737,19.083,2.310,9.132,1.910,1.070,0.111,6.082,8.525,1.671,39.958
Colo9345_rep3_Dep6_Tu3,0.935,4.425,0.978,6.798,1.864,4.093,2.723,2.768,0.649,8.542,8.670,2.661,54.893
Colo9345_rep5_Dep6_Tu50,4.270,9.759,3.101,43.673,3.202,19.569,1.686,2.883,0.000,0.318,1.375,0.641,9.522
Colo9345_rep2_Dep6_Tu40,3.947,9.185,3.021,40.988,2.926,17.897,2.021,2.681,0.000,0.479,1.702,1.188,13.965
Colo9345_rep1_Dep6_Tu2,0.724,3.493,1.042,3.696,2.019,3.016,2.566,0.291,2.550,11.599,8.160,2.754,58.090
Colo9345_rep2_Dep6_Tu5,1.361,4.705,1.472,10.199,2.079,5.842,2.285,3.015,0.298,7.909,7.411,2.054,51.369
Colo9345_rep2_Dep6_Tu0.1,0.000,3.267,0.541,0.000,2.598,0.778,1.894,0.182,4.370,10.024,10.002,2.378,63.968
Colo9345_rep10_Dep6_Tu5,0.885,3.447,0.834,3.215,2.036,1.940,2.098,2.338,1.593,9.768,9.027,1.794,61.022
Colo9345_rep1_Dep6_Tu0.5,0.000,4.324,0.564,0.000,0.551,1.002,1.937,1.679,2.775,11.479,11.386,1.827,62.476
Colo9345_rep8_Dep6_Tu10,0.622,4.171,1.251,6.179,0.792,3.137,1.918,3.409,2.748,7.582,8.914,2.724,56.552
Colo9345_rep9_Dep6_Tu5,0.375,3.504,1.237,1.466,1.999,2.174,2.340,2.368,2.496,9.040,11.649,1.479,59.873
Colo9345_rep7_Dep6_Tu1,0.240,2.934,0.662,1.525,1.468,2.032,2.337,2.235,2.142,10.020,10.466,2.355,61.583
Colo9345_rep5_Dep6_Tu5,0.883,6.132,0.631,10.973,1.964,5.126,1.992,4.824,0.897,6.552,8.296,1.656,50.075
Colo9345_rep7_Dep6_Tu50,3.989,9.410,3.092,43.870,3.125,19.601,2.092,3.335,0.000,0.000,1.989,0.286,9.210
Colo9345_rep3_Dep6_Tu20,2.678,7.867,2.486,29.653,2.463,12.783,2.196,2.349,0.000,3.751,5.094,0.862,27.820
Colo9345_rep8_Dep6_Tu1,0.028,2.836,0.437,0.000,2.093,1.144,2.545,2.617,1.470,9.236,10.940,2.762,63.891
Colo9345_rep4_Dep6_Tu5,1.370,4.121,1.729,11.596,2.134,5.534,2.662,3.917,0.625,6.077,9.578,2.091,48.566
Colo9345_rep10_Dep6_Tu30,2.193,6.185,1.254,15.603,2.044,8.806,2.612,3.884,1.296,5.350,6.562,1.837,42.374
Colo9345_rep10_Dep6_Tu0.5,0.000,3.420,0.430,0.000,2.082,0.617,2.726,0.000,2.170,12.597,10.479,2.536,62.944
Colo9345_rep8_Dep6_Tu2,0.000,3.221,0.604,0.859,2.046,1.297,2.114,0.326,2.871,10.534,10.449,3.127,62.553
Colo9345_rep7_Dep6_Tu0.3,0.000,3.777,0.483,0.000,1.519,1.180,2.166,0.087,2.153,11.448,11.040,2.221,63.926
Colo9345_rep4_Dep6_Tu3,0.763,3.965,1.263,7.651,1.959,4.036,2.362,3.850,0.762,7.383,9.193,1.982,54.832
Colo9345_rep3_Dep6_Tu0.5,0.000,2.571,0.735,0.335,1.154,1.028,2.161,1.470,5.669,9.782,11.565,1.828,61.702
Colo9345_rep8_Dep6_Tu50,3.412,6.325,2.942,28.590,2.485,12.891,2.798,3.116,0.000,1.349,5.734,1.761,28.597
Colo9345_rep2_Dep6_Tu30,3.803,7.853,3.046,36.565,2.901,16.004,1.831,3.642,0.000,0.163,3.923,1.127,19.142
Colo9345_rep8_Dep6_Tu5,0.949,4.262,0.525,2.113,2.099,2.237,2.262,1.748,3.888,7.920,8.086,2.450,61.461
Colo9345_rep1_Dep6_Tu50,4.139,8.382,3.017,44.197,3.498,19.565,2.198,4.304,0.000,0.396,0.862,0.000,9.443
Colo9345_rep8_Dep6_Tu0.1,0.042,3.193,0.717,0.000,1.677,0.646,2.341,3.077,2.521,9.103,10.050,2.839,63.794
Colo9345_rep6_Dep6_Tu0.3,0.000,2.327,0.748,0.000,1.090,0.868,2.165,0.702,5.770,10.269,12.054,1.957,62.050
Colo9345_rep9_Dep6_Tu1,0.126,2.109,0.691,0.000,1.922,0.920,2.224,0.319,2.524,12.909,11.156,2.340,62.758
Colo9345_rep7_Dep6_Tu3,0.889,5.125,1.024,6.693,1.525,4.328,2.121,3.819,2.551,6.150,10.178,1.772,53.824
Colo9345_rep9_Dep6_Tu40,2.796,6.273,2.317,22.800,2.917,10.533,1.814,2.161,0.000,3.171,6.028,3.249,35.941
Colo9345_rep3_Dep6_Tu2,0.620,3.824,1.036,4.146,1.873,3.228,2.567,0.580,3.852,8.617,11.012,2.164,56.481
Colo9345_rep2_Dep6_Tu0.3,0.344,3.357,0.698,0.000,1.602,0.943,2.322,3.436,0.498,9.981,9.042,2.769,65.008
Colo9345_rep4_Dep6_Tu0.3,0.000,3.784,0.827,0.000,1.551,1.117,2.667,0.000,2.971,11.800,9.933,1.750,63.599
Colo9345_rep9_Dep6_Tu30,1.632,6.193,1.932,17.016,2.464,8.200,2.426,2.345,0.000,5.905,6.780,2.323,42.784
Colo9345_rep6_Dep6_Tu40,3.856,7.800,3.476,40.194,3.395,18.344,1.592,3.231,0.000,0.785,2.580,0.942,13.804
Colo9345_rep10_Dep6_Tu0.1,0.000,2.537,0.332,0.000,2.171,0.558,2.061,0.993,4.581,10.291,10.219,2.252,64.005
Colo9345_rep4_Dep6_Tu50,4.023,8.346,3.262,43.958,3.690,19.462,1.750,4.481,0.000,0.000,1.220,0.549,9.259
Ov79_rep2_Dep6_Tu5,0.803,3.740,1.174,0.000,2.887,1.452,2.339,3.159,0.418,10.089,9.148,3.055,61.734
Ov79_rep8_Dep6_Tu30,3.067,6.768,4.453,1.408,8.797,4.971,0.883,3.354,0.000,11.258,9.340,3.115,42.585
Ov79_rep6_Dep6_Tu0.3,0.000,2.159,0.583,0.000,0.979,0.225,2.264,1.465,5.115,10.276,12.030,1.999,62.904
Ov79_rep1_Dep6_Tu3,0.139,3.267,0.500,0.000,1.275,0.566,2.326,1.492,1.514,10.183,11.765,3.012,63.961
Ov79_rep1_Dep6_Tu50,4.959,10.286,5.990,4.704,12.634,6.864,0.000,2.760,0.458,11.758,9.459,2.114,28.013
Ov79_rep7_Dep6_Tu50,4.983,10.506,6.558,4.022,12.296,6.987,0.008,4.138,0.000,10.843,9.702,2.162,27.795
Ov79_rep4_Dep6_Tu50,5.736,9.536,6.304,4.174,12.960,6.918,0.000,2.778,0.000,9.998,12.007,2.256,27.332
Ov79_rep2_Dep6_Tu3,0.000,3.163,1.028,0.000,1.189,0.970,2.650,2.735,0.565,10.558,11.712,2.793,62.637
Ov79_rep7_Dep6_Tu1,0.000,2.164,0.498,0.000,1.613,0.546,2.392,1.935,2.226,10.730,11.016,2.392,64.487
Ov79_rep9_Dep6_Tu5,0.449,3.286,1.696,0.000,3.114,1.464,2.343,3.796,0.934,9.048,11.938,2.007,59.925
Ov79_rep3_Dep6_Tu1,0.000,2.129,0.882,0.000,2.430,0.962,2.250,0.000,4.729,9.007,11.327,2.652,63.633
Ov79_rep5_Dep6_Tu3,0.000,2.593,0.727,0.000,1.535,0.505,1.935,2.564,0.140,11.567,10.183,3.201,65.049
Ov79_rep10_Dep6_Tu0.3,0.103,2.135,0.368,0.000,1.383,0.503,2.205,2.498,1.687,11.217,10.421,2.852,64.627
Ov79_rep8_Dep6_Tu2,0.039,2.734,1.079,0.000,2.540,1.020,1.981,0.594,2.513,10.872,10.734,3.336,62.558
Ov79_rep1_Dep6_Tu0.5,0.000,3.737,0.506,0.000,0.681,0.183,1.962,1.285,2.133,11.946,11.859,1.962,63.747
Ov79_rep3_Dep6_Tu0.3,0.000,4.324,0.362,0.000,1.076,0.279,2.121,0.000,4.112,10.233,10.624,2.370,64.498
Ov79_rep8_Dep6_Tu50,5.535,9.026,6.596,4.508,12.643,6.912,0.000,2.209,2.105,7.666,12.342,2.290,28.167
Ov79_rep9_Dep6_Tu0.3,0.000,2.642,0.569,0.000,0.926,0.543,2.747,2.011,0.702,10.947,11.592,2.828,64.493
Ov79_rep7_Dep6_Tu2,0.499,2.877,0.808,0.000,1.887,0.952,2.310,0.000,3.505,11.727,9.826,2.108,63.502
Ov79_rep7_Dep6_Tu30,2.990,7.476,3.832,2.516,8.300,4.635,1.200,2.888,0.000,10.290,9.308,2.982,43.583
Ov79_rep5_Dep6_Tu50,5.116,11.374,6.114,3.315,12.786,7.080,0.000,0.929,0.303,10.787,10.915,2.809,28.473
Ov79_rep6_Dep6_Tu0.5,0.000,3.516,0.461,0.000,1.779,0.334,2.649,0.049,5.019,10.699,9.557,2.280,63.656
Ov79_rep2_Dep6_Tu2,0.353,3.496,0.658,0.000,2.609,0.840,2.422,0.128,3.032,11.014,11.212,1.924,62.312
Ov79_rep3_Dep6_Tu30,3.303,4.497,4.974,1.370,8.976,4.490,1.236,0.000,1.661,12.823,13.083,1.476,42.112
Ov79_rep9_Dep6_Tu3,0.000,2.503,0.694,0.000,1.505,0.171,2.302,2.140,3.023,10.485,10.654,2.543,63.980
Ov79_rep10_Dep6_Tu2,0.000,3.309,0.926,0.000,1.463,0.386,2.034,0.807,2.183,11.022,10.868,2.678,64.325
Ov79_rep10_Dep6_Tu1,0.043,3.829,0.426,0.000,1.877,0.309,2.130,0.460,4.660,9.801,10.187,2.205,64.071
Ov79_rep6_Dep6_Tu5,0.839,2.927,1.445,0.000,2.643,1.435,2.161,1.171,3.383,11.279,9.798,2.189,60.730
Ov79_rep2_Dep6_Tu0.3,0.245,3.328,0.515,0.000,1.610,0.339,2.429,3.584,0.230,10.254,9.078,2.786,65.604
Ov79_rep4_Dep6_Tu20,1.985,6.819,2.432,0.818,6.249,3.258,1.387,3.484,0.133,9.786,8.506,3.982,51.159
Ov79_rep1_Dep6_Tu0.1,0.000,2.322,0.530,0.000,1.573,0.545,2.221,0.577,3.164,10.858,10.689,2.507,65.015
Ov79_rep4_Dep6_Tu10,0.798,5.075,1.808,0.000,4.152,2.017,1.790,0.179,2.932,10.776,13.022,1.368,56.083
Ov79_rep4_Dep6_Tu30,2.686,6.900,4.390,2.148,8.976,4.198,0.726,4.514,0.000,10.533,9.666,2.576,42.688
Ov79_rep5_Dep6_Tu10,0.344,3.367,2.159,0.573,4.222,1.408,1.527,3.968,0.000,12.396,11.529,2.272,56.236
Ov79_rep7_Dep6_Tu3,0.255,3.947,0.465,0.000,1.333,1.060,2.347,1.831,3.320,8.759,11.080,2.093,63.509
Ov79_rep9_Dep6_Tu50,5.780,11.443,6.197,2.668,11.810,7.678,0.000,2.019,2.495,10.314,10.303,1.394,27.900
Ov79_rep10_Dep6_Tu0.5,0.000,3.389,0.472,0.000,2.224,0.543,2.751,0.000,2.607,12.492,10.031,2.458,63.033
Ov79_rep7_Dep6_Tu40,4.154,9.323,5.638,2.942,10.793,5.823,0.066,3.059,0.000,11.511,10.075,2.453,34.162
Ov79_rep7_Dep6_Tu0.1,0.000,2.219,0.573,0.000,2.175,0.684,2.373,3.203,0.747,10.002,11.743,2.143,64.138
Ov79_rep9_Dep6_Tu0.1,0.000,3.469,0.717,0.000,1.878,0.714,2.268,0.000,5.471,8.763,10.946,2.239,63.535
Ov79_rep1_Dep6_Tu5,0.553,3.420,1.064,0.000,3.094,1.475,2.363,3.164,1.767,10.352,9.828,2.616,60.305
Ov79_rep9_Dep6_Tu30,3.094,7.698,4.208,1.581,8.540,4.325,0.431,2.006,0.000,11.163,11.877,3.486,41.589
Ov79_rep2_Dep6_Tu0.1,0.000,2.909,0.558,0.000,2.741,0.565,1.915,0.030,4.236,10.417,9.998,2.406,64.226
Ov79_rep7_Dep6_Tu20,1.804,5.293,3.168,0.259,6.477,3.901,1.132,4.008,1.107,10.425,11.916,1.449,49.061
Ov79_rep7_Dep6_Tu5,0.606,2.931,1.874,0.000,2.920,1.275,2.379,3.198,0.000,10.467,11.078,2.628,60.644
Ov79_rep2_Dep6_Tu10,0.916,4.713,2.446,0.000,3.468,1.912,1.779,3.313,1.625,10.224,9.806,1.753,58.044
Ov79_rep8_Dep6_Tu0.1,0.000,3.260,0.733,0.000,1.752,0.650,2.302,2.626,2.858,9.101,10.079,2.826,63.813
Ov79_rep8_Dep6_Tu5,1.197,4.565,0.650,0.000,2.990,1.185,1.708,3.160,3.232,8.612,8.382,2.449,61.868
Ov79_rep1_Dep6_Tu10,1.016,5.766,1.665,0.000,4.079,2.200,2.067,1.537,4.172,8.424,9.800,1.596,57.678
Ov79_rep1_Dep6_Tu1,0.117,2.903,0.603,0.000,1.481,0.565,2.435,0.000,5.343,10.333,10.384,2.657,63.178
Ov79_rep10_Dep6_Tu10,0.854,5.230,1.941,0.000,4.249,1.812,2.131,2.690,0.380,10.926,10.259,2.456,57.071
Ov79_rep2_Dep6_Tu50,5.681,8.034,6.376,4.385,12.144,6.991,0.000,2.665,0.000,11.614,10.956,2.191,28.963
Ov79_rep3_Dep6_Tu20,1.844,4.547,3.406,0.160,5.938,3.543,1.349,4.579,0.282,10.832,11.555,2.314,49.652
Ov79_rep3_Dep6_Tu0.1,0.000,3.127,0.461,0.000,2.288,0.649,1.526,2.827,1.410,8.348,12.779,3.456,63.129
Ov79_rep10_Dep6_Tu3,0.542,2.620,0.309,0.000,2.025,0.706,2.254,0.874,3.385,10.822,9.509,1.946,65.008
Ov79_rep5_Dep6_Tu2,0.000,3.827,0.907,0.000,2.071,0.886,1.877,0.000,5.373,9.303,10.161,1.906,63.689
Ov79_rep10_Dep6_Tu0.1,0.000,2.493,0.312,0.000,2.188,0.567,2.052,1.089,4.633,10.177,10.169,2.260,64.059
Ov79_rep6_Dep6_Tu3,0.479,2.811,0.053,0.000,2.068,0.679,2.206,1.214,3.137,9.786,10.079,2.373,65.115
Ov79_rep4_Dep6_Tu0.3,0.000,3.253,0.770,0.000,1.675,0.593,2.665,0.000,2.982,11.999,9.836,1.844,64.384
Ov79_rep4_Dep6_Tu3,0.000,2.655,0.833,0.000,1.966,0.885,2.130,2.298,2.425,9.693,11.537,2.150,63.427
Ov79_rep3_Dep6_Tu10,1.368,4.373,1.658,0.000,3.914,1.909,1.680,3.595,0.000,10.588,10.973,2.867,57.074
Ov79_rep3_Dep6_Tu5,0.000,4.318,0.973,0.000,3.203,1.125,2.153,2.060,1.891,11.016,7.153,3.280,62.828
Ov79_rep7_Dep6_Tu0.3,0.000,3.350,0.536,0.000,1.536,0.675,2.059,0.037,2.363,11.382,11.143,2.296,64.622
Ov79_rep8_Dep6_Tu3,0.094,4.099,0.273,0.000,1.542,0.225,2.169,0.455,4.208,9.900,10.207,2.254,64.573
Ov79_rep1_Dep6_Tu20,1.922,5.810,2.762,0.797,6.972,3.259,0.657,2.796,4.057,10.423,9.317,1.192,50.036
Ov79_rep5_Dep6_Tu0.5,0.367,1.865,0.474,0.000,1.588,0.826,2.683,2.887,0.367,10.937,9.404,2.713,65.890
Ov79_rep7_Dep6_Tu10,0.787,3.837,1.580,0.000,4.186,2.553,2.012,5.060,0.641,9.974,10.378,2.191,56.799
Ov79_rep8_Dep6_Tu0.5,0.000,4.492,0.385,0.000,1.132,0.268,2.208,0.000,3.905,10.487,10.508,2.323,64.292
Ov79_rep4_Dep6_Tu0.5,0.131,2.310,0.697,0.000,1.546,0.901,2.821,1.098,3.392,11.217,8.875,2.163,64.850
Ov79_rep2_Dep6_Tu40,4.017,7.943,5.391,3.889,11.029,5.356,0.000,1.482,3.060,9.474,10.062,3.271,35.026
Ov79_rep9_Dep6_Tu10,1.785,3.994,1.649,0.200,4.616,2.118,2.082,1.492,0.000,10.319,11.450,3.671,56.623
Ov79_rep3_Dep6_Tu50,5.505,9.652,6.544,4.000,12.197,6.980,0.000,3.725,0.000,12.180,8.954,1.607,28.658
Ov79_rep10_Dep6_Tu50,4.921,9.380,5.902,4.906,12.728,6.586,0.000,1.089,0.000,13.567,10.676,2.294,27.949
Ov79_rep1_Dep6_Tu30,3.509,8.329,3.524,2.507,7.988,4.822,0.750,2.274,0.000,11.134,10.662,2.636,41.864
Ov79_rep8_Dep6_Tu20,1.765,6.758,2.611,0.624,6.063,3.388,1.287,0.000,4.034,10.400,10.578,2.662,49.830
Ov79_rep6_Dep6_Tu40,4.838,6.370,6.178,2.544,10.823,5.678,0.442,1.212,0.000,12.861,13.036,2.583,33.434
Ov79_rep6_Dep6_Tu20,1.596,7.439,2.265,0.440,5.241,3.368,0.807,2.468,5.988,10.271,9.631,1.063,49.421
Ov79_rep10_Dep6_Tu30,3.521,7.308,4.544,0.665,8.228,4.650,0.558,3.204,1.690,9.922,11.276,1.894,42.542
Ov79_rep4_Dep6_Tu0.1,0.053,2.783,0.606,0.000,0.789,0.335,2.276,3.296,0.127,11.321,10.837,2.886,64.692
Ov79_rep5_Dep6_Tu20,2.304,5.436,3.379,0.332,6.696,3.724,1.036,0.575,3.591,10.442,10.694,2.856,48.934
Ov79_rep2_Dep6_Tu30,2.723,6.899,4.372,2.055,8.169,4.798,1.199,1.463,0.000,10.909,10.622,2.721,44.071
Ov79_rep5_Dep6_Tu40,3.988,7.791,4.890,3.589,10.917,5.319,0.000,4.732,4.233,8.718,9.472,1.655,34.695
Ov79_rep8_Dep6_Tu0.3,0.000,2.652,0.646,0.000,0.959,0.555,2.796,2.108,0.751,10.720,11.426,2.916,64.471
Ov79_rep4_Dep6_Tu40,3.827,8.353,5.157,3.746,10.065,5.375,0.108,3.739,0.000,11.674,11.471,1.961,34.524
Ov79_rep3_Dep6_Tu0.5,0.000,2.100,0.669,0.000,1.093,0.293,2.081,1.330,5.387,10.413,12.009,1.961,62.663
Ov79_rep6_Dep6_Tu10,0.688,4.701,2.143,0.000,4.525,2.400,1.550,0.000,5.177,9.262,9.973,2.124,57.457
Ov79_rep8_Dep6_Tu1,0.106,2.459,0.403,0.000,2.323,0.808,2.448,2.483,1.416,9.461,11.364,2.601,64.129
Ov79_rep9_Dep6_Tu2,0.000,3.055,0.520,0.000,2.393,0.854,2.688,2.840,0.000,11.178,10.645,2.700,63.127
Ov79_rep6_Dep6_Tu0.1,0.078,2.702,0.427,0.000,1.790,0.692,2.300,0.000,4.537,10.858,10.908,1.745,63.964
Ov79_rep5_Dep6_Tu0.1,0.000,2.417,0.611,0.000,1.205,0.353,2.424,2.425,0.341,12.830,10.358,2.644,64.392
Ov79_rep10_Dep6_Tu20,1.942,6.326,3.023,0.703,5.897,3.798,1.145,3.607,1.814,9.526,11.203,2.866,48.151
Ov79_rep5_Dep6_Tu0.3,0.000,1.851,0.904,0.000,1.314,0.998,2.656,2.348,4.987,8.744,10.800,1.823,63.573
Ov79_rep10_Dep6_Tu5,0.783,3.514,1.217,0.000,3.048,1.159,1.763,2.150,2.102,11.560,9.896,1.785,61.021
Ov79_rep5_Dep6_Tu5,0.055,4.868,0.908,0.000,2.354,1.133,1.860,5.421,0.874,9.345,9.501,2.486,61.194
Ov79_rep1_Dep6_Tu40,3.674,9.121,5.044,3.238,9.886,5.559,0.000,4.754,1.609,10.551,10.123,1.777,34.665
Ov79_rep8_Dep6_Tu40,4.493,9.097,4.660,3.622,10.778,5.936,0.255,3.813,0.000,10.454,9.621,2.567,34.703
Ov79_rep6_Dep6_Tu50,4.518,7.996,7.315,4.248,12.959,7.257,0.000,0.102,4.456,10.932,11.037,0.993,28.187
Ov79_rep2_Dep6_Tu20,2.153,6.779,2.763,0.126,6.159,3.379,1.158,0.000,5.655,11.150,10.944,0.581,49.153
Ov79_rep1_Dep6_Tu0.3,0.000,2.528,0.765,0.000,1.520,0.760,2.436,0.740,3.613,9.862,11.404,2.567,63.805
Ov79_rep6_Dep6_Tu1,0.000,3.836,0.515,0.000,1.754,0.345,2.317,0.535,1.954,11.813,11.153,1.930,63.848
Ov79_rep8_Dep6_Tu10,1.148,3.799,2.177,0.474,3.314,1.864,1.691,1.425,6.261,9.259,9.841,1.702,57.046
Ov79_rep9_Dep6_Tu20,2.726,6.476,2.856,1.032,5.806,3.139,1.185,0.852,2.086,10.745,10.954,2.386,49.757
Ov79_rep6_Dep6_Tu2,0.000,3.600,0.510,0.000,2.434,0.915,2.034,1.466,3.987,9.952,10.312,1.989,62.802
Ov79_rep10_Dep6_Tu40,4.268,9.272,5.040,3.513,10.784,5.409,0.128,0.027,6.276,10.193,8.636,1.592,34.862
Ov79_rep4_Dep6_Tu1,0.165,3.953,0.410,0.000,2.135,0.837,2.801,0.000,3.709,9.339,9.913,2.779,63.959
Ov79_rep1_Dep6_Tu2,0.299,2.300,0.823,0.000,2.397,0.930,2.263,0.462,2.861,12.665,9.490,2.538,62.972
Ov79_rep3_Dep6_Tu2,0.133,3.576,0.879,0.000,2.414,0.970,2.493,0.000,4.134,9.678,11.431,2.290,62.000
Ov79_rep4_Dep6_Tu2,0.007,3.863,0.450,0.000,3.183,1.265,2.216,0.682,5.225,8.359,8.970,2.241,63.540
Ov79_rep9_Dep6_Tu40,4.184,9.458,4.355,3.902,10.986,5.578,0.097,4.910,0.000,7.794,10.775,2.414,35.548
Ov79_rep4_Dep6_Tu5,0.835,2.976,1.073,0.000,2.904,1.688,2.555,2.313,2.776,10.218,10.592,2.077,59.995
Ov79_rep2_Dep6_Tu0.5,0.000,3.641,0.206,0.000,2.021,0.456,2.129,1.172,1.599,9.960,12.487,2.552,63.776
Ov79_rep5_Dep6_Tu30,3.177,7.770,4.238,1.773,7.719,4.414,1.135,3.990,1.023,10.753,11.154,2.359,40.495
Ov79_rep3_Dep6_Tu40,4.665,7.727,5.357,2.726,10.549,6.435,0.426,3.131,0.098,9.852,10.395,2.993,35.647
Ov79_rep6_Dep6_Tu30,2.438,6.996,4.378,2.359,7.924,4.166,0.000,4.813,1.952,9.743,10.811,1.543,42.876
Ov79_rep2_Dep6_Tu1,0.300,2.806,0.379,0.000,1.453,0.821,2.375,3.231,0.156,10.813,13.377,2.211,62.077
Ov79_rep3_Dep6_Tu3,0.070,3.727,0.242,0.000,1.114,0.683,2.901,2.885,1.210,10.807,9.473,2.563,64.324
Ov79_rep9_Dep6_Tu0.5,0.000,1.923,0.639,0.000,1.821,1.050,2.224,4.401,1.019,9.525,11.768,2.266,63.363
Ov79_rep9_Dep6_Tu1,0.077,1.689,0.819,0.000,2.222,0.669,2.167,0.462,2.474,12.878,11.030,2.447,63.066
Ov79_rep5_Dep6_Tu1,0.000,2.744,1.215,0.000,1.680,0.724,2.110,3.732,1.353,9.374,12.473,1.970,62.625
Ov79_rep7_Dep6_Tu0.5,0.009,4.037,0.000,0.000,1.251,0.549,2.144,1.513,4.427,9.530,9.094,2.136,65.309
Ov9433_rep10_Dep6_Tu5,0.622,3.467,0.984,0.000,3.109,0.947,2.667,1.187,1.916,11.323,8.787,1.843,63.150
Ov9433_rep6_Dep6_Tu20,0.672,5.698,1.133,2.081,5.133,1.945,2.353,0.230,7.702,8.461,8.287,0.948,55.358
Ov9433_rep8_Dep6_Tu5,0.777,4.254,0.397,0.000,2.537,1.010,2.448,2.568,2.989,8.784,8.316,2.337,63.584
Ov9433_rep2_Dep6_Tu5,0.476,3.506,0.784,0.000,3.070,0.789,2.546,2.822,0.131,10.617,8.647,3.014,63.598
Ov9433_rep5_Dep6_Tu0.5,0.436,1.864,0.353,0.000,1.599,0.796,2.753,2.813,0.197,11.001,9.425,2.704,66.059
Ov9433_rep5_Dep6_Tu5,0.000,3.956,0.642,0.000,2.446,1.076,2.645,4.841,1.264,8.509,8.784,2.351,63.486
Ov9433_rep8_Dep6_Tu30,1.671,5.085,2.336,4.825,7.861,1.995,3.211,1.503,0.000,10.982,7.321,2.429,50.781
Ov9433_rep6_Dep6_Tu0.3,0.000,2.059,0.535,0.000,1.112,0.231,2.186,1.134,5.435,10.627,11.812,1.998,62.870
Ov9433_rep1_Dep6_Tu0.3,0.000,2.508,0.787,0.000,1.493,0.780,2.469,1.023,3.320,9.826,11.249,2.653,63.893
Ov9433_rep2_Dep6_Tu10,0.167,4.035,1.546,0.058,3.148,1.430,2.568,3.218,0.976,10.104,9.832,2.131,60.787
Ov9433_rep4_Dep6_Tu20,0.789,5.514,0.998,3.188,6.122,1.402,2.990,2.073,0.955,8.059,7.900,3.211,56.798
Ov9433_rep3_Dep6_Tu10,0.715,3.265,1.286,0.531,3.495,1.343,2.210,3.444,0.667,10.095,10.592,2.487,59.872
Ov9433_rep4_Dep6_Tu0.3,0.000,3.306,0.669,0.000,1.692,0.582,2.661,0.000,2.916,11.970,9.959,1.851,64.393
Ov9433_rep9_Dep6_Tu0.1,0.000,3.588,0.653,0.000,1.938,0.707,2.270,0.000,5.341,8.657,10.850,2.289,63.707
Ov9433_rep10_Dep6_Tu0.5,0.000,3.280,0.450,0.000,2.346,0.470,2.740,0.000,2.299,12.521,10.242,2.599,63.053
Ov9433_rep6_Dep6_Tu30,1.604,4.754,2.842,4.759,7.306,2.342,2.560,5.096,0.000,7.620,8.849,1.630,50.637
Ov9433_rep1_Dep6_Tu2,0.175,2.358,0.566,0.000,2.177,0.733,2.474,0.330,2.568,13.057,9.244,2.686,63.632
Ov9433_rep1_Dep6_Tu5,0.310,3.492,0.576,0.000,2.871,1.013,2.940,2.065,2.305,9.935,9.228,2.773,62.493
Ov9433_rep5_Dep6_Tu1,0.000,2.521,1.184,0.000,1.616,0.712,2.294,2.971,1.843,9.530,12.565,1.928,62.836
Ov9433_rep9_Dep6_Tu5,0.215,1.666,1.743,0.000,2.948,1.283,2.256,3.544,1.810,9.071,12.200,1.993,61.271
Ov9433_rep9_Dep6_Tu0.3,0.000,2.539,0.644,0.000,0.925,0.554,2.762,2.011,0.924,10.635,11.529,2.808,64.669
Ov9433_rep4_Dep6_Tu10,0.689,4.052,0.781,0.462,4.120,1.471,2.438,0.000,1.067,10.775,12.140,2.158,59.846
Ov9433_rep1_Dep6_Tu3,0.457,3.721,0.715,0.000,1.862,0.765,2.670,1.451,1.485,9.580,11.658,2.740,62.895
Ov9433_rep4_Dep6_Tu50,2.934,5.246,3.960,10.837,13.310,2.782,3.231,2.477,0.000,6.550,7.365,1.466,39.840
Ov9433_rep9_Dep6_Tu30,1.051,4.840,2.749,5.546,8.274,1.789,1.987,1.904,0.000,9.472,8.550,2.216,51.622
Ov9433_rep4_Dep6_Tu2,0.000,3.491,0.507,0.000,3.295,1.170,2.414,1.050,3.721,8.343,9.119,2.537,64.353
Ov9433_rep7_Dep6_Tu3,0.303,4.104,0.728,0.000,1.954,1.247,2.483,1.218,3.724,8.683,10.963,1.917,62.676
Ov9433_rep8_Dep6_Tu1,0.188,2.521,0.332,0.000,2.363,0.842,2.553,2.231,1.811,9.209,10.771,2.639,64.539
Ov9433_rep2_Dep6_Tu30,1.495,4.591,1.896,5.881,7.693,1.774,2.343,2.209,0.000,9.312,8.274,2.407,52.123
Ov9433_rep7_Dep6_Tu1,0.000,2.309,0.260,0.000,1.470,0.512,2.415,1.802,2.748,10.497,10.974,2.335,64.677
Ov9433_rep6_Dep6_Tu3,0.484,2.665,0.279,0.000,2.648,1.152,2.247,2.110,2.648,9.650,9.887,2.369,63.862
Ov9433_rep8_Dep6_Tu0.3,0.000,2.684,0.539,0.000,0.989,0.564,2.749,1.923,0.851,10.788,11.522,2.824,64.567
Ov9433_rep5_Dep6_Tu3,0.000,3.336,0.735,0.000,2.047,0.677,2.017,2.094,0.036,11.541,10.143,3.256,64.117
Ov9433_rep4_Dep6_Tu0.1,0.057,2.811,0.617,0.000,0.775,0.355,2.248,3.389,0.024,11.091,10.940,2.973,64.721
Ov9433_rep2_Dep6_Tu40,1.626,6.165,3.452,8.078,10.322,1.824,2.317,0.000,2.011,8.539,7.497,2.016,46.154
Ov9433_rep2_Dep6_Tu20,0.692,4.765,1.281,2.433,5.667,1.453,2.643,0.000,3.606,10.922,8.397,2.067,56.073
Ov9433_rep10_Dep6_Tu3,0.769,2.654,0.585,0.000,2.589,1.011,2.341,1.108,2.734,10.734,9.646,2.032,63.795
Ov9433_rep4_Dep6_Tu3,0.109,2.689,0.947,0.000,2.508,1.122,2.556,1.738,2.856,9.581,11.230,2.185,62.478
Ov9433_rep2_Dep6_Tu3,0.247,3.297,1.084,0.000,1.772,1.244,2.759,3.435,0.385,10.049,11.465,2.534,61.729
Ov9433_rep3_Dep6_Tu50,3.920,8.049,3.260,10.536,12.133,2.910,2.456,0.000,0.000,8.458,7.276,0.831,40.172
Ov9433_rep6_Dep6_Tu2,0.108,3.526,0.448,0.000,2.308,0.779,2.267,2.101,3.875,8.936,10.184,1.958,63.510
Ov9433_rep1_Dep6_Tu30,1.641,5.066,2.547,5.522,7.114,1.891,2.573,1.477,0.824,9.814,7.937,2.005,51.589
Ov9433_rep9_Dep6_Tu40,1.886,5.379,3.167,8.119,10.404,2.746,2.387,1.137,2.217,7.132,6.528,2.006,46.893
Ov9433_rep8_Dep6_Tu0.1,0.054,3.167,0.739,0.000,1.697,0.641,2.303,2.842,2.882,9.067,9.956,2.765,63.887
Ov9433_rep7_Dep6_Tu0.5,0.000,4.108,0.017,0.000,1.234,0.561,2.408,1.264,4.294,9.571,9.039,2.213,65.291
Ov9433_rep7_Dep6_Tu0.1,0.000,2.191,0.581,0.000,2.124,0.684,2.388,3.083,0.842,9.984,11.597,2.148,64.378
Ov9433_rep9_Dep6_Tu2,0.000,3.116,0.332,0.000,2.241,0.697,2.819,1.943,0.340,11.335,10.845,2.601,63.729
Ov9433_rep3_Dep6_Tu2,0.042,3.119,0.719,0.000,2.417,0.828,2.784,0.000,3.755,9.914,11.217,2.440,62.765
Ov9433_rep4_Dep6_Tu40,2.333,6.015,2.113,7.042,10.562,2.087,3.022,1.031,0.438,10.555,8.275,1.044,45.484
Ov9433_rep9_Dep6_Tu10,0.415,2.901,1.257,1.843,3.749,0.877,2.492,2.296,0.000,10.654,11.505,2.573,59.438
Ov9433_rep9_Dep6_Tu50,3.423,6.519,3.428,10.010,12.904,3.226,2.790,2.409,0.000,8.182,4.248,1.049,41.812
Ov9433_rep2_Dep6_Tu1,0.070,2.894,0.254,0.000,1.245,0.651,2.522,2.992,0.423,10.878,13.375,2.128,62.567
Ov9433_rep8_Dep6_Tu3,0.000,4.387,0.449,0.000,1.981,0.510,2.214,1.104,3.692,9.808,10.028,2.139,63.687
Ov9433_rep3_Dep6_Tu40,2.455,4.132,3.525,7.440,10.478,2.906,2.379,3.760,0.000,7.319,7.803,2.624,45.177
Ov9433_rep6_Dep6_Tu40,2.865,4.854,3.304,7.442,10.599,2.393,1.911,0.000,0.554,9.848,10.808,1.431,43.989
Ov9433_rep6_Dep6_Tu50,2.613,4.759,4.144,10.395,12.534,3.143,2.617,0.752,1.515,9.422,6.649,0.332,41.124
Ov9433_rep5_Dep6_Tu2,0.000,3.594,0.843,0.000,1.864,0.815,2.019,0.044,5.413,9.376,9.727,1.905,64.399
Ov9433_rep9_Dep6_Tu3,0.000,2.812,0.863,0.000,2.217,0.321,2.289,2.485,3.176,10.312,10.451,2.333,62.742
Ov9433_rep10_Dep6_Tu40,1.988,6.380,2.459,7.771,11.129,1.763,2.291,0.000,3.419,9.373,6.615,1.850,44.963
Ov9433_rep1_Dep6_Tu50,2.103,5.478,3.148,11.390,12.962,2.712,3.459,3.410,0.000,8.421,5.737,0.896,40.285
Ov9433_rep6_Dep6_Tu5,0.531,3.130,0.674,0.000,2.747,0.925,2.476,0.000,4.221,11.548,9.372,2.385,61.991
Ov9433_rep2_Dep6_Tu2,0.495,3.812,0.640,0.000,2.395,0.647,2.500,0.000,2.236,11.277,10.586,2.029,63.383
Ov9433_rep9_Dep6_Tu0.5,0.000,1.779,0.691,0.000,1.846,0.980,2.176,4.686,0.684,9.578,11.615,2.302,63.661
Ov9433_rep3_Dep6_Tu5,0.178,3.292,0.849,0.406,3.082,0.757,2.678,0.000,3.604,9.891,8.149,3.153,63.962
Ov9433_rep4_Dep6_Tu1,0.034,3.712,0.352,0.000,2.145,0.715,2.736,0.000,3.779,9.598,9.775,2.739,64.417
Ov9433_rep3_Dep6_Tu1,0.000,1.649,0.765,0.000,2.594,0.823,2.323,0.000,4.893,9.334,11.062,2.354,64.203
Ov9433_rep1_Dep6_Tu0.5,0.000,3.652,0.503,0.000,0.732,0.162,1.919,1.510,2.433,11.619,11.361,1.915,64.192
Ov9433_rep5_Dep6_Tu0.1,0.000,2.432,0.596,0.000,1.205,0.319,2.408,2.481,0.218,12.892,10.336,2.629,64.482
Ov9433_rep7_Dep6_Tu0.3,0.000,3.430,0.516,0.000,1.504,0.649,2.099,0.258,2.089,11.277,11.146,2.329,64.703
Ov9433_rep1_Dep6_Tu40,2.065,4.945,2.422,8.818,9.973,2.264,1.889,3.232,2.686,8.656,5.817,0.902,46.330
Ov9433_rep8_Dep6_Tu2,0.000,2.799,0.659,0.000,2.450,0.820,2.361,0.344,2.666,10.859,10.324,3.247,63.471
Ov9433_rep2_Dep6_Tu0.3,0.222,3.208,0.449,0.000,1.597,0.386,2.442,3.520,0.392,10.240,8.959,2.796,65.791
Ov9433_rep7_Dep6_Tu20,1.303,3.258,1.514,2.570,6.218,2.110,2.841,3.551,0.000,9.242,10.133,1.899,55.361
Ov9433_rep6_Dep6_Tu0.5,0.000,3.484,0.434,0.000,1.772,0.297,2.591,0.000,4.977,10.760,9.488,2.368,63.830
Ov9433_rep8_Dep6_Tu40,2.248,5.467,2.875,7.778,10.331,2.421,2.642,2.423,0.000,8.133,8.487,1.551,45.645
Ov9433_rep10_Dep6_Tu30,2.420,4.593,2.112,4.594,8.106,1.972,2.510,0.637,1.640,8.943,8.570,2.081,51.821
Ov9433_rep7_Dep6_Tu50,2.586,6.036,3.976,10.674,12.980,2.934,3.466,2.557,0.000,8.149,5.727,1.795,39.120
Ov9433_rep1_Dep6_Tu1,0.000,2.980,0.560,0.000,1.444,0.474,2.535,0.044,5.615,9.677,10.641,2.597,63.433
Ov9433_rep2_Dep6_Tu0.5,0.000,3.578,0.141,0.000,1.940,0.482,2.275,1.381,1.224,10.004,12.437,2.612,63.926
Ov9433_rep1_Dep6_Tu10,0.613,4.328,0.686,1.151,3.902,1.138,2.901,0.271,4.740,8.278,9.375,1.645,60.972
Ov9433_rep5_Dep6_Tu0.3,0.000,1.866,0.946,0.000,1.291,0.942,2.697,2.251,4.819,8.868,10.751,1.836,63.732
Ov9433_rep7_Dep6_Tu40,1.645,6.865,2.313,7.987,11.170,2.280,2.294,1.499,0.000,10.108,7.774,1.891,44.175
Ov9433_rep8_Dep6_Tu50,3.321,5.900,4.009,11.489,12.597,2.694,3.279,0.000,0.000,7.109,7.502,1.903,40.197
Ov9433_rep5_Dep6_Tu50,2.947,7.698,3.484,9.926,13.266,2.770,2.210,0.000,0.951,9.003,5.771,1.648,40.326
Ov9433_rep4_Dep6_Tu5,0.149,2.665,0.924,0.041,2.849,1.557,2.904,2.455,2.043,9.565,10.746,2.269,61.833
Ov9433_rep3_Dep6_Tu3,0.335,4.081,0.235,0.000,1.464,0.922,2.884,2.934,1.190,10.969,9.350,2.438,63.197
Ov9433_rep8_Dep6_Tu0.5,0.000,4.695,0.368,0.000,1.136,0.223,2.167,0.000,3.798,10.313,10.323,2.364,64.614
Ov9433_rep9_Dep6_Tu20,1.289,5.370,0.970,2.945,6.299,1.341,2.238,0.000,2.308,10.012,9.243,2.629,55.356
Ov9433_rep10_Dep6_Tu0.3,0.146,2.080,0.348,0.000,1.393,0.490,2.219,2.447,1.821,11.006,10.376,2.871,64.803
Ov9433_rep5_Dep6_Tu40,2.375,4.265,3.206,8.341,10.474,2.430,3.543,2.792,0.502,6.793,7.281,2.308,45.689
Ov9433_rep2_Dep6_Tu50,2.603,7.075,4.012,10.302,12.485,2.631,2.350,1.154,0.000,9.540,6.255,0.969,40.625
Ov9433_rep1_Dep6_Tu20,0.617,4.416,1.819,2.301,5.660,1.956,2.041,0.461,5.594,8.182,8.146,1.660,57.149
Ov9433_rep3_Dep6_Tu0.1,0.000,3.112,0.439,0.000,2.328,0.660,1.516,2.807,1.442,8.340,12.711,3.493,63.152
Ov9433_rep5_Dep6_Tu20,0.385,4.896,1.931,2.948,6.075,1.417,2.613,0.000,3.646,9.752,7.856,2.725,55.756
Ov9433_rep3_Dep6_Tu30,1.558,3.979,2.301,4.427,8.074,1.827,3.120,0.000,1.881,11.484,9.594,0.942,50.812
Ov9433_rep6_Dep6_Tu0.1,0.064,2.732,0.402,0.000,1.809,0.703,2.286,0.000,4.501,10.867,10.872,1.773,63.990
Ov9433_rep5_Dep6_Tu30,2.280,4.701,1.750,5.341,7.896,1.704,3.639,3.180,0.000,9.448,8.732,2.070,49.258
Ov9433_rep3_Dep6_Tu0.3,0.000,4.572,0.371,0.000,1.063,0.230,2.152,0.000,3.727,10.215,10.461,2.490,64.720
Ov9433_rep9_Dep6_Tu1,0.194,1.973,0.688,0.000,1.898,0.546,2.253,0.625,2.403,12.725,11.061,2.262,63.372
Ov9433_rep6_Dep6_Tu1,0.000,3.376,0.508,0.000,1.763,0.266,2.207,0.617,2.530,11.257,11.263,1.722,64.489
Ov9433_rep10_Dep6_Tu1,0.059,3.891,0.314,0.000,1.685,0.261,2.262,0.303,4.738,9.830,10.058,2.177,64.422
Ov9433_rep7_Dep6_Tu5,0.333,3.405,1.089,0.000,2.168,1.083,2.570,3.955,0.000,9.950,10.993,2.904,61.551
Ov9433_rep3_Dep6_Tu0.5,0.000,2.179,0.574,0.000,0.993,0.209,2.101,1.344,5.435,10.395,11.909,1.908,62.952
Ov9433_rep4_Dep6_Tu30,1.077,6.164,1.289,5.268,8.452,1.543,2.710,2.607,1.640,8.658,9.192,1.324,50.077
Ov9433_rep4_Dep6_Tu0.5,0.058,2.448,0.506,0.000,1.480,0.890,2.904,0.805,3.338,11.249,8.893,2.234,65.196
Ov9433_rep3_Dep6_Tu20,1.165,2.164,2.332,2.942,5.562,1.688,2.539,2.529,0.311,9.895,9.402,2.183,57.289
Ov9433_rep6_Dep6_Tu10,0.000,4.824,0.996,0.766,3.948,1.301,2.302,0.000,3.749,9.135,9.313,2.384,61.282
Ov9433_rep5_Dep6_Tu10,0.000,3.180,1.666,1.193,3.761,1.101,2.305,3.231,0.000,11.533,11.097,1.668,59.266
Ov9433_rep8_Dep6_Tu10,0.468,4.325,1.352,0.902,3.226,1.217,2.051,2.073,4.508,7.742,9.901,2.106,60.129
Ov9433_rep7_Dep6_Tu2,0.461,2.558,0.799,0.000,1.674,0.892,2.589,0.240,3.057,11.385,9.667,2.392,64.285
Ov9433_rep10_Dep6_Tu2,0.000,3.229,0.794,0.000,1.429,0.370,2.404,0.576,2.443,10.653,10.307,2.692,65.101
Ov9433_rep7_Dep6_Tu30,1.331,4.636,2.311,4.795,7.914,2.214,2.819,4.545,0.000,7.424,7.918,1.563,52.531
Ov9433_rep1_Dep6_Tu0.1,0.000,2.294,0.541,0.000,1.530,0.522,2.234,0.560,3.174,10.832,10.685,2.489,65.140
Ov9433_rep8_Dep6_Tu20,0.000,5.182,1.358,3.012,5.266,1.317,2.589,0.762,4.918,9.461,8.073,1.242,56.820
Ov9433_rep10_Dep6_Tu0.1,0.000,2.474,0.311,0.000,2.181,0.532,2.099,1.138,4.517,10.287,10.184,2.256,64.022
Ov9433_rep7_Dep6_Tu10,0.585,3.738,1.178,0.331,3.500,1.749,2.533,4.343,0.000,8.622,11.114,2.632,59.675
Ov9433_rep10_Dep6_Tu50,2.507,8.775,3.499,10.367,13.228,2.476,2.871,0.000,0.000,8.493,7.027,0.598,40.160
Ov9433_rep2_Dep6_Tu0.1,0.000,2.960,0.581,0.000,2.579,0.579,1.940,0.004,4.266,10.406,9.950,2.402,64.332
Ov9433_rep10_Dep6_Tu10,0.430,4.247,1.170,0.358,4.043,1.202,2.916,1.132,1.831,10.465,8.649,2.485,61.073
Ov9433_rep10_Dep6_Tu20,1.089,4.049,1.548,3.402,5.957,1.876,2.782,0.874,2.510,8.849,8.753,3.235,55.078
