Sample,BRCA,CEAD,CESC,COAD,OV,READ,bcell,cd4tcell,cd8tcell,erythroblast,monocyte,naturalkillercell,neutrophil,Unknown-1,Unknown-2,Unknown-3,Unknown-4,Unknown-5,Unknown-6,Unknown-7,Unknown-8,Unknown-9,Unknown-10
Colo9345_rep1_Dep6_Tu5,0.488,5.102,1.148,0.758,4.456,1.102,3.053,1.129,2.065,5.518,6.891,1.567,14.201,11.861,1.479,1.867,1.346,9.447,1.714,10.249,8.125,1.308,5.129
Colo9345_rep8_Dep6_Tu30,0.653,0.018,3.856,0.442,7.561,2.455,1.694,2.316,3.016,4.949,1.830,1.074,7.728,3.773,8.995,1.330,5.366,18.424,3.982,5.363,9.320,4.594,1.261
Colo9345_rep5_Dep6_Tu1,0.205,2.438,0.439,0.034,9.014,0.400,1.881,0.385,2.794,8.778,12.996,3.033,11.604,18.545,2.066,0.165,0.537,21.331,0.891,0.814,1.016,0.488,0.147
Colo9345_rep5_Dep6_Tu20,3.477,2.236,3.216,10.371,3.062,2.938,2.335,2.016,3.137,2.982,3.501,0.584,3.751,3.445,7.181,0.520,3.982,4.068,10.532,8.353,3.805,13.886,0.621
Colo9345_rep7_Dep6_Tu20,3.565,6.227,2.271,6.142,4.654,3.475,1.239,1.907,0.415,3.206,3.287,2.497,2.210,3.382,7.004,0.918,6.385,4.364,11.634,5.916,7.469,2.223,9.608
Colo9345_rep6_Dep6_Tu2,0.638,2.415,0.240,0.136,9.498,0.968,1.994,3.958,3.226,1.772,13.450,2.655,5.673,31.045,2.239,0.467,0.023,9.824,0.608,6.545,1.156,0.600,0.870
Colo9345_rep10_Dep6_Tu10,0.701,1.637,1.604,0.079,3.885,1.585,1.701,1.066,2.113,7.750,9.724,2.522,17.121,11.716,1.069,1.483,0.232,12.868,0.544,11.317,7.001,0.611,1.668
Colo9345_rep1_Dep6_Tu10,0.071,1.634,4.247,0.051,4.779,3.893,5.426,1.084,3.461,3.745,2.402,3.108,7.969,10.527,6.192,1.317,4.408,0.187,5.577,9.155,11.428,3.413,5.926
Colo9345_rep3_Dep6_Tu30,5.991,1.222,3.617,4.161,0.267,3.874,1.002,2.857,0.505,1.385,3.724,1.634,1.115,0.910,3.805,6.228,9.280,3.178,7.084,3.569,9.709,12.911,11.972
Colo9345_rep6_Dep6_Tu1,0.051,1.139,0.236,0.035,7.013,0.449,2.368,0.967,1.036,5.841,8.092,2.146,30.892,2.454,1.690,0.081,0.086,31.294,0.038,1.369,2.682,0.006,0.035
Colo9345_rep2_Dep6_Tu10,2.066,0.784,2.529,1.415,4.492,3.792,1.612,0.630,1.932,6.343,2.762,2.005,7.086,11.526,0.763,0.090,3.063,7.187,5.991,10.593,11.685,3.951,7.705
Colo9345_rep6_Dep6_Tu5,1.058,2.416,0.717,3.369,6.417,2.397,3.015,2.309,0.086,6.377,2.325,1.371,7.308,18.713,2.663,0.505,6.204,12.821,2.279,9.822,6.407,0.312,1.108
Colo9345_rep5_Dep6_Tu10,1.629,6.177,2.702,1.511,2.043,0.606,1.683,2.213,1.892,5.729,8.392,1.141,8.048,4.321,0.108,4.498,2.523,8.025,1.990,5.642,19.569,4.853,4.705
Colo9345_rep5_Dep6_Tu40,4.469,3.886,0.992,14.226,0.198,2.490,1.616,2.272,1.423,1.682,1.134,0.590,0.179,0.061,7.181,14.001,6.840,0.972,7.753,0.597,5.967,20.716,0.755
Colo9345_rep1_Dep6_Tu0.1,0.025,0.504,0.216,0.001,5.469,0.196,1.265,1.472,1.765,5.981,9.228,1.481,29.594,12.295,0.008,0.009,0.002,27.571,0.007,2.847,0.056,0.002,0.005
Colo9345_rep3_Dep6_Tu10,3.007,5.183,1.033,2.891,3.882,2.037,1.989,2.362,1.473,5.152,6.150,0.232,5.894,18.540,9.608,4.709,2.173,4.557,4.945,0.608,6.128,5.080,2.368
Colo9345_rep4_Dep6_Tu2,0.212,2.052,0.400,0.043,7.305,1.585,1.505,1.265,2.748,3.773,14.876,2.342,8.032,10.680,3.658,0.121,0.342,20.049,0.543,14.712,3.089,0.058,0.612
Colo9345_rep2_Dep6_Tu20,3.396,3.771,5.895,6.312,4.180,2.670,2.388,2.086,1.248,0.408,3.682,0.793,1.887,4.459,8.974,9.013,9.246,4.919,8.868,0.895,6.121,0.008,8.783
Colo9345_rep3_Dep6_Tu50,5.882,3.947,1.325,10.224,0.037,1.579,1.565,1.005,1.850,0.974,0.347,0.517,0.246,0.067,2.500,7.088,9.830,0.535,11.925,2.045,3.017,17.052,16.444
Colo9345_rep6_Dep6_Tu0.1,0.033,1.652,0.115,0.001,7.666,0.244,1.198,2.384,1.956,5.950,11.903,2.137,9.834,37.371,0.004,0.000,0.000,13.146,0.005,4.369,0.029,0.002,0.001
Colo9345_rep3_Dep6_Tu40,6.818,2.691,2.754,8.628,0.896,0.341,2.374,2.106,1.234,1.439,0.723,1.501,0.236,0.633,2.790,10.685,10.028,1.061,2.972,2.190,8.157,14.955,14.787
Colo9345_rep6_Dep6_Tu3,1.411,2.313,1.103,0.447,11.761,2.808,2.681,0.756,0.170,5.573,10.374,1.829,8.508,35.054,3.826,0.488,0.212,4.914,1.474,1.254,1.643,0.570,0.831
Colo9345_rep9_Dep6_Tu50,0.604,3.736,1.225,7.211,4.995,4.124,2.654,0.521,1.199,6.830,6.158,2.135,0.605,3.199,12.472,2.546,0.905,2.445,10.990,5.643,10.176,2.531,7.099
Colo9345_rep1_Dep6_Tu3,0.837,0.784,0.185,0.683,8.612,2.719,3.652,2.702,3.095,3.862,0.747,1.662,17.307,12.715,7.607,0.538,2.482,12.807,1.778,13.392,0.204,0.966,0.662
Colo9345_rep6_Dep6_Tu30,4.541,1.834,3.388,8.425,0.668,2.651,1.711,1.532,3.228,2.668,0.457,0.283,1.242,1.880,7.395,16.133,11.321,0.583,15.529,5.712,5.501,0.050,3.268
Colo9345_rep1_Dep6_Tu20,1.973,2.343,6.831,5.121,2.582,4.681,1.956,1.568,3.462,0.991,1.910,0.636,1.499,2.054,17.944,8.638,10.402,2.368,5.896,7.557,0.489,1.036,8.063
Colo9345_rep4_Dep6_Tu0.5,0.208,1.336,0.971,0.001,7.715,0.188,1.378,1.064,1.061,6.230,9.234,3.367,23.283,35.246,0.443,0.000,0.000,2.908,0.001,4.970,0.390,0.004,0.002
Colo9345_rep9_Dep6_Tu10,0.022,1.762,1.522,1.277,7.428,1.989,2.203,0.437,1.609,3.744,11.120,1.637,14.907,8.702,8.011,0.930,0.234,21.232,0.274,5.574,4.131,0.471,0.786
Colo9345_rep3_Dep6_Tu1,0.600,2.388,0.745,0.004,2.126,0.046,2.107,0.808,3.156,4.087,13.373,3.662,27.488,7.750,0.273,0.029,0.084,19.571,0.031,9.188,2.388,0.088,0.007
Colo9345_rep7_Dep6_Tu0.1,0.014,0.377,0.216,0.000,3.740,0.230,1.333,1.904,2.505,6.490,12.645,1.540,27.337,14.331,0.152,0.002,0.000,26.061,0.004,0.888,0.229,0.000,0.002
Colo9345_rep4_Dep6_Tu20,3.242,1.122,6.309,1.389,1.853,3.752,3.380,1.945,2.485,1.164,2.524,3.417,1.255,4.660,12.564,0.975,2.396,0.647,3.823,4.384,12.729,1.952,22.031
Colo9345_rep7_Dep6_Tu5,0.636,1.982,0.105,2.021,6.224,0.309,3.364,3.020,2.016,6.862,2.817,1.876,19.808,18.821,10.167,6.425,0.577,5.113,1.361,1.287,0.268,1.502,3.438
Colo9345_rep10_Dep6_Tu50,4.374,7.151,0.612,9.420,0.579,0.476,2.250,2.272,2.456,2.355,0.034,0.584,8.425,1.404,9.522,3.306,3.147,6.182,14.845,11.480,0.999,2.824,5.302
Colo9345_rep2_Dep6_Tu50,5.961,0.463,2.847,11.819,0.324,2.856,0.646,1.776,1.217,1.032,0.743,0.503,0.226,0.462,5.845,19.386,2.497,0.211,7.377,0.764,3.160,17.589,12.298
Colo9345_rep10_Dep6_Tu40,0.540,2.783,5.049,4.839,1.910,3.676,3.949,3.648,3.327,1.101,4.426,1.615,2.613,13.032,0.548,0.762,7.773,7.504,4.429,5.202,7.032,8.643,5.599
Colo9345_rep9_Dep6_Tu20,0.287,5.316,1.121,0.868,8.871,2.454,2.499,1.901,3.659,2.471,6.042,1.262,9.897,14.049,5.304,0.993,0.115,2.606,1.437,14.871,9.882,0.744,3.351
Colo9345_rep8_Dep6_Tu3,0.017,0.475,0.597,0.036,7.103,0.721,1.682,0.512,0.785,10.776,10.116,1.946,21.872,20.217,0.963,0.007,0.001,10.495,0.001,11.518,0.156,0.001,0.005
Colo9345_rep5_Dep6_Tu3,0.438,0.968,0.846,0.501,13.076,1.796,1.288,3.086,1.828,8.688,2.795,0.944,15.157,8.555,2.428,3.956,0.799,26.536,0.552,1.600,2.499,1.245,0.419
Colo9345_rep1_Dep6_Tu40,3.571,2.326,2.513,9.401,2.269,5.414,1.047,0.553,1.793,3.079,1.541,1.035,1.599,0.264,2.633,1.522,21.857,1.430,14.075,1.681,2.664,1.293,16.439
Colo9345_rep9_Dep6_Tu0.3,0.032,0.181,0.148,0.001,6.654,0.410,0.555,0.315,1.825,5.565,15.298,1.687,22.032,28.184,0.172,0.022,0.002,14.174,0.000,2.705,0.021,0.002,0.016
Colo9345_rep4_Dep6_Tu1,0.096,1.582,0.593,0.038,4.346,0.718,2.635,2.601,2.634,8.561,10.673,2.274,15.170,18.143,2.020,0.010,0.007,16.408,0.001,9.314,2.104,0.030,0.043
Colo9345_rep10_Dep6_Tu20,1.444,0.967,3.100,1.030,2.690,3.035,1.933,3.880,0.099,5.539,7.527,3.716,18.004,8.738,14.617,2.754,2.028,5.842,1.967,6.982,1.984,1.605,0.521
Colo9345_rep1_Dep6_Tu1,0.124,3.468,0.199,0.123,7.941,0.838,2.354,2.403,2.068,5.836,7.003,2.926,21.418,35.861,0.051,0.102,0.100,4.115,0.211,1.995,0.801,0.010,0.055
Colo9345_rep6_Dep6_Tu50,0.082,0.720,1.889,0.711,1.901,4.920,2.026,2.673,0.544,0.917,2.483,1.315,0.665,8.026,2.237,46.211,0.048,4.048,0.234,15.147,2.348,0.177,0.678
Colo9345_rep7_Dep6_Tu0.5,0.026,1.072,0.263,0.128,6.266,4.297,2.043,1.449,3.544,4.447,4.628,2.329,26.977,28.583,0.097,0.048,0.128,10.434,0.181,2.263,0.580,0.130,0.088
Colo9345_rep10_Dep6_Tu0.3,0.003,0.360,0.204,0.000,4.882,0.198,0.667,3.302,3.058,1.742,13.639,2.557,29.411,21.474,0.007,0.001,0.000,14.394,0.000,4.091,0.006,0.000,0.002
Colo9345_rep9_Dep6_Tu3,0.556,0.305,1.915,0.002,3.508,0.610,2.862,4.653,3.037,4.502,5.698,1.905,28.274,16.207,0.572,0.012,0.066,16.050,0.006,5.965,3.207,0.033,0.057
Colo9345_rep3_Dep6_Tu0.1,0.009,1.424,0.734,0.005,5.305,0.638,1.626,1.183,0.571,3.882,18.064,3.163,22.426,10.467,0.019,0.023,0.002,30.242,0.007,0.070,0.132,0.001,0.007
Colo9345_rep6_Dep6_Tu20,4.156,2.180,3.123,6.407,1.122,3.581,1.550,4.613,0.152,5.471,4.061,1.705,2.302,7.918,4.444,1.652,3.120,0.385,13.505,5.737,7.085,4.782,10.948
Colo9345_rep8_Dep6_Tu0.5,0.004,0.589,0.103,0.000,8.793,0.873,2.637,1.591,2.557,6.099,13.583,1.350,8.524,12.106,0.175,0.001,0.000,37.288,0.000,3.599,0.128,0.000,0.000
Colo9345_rep9_Dep6_Tu0.5,0.011,0.654,0.143,0.000,7.925,0.287,1.164,1.961,1.720,4.216,11.053,3.058,24.986,17.448,0.230,0.022,0.002,24.144,0.010,0.697,0.259,0.006,0.002
Colo9345_rep9_Dep6_Tu2,0.065,1.316,0.412,0.008,5.944,1.192,2.680,0.357,2.298,8.158,4.548,2.217,22.958,11.831,0.951,0.011,0.017,28.559,0.013,5.757,0.613,0.050,0.044
Colo9345_rep8_Dep6_Tu0.3,0.017,0.950,0.095,0.000,6.929,0.131,0.536,1.591,3.011,2.505,4.832,2.144,33.723,21.128,0.139,0.001,0.000,14.288,0.001,7.948,0.030,0.000,0.001
Colo9345_rep6_Dep6_Tu0.5,0.040,1.237,0.015,0.187,9.650,0.216,2.954,3.299,1.858,5.902,9.448,1.208,18.238,28.879,0.698,0.013,0.002,12.957,0.001,3.074,0.052,0.043,0.028
Colo9345_rep4_Dep6_Tu0.1,0.003,0.543,0.016,0.001,4.816,0.061,0.415,1.774,1.684,6.613,11.270,1.988,25.861,4.268,0.475,0.001,0.000,35.373,0.001,4.585,0.250,0.001,0.001
Colo9345_rep1_Dep6_Tu0.3,0.012,1.099,0.104,0.001,4.831,1.419,1.987,1.612,2.476,4.046,14.494,2.231,24.540,10.707,0.529,0.007,0.001,28.209,0.021,1.586,0.062,0.014,0.011
Colo9345_rep5_Dep6_Tu30,1.998,3.600,2.832,3.460,2.092,5.548,2.804,2.843,0.751,2.203,0.360,1.161,0.601,2.951,0.348,15.326,5.360,2.186,6.695,5.105,4.208,5.873,21.696
Colo9345_rep2_Dep6_Tu2,0.568,3.259,1.244,0.074,5.858,1.997,1.767,0.546,2.795,6.505,9.269,2.242,12.699,14.431,0.853,0.802,0.346,28.090,0.472,2.509,3.307,0.164,0.201
Colo9345_rep4_Dep6_Tu40,4.525,2.869,2.420,10.069,1.049,2.174,1.557,1.895,0.942,2.623,0.830,0.675,0.446,0.595,1.246,12.579,23.578,0.807,9.455,2.230,8.274,2.558,6.603
Colo9345_rep7_Dep6_Tu30,3.951,3.686,2.659,9.746,3.180,3.215,1.874,0.452,1.446,1.473,1.421,1.674,0.218,2.552,9.116,13.990,8.270,3.626,3.689,1.583,1.181,13.386,7.613
Colo9345_rep5_Dep6_Tu0.3,0.010,1.240,0.045,0.000,4.584,0.374,1.616,2.234,4.308,4.180,9.537,2.990,25.598,13.518,0.217,0.005,0.008,16.859,0.006,12.658,0.010,0.001,0.003
Colo9345_rep5_Dep6_Tu0.5,0.904,1.844,0.275,0.022,8.392,0.078,0.554,1.429,1.876,1.125,11.646,1.556,25.923,13.243,0.921,0.000,0.006,23.744,0.010,6.343,0.096,0.008,0.004
Colo9345_rep2_Dep6_Tu1,0.021,4.709,0.069,0.011,6.262,0.257,1.903,2.904,1.803,3.613,9.014,1.754,23.702,17.793,0.111,0.752,0.227,18.019,0.297,3.050,3.216,0.206,0.308
Colo9345_rep2_Dep6_Tu3,0.798,1.632,1.110,0.111,4.343,1.634,0.725,0.695,2.130,10.069,7.734,2.408,16.683,11.944,7.824,0.164,0.630,12.642,4.623,8.113,1.806,0.163,2.018
Colo9345_rep4_Dep6_Tu30,2.306,3.320,4.177,8.985,0.607,5.202,0.308,2.195,2.094,0.563,1.305,1.234,1.922,1.620,8.737,10.615,18.855,3.106,1.969,3.586,3.922,4.946,8.426
Colo9345_rep7_Dep6_Tu2,0.219,2.048,1.568,0.101,7.136,2.243,3.913,0.166,2.462,6.549,6.182,0.543,12.505,24.562,7.612,0.044,0.115,12.810,0.257,5.048,3.282,0.398,0.236
Colo9345_rep8_Dep6_Tu40,0.351,3.859,1.566,5.377,9.645,1.950,2.665,0.337,2.810,4.200,8.910,1.799,0.429,10.742,8.136,3.485,0.323,2.944,5.161,1.461,13.296,7.964,2.591
Colo9345_rep10_Dep6_Tu3,0.040,1.095,0.261,0.011,7.492,0.210,2.917,1.554,2.071,4.262,10.381,2.540,27.282,0.134,0.882,0.009,0.075,34.108,0.036,4.334,0.262,0.029,0.016
Colo9345_rep3_Dep6_Tu0.3,0.022,1.292,0.052,0.011,6.579,1.480,5.865,0.991,1.790,6.132,5.892,0.169,22.885,19.836,0.696,0.042,0.002,15.527,0.064,10.463,0.170,0.019,0.025
Colo9345_rep5_Dep6_Tu0.1,0.072,0.305,0.425,0.003,6.989,0.298,2.588,1.434,0.487,6.609,8.908,2.032,26.485,12.619,0.008,0.001,0.000,29.705,0.002,0.937,0.088,0.001,0.004
Colo9345_rep2_Dep6_Tu0.5,0.033,1.095,0.428,0.000,9.853,0.257,1.280,0.692,1.863,4.238,9.717,1.682,27.009,5.379,0.513,0.007,0.001,35.017,0.001,0.323,0.596,0.005,0.011
Colo9345_rep6_Dep6_Tu10,1.498,0.906,3.560,5.011,0.104,4.333,2.441,1.311,2.388,4.583,9.390,2.856,10.147,5.194,7.281,1.680,1.813,15.403,8.077,0.827,4.906,1.961,4.331
Colo9345_rep9_Dep6_Tu0.1,0.003,0.333,0.051,0.000,9.122,0.254,1.644,1.703,2.934,5.229,11.610,3.748,25.233,26.079,0.029,0.000,0.000,8.678,0.000,3.347,0.003,0.000,0.000
Colo9345_rep7_Dep6_Tu10,1.245,2.548,2.477,2.844,8.060,2.345,1.799,2.605,1.911,4.805,5.211,0.668,8.522,5.920,13.028,2.316,3.679,5.867,5.089,4.218,9.800,0.218,4.827
Colo9345_rep10_Dep6_Tu2,0.084,0.158,0.401,0.018,8.499,1.458,2.559,2.628,1.725,0.221,12.763,2.623,20.060,20.458,0.016,0.163,0.049,20.755,0.042,5.180,0.067,0.031,0.041
Colo9345_rep7_Dep6_Tu40,0.018,0.460,0.021,0.681,3.101,1.460,1.940,2.143,0.121,0.134,0.865,2.241,4.956,9.018,9.180,38.855,0.930,3.844,0.149,17.562,0.678,0.763,0.879
Colo9345_rep8_Dep6_Tu20,2.716,1.343,2.130,0.823,11.873,2.304,1.145,2.374,1.778,3.831,6.215,2.812,11.006,12.483,12.713,0.855,1.695,11.965,1.182,0.200,5.096,1.082,2.380
Colo9345_rep3_Dep6_Tu5,0.232,3.506,1.348,3.450,7.392,4.985,1.411,1.148,0.671,3.019,8.387,2.288,16.341,5.982,3.415,0.443,0.945,8.977,1.964,13.485,6.923,0.111,3.577
Colo9345_rep5_Dep6_Tu2,0.073,2.217,0.050,0.019,8.478,0.828,2.181,1.561,4.106,5.897,7.608,2.203,17.269,15.768,5.624,0.139,0.048,8.481,0.149,13.919,2.955,0.030,0.397
Colo9345_rep1_Dep6_Tu30,3.371,3.488,2.288,11.466,0.130,2.244,2.282,2.348,1.937,2.939,0.902,0.163,1.795,2.762,4.356,13.262,13.837,2.538,11.052,1.142,6.323,6.166,3.210
Colo9345_rep10_Dep6_Tu1,0.017,0.975,0.359,0.001,8.892,0.665,0.627,0.964,2.294,5.986,9.906,2.298,25.199,24.075,0.002,0.000,0.000,13.593,0.000,4.121,0.024,0.000,0.000
Colo9345_rep4_Dep6_Tu10,2.995,3.690,1.558,5.485,5.296,1.177,2.905,0.023,1.469,4.271,8.218,2.031,5.850,5.546,2.710,4.384,0.219,9.321,5.819,7.166,13.991,4.905,0.972
Colo9345_rep3_Dep6_Tu3,0.086,1.529,1.053,3.811,5.670,0.130,2.374,1.942,2.277,9.524,7.620,2.060,15.266,15.767,3.592,0.904,0.934,12.184,1.640,5.053,4.365,1.273,0.948
Colo9345_rep5_Dep6_Tu50,5.545,1.052,3.002,11.623,0.998,3.716,1.031,1.797,0.430,0.994,0.291,0.938,0.463,0.802,2.322,16.834,6.610,1.283,17.546,0.050,0.132,4.249,18.292
Colo9345_rep2_Dep6_Tu40,4.298,2.564,1.920,12.820,2.260,1.054,1.433,1.720,1.665,3.334,0.420,0.945,1.529,0.841,1.858,6.523,8.327,0.212,15.434,4.117,2.188,23.978,0.559
Colo9345_rep1_Dep6_Tu2,0.104,4.678,0.811,0.017,10.653,1.167,1.460,1.452,0.152,6.043,5.006,1.668,13.427,22.375,2.870,0.506,0.037,16.348,1.341,3.798,5.432,0.379,0.277
Colo9345_rep2_Dep6_Tu5,0.703,2.862,3.253,0.153,6.509,3.088,0.319,3.654,2.686,0.327,7.693,1.928,12.273,15.254,0.589,2.323,0.549,10.254,0.204,3.924,20.942,0.093,0.419
Colo9345_rep2_Dep6_Tu0.1,0.008,0.758,0.097,0.001,7.323,0.275,1.176,0.288,2.935,6.818,11.916,3.605,27.907,17.534,0.186,0.006,0.001,18.499,0.002,0.443,0.220,0.000,0.001
Colo9345_rep10_Dep6_Tu5,0.109,2.875,0.201,0.109,2.424,1.644,1.598,2.879,2.414,6.826,13.013,2.918,3.710,28.656,3.570,0.321,0.061,20.779,0.076,3.163,1.954,0.239,0.460
Colo9345_rep1_Dep6_Tu0.5,0.096,2.157,0.446,0.003,9.047,0.637,2.417,2.499,2.021,6.701,8.850,1.790,13.950,23.083,0.662,0.009,0.003,21.413,0.046,3.969,0.154,0.039,0.007
Colo9345_rep8_Dep6_Tu10,0.444,1.918,1.678,1.514,9.334,2.258,2.204,1.672,4.357,4.561,8.901,1.431,10.470,22.243,9.520,0.584,0.278,9.725,0.334,4.729,1.076,0.618,0.152
Colo9345_rep9_Dep6_Tu5,0.600,0.485,0.642,0.071,6.870,0.969,2.308,1.788,3.210,5.763,11.711,3.453,13.722,30.308,2.495,0.003,0.011,3.012,1.199,5.468,5.052,0.750,0.109
Colo9345_rep7_Dep6_Tu1,0.340,3.136,1.644,0.014,0.115,1.355,1.194,1.643,2.702,1.468,10.514,2.278,21.993,12.943,0.313,0.242,0.461,29.823,0.962,5.176,0.238,0.062,1.382
Colo9345_rep5_Dep6_Tu5,1.220,1.131,3.241,0.199,5.186,1.083,2.381,3.756,1.481,6.089,7.090,3.285,18.280,6.804,2.284,1.757,0.607,9.099,0.495,9.825,8.631,1.027,5.051
Colo9345_rep7_Dep6_Tu50,5.175,1.290,2.107,15.601,0.298,2.329,1.986,0.929,1.509,2.363,0.266,0.244,0.443,0.051,1.266,14.879,9.654,0.091,18.224,1.607,3.745,12.855,3.090
Colo9345_rep3_Dep6_Tu20,1.801,4.789,4.939,4.348,4.130,2.448,1.761,2.092,1.472,0.772,1.436,1.869,0.624,6.850,11.857,1.987,9.092,1.173,9.678,3.201,11.833,0.030,11.818
Colo9345_rep8_Dep6_Tu1,0.012,0.269,0.511,0.001,7.325,0.431,1.828,2.037,0.833,5.272,8.191,3.002,37.622,26.184,0.271,0.011,0.001,1.347,0.002,4.542,0.299,0.002,0.006
Colo9345_rep4_Dep6_Tu5,1.173,6.646,0.868,0.029,8.037,1.441,0.050,2.502,2.742,3.681,1.202,3.017,16.599,8.040,9.569,1.083,2.759,5.231,1.349,15.162,7.031,0.544,1.243
Colo9345_rep10_Dep6_Tu30,5.131,2.859,3.597,2.991,4.604,5.477,1.275,2.155,2.334,4.489,5.978,0.894,8.389,11.046,13.297,6.880,1.002,6.060,1.908,1.310,3.239,4.541,0.544
Colo9345_rep10_Dep6_Tu0.5,0.008,0.505,0.048,0.001,4.786,0.195,2.525,1.815,1.881,5.926,9.811,1.263,31.918,17.401,0.107,0.007,0.001,21.095,0.013,0.540,0.151,0.004,0.001
Colo9345_rep8_Dep6_Tu2,0.299,0.019,1.138,0.012,7.877,0.810,2.663,1.735,2.362,0.442,11.540,3.219,26.497,22.863,0.194,0.829,0.345,11.649,0.004,4.901,0.132,0.114,0.358
Colo9345_rep7_Dep6_Tu0.3,0.156,0.849,0.129,0.008,6.750,0.519,2.316,1.388,1.061,6.632,8.594,3.124,14.914,27.580,0.800,0.002,0.126,16.215,0.189,8.406,0.123,0.075,0.044
Colo9345_rep4_Dep6_Tu3,0.300,3.794,0.380,0.077,5.682,1.713,2.140,1.698,2.466,1.375,9.486,2.411,15.492,7.545,2.258,1.806,1.607,17.104,2.153,14.524,4.639,0.932,0.416
Colo9345_rep3_Dep6_Tu0.5,0.041,0.490,0.443,0.012,7.215,0.186,0.844,0.662,4.058,6.496,14.802,2.892,30.408,4.347,0.248,0.013,0.010,25.528,0.001,1.088,0.196,0.008,0.015
Colo9345_rep8_Dep6_Tu50,4.775,1.267,0.532,6.565,1.981,3.312,3.156,5.523,1.013,1.462,3.559,1.313,2.378,0.731,7.538,0.811,27.740,4.214,1.121,11.075,5.881,1.297,2.756
Colo9345_rep2_Dep6_Tu30,4.318,2.305,2.446,7.080,1.921,2.874,0.204,2.177,1.580,2.497,2.733,0.506,1.309,4.033,7.728,13.161,4.705,1.101,9.501,3.366,1.573,10.272,12.610
Colo9345_rep8_Dep6_Tu5,0.350,0.570,0.029,0.122,9.693,2.175,2.155,2.231,3.518,7.188,8.132,0.400,24.952,8.746,1.683,0.102,0.556,16.392,0.281,9.974,0.383,0.035,0.331
Colo9345_rep1_Dep6_Tu50,6.481,0.745,1.062,11.590,0.981,3.100,1.591,1.408,1.481,1.939,0.343,1.200,0.246,0.099,0.636,14.684,9.517,0.363,11.123,1.422,3.532,13.058,13.400
Colo9345_rep8_Dep6_Tu0.1,0.001,0.041,0.030,0.000,7.775,0.346,1.487,3.386,2.215,4.545,8.588,3.068,36.393,7.719,0.020,0.000,0.000,14.846,0.000,9.537,0.003,0.000,0.000
Colo9345_rep6_Dep6_Tu0.3,0.049,1.729,0.267,0.010,7.416,0.011,3.243,1.784,4.486,6.385,1.205,1.455,31.908,16.742,0.014,0.025,0.006,20.464,0.003,2.781,0.012,0.002,0.003
Colo9345_rep9_Dep6_Tu1,0.098,1.686,0.547,0.001,5.709,0.693,0.095,0.300,2.060,8.224,14.325,1.209,15.874,9.903,0.053,0.003,0.002,38.161,0.001,0.938,0.115,0.001,0.002
Colo9345_rep7_Dep6_Tu3,0.798,3.029,0.113,0.310,1.359,1.873,3.169,3.091,1.047,5.956,9.332,3.747,9.267,20.492,7.605,1.801,2.825,13.144,0.016,4.158,5.112,0.658,1.098
Colo9345_rep9_Dep6_Tu40,4.148,5.747,2.203,2.285,4.101,4.112,0.857,4.117,0.310,3.699,5.984,0.550,4.055,5.500,7.821,3.364,4.109,4.022,6.076,8.696,7.757,0.379,10.106
Colo9345_rep3_Dep6_Tu2,0.311,0.838,1.565,0.085,4.809,1.492,3.207,3.344,2.757,2.178,6.636,3.192,19.472,18.015,8.714,0.597,0.188,10.706,0.479,7.983,2.180,0.496,0.757
Colo9345_rep2_Dep6_Tu0.3,0.049,1.205,0.042,0.000,7.880,0.711,1.078,1.173,2.123,7.761,9.107,1.699,26.281,5.083,0.049,0.022,0.002,31.197,0.002,3.998,0.529,0.000,0.009
Colo9345_rep4_Dep6_Tu0.3,0.004,1.119,0.061,0.004,6.736,0.122,2.008,1.068,1.661,5.764,11.007,2.258,28.869,17.394,1.481,0.008,0.038,16.330,0.016,4.021,0.009,0.019,0.003
Colo9345_rep9_Dep6_Tu30,0.692,6.112,2.925,0.758,4.319,2.367,3.026,0.513,0.309,3.685,0.447,5.041,14.380,8.791,23.645,4.455,0.403,4.125,3.759,3.017,4.433,0.401,2.395
Colo9345_rep6_Dep6_Tu40,3.492,2.788,2.404,6.838,0.184,5.146,2.629,3.333,0.303,1.755,0.843,0.885,1.036,0.783,2.739,2.025,9.252,1.338,4.644,0.775,7.209,20.829,18.770
Colo9345_rep10_Dep6_Tu0.1,0.003,0.443,0.010,0.000,5.869,0.171,2.299,2.576,3.430,2.194,10.830,3.507,29.930,16.945,0.061,0.000,0.000,21.455,0.000,0.241,0.036,0.000,0.000
Colo9345_rep4_Dep6_Tu50,2.862,2.541,1.896,11.572,0.034,3.127,2.235,2.404,1.442,0.768,0.431,0.185,0.084,0.966,0.256,13.884,4.389,0.050,20.147,2.347,1.840,13.577,12.964
