Sample,BRCA,CEAD,CESC,COAD,OV,READ,bcell,cd4tcell,cd8tcell,erythroblast,monocyte,naturalkillercell,neutrophil
Colo9345_rep1_Dep6_Tu5,8.157,0.000,0.000,10.606,7.798,2.182,2.880,0.000,0.040,15.050,9.956,0.509,42.822
Colo9345_rep8_Dep6_Tu30,7.532,0.000,2.967,16.291,8.262,8.429,1.786,0.000,0.000,9.946,7.361,0.000,37.426
Colo9345_rep5_Dep6_Tu1,0.883,0.000,1.154,3.453,5.816,1.148,3.813,0.000,1.770,14.250,13.880,2.727,51.106
Colo9345_rep5_Dep6_Tu20,12.800,0.000,6.767,32.274,3.962,8.555,0.038,0.000,0.035,6.846,7.190,0.000,21.534
Colo9345_rep7_Dep6_Tu20,16.797,0.000,1.266,32.890,3.796,7.556,0.000,0.000,0.000,11.200,3.222,0.000,23.273
Colo9345_rep6_Dep6_Tu2,8.497,0.000,0.000,2.843,0.636,0.958,1.524,0.000,5.302,11.576,10.606,2.047,56.011
Colo9345_rep10_Dep6_Tu10,3.324,0.000,3.340,7.592,4.691,1.272,1.146,0.000,1.029,12.306,9.070,1.634,54.596
Colo9345_rep1_Dep6_Tu10,9.891,1.272,0.000,24.038,2.599,5.563,4.466,0.000,0.000,12.476,5.680,0.000,34.016
Colo9345_rep3_Dep6_Tu30,22.317,1.724,2.582,38.864,0.295,5.827,0.000,0.000,0.000,10.123,2.901,0.000,15.367
Colo9345_rep6_Dep6_Tu1,0.000,0.000,0.000,0.028,11.830,0.000,4.636,0.000,0.000,12.579,8.966,0.768,61.193
Colo9345_rep2_Dep6_Tu10,4.344,0.000,0.852,20.397,13.386,8.433,0.000,0.000,0.000,11.970,9.201,0.000,31.416
Colo9345_rep6_Dep6_Tu5,5.522,0.000,1.844,12.807,2.984,1.839,2.267,0.000,0.000,16.542,5.251,0.000,50.943
Colo9345_rep5_Dep6_Tu10,10.647,2.808,1.759,24.666,0.524,0.000,0.461,0.000,0.000,15.405,8.842,0.000,34.888
Colo9345_rep5_Dep6_Tu40,20.928,1.951,0.000,45.939,0.000,11.444,0.000,0.000,0.000,6.394,3.228,0.000,10.118
Colo9345_rep1_Dep6_Tu0.1,0.000,0.000,0.000,0.000,5.555,0.000,1.735,0.000,0.000,16.023,10.005,0.000,66.682
Colo9345_rep3_Dep6_Tu10,12.416,0.000,0.000,19.889,4.522,6.188,0.000,0.000,0.000,12.215,9.359,0.000,35.410
Colo9345_rep4_Dep6_Tu2,0.000,0.000,0.000,4.849,14.827,0.000,2.723,0.000,1.156,8.148,14.712,2.680,50.905
Colo9345_rep2_Dep6_Tu20,15.398,3.894,4.239,29.465,5.522,9.643,0.000,0.000,0.000,8.495,4.003,0.000,19.341
Colo9345_rep3_Dep6_Tu50,25.562,1.297,3.980,47.117,0.863,10.642,0.000,0.000,0.000,6.005,0.085,0.000,4.449
Colo9345_rep6_Dep6_Tu0.1,0.000,0.000,0.000,0.000,8.313,0.000,1.981,0.000,1.964,13.086,13.658,0.000,60.997
Colo9345_rep3_Dep6_Tu40,22.940,0.000,1.435,42.415,3.095,12.918,0.000,0.000,0.000,6.723,1.934,0.000,8.539
Colo9345_rep6_Dep6_Tu3,0.294,0.000,0.000,4.606,16.221,0.315,2.073,0.000,0.516,12.558,10.198,0.564,52.655
Colo9345_rep9_Dep6_Tu50,12.560,0.000,0.000,30.146,0.000,11.698,0.000,0.000,0.000,13.579,8.126,0.000,23.891
Colo9345_rep1_Dep6_Tu3,5.760,0.000,0.000,8.082,1.327,3.460,2.137,0.000,1.307,16.687,11.642,0.561,49.037
Colo9345_rep6_Dep6_Tu30,21.927,0.000,2.151,37.902,1.913,11.606,0.000,0.000,0.000,6.576,2.033,0.000,15.892
Colo9345_rep1_Dep6_Tu20,17.554,0.000,6.214,31.344,2.957,8.622,0.000,0.000,0.000,8.991,3.416,0.000,20.901
Colo9345_rep4_Dep6_Tu0.5,0.000,0.000,1.277,0.000,5.377,2.581,6.656,0.000,0.000,11.714,7.426,4.006,60.962
Colo9345_rep9_Dep6_Tu10,0.000,0.000,0.000,9.738,9.029,2.662,4.009,0.000,0.000,10.806,11.337,0.136,52.283
Colo9345_rep3_Dep6_Tu1,0.000,0.000,0.000,1.708,9.528,0.000,2.053,0.000,0.512,11.190,14.236,3.675,57.098
Colo9345_rep7_Dep6_Tu0.1,0.000,0.000,0.000,0.000,10.125,0.000,1.368,0.000,0.000,12.299,14.647,2.405,59.156
Colo9345_rep4_Dep6_Tu20,17.306,0.000,3.376,31.179,5.636,8.630,0.000,0.000,0.000,5.524,4.329,0.427,23.594
Colo9345_rep7_Dep6_Tu5,8.007,0.000,0.000,13.274,4.149,3.452,2.181,0.000,1.176,13.562,6.388,0.000,47.811
Colo9345_rep10_Dep6_Tu50,15.108,0.000,2.689,30.857,2.146,7.495,0.000,1.505,0.000,7.343,5.101,0.000,27.755
Colo9345_rep2_Dep6_Tu50,23.539,0.000,3.776,46.152,0.000,12.770,0.000,0.000,0.000,6.129,0.661,0.000,6.974
Colo9345_rep10_Dep6_Tu40,12.484,0.000,4.187,23.290,0.000,8.287,3.314,0.900,0.000,11.463,4.777,0.000,31.299
Colo9345_rep9_Dep6_Tu20,6.266,0.000,0.000,12.006,10.448,3.784,2.846,0.000,0.000,14.092,6.525,0.000,44.033
Colo9345_rep8_Dep6_Tu3,0.000,0.000,0.000,1.672,8.248,0.000,0.712,0.000,0.847,14.746,10.804,3.232,59.740
Colo9345_rep5_Dep6_Tu3,4.439,0.000,0.000,7.240,10.759,1.231,0.763,0.000,0.000,15.307,7.414,1.966,50.881
Colo9345_rep1_Dep6_Tu40,20.825,0.000,2.649,45.795,3.283,10.521,0.000,0.000,0.000,8.095,0.817,0.000,8.015
Colo9345_rep9_Dep6_Tu0.3,0.000,0.000,0.000,0.000,5.793,0.000,0.251,0.000,0.000,14.241,15.693,0.000,64.022
Colo9345_rep4_Dep6_Tu1,0.317,0.000,0.000,1.130,8.715,0.000,7.152,0.000,0.000,13.500,10.476,3.930,54.780
Colo9345_rep10_Dep6_Tu20,5.482,0.000,0.000,14.081,5.449,6.763,0.000,0.892,0.783,10.176,7.794,2.773,45.807
Colo9345_rep1_Dep6_Tu1,0.000,0.000,0.127,1.613,10.481,0.000,3.982,0.000,2.301,12.480,10.176,1.871,56.970
Colo9345_rep6_Dep6_Tu50,0.000,0.000,3.800,10.874,7.932,0.000,0.000,0.000,0.000,15.943,12.305,0.000,49.146
Colo9345_rep7_Dep6_Tu0.5,0.000,0.000,0.000,0.675,8.126,1.045,3.197,0.000,1.909,11.109,10.917,3.591,59.431
Colo9345_rep10_Dep6_Tu0.3,0.000,0.000,0.000,0.000,1.793,0.000,0.000,0.000,5.948,13.747,12.266,2.510,63.735
Colo9345_rep9_Dep6_Tu3,0.000,0.000,0.000,0.208,15.380,0.000,3.135,0.000,1.029,9.540,12.204,2.987,55.518
Colo9345_rep3_Dep6_Tu0.1,0.000,0.000,0.000,0.149,11.230,0.000,1.181,0.000,0.000,9.743,17.778,3.895,56.024
Colo9345_rep6_Dep6_Tu20,16.326,0.000,3.555,31.114,1.641,10.317,0.000,0.360,0.000,9.402,4.648,0.000,22.638
Colo9345_rep8_Dep6_Tu0.5,0.000,0.000,0.000,0.000,11.991,0.000,5.633,0.000,0.074,13.091,7.836,0.000,61.374
Colo9345_rep9_Dep6_Tu0.5,0.000,0.000,0.000,0.000,13.526,0.000,0.274,0.000,0.000,12.819,13.196,2.935,57.250
Colo9345_rep9_Dep6_Tu2,0.000,0.000,0.000,0.127,8.909,0.000,3.690,0.000,0.000,17.773,11.219,0.000,58.282
Colo9345_rep8_Dep6_Tu0.3,0.000,0.000,0.000,0.000,6.596,0.000,0.112,0.000,0.000,14.326,15.064,0.000,63.902
Colo9345_rep6_Dep6_Tu0.5,0.000,0.000,0.000,0.000,10.675,0.000,4.501,0.000,4.010,11.382,9.255,1.780,58.397
Colo9345_rep4_Dep6_Tu0.1,0.000,0.000,0.000,0.000,3.153,0.000,2.370,0.000,0.000,18.692,11.949,0.000,63.836
Colo9345_rep1_Dep6_Tu0.3,0.000,0.000,1.137,0.000,1.186,0.000,2.528,0.320,1.494,15.775,13.050,1.057,63.452
Colo9345_rep5_Dep6_Tu30,15.648,0.000,3.085,37.731,3.333,13.646,0.000,0.000,0.000,11.930,0.999,0.000,13.629
Colo9345_rep2_Dep6_Tu2,3.985,0.000,0.000,2.362,5.344,0.093,2.273,0.000,0.000,17.755,10.006,0.650,57.532
Colo9345_rep4_Dep6_Tu40,23.236,0.000,2.065,43.589,1.804,10.098,0.000,0.000,0.000,7.504,2.261,0.000,9.445
Colo9345_rep7_Dep6_Tu30,17.053,0.000,2.202,38.511,0.000,14.347,0.000,0.000,0.000,10.516,1.020,0.000,16.350
Colo9345_rep5_Dep6_Tu0.3,0.000,0.000,0.000,0.000,7.016,1.086,2.407,0.000,3.028,11.607,15.016,4.844,54.996
Colo9345_rep5_Dep6_Tu0.5,1.825,0.000,0.000,0.000,2.889,0.000,3.237,0.000,0.365,13.735,8.963,2.499,66.487
Colo9345_rep2_Dep6_Tu1,3.517,0.000,0.000,0.615,7.294,0.000,0.000,0.000,1.061,16.943,11.444,2.312,56.814
Colo9345_rep2_Dep6_Tu3,5.396,0.000,0.000,8.751,7.461,0.110,0.323,0.326,0.000,16.477,9.478,1.928,49.751
Colo9345_rep4_Dep6_Tu30,18.969,0.000,3.304,36.963,2.509,10.687,0.000,0.000,0.000,10.520,2.788,0.000,14.260
Colo9345_rep7_Dep6_Tu2,0.000,0.000,2.837,3.474,6.935,1.870,3.766,0.000,0.000,16.831,7.274,0.000,57.013
Colo9345_rep8_Dep6_Tu40,8.054,0.193,3.266,23.561,10.709,6.274,0.000,0.000,1.029,8.906,8.876,0.762,28.371
Colo9345_rep10_Dep6_Tu3,0.000,0.000,0.000,0.279,13.202,0.984,3.396,0.000,0.000,10.883,11.861,2.079,57.317
Colo9345_rep3_Dep6_Tu0.3,0.000,0.000,0.000,0.000,11.789,0.000,6.077,0.000,0.514,13.349,7.719,0.000,60.552
Colo9345_rep5_Dep6_Tu0.1,0.000,0.000,0.000,0.000,9.521,0.000,3.152,0.000,0.000,14.633,10.797,0.000,61.897
Colo9345_rep2_Dep6_Tu0.5,0.000,0.000,0.000,0.000,9.842,0.000,1.095,0.000,0.000,16.276,13.761,0.000,59.027
Colo9345_rep6_Dep6_Tu10,4.835,0.000,3.460,23.461,4.993,5.213,1.452,0.000,0.060,9.986,11.917,0.000,34.625
Colo9345_rep9_Dep6_Tu0.1,0.000,0.000,0.000,0.000,13.190,0.000,2.982,0.000,0.000,13.656,11.620,4.102,54.450
Colo9345_rep7_Dep6_Tu10,10.556,0.000,1.559,20.438,11.417,1.676,0.000,0.000,0.000,11.670,8.523,0.000,34.161
Colo9345_rep10_Dep6_Tu2,0.000,0.000,0.000,0.000,7.706,0.000,2.098,0.000,0.000,16.335,14.063,1.301,58.497
Colo9345_rep7_Dep6_Tu40,0.000,0.000,0.000,19.683,3.297,6.809,2.356,0.000,0.000,6.317,8.209,0.000,53.329
Colo9345_rep8_Dep6_Tu20,6.417,0.000,0.257,12.067,10.103,5.959,1.549,0.000,1.505,9.274,4.860,0.000,48.009
Colo9345_rep3_Dep6_Tu5,0.323,0.000,0.000,15.301,9.630,5.034,1.135,0.000,0.000,11.427,6.677,1.010,49.462
Colo9345_rep5_Dep6_Tu2,1.951,0.000,0.410,6.645,6.766,0.647,1.396,0.000,1.946,11.425,10.385,3.676,54.754
Colo9345_rep1_Dep6_Tu30,19.629,0.000,3.583,39.286,2.154,11.897,0.000,0.000,0.000,7.346,2.614,0.000,13.492
Colo9345_rep10_Dep6_Tu1,0.000,0.000,0.000,0.152,11.562,0.000,0.064,0.000,0.445,10.563,12.883,4.678,59.654
Colo9345_rep4_Dep6_Tu10,9.654,0.000,0.000,23.511,2.650,7.783,0.000,0.000,0.000,9.707,12.164,0.000,34.530
Colo9345_rep3_Dep6_Tu3,2.819,0.000,0.000,9.779,4.935,2.028,0.825,0.000,0.000,17.291,8.960,5.074,48.288
Colo9345_rep5_Dep6_Tu50,22.104,0.000,5.470,46.299,0.000,13.474,0.000,0.000,0.000,6.813,1.440,0.000,4.401
Colo9345_rep2_Dep6_Tu40,22.687,2.260,3.451,43.720,0.000,10.949,0.000,0.000,0.000,5.995,1.264,0.000,9.674
Colo9345_rep1_Dep6_Tu2,2.069,0.000,0.000,3.063,12.260,2.561,1.840,0.000,0.000,13.316,10.469,0.830,53.591
Colo9345_rep2_Dep6_Tu5,2.583,0.000,3.901,12.337,9.059,3.100,1.203,1.095,0.000,11.778,8.781,1.414,44.749
Colo9345_rep2_Dep6_Tu0.1,0.000,0.000,0.000,0.000,10.765,0.000,3.521,0.000,0.177,10.534,12.291,5.420,57.292
Colo9345_rep10_Dep6_Tu5,0.000,0.000,0.000,2.070,10.311,1.819,2.504,0.000,0.000,15.543,12.062,1.612,54.081
Colo9345_rep1_Dep6_Tu0.5,3.575,0.030,0.417,0.000,6.182,0.000,2.505,0.000,2.914,13.338,11.072,0.000,59.967
Colo9345_rep8_Dep6_Tu10,3.073,0.000,0.000,9.703,3.413,1.326,5.725,0.000,3.626,9.995,7.164,1.003,54.972
Colo9345_rep9_Dep6_Tu5,1.873,0.000,0.000,2.654,9.594,0.656,3.149,0.000,1.841,15.834,10.136,1.860,52.403
Colo9345_rep7_Dep6_Tu1,0.000,0.000,3.172,3.022,1.754,0.000,2.823,0.000,0.000,13.009,13.133,0.000,63.087
Colo9345_rep5_Dep6_Tu5,6.664,0.060,0.354,10.813,3.770,4.994,4.558,0.000,0.483,11.432,10.126,2.722,44.023
Colo9345_rep7_Dep6_Tu50,22.646,0.000,3.197,48.338,0.000,11.184,0.000,0.000,0.000,8.156,2.094,0.000,4.384
Colo9345_rep3_Dep6_Tu20,18.020,0.000,2.015,32.876,4.297,5.736,0.000,0.000,0.000,7.949,5.170,0.000,23.938
Colo9345_rep8_Dep6_Tu1,0.000,0.000,0.000,0.000,7.184,0.000,0.681,0.000,0.000,13.987,11.249,2.849,64.049
Colo9345_rep4_Dep6_Tu5,9.872,0.000,0.000,11.763,13.081,2.205,0.593,0.000,0.501,7.682,9.603,3.254,41.447
Colo9345_rep10_Dep6_Tu30,14.350,0.138,1.302,14.418,3.582,9.000,0.000,0.000,0.000,12.586,5.593,0.000,39.031
Colo9345_rep10_Dep6_Tu0.5,0.000,0.000,0.000,0.000,7.856,0.000,4.217,0.000,0.000,13.275,11.951,0.324,62.377
Colo9345_rep8_Dep6_Tu2,0.000,0.000,0.000,0.833,8.836,0.000,2.706,0.000,0.000,14.157,11.301,2.616,59.552
Colo9345_rep7_Dep6_Tu0.3,0.000,0.000,0.000,0.000,6.204,0.000,0.278,0.000,0.531,16.010,12.974,2.348,61.655
Colo9345_rep4_Dep6_Tu3,5.715,0.000,0.000,7.451,8.074,0.000,2.328,0.000,0.000,12.062,10.988,4.807,48.574
Colo9345_rep3_Dep6_Tu0.5,0.000,0.000,0.000,0.000,8.831,0.000,3.561,0.000,2.364,11.426,14.448,2.831,56.539
Colo9345_rep8_Dep6_Tu50,22.371,0.000,0.000,32.493,0.262,8.241,0.000,0.704,0.000,9.528,5.740,0.000,20.661
Colo9345_rep2_Dep6_Tu30,21.757,0.000,2.154,39.790,0.498,8.673,0.000,0.000,0.000,7.751,3.339,0.000,16.038
Colo9345_rep8_Dep6_Tu5,2.438,0.000,0.000,1.529,5.537,0.136,3.672,0.000,2.413,11.954,11.039,4.423,56.859
Colo9345_rep1_Dep6_Tu50,22.232,0.000,4.184,47.823,0.000,13.283,0.000,0.000,0.000,5.791,1.663,0.000,5.024
Colo9345_rep8_Dep6_Tu0.1,0.000,0.000,0.000,0.000,9.503,0.000,6.230,0.000,0.019,11.413,10.282,3.709,58.845
Colo9345_rep6_Dep6_Tu0.3,0.000,0.000,0.000,0.000,8.397,0.000,4.163,0.000,1.235,11.767,15.731,2.623,56.083
Colo9345_rep9_Dep6_Tu1,0.000,0.000,0.000,0.000,9.598,0.000,3.429,0.000,0.000,13.867,12.354,0.000,60.752
Colo9345_rep7_Dep6_Tu3,3.972,0.000,0.000,8.688,10.107,2.622,3.900,0.000,0.000,10.207,9.438,3.615,47.451
Colo9345_rep9_Dep6_Tu40,12.183,1.952,0.000,23.280,6.998,6.413,0.000,0.000,0.000,9.442,8.682,0.000,31.050
Colo9345_rep3_Dep6_Tu2,1.666,1.153,1.577,7.445,1.073,0.664,3.772,0.000,0.663,10.796,12.516,1.835,56.839
Colo9345_rep2_Dep6_Tu0.3,0.000,0.000,1.717,1.027,9.839,0.000,0.958,0.000,0.000,11.180,9.797,2.677,62.804
Colo9345_rep4_Dep6_Tu0.3,0.000,0.000,0.000,0.000,5.621,0.000,2.906,0.000,1.822,13.407,13.006,2.468,60.770
Colo9345_rep9_Dep6_Tu30,9.760,1.902,0.000,20.237,2.621,1.335,1.512,0.000,0.000,13.425,8.241,2.877,38.091
Colo9345_rep6_Dep6_Tu40,19.698,0.358,5.360,43.821,0.000,10.401,0.000,0.000,0.000,8.746,1.511,0.000,10.105
Colo9345_rep10_Dep6_Tu0.1,0.000,0.000,0.404,0.000,2.564,0.000,3.979,0.000,2.068,13.158,11.829,3.915,62.084
Colo9345_rep4_Dep6_Tu50,24.097,0.000,3.150,46.875,0.000,13.427,0.000,0.000,0.000,5.961,2.415,0.000,4.075
