Sample,BRCA,CEAD,CESC,COAD,OV,READ,bcell,cd4tcell,cd8tcell,erythroblast,monocyte,naturalkillercell,neutrophil,Unknown-1,Unknown-2,Unknown-3,Unknown-4,Unknown-5,Unknown-6,Unknown-7,Unknown-8,Unknown-9,Unknown-10
Breast-GC1002975,0.440,1.253,4.105,0.038,3.707,2.668,5.324,4.336,1.621,2.594,4.540,4.118,9.985,4.020,0.064,7.735,2.623,7.053,2.241,0.059,11.937,8.061,11.478
Breast-GC1002976,3.896,4.434,2.310,0.112,4.291,4.284,2.080,2.405,8.324,5.133,1.086,5.741,10.537,0.350,3.408,4.957,8.260,2.924,1.013,7.655,1.211,11.973,3.616
Breast-GC1002977,0.017,0.086,1.320,0.001,1.639,0.055,5.103,9.141,1.284,0.064,3.008,11.075,15.441,0.264,0.702,1.658,0.892,0.148,32.166,12.234,1.125,0.511,2.067
Breast-GC1002978,1.736,7.271,4.337,0.452,0.928,1.979,5.514,2.560,5.177,2.601,10.243,0.663,0.086,2.148,9.206,4.008,4.309,1.301,7.419,13.190,7.451,4.425,2.995
Breast-GC1002979,6.880,0.778,3.872,0.349,4.795,2.227,2.426,0.129,4.499,2.011,0.987,3.668,19.311,4.388,6.064,3.706,5.951,4.929,5.806,1.737,1.244,3.541,10.700
Breast-GC1002980,0.158,6.220,0.882,0.141,9.343,1.210,4.184,4.150,0.054,5.128,0.640,2.203,1.752,1.322,0.196,12.429,7.204,14.852,10.229,0.446,2.069,1.525,13.664
Breast-GC1002981,0.453,3.561,2.530,0.029,5.618,2.055,3.104,2.660,3.421,4.268,8.552,2.349,11.833,6.016,5.789,4.520,2.602,4.486,6.091,6.717,0.912,4.738,7.699
Breast-GC1003967,0.873,7.157,2.298,0.163,0.279,2.901,4.946,3.201,2.280,5.216,5.750,4.230,2.983,6.550,8.693,6.096,0.824,4.522,7.860,2.677,5.974,10.145,4.380
Breast-GC1003968,2.102,0.947,3.343,0.665,5.338,5.692,2.868,1.717,10.731,3.755,4.551,2.099,7.135,0.857,5.135,7.862,1.070,4.078,10.405,3.304,2.026,6.770,7.549
Breast-GC1003970,1.208,5.772,3.617,0.131,2.088,0.202,2.751,1.784,2.131,0.059,26.470,2.975,1.022,2.242,6.176,1.700,7.127,4.246,3.887,7.169,4.421,7.732,5.089
Breast-GC1003971,1.747,5.207,2.241,0.518,1.286,3.243,4.955,2.628,6.573,7.624,10.188,6.105,1.865,4.282,11.648,0.606,0.103,8.403,5.112,5.544,1.457,3.954,4.710
Breast-GC1003972,2.850,2.409,1.397,0.966,5.026,3.655,1.532,2.144,6.838,3.091,11.652,5.227,1.884,8.154,7.862,4.841,2.785,7.638,3.692,5.778,3.203,3.555,3.822
Breast-GC1003974,0.846,1.948,0.422,1.349,7.663,0.269,3.838,1.348,3.929,3.429,5.767,1.088,17.096,4.018,4.561,8.063,5.401,0.465,8.178,0.236,2.339,10.040,7.705
Breast-GC1002311,0.383,5.912,1.314,0.142,2.353,1.737,3.332,1.551,2.926,6.875,12.275,5.321,5.476,2.006,6.410,4.058,4.490,8.312,2.075,9.664,10.838,1.800,0.749
Breast-GC1004006,0.674,3.322,3.665,0.004,0.694,3.718,3.280,6.525,1.610,7.407,6.935,3.494,17.055,5.039,4.595,0.822,7.278,3.389,2.661,2.682,0.232,8.419,6.501
Breast-GC1004007,1.245,2.297,1.095,0.047,6.768,1.930,5.274,3.973,6.190,4.728,5.727,6.460,3.273,4.568,1.171,8.214,0.340,11.837,3.048,5.566,10.309,1.550,4.391
Breast-GC1004008,0.677,3.056,5.211,0.422,1.600,1.028,1.799,3.679,6.421,4.874,6.059,1.161,9.760,0.432,0.825,0.998,13.954,5.630,8.736,7.663,3.643,0.841,11.532
Breast-GC1004009,1.084,3.826,2.359,0.321,9.480,4.673,1.742,1.577,1.634,3.670,6.382,1.060,0.368,6.864,2.628,11.975,8.712,4.405,17.947,0.095,6.494,2.648,0.056
Breast-GC110693,0.797,0.854,0.297,0.008,4.317,1.352,7.446,1.017,6.620,1.833,4.037,4.778,10.036,1.509,4.649,11.909,0.842,0.566,7.021,11.378,1.493,7.835,9.404
Breast-GC110694,0.947,0.538,4.481,0.266,3.977,1.031,5.312,6.134,3.319,4.324,2.210,2.616,9.744,5.751,7.944,3.005,1.905,3.246,7.371,6.852,5.854,10.816,2.355
Breast-GC110695,2.738,7.610,5.441,0.373,0.933,0.632,3.392,4.683,4.555,2.387,3.877,7.795,0.808,5.228,8.208,7.207,1.236,8.900,8.292,1.808,3.092,9.648,1.158
Breast-GC110696,0.399,7.788,0.628,0.043,4.710,1.371,8.090,1.197,9.404,3.744,0.767,0.911,2.167,0.315,12.079,13.735,2.639,4.231,9.405,4.828,4.954,6.263,0.333
Breast-GC116960,1.276,3.156,0.508,0.250,7.563,2.500,5.640,3.427,3.170,5.891,13.139,4.834,6.784,8.326,2.627,8.402,0.266,3.183,8.129,2.996,2.432,2.398,3.103
Breast-GC116963,0.285,1.716,2.812,0.043,6.847,1.620,1.362,1.924,0.844,1.686,5.455,2.563,24.021,0.138,0.610,1.521,16.796,1.898,5.586,7.579,5.152,1.584,7.959
Breast-GC116964,0.120,2.602,1.170,0.226,3.125,2.123,7.062,2.536,3.932,7.182,11.024,7.139,4.132,4.667,2.873,3.479,2.126,0.290,10.229,2.397,6.474,12.297,2.794
Breast-GC116965,1.029,8.491,3.059,0.037,3.531,2.858,3.860,6.557,2.509,2.162,3.870,4.716,0.004,11.194,16.631,3.307,1.479,1.406,1.794,4.610,4.703,2.571,9.622
Breast-GC116966,0.382,6.641,3.290,0.077,0.215,1.567,4.105,2.473,3.727,4.103,5.863,5.786,3.016,0.050,14.547,2.879,0.515,9.385,1.665,1.848,11.763,7.766,8.337
Breast-GC116967,1.777,3.613,3.673,0.406,0.203,3.518,3.475,4.777,7.068,3.128,8.466,3.862,4.403,2.269,2.704,11.054,1.006,2.469,2.250,9.349,7.237,5.697,7.597
Breast-GC116968,0.988,5.496,0.196,0.169,5.748,3.847,1.597,2.754,3.350,0.484,3.624,2.670,13.894,5.797,2.297,1.487,5.963,7.475,2.543,12.773,6.232,3.595,7.020
Breast-GC116969,0.016,2.224,8.630,0.012,1.544,2.366,1.678,2.685,3.265,5.535,5.521,2.722,18.462,7.029,0.239,5.648,7.762,1.407,4.581,7.237,4.855,3.228,3.354
Breast-GC116970,0.682,4.501,0.779,0.388,5.225,2.849,3.151,2.032,5.327,8.053,9.330,1.305,10.653,9.577,3.571,4.025,6.041,3.813,3.189,4.586,0.429,7.993,2.501
Breast-GC116971,1.845,0.708,5.425,0.077,0.948,3.522,4.940,7.334,2.769,6.238,9.221,4.736,0.013,1.734,1.497,4.113,1.181,9.887,3.748,9.750,9.819,5.685,4.812
Breast-GC110676,0.200,0.666,2.103,0.662,0.861,4.020,6.070,6.286,3.289,4.445,0.704,3.994,9.637,8.795,4.529,8.629,2.828,5.080,0.959,14.405,9.465,1.786,0.587
Breast-GC110678,1.307,4.861,4.129,1.289,0.844,2.804,4.704,4.335,4.441,2.316,15.814,5.336,5.474,5.413,5.233,0.053,1.207,6.379,2.253,5.176,6.031,6.896,3.707
Breast-GC110679,15.097,3.801,3.300,1.768,4.280,0.017,5.364,3.022,3.549,1.333,6.345,2.421,3.371,3.447,3.355,7.100,4.644,3.944,4.693,5.138,2.596,5.709,5.706
Breast-GC110680,0.285,4.183,3.414,0.001,4.780,3.921,3.093,0.743,4.984,7.966,3.333,2.629,8.964,5.150,8.019,7.556,4.613,0.068,8.251,6.805,3.793,6.032,1.418
Breast-GC110681,6.953,1.106,3.442,0.007,6.760,9.580,3.879,0.912,4.347,5.387,2.377,5.250,3.013,4.268,7.957,3.463,3.340,2.736,11.142,6.570,2.637,4.431,0.444
Breast-GC110682,0.773,1.327,2.504,0.020,0.630,4.886,8.296,1.938,3.391,2.804,8.312,8.282,13.825,2.461,3.410,0.406,6.144,2.106,0.915,1.555,8.230,12.487,5.300
Breast-GC110683,2.160,0.405,1.149,0.155,2.562,4.350,6.687,5.129,3.458,2.930,9.455,8.617,7.657,6.712,8.964,2.503,3.536,3.861,5.317,4.246,0.633,8.774,0.739
Breast-GC110684,1.039,0.911,3.800,0.530,2.187,4.258,5.823,3.176,2.190,3.968,10.986,3.277,10.424,0.132,0.613,11.705,8.411,2.992,0.140,2.615,5.477,8.710,6.640
Breast-GC110685,1.344,1.589,6.330,0.523,9.920,1.723,7.190,9.896,4.411,3.584,1.215,5.895,5.019,5.398,8.093,4.438,1.603,3.846,4.251,3.664,1.994,3.551,4.523
Ovarian-GC110686,0.080,7.644,3.509,0.600,1.853,3.011,2.880,4.091,3.069,8.956,0.454,1.389,0.752,0.262,6.365,2.957,7.031,13.532,2.236,1.649,8.227,7.534,11.919
Ovarian-GC114179,0.454,6.705,2.351,0.973,2.767,0.878,3.185,3.111,3.759,9.948,8.472,5.179,5.919,3.656,7.260,6.129,5.312,4.300,1.610,3.254,2.629,7.138,5.010
Ovarian-GC114180,0.327,10.452,2.489,0.484,4.163,1.014,5.154,4.014,2.671,9.675,6.457,2.938,0.228,0.857,0.358,7.721,7.186,13.297,4.092,2.818,7.864,2.834,2.910
Ovarian-GC114181,9.505,6.727,4.739,0.063,5.877,3.195,1.596,2.896,2.580,17.313,1.043,4.126,4.434,3.063,7.606,1.988,5.464,4.848,2.479,0.039,1.637,3.712,5.071
Ovarian-GC114182,12.769,1.989,2.485,0.050,26.735,8.315,0.645,1.896,1.815,3.470,2.998,1.200,1.818,2.744,1.060,7.482,0.406,2.362,7.075,4.261,2.102,5.558,0.763
Ovarian-GC116977,0.287,2.755,3.025,0.364,4.784,5.457,3.726,1.683,3.873,8.890,5.566,5.043,2.100,7.229,3.219,0.971,4.211,4.569,1.743,1.315,11.678,12.647,4.862
Ovarian-GC116979,5.922,1.652,4.968,0.353,15.472,3.583,2.663,2.760,3.470,6.163,6.053,1.787,13.446,3.318,4.188,3.532,2.796,0.151,3.353,4.300,6.279,2.772,1.018
Ovarian-GC116982,1.322,10.543,0.965,0.067,20.118,1.883,4.350,4.980,5.101,2.721,1.258,0.244,2.008,3.428,3.137,8.145,1.501,6.903,3.705,2.370,3.509,0.499,11.243
Ovarian-GC116990,0.923,1.364,5.079,0.126,4.586,3.174,4.536,2.632,4.067,0.576,8.595,4.443,1.540,4.365,2.525,3.022,0.093,14.347,10.555,11.228,0.272,11.258,0.693
Ovarian-GC119363,3.615,3.305,6.321,0.495,4.577,3.779,4.793,0.740,7.177,13.830,1.695,2.535,0.131,1.850,7.694,2.309,4.911,4.186,0.863,0.586,3.880,12.100,8.626
Ovarian-GC119364,1.395,6.913,2.008,0.276,5.852,1.525,5.095,2.997,3.235,3.198,2.907,3.779,4.432,5.511,8.697,1.062,6.770,1.423,9.374,6.149,6.539,8.439,2.424
Ovarian-GC119365,19.419,4.842,2.739,0.038,8.482,9.919,9.180,0.940,3.433,5.049,2.743,1.736,1.428,3.438,1.486,3.477,1.233,3.292,1.765,0.916,1.275,12.046,1.122
Ovarian-GC119366,5.503,16.078,4.994,0.660,2.722,1.805,2.206,0.186,3.939,18.454,6.227,4.065,1.822,4.664,10.178,0.031,1.855,3.733,0.979,0.387,4.457,1.217,3.837
Colorectal-GC121326,1.939,7.813,0.058,0.321,1.596,2.943,2.436,7.846,1.323,6.595,2.655,3.996,13.508,8.934,2.535,3.199,2.372,7.434,0.564,3.728,4.788,8.986,4.433
Colorectal-GC121327,12.401,3.723,3.192,14.107,4.709,1.067,3.387,2.167,1.268,5.574,3.307,0.969,1.050,4.118,10.329,5.909,0.899,9.345,3.365,0.457,4.556,2.066,2.035
Colorectal-GC121328,0.927,1.162,1.019,0.113,11.282,6.876,4.607,6.517,2.665,13.723,3.808,6.108,0.684,0.698,7.239,3.334,0.900,1.764,1.135,2.188,13.452,1.809,7.991
Colorectal-GC121329,3.886,9.298,2.861,0.782,5.217,19.231,6.718,4.679,4.327,16.447,2.909,4.213,1.340,4.005,3.196,0.730,2.617,1.126,0.378,0.489,2.652,2.612,0.286
Colorectal-GC121330,10.719,3.557,4.099,0.110,3.238,10.804,1.519,3.140,1.403,7.553,2.281,2.431,5.538,15.388,2.104,2.572,0.910,5.259,1.029,0.549,1.998,9.978,3.821
Colorectal-GC1003994,0.406,2.240,3.623,0.971,12.362,1.141,4.250,3.493,4.615,10.444,2.818,2.794,2.942,4.135,6.432,1.691,0.590,10.645,1.510,4.881,2.018,11.426,4.571
Colorectal-GC1003995,8.424,0.075,3.928,15.002,3.339,20.855,2.513,1.229,4.880,2.360,4.183,1.542,4.961,2.769,4.038,4.384,1.978,1.547,3.571,1.839,1.118,2.828,2.638
Colorectal-GC1003996,1.296,3.315,1.089,2.919,3.760,2.924,5.817,0.447,2.887,6.761,5.885,3.887,19.453,2.544,5.254,3.693,2.329,0.805,2.537,7.552,6.736,7.714,0.396
Colorectal-GC1003997,0.652,4.140,4.191,0.673,0.245,1.867,3.185,2.510,2.775,9.251,6.363,2.812,4.746,2.027,16.572,0.289,6.784,2.590,7.922,3.553,8.743,2.667,5.443
Colorectal-GC1003998,0.964,1.150,2.573,1.867,3.198,3.213,3.091,1.792,7.045,11.498,11.692,7.724,5.327,6.334,2.914,2.088,4.714,6.161,3.887,0.687,8.803,0.054,3.223
Colorectal-GC1003999,4.660,14.234,1.153,0.040,3.224,5.964,2.215,3.796,3.330,10.911,0.713,3.712,1.554,5.457,1.680,6.210,0.392,9.370,4.057,1.010,6.406,2.992,6.920
Colorectal-GC1004000,2.432,1.667,1.307,1.629,1.482,48.269,2.347,2.514,3.773,0.449,0.679,3.850,2.613,4.492,1.468,6.510,0.871,1.056,0.874,2.529,1.018,8.037,0.134
Colorectal-GC1004001,0.299,1.995,4.512,0.269,6.435,1.121,1.894,3.048,3.192,2.119,7.863,4.940,12.449,3.989,6.029,2.991,4.400,6.194,1.261,2.748,3.388,3.619,15.245
Colorectal-GC1004002,1.843,7.930,0.024,1.596,3.853,2.542,2.691,3.385,4.102,5.763,4.749,5.092,0.806,5.313,11.245,4.473,4.214,7.410,0.278,12.214,1.427,3.143,5.906
Colorectal-GC1004003,3.235,10.793,0.182,0.061,3.578,3.660,3.211,2.375,3.149,13.795,6.460,3.351,4.515,14.045,5.129,3.385,2.410,3.683,2.536,5.568,0.501,0.564,3.813
Colorectal-GC137538,2.227,2.589,3.853,0.634,3.928,3.290,5.279,6.901,11.695,0.132,6.280,7.075,0.404,0.341,2.977,0.344,1.388,3.279,8.657,2.649,2.616,18.343,5.120
Colorectal-GC137539,1.335,6.770,3.413,0.917,2.739,2.338,3.844,5.340,3.908,4.887,14.822,3.294,1.716,0.918,0.365,4.488,0.244,0.119,0.384,12.845,2.390,11.422,11.503
Colorectal-GC137540,0.187,0.950,2.014,0.036,2.539,0.803,3.116,5.552,5.589,12.605,7.366,1.935,1.172,3.516,9.495,10.560,6.233,4.723,2.458,3.813,9.355,5.853,0.130
Colorectal-GC137541,0.653,0.884,2.255,0.042,7.428,4.738,4.983,4.421,3.895,7.359,6.815,4.163,2.805,6.758,1.481,0.842,1.486,3.187,5.711,8.822,10.988,6.196,4.087
Colorectal-GC137542,0.131,2.118,1.748,0.681,2.681,1.810,2.613,3.795,8.208,7.024,5.047,5.507,6.478,0.922,7.230,4.078,6.307,2.423,4.564,5.715,11.076,2.452,7.393
Colorectal-GC137543,1.512,5.668,5.447,0.847,0.626,5.819,7.490,0.717,4.997,4.328,3.670,3.973,2.355,7.776,4.446,3.173,5.540,0.489,0.357,6.250,13.045,10.228,1.246
Colorectal-GC137544,0.216,3.430,3.476,0.151,6.261,0.690,2.666,3.279,1.426,7.157,3.263,3.664,1.361,0.854,1.263,11.437,10.624,21.210,8.971,1.756,0.645,3.619,2.581
Colorectal-GC137545,0.067,6.025,5.072,0.009,3.639,1.222,6.314,3.676,4.961,7.774,3.406,5.056,0.862,9.910,1.162,4.660,0.144,8.179,2.597,3.822,7.512,5.135,8.796
Colorectal-GC137546,0.179,1.300,5.623,0.424,4.465,1.683,3.795,2.210,3.804,4.519,5.218,4.270,8.787,4.546,7.078,7.796,7.829,5.963,2.112,2.096,9.747,2.937,3.618
Colorectal-GC137547,2.221,0.178,4.381,0.029,1.322,2.813,2.769,5.230,0.202,12.292,13.805,5.820,1.814,1.433,4.317,4.598,6.422,0.572,0.734,5.406,10.110,10.689,2.844
Colorectal-GC137548,0.655,1.889,1.158,0.016,1.598,1.907,1.734,4.191,0.201,0.912,5.182,9.528,26.984,5.615,0.301,1.869,1.041,6.637,0.238,1.627,4.488,10.636,11.591
Colorectal-GC137549,0.193,3.074,3.388,0.043,6.812,12.012,3.918,5.694,4.106,10.654,5.015,3.250,1.807,2.123,3.500,2.976,3.027,4.805,2.236,5.865,5.011,7.891,2.604
Colorectal-GC137550,1.274,1.597,4.835,0.050,2.219,4.412,7.987,3.824,3.114,4.650,3.529,5.863,5.240,6.388,0.631,2.622,10.134,13.060,1.844,10.660,0.118,3.150,2.800
Colorectal-GC137551,0.224,0.008,2.338,0.087,1.630,3.948,3.705,1.365,2.559,1.557,23.279,3.381,6.813,0.689,0.130,0.160,4.301,1.859,13.838,6.557,1.803,16.219,3.550
Colorectal-GC137552,0.173,2.088,3.847,0.172,2.360,4.408,5.386,3.286,2.317,4.997,2.550,5.401,3.459,2.898,6.981,3.395,1.142,4.587,2.795,8.109,7.314,16.227,6.111
Colorectal-GC137553,0.044,4.705,0.798,1.037,3.430,3.318,23.318,5.207,7.556,0.668,7.486,5.494,1.566,4.699,4.913,0.144,0.616,6.605,5.317,1.611,0.488,7.504,3.476
Colorectal-GC137554,4.277,6.287,0.087,0.358,3.049,6.948,5.285,2.610,3.881,9.167,7.302,6.046,3.635,2.086,7.620,13.176,4.522,1.096,0.196,3.573,1.274,6.697,0.828
Colorectal-GC137555,0.037,4.491,0.925,0.019,3.866,2.945,5.554,1.309,4.520,4.228,4.542,7.137,6.093,3.817,6.200,0.430,4.324,4.288,7.082,7.887,9.514,7.957,2.833
Colorectal-GC137556,0.144,3.728,2.284,0.012,5.364,2.954,3.624,4.039,2.176,5.106,7.428,4.659,5.648,3.605,6.056,3.270,1.725,9.521,3.495,5.173,11.335,8.017,0.636
Colorectal-GC137557,0.010,1.533,0.318,0.790,7.131,1.834,0.004,5.661,3.563,0.169,4.313,1.936,16.368,6.847,3.588,3.754,2.433,4.628,4.058,6.601,9.588,6.336,8.534
Cervical-GC1002983,0.793,2.833,3.029,0.052,3.662,4.107,2.055,3.298,4.825,3.007,9.701,4.896,15.947,4.702,0.521,1.222,4.207,1.188,8.053,7.770,0.883,9.342,3.909
Cervical-GC1002984,0.556,8.178,0.184,0.014,0.790,1.992,3.906,1.175,3.851,9.368,14.033,4.731,4.595,6.372,7.195,3.186,4.757,3.050,2.687,8.791,0.702,9.304,0.583
Cervical-GC114187,0.216,1.323,1.103,0.153,11.011,2.820,2.041,6.241,4.603,3.368,6.020,4.606,1.443,0.347,5.240,0.322,2.020,3.669,11.107,2.345,4.633,11.574,13.795
Cervical-GC114188,0.901,4.459,0.493,0.180,10.936,2.089,2.467,2.976,5.807,4.880,1.963,3.381,6.835,0.233,6.766,0.017,2.722,11.711,11.456,0.254,2.544,7.337,9.594
Control-GC1003986,0.198,3.082,1.372,0.075,5.117,3.208,3.680,5.467,3.070,1.507,6.680,4.283,3.904,3.906,1.523,7.804,15.770,0.641,11.567,11.911,2.216,2.991,0.026
Control-GC1003988,0.119,2.730,4.059,0.170,4.369,3.592,2.077,0.438,3.999,5.649,7.816,3.588,8.825,9.134,5.903,4.874,0.055,5.517,0.790,10.399,7.947,6.697,1.252
Control-GC110675,0.349,1.244,0.935,0.114,5.405,1.344,3.738,0.052,0.951,3.115,2.206,3.233,11.195,0.430,2.116,4.999,17.669,0.434,11.041,7.080,3.129,14.142,5.077
Control-GC112864,0.834,3.031,2.665,0.122,11.392,1.232,1.431,3.208,4.744,0.629,9.682,3.233,11.116,1.442,1.789,5.758,5.351,7.917,9.832,5.217,2.999,2.099,4.276
Control-GC112894,4.012,0.642,5.309,1.055,3.439,7.292,6.330,4.189,2.942,5.715,2.355,6.871,4.551,8.244,0.877,5.344,0.470,4.549,8.134,2.519,2.508,11.329,1.325
Control-GC112895,0.814,3.340,2.412,0.165,5.521,3.959,9.704,2.896,6.623,8.390,7.141,2.496,0.812,8.310,2.017,5.424,8.873,1.312,3.654,11.978,0.015,0.528,3.617
Control-GC112897,2.347,0.356,5.063,0.408,6.815,3.110,7.229,4.418,2.202,3.895,1.664,2.389,12.406,3.257,2.056,10.053,0.165,1.214,12.444,2.329,6.621,9.503,0.057
Control-GC119350,0.127,3.569,2.661,0.011,2.939,2.479,1.643,4.711,3.952,8.765,6.191,5.432,2.637,0.990,4.819,3.477,7.358,10.896,12.895,1.336,7.230,2.707,3.174
Control-GC119351,0.648,0.278,2.788,0.044,5.132,2.329,3.956,1.732,4.290,5.644,4.574,3.566,1.437,1.646,4.032,8.092,1.151,4.332,8.533,12.559,1.510,12.061,9.664
Control-GC119352,0.536,4.056,3.981,0.043,4.166,1.170,4.146,2.373,4.630,6.214,1.990,3.721,3.665,10.108,4.609,7.280,5.562,5.304,4.923,8.465,3.571,2.118,7.369
Control-GC119353,1.730,4.758,3.623,0.092,2.481,3.776,4.712,5.232,5.189,9.625,12.509,2.467,2.973,2.949,3.479,3.403,1.550,7.521,5.464,5.657,2.560,8.143,0.107
Control-GC119354,0.813,1.928,3.185,0.730,10.140,0.719,4.058,4.717,5.089,11.984,4.134,5.608,2.293,3.456,1.276,4.996,4.943,5.681,2.826,6.833,3.632,4.248,6.711
Control-GC119356,0.193,0.100,3.921,0.192,5.361,2.904,1.581,4.628,3.120,5.939,6.454,3.236,16.271,5.766,4.091,3.684,8.814,2.137,10.124,4.478,2.665,3.246,1.094
Control-GRP-GC114128,0.153,0.576,1.813,0.302,1.714,3.503,6.099,3.133,2.489,9.676,7.940,6.538,2.428,9.513,11.356,1.527,0.440,8.283,8.351,1.769,5.619,2.090,4.691
Control-GRP-GC114130,0.970,7.288,6.783,0.084,1.202,2.319,2.572,2.511,3.659,10.243,10.502,2.644,5.784,10.138,6.748,2.214,0.715,10.956,2.572,2.944,5.747,0.268,1.136
Control-GRP-GC114131,0.514,3.416,5.229,0.609,3.029,3.164,3.503,2.154,6.700,0.860,4.440,3.561,2.079,4.840,0.278,6.343,5.839,8.661,4.545,7.891,6.717,5.616,10.011
Control-GRP-GC114132,1.030,12.671,3.499,0.075,5.651,1.563,3.714,8.442,4.010,2.497,9.648,1.648,5.811,1.451,7.723,5.442,3.121,5.683,0.378,3.104,2.595,4.093,6.151
Control-GRP-GC114133,0.304,3.287,4.645,0.147,3.773,2.878,7.686,4.406,0.141,4.225,12.547,5.717,4.658,9.047,6.039,0.805,0.671,4.473,0.334,10.874,3.139,6.982,3.223
Control-GRP-GC114134,0.600,0.086,1.657,0.068,5.316,1.848,2.502,4.954,4.354,9.484,9.926,4.392,6.399,6.216,8.955,4.222,4.018,10.463,3.170,5.765,4.552,0.381,0.671
Control-GRP-GC114136,0.497,3.618,7.856,0.870,0.479,3.487,1.644,3.107,1.363,5.272,2.892,4.224,12.464,3.600,2.071,4.130,7.636,6.880,4.869,7.686,7.744,5.507,2.103
Control-GRP-GC114137,0.304,11.788,1.275,0.006,3.101,1.208,3.230,0.317,5.757,4.176,5.241,2.487,5.803,6.099,2.530,1.972,4.583,6.164,0.166,8.328,8.714,4.500,12.253
Control-GRP-GC114139,0.204,7.200,2.152,0.032,5.555,2.902,3.043,1.577,1.176,9.298,5.709,5.230,5.740,1.999,3.371,1.076,3.318,0.716,9.619,3.206,16.769,2.036,8.071
Control-GRP-GC114140,0.756,1.360,1.098,0.050,7.025,2.218,3.824,0.558,4.395,0.704,3.461,4.958,11.950,3.085,0.269,9.401,0.855,2.678,9.050,10.905,3.023,12.630,5.749
Control-GRP-GC114141,2.590,6.190,1.039,0.195,4.003,6.296,2.998,4.233,4.576,6.995,3.182,3.242,10.410,8.511,2.217,7.753,4.748,2.293,0.220,1.792,2.407,6.346,7.765
Control-GRP-GC114142,1.087,0.797,3.990,0.045,1.875,3.854,2.972,3.838,3.675,4.194,6.914,2.110,15.593,5.122,0.445,6.595,3.462,7.062,2.899,2.872,9.845,5.581,5.172
Control-GRP-GC114183,0.268,3.949,4.066,0.206,3.304,0.989,2.798,4.281,3.830,4.723,3.609,1.704,8.935,1.786,2.851,7.281,13.353,8.703,1.042,6.312,4.585,4.819,6.607
Control-GRP-GC114185,0.602,2.723,4.000,0.757,4.085,1.655,3.383,2.258,1.509,1.633,9.823,3.689,6.428,4.540,2.221,7.742,5.305,4.933,4.099,15.223,3.343,4.985,5.066
Control-GRP-GC114186,0.275,1.525,2.874,0.256,6.261,3.296,3.915,3.748,3.411,4.174,6.458,0.884,10.594,5.533,10.009,5.362,0.682,6.192,3.546,9.892,3.184,1.017,6.911
Control-GRP-GC118464,0.531,7.093,2.341,0.065,4.201,4.706,1.456,5.871,2.723,4.362,7.239,3.494,16.404,9.664,11.703,5.663,2.868,2.097,1.798,0.897,2.137,0.431,2.256
Control-GRP-GC118466,0.094,5.953,3.490,0.084,6.600,1.541,4.140,4.667,3.207,4.465,9.504,4.848,5.508,9.710,9.681,6.284,2.625,3.916,3.773,2.497,2.444,1.806,3.165
Control-GRP-GC118474,0.408,9.214,3.252,0.020,4.464,1.225,2.110,4.997,1.380,6.671,2.692,4.697,3.107,1.714,2.618,1.723,3.065,14.996,4.996,12.321,6.542,6.658,1.131
Control-GRP-GC118476,1.239,4.289,6.375,0.010,3.644,2.586,1.452,6.440,5.123,1.568,7.016,0.798,1.540,10.117,1.194,6.981,5.915,11.059,3.139,3.669,10.239,0.100,5.507
Control-GRP-GC118478,0.164,4.700,1.799,0.027,5.312,2.533,4.552,1.797,4.239,8.977,4.701,5.420,8.680,4.143,5.136,4.886,3.012,1.879,4.930,4.127,7.043,6.511,5.430
Control-GRP-GC118484,0.001,5.326,2.347,0.241,5.741,0.975,3.346,0.894,4.468,2.601,5.055,1.843,1.998,3.994,6.898,2.896,7.069,5.587,8.575,9.757,6.374,5.445,8.567
Control-GRP-GC118485,0.261,9.662,1.752,0.100,3.454,1.472,2.721,1.561,4.699,4.161,5.329,3.225,2.302,5.139,5.300,1.161,10.835,8.947,5.898,3.598,2.592,5.168,10.664
Control-GRP-GC118486,0.189,0.887,4.369,0.144,5.496,1.143,0.967,3.253,2.005,2.829,8.018,1.353,2.402,5.903,0.523,0.113,19.381,6.136,7.184,7.822,6.509,7.806,5.566
Control-GRP-GC118489,0.663,4.649,4.037,0.039,2.226,3.308,4.236,0.106,2.300,2.847,11.799,3.151,18.218,8.982,2.797,6.909,2.295,5.515,0.117,11.073,3.428,0.877,0.429
Control-GRP-GC118490,0.798,3.816,5.330,0.199,4.410,2.168,2.455,6.150,4.889,4.872,10.397,2.824,8.241,0.604,3.625,6.859,0.210,1.859,8.641,1.837,9.159,6.737,3.919
Control-GRP-GC118491,0.294,5.523,7.376,0.023,0.577,3.098,3.471,4.871,3.883,12.223,7.296,3.383,1.249,6.046,3.979,7.852,0.838,9.732,3.472,4.153,4.410,3.778,2.472
Control-GRP-GC118494,1.435,1.300,3.401,0.111,0.272,2.029,5.711,2.970,2.607,4.851,15.582,2.654,8.159,7.698,3.337,4.562,0.032,5.736,3.186,5.745,6.232,5.123,7.265
Control-GRP-GC118496,0.248,1.222,3.166,0.137,6.554,1.751,1.551,2.870,0.205,3.407,3.936,0.713,30.562,5.279,1.244,4.611,5.870,3.563,4.611,2.507,2.146,6.428,7.418
Control-GRP-GC118497,0.134,3.887,5.710,0.113,4.282,1.712,3.114,4.676,0.225,4.663,4.283,3.878,6.820,7.519,6.298,8.703,1.378,4.427,4.913,3.455,9.754,1.110,8.943
Control-GRP-GC118499,1.303,0.173,3.679,0.256,5.081,0.674,1.501,5.216,2.841,3.851,6.841,3.105,18.671,9.387,4.770,7.460,5.450,0.432,4.078,1.431,2.502,5.072,6.228
Control-GRP-GC119340,0.210,9.888,2.547,0.015,0.879,1.323,3.714,1.104,6.344,10.299,7.809,0.412,6.932,5.573,8.147,2.964,2.584,0.907,6.087,4.023,10.422,1.604,6.213
Control-GRP-GC119343,0.034,7.469,1.838,0.029,3.142,0.734,2.485,4.542,4.215,8.109,2.735,5.162,2.835,6.190,23.997,3.570,2.183,1.595,1.975,3.190,8.913,1.724,3.335
Control-GRP-GC119367,0.878,0.807,8.803,0.238,6.097,0.339,4.540,3.506,0.819,7.709,9.800,5.705,4.749,8.305,6.117,7.664,2.068,1.158,5.421,2.386,6.095,4.645,2.151
Control-GRP-GC119369,0.134,4.140,3.233,0.007,6.081,0.751,1.296,2.609,2.882,3.463,5.389,2.764,12.533,0.965,4.895,1.711,9.605,11.567,7.374,0.437,1.762,5.468,10.936
Control-GRP-GC119370,0.245,7.257,2.043,0.030,7.003,2.448,3.553,1.399,2.507,3.763,12.013,3.422,3.139,5.257,5.907,4.616,5.273,6.560,6.597,1.907,6.156,5.718,3.187
Control-GRP-GC119374,0.269,1.589,3.093,0.016,5.986,1.194,4.386,6.073,0.967,3.680,12.363,6.506,11.390,6.834,1.922,3.850,3.531,5.453,0.876,5.607,7.334,5.032,2.049
Control-GRP-GC119375,1.250,8.097,1.424,0.041,7.871,2.617,5.008,8.289,2.173,0.886,10.300,3.316,0.470,4.769,3.614,4.260,3.589,3.867,3.758,2.321,9.795,6.851,5.433
Control-GRP-GC119377,0.227,10.675,2.806,0.061,5.133,1.764,2.694,6.356,3.128,6.829,8.326,2.562,5.925,5.942,6.093,2.478,3.347,5.286,3.625,4.722,6.982,2.437,2.603
Control-GRP-GC119383,1.013,5.794,0.770,0.164,5.242,2.331,3.580,3.104,4.999,1.157,11.103,4.491,1.028,10.979,3.601,2.669,5.548,0.590,0.140,7.797,11.315,0.374,12.213
Control-GRP-GC119384,0.309,7.580,3.513,0.201,6.684,1.200,1.642,5.784,3.577,4.967,9.216,1.266,5.809,0.327,2.183,1.359,10.515,1.767,4.192,6.593,12.926,0.665,7.722
Control-GRP-GC119386,2.369,7.604,4.582,3.159,1.654,3.402,1.186,3.771,1.028,3.921,8.464,2.370,6.498,6.650,6.841,4.839,14.108,2.231,3.054,0.550,7.394,2.024,2.301
Control-GRP-GC119388,0.395,2.969,3.196,0.597,4.162,2.950,4.934,2.558,3.973,8.586,6.787,4.968,6.132,3.883,0.870,6.684,2.811,6.788,7.045,2.120,2.950,7.406,7.236
Control-GRP-GC119389,0.699,4.383,7.310,0.205,1.528,0.754,0.930,7.815,3.730,4.040,5.732,3.520,1.076,1.706,15.330,2.068,7.630,5.636,2.869,5.959,2.020,3.561,11.498
Control-GRP-GC119390,1.679,3.326,0.175,2.045,5.308,4.428,3.932,2.505,4.293,7.710,9.321,3.714,6.994,3.127,14.328,3.537,3.032,0.378,5.128,0.920,7.998,5.089,1.035
Control-GRP-GC119391,0.725,5.753,2.724,0.519,3.381,0.937,1.936,5.626,3.944,9.868,4.839,5.902,0.505,1.140,8.131,6.388,9.578,4.513,0.327,0.149,13.290,3.607,6.217
Control-GRP-GC119394,0.022,5.807,3.801,0.123,5.261,0.617,1.088,4.730,7.970,0.929,7.209,3.710,0.378,5.293,5.261,6.807,4.898,4.023,3.699,6.885,12.324,1.718,7.447
Control-GRP-GC119395,0.767,7.912,0.173,0.591,3.897,2.007,2.984,1.210,5.360,11.334,9.828,2.867,0.266,3.976,12.281,13.291,6.396,0.367,4.872,0.098,3.465,2.828,3.229
Control-GRP-GC119397,0.759,6.369,4.093,0.029,5.916,2.480,3.005,3.853,5.080,3.812,1.170,0.255,5.336,8.004,9.751,12.133,1.970,0.628,10.235,2.784,4.971,6.098,1.270
Control-GRP-GC119398,0.658,3.609,3.771,0.269,0.575,1.173,1.786,3.758,2.513,5.000,3.885,2.219,13.555,4.673,4.712,5.561,19.760,1.962,2.256,6.899,0.342,9.377,1.685
Control-GRP-GC119399,1.290,5.595,6.127,0.214,4.697,0.888,1.244,0.298,4.642,8.431,6.777,3.206,4.369,4.683,9.740,0.762,6.711,8.904,1.201,5.740,6.548,3.976,3.957
Control-GRP-GC119400,1.713,3.620,4.844,0.441,2.203,3.397,1.032,4.109,1.777,7.166,2.907,2.272,16.076,4.389,6.332,1.292,10.271,3.279,5.127,3.221,4.128,4.002,6.401
Control-GRP-GC119401,0.241,7.947,5.267,0.250,5.652,1.089,2.503,3.063,6.221,5.196,7.073,1.672,4.324,2.076,9.367,4.460,6.005,9.327,1.229,4.857,6.814,1.528,3.839
Control-GRP-GC119402,0.735,6.783,3.367,0.397,5.162,1.584,1.873,4.562,4.632,8.314,4.961,3.075,11.160,4.743,4.273,8.224,7.640,2.985,9.342,2.655,0.351,2.389,0.794
Control-GRP-GC119403,0.459,9.411,1.085,0.369,1.870,1.579,3.137,2.784,3.334,3.020,5.088,2.781,8.823,6.616,7.064,5.202,12.313,2.515,2.449,9.379,0.755,5.675,4.290
Control-GRP-GC119405,0.001,6.174,0.651,0.336,5.368,4.758,2.085,4.745,1.242,2.447,11.753,4.780,11.078,8.739,3.321,2.348,2.725,7.148,1.516,7.369,5.215,4.006,2.195
Control-GRP-GC119410,0.387,13.000,4.652,0.102,2.551,1.697,1.937,0.546,1.267,9.219,4.447,1.808,11.344,3.999,2.062,2.321,8.070,11.859,2.649,2.496,4.337,1.082,8.171
Control-GRP-GC119411,1.152,8.696,2.526,0.066,0.391,2.471,1.616,5.216,3.189,2.580,6.211,4.526,7.327,13.677,0.468,8.577,5.535,1.637,1.697,9.151,7.074,4.449,1.769
Control-GRP-GC119415,0.097,3.018,0.916,0.096,6.383,1.382,1.906,2.427,5.018,3.072,9.580,2.696,6.029,1.150,13.861,3.085,3.051,6.866,6.466,8.405,4.843,2.700,6.953
Control-GRP-GC119416,2.390,5.834,2.257,0.335,7.713,0.094,3.657,0.817,4.861,4.791,6.182,3.714,7.869,13.619,5.712,7.340,6.351,3.701,6.119,0.414,2.998,0.985,2.247
Control-GRP-GC119417,0.956,6.085,5.342,0.378,4.803,2.458,2.938,1.868,3.701,2.688,7.638,1.915,4.129,4.575,6.013,2.680,4.623,6.847,9.030,3.072,8.328,2.655,7.278
Control-GRP-GC119419,1.167,0.170,0.914,1.651,2.647,2.671,4.429,6.401,0.611,4.690,10.310,3.770,11.126,6.811,1.756,5.890,12.281,5.716,1.182,3.029,3.912,1.327,7.539
Control-GRP-GC119420,0.240,4.819,5.065,0.094,5.178,1.132,2.875,0.506,1.861,1.418,1.181,2.591,16.245,4.664,7.062,2.159,14.526,3.804,1.168,9.174,5.857,1.382,7.000
Control-GRP-GC119421,0.898,6.604,2.616,0.198,5.508,2.108,8.031,2.919,1.637,1.106,2.079,1.894,4.455,0.091,6.429,11.785,7.659,1.933,4.188,1.752,4.325,20.245,1.539
Control-GRP-GC119422,0.775,2.684,5.168,0.165,7.595,0.136,3.834,0.559,1.554,7.965,6.446,4.475,3.048,2.290,12.316,3.705,6.629,6.752,2.374,5.202,7.266,2.008,7.057
Control-GRP-GC119426,1.967,3.561,0.821,0.640,7.236,1.348,3.397,6.830,1.792,6.540,9.737,3.017,10.954,7.929,0.049,1.547,4.297,3.178,3.928,4.780,8.307,4.201,3.945
Control-GRP-GC119430,0.941,7.282,1.357,0.483,2.077,2.598,0.675,2.428,10.328,8.989,7.350,5.211,0.678,6.100,13.116,2.557,3.690,10.280,1.507,4.496,2.509,0.555,4.792
Control-GRP-GC121331,0.816,3.856,4.590,1.354,3.355,0.488,1.734,8.366,0.381,4.597,3.982,3.782,3.243,3.103,3.631,8.971,10.719,16.192,1.416,1.766,1.421,5.715,6.522
Control-GRP-GC121332,1.001,3.590,0.126,0.449,7.075,2.357,3.326,2.178,4.272,5.175,4.041,2.416,26.994,1.266,1.894,5.414,1.378,3.440,6.681,1.282,0.334,7.960,7.350
Control-GRP-GC121336,0.031,4.125,0.041,0.013,3.401,1.617,2.803,4.279,4.204,9.804,3.978,4.698,2.831,7.486,26.313,0.244,3.447,0.092,2.366,7.014,2.764,1.031,7.416
Control-GRP-GC121337,0.496,4.215,3.828,0.041,6.388,1.398,1.780,1.962,5.447,9.204,2.725,3.423,2.327,0.282,17.707,0.541,5.010,6.214,1.115,9.624,12.899,1.565,1.808
Control-GRP-GC121338,0.092,3.860,8.822,0.009,3.559,1.222,2.606,4.403,5.117,2.225,1.616,2.042,10.776,7.567,5.100,4.017,0.078,4.978,4.607,8.211,12.530,5.369,1.195
Control-GRP-GC121339,1.100,2.148,5.616,0.753,2.760,0.483,2.035,4.290,2.622,3.650,5.147,0.749,15.259,5.755,5.414,2.037,10.654,5.213,6.792,7.660,6.575,1.806,1.480
Control-GRP-GC121340,0.693,3.964,4.317,0.301,1.564,0.529,2.241,5.144,3.806,2.348,3.112,2.662,4.376,5.321,7.034,1.129,13.015,6.234,0.612,11.447,5.642,3.366,11.139
Control-GRP-GC121341,0.303,7.695,2.002,0.136,4.450,2.527,4.116,2.888,1.742,2.697,5.883,1.490,1.565,0.675,1.681,8.152,10.923,1.076,9.312,6.135,6.329,3.220,15.005
Control-GRP-GC121342,0.819,8.878,0.812,0.275,6.972,2.832,1.627,3.236,4.771,4.852,1.461,1.440,12.805,4.455,2.242,13.490,2.175,1.008,5.027,4.726,7.140,5.729,3.227
Control-GRP-GC121343,2.353,3.528,8.193,0.119,2.050,2.259,4.603,1.865,6.909,3.704,6.884,4.601,2.520,8.448,10.391,10.040,1.832,1.406,1.171,3.859,10.752,1.348,1.166
Control-GRP-GC121346,0.021,3.870,0.819,0.126,5.794,1.218,3.166,2.291,1.836,3.397,4.155,3.194,3.557,3.547,2.944,9.853,9.996,1.857,13.614,10.136,6.007,4.057,4.545
Control-GRP-GC121347,3.590,9.773,2.082,0.358,5.313,1.171,3.947,2.905,0.883,4.472,4.797,4.721,6.751,13.155,3.437,1.973,4.361,7.719,2.747,4.431,7.839,2.599,0.973
Control-GRP-GC121348,0.220,3.284,2.742,0.052,4.407,1.432,2.294,0.441,3.039,1.805,2.692,1.325,27.278,4.485,3.605,0.782,7.920,7.420,7.285,7.107,3.708,1.194,5.482
Control-GRP-GC121349,0.146,1.981,5.137,0.295,5.205,0.775,2.744,1.261,3.691,4.410,6.427,2.048,2.938,7.301,5.770,4.578,18.385,5.496,2.333,6.031,3.491,3.643,5.913
