Sample,BRCA,CEAD,CESC,COAD,OV,READ,bcell,cd4tcell,cd8tcell,erythroblast,monocyte,naturalkillercell,neutrophil,Unknown-1
Ov9433_rep10_Dep6_Tu5,0.064,1.157,2.857,0.033,0.447,0.000,0.571,4.134,0.671,2.058,4.974,0.374,20.993,61.664
Ov9433_rep6_Dep6_Tu20,0.002,0.116,15.485,0.313,1.534,0.037,1.247,2.062,1.154,1.171,1.324,0.530,16.046,58.980
Ov9433_rep8_Dep6_Tu5,0.026,0.081,4.444,0.115,0.183,0.000,0.132,2.167,3.111,1.449,3.954,0.470,22.658,61.211
Ov9433_rep2_Dep6_Tu5,0.002,0.380,3.337,0.001,0.641,0.000,0.330,1.329,3.325,1.059,3.877,0.201,22.773,62.745
Ov9433_rep5_Dep6_Tu0.5,0.004,0.179,0.000,0.000,0.534,0.000,0.580,2.794,1.498,1.317,5.543,0.317,21.226,66.008
Ov9433_rep5_Dep6_Tu5,0.002,0.842,2.414,0.019,0.683,0.004,0.108,4.660,1.192,1.889,3.416,0.388,21.705,62.679
Ov9433_rep8_Dep6_Tu30,0.036,0.014,27.085,0.567,0.209,0.013,0.671,0.586,0.486,0.629,1.614,0.128,10.901,57.061
Ov9433_rep6_Dep6_Tu0.3,0.000,0.209,0.000,0.000,0.188,0.000,0.167,3.628,2.807,1.291,6.933,0.204,20.219,64.352
Ov9433_rep1_Dep6_Tu0.3,0.000,0.076,0.000,0.000,0.069,0.000,0.406,1.585,2.898,2.098,7.070,0.898,20.781,64.118
Ov9433_rep2_Dep6_Tu10,0.089,0.130,8.400,0.001,0.297,0.027,0.517,2.461,0.028,1.609,4.902,0.644,18.400,62.495
Ov9433_rep4_Dep6_Tu20,0.023,0.089,17.842,0.037,0.416,0.003,0.293,2.091,0.096,1.227,2.642,0.399,17.577,57.265
Ov9433_rep3_Dep6_Tu10,0.249,0.063,7.608,0.084,0.422,0.002,0.906,2.208,0.001,2.365,4.597,1.031,19.556,60.908
Ov9433_rep4_Dep6_Tu0.3,0.000,0.029,0.000,0.000,0.206,0.000,0.477,3.016,2.434,1.169,5.555,0.522,20.633,65.959
Ov9433_rep9_Dep6_Tu0.1,0.002,0.100,0.000,0.000,0.383,0.000,0.417,2.571,3.982,1.149,5.205,0.471,22.591,63.130
Ov9433_rep10_Dep6_Tu0.5,0.023,0.192,0.001,0.000,0.348,0.000,1.529,3.774,1.510,1.573,5.627,0.161,21.196,64.066
Ov9433_rep6_Dep6_Tu30,0.002,0.002,27.434,0.663,0.227,0.133,0.078,1.347,0.179,0.739,2.423,0.084,14.724,51.965
Ov9433_rep1_Dep6_Tu2,0.236,0.251,0.109,0.001,0.567,0.000,0.903,3.511,1.976,2.397,4.371,0.533,19.862,65.284
Ov9433_rep1_Dep6_Tu5,0.024,0.320,3.003,0.003,0.609,0.002,0.364,2.905,3.018,1.812,4.833,0.136,20.077,62.895
Ov9433_rep5_Dep6_Tu1,0.029,0.597,0.005,0.000,0.494,0.000,0.514,3.896,1.220,1.453,6.013,0.382,19.944,65.455
Ov9433_rep9_Dep6_Tu5,0.052,0.431,2.579,0.340,0.107,0.000,0.657,1.837,2.552,2.026,5.555,0.279,18.946,64.640
Ov9433_rep9_Dep6_Tu0.3,0.000,0.031,0.000,0.000,0.014,0.000,0.360,0.368,3.222,2.288,7.184,0.599,21.496,64.438
Ov9433_rep4_Dep6_Tu10,0.041,0.170,8.168,0.001,0.263,0.000,0.411,0.886,1.062,1.538,6.174,0.088,17.113,64.085
Ov9433_rep1_Dep6_Tu3,0.044,0.586,1.442,0.001,0.777,0.000,0.456,3.626,1.431,0.471,6.767,0.667,19.803,63.930
Ov9433_rep4_Dep6_Tu50,0.006,0.000,47.176,1.140,0.366,0.276,0.031,0.010,0.025,0.029,0.391,0.037,7.908,42.604
Ov9433_rep9_Dep6_Tu30,0.002,0.001,28.468,0.029,0.114,0.002,0.038,0.334,0.405,0.187,2.287,0.471,14.602,53.059
Ov9433_rep4_Dep6_Tu2,0.005,0.713,0.127,0.074,0.970,0.016,0.960,3.592,1.571,0.361,4.905,0.192,20.595,65.921
Ov9433_rep7_Dep6_Tu3,0.078,0.963,0.232,0.469,0.744,0.000,0.068,4.037,1.517,1.891,5.184,0.169,20.833,63.814
Ov9433_rep8_Dep6_Tu1,0.006,0.327,0.001,0.000,0.288,0.001,0.436,2.683,2.148,2.078,5.098,0.558,22.422,63.953
Ov9433_rep2_Dep6_Tu30,0.111,0.005,28.216,0.015,0.173,0.123,0.145,0.358,0.139,0.584,2.144,0.034,13.404,54.550
Ov9433_rep7_Dep6_Tu1,0.000,0.197,0.000,0.000,0.441,0.000,0.457,2.187,2.451,0.944,6.711,0.293,19.287,67.032
Ov9433_rep6_Dep6_Tu3,0.022,0.542,0.023,0.359,0.107,0.187,0.908,4.451,1.318,1.095,5.953,0.432,20.648,63.953
Ov9433_rep8_Dep6_Tu0.3,0.000,0.021,0.000,0.000,0.027,0.000,0.346,3.611,0.234,2.228,6.717,0.972,21.511,64.332
Ov9433_rep5_Dep6_Tu3,0.069,1.219,0.598,0.001,0.490,0.001,0.405,2.137,1.972,1.640,4.867,0.425,21.146,65.031
Ov9433_rep4_Dep6_Tu0.1,0.000,0.058,0.000,0.000,0.197,0.000,0.530,3.226,1.026,1.126,6.370,1.196,22.996,63.277
Ov9433_rep2_Dep6_Tu40,0.017,0.010,37.776,0.467,0.147,0.378,0.162,0.052,0.003,0.066,1.058,0.072,12.642,47.150
Ov9433_rep2_Dep6_Tu20,0.009,0.063,17.459,0.204,0.270,0.001,0.755,1.206,0.955,0.760,3.226,0.570,16.565,57.956
Ov9433_rep10_Dep6_Tu3,0.018,0.320,2.157,0.065,0.301,0.009,0.927,3.032,2.465,1.093,4.600,0.127,19.404,65.481
Ov9433_rep4_Dep6_Tu3,0.003,0.838,1.640,0.000,0.590,0.000,0.667,2.379,1.999,1.033,5.453,0.037,21.789,63.571
Ov9433_rep2_Dep6_Tu3,0.001,0.246,1.055,0.343,0.829,0.000,0.466,2.552,0.420,3.495,6.393,0.812,20.033,63.356
Ov9433_rep3_Dep6_Tu50,0.003,0.004,46.433,0.854,0.186,0.716,0.007,0.008,0.002,0.005,0.281,0.001,6.880,44.620
Ov9433_rep6_Dep6_Tu2,0.003,0.598,1.090,0.001,0.461,0.000,0.483,3.022,1.399,1.988,4.985,0.431,21.873,63.666
Ov9433_rep1_Dep6_Tu30,0.020,0.020,27.204,0.170,0.117,0.137,0.023,0.067,0.287,0.704,1.974,0.122,11.522,57.633
Ov9433_rep9_Dep6_Tu40,0.019,0.003,38.119,0.446,0.142,0.304,0.051,0.019,0.061,0.101,0.662,0.024,11.004,49.046
Ov9433_rep8_Dep6_Tu0.1,0.000,0.030,0.000,0.000,0.311,0.000,0.545,5.257,1.968,1.582,4.776,0.604,23.376,61.550
Ov9433_rep7_Dep6_Tu0.5,0.000,0.146,0.000,0.000,0.782,0.000,0.462,2.820,2.899,1.653,5.399,0.262,22.212,63.364
Ov9433_rep7_Dep6_Tu0.1,0.000,0.032,0.000,0.000,0.045,0.000,0.069,0.121,3.917,1.550,6.741,0.062,21.453,66.011
Ov9433_rep9_Dep6_Tu2,0.006,0.344,0.295,0.211,0.254,0.000,0.228,2.662,1.071,2.824,5.048,0.833,19.272,66.954
Ov9433_rep3_Dep6_Tu2,0.008,0.585,0.006,0.000,0.587,0.000,0.539,4.177,1.608,0.944,5.885,1.216,19.685,64.761
Ov9433_rep4_Dep6_Tu40,0.011,0.004,37.389,0.221,0.197,0.033,0.031,0.028,0.056,0.475,1.029,0.018,9.059,51.449
Ov9433_rep9_Dep6_Tu10,0.006,0.022,9.819,0.081,0.024,0.000,0.241,2.733,1.056,0.439,5.385,0.316,19.922,59.957
Ov9433_rep9_Dep6_Tu50,0.003,0.000,48.467,0.541,0.042,0.152,0.013,0.001,0.002,0.002,0.051,0.004,5.009,45.713
Ov9433_rep2_Dep6_Tu1,0.001,0.137,0.000,0.000,0.402,0.000,0.297,3.141,1.075,1.811,7.845,0.437,21.757,63.098
Ov9433_rep8_Dep6_Tu3,0.000,0.923,1.436,0.000,0.327,0.000,0.300,2.011,1.894,3.252,4.272,0.303,23.599,61.683
Ov9433_rep3_Dep6_Tu40,0.031,0.003,37.742,0.092,0.086,0.389,0.093,0.043,0.115,0.073,0.590,0.285,12.402,48.056
Ov9433_rep6_Dep6_Tu40,0.003,0.002,37.422,0.680,0.298,0.037,0.009,0.030,0.018,0.066,1.706,0.024,7.636,52.068
Ov9433_rep6_Dep6_Tu50,0.000,0.000,46.852,0.866,0.091,0.820,0.010,0.007,0.024,0.022,0.391,0.002,8.422,42.492
Ov9433_rep5_Dep6_Tu2,0.000,1.315,0.453,0.017,0.567,0.027,0.325,3.067,2.536,1.599,4.377,0.367,24.025,61.324
Ov9433_rep9_Dep6_Tu3,0.010,0.568,0.792,0.000,0.903,0.000,0.408,3.274,3.240,1.557,5.526,0.292,20.273,63.156
Ov9433_rep10_Dep6_Tu40,0.004,0.002,35.942,0.570,0.934,0.038,0.226,0.102,0.103,0.516,1.013,0.269,11.102,49.179
Ov9433_rep1_Dep6_Tu50,0.001,0.000,48.101,1.086,0.153,0.406,0.001,0.018,0.013,0.030,0.239,0.020,8.538,41.395
Ov9433_rep6_Dep6_Tu5,0.010,0.637,2.526,0.103,0.152,0.000,0.331,1.739,3.243,2.005,5.049,0.293,20.335,63.577
Ov9433_rep2_Dep6_Tu2,0.725,0.495,0.266,0.000,0.304,0.000,0.954,1.661,1.842,2.775,5.218,0.396,22.814,62.551
Ov9433_rep9_Dep6_Tu0.5,0.000,0.211,0.000,0.000,0.173,0.000,0.134,3.893,1.460,1.131,5.606,0.158,20.140,67.094
Ov9433_rep3_Dep6_Tu5,0.021,0.159,4.204,0.000,0.354,0.000,0.532,0.643,3.201,1.785,2.948,0.326,21.394,64.433
Ov9433_rep4_Dep6_Tu1,0.006,1.269,0.001,0.007,0.640,0.001,0.451,2.983,2.236,1.501,5.410,0.347,22.506,62.642
Ov9433_rep3_Dep6_Tu1,0.002,0.119,0.001,0.000,0.351,0.000,0.910,3.094,0.788,1.314,5.934,0.681,21.916,64.891
Ov9433_rep1_Dep6_Tu0.5,0.000,0.409,0.000,0.000,0.236,0.000,0.273,3.484,2.901,0.840,5.953,0.200,21.401,64.303
Ov9433_rep5_Dep6_Tu0.1,0.000,0.078,0.000,0.000,0.126,0.000,0.629,2.335,3.003,1.878,6.121,0.427,20.621,64.783
Ov9433_rep7_Dep6_Tu0.3,0.000,0.264,0.000,0.000,0.140,0.000,0.251,2.968,1.157,1.866,5.585,0.319,20.739,66.709
Ov9433_rep1_Dep6_Tu40,0.021,0.001,37.737,0.573,0.212,0.107,0.047,0.104,0.201,0.203,0.542,0.117,11.389,48.746
Ov9433_rep8_Dep6_Tu2,0.016,0.646,1.006,0.000,0.359,0.000,0.556,2.985,1.988,1.295,5.243,0.548,22.046,63.313
Ov9433_rep2_Dep6_Tu0.3,0.000,0.028,0.000,0.000,0.489,0.000,0.117,2.838,3.548,1.082,4.196,0.104,24.634,62.963
Ov9433_rep7_Dep6_Tu20,0.004,0.007,18.511,0.012,0.041,0.000,0.207,0.992,0.442,0.659,3.361,0.035,14.159,61.569
Ov9433_rep6_Dep6_Tu0.5,0.000,0.372,0.000,0.000,0.345,0.000,0.242,0.737,5.028,2.005,5.655,0.160,21.741,63.714
Ov9433_rep8_Dep6_Tu40,0.001,0.001,39.298,0.147,0.005,0.033,0.052,0.037,0.001,0.039,0.400,0.009,7.675,52.302
Ov9433_rep10_Dep6_Tu30,0.172,0.025,26.175,0.040,1.351,0.018,0.521,0.665,0.215,0.339,2.581,0.313,14.715,52.870
Ov9433_rep7_Dep6_Tu50,0.003,0.001,46.885,0.977,0.327,0.696,0.045,0.019,0.004,0.014,0.246,0.002,5.929,44.850
Ov9433_rep1_Dep6_Tu1,0.003,0.062,0.001,0.000,0.366,0.000,0.449,2.081,3.818,2.579,5.851,0.563,21.894,62.333
Ov9433_rep2_Dep6_Tu0.5,0.000,0.179,0.000,0.000,0.071,0.000,0.358,3.652,0.442,1.127,6.984,1.054,20.414,65.719
Ov9433_rep1_Dep6_Tu10,0.005,0.350,7.517,0.564,0.480,0.000,0.732,1.299,2.817,1.228,3.777,0.366,18.906,61.959
Ov9433_rep5_Dep6_Tu0.3,0.000,0.150,0.000,0.000,0.135,0.000,0.096,4.023,1.864,1.772,6.010,0.348,21.355,64.247
Ov9433_rep7_Dep6_Tu40,0.006,0.001,38.613,0.048,0.550,0.000,0.089,0.078,0.103,0.346,0.607,0.301,11.524,47.734
Ov9433_rep8_Dep6_Tu50,0.020,0.000,46.755,1.248,0.080,0.459,0.009,0.013,0.013,0.043,0.397,0.017,7.636,43.309
Ov9433_rep5_Dep6_Tu50,0.006,0.000,48.494,0.285,0.350,0.649,0.022,0.000,0.001,0.012,0.213,0.006,6.193,43.771
Ov9433_rep4_Dep6_Tu5,0.272,0.650,2.893,0.048,0.584,0.001,0.120,4.471,1.439,1.374,5.728,0.156,20.263,62.000
Ov9433_rep3_Dep6_Tu3,0.058,1.255,0.665,0.001,0.292,0.000,0.409,3.396,3.012,2.300,4.548,0.247,19.899,63.919
Ov9433_rep8_Dep6_Tu0.5,0.000,0.298,0.000,0.000,0.416,0.000,0.445,3.555,2.272,1.307,5.679,0.559,21.442,64.027
Ov9433_rep9_Dep6_Tu20,0.004,0.031,17.127,0.105,0.348,0.000,0.273,0.523,0.992,1.194,4.869,0.835,15.030,58.669
Ov9433_rep10_Dep6_Tu0.3,0.000,0.042,0.000,0.000,0.057,0.000,0.149,3.354,2.084,1.865,6.297,0.488,22.005,63.660
Ov9433_rep5_Dep6_Tu40,0.001,0.001,37.761,0.421,0.202,0.145,0.060,0.150,0.011,0.082,1.251,0.148,11.765,48.003
Ov9433_rep2_Dep6_Tu50,0.006,0.000,48.680,0.437,0.117,0.236,0.006,0.001,0.001,0.002,0.143,0.001,5.149,45.221
Ov9433_rep1_Dep6_Tu20,0.000,0.044,17.717,0.142,0.036,0.123,0.104,0.046,1.851,1.724,2.627,0.233,18.678,56.675
Ov9433_rep3_Dep6_Tu0.1,0.002,0.307,0.000,0.000,0.267,0.000,0.487,0.744,3.227,1.653,6.515,0.463,21.564,64.770
Ov9433_rep5_Dep6_Tu20,0.009,0.024,18.352,0.015,0.191,0.057,0.828,0.669,1.287,1.498,3.288,0.370,18.302,55.112
Ov9433_rep3_Dep6_Tu30,0.009,0.001,27.043,0.241,0.254,0.014,0.091,0.127,0.037,0.807,2.648,0.175,11.545,57.007
Ov9433_rep6_Dep6_Tu0.1,0.000,0.043,0.000,0.000,0.071,0.000,0.568,2.025,3.527,1.959,6.498,0.068,22.431,62.810
Ov9433_rep5_Dep6_Tu30,0.005,0.013,28.002,0.646,0.512,0.004,0.454,0.819,0.041,1.621,2.602,0.179,13.407,51.694
Ov9433_rep3_Dep6_Tu0.3,0.000,0.517,0.000,0.000,0.177,0.000,0.610,3.471,1.137,1.732,6.075,0.865,21.521,63.896
Ov9433_rep9_Dep6_Tu1,0.010,0.447,0.001,0.000,0.132,0.000,1.037,2.803,1.989,2.372,6.235,0.222,20.413,64.339
Ov9433_rep6_Dep6_Tu1,0.005,0.483,0.000,0.000,0.861,0.000,0.524,3.132,1.240,0.442,5.990,0.638,21.551,65.135
Ov9433_rep10_Dep6_Tu1,0.002,0.592,0.001,0.000,0.142,0.000,0.448,2.642,2.038,3.300,4.253,0.206,24.260,62.117
Ov9433_rep7_Dep6_Tu5,0.098,0.535,2.691,0.266,0.858,0.001,0.533,3.105,1.529,1.449,5.039,0.588,19.868,63.440
Ov9433_rep3_Dep6_Tu0.5,0.000,0.134,0.000,0.000,0.191,0.000,0.107,4.547,2.603,0.457,6.821,0.150,19.974,65.015
Ov9433_rep4_Dep6_Tu30,0.034,0.010,27.185,0.055,0.828,0.005,0.163,0.457,0.332,0.017,2.795,0.547,12.262,55.311
Ov9433_rep4_Dep6_Tu0.5,0.001,0.388,0.000,0.000,0.427,0.000,0.433,2.508,2.381,2.558,5.352,0.211,23.572,62.171
Ov9433_rep3_Dep6_Tu20,0.003,0.019,17.981,0.040,0.098,0.000,0.323,0.824,0.384,1.071,4.292,0.123,16.635,58.208
Ov9433_rep6_Dep6_Tu10,0.000,0.466,7.051,0.000,1.182,0.023,0.434,1.299,2.005,0.924,3.938,0.469,18.437,63.772
Ov9433_rep5_Dep6_Tu10,0.043,0.239,10.575,0.050,0.177,0.000,0.091,1.167,1.822,1.181,5.675,0.098,19.695,59.188
Ov9433_rep8_Dep6_Tu10,0.154,1.455,7.143,0.446,0.399,0.023,1.141,2.719,0.926,1.489,5.414,0.733,23.485,54.474
Ov9433_rep7_Dep6_Tu2,0.000,0.375,0.340,0.029,0.345,0.009,0.359,3.046,3.218,0.666,5.480,0.337,21.606,64.192
Ov9433_rep10_Dep6_Tu2,0.064,1.399,0.076,0.000,0.530,0.000,0.682,1.465,2.506,1.220,5.615,0.979,24.263,61.201
Ov9433_rep7_Dep6_Tu30,0.016,0.006,28.464,0.162,0.033,0.011,0.300,0.037,0.278,0.721,0.932,0.076,13.179,55.784
Ov9433_rep1_Dep6_Tu0.1,0.000,0.049,0.000,0.000,0.186,0.000,0.945,3.929,0.010,1.518,6.519,0.922,22.660,63.263
Ov9433_rep8_Dep6_Tu20,0.004,0.048,17.637,0.020,0.299,0.001,0.376,1.203,0.404,1.888,2.478,0.609,16.895,58.140
Ov9433_rep10_Dep6_Tu0.1,0.000,0.038,0.000,0.000,0.121,0.000,0.463,3.735,1.838,0.768,6.327,0.998,21.245,64.466
Ov9433_rep7_Dep6_Tu10,0.232,0.283,8.507,0.006,0.119,0.011,0.235,2.063,1.632,0.782,4.482,0.090,17.678,63.878
Ov9433_rep10_Dep6_Tu50,0.015,0.001,45.810,1.151,0.195,0.744,0.013,0.001,0.001,0.047,0.301,0.003,5.506,46.213
Ov9433_rep2_Dep6_Tu0.1,0.000,0.086,0.000,0.000,0.208,0.000,0.217,3.856,2.312,1.999,4.643,0.321,21.523,64.833
Ov9433_rep10_Dep6_Tu10,0.048,0.058,7.276,0.071,0.606,0.007,0.915,2.060,1.551,0.817,4.721,1.263,19.194,61.414
Ov9433_rep10_Dep6_Tu20,0.065,0.109,17.296,0.343,0.389,0.001,0.339,0.996,1.293,0.948,3.248,0.270,16.245,58.457
