Sample,BRCA,CEAD,CESC,COAD,OV,READ,bcell,cd4tcell,cd8tcell,erythroblast,monocyte,naturalkillercell,neutrophil
Br66_rep4_Dep6_Tu50,51.283,0.000,0.000,0.121,3.813,0.000,1.544,0.000,0.000,8.520,8.867,0.000,25.851
Br66_rep3_Dep6_Tu0.5,0.000,0.000,0.000,0.000,8.694,0.000,4.250,0.000,1.317,9.141,15.630,3.410,57.558
Br66_rep2_Dep6_Tu3,0.390,0.000,0.000,0.000,14.591,0.000,1.304,1.228,0.000,15.189,8.240,3.619,55.438
Br66_rep6_Dep6_Tu40,38.223,0.224,0.000,1.903,5.800,0.000,0.000,0.000,0.000,8.637,7.308,2.122,35.783
Br66_rep9_Dep6_Tu0.1,0.000,0.000,0.000,0.000,14.164,0.000,4.563,0.000,0.810,12.157,10.080,4.827,53.399
Br66_rep9_Dep6_Tu5,4.467,0.000,0.000,1.599,7.613,0.540,3.923,0.000,1.832,14.664,10.846,1.870,52.645
Br66_rep10_Dep6_Tu1,0.091,0.462,1.260,1.001,10.528,0.000,0.052,0.000,0.825,10.097,12.908,5.160,57.618
Br66_rep6_Dep6_Tu20,22.805,0.000,0.000,0.269,3.634,0.000,0.854,0.000,3.921,8.907,8.767,2.620,48.223
Br66_rep10_Dep6_Tu30,31.970,0.000,0.000,3.134,0.000,0.000,0.000,0.000,1.500,8.942,13.596,0.000,40.858
Br66_rep10_Dep6_Tu5,2.121,0.000,0.000,0.000,13.495,0.000,1.768,0.000,0.467,15.900,12.504,2.888,50.858
Br66_rep7_Dep6_Tu1,0.000,0.428,0.000,0.000,8.052,0.000,3.455,0.000,0.000,11.501,12.846,0.548,63.171
Br66_rep6_Dep6_Tu0.3,0.000,0.000,0.000,0.000,7.562,0.000,4.720,0.000,1.390,9.274,15.658,3.469,57.927
Br66_rep1_Dep6_Tu30,29.152,0.000,0.000,4.645,8.642,0.000,0.980,0.000,0.000,7.742,6.474,2.598,39.766
Br66_rep3_Dep6_Tu1,0.000,0.000,0.000,0.000,9.363,0.000,2.342,0.000,0.225,9.293,14.117,4.507,60.154
Br66_rep3_Dep6_Tu30,40.221,0.000,0.000,0.000,3.026,0.000,0.000,0.000,0.000,9.689,6.113,0.000,40.951
Br66_rep9_Dep6_Tu1,0.000,0.000,0.000,0.000,14.322,0.000,3.998,0.000,0.000,10.118,10.625,0.990,59.947
Br66_rep9_Dep6_Tu40,38.876,0.000,0.000,3.712,3.089,0.000,0.000,3.567,0.000,7.943,7.605,0.000,35.208
Br66_rep5_Dep6_Tu1,1.095,0.000,0.944,0.000,7.031,1.467,3.514,0.000,1.521,13.894,13.240,2.746,54.547
Br66_rep2_Dep6_Tu5,4.107,0.000,0.000,1.463,9.520,0.000,1.264,0.000,0.000,11.460,9.107,3.992,59.088
Br66_rep5_Dep6_Tu30,30.551,0.000,0.000,0.000,5.240,0.000,0.000,0.000,0.000,17.091,5.338,0.000,41.780
Br66_rep7_Dep6_Tu50,41.818,6.592,0.000,6.271,0.639,0.000,0.000,0.000,0.000,11.186,6.308,0.000,27.187
Br66_rep4_Dep6_Tu40,41.417,0.000,0.000,3.340,3.211,0.000,0.000,0.000,0.000,11.884,9.403,1.009,29.736
Br66_rep8_Dep6_Tu5,6.754,0.000,0.000,0.000,8.476,0.000,2.992,0.000,0.898,11.555,8.078,5.004,56.243
Br66_rep9_Dep6_Tu2,0.000,0.606,0.000,0.241,10.515,0.000,3.606,0.000,0.000,16.206,11.233,0.167,57.426
Br66_rep6_Dep6_Tu30,31.976,0.000,0.000,2.704,13.834,0.000,0.435,0.000,2.245,2.440,5.910,3.524,36.931
Br66_rep4_Dep6_Tu0.1,0.088,0.000,0.000,0.000,5.055,0.000,2.685,0.000,0.000,16.366,11.234,0.000,64.572
Br66_rep5_Dep6_Tu10,8.459,0.000,0.000,0.000,9.193,0.000,5.579,0.000,1.150,12.841,10.255,0.679,51.844
Br66_rep3_Dep6_Tu40,37.825,3.127,0.000,2.178,6.108,0.000,1.481,0.000,0.000,4.778,5.966,4.208,34.330
Br66_rep9_Dep6_Tu0.5,0.000,0.000,0.000,0.000,16.552,0.000,1.234,0.000,0.000,11.150,11.090,3.620,56.354
Br66_rep8_Dep6_Tu2,1.590,0.000,0.000,0.000,9.884,0.000,4.556,0.000,0.000,11.410,11.024,3.324,58.212
Br66_rep10_Dep6_Tu2,0.000,0.000,0.000,0.000,12.879,0.000,2.996,0.000,0.000,13.594,11.853,1.512,57.166
Br66_rep6_Dep6_Tu0.1,0.000,0.000,0.000,0.000,10.938,0.000,2.351,0.000,1.800,14.136,12.013,0.464,58.298
Br66_rep5_Dep6_Tu0.5,0.000,0.000,0.000,0.000,7.649,0.000,3.944,0.000,0.000,11.954,7.049,3.174,66.230
Br66_rep2_Dep6_Tu20,28.035,0.000,0.000,0.000,8.306,0.000,2.817,0.570,0.000,9.990,4.180,0.000,46.101
Br66_rep4_Dep6_Tu0.5,0.000,0.000,0.000,0.000,11.299,0.000,7.380,0.000,0.000,9.739,5.013,4.055,62.515
Br66_rep4_Dep6_Tu5,3.191,0.000,0.000,0.000,18.616,0.000,1.773,0.000,0.191,10.316,11.821,4.376,49.716
Br66_rep8_Dep6_Tu0.5,0.000,0.000,0.000,0.000,11.135,0.000,5.590,0.000,0.000,11.937,8.554,0.000,62.784
Br66_rep5_Dep6_Tu20,25.107,0.000,0.000,2.028,7.400,0.000,5.422,0.000,0.459,2.126,7.213,2.672,47.572
Br66_rep1_Dep6_Tu3,5.102,0.000,1.740,0.698,0.000,0.000,4.120,0.000,1.267,13.734,10.976,2.357,60.006
Br66_rep10_Dep6_Tu10,11.855,0.000,1.724,0.000,2.719,0.000,2.914,0.000,0.197,11.810,10.132,4.047,54.603
Br66_rep3_Dep6_Tu10,9.449,0.000,0.000,0.000,2.739,0.000,1.425,1.223,0.000,17.922,9.579,0.000,57.664
Br66_rep10_Dep6_Tu40,31.003,0.000,2.470,2.372,12.080,0.000,4.186,0.000,3.326,8.490,2.348,0.000,33.725
Br66_rep1_Dep6_Tu50,51.846,0.000,0.000,7.246,0.000,0.000,0.000,0.000,0.000,3.449,5.521,0.000,31.938
Br66_rep10_Dep6_Tu0.5,0.000,0.000,0.000,0.000,9.119,0.000,5.357,0.000,0.000,13.380,10.691,1.656,59.796
Br66_rep1_Dep6_Tu0.3,0.000,3.180,0.000,0.000,4.047,0.000,3.515,0.183,0.000,13.858,10.759,1.717,62.741
Br66_rep10_Dep6_Tu0.1,0.000,0.000,1.275,0.000,5.007,0.000,4.758,0.000,0.214,13.063,9.408,4.914,61.363
Br66_rep8_Dep6_Tu40,34.328,0.000,0.000,6.469,12.164,0.000,1.117,0.000,0.000,8.325,4.962,0.450,32.185
Br66_rep3_Dep6_Tu20,22.545,0.044,0.000,2.403,2.289,0.000,0.950,0.000,0.000,9.645,11.562,2.217,48.344
Br66_rep9_Dep6_Tu0.3,0.000,0.841,0.000,0.000,4.993,0.000,1.740,0.000,0.000,13.902,14.145,1.185,63.194
Br66_rep7_Dep6_Tu0.3,0.000,0.000,0.000,0.000,7.877,0.000,0.678,0.000,0.000,15.133,11.855,2.820,61.638
Br66_rep5_Dep6_Tu2,2.125,0.000,0.000,0.000,12.288,0.000,1.354,0.000,2.669,8.033,10.299,5.367,57.866
Br66_rep5_Dep6_Tu0.3,0.000,0.000,0.000,0.000,12.622,0.512,3.003,0.000,1.311,9.856,13.218,5.092,54.387
Br66_rep6_Dep6_Tu5,4.839,0.000,0.000,0.000,5.272,1.562,3.876,0.000,0.000,14.892,7.981,1.766,59.812
Br66_rep5_Dep6_Tu3,0.921,0.000,0.000,0.724,8.997,0.000,1.957,0.000,0.000,14.072,10.255,4.667,58.406
Br66_rep1_Dep6_Tu5,2.935,0.000,0.000,0.000,9.184,0.000,3.817,0.000,1.189,11.865,11.779,2.288,56.943
Br66_rep6_Dep6_Tu10,6.132,0.000,6.369,0.654,9.117,0.000,1.495,0.000,0.000,7.986,12.456,4.952,50.840
Br66_rep3_Dep6_Tu5,4.536,0.000,0.000,2.932,8.160,0.000,3.986,0.000,0.000,11.543,6.323,2.673,59.845
Br66_rep1_Dep6_Tu1,0.000,0.000,0.000,0.000,15.788,0.000,5.387,0.000,1.379,8.304,7.451,2.342,59.350
Br66_rep4_Dep6_Tu30,33.645,0.000,0.000,0.507,6.244,0.000,0.000,0.000,0.000,12.243,10.304,0.000,37.057
Br66_rep8_Dep6_Tu20,20.552,0.000,0.000,0.129,12.547,0.000,3.144,0.196,5.959,4.487,2.904,0.899,49.184
Br66_rep4_Dep6_Tu10,8.052,0.000,0.000,0.000,10.984,0.000,0.911,0.000,0.000,10.758,16.226,0.061,53.008
Br66_rep2_Dep6_Tu1,0.000,0.000,0.000,0.000,10.435,0.000,0.000,0.000,0.000,15.922,10.435,2.244,60.962
Br66_rep6_Dep6_Tu2,3.624,0.000,0.000,0.000,5.506,0.000,1.179,0.000,5.720,11.458,10.342,1.670,60.501
Br66_rep6_Dep6_Tu0.5,0.000,0.000,0.000,0.000,14.206,0.000,5.430,0.000,3.295,7.899,8.053,2.134,58.983
Br66_rep5_Dep6_Tu0.1,0.000,0.000,0.000,0.000,12.658,0.000,3.483,0.000,0.000,12.685,9.887,0.000,61.287
Br66_rep2_Dep6_Tu2,2.865,0.000,0.000,0.000,7.026,0.000,3.635,0.000,0.529,14.006,10.015,1.311,60.613
Br66_rep10_Dep6_Tu50,52.915,0.000,0.000,8.340,2.791,0.000,0.000,0.000,0.000,8.281,1.461,0.000,26.211
Br66_rep7_Dep6_Tu3,0.851,0.000,0.000,0.000,12.191,0.000,5.726,0.000,0.000,11.607,8.968,4.131,56.525
Br66_rep7_Dep6_Tu10,4.105,5.812,0.000,0.000,15.607,0.000,1.967,0.000,0.000,8.170,9.695,2.881,51.761
Br66_rep2_Dep6_Tu0.5,0.000,0.000,0.000,0.000,9.297,0.000,1.609,0.000,0.000,14.701,13.578,1.251,59.563
Br66_rep5_Dep6_Tu50,45.479,0.000,0.000,5.808,0.564,0.000,0.000,0.000,0.000,11.849,9.317,1.662,25.322
Br66_rep9_Dep6_Tu20,25.138,0.000,0.000,0.000,7.636,0.000,1.160,0.000,0.000,12.983,6.033,0.000,47.050
Br66_rep8_Dep6_Tu3,2.302,0.000,0.118,2.054,9.811,0.000,0.083,0.000,0.033,9.858,11.578,4.965,59.199
Br66_rep9_Dep6_Tu10,6.965,0.000,0.000,0.000,11.163,0.000,5.451,0.000,0.000,6.958,11.899,2.829,54.735
Br66_rep7_Dep6_Tu2,0.000,0.000,0.000,0.000,8.712,0.000,4.246,0.000,0.000,15.897,7.127,1.832,62.186
Br66_rep6_Dep6_Tu3,0.000,0.000,0.000,0.000,17.956,0.000,3.684,0.000,0.030,13.125,8.394,0.849,55.962
Br66_rep1_Dep6_Tu0.5,0.000,2.161,0.000,0.000,10.402,0.000,2.173,0.000,1.994,11.538,10.881,0.007,60.843
Br66_rep2_Dep6_Tu40,39.930,3.497,0.000,3.588,0.019,0.000,5.592,0.000,0.000,7.538,4.745,0.217,34.873
Br66_rep1_Dep6_Tu2,0.688,0.000,0.000,0.000,14.656,0.000,2.560,0.000,0.000,12.409,9.659,2.141,57.887
Br66_rep8_Dep6_Tu1,0.000,0.000,0.000,0.537,8.292,0.000,1.565,0.000,0.000,13.695,9.869,3.708,62.334
Br66_rep4_Dep6_Tu3,0.000,0.000,0.000,0.000,15.690,0.000,2.961,0.000,0.000,8.797,10.505,5.862,56.186
Br66_rep7_Dep6_Tu40,35.604,0.000,0.000,4.683,11.451,0.000,1.368,0.000,0.000,2.569,4.310,1.993,38.022
Br66_rep7_Dep6_Tu0.5,0.000,0.000,0.000,0.000,12.416,0.000,4.491,0.000,0.214,9.872,8.962,4.757,59.289
Br66_rep2_Dep6_Tu30,34.899,0.000,0.000,2.738,5.249,0.000,0.000,0.000,0.000,7.457,7.170,0.000,42.488
Br66_rep2_Dep6_Tu0.1,0.000,0.000,0.000,0.000,12.308,0.000,4.423,0.000,0.000,9.488,11.358,6.650,55.773
Br66_rep7_Dep6_Tu0.1,0.000,0.000,0.000,0.000,12.313,0.000,2.277,0.000,0.000,11.915,12.996,3.291,57.208
Br66_rep1_Dep6_Tu40,34.471,5.368,0.000,6.154,4.420,0.000,0.000,0.000,0.000,10.544,5.061,0.000,33.982
Br66_rep7_Dep6_Tu5,5.484,0.000,0.000,0.000,6.441,0.000,4.242,0.000,2.352,11.262,9.172,0.000,61.048
Br66_rep4_Dep6_Tu1,0.000,0.000,0.000,0.000,10.939,0.000,6.685,0.000,0.000,9.230,10.106,3.471,59.568
Br66_rep8_Dep6_Tu0.1,0.000,0.000,0.000,0.000,11.891,0.000,6.871,0.597,0.908,9.435,9.377,2.751,58.171
Br66_rep4_Dep6_Tu2,0.000,0.407,0.000,0.000,14.712,0.000,3.505,0.000,2.494,4.525,13.593,4.664,56.100
Br66_rep1_Dep6_Tu0.1,0.000,0.000,0.000,0.000,7.867,0.000,3.000,0.000,1.804,12.545,8.685,0.000,66.100
Br66_rep2_Dep6_Tu10,7.589,0.000,0.000,1.539,5.766,0.000,2.359,0.000,1.974,11.955,11.890,3.750,53.178
Br66_rep4_Dep6_Tu20,17.803,0.000,0.000,5.486,5.225,0.000,4.299,0.000,0.000,8.148,8.187,3.057,47.796
Br66_rep4_Dep6_Tu0.3,0.000,0.000,0.000,0.000,7.220,0.000,3.893,0.000,2.138,11.831,12.251,3.251,59.416
Br66_rep10_Dep6_Tu3,0.000,0.282,0.000,0.000,19.694,0.000,2.244,0.000,0.000,9.956,9.489,2.350,55.984
Br66_rep1_Dep6_Tu20,19.980,0.000,0.000,0.000,9.078,0.000,0.000,0.000,5.850,7.548,8.423,3.107,46.014
Br66_rep6_Dep6_Tu1,0.000,1.793,0.000,0.000,10.151,0.000,5.670,0.000,0.000,10.379,8.296,1.861,61.851
Br66_rep6_Dep6_Tu50,51.405,0.000,0.000,1.220,4.118,0.000,0.000,0.000,4.036,4.313,3.508,0.000,31.400
Br66_rep9_Dep6_Tu3,0.000,0.000,0.000,0.629,14.314,0.000,3.063,0.000,1.431,9.472,12.291,3.264,55.535
Br66_rep3_Dep6_Tu50,46.876,0.772,0.000,5.140,0.000,0.000,0.030,0.000,0.000,9.242,8.550,1.127,28.263
Br66_rep8_Dep6_Tu30,28.455,0.553,0.000,0.576,11.064,0.000,0.993,0.000,0.000,11.739,8.045,0.000,38.575
Br66_rep7_Dep6_Tu20,21.965,5.096,0.000,0.680,7.673,0.000,0.000,0.000,0.000,9.657,6.706,1.528,46.696
Br66_rep3_Dep6_Tu2,1.825,1.393,0.000,0.066,5.880,0.000,6.540,0.000,0.091,9.721,10.022,2.222,62.239
Br66_rep8_Dep6_Tu50,52.585,0.000,0.000,5.215,6.674,0.000,0.000,0.000,0.000,2.462,5.641,2.195,25.228
Br66_rep3_Dep6_Tu3,2.501,0.000,1.977,0.000,5.527,0.000,1.037,0.000,0.000,14.762,10.907,7.104,56.186
Br66_rep3_Dep6_Tu0.3,0.000,0.000,0.000,0.000,11.200,0.000,5.757,0.000,0.051,12.060,8.573,0.000,62.360
Br66_rep8_Dep6_Tu0.3,0.000,1.329,0.000,0.000,4.613,0.000,1.673,0.000,0.000,13.831,14.145,0.951,63.458
Br66_rep3_Dep6_Tu0.1,0.000,1.843,0.000,0.000,12.704,0.000,1.399,0.000,0.000,9.455,15.706,4.174,54.719
Br66_rep10_Dep6_Tu0.3,0.000,0.000,0.000,0.000,5.968,0.000,0.000,0.000,4.738,13.072,10.342,3.362,62.518
Br66_rep2_Dep6_Tu50,46.957,0.000,0.000,5.854,0.000,0.000,0.000,0.000,0.000,6.946,7.479,0.000,32.764
Br66_rep5_Dep6_Tu5,4.401,0.000,0.000,0.000,14.800,0.000,5.737,0.000,0.000,6.168,10.516,4.707,53.670
Br66_rep10_Dep6_Tu20,18.041,0.000,0.000,6.420,3.775,0.000,1.571,0.000,0.000,11.825,6.013,1.337,51.017
Br66_rep7_Dep6_Tu30,32.305,0.000,0.000,2.360,1.219,0.000,0.000,1.753,0.000,11.379,5.884,1.871,43.230
Br66_rep9_Dep6_Tu30,28.620,0.000,0.000,1.541,2.947,0.000,3.711,0.000,0.000,11.905,8.665,3.663,38.948
Br66_rep5_Dep6_Tu40,33.166,0.000,0.000,5.837,7.367,0.000,0.000,0.000,0.000,11.157,5.856,3.293,33.323
Br66_rep8_Dep6_Tu10,12.866,0.000,0.000,0.000,5.388,0.000,5.873,0.000,2.706,10.661,6.664,0.673,55.169
Br66_rep9_Dep6_Tu50,41.010,0.000,0.000,7.938,0.000,0.000,0.000,0.000,0.000,12.180,5.141,0.910,32.822
Br66_rep2_Dep6_Tu0.3,0.000,1.579,0.291,0.000,8.889,0.000,1.128,0.000,0.000,11.920,10.303,3.562,62.328
Br66_rep1_Dep6_Tu10,10.954,0.000,0.000,0.000,7.949,0.000,8.400,0.000,0.000,10.951,5.308,3.583,52.855
