Sample,BRCA,CEAD,CESC,COAD,OV,READ,bcell,cd4tcell,cd8tcell,erythroblast,monocyte,naturalkillercell,neutrophil,Unknown-1
Br66_rep4_Dep6_Tu50,3.548,69.932,0.000,0.000,0.002,0.000,0.003,0.012,0.012,0.004,0.178,0.013,6.771,19.525
Br66_rep3_Dep6_Tu0.5,0.000,0.003,0.004,0.000,0.524,0.000,0.277,5.163,0.901,1.475,6.491,0.277,19.629,65.257
Br66_rep2_Dep6_Tu3,0.004,0.901,0.268,0.079,2.032,0.000,0.488,3.309,0.320,3.266,6.067,0.832,18.397,64.035
Br66_rep6_Dep6_Tu40,1.885,57.426,0.002,0.242,0.009,0.000,0.001,0.016,0.025,0.068,1.105,0.002,6.489,32.731
Br66_rep9_Dep6_Tu0.1,0.000,0.000,0.000,0.000,0.583,0.000,0.463,1.359,5.185,1.009,5.319,0.292,22.401,63.389
Br66_rep9_Dep6_Tu5,0.046,6.054,0.070,0.304,1.198,0.000,0.255,1.439,3.118,1.671,5.140,0.113,18.037,62.555
Br66_rep10_Dep6_Tu1,0.000,0.041,0.406,0.000,1.041,0.000,0.324,2.127,3.067,2.960,3.824,0.119,24.086,62.005
Br66_rep6_Dep6_Tu20,0.800,30.325,0.110,0.357,0.306,0.000,0.276,1.642,0.024,0.978,1.830,0.566,16.427,46.361
Br66_rep10_Dep6_Tu30,3.223,40.612,0.004,0.017,0.083,0.000,0.506,1.236,0.025,0.637,0.505,0.263,13.840,39.048
Br66_rep10_Dep6_Tu5,1.950,3.370,0.232,0.147,0.500,0.000,0.380,3.527,2.051,1.985,4.750,0.562,20.486,60.061
Br66_rep7_Dep6_Tu1,0.000,0.000,0.004,0.000,0.996,0.000,0.403,1.956,1.865,1.583,6.560,0.437,18.993,67.204
Br66_rep6_Dep6_Tu0.3,0.000,0.000,0.019,0.000,0.368,0.000,0.361,5.372,0.424,1.416,6.640,0.340,19.771,65.290
Br66_rep1_Dep6_Tu30,0.503,46.866,0.003,0.009,0.034,0.000,0.148,0.150,0.217,0.319,1.001,0.124,12.441,38.185
Br66_rep3_Dep6_Tu1,0.000,0.006,0.010,0.000,0.782,0.000,0.872,1.684,2.487,1.296,5.627,0.417,21.323,65.496
Br66_rep3_Dep6_Tu30,2.126,43.453,0.003,0.047,0.035,0.000,0.033,0.097,0.338,0.219,1.704,0.046,10.363,41.536
Br66_rep9_Dep6_Tu1,0.008,0.018,0.006,0.000,0.750,0.000,1.068,0.549,3.896,2.803,6.013,0.135,20.029,64.723
Br66_rep9_Dep6_Tu40,1.654,59.824,0.004,0.021,0.017,0.000,0.004,0.005,0.047,0.013,0.236,0.002,9.728,28.446
Br66_rep5_Dep6_Tu1,0.000,0.063,0.330,0.000,1.462,0.000,0.463,3.751,1.553,0.763,5.887,0.280,19.025,66.424
Br66_rep2_Dep6_Tu5,0.135,4.044,0.453,0.000,1.331,0.001,0.216,2.102,2.496,2.488,3.526,0.113,23.057,60.038
Br66_rep5_Dep6_Tu30,1.316,43.268,0.009,0.062,0.415,0.001,0.128,1.445,0.763,0.280,1.913,0.107,11.851,38.440
Br66_rep7_Dep6_Tu50,3.931,68.365,0.000,0.011,0.003,0.000,0.001,0.008,0.012,0.020,0.115,0.002,4.084,23.447
Br66_rep4_Dep6_Tu40,2.237,56.433,0.002,0.014,0.003,0.000,0.013,0.075,0.094,0.131,1.131,0.006,6.194,33.668
Br66_rep8_Dep6_Tu5,1.308,5.022,0.204,0.001,1.562,0.002,0.093,3.724,1.930,1.085,3.283,0.477,21.740,59.569
Br66_rep9_Dep6_Tu2,0.003,0.699,0.295,0.000,0.719,0.000,0.193,1.266,2.803,2.476,4.590,0.538,18.379,68.039
Br66_rep6_Dep6_Tu30,1.053,44.762,0.002,0.001,0.010,0.000,0.019,0.657,0.218,0.189,1.829,0.054,13.064,38.143
Br66_rep4_Dep6_Tu0.1,0.000,0.000,0.000,0.000,0.271,0.000,0.494,2.396,1.466,1.836,6.141,0.942,22.767,63.689
Br66_rep5_Dep6_Tu10,0.144,15.890,0.386,0.000,0.233,0.000,0.067,2.776,1.048,1.193,4.407,0.164,19.523,54.167
Br66_rep3_Dep6_Tu40,2.820,58.622,0.006,0.082,0.022,0.000,0.003,0.046,0.013,0.008,0.275,0.021,10.959,27.123
Br66_rep9_Dep6_Tu0.5,0.000,0.001,0.006,0.000,0.451,0.000,0.161,3.793,1.346,1.415,5.465,0.209,20.001,67.151
Br66_rep8_Dep6_Tu2,0.035,2.276,0.020,0.000,0.511,0.000,0.570,2.693,1.461,2.235,4.792,0.521,21.099,63.786
Br66_rep10_Dep6_Tu2,0.004,1.548,0.003,0.000,1.073,0.062,1.041,0.791,3.382,1.737,5.395,0.923,23.189,60.851
Br66_rep6_Dep6_Tu0.1,0.000,0.000,0.000,0.000,0.227,0.001,0.601,3.716,2.183,1.368,6.273,0.132,21.992,63.507
Br66_rep5_Dep6_Tu0.5,0.000,0.011,0.000,0.000,0.452,0.000,0.538,2.406,1.874,1.593,5.457,0.227,20.176,67.265
Br66_rep2_Dep6_Tu20,1.029,30.621,0.046,0.003,0.005,0.000,0.214,1.357,0.843,0.397,2.700,0.303,15.454,47.027
Br66_rep4_Dep6_Tu0.5,0.000,0.006,0.069,0.000,1.638,0.000,0.271,3.191,1.422,3.086,4.786,0.066,22.992,62.472
Br66_rep4_Dep6_Tu5,0.451,5.530,0.051,0.000,0.717,0.000,0.091,5.021,0.961,1.718,5.225,0.190,18.277,61.768
Br66_rep8_Dep6_Tu0.5,0.000,0.000,0.047,0.000,0.815,0.000,0.642,2.776,2.250,1.605,5.708,0.599,21.079,64.479
Br66_rep5_Dep6_Tu20,2.189,27.595,0.002,0.000,0.292,0.000,0.482,1.614,1.273,0.844,2.820,0.966,17.143,44.780
Br66_rep1_Dep6_Tu3,0.009,2.456,0.004,0.174,0.920,0.000,0.753,3.025,1.934,0.716,6.601,0.741,19.520,63.146
Br66_rep10_Dep6_Tu10,0.212,14.479,0.464,0.017,0.236,0.000,0.568,1.338,1.359,1.500,4.252,0.896,18.921,55.758
Br66_rep3_Dep6_Tu10,0.280,13.668,0.005,0.001,0.400,0.004,0.760,2.310,1.709,0.481,3.983,1.229,19.839,55.331
Br66_rep10_Dep6_Tu40,1.512,58.640,0.001,0.022,0.013,0.000,0.007,0.073,0.135,0.039,0.487,0.128,9.956,28.987
Br66_rep1_Dep6_Tu50,3.589,71.457,0.001,0.002,0.004,0.000,0.002,0.003,0.013,0.016,0.137,0.002,8.337,16.437
Br66_rep10_Dep6_Tu0.5,0.000,0.002,0.000,0.000,0.497,0.000,1.528,4.080,0.122,3.087,5.409,0.207,21.296,63.771
Br66_rep1_Dep6_Tu0.3,0.000,0.001,0.000,0.000,0.502,0.000,0.683,3.950,0.472,1.772,6.585,1.038,20.287,64.710
Br66_rep10_Dep6_Tu0.1,0.000,0.000,0.000,0.000,0.300,0.000,0.469,3.576,1.565,0.722,6.280,0.996,20.892,65.199
Br66_rep8_Dep6_Tu40,1.212,59.498,0.051,0.001,0.010,0.000,0.012,0.019,0.014,0.012,0.055,0.004,7.572,31.540
Br66_rep3_Dep6_Tu20,1.773,27.789,0.004,0.000,0.165,0.000,0.166,0.809,0.519,0.733,4.806,0.058,13.938,49.239
Br66_rep9_Dep6_Tu0.3,0.000,0.000,0.000,0.000,0.098,0.000,0.632,0.997,2.514,2.819,6.480,0.500,21.155,64.805
Br66_rep7_Dep6_Tu0.3,0.000,0.000,0.000,0.000,0.212,0.000,0.343,2.396,1.058,2.656,5.468,0.297,20.533,67.037
Br66_rep5_Dep6_Tu2,0.009,0.117,0.903,0.001,1.556,0.007,0.301,3.223,2.783,1.991,3.987,0.191,23.025,61.909
Br66_rep5_Dep6_Tu0.3,0.000,0.000,0.002,0.000,0.683,0.000,0.199,1.397,3.620,2.486,6.044,0.235,21.045,64.289
Br66_rep6_Dep6_Tu5,0.650,5.836,0.243,0.007,0.373,0.003,0.233,2.438,2.941,1.755,4.603,0.249,21.051,59.618
Br66_rep5_Dep6_Tu3,0.001,2.373,0.001,0.077,0.831,0.099,0.667,3.306,0.990,1.845,4.672,0.466,20.893,63.777
Br66_rep1_Dep6_Tu5,1.505,2.235,0.011,0.368,0.480,0.179,0.940,0.900,3.836,3.115,4.982,0.142,19.674,61.633
Br66_rep6_Dep6_Tu10,0.385,13.957,0.402,0.000,1.550,0.002,0.002,2.251,1.389,0.550,3.816,0.313,18.265,57.118
Br66_rep3_Dep6_Tu5,0.177,6.106,0.020,0.000,0.980,0.000,0.817,3.427,0.646,1.765,2.380,0.280,19.837,63.565
Br66_rep1_Dep6_Tu1,0.000,0.025,0.033,0.000,0.890,0.000,0.632,3.017,2.238,2.901,5.315,0.682,21.243,63.025
Br66_rep4_Dep6_Tu30,1.058,44.884,0.002,0.003,0.041,0.000,0.235,0.322,0.263,0.272,2.241,0.103,9.938,40.637
Br66_rep8_Dep6_Tu20,0.381,31.236,0.149,0.001,0.284,0.000,0.100,1.307,0.604,0.210,1.337,0.517,15.573,48.301
Br66_rep4_Dep6_Tu10,0.505,15.787,0.027,0.006,0.120,0.000,0.162,0.471,1.093,0.813,5.415,0.052,16.748,58.803
Br66_rep2_Dep6_Tu1,0.001,0.006,0.000,0.000,0.378,0.000,0.424,4.007,0.309,1.994,7.386,0.533,21.373,63.587
Br66_rep6_Dep6_Tu2,0.038,0.253,0.472,0.008,1.548,0.050,0.481,3.514,1.274,2.248,5.126,0.475,21.074,63.439
Br66_rep6_Dep6_Tu0.5,0.000,0.001,0.116,0.000,0.951,0.000,0.369,3.862,1.547,2.320,5.317,0.308,21.817,63.392
Br66_rep5_Dep6_Tu0.1,0.000,0.000,0.000,0.000,0.190,0.000,0.659,3.758,0.428,3.078,5.730,0.591,20.356,65.210
Br66_rep2_Dep6_Tu2,0.529,0.072,0.029,0.448,1.114,0.002,0.980,1.520,1.781,3.827,4.618,0.274,21.984,62.821
Br66_rep10_Dep6_Tu50,4.766,67.932,0.000,0.110,0.021,0.000,0.001,0.004,0.008,0.005,0.059,0.002,4.656,22.435
Br66_rep7_Dep6_Tu3,0.069,2.707,0.027,0.001,0.731,0.006,0.088,2.749,2.207,2.603,5.057,0.416,19.547,63.792
Br66_rep7_Dep6_Tu10,0.582,15.063,0.095,0.000,0.120,0.000,0.067,3.492,0.929,0.595,3.631,0.093,17.303,58.030
Br66_rep2_Dep6_Tu0.5,0.000,0.000,0.000,0.000,0.262,0.000,0.312,1.496,2.156,1.670,7.349,0.767,19.981,66.005
Br66_rep5_Dep6_Tu50,3.275,69.975,0.007,0.363,0.005,0.000,0.001,0.002,0.001,0.002,0.082,0.002,3.601,22.684
Br66_rep9_Dep6_Tu20,0.505,29.500,0.001,0.267,0.254,0.000,0.099,0.674,0.450,0.611,3.471,0.507,13.971,49.690
Br66_rep8_Dep6_Tu3,1.045,1.554,0.724,0.000,0.944,0.000,0.023,3.276,2.016,2.217,3.848,0.159,21.945,62.250
Br66_rep9_Dep6_Tu10,0.068,14.751,0.010,0.001,0.154,0.000,0.516,2.971,0.161,1.525,3.978,0.533,18.226,57.106
Br66_rep7_Dep6_Tu2,0.003,0.019,0.025,0.000,1.457,0.264,0.373,4.200,1.897,1.152,5.443,0.539,21.951,62.678
Br66_rep6_Dep6_Tu3,0.002,2.012,0.002,0.239,1.537,0.000,0.866,1.194,4.348,0.928,5.657,0.091,19.432,63.690
Br66_rep1_Dep6_Tu0.5,0.000,0.000,0.004,0.000,0.870,0.000,0.358,3.076,2.504,1.596,6.022,0.214,21.048,64.307
Br66_rep2_Dep6_Tu40,4.119,55.507,0.052,0.002,0.019,0.000,0.120,0.017,0.057,0.039,0.875,0.020,12.655,26.519
Br66_rep1_Dep6_Tu2,1.514,0.065,0.000,0.056,0.292,0.000,0.704,1.584,2.769,3.817,4.341,0.129,20.309,64.418
Br66_rep8_Dep6_Tu1,0.000,0.016,0.001,0.000,0.924,0.000,0.457,1.165,3.792,2.036,5.100,0.261,22.266,63.983
Br66_rep4_Dep6_Tu3,0.003,2.006,0.463,0.020,1.947,0.001,0.518,2.503,1.567,2.198,4.797,0.075,20.638,63.263
Br66_rep7_Dep6_Tu40,0.923,60.295,0.006,0.012,0.033,0.000,0.017,0.050,0.032,0.059,0.172,0.091,8.531,29.779
Br66_rep7_Dep6_Tu0.5,0.000,0.000,0.000,0.000,1.354,0.000,0.492,1.809,4.294,1.164,5.241,0.149,22.048,63.448
Br66_rep2_Dep6_Tu30,1.555,47.303,0.003,0.068,0.002,0.000,0.014,0.175,0.021,0.105,1.406,0.009,12.289,37.049
Br66_rep2_Dep6_Tu0.1,0.000,0.000,0.000,0.000,0.431,0.000,0.275,2.521,2.918,2.853,4.298,0.219,21.332,65.153
Br66_rep7_Dep6_Tu0.1,0.000,0.000,0.002,0.000,0.264,0.000,0.178,2.976,1.513,1.457,6.115,0.064,21.109,66.321
Br66_rep1_Dep6_Tu40,3.423,54.562,0.001,0.195,0.089,0.000,0.021,0.337,0.074,0.032,0.565,0.093,9.831,30.778
Br66_rep7_Dep6_Tu5,0.025,5.994,0.005,0.097,0.407,0.000,0.564,2.676,1.384,1.886,4.778,0.604,19.345,62.236
Br66_rep4_Dep6_Tu1,0.000,0.611,0.014,0.203,1.440,0.002,0.699,4.048,0.561,1.843,5.146,0.647,22.049,62.737
Br66_rep8_Dep6_Tu0.1,0.000,0.000,0.000,0.000,0.907,0.000,0.182,4.734,2.510,1.479,4.907,0.460,23.228,61.594
Br66_rep4_Dep6_Tu2,0.003,0.186,0.036,0.000,2.454,0.000,0.453,4.035,0.359,1.571,4.508,0.212,19.954,66.228
Br66_rep1_Dep6_Tu0.1,0.000,0.000,0.000,0.000,0.288,0.000,1.118,2.855,0.237,2.557,6.169,0.877,22.527,63.372
Br66_rep2_Dep6_Tu10,1.041,13.997,0.014,0.000,0.058,0.001,0.727,1.225,1.261,2.128,3.000,0.428,17.838,58.283
Br66_rep4_Dep6_Tu20,0.700,32.013,0.194,0.000,0.180,0.000,0.211,1.423,0.322,0.175,1.987,0.545,17.577,44.672
Br66_rep4_Dep6_Tu0.3,0.000,0.000,0.000,0.000,0.278,0.000,0.644,2.067,2.843,1.130,5.644,0.568,20.299,66.527
Br66_rep10_Dep6_Tu3,0.374,2.685,0.011,0.007,1.062,0.001,0.502,2.945,2.431,1.963,4.046,0.186,18.532,65.255
Br66_rep1_Dep6_Tu20,0.150,30.591,0.121,0.005,0.305,0.000,0.008,0.610,2.282,0.260,2.968,0.358,17.060,45.283
Br66_rep6_Dep6_Tu1,0.000,0.025,0.010,0.000,1.877,0.000,0.707,3.241,1.299,0.299,5.432,0.587,20.606,65.917
Br66_rep6_Dep6_Tu50,3.691,68.880,0.184,0.024,0.009,0.001,0.000,0.007,0.007,0.001,0.111,0.000,6.649,20.437
Br66_rep9_Dep6_Tu3,0.076,2.936,0.044,0.000,1.317,0.000,0.221,3.420,3.290,1.734,4.908,0.205,19.607,62.241
Br66_rep3_Dep6_Tu50,3.374,68.188,0.022,0.036,0.003,0.000,0.003,0.013,0.017,0.005,0.386,0.020,5.166,22.767
Br66_rep8_Dep6_Tu30,2.052,42.410,0.020,0.010,0.227,0.000,0.221,0.442,0.119,0.010,1.677,0.376,10.049,42.387
Br66_rep7_Dep6_Tu20,1.747,27.861,0.000,0.000,0.011,0.000,0.050,1.455,0.087,0.374,2.360,0.081,13.961,52.014
Br66_rep3_Dep6_Tu2,0.024,1.305,0.004,0.003,1.002,0.057,0.725,5.273,0.625,1.325,5.358,0.731,19.589,63.979
Br66_rep8_Dep6_Tu50,4.027,68.122,0.004,0.013,0.006,0.000,0.011,0.003,0.004,0.006,0.120,0.006,5.577,22.101
Br66_rep3_Dep6_Tu3,0.074,1.968,1.096,0.001,0.321,0.000,0.366,4.331,1.311,3.158,4.324,0.349,18.359,64.342
Br66_rep3_Dep6_Tu0.3,0.000,0.000,0.008,0.000,1.143,0.000,0.562,4.436,0.347,1.488,5.666,0.784,21.162,64.404
Br66_rep8_Dep6_Tu0.3,0.000,0.000,0.001,0.000,0.145,0.000,0.534,2.017,1.456,2.773,6.618,0.623,21.232,64.602
Br66_rep3_Dep6_Tu0.1,0.000,0.000,0.000,0.000,0.605,0.000,0.417,2.527,1.638,1.977,6.070,0.388,20.943,65.434
Br66_rep10_Dep6_Tu0.3,0.000,0.000,0.000,0.000,0.300,0.000,0.153,1.899,3.273,1.920,6.613,0.344,21.584,63.912
Br66_rep2_Dep6_Tu50,1.061,73.190,0.004,0.002,0.002,0.000,0.000,0.000,0.002,0.001,0.112,0.001,2.522,23.103
Br66_rep5_Dep6_Tu5,0.019,6.140,0.162,0.000,1.023,0.000,0.080,2.136,2.960,1.560,3.244,0.134,20.540,62.002
Br66_rep10_Dep6_Tu20,2.077,27.195,0.012,0.030,0.464,0.000,0.197,2.267,0.802,0.697,2.049,0.375,16.430,47.405
Br66_rep7_Dep6_Tu30,2.226,44.192,0.006,0.000,0.011,0.000,0.166,0.417,0.170,0.008,1.050,0.034,11.899,39.820
Br66_rep9_Dep6_Tu30,0.490,47.118,0.001,0.000,0.006,0.000,0.121,0.281,0.123,0.111,1.273,0.193,14.313,35.971
Br66_rep5_Dep6_Tu40,4.181,53.875,0.005,0.000,0.038,0.000,0.181,0.117,0.226,0.137,0.855,0.061,10.604,29.720
Br66_rep8_Dep6_Tu10,0.674,15.998,0.002,0.000,0.332,0.000,0.416,2.226,2.257,1.724,3.871,0.108,22.666,49.724
Br66_rep9_Dep6_Tu50,1.197,72.674,0.000,0.007,0.002,0.000,0.001,0.001,0.002,0.003,0.012,0.003,2.196,23.903
Br66_rep2_Dep6_Tu0.3,0.000,0.000,0.000,0.000,0.328,0.000,0.177,1.679,2.390,3.827,4.122,0.167,24.301,63.010
Br66_rep1_Dep6_Tu10,0.832,13.048,0.007,0.055,0.923,0.000,0.088,1.992,2.273,1.334,3.046,0.264,18.731,57.406
