Sample,BRCA,CEAD,CESC,COAD,OV,READ,bcell,cd4tcell,cd8tcell,erythroblast,monocyte,naturalkillercell,neutrophil
Colo9345_rep1_Dep6_Tu5,0.000,5.279,21.337,0.505,36.700,0.000,0.015,0.028,0.191,0.065,1.114,0.004,34.762
Colo9345_rep8_Dep6_Tu30,0.000,8.652,34.615,1.106,28.981,0.000,0.002,0.005,0.009,0.007,0.388,0.000,26.234
Colo9345_rep5_Dep6_Tu1,0.000,1.632,1.573,0.048,50.273,0.000,0.006,0.000,0.095,0.028,1.546,0.005,44.794
Colo9345_rep5_Dep6_Tu20,0.000,11.352,58.078,4.328,8.635,0.423,0.022,0.103,0.102,0.275,1.627,0.051,15.004
Colo9345_rep7_Dep6_Tu20,0.002,11.287,60.357,2.916,10.735,0.083,0.044,0.015,0.056,0.130,0.297,0.005,14.073
Colo9345_rep6_Dep6_Tu2,0.000,3.144,6.961,0.480,43.627,0.000,0.007,0.168,0.084,0.042,1.675,0.002,43.810
Colo9345_rep10_Dep6_Tu10,0.000,3.813,9.065,1.151,42.580,0.000,0.010,0.061,0.053,0.008,1.924,0.024,41.311
Colo9345_rep1_Dep6_Tu10,0.000,10.969,36.568,2.241,23.466,0.003,0.016,0.071,0.059,0.019,0.769,0.007,25.812
Colo9345_rep3_Dep6_Tu30,0.004,11.557,74.192,4.104,2.100,0.614,0.000,0.056,0.004,0.045,0.280,0.001,7.042
Colo9345_rep6_Dep6_Tu1,0.000,1.349,1.213,0.359,49.521,0.000,0.012,0.050,0.015,0.015,0.885,0.004,46.576
Colo9345_rep2_Dep6_Tu10,0.002,10.005,38.077,1.324,24.863,0.001,0.005,0.014,0.011,0.047,0.313,0.007,25.331
Colo9345_rep6_Dep6_Tu5,0.000,5.376,19.523,1.196,36.603,0.000,0.008,0.060,0.050,0.043,0.786,0.009,36.345
Colo9345_rep5_Dep6_Tu10,0.005,8.522,38.026,1.265,24.350,0.001,0.011,0.058,0.028,0.177,1.443,0.002,26.110
Colo9345_rep5_Dep6_Tu40,0.029,8.149,81.680,7.384,0.373,0.721,0.052,0.162,0.162,0.138,0.330,0.007,0.814
Colo9345_rep1_Dep6_Tu0.1,0.000,0.000,0.000,0.000,45.686,0.000,0.014,0.089,0.049,0.046,2.635,0.041,51.441
Colo9345_rep3_Dep6_Tu10,0.001,8.049,37.906,1.589,25.626,0.001,0.010,0.026,0.008,0.015,0.683,0.004,26.081
Colo9345_rep4_Dep6_Tu2,0.000,3.598,6.378,0.239,46.037,0.000,0.004,0.055,0.047,0.009,1.355,0.001,42.276
Colo9345_rep2_Dep6_Tu20,0.005,14.018,58.219,4.784,7.691,0.035,0.025,0.032,0.005,0.034,0.383,0.011,14.756
Colo9345_rep3_Dep6_Tu50,0.001,2.430,87.751,8.799,0.000,1.017,0.000,0.001,0.000,0.000,0.000,0.000,0.000
Colo9345_rep6_Dep6_Tu0.1,0.000,0.000,0.000,0.000,45.670,0.000,0.013,0.305,0.223,0.131,3.046,0.013,50.599
Colo9345_rep3_Dep6_Tu40,0.016,9.339,81.608,7.054,0.018,1.139,0.001,0.002,0.006,0.007,0.036,0.002,0.773
Colo9345_rep6_Dep6_Tu3,0.000,6.389,9.080,1.021,42.545,0.000,0.010,0.087,0.072,0.018,0.847,0.006,39.924
Colo9345_rep9_Dep6_Tu50,0.000,8.132,59.362,3.527,13.671,0.004,0.002,0.001,0.003,0.021,0.150,0.001,15.129
Colo9345_rep1_Dep6_Tu3,0.000,7.888,10.728,0.374,39.344,0.000,0.007,0.079,0.048,0.010,1.919,0.006,39.597
Colo9345_rep6_Dep6_Tu30,0.012,12.290,72.382,5.265,1.315,0.779,0.018,0.017,0.158,0.062,0.517,0.034,7.152
Colo9345_rep1_Dep6_Tu20,0.002,17.344,58.243,4.156,3.876,0.141,0.003,0.003,0.016,0.033,0.333,0.014,15.837
Colo9345_rep4_Dep6_Tu0.5,0.000,0.348,0.001,0.000,49.071,0.000,0.005,0.092,0.175,0.150,2.068,0.007,48.083
Colo9345_rep9_Dep6_Tu10,0.000,5.412,7.915,1.282,41.656,0.000,0.007,0.009,0.022,0.009,1.559,0.006,42.122
Colo9345_rep3_Dep6_Tu1,0.000,3.086,1.239,0.010,47.661,0.000,0.005,0.068,0.017,0.016,1.743,0.011,46.144
Colo9345_rep7_Dep6_Tu0.1,0.000,0.000,0.000,0.000,46.245,0.000,0.000,0.032,0.034,0.035,1.963,0.003,51.687
Colo9345_rep4_Dep6_Tu20,0.001,14.215,57.968,4.413,7.719,0.054,0.013,0.049,0.055,0.015,0.252,0.012,15.235
Colo9345_rep7_Dep6_Tu5,0.000,6.797,19.768,0.828,35.803,0.000,0.011,0.027,0.112,0.008,1.020,0.003,35.621
Colo9345_rep10_Dep6_Tu50,0.010,10.259,54.883,5.344,12.211,0.078,0.014,0.036,0.063,0.360,0.661,0.004,16.077
Colo9345_rep2_Dep6_Tu50,0.000,2.197,88.189,8.313,0.000,1.301,0.000,0.000,0.000,0.000,0.000,0.000,0.000
Colo9345_rep10_Dep6_Tu40,0.011,12.699,43.614,3.508,17.010,0.344,0.011,0.117,0.004,0.070,0.230,0.058,22.323
Colo9345_rep9_Dep6_Tu20,0.014,7.369,21.150,0.553,35.386,0.004,0.006,0.021,0.105,0.106,0.788,0.019,34.480
Colo9345_rep8_Dep6_Tu3,0.000,0.973,0.128,0.130,49.233,0.000,0.002,0.153,0.047,0.196,0.951,0.004,48.183
Colo9345_rep5_Dep6_Tu3,0.000,4.313,10.933,0.361,42.927,0.000,0.008,0.023,0.008,0.017,0.408,0.002,41.000
Colo9345_rep1_Dep6_Tu40,0.014,8.175,80.769,7.430,0.102,1.287,0.029,0.039,0.172,0.059,0.131,0.011,1.782
Colo9345_rep9_Dep6_Tu0.3,0.000,0.000,0.000,0.000,45.799,0.000,0.004,0.119,0.089,0.019,2.791,0.089,51.090
Colo9345_rep4_Dep6_Tu1,0.000,1.639,0.082,1.456,48.063,0.000,0.004,0.122,0.051,0.120,2.230,0.005,46.230
Colo9345_rep10_Dep6_Tu20,0.000,9.533,23.169,0.393,31.154,0.000,0.006,0.171,0.093,0.050,1.303,0.025,34.103
Colo9345_rep1_Dep6_Tu1,0.000,1.229,1.576,0.088,48.576,0.000,0.009,0.198,0.189,0.114,2.204,0.096,45.721
Colo9345_rep6_Dep6_Tu50,0.000,86.673,0.000,0.000,0.000,0.000,0.000,0.000,0.000,0.000,0.000,0.000,13.327
Colo9345_rep7_Dep6_Tu0.5,0.000,0.006,0.001,0.005,50.039,0.000,0.022,0.236,0.190,0.043,1.120,0.015,48.325
Colo9345_rep10_Dep6_Tu0.3,0.000,0.000,0.000,0.000,44.917,0.000,0.000,0.230,0.102,0.066,3.107,0.057,51.520
Colo9345_rep9_Dep6_Tu3,0.000,0.712,0.012,0.000,50.567,0.000,0.006,0.011,0.235,0.250,2.292,0.021,45.893
Colo9345_rep3_Dep6_Tu0.1,0.000,0.000,0.000,0.000,46.445,0.000,0.001,0.010,0.056,0.038,3.242,0.027,50.180
Colo9345_rep6_Dep6_Tu20,0.001,8.236,59.213,4.061,12.085,0.187,0.042,0.101,0.126,0.220,0.049,0.020,15.658
Colo9345_rep8_Dep6_Tu0.5,0.000,0.000,0.000,0.000,46.941,0.000,0.002,0.285,0.187,0.054,1.919,0.128,50.485
Colo9345_rep9_Dep6_Tu0.5,0.000,0.000,0.000,0.000,47.462,0.000,0.000,0.155,0.011,0.009,1.665,0.003,50.694
Colo9345_rep9_Dep6_Tu2,0.000,0.000,0.000,0.000,50.542,0.000,0.001,0.119,0.018,0.003,0.866,0.009,48.442
Colo9345_rep8_Dep6_Tu0.3,0.000,0.000,0.000,0.000,45.829,0.000,0.004,0.037,0.095,0.022,2.875,0.110,51.029
Colo9345_rep6_Dep6_Tu0.5,0.000,0.015,0.000,0.012,48.872,0.000,0.016,0.060,0.224,0.111,2.291,0.021,48.376
Colo9345_rep4_Dep6_Tu0.1,0.000,0.000,0.000,0.000,45.837,0.000,0.008,0.066,0.040,0.021,2.534,0.102,51.392
Colo9345_rep1_Dep6_Tu0.3,0.000,0.000,0.000,0.000,48.582,0.000,0.003,0.120,0.082,0.007,3.431,0.030,47.744
Colo9345_rep5_Dep6_Tu30,0.007,12.574,72.000,5.325,0.655,0.736,0.045,0.229,0.212,0.065,0.400,0.008,7.743
Colo9345_rep2_Dep6_Tu2,0.001,4.268,5.572,0.577,44.552,0.000,0.022,0.107,0.005,0.048,0.901,0.012,43.935
Colo9345_rep4_Dep6_Tu40,0.019,7.797,82.585,6.917,0.165,0.765,0.026,0.146,0.052,0.112,0.098,0.002,1.315
Colo9345_rep7_Dep6_Tu30,0.008,11.264,73.540,5.168,1.960,0.353,0.032,0.076,0.027,0.004,0.043,0.005,7.519
Colo9345_rep5_Dep6_Tu0.3,0.000,0.000,0.000,0.000,47.471,0.000,0.001,0.495,0.071,0.103,3.384,0.033,48.442
Colo9345_rep5_Dep6_Tu0.5,0.000,0.007,0.099,0.025,51.318,0.000,0.006,0.034,0.005,0.010,1.139,0.005,47.352
Colo9345_rep2_Dep6_Tu1,0.000,1.279,2.766,0.096,47.343,0.000,0.001,0.040,0.075,0.013,1.978,0.004,46.407
Colo9345_rep2_Dep6_Tu3,0.000,5.966,11.038,0.397,41.383,0.000,0.003,0.015,0.011,0.030,1.264,0.004,39.889
Colo9345_rep4_Dep6_Tu30,0.001,11.048,73.838,5.370,2.488,0.224,0.002,0.060,0.025,0.089,0.224,0.011,6.619
Colo9345_rep7_Dep6_Tu2,0.000,4.902,6.704,0.134,43.779,0.000,0.003,0.008,0.011,0.036,1.092,0.004,43.327
Colo9345_rep8_Dep6_Tu40,0.000,8.020,47.775,2.896,20.571,0.000,0.001,0.009,0.004,0.011,0.138,0.001,20.572
Colo9345_rep10_Dep6_Tu3,0.000,1.557,0.002,0.007,51.503,0.000,0.008,0.088,0.006,0.078,0.779,0.005,45.967
Colo9345_rep3_Dep6_Tu0.3,0.000,0.000,0.000,0.000,48.730,0.000,0.013,0.248,0.166,0.065,1.740,0.040,48.998
Colo9345_rep5_Dep6_Tu0.1,0.000,0.000,0.000,0.000,46.795,0.000,0.008,0.065,0.104,0.083,2.693,0.014,50.237
Colo9345_rep2_Dep6_Tu0.5,0.000,0.004,0.001,0.000,50.777,0.000,0.005,0.120,0.003,0.004,1.694,0.022,47.371
Colo9345_rep6_Dep6_Tu10,0.006,7.582,35.853,2.305,27.752,0.034,0.007,0.076,0.024,0.070,0.804,0.029,25.457
Colo9345_rep9_Dep6_Tu0.1,0.000,0.000,0.000,0.000,45.118,0.000,0.004,0.100,0.501,0.165,3.510,0.106,50.496
Colo9345_rep7_Dep6_Tu10,0.000,10.402,37.312,0.949,24.775,0.000,0.001,0.012,0.000,0.017,0.078,0.001,26.452
Colo9345_rep10_Dep6_Tu2,0.000,0.006,0.000,0.000,48.183,0.000,0.003,0.167,0.066,0.019,2.363,0.061,49.132
Colo9345_rep7_Dep6_Tu40,0.000,83.617,0.000,0.000,0.002,0.000,0.000,0.000,0.000,0.000,0.000,0.000,16.381
Colo9345_rep8_Dep6_Tu20,0.000,10.067,20.693,1.384,33.691,0.000,0.000,0.032,0.029,0.029,0.285,0.008,33.780
Colo9345_rep3_Dep6_Tu5,0.000,7.437,18.194,2.449,35.794,0.000,0.003,0.033,0.013,0.001,0.303,0.004,35.769
Colo9345_rep5_Dep6_Tu2,0.000,8.746,3.315,1.091,42.192,0.000,0.006,0.055,0.034,0.051,0.789,0.009,43.712
Colo9345_rep1_Dep6_Tu30,0.001,8.958,74.320,6.082,2.231,0.596,0.028,0.027,0.036,0.173,0.093,0.005,7.450
Colo9345_rep10_Dep6_Tu1,0.000,0.000,0.000,0.000,46.476,0.000,0.002,0.062,0.157,0.129,1.799,0.006,51.370
Colo9345_rep4_Dep6_Tu10,0.000,7.962,37.091,2.356,25.018,0.000,0.004,0.024,0.002,0.088,0.916,0.005,26.533
Colo9345_rep3_Dep6_Tu3,0.000,4.312,11.351,1.046,41.579,0.000,0.020,0.213,0.298,0.035,1.331,0.009,39.808
Colo9345_rep5_Dep6_Tu50,0.000,1.836,88.083,8.639,0.000,1.439,0.001,0.001,0.001,0.000,0.000,0.000,0.000
Colo9345_rep2_Dep6_Tu40,0.013,9.047,81.672,7.713,0.008,0.837,0.006,0.012,0.021,0.012,0.009,0.001,0.650
Colo9345_rep1_Dep6_Tu2,0.000,2.088,7.304,0.112,47.148,0.000,0.010,0.034,0.043,0.097,1.198,0.006,41.960
Colo9345_rep2_Dep6_Tu5,0.000,6.347,19.674,0.812,35.865,0.000,0.001,0.059,0.029,0.141,0.395,0.000,36.678
Colo9345_rep2_Dep6_Tu0.1,0.000,0.000,0.000,0.000,46.599,0.000,0.001,0.237,0.192,0.115,2.915,0.012,49.929
Colo9345_rep10_Dep6_Tu5,0.000,3.869,2.740,0.151,46.436,0.000,0.012,0.214,0.099,0.011,1.353,0.011,45.104
Colo9345_rep1_Dep6_Tu0.5,0.000,0.094,0.005,0.000,49.934,0.000,0.003,0.263,0.177,0.027,1.982,0.006,47.510
Colo9345_rep8_Dep6_Tu10,0.001,6.738,6.227,1.656,40.735,0.000,0.010,0.356,0.064,0.091,2.348,0.021,41.755
Colo9345_rep9_Dep6_Tu5,0.000,1.916,2.888,0.041,48.641,0.000,0.007,0.008,0.116,0.016,1.784,0.004,44.579
Colo9345_rep7_Dep6_Tu1,0.000,1.321,2.334,0.052,48.912,0.000,0.005,0.131,0.027,0.007,1.182,0.002,46.029
Colo9345_rep5_Dep6_Tu5,0.001,7.805,18.214,1.117,35.260,0.000,0.001,0.187,0.153,0.132,1.138,0.010,35.982
Colo9345_rep7_Dep6_Tu50,0.001,2.257,87.469,8.539,0.000,1.725,0.001,0.002,0.004,0.002,0.000,0.000,0.000
Colo9345_rep3_Dep6_Tu20,0.001,11.742,60.834,3.025,9.800,0.019,0.018,0.006,0.019,0.006,0.176,0.000,14.352
Colo9345_rep8_Dep6_Tu1,0.000,0.000,0.000,0.000,47.009,0.000,0.005,0.007,0.052,0.037,2.357,0.044,50.489
Colo9345_rep4_Dep6_Tu5,0.004,8.475,20.291,0.223,33.905,0.000,0.001,0.094,0.022,0.033,1.617,0.009,35.326
Colo9345_rep10_Dep6_Tu30,0.010,11.865,33.386,1.060,23.865,0.006,0.063,0.096,0.022,0.136,0.290,0.019,29.181
Colo9345_rep10_Dep6_Tu0.5,0.000,0.000,0.000,0.000,46.472,0.000,0.014,0.195,0.003,0.089,2.744,0.005,50.478
Colo9345_rep8_Dep6_Tu2,0.000,0.592,0.004,0.001,48.570,0.000,0.009,0.100,0.200,0.048,2.869,0.064,47.543
Colo9345_rep7_Dep6_Tu0.3,0.000,0.000,0.000,0.000,48.185,0.000,0.002,0.059,0.014,0.000,1.802,0.004,49.933
Colo9345_rep4_Dep6_Tu3,0.000,4.144,13.100,0.006,41.364,0.000,0.001,0.044,0.007,0.051,0.770,0.002,40.510
Colo9345_rep3_Dep6_Tu0.5,0.000,0.000,0.000,0.000,49.053,0.000,0.005,0.263,0.197,0.019,2.854,0.007,47.600
Colo9345_rep8_Dep6_Tu50,0.018,14.600,56.909,3.054,8.151,0.378,0.001,0.036,0.006,0.145,0.934,0.013,15.755
Colo9345_rep2_Dep6_Tu30,0.011,11.140,74.093,5.015,1.824,0.416,0.011,0.033,0.005,0.075,0.148,0.015,7.215
Colo9345_rep8_Dep6_Tu5,0.000,1.579,2.803,0.103,47.985,0.000,0.007,0.092,0.218,0.006,1.301,0.019,45.887
Colo9345_rep1_Dep6_Tu50,0.003,2.373,87.587,8.999,0.000,1.034,0.001,0.003,0.000,0.000,0.000,0.000,0.000
Colo9345_rep8_Dep6_Tu0.1,0.000,0.000,0.000,0.000,44.626,0.000,0.017,0.980,0.110,0.069,3.191,0.095,50.910
Colo9345_rep6_Dep6_Tu0.3,0.000,0.000,0.000,0.000,47.934,0.000,0.002,0.271,0.039,0.019,3.251,0.003,48.481
Colo9345_rep9_Dep6_Tu1,0.000,0.000,0.000,0.000,47.658,0.000,0.013,0.237,0.113,0.150,2.532,0.009,49.288
Colo9345_rep7_Dep6_Tu3,0.000,7.513,9.990,0.907,41.137,0.000,0.000,0.062,0.069,0.037,1.046,0.003,39.237
Colo9345_rep9_Dep6_Tu40,0.049,15.804,42.746,2.420,16.262,0.114,0.002,0.005,0.004,0.022,0.229,0.009,22.335
Colo9345_rep3_Dep6_Tu2,0.000,4.691,6.231,0.053,46.453,0.000,0.005,0.106,0.011,0.029,1.424,0.043,40.954
Colo9345_rep2_Dep6_Tu0.3,0.000,0.000,0.000,0.000,47.312,0.000,0.001,0.205,0.010,0.111,1.387,0.018,50.956
Colo9345_rep4_Dep6_Tu0.3,0.000,0.000,0.000,0.000,49.250,0.000,0.006,0.069,0.121,0.038,1.809,0.033,48.674
Colo9345_rep9_Dep6_Tu30,0.000,13.382,32.591,1.578,23.786,0.012,0.004,0.002,0.015,0.060,0.366,0.028,28.176
Colo9345_rep6_Dep6_Tu40,0.001,9.567,81.576,6.683,0.008,1.299,0.001,0.027,0.018,0.017,0.044,0.002,0.758
Colo9345_rep10_Dep6_Tu0.1,0.000,0.000,0.000,0.000,45.188,0.000,0.000,0.143,0.053,0.012,3.684,0.127,50.793
Colo9345_rep4_Dep6_Tu50,0.001,2.433,87.493,8.650,0.000,1.408,0.000,0.008,0.004,0.002,0.000,0.000,0.000
