Sample,BRCA,CEAD,CESC,COAD,OV,READ,bcell,cd4tcell,cd8tcell,erythroblast,monocyte,naturalkillercell,neutrophil
Colo9345_rep1_Dep6_Tu5,1.054,3.878,0.058,15.729,44.960,4.307,4.584,6.990,8.693,6.265,0.000,3.446,0.036
Colo9345_rep8_Dep6_Tu30,2.418,11.978,0.409,22.773,34.560,4.651,5.294,14.168,0.322,0.710,0.215,2.173,0.329
Colo9345_rep5_Dep6_Tu1,0.000,0.000,0.227,0.929,55.883,0.000,0.432,16.129,1.150,17.707,0.000,7.311,0.233
Colo9345_rep5_Dep6_Tu20,3.416,14.308,1.037,36.006,18.390,9.279,0.339,0.000,0.000,11.080,0.000,4.447,1.698
Colo9345_rep7_Dep6_Tu20,6.577,9.957,1.523,42.173,22.496,7.830,4.576,0.000,0.000,3.627,0.000,1.087,0.154
Colo9345_rep6_Dep6_Tu2,0.000,0.000,0.166,4.307,51.953,3.063,0.901,7.835,0.925,22.172,0.000,7.004,1.673
Colo9345_rep10_Dep6_Tu10,0.057,0.000,0.365,7.985,50.970,3.541,3.136,12.011,1.396,9.654,0.000,7.747,3.137
Colo9345_rep1_Dep6_Tu10,1.395,7.441,1.183,25.116,32.205,4.673,0.474,1.589,1.726,20.236,0.000,3.711,0.251
Colo9345_rep3_Dep6_Tu30,6.844,12.818,2.163,49.882,13.512,11.043,0.000,0.000,0.000,1.954,0.000,1.784,0.000
Colo9345_rep6_Dep6_Tu1,0.000,0.145,0.027,1.657,60.497,0.000,2.362,21.672,1.090,8.204,0.000,4.112,0.233
Colo9345_rep2_Dep6_Tu10,6.336,14.684,0.468,22.621,33.244,7.032,1.144,8.277,0.000,1.559,0.000,2.124,2.512
Colo9345_rep6_Dep6_Tu5,4.045,0.860,0.190,12.998,46.627,7.124,3.750,5.760,9.724,4.784,0.000,4.031,0.108
Colo9345_rep5_Dep6_Tu10,4.228,10.031,2.064,23.461,32.429,3.931,0.265,10.013,0.008,9.400,0.171,3.442,0.556
Colo9345_rep5_Dep6_Tu40,7.582,9.946,2.433,55.989,9.283,11.880,0.000,0.000,0.000,2.886,0.000,0.000,0.000
Colo9345_rep1_Dep6_Tu0.1,0.000,0.000,0.000,0.007,62.300,0.000,6.120,27.521,0.218,0.419,0.050,3.040,0.325
Colo9345_rep3_Dep6_Tu10,8.332,0.000,1.208,24.380,34.771,7.646,6.932,0.707,0.000,7.010,0.596,4.767,3.652
Colo9345_rep4_Dep6_Tu2,0.150,0.338,0.075,5.209,51.661,0.888,0.324,23.162,0.918,12.149,0.000,5.081,0.046
Colo9345_rep2_Dep6_Tu20,4.329,13.060,0.839,40.015,21.569,8.584,3.672,0.000,0.000,5.529,0.000,2.402,0.000
Colo9345_rep3_Dep6_Tu50,6.199,10.807,4.532,59.844,5.076,13.542,0.000,0.000,0.000,0.000,0.000,0.000,0.000
Colo9345_rep6_Dep6_Tu0.1,0.000,0.000,0.000,0.000,59.769,0.000,6.568,11.098,8.355,8.073,0.000,6.098,0.039
Colo9345_rep3_Dep6_Tu40,9.055,6.917,7.344,55.471,8.404,11.540,0.000,0.000,0.000,1.268,0.000,0.000,0.000
Colo9345_rep6_Dep6_Tu3,1.755,0.000,0.000,5.934,51.415,4.253,8.029,7.210,7.422,9.939,0.000,3.901,0.143
Colo9345_rep9_Dep6_Tu50,8.542,1.275,0.975,43.149,23.318,6.793,9.156,0.000,0.000,4.897,0.000,1.535,0.359
Colo9345_rep1_Dep6_Tu3,2.039,0.000,0.034,5.755,48.605,5.023,8.635,4.876,0.876,10.003,0.000,8.191,5.964
Colo9345_rep6_Dep6_Tu30,11.386,3.909,2.237,48.590,12.718,10.817,0.000,0.000,0.000,8.077,0.000,2.268,0.000
Colo9345_rep1_Dep6_Tu20,2.587,10.028,2.633,37.903,21.001,8.703,0.000,0.000,0.000,13.361,0.000,1.643,2.141
Colo9345_rep4_Dep6_Tu0.5,0.025,0.000,0.037,0.084,52.860,0.055,0.452,10.709,3.599,23.184,0.000,8.817,0.175
Colo9345_rep9_Dep6_Tu10,0.006,0.500,0.357,6.916,49.440,0.735,0.303,18.801,0.000,10.626,0.084,4.130,8.100
Colo9345_rep3_Dep6_Tu1,0.096,0.000,0.035,0.524,54.758,0.000,0.420,21.984,0.170,12.490,0.000,6.770,2.753
Colo9345_rep7_Dep6_Tu0.1,0.000,0.000,0.024,0.010,64.786,0.000,5.934,23.181,0.651,2.669,0.260,2.383,0.102
Colo9345_rep4_Dep6_Tu20,3.990,13.407,0.834,39.096,20.652,7.977,0.382,0.000,0.000,9.283,0.000,1.443,2.936
Colo9345_rep7_Dep6_Tu5,0.850,0.000,1.855,12.924,45.450,7.260,6.211,4.177,0.406,7.685,0.251,5.461,7.470
Colo9345_rep10_Dep6_Tu50,5.035,12.911,0.469,35.821,23.078,11.204,0.021,0.369,0.000,8.165,0.275,2.652,0.000
Colo9345_rep2_Dep6_Tu50,10.107,6.446,3.774,61.393,5.190,13.091,0.000,0.000,0.000,0.000,0.000,0.000,0.000
Colo9345_rep10_Dep6_Tu40,4.298,5.416,1.199,25.921,27.147,10.792,0.351,0.000,1.861,12.195,0.000,1.606,9.213
Colo9345_rep9_Dep6_Tu20,5.246,0.000,0.880,12.360,45.015,7.198,6.547,3.537,4.272,7.708,0.000,4.132,3.106
Colo9345_rep8_Dep6_Tu3,0.000,0.000,0.120,0.237,57.308,0.000,0.036,27.984,1.106,11.606,0.000,1.553,0.050
Colo9345_rep5_Dep6_Tu3,1.847,0.255,0.000,9.726,54.543,2.462,7.339,17.924,0.294,3.887,0.000,1.571,0.152
Colo9345_rep1_Dep6_Tu40,7.014,8.554,4.836,55.783,9.274,11.792,0.000,0.000,0.000,2.747,0.000,0.000,0.000
Colo9345_rep9_Dep6_Tu0.3,0.000,0.000,0.000,0.004,62.347,0.000,4.898,25.187,0.196,0.213,0.076,4.393,2.685
Colo9345_rep4_Dep6_Tu1,0.000,0.028,0.060,0.602,52.922,0.000,0.301,9.884,3.563,24.397,0.000,8.126,0.117
Colo9345_rep10_Dep6_Tu20,1.151,1.032,0.512,16.840,41.118,4.812,0.929,2.607,0.740,21.974,0.337,5.486,2.461
Colo9345_rep1_Dep6_Tu1,0.000,0.000,0.220,0.329,51.170,0.684,0.199,11.272,6.024,18.023,0.000,8.627,3.452
Colo9345_rep6_Dep6_Tu50,0.201,0.463,0.389,2.747,21.397,1.808,0.000,4.599,0.000,10.067,55.404,2.926,0.000
Colo9345_rep7_Dep6_Tu0.5,0.000,0.000,0.000,0.166,59.803,0.000,6.420,11.929,10.390,7.997,0.000,3.236,0.059
Colo9345_rep10_Dep6_Tu0.3,0.000,0.000,0.000,0.008,59.958,0.000,0.784,23.078,1.354,6.599,0.042,7.130,1.047
Colo9345_rep9_Dep6_Tu3,0.003,0.000,0.447,0.158,54.411,0.000,0.083,24.794,0.322,12.270,0.281,6.376,0.855
Colo9345_rep3_Dep6_Tu0.1,0.007,0.000,0.013,0.020,55.473,0.000,0.239,22.655,0.017,12.611,0.104,6.229,2.632
Colo9345_rep6_Dep6_Tu20,3.640,11.317,0.676,38.184,22.746,10.728,3.414,0.000,1.884,5.741,0.000,1.540,0.129
Colo9345_rep8_Dep6_Tu0.5,0.000,0.000,0.087,0.000,60.066,0.000,7.105,10.086,9.112,8.058,0.000,4.841,0.645
Colo9345_rep9_Dep6_Tu0.5,0.000,0.000,0.034,0.013,65.533,0.000,3.835,23.968,1.048,2.415,0.000,2.945,0.209
Colo9345_rep9_Dep6_Tu2,0.000,0.000,0.018,0.177,63.221,0.000,1.153,24.222,0.119,4.408,0.662,5.280,0.740
Colo9345_rep8_Dep6_Tu0.3,0.000,0.000,0.000,0.000,62.333,0.000,4.904,25.167,0.187,0.225,0.106,4.393,2.685
Colo9345_rep6_Dep6_Tu0.5,0.002,0.000,0.053,0.102,52.862,0.000,0.176,11.198,5.971,18.773,0.000,9.437,1.425
Colo9345_rep4_Dep6_Tu0.1,0.000,0.000,0.009,0.017,59.138,0.000,7.325,9.211,2.655,9.335,0.000,9.491,2.819
Colo9345_rep1_Dep6_Tu0.3,0.000,0.000,0.031,0.042,56.471,1.500,8.124,6.951,1.106,9.729,0.023,11.880,4.142
Colo9345_rep5_Dep6_Tu30,6.341,9.693,2.708,49.777,13.679,12.038,0.000,0.000,0.000,2.402,0.000,3.361,0.000
Colo9345_rep2_Dep6_Tu2,0.521,0.921,0.000,2.794,55.248,4.736,6.761,8.092,4.696,9.934,0.000,5.173,1.125
Colo9345_rep4_Dep6_Tu40,6.311,12.206,3.442,55.467,9.541,12.529,0.000,0.000,0.000,0.504,0.000,0.000,0.000
Colo9345_rep7_Dep6_Tu30,10.308,7.701,0.568,51.650,14.783,9.684,3.358,0.000,0.000,1.493,0.000,0.455,0.000
Colo9345_rep5_Dep6_Tu0.3,0.000,0.000,0.018,0.024,54.127,0.012,0.237,9.289,3.124,23.580,0.000,9.454,0.135
Colo9345_rep5_Dep6_Tu0.5,0.000,0.000,0.000,0.265,60.792,0.000,7.095,25.362,0.321,2.092,0.000,3.844,0.228
Colo9345_rep2_Dep6_Tu1,0.274,0.147,0.006,2.623,57.968,0.000,0.460,20.247,1.805,8.354,0.000,7.169,0.947
Colo9345_rep2_Dep6_Tu3,0.044,3.520,0.000,9.915,50.783,1.786,0.615,17.840,0.210,7.518,0.000,5.846,1.923
Colo9345_rep4_Dep6_Tu30,3.556,16.820,1.906,51.533,14.116,10.058,0.000,0.000,0.000,1.350,0.000,0.659,0.000
Colo9345_rep7_Dep6_Tu2,0.000,0.067,0.039,4.226,55.583,4.650,4.442,9.352,10.113,6.314,0.000,5.101,0.114
Colo9345_rep8_Dep6_Tu40,3.263,2.762,0.163,37.328,30.554,5.454,8.224,2.117,0.000,6.703,1.900,1.246,0.286
Colo9345_rep10_Dep6_Tu3,0.097,0.035,0.092,0.218,57.633,0.000,0.900,20.918,1.702,13.001,0.054,5.115,0.234
Colo9345_rep3_Dep6_Tu0.3,0.000,0.000,0.081,0.048,60.030,0.000,7.082,10.116,9.116,8.094,0.000,4.858,0.577
Colo9345_rep5_Dep6_Tu0.1,0.000,0.000,0.029,0.000,59.404,0.000,5.275,28.075,0.586,0.382,0.000,6.058,0.190
Colo9345_rep2_Dep6_Tu0.5,0.000,0.311,0.036,0.106,62.185,0.733,4.545,24.002,0.415,1.105,0.000,4.061,2.501
Colo9345_rep6_Dep6_Tu10,4.600,7.505,0.964,23.010,32.219,5.677,0.426,9.930,0.507,11.153,0.000,2.569,1.441
Colo9345_rep9_Dep6_Tu0.1,0.000,0.000,0.022,0.000,54.208,0.000,0.111,9.095,5.219,20.672,0.000,9.390,1.283
Colo9345_rep7_Dep6_Tu10,4.945,4.919,0.343,25.514,36.675,7.394,3.720,9.130,0.432,2.634,3.084,1.077,0.134
Colo9345_rep10_Dep6_Tu2,0.000,0.000,0.000,0.165,58.760,0.000,2.175,16.176,2.147,11.157,0.000,7.419,2.000
Colo9345_rep7_Dep6_Tu40,2.106,0.170,0.333,3.383,20.640,1.463,0.502,13.002,0.000,2.984,50.087,2.135,3.194
Colo9345_rep8_Dep6_Tu20,0.505,8.363,0.520,15.769,41.284,0.760,0.114,15.892,0.069,12.301,0.190,2.649,1.584
Colo9345_rep3_Dep6_Tu5,0.420,2.255,0.257,15.924,47.181,2.604,5.716,13.429,0.543,8.543,0.728,1.707,0.693
Colo9345_rep5_Dep6_Tu2,0.000,0.019,0.102,2.478,50.765,2.446,0.564,6.424,1.298,23.534,4.717,5.443,2.209
Colo9345_rep1_Dep6_Tu30,5.728,18.004,1.258,49.020,13.372,11.597,0.000,0.000,0.000,0.483,0.000,0.537,0.000
Colo9345_rep10_Dep6_Tu1,0.000,0.000,0.050,0.008,57.674,0.000,0.050,28.205,1.166,11.197,0.000,1.591,0.060
Colo9345_rep4_Dep6_Tu10,2.822,8.424,0.226,27.391,34.722,4.944,5.302,10.680,0.182,3.232,0.000,1.958,0.117
Colo9345_rep3_Dep6_Tu3,0.666,5.987,0.124,8.427,48.878,1.040,4.285,16.344,2.406,7.238,0.000,3.780,0.823
Colo9345_rep5_Dep6_Tu50,4.017,12.305,5.238,60.348,4.854,13.237,0.000,0.000,0.000,0.000,0.000,0.000,0.000
Colo9345_rep2_Dep6_Tu40,5.912,15.875,2.589,53.830,8.275,13.518,0.000,0.000,0.000,0.000,0.000,0.000,0.000
Colo9345_rep1_Dep6_Tu2,0.060,5.352,0.170,3.748,53.025,0.000,5.417,25.452,0.766,0.787,0.000,5.120,0.102
Colo9345_rep2_Dep6_Tu5,0.585,2.836,2.206,14.387,45.809,1.026,0.010,21.268,0.654,10.327,0.000,0.877,0.015
Colo9345_rep2_Dep6_Tu0.1,0.000,0.025,0.004,0.002,57.341,0.000,0.066,25.736,1.251,12.197,0.000,3.269,0.108
Colo9345_rep10_Dep6_Tu5,0.015,0.000,0.000,0.949,56.582,3.891,6.264,9.559,6.959,8.702,0.000,5.617,1.463
Colo9345_rep1_Dep6_Tu0.5,0.000,0.000,0.061,0.144,58.948,0.000,5.807,10.567,7.449,9.408,0.071,7.132,0.412
Colo9345_rep8_Dep6_Tu10,0.549,0.215,0.090,5.748,47.402,1.466,1.599,10.975,5.880,17.836,0.000,7.511,0.728
Colo9345_rep9_Dep6_Tu5,0.062,0.000,0.305,1.222,55.830,0.000,0.380,15.682,1.822,17.759,0.000,6.755,0.184
Colo9345_rep7_Dep6_Tu1,0.000,0.145,0.178,2.280,60.762,0.000,5.961,23.641,0.679,2.354,0.000,3.503,0.497
Colo9345_rep5_Dep6_Tu5,2.877,0.000,0.302,14.774,43.699,2.446,0.060,3.806,3.901,21.887,0.000,5.537,0.712
Colo9345_rep7_Dep6_Tu50,5.543,9.721,4.438,59.270,5.872,15.155,0.000,0.000,0.000,0.000,0.000,0.000,0.000
Colo9345_rep3_Dep6_Tu20,4.674,16.395,1.199,40.599,21.480,8.495,4.276,0.000,0.000,1.206,0.000,1.675,0.000
Colo9345_rep8_Dep6_Tu1,0.002,0.000,0.004,0.033,55.912,0.000,0.264,25.229,0.445,11.965,0.000,5.702,0.444
Colo9345_rep4_Dep6_Tu5,8.086,0.000,0.000,12.668,40.076,4.787,0.230,3.678,1.314,20.910,0.000,7.437,0.814
Colo9345_rep10_Dep6_Tu30,3.480,15.165,0.161,17.299,36.801,8.250,2.074,1.944,1.555,9.723,0.000,1.643,1.905
Colo9345_rep10_Dep6_Tu0.5,0.012,0.009,0.025,0.005,57.663,0.000,2.024,19.027,0.542,11.814,0.000,8.608,0.271
Colo9345_rep8_Dep6_Tu2,0.088,0.000,0.027,0.101,54.529,0.000,0.151,19.713,0.151,12.933,0.000,5.962,6.344
Colo9345_rep7_Dep6_Tu0.3,0.000,0.036,0.026,0.099,62.103,0.000,4.527,24.195,0.485,3.310,0.000,4.956,0.262
Colo9345_rep4_Dep6_Tu3,0.769,2.602,0.164,8.073,49.310,0.958,0.106,22.307,0.407,12.665,0.055,2.554,0.029
Colo9345_rep3_Dep6_Tu0.5,0.000,0.000,0.116,0.069,54.315,0.000,0.189,25.186,0.546,12.020,0.137,7.097,0.324
Colo9345_rep8_Dep6_Tu50,13.517,2.279,0.657,31.480,20.483,13.542,0.122,0.000,0.000,12.964,0.000,4.101,0.856
Colo9345_rep2_Dep6_Tu30,7.845,13.961,1.017,49.624,14.097,11.898,0.000,0.000,0.000,0.645,0.000,0.912,0.000
Colo9345_rep8_Dep6_Tu5,0.100,0.000,0.147,0.389,54.838,0.999,0.159,8.485,5.109,23.296,0.000,5.746,0.732
Colo9345_rep1_Dep6_Tu50,6.631,10.374,4.435,61.298,4.877,12.384,0.000,0.000,0.000,0.000,0.000,0.000,0.000
Colo9345_rep8_Dep6_Tu0.1,0.000,0.000,0.007,0.000,56.267,0.000,0.817,11.174,3.261,18.990,0.055,7.093,2.336
Colo9345_rep6_Dep6_Tu0.3,0.000,0.000,0.246,0.033,54.440,0.000,0.146,25.251,0.524,11.976,0.000,7.136,0.248
Colo9345_rep9_Dep6_Tu1,0.000,0.000,0.112,0.019,58.970,0.000,5.433,28.516,0.516,0.565,0.000,5.708,0.160
Colo9345_rep7_Dep6_Tu3,0.725,0.000,0.134,8.281,47.842,2.423,0.133,5.270,2.482,24.418,0.000,7.099,1.192
Colo9345_rep9_Dep6_Tu40,7.452,8.642,0.315,27.766,28.110,7.127,0.467,0.000,0.000,9.963,0.000,2.258,7.899
Colo9345_rep3_Dep6_Tu2,0.077,0.000,0.610,1.652,51.473,5.727,8.624,5.244,1.219,10.413,0.000,9.122,5.839
Colo9345_rep2_Dep6_Tu0.3,0.000,0.000,0.077,0.034,58.002,0.000,0.067,28.118,0.949,11.108,0.000,1.546,0.099
Colo9345_rep4_Dep6_Tu0.3,0.000,0.000,0.019,0.088,59.961,0.000,1.116,22.633,2.308,6.608,0.000,6.626,0.640
Colo9345_rep9_Dep6_Tu30,1.603,3.762,0.223,22.295,33.805,5.697,0.261,8.953,0.000,10.817,0.000,1.958,10.625
Colo9345_rep6_Dep6_Tu40,5.519,13.536,3.490,55.906,9.145,12.231,0.000,0.000,0.000,0.173,0.000,0.000,0.000
Colo9345_rep10_Dep6_Tu0.1,0.000,0.000,0.000,0.000,58.822,0.000,4.132,14.329,1.337,9.917,0.000,9.478,1.984
Colo9345_rep4_Dep6_Tu50,5.628,9.782,6.599,57.866,5.066,15.058,0.000,0.000,0.000,0.000,0.000,0.000,0.000
