Sample,BRCA,CEAD,CESC,COAD,OV,READ,bcell,cd4tcell,cd8tcell,erythroblast,monocyte,naturalkillercell,neutrophil,Unknown-1,Unknown-2,Unknown-3,Unknown-4,Unknown-5,Unknown-6,Unknown-7,Unknown-8,Unknown-9,Unknown-10
gDNA-Breast-GC1002316,8.945,1.968,1.349,0.001,5.052,0.509,1.779,9.309,4.961,8.388,4.231,2.854,2.038,0.597,0.098,0.091,0.011,0.045,0.098,30.893,0.646,0.030,16.108
gDNA-Breast-GC1003962,6.719,1.932,0.585,2.094,1.679,0.063,3.390,0.797,6.106,1.896,0.612,0.232,0.008,0.241,0.066,2.663,3.667,0.392,48.910,12.290,0.394,0.036,5.229
gDNA-Breast-GC1003963,0.336,2.239,2.130,0.615,0.589,0.309,2.238,4.341,1.096,3.004,0.420,1.400,0.648,1.142,0.019,0.027,0.334,0.112,54.329,3.102,0.106,0.043,21.421
gDNA-Breast-GC1003965,13.603,3.442,0.941,0.025,4.047,0.665,3.115,1.228,4.901,6.377,0.635,3.588,0.289,0.263,0.152,0.658,0.002,0.307,0.407,39.398,0.183,0.232,15.541
gDNA-Breast-GC1003966,8.045,2.885,2.194,1.478,1.675,0.822,1.705,0.731,2.147,1.270,0.120,1.104,0.706,7.177,1.631,0.694,1.993,0.065,22.121,40.575,0.092,0.224,0.547
gDNA-Cervical-GC112877,0.540,20.623,23.172,0.167,1.208,0.000,1.610,11.600,1.579,0.675,1.056,0.727,0.031,4.409,8.421,0.001,0.022,11.755,6.636,0.322,5.433,0.000,0.012
gDNA-Cervical-GC112878,1.708,0.970,1.640,0.065,10.422,6.476,3.177,3.853,1.214,4.019,0.020,1.608,13.401,39.679,0.173,5.189,0.047,0.071,0.039,0.003,0.190,0.455,5.582
gDNA-Cervical-GC112880,0.332,5.481,14.159,0.619,1.427,0.023,1.850,4.867,4.344,1.607,1.031,1.247,0.324,8.767,2.712,0.058,0.941,44.323,3.382,2.194,0.269,0.011,0.031
gDNA-Cervical-GC112881,0.367,3.153,11.639,0.002,0.210,0.001,0.951,0.035,1.834,1.604,0.209,1.104,0.228,5.252,0.008,0.002,0.021,1.613,0.718,0.126,70.921,0.000,0.001
gDNA-Cervical-GC112882,0.191,8.558,9.912,0.043,17.141,0.207,5.808,8.833,9.505,2.833,3.330,3.050,0.095,6.933,0.207,16.792,0.014,0.519,0.016,3.583,0.587,0.053,1.790
gDNA-Cervical-GC112883,0.278,3.887,0.149,0.002,42.315,2.144,4.876,10.289,6.938,12.656,3.508,1.233,0.789,1.593,0.010,0.033,0.000,0.966,0.008,2.307,0.084,0.007,5.927
gDNA-Colorectal-GC112876,0.095,1.577,0.214,0.121,6.591,55.105,1.683,4.626,1.261,3.087,0.584,3.549,0.946,1.988,0.759,2.188,0.037,0.557,0.061,1.118,1.244,11.804,0.805
gDNA-Colorectal-GC119345,0.208,0.069,0.872,7.814,0.075,0.737,0.073,1.161,0.684,0.265,0.340,0.423,0.070,0.289,52.518,0.032,25.929,1.506,4.747,0.113,1.899,0.054,0.123
gDNA-Colorectal-GC119346,2.440,1.464,1.666,4.290,0.025,2.975,2.040,1.430,3.286,4.623,3.271,2.885,0.647,1.342,6.186,20.295,3.822,0.117,3.620,1.578,3.453,28.451,0.092
gDNA-Colorectal-GC119347,0.134,0.212,0.096,0.834,0.322,29.866,0.019,0.103,0.079,0.173,0.086,0.105,0.131,0.044,26.086,0.084,0.776,0.304,1.544,0.819,0.287,35.608,2.287
gDNA-Colorectal-GC119348,1.624,0.440,0.925,20.870,0.639,2.544,2.590,3.795,0.664,3.918,3.004,2.962,6.668,0.078,6.674,23.314,4.125,6.070,2.212,0.396,5.404,0.808,0.275
gDNA-Colorectal-GC119349,4.406,1.513,4.107,3.693,4.389,0.360,5.593,1.874,3.974,6.460,2.551,3.475,0.093,1.861,0.030,0.966,36.911,1.330,1.569,2.549,2.746,7.094,2.457
gDNA-Ovarian-GC112879,2.254,0.706,0.407,0.036,6.362,11.897,2.614,4.073,4.198,10.487,0.802,5.955,3.062,4.761,0.124,0.821,0.014,3.376,0.005,0.116,0.862,1.138,35.930
gDNA-Ovarian-GC119433,3.606,1.415,0.204,7.743,5.958,3.217,0.915,0.077,0.193,0.093,0.745,0.631,2.455,6.288,1.332,10.991,20.956,11.027,2.424,0.650,1.849,8.902,8.329
gDNA-Ovarian-GC119434,2.453,0.907,2.565,1.925,7.090,0.235,9.151,5.175,5.062,1.516,8.951,3.416,0.087,2.810,1.028,5.371,19.433,7.585,5.724,0.840,1.662,4.071,2.943
gDNA-WBC-GC131344,0.362,0.170,0.010,0.013,1.202,0.986,2.732,2.515,1.915,1.402,6.057,2.704,75.210,0.063,0.058,1.969,0.000,1.130,0.002,0.036,0.153,0.530,0.781
gDNA-WBC-GC131345,1.466,0.029,0.232,0.282,4.655,0.461,1.535,5.331,5.562,2.052,7.065,6.731,55.491,0.214,0.026,3.909,0.032,2.862,0.065,0.302,0.218,0.780,0.699
gDNA-WBC-GC131346,0.277,0.772,0.300,0.152,2.924,1.075,6.653,5.954,5.040,2.953,6.077,4.571,58.675,0.021,0.060,0.832,0.096,1.507,0.039,0.264,0.118,1.547,0.092
gDNA-WBC-GC131347,0.217,0.018,0.334,0.035,2.950,0.054,4.388,17.790,5.048,0.954,13.753,1.880,50.141,0.055,0.001,0.400,0.007,1.699,0.009,0.028,0.096,0.037,0.107
gDNA-WBC-GC131348,0.535,1.021,0.228,0.734,2.003,0.006,1.667,5.487,1.269,2.973,9.903,5.954,64.066,0.068,0.011,0.126,0.840,2.243,0.444,0.020,0.211,0.126,0.065
gDNA-WBC-GC131349,0.242,1.698,0.423,0.209,3.121,0.312,1.622,5.010,7.088,4.567,8.733,8.476,54.294,0.134,0.138,0.542,0.109,1.419,0.157,0.183,0.333,0.399,0.793
gDNA-WBC-GC131350,0.903,0.545,0.373,0.430,2.185,0.050,3.451,1.244,5.163,4.613,9.439,1.695,65.357,0.004,0.069,2.441,0.042,1.061,0.068,0.009,0.261,0.151,0.446
gDNA-WBC-GC131351,0.367,0.397,0.213,0.039,3.350,0.020,3.384,2.987,4.204,1.681,7.337,5.153,64.388,0.059,0.006,1.702,0.273,2.950,0.074,0.082,0.246,0.634,0.453
gDNA-WBC-GC131352,0.810,0.429,0.274,0.161,1.580,0.011,7.642,6.919,11.309,5.666,7.032,5.875,49.349,0.025,0.008,0.820,0.026,1.403,0.007,0.045,0.155,0.134,0.318
gDNA-WBC-GC131353,0.457,0.762,0.100,0.319,3.946,0.223,4.753,6.580,2.722,6.709,6.023,3.401,56.351,0.111,0.011,2.838,0.153,3.471,0.010,0.019,0.627,0.328,0.085
gDNA-WBC-GC131354,0.245,0.453,0.288,0.009,4.610,0.886,5.399,5.017,6.434,6.306,10.765,8.143,45.666,0.201,0.181,2.261,0.057,1.940,0.098,0.021,0.205,0.392,0.423
gDNA-WBC-GC131355,0.444,0.239,0.120,0.017,4.336,0.748,3.207,1.743,3.726,4.791,10.370,6.611,56.718,0.015,0.013,3.887,0.003,0.607,0.005,0.010,0.268,1.737,0.386
