Sample,BRCA,CEAD,CESC,COAD,OV,READ,bcell,cd4tcell,cd8tcell,erythroblast,monocyte,naturalkillercell,neutrophil
Br62_rep5_Dep6_Tu0.5,0.000,0.000,0.000,28.061,0.000,0.000,0.000,0.204,1.770,2.408,3.726,0.199,63.632
Br62_rep5_Dep6_Tu3,0.077,0.037,0.167,27.943,1.888,0.000,0.000,0.102,0.537,2.321,3.855,0.182,62.891
Br62_rep6_Dep6_Tu30,6.679,0.046,0.011,2.792,31.295,0.000,0.000,2.331,0.442,17.905,3.101,0.420,34.978
Br62_rep7_Dep6_Tu20,0.544,0.041,0.199,20.422,28.693,0.000,0.000,0.180,0.230,2.517,2.159,0.349,44.668
Br62_rep2_Dep6_Tu40,11.014,0.253,0.000,0.773,35.342,0.000,0.000,1.389,2.009,14.353,2.755,1.880,30.232
Br62_rep8_Dep6_Tu0.5,0.000,0.039,0.000,19.113,0.000,0.000,0.000,4.165,1.832,4.332,6.185,1.275,63.058
Br62_rep5_Dep6_Tu2,0.045,0.026,0.000,6.874,0.000,0.000,0.000,3.167,0.037,24.635,7.325,0.577,57.314
Br62_rep4_Dep6_Tu50,19.410,1.788,0.000,1.356,44.371,0.000,0.000,0.000,2.184,0.000,2.637,3.221,25.033
Br62_rep8_Dep6_Tu40,3.776,2.018,0.000,7.505,51.661,0.000,0.000,0.000,0.388,2.142,1.010,0.330,31.169
Br62_rep7_Dep6_Tu2,0.000,0.061,0.000,19.007,0.039,0.000,0.000,10.414,0.396,2.965,5.279,0.208,61.632
Br62_rep9_Dep6_Tu40,2.266,3.611,0.000,1.215,46.195,0.000,0.000,0.000,0.294,13.160,1.328,1.012,30.920
Br62_rep10_Dep6_Tu2,0.000,0.084,0.110,26.173,0.134,0.000,0.000,0.896,1.545,3.001,3.416,2.265,62.375
Br62_rep6_Dep6_Tu10,0.165,1.934,0.000,9.538,11.263,0.000,0.000,0.340,0.418,20.358,2.971,0.867,52.146
Br62_rep2_Dep6_Tu2,0.030,0.000,0.000,19.847,0.129,0.000,0.000,6.745,1.662,4.729,5.833,0.278,60.745
Br62_rep9_Dep6_Tu5,0.055,0.246,0.000,14.160,1.549,0.000,0.000,0.872,0.543,18.124,8.822,0.427,55.202
Br62_rep6_Dep6_Tu40,5.083,1.433,0.000,7.339,46.835,0.000,0.000,0.000,0.185,5.227,1.775,0.503,31.620
Br62_rep4_Dep6_Tu20,1.138,0.054,0.000,4.533,29.447,0.000,0.000,2.965,0.461,15.165,2.580,1.458,42.198
Br62_rep9_Dep6_Tu1,0.000,0.429,0.000,25.216,0.004,0.000,0.000,0.445,6.180,2.354,4.416,0.189,60.767
Br62_rep1_Dep6_Tu0.3,0.000,0.009,0.056,18.405,0.000,0.000,0.000,0.961,1.190,4.427,13.594,1.784,59.573
Br62_rep3_Dep6_Tu5,0.079,0.064,0.000,23.056,2.240,0.000,0.000,0.686,0.360,9.246,3.289,0.913,60.065
Br62_rep9_Dep6_Tu50,14.575,0.632,0.000,3.334,52.851,0.000,0.000,0.000,0.855,1.646,1.064,0.290,24.754
Br62_rep5_Dep6_Tu30,5.746,0.665,0.000,9.756,32.891,0.000,0.000,0.835,4.780,3.990,4.084,0.646,36.607
Br62_rep9_Dep6_Tu0.5,0.000,0.022,0.592,29.542,0.000,0.000,0.000,0.476,0.088,1.579,3.401,0.180,64.121
Br62_rep1_Dep6_Tu20,7.154,0.022,0.000,3.920,19.030,0.000,0.000,1.262,0.011,18.560,5.722,1.109,43.211
Br62_rep4_Dep6_Tu2,0.009,0.000,0.000,12.760,0.029,0.000,0.000,1.033,0.718,22.070,4.512,0.091,58.778
Br62_rep8_Dep6_Tu3,0.019,0.055,0.000,12.252,0.219,0.000,0.000,1.988,0.099,24.016,1.506,0.104,59.741
Br62_rep2_Dep6_Tu5,0.095,0.038,0.000,12.208,3.230,0.000,0.000,1.301,0.118,23.032,1.310,0.181,58.488
Br62_rep2_Dep6_Tu1,0.000,0.018,0.000,19.619,0.020,0.000,0.000,1.251,0.231,9.080,7.410,0.805,61.566
Br62_rep8_Dep6_Tu1,0.000,0.000,0.000,11.253,0.031,0.000,0.000,0.555,0.575,23.096,4.653,0.506,59.329
Br62_rep10_Dep6_Tu0.1,0.000,0.003,0.000,4.335,0.000,0.000,0.000,5.360,1.672,23.014,7.221,1.171,57.223
Br62_rep3_Dep6_Tu40,3.746,1.152,0.000,1.493,43.830,0.000,0.000,0.000,0.578,13.598,1.512,4.265,29.825
Br62_rep8_Dep6_Tu0.3,0.000,0.000,0.154,25.611,0.000,0.000,0.000,0.249,2.003,0.657,4.246,1.829,65.250
Br62_rep4_Dep6_Tu0.5,0.000,0.000,0.000,6.346,0.012,0.000,0.000,2.510,0.397,26.380,8.045,0.193,56.117
Br62_rep6_Dep6_Tu50,15.755,6.898,0.000,1.624,39.746,0.000,0.000,0.000,0.176,9.584,2.168,0.424,23.625
Br62_rep7_Dep6_Tu0.1,0.000,0.007,0.776,29.559,0.000,0.000,0.000,0.366,0.189,1.855,3.348,0.124,63.775
Br62_rep9_Dep6_Tu30,1.379,9.000,0.000,2.913,29.897,0.000,0.000,0.000,0.171,15.565,3.564,3.214,34.295
Br62_rep6_Dep6_Tu20,3.010,0.024,0.000,10.595,21.830,0.000,0.000,10.721,1.889,4.170,1.345,0.135,46.283
Br62_rep5_Dep6_Tu5,0.092,0.021,0.000,7.997,0.764,0.000,0.000,5.219,0.035,25.027,6.215,0.467,54.163
Br62_rep4_Dep6_Tu40,2.522,0.251,0.000,8.867,50.989,0.000,0.000,0.000,0.212,4.312,2.576,0.958,29.313
Br62_rep8_Dep6_Tu0.1,0.000,0.004,0.178,7.059,0.000,0.000,0.000,3.808,0.745,21.132,6.441,1.851,58.783
Br62_rep1_Dep6_Tu40,6.274,0.047,0.075,1.498,42.910,0.000,0.000,0.000,1.083,15.674,0.661,0.588,31.189
Br62_rep3_Dep6_Tu30,1.936,0.188,0.000,12.810,41.490,0.000,0.000,0.000,0.835,4.505,1.583,0.836,35.817
Br62_rep7_Dep6_Tu0.5,0.000,0.000,0.000,18.733,0.000,0.000,0.000,11.023,0.960,4.073,2.664,0.103,62.443
Br62_rep1_Dep6_Tu10,1.005,0.247,0.000,7.690,4.411,0.000,0.000,4.104,0.303,25.473,5.521,0.627,50.619
Br62_rep10_Dep6_Tu20,1.308,0.600,0.000,1.848,20.332,0.000,0.000,5.048,3.264,19.212,4.375,0.653,43.359
Br62_rep1_Dep6_Tu5,0.172,0.077,0.000,18.312,3.081,0.000,0.000,9.754,1.565,4.189,4.331,0.054,58.466
Br62_rep3_Dep6_Tu50,13.658,1.140,0.000,6.266,43.254,0.000,0.000,0.000,1.500,3.140,2.801,3.751,24.491
Br62_rep1_Dep6_Tu3,0.045,0.058,0.000,18.305,0.577,0.000,0.000,0.521,1.945,4.910,12.145,2.965,58.528
Br62_rep7_Dep6_Tu30,5.951,0.912,0.000,14.435,37.858,0.000,0.000,0.000,0.435,0.000,2.299,0.375,37.735
Br62_rep6_Dep6_Tu1,0.000,0.007,0.000,20.908,0.000,0.000,0.036,0.553,0.675,9.612,5.690,0.545,61.974
Br62_rep1_Dep6_Tu0.5,0.000,0.033,0.000,19.435,0.000,0.000,0.000,4.151,0.617,5.568,8.648,0.469,61.079
Br62_rep1_Dep6_Tu0.1,0.000,0.000,0.204,23.991,0.000,0.000,0.000,0.154,5.171,1.109,3.383,0.359,65.629
Br62_rep9_Dep6_Tu3,0.021,0.058,0.011,11.412,0.432,0.000,0.000,0.485,0.159,22.285,5.005,1.584,58.548
Br62_rep5_Dep6_Tu40,9.151,0.000,0.000,1.803,40.435,0.000,0.000,0.335,3.197,11.145,1.239,1.995,30.698
Br62_rep10_Dep6_Tu3,0.008,0.045,0.000,25.820,0.820,0.000,0.000,0.819,0.929,1.485,3.525,2.234,64.316
Br62_rep2_Dep6_Tu0.3,0.000,0.005,0.000,12.686,0.000,0.000,0.000,1.226,0.201,23.309,1.667,0.171,60.733
Br62_rep10_Dep6_Tu40,2.076,5.697,0.000,8.958,43.820,0.000,0.000,0.000,4.822,2.454,1.266,1.501,29.407
Br62_rep3_Dep6_Tu2,0.019,0.081,0.000,17.814,0.107,0.000,0.000,2.458,1.371,4.791,11.822,2.675,58.863
Br62_rep5_Dep6_Tu1,0.001,0.042,0.000,14.173,0.005,0.000,0.000,0.727,0.218,18.405,9.005,0.403,57.021
Br62_rep4_Dep6_Tu1,0.006,0.020,0.000,6.569,0.000,0.000,0.028,3.962,0.209,26.456,7.203,0.147,55.401
Br62_rep10_Dep6_Tu0.5,0.000,0.010,0.000,6.669,0.000,0.000,0.000,3.686,0.136,26.521,6.737,0.288,55.951
Br62_rep5_Dep6_Tu20,2.117,1.695,0.000,1.364,21.281,0.000,0.000,2.428,3.360,19.031,4.507,1.656,42.561
Br62_rep6_Dep6_Tu0.3,0.000,0.034,0.000,10.974,0.000,0.000,0.000,0.414,0.314,22.872,6.140,0.648,58.605
Br62_rep9_Dep6_Tu0.3,0.000,0.000,0.180,25.611,0.000,0.000,0.000,0.244,2.007,0.584,4.238,1.858,65.279
Br62_rep2_Dep6_Tu20,1.278,0.038,0.000,11.152,26.562,0.000,0.000,0.196,6.491,3.627,3.925,1.379,45.352
Br62_rep6_Dep6_Tu0.5,0.000,0.027,0.000,4.864,0.000,0.000,0.000,6.491,0.329,23.300,6.503,0.551,57.935
Br62_rep8_Dep6_Tu10,0.247,0.000,0.000,3.041,9.201,0.000,0.000,5.348,5.109,20.695,4.769,0.441,51.150
Br62_rep2_Dep6_Tu0.1,0.000,0.000,0.035,12.913,0.000,0.000,0.000,1.818,0.188,22.778,2.616,0.144,59.507
Br62_rep5_Dep6_Tu10,0.175,0.034,0.000,9.343,11.806,0.000,0.000,0.308,0.186,21.083,5.170,0.789,51.107
Br62_rep10_Dep6_Tu10,0.297,0.041,0.540,4.754,9.971,0.000,0.000,2.754,1.285,20.488,5.673,1.669,52.529
Br62_rep4_Dep6_Tu10,0.291,0.206,0.000,25.353,11.100,0.000,0.000,0.247,0.576,3.473,5.442,0.035,53.277
Br62_rep3_Dep6_Tu0.1,0.000,0.000,0.192,11.137,0.007,0.000,0.000,0.050,0.472,23.360,5.066,1.707,58.008
Br62_rep2_Dep6_Tu50,5.691,1.054,0.000,2.751,60.829,0.000,0.000,0.000,0.700,1.567,1.762,0.303,25.343
Br62_rep9_Dep6_Tu10,0.488,0.018,0.000,8.762,9.096,0.000,0.000,0.098,0.472,20.428,4.097,6.275,50.265
Br62_rep5_Dep6_Tu0.3,0.000,0.014,0.000,7.631,0.000,0.000,0.000,3.275,0.072,25.252,8.402,0.130,55.223
Br62_rep8_Dep6_Tu50,13.112,0.359,0.000,1.768,45.404,0.000,0.000,0.000,1.126,12.845,1.207,0.760,23.420
Br62_rep4_Dep6_Tu0.3,0.000,0.003,0.000,20.250,0.000,0.000,0.000,1.402,0.493,10.212,6.166,0.635,60.839
Br62_rep7_Dep6_Tu1,0.000,0.003,0.000,28.396,0.000,0.000,0.000,0.278,0.430,2.791,3.708,0.420,63.974
Br62_rep3_Dep6_Tu0.5,0.000,0.029,0.000,10.956,0.000,0.000,0.000,0.453,0.290,22.890,6.124,0.638,58.620
Br62_rep7_Dep6_Tu40,3.679,1.515,0.000,2.645,41.471,0.000,0.000,0.000,0.678,14.384,0.944,5.702,28.981
Br62_rep2_Dep6_Tu3,0.012,0.016,0.000,19.875,0.281,0.000,0.000,0.754,0.267,11.530,7.283,1.146,58.836
Br62_rep2_Dep6_Tu0.5,0.000,0.020,0.000,25.787,0.000,0.000,0.000,0.418,0.519,1.538,3.920,2.611,65.187
Br62_rep1_Dep6_Tu50,9.954,4.078,0.000,2.684,44.151,0.000,0.000,0.000,0.640,10.706,1.332,1.069,25.386
Br62_rep3_Dep6_Tu3,0.002,0.063,0.000,14.903,0.351,0.000,12.329,1.431,0.574,6.810,4.618,0.297,58.621
Br62_rep7_Dep6_Tu3,0.044,0.022,0.000,7.776,0.167,0.000,0.000,3.654,0.062,25.819,7.192,0.498,54.766
Br62_rep3_Dep6_Tu0.3,0.000,0.048,0.000,19.107,0.000,0.000,0.000,4.253,1.825,4.280,6.244,1.264,62.978
Br62_rep8_Dep6_Tu30,0.889,6.971,0.000,9.603,34.868,0.000,0.000,0.052,7.338,2.275,1.495,0.305,36.204
Br62_rep4_Dep6_Tu30,1.698,0.215,0.000,10.748,42.612,0.000,0.000,0.000,1.325,1.757,1.306,2.222,38.116
Br62_rep6_Dep6_Tu3,0.052,0.000,0.000,17.409,0.234,0.000,0.000,6.365,4.074,6.226,5.036,0.207,60.397
Br62_rep4_Dep6_Tu0.1,0.000,0.011,0.000,18.233,0.000,0.000,0.000,1.765,1.548,3.897,11.400,2.207,60.939
Br62_rep8_Dep6_Tu5,0.081,0.028,0.000,6.677,0.762,0.000,0.000,5.125,0.154,23.841,6.327,0.578,56.427
Br62_rep10_Dep6_Tu50,6.359,22.112,0.000,1.076,35.022,0.000,0.000,0.000,0.373,9.066,2.224,0.799,22.970
Br62_rep10_Dep6_Tu0.3,0.008,0.012,0.000,7.761,0.000,0.000,0.000,1.023,0.217,23.735,9.008,0.506,57.730
Br62_rep3_Dep6_Tu20,0.441,0.127,0.033,15.972,29.361,0.000,0.000,0.047,2.533,1.508,3.807,0.430,45.742
Br62_rep1_Dep6_Tu1,0.000,0.017,0.000,4.975,0.000,0.000,0.000,6.054,0.404,22.942,6.627,2.440,56.540
Br62_rep3_Dep6_Tu1,0.000,0.000,0.000,10.874,0.008,0.000,0.000,0.150,0.461,21.742,6.020,2.542,58.204
Br62_rep9_Dep6_Tu2,0.031,0.000,0.653,26.991,0.241,0.000,0.000,0.156,0.123,4.536,5.358,0.549,61.361
Br62_rep7_Dep6_Tu50,16.294,0.923,0.000,5.506,44.928,0.000,0.000,0.000,2.591,3.568,1.453,0.342,24.394
Br62_rep7_Dep6_Tu5,0.205,0.038,0.060,19.017,1.421,0.000,0.000,1.127,1.557,5.667,11.007,2.228,57.674
Br62_rep8_Dep6_Tu2,0.013,0.000,0.016,10.501,0.479,0.000,0.000,0.118,0.218,22.090,6.152,4.700,55.713
Br62_rep5_Dep6_Tu0.1,0.000,0.075,0.000,24.939,0.000,0.000,0.000,0.441,5.754,2.046,3.950,0.306,62.490
Br62_rep6_Dep6_Tu5,0.197,0.040,0.000,18.538,1.924,0.000,0.000,10.479,0.676,2.545,5.053,0.220,60.329
Br62_rep9_Dep6_Tu20,1.640,0.011,0.000,11.720,26.605,0.000,0.000,1.114,3.289,4.057,4.959,1.370,45.234
Br62_rep2_Dep6_Tu30,3.613,0.354,0.000,10.077,43.288,0.000,0.000,0.000,0.621,0.695,1.997,1.398,37.956
Br62_rep7_Dep6_Tu10,0.624,0.111,2.896,25.585,9.823,0.000,0.000,0.092,0.132,1.667,2.489,0.160,56.420
Br62_rep6_Dep6_Tu0.1,0.000,0.000,0.000,18.258,0.000,0.000,0.000,6.737,2.240,5.206,6.949,0.090,60.520
Br62_rep5_Dep6_Tu50,4.518,13.027,0.000,2.095,49.383,0.000,0.000,0.000,2.835,0.711,1.630,0.617,25.184
Br62_rep10_Dep6_Tu1,0.008,0.017,0.000,5.255,0.000,0.000,0.000,5.780,0.123,23.416,7.884,1.315,56.203
Br62_rep1_Dep6_Tu30,1.355,0.056,0.000,11.970,40.084,0.000,0.000,0.000,0.986,3.249,1.767,4.213,36.321
Br62_rep7_Dep6_Tu0.3,0.000,0.009,0.000,27.081,0.000,0.000,0.249,0.326,0.341,4.354,5.809,0.246,61.585
Br62_rep2_Dep6_Tu10,0.354,0.000,0.056,22.527,12.291,0.000,0.000,0.797,1.736,3.213,2.765,1.717,54.544
Br62_rep9_Dep6_Tu0.1,0.000,0.022,0.000,4.530,0.000,0.000,0.000,6.078,0.088,24.266,7.539,0.428,57.048
Br62_rep3_Dep6_Tu10,0.777,0.015,0.000,13.614,11.864,0.000,0.000,1.306,3.025,4.152,9.744,3.338,52.164
Br62_rep4_Dep6_Tu5,0.147,0.037,0.553,8.376,0.874,0.000,0.000,2.583,0.175,25.306,8.650,0.169,53.130
Br62_rep8_Dep6_Tu20,1.567,3.736,0.000,6.351,21.440,0.000,0.000,0.270,0.609,17.848,2.400,2.407,43.372
Br62_rep1_Dep6_Tu2,0.007,0.186,0.000,25.600,0.678,0.000,0.000,0.733,5.685,2.033,3.936,0.303,60.838
Br62_rep10_Dep6_Tu5,0.049,0.019,0.000,12.717,2.616,0.000,0.016,3.043,0.451,22.023,2.110,0.032,56.924
Br62_rep10_Dep6_Tu30,4.245,0.284,0.000,14.166,37.751,0.000,0.000,0.577,0.921,2.314,1.272,0.562,37.909
Br62_rep6_Dep6_Tu2,0.040,0.044,0.000,7.849,0.008,0.000,0.000,0.984,0.277,23.745,9.041,0.603,57.409
Br62_rep4_Dep6_Tu3,0.040,0.092,0.080,13.284,0.232,0.000,0.000,1.500,0.368,22.572,2.404,0.030,59.398
