Sample,BRCA,CEAD,CESC,COAD,OV,READ,bcell,cd4tcell,cd8tcell,erythroblast,monocyte,naturalkillercell,neutrophil,Unknown-1,Unknown-2,Unknown-3,Unknown-4,Unknown-5,Unknown-6,Unknown-7,Unknown-8,Unknown-9,Unknown-10
Br62_rep5_Dep6_Tu0.5,0.000,0.000,0.000,0.000,0.000,0.000,0.000,0.000,0.000,0.000,1.273,0.000,58.546,0.000,15.888,0.000,1.161,0.567,0.000,0.000,19.707,0.000,2.857
Br62_rep5_Dep6_Tu3,0.000,0.000,0.000,0.001,0.000,0.000,0.000,0.000,0.000,0.000,0.946,0.000,55.018,0.000,3.018,0.426,0.000,3.804,0.000,33.774,0.000,0.000,3.013
Br62_rep6_Dep6_Tu30,25.497,0.000,0.000,4.523,0.000,0.000,0.000,0.000,0.000,0.000,0.336,0.000,31.289,6.484,0.524,0.000,23.789,5.839,0.000,0.000,0.000,0.000,1.718
Br62_rep7_Dep6_Tu20,21.682,0.000,0.000,0.893,0.000,0.000,0.000,0.000,0.000,0.000,0.419,0.000,40.267,0.010,0.000,0.000,0.000,3.464,0.000,27.152,2.005,3.741,0.366
Br62_rep2_Dep6_Tu40,31.593,0.000,0.000,9.138,0.000,0.000,0.000,0.000,0.000,0.000,0.766,0.000,28.227,0.000,4.132,0.000,0.000,20.328,5.313,0.000,0.502,0.000,0.000
Br62_rep8_Dep6_Tu0.5,0.000,0.000,0.000,0.000,0.000,0.000,0.000,0.000,0.000,0.000,0.831,0.000,54.233,0.000,1.103,18.417,1.819,0.000,0.000,0.251,2.679,20.278,0.386
Br62_rep5_Dep6_Tu2,0.000,0.000,0.000,0.000,0.000,0.000,0.000,0.000,0.000,0.000,2.094,0.000,56.288,0.329,5.906,0.482,0.000,21.231,0.000,0.000,0.567,0.000,13.102
Br62_rep4_Dep6_Tu50,38.760,0.000,0.321,13.080,0.000,0.000,0.000,0.000,0.000,0.000,0.505,0.000,20.663,0.000,0.000,0.000,0.000,10.157,0.156,0.000,0.000,16.358,0.000
Br62_rep8_Dep6_Tu40,31.109,0.000,0.320,4.099,0.000,0.000,0.000,0.000,0.000,0.000,0.027,0.000,28.823,35.537,0.000,0.000,0.000,0.084,0.000,0.000,0.000,0.000,0.000
Br62_rep7_Dep6_Tu2,0.000,0.000,0.000,0.000,0.000,0.000,0.000,0.000,0.000,0.000,2.753,0.000,57.033,0.000,2.603,10.625,0.000,3.945,0.000,0.000,2.406,16.307,4.326
Br62_rep9_Dep6_Tu40,29.770,0.000,0.416,3.851,0.000,0.000,0.000,0.000,0.000,0.000,0.148,0.000,28.585,36.612,0.000,0.000,0.000,0.000,0.000,0.000,0.000,0.000,0.617
Br62_rep10_Dep6_Tu2,0.000,0.000,0.000,0.000,0.000,0.000,0.000,0.000,0.000,0.000,1.772,0.000,54.612,0.000,5.001,0.000,0.000,0.000,1.058,28.164,8.065,1.325,0.000
Br62_rep6_Dep6_Tu10,6.420,0.000,0.012,0.251,0.000,0.000,0.000,0.000,0.000,0.000,0.876,0.000,48.930,8.711,30.016,0.000,0.000,0.000,0.000,0.000,0.000,1.729,3.053
Br62_rep2_Dep6_Tu2,0.000,0.000,0.000,0.000,0.000,0.000,0.000,0.000,0.000,0.000,2.685,0.000,57.712,0.000,2.493,0.000,0.000,2.083,0.000,0.000,9.297,10.167,15.561
Br62_rep9_Dep6_Tu5,0.000,0.000,0.029,0.032,0.000,0.000,0.000,0.000,0.000,0.000,3.407,0.000,54.730,2.548,6.061,0.160,0.000,9.357,1.159,0.000,0.000,0.986,21.529
Br62_rep6_Dep6_Tu40,43.397,0.000,0.189,4.812,0.000,0.000,0.000,0.000,0.000,0.000,0.581,0.000,30.762,0.000,0.000,0.000,0.000,0.966,0.000,0.000,16.192,3.099,0.000
Br62_rep4_Dep6_Tu20,14.803,0.000,0.000,0.995,0.000,0.000,0.000,0.000,0.000,0.000,0.590,0.000,40.320,25.890,0.000,0.000,0.000,0.000,8.146,0.000,0.858,8.398,0.000
Br62_rep9_Dep6_Tu1,0.000,0.000,0.000,0.000,0.000,0.000,0.000,0.000,0.000,0.000,3.540,0.000,52.897,0.000,4.071,6.222,0.000,0.000,0.000,24.785,5.748,0.870,1.866
Br62_rep1_Dep6_Tu0.3,0.000,0.000,0.000,0.000,0.000,0.000,0.000,0.000,0.000,0.000,3.149,0.000,54.078,0.000,1.506,34.515,0.000,0.016,0.000,0.076,0.000,0.483,6.176
Br62_rep3_Dep6_Tu5,0.000,0.000,0.000,0.032,0.000,0.000,0.000,0.000,0.000,0.000,1.034,0.000,52.494,1.159,2.663,0.000,0.000,0.000,5.592,23.297,0.000,1.613,12.115
Br62_rep9_Dep6_Tu50,50.567,0.000,0.059,9.365,0.000,0.000,0.000,0.000,0.000,0.000,0.000,0.000,23.820,0.000,0.000,0.000,0.000,13.039,0.000,0.000,0.000,3.057,0.092
Br62_rep5_Dep6_Tu30,20.907,0.000,0.254,6.346,0.000,0.000,0.000,0.000,0.000,0.000,1.104,0.000,33.983,7.272,0.000,0.000,0.000,0.225,0.000,0.000,23.543,5.565,0.800
Br62_rep9_Dep6_Tu0.5,0.000,0.000,0.000,0.000,0.000,0.000,0.000,0.000,0.000,0.000,1.246,0.000,55.433,0.000,2.079,0.000,0.000,1.616,0.000,36.102,0.000,2.482,1.041
Br62_rep1_Dep6_Tu20,11.965,0.000,0.000,2.981,0.000,0.000,0.000,0.000,0.000,0.000,0.726,0.000,41.781,6.011,0.194,0.000,0.000,30.543,0.000,0.000,0.000,0.000,5.797
Br62_rep4_Dep6_Tu2,0.000,0.000,0.000,0.000,0.000,0.000,0.000,0.000,0.000,0.000,2.476,0.000,55.617,0.000,34.592,0.671,0.000,0.468,0.000,4.095,0.000,0.000,2.080
Br62_rep8_Dep6_Tu3,0.000,0.000,0.000,0.000,0.000,0.000,0.000,0.000,0.000,0.000,0.560,0.000,53.855,0.000,2.908,0.000,0.000,1.590,30.676,0.000,9.710,0.000,0.700
Br62_rep2_Dep6_Tu5,0.118,0.000,0.000,0.038,0.000,0.000,0.000,0.000,0.000,0.000,0.530,0.000,52.779,0.000,1.942,0.000,0.000,2.532,30.771,0.000,10.797,0.491,0.000
Br62_rep2_Dep6_Tu1,0.000,0.000,0.000,0.000,0.000,0.000,0.000,0.000,0.000,0.000,3.758,0.000,57.351,0.000,13.077,16.474,2.982,0.000,0.000,0.000,0.000,0.000,6.357
Br62_rep8_Dep6_Tu1,0.000,0.000,0.000,0.000,0.000,0.000,0.000,0.000,0.000,0.000,2.505,0.000,57.748,0.000,31.268,0.000,0.000,1.014,0.000,1.587,0.000,0.000,5.878
Br62_rep10_Dep6_Tu0.1,0.000,0.000,0.000,0.000,0.000,0.000,0.000,0.000,0.000,0.000,3.718,0.000,54.558,0.000,13.980,7.262,0.000,6.343,8.271,0.000,1.694,0.000,4.174
Br62_rep3_Dep6_Tu40,46.008,0.000,0.000,3.686,0.000,0.000,0.000,0.000,0.000,0.000,0.221,0.000,30.141,0.000,0.000,0.000,0.425,18.335,0.000,0.000,0.000,1.182,0.000
Br62_rep8_Dep6_Tu0.3,0.000,0.000,0.000,0.000,0.000,0.000,0.000,0.000,0.000,0.000,2.300,0.000,54.761,0.000,2.213,4.164,0.000,0.603,0.558,22.430,10.628,2.343,0.000
Br62_rep4_Dep6_Tu0.5,0.000,0.000,0.000,0.000,0.000,0.000,0.000,0.000,0.000,0.000,2.435,0.000,55.878,0.128,10.260,0.859,0.000,4.469,0.000,0.000,0.000,0.000,25.969
Br62_rep6_Dep6_Tu50,36.095,0.000,6.819,8.920,0.000,0.000,0.000,0.000,0.000,0.000,0.193,0.000,21.058,0.000,0.000,0.000,0.000,22.264,0.000,0.000,0.041,4.608,0.000
Br62_rep7_Dep6_Tu0.1,0.000,0.000,0.000,0.000,0.000,0.000,0.000,0.000,0.000,0.000,1.217,0.000,56.413,0.015,1.372,0.000,0.000,0.000,0.000,36.324,1.171,2.466,1.021
Br62_rep9_Dep6_Tu30,35.390,0.000,0.996,1.744,0.000,0.000,0.000,0.000,0.000,0.000,1.110,0.000,32.947,0.000,4.699,0.000,0.000,2.518,8.450,0.000,0.752,0.000,11.394
Br62_rep6_Dep6_Tu20,8.750,0.000,0.000,2.231,0.000,0.000,0.000,0.000,0.000,0.000,0.533,0.000,41.792,7.407,0.162,0.000,0.000,2.526,0.000,0.000,23.029,13.180,0.389
Br62_rep5_Dep6_Tu5,0.000,0.000,0.000,0.028,0.000,0.000,0.000,0.000,0.000,0.000,0.958,0.000,51.828,2.444,2.634,0.173,20.368,0.809,0.000,0.317,0.000,0.000,20.441
Br62_rep4_Dep6_Tu40,37.491,0.000,0.075,2.876,0.000,0.000,0.000,0.000,0.000,0.000,0.439,0.000,27.369,21.437,1.367,0.000,1.501,0.000,0.000,0.000,0.000,0.530,6.914
Br62_rep8_Dep6_Tu0.1,0.000,0.000,0.000,0.000,0.000,0.000,0.000,0.000,0.000,0.000,3.520,0.000,55.061,0.000,2.441,0.000,0.000,8.669,13.950,0.178,1.903,14.223,0.054
Br62_rep1_Dep6_Tu40,32.725,0.000,0.000,9.506,0.000,0.000,0.000,0.000,0.000,0.000,0.081,0.000,29.290,1.769,0.000,0.000,0.000,14.987,0.000,0.000,10.605,0.784,0.253
Br62_rep3_Dep6_Tu30,22.070,0.000,0.038,1.818,0.058,0.000,0.000,0.000,0.000,0.000,0.210,0.000,34.449,39.574,1.782,0.000,0.000,0.000,0.000,0.000,0.000,0.000,0.000
Br62_rep7_Dep6_Tu0.5,0.000,0.000,0.000,0.000,0.000,0.000,0.000,0.000,0.000,0.000,1.923,0.000,57.882,2.460,0.529,0.000,0.000,0.000,0.000,4.790,13.676,18.739,0.000
Br62_rep1_Dep6_Tu10,0.756,0.000,0.000,0.526,0.000,0.000,0.000,0.000,0.000,0.000,0.822,0.000,49.199,3.581,0.000,0.000,0.000,9.084,0.000,0.000,0.000,0.000,36.031
Br62_rep10_Dep6_Tu20,13.526,0.000,0.000,0.657,0.000,0.000,0.000,0.000,0.000,0.000,1.173,0.000,40.205,0.000,0.000,0.651,0.000,43.787,0.001,0.000,0.000,0.000,0.000
Br62_rep1_Dep6_Tu5,0.000,0.000,0.000,0.020,0.000,0.000,0.000,0.000,0.000,0.000,1.867,0.000,52.270,1.975,1.694,10.276,0.000,7.942,0.000,6.879,0.000,16.205,0.871
Br62_rep3_Dep6_Tu50,43.799,0.000,0.545,7.161,0.000,0.000,0.000,0.000,0.000,0.000,0.596,0.000,22.723,0.000,0.000,0.000,0.000,15.887,0.465,0.000,4.735,4.087,0.000
Br62_rep1_Dep6_Tu3,0.000,0.000,0.000,0.000,0.000,0.000,0.000,0.000,0.000,0.000,2.480,0.000,53.073,0.000,0.865,33.084,0.690,0.000,0.000,3.707,0.000,2.244,3.857
Br62_rep7_Dep6_Tu30,34.022,0.000,0.017,4.099,0.000,0.000,0.000,0.000,0.000,0.000,0.718,0.000,38.661,14.978,5.105,0.000,0.000,2.399,0.000,0.000,0.000,0.000,0.000
Br62_rep6_Dep6_Tu1,0.000,0.000,0.000,0.000,0.000,0.000,0.000,0.000,0.000,0.000,2.402,0.000,58.624,0.000,17.302,0.000,0.000,1.085,0.491,14.374,0.000,1.588,4.133
Br62_rep1_Dep6_Tu0.5,0.000,0.000,0.000,0.000,0.000,0.000,0.000,0.000,0.000,0.000,1.924,0.000,55.909,0.495,1.466,23.079,1.525,0.085,0.000,0.000,4.162,11.354,0.000
Br62_rep1_Dep6_Tu0.1,0.000,0.000,0.000,0.000,0.000,0.000,0.000,0.000,0.000,0.000,2.166,0.000,59.912,0.000,27.692,0.000,0.000,0.715,0.000,0.000,0.000,8.714,0.800
Br62_rep9_Dep6_Tu3,0.000,0.000,0.000,0.000,0.000,0.000,0.000,0.000,0.000,0.000,1.816,0.000,53.333,0.000,2.832,0.000,0.000,1.581,35.786,3.262,0.000,0.966,0.423
Br62_rep5_Dep6_Tu40,34.028,0.000,0.000,9.116,0.000,0.000,0.000,0.000,0.000,0.000,0.043,0.000,27.452,0.000,0.000,0.000,5.887,0.000,0.000,0.000,0.000,23.472,0.000
Br62_rep10_Dep6_Tu3,0.000,0.000,0.000,0.000,0.000,0.000,0.000,0.000,0.000,0.000,2.049,0.000,53.478,3.352,2.667,0.000,0.184,0.000,0.869,27.585,0.000,9.287,0.528
Br62_rep2_Dep6_Tu0.3,0.000,0.000,0.000,0.000,0.000,0.000,0.000,0.000,0.000,0.000,0.828,0.000,55.620,0.000,4.497,0.000,0.000,0.347,30.471,0.000,8.235,0.000,0.000
Br62_rep10_Dep6_Tu40,35.698,0.000,0.605,3.857,0.000,0.000,0.000,0.000,0.000,0.000,0.202,0.000,25.892,12.416,0.000,0.000,0.000,0.000,0.000,0.000,18.867,0.000,2.461
Br62_rep3_Dep6_Tu2,0.000,0.000,0.000,0.000,0.000,0.000,0.000,0.000,0.000,0.000,1.737,0.000,53.390,0.000,1.080,35.570,0.000,1.092,0.000,0.000,0.000,0.000,7.130
Br62_rep5_Dep6_Tu1,0.000,0.000,0.000,0.000,0.000,0.000,0.000,0.000,0.000,0.000,4.032,0.000,56.485,0.515,5.335,0.000,0.000,6.458,1.506,4.289,0.000,0.304,21.075
Br62_rep4_Dep6_Tu1,0.000,0.000,0.000,0.000,0.000,0.000,0.000,0.000,0.000,0.000,2.550,0.000,55.681,0.000,5.830,0.000,0.000,3.574,0.000,0.000,0.000,0.035,32.329
Br62_rep10_Dep6_Tu0.5,0.000,0.000,0.000,0.000,0.000,0.000,0.000,0.000,0.000,0.000,1.606,0.000,55.779,0.076,5.509,0.124,0.000,4.164,0.000,0.000,0.239,0.000,32.502
Br62_rep5_Dep6_Tu20,11.126,0.000,0.809,2.203,0.000,0.000,0.000,0.000,0.000,0.000,2.135,0.000,42.354,32.493,5.833,0.000,0.000,0.000,0.000,0.000,0.000,0.000,3.045
Br62_rep6_Dep6_Tu0.3,0.000,0.000,0.000,0.000,0.000,0.000,0.000,0.000,0.000,0.000,3.124,0.000,53.501,0.000,3.789,0.000,0.000,0.316,34.752,0.933,2.578,1.006,0.000
Br62_rep9_Dep6_Tu0.3,0.000,0.000,0.000,0.000,0.000,0.000,0.000,0.000,0.000,0.000,2.329,0.000,54.705,0.000,1.823,4.343,0.000,0.470,1.084,22.135,10.780,2.329,0.000
Br62_rep2_Dep6_Tu20,19.986,0.000,0.000,0.623,0.000,0.000,0.000,0.000,0.000,0.000,0.550,0.000,39.814,2.645,0.000,0.000,0.000,1.811,0.000,0.679,0.000,33.891,0.000
Br62_rep6_Dep6_Tu0.5,0.000,0.000,0.000,0.000,0.000,0.000,0.000,0.000,0.000,0.000,5.096,0.000,56.419,2.645,20.956,0.000,0.000,3.760,0.000,0.000,0.543,7.881,2.698
Br62_rep8_Dep6_Tu10,2.464,0.000,0.000,0.202,0.000,0.000,0.000,0.000,0.000,0.000,0.992,0.000,48.666,0.000,1.785,0.000,0.000,42.072,0.000,0.000,2.769,1.049,0.000
Br62_rep2_Dep6_Tu0.1,0.000,0.000,0.000,0.000,0.000,0.000,0.000,0.000,0.000,0.000,1.289,0.000,55.568,0.398,20.277,0.000,0.000,0.000,14.338,0.000,6.607,1.523,0.000
Br62_rep5_Dep6_Tu10,10.394,0.000,0.000,0.280,0.000,0.000,0.000,0.000,0.000,0.000,2.031,0.000,46.937,0.000,2.989,0.000,0.000,0.000,27.219,2.239,2.145,1.309,4.456
Br62_rep10_Dep6_Tu10,7.382,0.000,0.000,0.259,0.000,0.000,0.000,0.000,0.000,0.000,3.023,0.000,50.203,4.868,8.826,0.000,0.000,0.000,0.000,0.429,0.000,24.857,0.151
Br62_rep4_Dep6_Tu10,6.607,0.000,0.000,0.335,0.000,0.000,0.000,0.000,0.000,0.000,1.465,0.000,46.430,2.242,0.822,1.056,0.000,0.000,0.000,28.795,0.000,0.000,12.246
Br62_rep3_Dep6_Tu0.1,0.000,0.000,0.000,0.000,0.000,0.000,0.000,0.000,0.000,0.000,2.107,0.000,57.391,0.727,36.219,0.000,0.000,0.396,0.000,0.000,0.000,0.000,3.158
Br62_rep2_Dep6_Tu50,40.426,0.000,0.312,5.226,0.000,0.000,0.000,0.000,0.000,0.000,0.177,0.000,21.590,28.037,0.000,0.000,0.000,2.667,0.000,0.000,0.000,0.000,1.564
Br62_rep9_Dep6_Tu10,11.536,0.000,0.000,0.901,0.000,0.000,0.000,0.000,0.000,0.000,1.157,0.000,47.832,0.000,6.391,0.000,0.000,0.129,21.838,0.000,0.000,0.000,10.214
Br62_rep5_Dep6_Tu0.3,0.000,0.000,0.000,0.000,0.000,0.000,0.000,0.000,0.000,0.000,3.213,0.000,53.830,0.051,4.376,0.600,24.377,1.488,0.000,0.000,0.135,0.030,11.898
Br62_rep8_Dep6_Tu50,39.062,0.000,0.362,12.280,0.000,0.000,0.000,0.000,0.000,0.000,0.000,0.000,21.871,0.000,0.000,0.000,0.000,15.380,0.000,0.000,0.141,5.152,5.752
Br62_rep4_Dep6_Tu0.3,0.000,0.000,0.000,0.000,0.000,0.000,0.000,0.000,0.000,0.000,2.987,0.000,60.303,0.000,23.117,0.000,0.000,0.970,0.000,0.000,6.235,0.000,6.386
Br62_rep7_Dep6_Tu1,0.000,0.000,0.000,0.000,0.000,0.000,0.000,0.000,0.000,0.000,1.247,0.000,55.876,0.000,12.502,0.000,0.000,0.535,0.000,16.091,10.170,0.980,2.598
Br62_rep3_Dep6_Tu0.5,0.000,0.000,0.000,0.000,0.000,0.000,0.000,0.000,0.000,0.000,3.138,0.000,53.505,0.000,3.827,0.000,0.000,0.253,34.730,1.042,2.497,1.008,0.000
Br62_rep7_Dep6_Tu40,35.558,0.000,0.260,3.849,0.000,0.000,0.000,0.000,0.000,0.000,0.040,0.000,26.965,20.260,4.723,0.000,0.000,0.184,0.000,0.000,0.053,0.047,8.061
Br62_rep2_Dep6_Tu3,0.000,0.000,0.000,0.000,0.000,0.000,0.000,0.000,0.000,0.000,2.824,0.000,52.829,0.000,11.824,11.722,2.296,0.969,0.000,10.097,0.000,0.730,6.709
Br62_rep2_Dep6_Tu0.5,0.000,0.000,0.000,0.000,0.000,0.000,0.000,0.000,0.000,0.000,2.682,0.000,57.100,0.000,9.426,4.083,0.000,0.242,0.000,0.000,18.590,6.624,1.251
Br62_rep1_Dep6_Tu50,40.537,0.000,1.234,11.648,0.000,0.000,0.000,0.000,0.000,0.000,0.000,0.000,22.333,0.000,0.000,0.000,0.000,0.000,10.165,0.000,0.835,6.920,6.327
Br62_rep3_Dep6_Tu3,0.000,0.000,0.000,0.000,0.000,0.000,0.000,0.000,0.000,0.000,2.050,0.000,53.257,1.279,3.945,7.579,0.451,0.000,7.194,0.000,19.313,3.022,1.909
Br62_rep7_Dep6_Tu3,0.000,0.000,0.000,0.000,0.000,0.000,0.000,0.000,0.000,0.000,1.919,0.000,53.349,1.657,2.198,0.000,0.000,3.417,9.241,0.000,1.181,1.687,25.349
Br62_rep3_Dep6_Tu0.3,0.000,0.000,0.000,0.000,0.000,0.000,0.000,0.000,0.000,0.000,0.846,0.000,54.253,0.132,1.157,18.531,1.863,0.000,0.000,0.000,2.784,20.212,0.221
Br62_rep8_Dep6_Tu30,32.808,0.000,2.854,1.481,0.000,0.000,0.000,0.000,0.000,0.000,0.761,0.000,33.979,4.938,0.000,0.000,0.000,4.500,0.000,18.678,0.000,0.000,0.000
Br62_rep4_Dep6_Tu30,24.401,0.000,0.000,2.167,0.000,0.000,0.000,0.000,0.000,0.000,0.294,0.000,32.957,22.320,0.000,0.000,0.000,0.000,0.519,0.000,7.639,9.702,0.000
Br62_rep6_Dep6_Tu3,0.000,0.000,0.000,0.000,0.000,0.000,0.000,0.000,0.000,0.000,1.645,0.000,53.862,0.913,2.163,22.618,3.541,8.478,0.000,5.415,0.000,0.469,0.895
Br62_rep4_Dep6_Tu0.1,0.000,0.000,0.000,0.000,0.000,0.000,0.000,0.000,0.000,0.000,2.389,0.000,55.433,0.000,2.349,30.244,0.000,0.101,0.000,0.000,0.000,0.000,9.482
Br62_rep8_Dep6_Tu5,0.000,0.000,0.000,0.038,0.000,0.000,0.000,0.000,0.000,0.000,1.256,0.000,54.613,2.115,4.693,0.000,0.000,20.611,0.000,0.000,0.266,0.516,15.891
Br62_rep10_Dep6_Tu50,31.609,0.000,25.203,4.653,0.000,0.000,0.000,0.000,0.000,0.000,0.756,0.000,23.526,6.796,0.000,0.000,0.000,0.000,0.000,0.000,0.000,7.457,0.000
Br62_rep10_Dep6_Tu0.3,0.000,0.000,0.000,0.000,0.000,0.000,0.000,0.000,0.000,0.000,1.758,0.000,52.753,0.000,2.294,0.000,40.621,0.850,0.000,0.000,0.000,1.301,0.422
Br62_rep3_Dep6_Tu20,24.361,0.000,0.000,0.504,0.000,0.000,0.000,0.000,0.000,0.000,0.931,0.000,41.326,0.085,0.000,5.851,0.000,0.751,0.231,0.000,22.362,3.598,0.000
Br62_rep1_Dep6_Tu1,0.000,0.000,0.000,0.000,0.000,0.000,0.000,0.000,0.000,0.000,4.812,0.000,54.407,1.257,14.818,9.013,0.000,0.000,10.239,0.000,0.739,1.247,3.466
Br62_rep3_Dep6_Tu1,0.000,0.000,0.000,0.000,0.000,0.000,0.000,0.000,0.000,0.000,2.551,0.000,56.980,0.000,22.404,0.000,0.000,1.439,15.055,0.000,0.000,0.134,1.437
Br62_rep9_Dep6_Tu2,0.000,0.000,0.000,0.000,0.000,0.000,0.000,0.000,0.000,0.000,1.636,0.000,52.396,0.000,1.489,2.364,0.000,0.194,0.000,27.425,0.926,0.000,13.569
Br62_rep7_Dep6_Tu50,41.095,0.000,0.552,10.080,0.000,0.000,0.000,0.000,0.000,0.000,0.159,0.000,20.456,0.000,0.000,0.000,0.000,10.243,0.000,0.000,17.124,0.290,0.000
Br62_rep7_Dep6_Tu5,0.000,0.000,0.000,0.028,0.000,0.000,0.000,0.000,0.000,0.000,1.747,0.000,51.352,1.540,1.498,29.850,0.000,2.264,0.000,0.000,0.000,0.000,11.720
Br62_rep8_Dep6_Tu2,0.000,0.000,0.000,0.000,0.000,0.000,0.000,0.000,0.000,0.000,2.568,0.000,53.199,0.000,17.100,0.500,0.000,0.000,18.534,0.000,0.434,0.000,7.663
Br62_rep5_Dep6_Tu0.1,0.000,0.000,0.000,0.000,0.000,0.000,0.000,0.000,0.000,0.000,2.261,0.000,54.512,0.000,9.517,5.736,0.000,0.000,0.000,24.421,2.009,0.000,1.542
Br62_rep6_Dep6_Tu5,0.000,0.000,0.000,0.000,0.000,0.000,0.000,0.000,0.000,0.000,3.183,0.000,56.752,0.724,2.775,0.000,0.000,4.996,0.000,0.000,0.330,24.959,6.280
Br62_rep9_Dep6_Tu20,17.643,0.000,0.000,1.411,0.000,0.000,0.000,0.000,0.000,0.000,0.720,0.000,41.071,0.000,0.000,0.000,0.000,1.207,0.236,0.000,0.471,37.223,0.017
Br62_rep2_Dep6_Tu30,32.553,0.000,0.000,2.584,0.000,0.000,0.000,0.000,0.000,0.000,0.775,0.000,36.608,19.493,0.000,0.000,0.000,6.524,0.000,0.000,0.000,0.000,1.462
Br62_rep7_Dep6_Tu10,6.699,0.000,0.000,0.593,0.000,0.000,0.000,0.000,0.000,0.000,0.541,0.000,48.589,0.572,1.173,0.000,0.000,3.231,0.000,34.691,0.000,1.867,2.043
Br62_rep6_Dep6_Tu0.1,0.000,0.000,0.000,0.000,0.000,0.000,0.000,0.000,0.000,0.000,2.567,0.000,56.260,0.045,5.180,25.578,1.657,4.039,0.000,2.218,0.000,0.647,1.808
Br62_rep5_Dep6_Tu50,47.330,0.000,6.750,4.822,0.000,0.000,0.000,0.000,0.000,0.000,1.100,0.000,24.403,11.223,0.000,0.000,0.209,0.000,0.000,0.000,0.000,0.000,4.162
Br62_rep10_Dep6_Tu1,0.000,0.000,0.000,0.000,0.000,0.000,0.000,0.000,0.000,0.000,8.091,0.000,53.395,3.921,0.000,0.000,0.000,3.870,19.790,0.553,0.295,10.085,0.000
Br62_rep1_Dep6_Tu30,26.871,0.000,0.000,1.500,0.000,0.000,0.000,0.000,0.000,0.000,0.210,0.000,33.205,20.041,0.000,0.000,0.000,0.000,0.000,0.000,13.030,4.102,1.039
Br62_rep7_Dep6_Tu0.3,0.000,0.000,0.000,0.000,0.000,0.000,0.000,0.000,0.000,0.000,1.626,0.000,54.691,0.000,1.848,0.000,0.000,0.000,0.000,30.221,0.000,0.000,11.613
Br62_rep2_Dep6_Tu10,0.793,0.000,0.000,0.284,0.000,0.000,0.000,0.000,0.000,0.000,0.731,0.000,47.643,17.357,0.000,0.000,0.000,0.000,0.606,27.927,0.000,1.249,3.411
Br62_rep9_Dep6_Tu0.1,0.000,0.000,0.000,0.000,0.000,0.000,0.000,0.000,0.000,0.000,7.198,0.000,53.912,1.576,3.693,0.000,0.000,4.725,16.572,0.000,0.181,6.959,5.182
Br62_rep3_Dep6_Tu10,6.420,0.000,0.000,0.389,0.000,0.000,0.000,0.000,0.000,0.000,1.645,0.000,46.490,3.235,1.742,29.371,2.670,0.000,0.000,0.000,0.012,0.000,8.026
Br62_rep4_Dep6_Tu5,0.000,0.000,0.000,0.042,0.000,0.000,0.000,0.000,0.000,0.000,2.898,0.000,50.266,0.858,1.247,0.000,22.935,5.712,4.119,0.000,0.000,0.688,11.235
Br62_rep8_Dep6_Tu20,15.959,0.000,2.531,2.193,0.000,0.000,0.000,0.000,0.000,0.000,0.507,0.000,38.784,0.189,4.386,0.000,0.000,0.000,21.596,0.000,13.508,0.348,0.000
Br62_rep1_Dep6_Tu2,0.000,0.000,0.000,0.000,0.000,0.000,0.000,0.000,0.000,0.000,2.265,0.000,52.114,2.301,3.984,4.618,0.000,0.325,0.000,24.507,8.447,1.438,0.000
Br62_rep10_Dep6_Tu5,0.121,0.000,0.000,0.046,0.000,0.000,0.000,0.000,0.000,0.000,1.056,0.000,53.005,0.000,29.275,0.000,0.000,1.135,0.000,0.000,12.490,1.558,1.315
Br62_rep10_Dep6_Tu30,26.714,0.000,0.098,4.984,0.000,0.000,0.000,0.000,0.000,0.000,0.207,0.000,35.174,0.000,2.798,0.000,0.000,0.976,0.000,0.000,28.238,0.810,0.000
Br62_rep6_Dep6_Tu2,0.000,0.000,0.000,0.000,0.000,0.000,0.000,0.000,0.000,0.000,1.692,0.000,52.632,0.000,2.489,0.000,40.571,0.597,0.000,0.000,0.000,1.553,0.464
Br62_rep4_Dep6_Tu3,0.000,0.000,0.000,0.000,0.000,0.000,0.000,0.000,0.000,0.000,1.580,0.000,54.983,0.529,23.542,0.000,0.000,3.410,0.000,0.000,13.029,0.000,2.925
