Sample,BRCA,CEAD,CESC,COAD,OV,READ,bcell,cd4tcell,cd8tcell,erythroblast,monocyte,naturalkillercell,neutrophil,Unknown-1
Br62_rep5_Dep6_Tu0.5,0.000,0.000,0.000,0.180,1.835,0.000,0.663,0.516,0.078,0.613,11.073,0.885,31.085,53.070
Br62_rep5_Dep6_Tu3,0.001,0.023,8.970,0.000,3.179,0.116,0.013,0.089,0.008,2.875,6.480,0.398,21.281,56.567
Br62_rep6_Dep6_Tu30,1.891,0.001,49.599,0.040,0.037,0.426,0.480,0.628,1.050,0.230,3.995,0.668,4.737,36.217
Br62_rep7_Dep6_Tu20,0.013,0.000,39.769,0.085,0.000,0.066,0.018,0.007,0.001,0.050,3.537,0.023,5.881,50.552
Br62_rep2_Dep6_Tu40,3.398,0.002,60.169,3.590,0.000,0.012,1.317,0.027,0.013,0.005,1.195,0.003,11.012,19.257
Br62_rep8_Dep6_Tu0.5,0.000,0.002,0.000,0.000,2.236,0.030,3.783,0.115,0.139,2.755,8.992,0.013,22.479,59.457
Br62_rep5_Dep6_Tu2,0.000,0.088,3.103,0.000,5.920,0.000,0.027,0.382,1.646,0.983,4.150,2.668,23.056,57.977
Br62_rep4_Dep6_Tu50,4.539,0.000,70.796,3.678,0.000,0.000,0.009,0.043,0.354,1.184,0.016,0.024,0.018,19.338
Br62_rep8_Dep6_Tu40,1.816,0.000,62.485,2.687,1.088,0.000,0.002,0.619,0.005,0.509,2.881,0.010,1.107,26.792
Br62_rep7_Dep6_Tu2,0.633,0.045,1.045,0.000,2.046,0.302,1.535,0.136,0.140,2.754,6.302,0.393,23.809,60.860
Br62_rep9_Dep6_Tu40,1.704,0.000,61.898,3.596,0.025,0.000,0.000,0.359,0.006,0.163,4.265,0.000,7.678,20.306
Br62_rep10_Dep6_Tu2,1.286,0.105,1.103,0.000,0.006,0.833,0.192,1.364,0.118,3.351,7.072,0.919,25.992,57.658
Br62_rep6_Dep6_Tu10,0.000,0.000,18.948,0.743,0.342,0.000,0.000,0.001,0.013,1.320,5.925,2.575,19.991,50.143
Br62_rep2_Dep6_Tu2,0.000,0.018,0.642,0.000,1.268,0.000,0.542,0.484,0.205,5.974,8.643,0.263,22.898,59.063
Br62_rep9_Dep6_Tu5,0.000,0.105,8.062,0.000,2.089,0.000,0.219,1.104,0.116,4.756,6.328,1.170,18.704,57.347
Br62_rep6_Dep6_Tu40,1.738,0.001,57.327,5.611,0.064,0.000,0.000,0.000,0.000,1.344,3.920,0.004,0.439,29.550
Br62_rep4_Dep6_Tu20,0.000,0.000,39.805,2.272,0.016,0.000,0.512,0.217,0.017,0.003,4.477,0.136,10.433,42.111
Br62_rep9_Dep6_Tu1,0.000,0.068,3.188,0.098,0.004,0.043,1.596,0.328,0.048,2.500,7.184,0.292,26.949,57.701
Br62_rep1_Dep6_Tu0.3,0.000,0.954,0.000,0.000,0.000,0.002,0.881,1.699,0.002,2.236,12.180,1.872,27.146,53.029
Br62_rep3_Dep6_Tu5,0.000,0.007,8.052,0.014,0.017,0.116,0.145,0.050,0.006,6.828,3.043,0.282,26.412,55.028
Br62_rep9_Dep6_Tu50,5.194,0.000,64.396,5.793,0.000,0.000,0.000,0.003,0.001,1.597,0.043,0.000,0.005,22.967
Br62_rep5_Dep6_Tu30,0.014,0.452,46.703,1.497,0.254,2.005,0.749,0.328,0.041,2.913,0.978,0.000,6.100,37.965
Br62_rep9_Dep6_Tu0.5,0.000,0.000,0.000,0.000,1.764,0.075,0.017,1.102,0.046,1.803,10.512,1.248,25.176,58.258
Br62_rep1_Dep6_Tu20,0.011,0.001,35.327,0.667,2.233,0.000,0.139,0.146,0.498,0.205,1.563,2.800,15.963,40.446
Br62_rep4_Dep6_Tu2,0.000,0.008,0.000,0.739,0.298,0.000,0.930,0.056,0.987,2.513,11.197,2.075,29.431,51.767
Br62_rep8_Dep6_Tu3,0.000,1.556,5.133,0.459,0.197,0.458,0.006,0.163,0.110,5.806,2.854,0.794,28.735,53.727
Br62_rep2_Dep6_Tu5,0.000,0.002,12.670,0.470,0.020,0.045,0.002,0.066,0.008,6.836,1.930,0.440,27.905,49.606
Br62_rep2_Dep6_Tu1,0.000,0.528,0.000,0.000,4.324,0.001,0.002,1.131,0.397,4.693,10.119,1.262,27.901,49.642
Br62_rep8_Dep6_Tu1,0.000,0.809,0.000,0.000,1.065,0.086,0.126,0.028,0.016,3.377,8.479,3.768,28.388,53.859
Br62_rep10_Dep6_Tu0.1,0.000,0.044,0.000,0.000,0.877,0.000,1.634,0.408,0.396,2.406,8.080,3.594,29.917,52.644
Br62_rep3_Dep6_Tu40,3.262,0.003,61.397,4.758,0.001,0.000,0.026,0.002,0.000,0.005,0.575,0.877,2.973,26.120
Br62_rep8_Dep6_Tu0.3,0.000,0.676,0.000,0.000,0.095,0.913,0.000,0.002,0.021,2.285,7.865,0.640,33.645,53.857
Br62_rep4_Dep6_Tu0.5,0.000,0.000,0.000,0.000,1.014,0.002,1.777,0.074,0.240,4.755,9.229,1.592,28.517,52.799
Br62_rep6_Dep6_Tu50,3.012,0.001,61.007,5.384,0.015,0.000,0.298,1.540,0.674,5.034,0.389,0.753,0.045,21.849
Br62_rep7_Dep6_Tu0.1,0.000,0.000,0.000,0.000,0.190,0.000,0.544,0.753,0.042,3.656,10.206,0.782,25.506,58.322
Br62_rep9_Dep6_Tu30,0.985,0.001,46.591,0.000,0.207,0.001,0.016,0.088,0.017,0.429,7.078,2.343,6.568,35.677
Br62_rep6_Dep6_Tu20,0.000,0.757,33.023,1.603,0.549,0.014,0.025,0.008,0.767,0.028,5.418,0.654,11.448,45.706
Br62_rep5_Dep6_Tu5,0.019,0.000,9.827,0.000,0.533,0.095,1.077,0.933,1.125,4.959,5.991,1.229,16.454,57.758
Br62_rep4_Dep6_Tu40,1.028,0.015,59.911,5.199,0.011,0.001,0.003,0.000,0.000,0.244,0.229,0.000,0.016,33.342
Br62_rep8_Dep6_Tu0.1,0.000,0.000,0.000,0.000,0.200,0.206,2.902,2.409,0.568,1.674,6.724,2.215,31.044,52.058
Br62_rep1_Dep6_Tu40,1.360,0.811,64.856,1.090,0.002,4.048,0.000,1.158,0.607,0.790,0.708,0.000,3.350,21.219
Br62_rep3_Dep6_Tu30,0.459,0.609,50.714,3.193,0.163,0.446,0.001,0.000,0.000,0.019,3.036,0.002,5.186,36.173
Br62_rep7_Dep6_Tu0.5,0.000,0.000,0.000,0.000,2.143,0.069,0.142,0.042,0.475,5.922,8.538,1.119,26.041,55.508
Br62_rep1_Dep6_Tu10,0.000,0.000,11.298,2.899,0.410,0.159,2.368,1.003,0.141,3.528,7.832,2.641,12.482,55.240
Br62_rep10_Dep6_Tu20,0.254,0.005,38.499,0.000,0.001,0.000,1.082,0.976,0.017,0.215,4.156,0.051,18.212,36.532
Br62_rep1_Dep6_Tu5,0.000,0.101,11.054,0.000,0.495,0.177,1.368,0.593,0.507,1.245,8.054,0.301,20.607,55.497
Br62_rep3_Dep6_Tu50,7.927,0.469,58.107,4.369,0.054,0.223,0.219,0.001,0.000,0.612,0.663,0.000,0.527,26.829
Br62_rep1_Dep6_Tu3,0.000,0.343,5.478,0.739,0.467,0.070,0.090,0.022,0.017,4.258,10.264,0.731,22.238,55.283
Br62_rep7_Dep6_Tu30,0.623,0.000,55.329,0.008,0.002,0.016,0.000,0.001,0.001,0.483,0.223,0.015,9.284,34.016
Br62_rep6_Dep6_Tu1,0.000,2.826,0.000,0.000,0.004,0.852,0.104,0.042,0.006,3.617,4.245,1.756,27.691,58.857
Br62_rep1_Dep6_Tu0.5,0.000,0.000,0.000,0.000,1.657,0.046,1.620,0.504,0.795,5.017,8.554,0.034,28.775,52.999
Br62_rep1_Dep6_Tu0.1,0.000,0.000,0.000,0.000,0.030,0.729,0.995,0.099,0.080,4.971,6.105,0.797,41.685,44.509
Br62_rep9_Dep6_Tu3,0.000,0.179,4.649,0.680,2.386,0.213,0.346,1.521,0.334,3.059,7.048,1.715,25.248,52.622
Br62_rep5_Dep6_Tu40,0.114,0.001,61.390,3.082,0.061,0.025,1.119,0.144,0.079,0.292,0.710,0.672,5.599,26.712
Br62_rep10_Dep6_Tu3,0.641,0.083,5.415,0.000,0.050,0.001,0.088,0.614,0.020,4.933,7.567,0.120,24.647,55.821
Br62_rep2_Dep6_Tu0.3,0.000,0.006,0.000,0.000,3.177,0.003,0.056,0.401,0.129,7.476,3.561,0.818,33.648,50.726
Br62_rep10_Dep6_Tu40,1.680,0.001,58.692,2.093,0.004,0.466,0.656,0.007,0.007,1.047,3.149,0.008,0.807,31.382
Br62_rep3_Dep6_Tu2,0.000,0.004,0.230,0.006,4.201,0.000,1.286,0.710,0.113,1.073,10.054,1.575,21.525,59.222
Br62_rep5_Dep6_Tu1,0.598,0.034,2.567,0.000,2.619,0.000,0.758,0.738,0.727,5.851,7.611,1.522,24.654,52.320
Br62_rep4_Dep6_Tu1,0.000,0.014,0.000,0.505,1.721,2.422,2.301,0.245,0.809,3.664,10.424,1.271,20.835,55.788
Br62_rep10_Dep6_Tu0.5,0.000,0.000,0.000,0.000,1.461,0.000,3.093,0.559,1.260,2.934,10.044,3.036,19.861,57.751
Br62_rep5_Dep6_Tu20,2.201,0.471,37.651,1.115,0.053,0.000,0.632,0.131,0.632,0.030,2.934,0.118,19.355,34.677
Br62_rep6_Dep6_Tu0.3,0.000,1.913,0.000,0.000,0.033,0.000,0.718,0.067,0.603,4.036,11.440,2.085,24.783,54.322
Br62_rep9_Dep6_Tu0.3,0.000,0.157,0.000,0.000,0.127,1.035,0.000,0.033,0.024,3.611,8.276,0.677,36.394,49.667
Br62_rep2_Dep6_Tu20,0.004,0.080,37.323,0.000,0.670,0.778,2.041,0.054,0.036,1.445,3.088,0.002,6.340,48.139
Br62_rep6_Dep6_Tu0.5,0.000,0.008,0.000,0.001,1.976,1.137,2.429,0.158,1.595,4.273,7.390,0.523,29.413,51.097
Br62_rep8_Dep6_Tu10,0.000,0.445,17.317,0.456,0.041,0.119,1.701,3.324,0.484,0.685,3.921,0.261,28.009,43.236
Br62_rep2_Dep6_Tu0.1,0.000,0.000,0.000,0.000,0.381,0.417,0.259,0.729,2.768,5.943,8.240,2.099,29.772,49.393
Br62_rep5_Dep6_Tu10,0.005,0.002,27.299,0.000,0.090,0.004,1.252,0.047,0.030,2.457,5.683,0.005,16.845,46.280
Br62_rep10_Dep6_Tu10,0.850,0.000,19.010,0.004,1.462,0.000,1.671,2.184,0.523,1.033,5.010,0.554,20.708,46.991
Br62_rep4_Dep6_Tu10,0.000,0.000,15.315,1.159,0.000,0.000,0.164,0.009,0.047,4.396,7.042,0.045,18.070,53.753
Br62_rep3_Dep6_Tu0.1,0.000,0.047,0.000,0.000,0.938,0.099,0.369,0.254,0.009,5.805,11.650,1.381,29.854,49.595
Br62_rep2_Dep6_Tu50,4.605,0.000,69.795,3.074,0.001,0.000,0.000,0.004,0.000,0.139,0.077,0.000,0.021,22.283
Br62_rep9_Dep6_Tu10,0.000,0.000,18.362,2.216,0.038,0.039,1.140,0.919,0.007,0.284,7.796,0.074,21.051,48.073
Br62_rep5_Dep6_Tu0.3,0.000,0.147,0.000,0.000,2.186,0.002,0.000,0.182,0.676,2.817,10.217,3.605,21.785,58.384
Br62_rep8_Dep6_Tu50,1.477,0.002,69.839,4.659,0.055,1.504,2.587,0.620,0.000,1.895,0.492,0.053,0.089,16.728
Br62_rep4_Dep6_Tu0.3,0.000,0.555,0.000,0.000,0.653,0.000,0.970,0.003,0.044,2.673,7.501,1.816,24.095,61.690
Br62_rep7_Dep6_Tu1,2.627,0.000,0.002,0.000,1.003,0.000,0.006,0.054,0.045,0.839,11.546,1.171,21.879,60.830
Br62_rep3_Dep6_Tu0.5,0.000,0.737,0.000,0.000,0.411,0.001,1.013,0.208,0.463,3.987,11.536,2.016,23.769,55.859
Br62_rep7_Dep6_Tu40,0.277,0.005,57.511,4.540,0.343,0.001,0.739,0.037,0.014,2.609,1.075,0.174,2.420,30.257
Br62_rep2_Dep6_Tu3,0.175,0.001,4.207,0.000,3.395,0.000,0.000,1.557,0.031,6.172,8.799,1.355,26.458,47.848
Br62_rep2_Dep6_Tu0.5,0.205,0.199,0.000,0.000,0.057,0.855,0.639,0.387,0.053,4.496,9.837,0.636,30.542,52.093
Br62_rep1_Dep6_Tu50,1.000,0.000,65.869,4.201,0.006,0.246,0.001,2.044,0.032,8.843,0.123,0.053,7.204,10.379
Br62_rep3_Dep6_Tu3,0.008,0.387,9.318,0.000,0.030,0.050,0.047,0.481,0.063,2.949,7.325,1.482,21.409,56.451
Br62_rep7_Dep6_Tu3,0.166,0.003,6.083,0.000,1.552,0.004,1.869,0.396,0.366,3.014,7.263,1.401,19.010,58.873
Br62_rep3_Dep6_Tu0.3,0.000,0.000,0.000,0.000,4.101,0.001,2.719,0.055,0.146,2.501,9.728,0.009,23.344,57.396
Br62_rep8_Dep6_Tu30,1.047,0.451,51.738,0.007,0.009,1.226,0.092,0.007,0.000,0.950,2.260,0.011,3.568,38.636
Br62_rep4_Dep6_Tu30,0.143,0.001,54.508,2.688,0.001,0.000,0.000,0.001,0.000,0.211,0.069,0.000,5.307,37.070
Br62_rep6_Dep6_Tu3,0.000,0.000,5.325,0.403,0.158,0.000,2.071,0.156,0.417,0.986,8.734,0.102,20.084,61.565
Br62_rep4_Dep6_Tu0.1,0.000,0.377,0.000,0.000,0.151,0.000,0.265,0.532,0.002,4.028,8.242,0.688,29.405,56.309
Br62_rep8_Dep6_Tu5,0.000,0.001,9.567,0.000,1.472,0.305,0.283,0.023,0.175,5.010,7.239,1.855,21.624,52.447
Br62_rep10_Dep6_Tu50,1.709,12.057,70.492,0.329,0.013,0.013,0.037,0.059,0.031,2.356,0.058,0.131,0.005,12.710
Br62_rep10_Dep6_Tu0.3,0.000,0.000,0.000,0.000,2.309,0.000,0.062,0.089,1.223,4.323,6.583,1.704,31.120,52.587
Br62_rep3_Dep6_Tu20,0.376,0.002,38.169,0.000,0.010,0.000,0.000,0.001,0.014,3.419,2.841,0.001,20.313,34.854
Br62_rep1_Dep6_Tu1,0.000,0.962,0.000,0.000,0.303,0.000,1.545,0.054,1.130,3.760,8.492,2.933,28.968,51.853
Br62_rep3_Dep6_Tu1,0.000,0.054,0.000,0.000,0.269,0.000,2.380,0.002,0.158,2.532,9.381,2.332,27.774,55.118
Br62_rep9_Dep6_Tu2,0.033,1.808,2.085,0.227,0.732,0.006,0.315,0.086,0.009,4.357,7.143,2.409,18.427,62.363
Br62_rep7_Dep6_Tu50,4.230,0.797,66.900,2.493,0.001,1.900,0.041,0.010,0.000,3.495,2.687,0.001,0.065,17.379
Br62_rep7_Dep6_Tu5,0.000,0.002,10.003,0.834,0.258,0.026,0.188,0.365,0.730,2.738,5.319,0.052,22.739,56.746
Br62_rep8_Dep6_Tu2,0.000,1.467,4.679,0.053,0.957,0.341,0.930,0.269,0.029,1.503,7.644,1.832,26.939,53.356
Br62_rep5_Dep6_Tu0.1,0.000,0.695,0.000,0.000,0.067,0.186,1.814,0.055,0.004,3.721,7.856,0.414,29.531,55.657
Br62_rep6_Dep6_Tu5,0.000,0.000,9.635,0.000,0.064,0.519,1.457,0.099,0.086,1.626,5.973,0.252,19.120,61.169
Br62_rep9_Dep6_Tu20,0.001,0.002,37.888,0.478,0.023,0.000,0.937,0.043,0.002,1.588,2.537,0.000,5.799,50.702
Br62_rep2_Dep6_Tu30,0.813,0.000,55.872,1.362,0.000,0.000,0.000,0.001,0.002,0.001,0.493,0.000,11.363,30.093
Br62_rep7_Dep6_Tu10,0.001,0.000,18.714,0.000,1.000,0.005,0.082,1.039,0.009,0.146,6.236,0.047,18.025,54.696
Br62_rep6_Dep6_Tu0.1,0.000,0.000,0.000,0.000,2.583,0.000,1.230,0.619,1.007,2.206,11.202,0.266,25.398,55.489
Br62_rep5_Dep6_Tu50,4.261,0.058,69.919,1.705,0.007,0.000,0.002,0.018,0.001,0.004,2.110,0.000,0.444,21.471
Br62_rep10_Dep6_Tu1,0.000,0.000,0.000,0.000,1.426,0.392,1.882,0.084,0.176,7.522,7.926,2.472,29.484,48.636
Br62_rep1_Dep6_Tu30,0.006,0.000,45.155,2.155,0.004,0.236,0.021,0.000,0.057,3.601,3.188,0.185,10.897,34.495
Br62_rep7_Dep6_Tu0.3,0.000,1.518,0.000,0.000,0.085,0.000,0.034,0.043,0.033,5.946,7.747,1.016,24.352,59.228
Br62_rep2_Dep6_Tu10,0.000,0.000,17.477,0.139,0.001,0.782,0.003,0.158,0.013,0.335,7.328,0.283,16.154,57.326
Br62_rep9_Dep6_Tu0.1,0.000,0.000,0.000,0.000,2.989,0.003,1.689,0.163,0.908,6.532,7.234,1.831,27.925,50.724
Br62_rep3_Dep6_Tu10,0.000,0.080,18.650,0.086,0.051,0.000,0.562,0.518,0.177,4.885,5.535,0.697,19.307,49.452
Br62_rep4_Dep6_Tu5,0.000,0.000,10.267,0.000,0.388,1.628,0.471,3.850,0.189,0.831,7.876,1.334,21.544,51.622
Br62_rep8_Dep6_Tu20,0.502,0.000,34.456,2.516,3.822,0.000,0.002,1.192,0.141,0.405,2.124,0.828,21.284,32.727
Br62_rep1_Dep6_Tu2,0.007,0.008,4.211,0.444,0.015,0.085,1.172,0.424,0.082,4.899,6.934,0.343,26.313,55.062
Br62_rep10_Dep6_Tu5,0.318,0.000,9.136,0.000,0.497,0.012,0.668,0.587,3.871,0.797,7.235,1.104,26.358,49.418
Br62_rep10_Dep6_Tu30,0.051,0.003,44.845,1.739,0.394,0.008,0.078,0.023,0.019,0.244,3.587,0.002,4.259,44.746
Br62_rep6_Dep6_Tu2,0.000,0.000,0.008,0.834,6.829,0.000,0.002,0.130,0.299,3.919,5.335,1.277,26.591,54.774
Br62_rep4_Dep6_Tu3,0.000,0.003,5.170,0.116,0.792,0.000,0.418,0.983,0.024,3.646,7.352,1.449,28.680,51.365
