Sample,BRCA,CEAD,CESC,COAD,OV,READ,bcell,cd4tcell,cd8tcell,erythroblast,monocyte,naturalkillercell,neutrophil,Unknown-1
Br62_rep5_Dep6_Tu0.5,0.000,0.000,0.000,0.000,0.691,69.133,0.000,0.000,0.000,0.000,13.594,0.000,8.880,7.702
Br62_rep5_Dep6_Tu3,0.000,0.000,0.000,0.209,13.393,60.807,0.000,0.000,0.000,0.000,5.246,0.000,9.185,11.160
Br62_rep6_Dep6_Tu30,25.715,0.000,0.000,8.887,0.000,33.144,0.000,0.000,0.000,0.000,2.707,0.000,26.242,3.304
Br62_rep7_Dep6_Tu20,24.282,0.000,0.000,6.157,0.000,45.970,0.000,0.000,0.000,0.000,8.439,0.000,6.569,8.582
Br62_rep2_Dep6_Tu40,39.020,0.000,0.000,14.820,0.000,33.629,0.000,0.000,0.000,0.000,3.617,0.000,7.581,1.332
Br62_rep8_Dep6_Tu0.5,0.000,0.000,0.000,0.000,0.150,58.650,4.654,0.000,0.000,0.000,13.067,0.000,16.583,6.895
Br62_rep5_Dep6_Tu2,0.000,0.000,0.000,0.061,4.218,54.182,0.000,0.000,7.198,0.000,5.244,0.000,25.470,3.627
Br62_rep4_Dep6_Tu50,44.737,0.000,0.000,16.193,0.000,21.236,0.000,0.000,0.000,0.000,1.683,0.000,3.075,13.075
Br62_rep8_Dep6_Tu40,28.001,0.000,0.000,9.175,28.400,23.217,0.000,0.000,0.000,0.000,5.476,0.000,1.034,4.697
Br62_rep7_Dep6_Tu2,0.000,0.000,0.000,0.000,0.000,63.750,0.000,0.000,0.000,0.000,8.718,0.000,19.470,8.061
Br62_rep9_Dep6_Tu40,44.406,0.000,0.000,11.480,0.000,28.036,0.000,0.000,0.000,0.000,4.892,0.000,0.000,11.185
Br62_rep10_Dep6_Tu2,0.000,0.000,0.000,0.160,0.000,62.436,0.000,0.000,0.000,0.000,12.954,0.000,8.164,16.285
Br62_rep6_Dep6_Tu10,0.278,0.000,8.581,5.938,0.000,53.945,0.000,0.000,1.908,0.000,4.850,0.000,12.556,11.943
Br62_rep2_Dep6_Tu2,0.000,0.000,0.000,0.061,0.000,57.372,0.000,0.000,0.000,0.000,12.835,0.000,19.360,10.372
Br62_rep9_Dep6_Tu5,0.754,0.000,0.097,0.227,0.000,49.714,0.000,0.000,0.000,0.000,11.732,0.000,28.132,9.344
Br62_rep6_Dep6_Tu40,31.075,0.000,0.000,19.365,1.255,31.363,0.000,0.000,0.000,0.000,5.665,0.000,0.000,11.276
Br62_rep4_Dep6_Tu20,20.305,0.000,0.000,12.872,0.000,39.925,0.000,0.000,0.000,0.000,7.342,0.000,16.569,2.987
Br62_rep9_Dep6_Tu1,0.000,0.000,0.000,0.087,0.000,63.267,0.000,0.000,0.000,0.000,14.662,0.000,7.688,14.295
Br62_rep1_Dep6_Tu0.3,0.000,0.000,0.000,0.000,0.000,57.884,0.000,0.000,0.000,0.000,19.648,0.000,17.031,5.436
Br62_rep3_Dep6_Tu5,1.316,0.000,0.000,1.873,0.000,60.330,0.000,0.000,0.000,0.000,6.728,0.000,16.292,13.460
Br62_rep9_Dep6_Tu50,46.057,0.000,0.000,14.265,0.000,25.324,0.000,0.000,0.000,0.000,0.129,0.000,0.000,14.225
Br62_rep5_Dep6_Tu30,22.791,0.000,6.233,5.725,0.000,29.077,0.000,0.000,0.000,0.000,7.960,0.000,15.882,12.332
Br62_rep9_Dep6_Tu0.5,0.000,0.000,0.000,0.000,3.014,64.262,0.000,0.000,0.000,0.000,11.771,0.000,12.180,8.772
Br62_rep1_Dep6_Tu20,19.518,0.000,0.000,5.341,0.509,41.072,0.000,0.000,0.000,0.000,0.813,0.000,28.194,4.553
Br62_rep4_Dep6_Tu2,0.000,0.000,0.000,0.060,0.079,56.671,0.000,0.000,6.904,10.150,12.130,0.000,9.383,4.622
Br62_rep8_Dep6_Tu3,0.000,0.000,0.000,1.443,1.061,63.318,0.000,0.000,0.000,0.000,1.791,0.000,17.801,14.586
Br62_rep2_Dep6_Tu5,5.815,0.000,0.000,2.517,0.000,59.455,0.000,0.000,0.000,0.000,2.061,0.000,12.605,17.546
Br62_rep2_Dep6_Tu1,0.000,0.000,0.301,0.000,4.048,58.313,0.000,0.000,0.000,0.000,11.388,0.000,14.187,11.762
Br62_rep8_Dep6_Tu1,0.000,0.000,0.000,0.064,0.000,64.209,0.000,0.000,0.000,0.000,6.122,0.000,19.541,10.063
Br62_rep10_Dep6_Tu0.1,0.000,0.000,0.000,0.000,0.000,58.653,9.602,0.000,11.312,0.000,9.824,0.000,7.497,3.112
Br62_rep3_Dep6_Tu40,39.327,0.000,0.000,16.324,0.000,30.879,0.000,0.000,0.000,0.000,1.417,0.000,6.389,5.663
Br62_rep8_Dep6_Tu0.3,0.000,0.000,0.000,0.041,0.193,72.744,0.000,0.000,0.000,0.000,8.565,0.000,8.549,9.908
Br62_rep4_Dep6_Tu0.5,0.000,0.000,0.000,0.000,0.000,54.985,19.436,0.000,0.000,0.000,9.723,0.000,11.187,4.669
Br62_rep6_Dep6_Tu50,39.407,0.000,0.000,13.211,0.000,17.190,0.000,0.000,0.000,0.000,3.387,0.000,11.246,15.559
Br62_rep7_Dep6_Tu0.1,0.000,0.000,0.000,0.000,0.670,62.802,0.000,0.000,0.000,0.000,12.343,0.000,9.573,14.611
Br62_rep9_Dep6_Tu30,40.148,0.000,0.000,5.119,0.000,33.003,0.000,0.000,0.000,0.000,6.528,0.000,7.528,7.672
Br62_rep6_Dep6_Tu20,11.552,0.000,0.000,6.972,5.963,41.270,0.000,0.000,0.000,7.344,9.962,0.000,9.931,7.004
Br62_rep5_Dep6_Tu5,0.000,0.000,0.000,1.247,1.146,52.700,0.000,0.000,0.000,0.000,4.530,0.000,34.943,5.434
Br62_rep4_Dep6_Tu40,37.463,0.000,0.000,14.682,0.000,30.759,0.000,0.000,0.000,0.000,3.786,0.000,0.000,13.309
Br62_rep8_Dep6_Tu0.1,0.000,0.000,0.000,0.000,0.029,61.742,6.025,0.000,1.375,0.000,3.978,0.000,24.777,2.074
Br62_rep1_Dep6_Tu40,39.496,0.000,0.000,9.539,0.000,25.527,0.000,0.000,0.000,18.195,2.318,0.000,0.000,4.924
Br62_rep3_Dep6_Tu30,31.643,0.000,0.000,10.448,2.636,36.992,0.000,0.000,0.000,0.000,8.721,0.000,4.696,4.863
Br62_rep7_Dep6_Tu0.5,0.000,0.000,0.000,0.000,0.527,60.632,0.000,0.000,0.000,0.000,11.933,0.000,15.516,11.391
Br62_rep1_Dep6_Tu10,0.000,0.000,0.000,3.444,0.000,42.784,15.622,0.000,4.749,0.000,13.630,0.000,11.986,7.784
Br62_rep10_Dep6_Tu20,29.404,0.000,0.000,0.642,0.000,42.373,0.000,0.000,0.000,0.000,3.603,0.000,21.772,2.206
Br62_rep1_Dep6_Tu5,4.303,0.000,0.000,1.474,0.000,58.654,0.000,0.000,0.000,0.000,9.997,0.000,21.161,4.409
Br62_rep3_Dep6_Tu50,40.923,0.000,0.000,15.683,0.000,27.738,0.000,0.000,0.000,0.000,8.075,0.000,0.523,7.059
Br62_rep1_Dep6_Tu3,0.109,0.000,0.000,0.566,0.000,58.863,0.000,0.000,0.000,0.000,18.549,0.000,14.950,6.963
Br62_rep7_Dep6_Tu30,35.600,0.000,4.438,4.923,0.000,38.214,0.000,0.000,0.000,0.000,1.834,0.000,1.443,13.548
Br62_rep6_Dep6_Tu1,0.000,0.000,0.000,0.009,0.000,59.279,0.000,0.000,0.000,0.000,13.449,0.000,17.644,9.619
Br62_rep1_Dep6_Tu0.5,0.000,0.000,0.000,0.000,0.504,58.081,0.000,0.000,0.000,0.000,15.914,0.000,16.244,9.256
Br62_rep1_Dep6_Tu0.1,0.000,0.000,0.000,0.000,0.000,74.292,0.000,0.000,0.000,0.000,7.976,0.000,5.138,12.594
Br62_rep9_Dep6_Tu3,0.000,0.000,0.000,0.182,1.425,56.005,0.000,0.000,17.210,0.000,6.466,0.000,12.664,6.047
Br62_rep5_Dep6_Tu40,32.497,0.000,0.000,17.769,0.000,34.478,0.000,0.000,0.000,0.000,0.000,0.000,12.403,2.852
Br62_rep10_Dep6_Tu3,0.000,0.000,0.027,0.320,0.463,66.823,0.000,0.000,0.000,0.000,7.897,0.000,8.282,16.187
Br62_rep2_Dep6_Tu0.3,0.000,0.000,0.000,0.000,0.687,64.643,0.000,0.000,0.000,0.000,2.356,0.000,16.982,15.331
Br62_rep10_Dep6_Tu40,40.803,0.000,0.000,9.072,0.000,31.781,0.000,0.000,0.000,0.000,5.959,0.000,4.771,7.614
Br62_rep3_Dep6_Tu2,0.000,0.000,0.000,0.014,0.263,55.394,0.205,0.000,0.000,0.000,18.355,0.000,21.830,3.939
Br62_rep5_Dep6_Tu1,0.007,0.000,0.000,0.021,0.000,51.132,0.000,0.000,0.000,0.000,13.197,0.000,23.976,11.666
Br62_rep4_Dep6_Tu1,0.000,0.000,0.000,0.014,0.000,50.935,20.421,0.000,1.254,0.000,11.901,0.000,9.683,5.792
Br62_rep10_Dep6_Tu0.5,0.000,0.000,0.000,0.000,0.000,49.183,15.362,0.000,6.352,0.000,12.730,0.000,10.391,5.982
Br62_rep5_Dep6_Tu20,25.388,0.000,0.000,7.671,0.000,39.515,0.000,0.000,0.000,0.000,5.079,0.000,20.490,1.857
Br62_rep6_Dep6_Tu0.3,0.000,0.000,0.000,0.000,0.000,52.184,0.000,0.000,23.343,0.000,9.810,0.000,7.826,6.837
Br62_rep9_Dep6_Tu0.3,0.000,0.000,0.000,0.000,0.226,72.739,0.000,0.000,0.000,0.000,8.537,0.000,8.613,9.884
Br62_rep2_Dep6_Tu20,25.723,0.000,0.000,3.634,0.000,42.299,0.000,0.000,0.000,0.000,5.683,0.000,16.890,5.771
Br62_rep6_Dep6_Tu0.5,0.000,0.000,0.000,0.000,0.023,59.646,14.149,0.000,0.000,6.303,7.904,0.000,7.892,4.082
Br62_rep8_Dep6_Tu10,3.446,0.000,12.684,0.382,0.000,50.934,6.135,0.000,0.000,0.000,3.100,0.000,21.753,1.566
Br62_rep2_Dep6_Tu0.1,0.000,0.000,0.000,0.000,0.019,57.138,0.000,0.000,1.518,16.808,7.198,0.000,7.552,9.767
Br62_rep5_Dep6_Tu10,12.563,0.000,0.000,4.374,4.519,47.036,0.000,0.000,0.000,0.000,4.469,0.000,14.792,12.247
Br62_rep10_Dep6_Tu10,2.726,0.000,0.000,1.042,13.527,45.281,0.000,0.000,7.061,0.000,6.330,0.000,17.447,6.586
Br62_rep4_Dep6_Tu10,7.846,0.000,0.000,4.389,0.000,56.126,0.000,0.000,0.000,0.000,11.288,0.000,3.285,17.065
Br62_rep3_Dep6_Tu0.1,0.000,0.000,0.000,0.000,0.411,59.745,0.000,0.000,0.000,0.000,11.228,0.000,18.414,10.201
Br62_rep2_Dep6_Tu50,51.353,0.000,0.000,12.134,0.000,26.075,0.000,0.000,0.000,0.000,0.566,0.000,0.000,9.872
Br62_rep9_Dep6_Tu10,6.832,0.000,0.000,4.595,0.000,53.537,0.000,0.000,0.000,0.000,7.104,0.000,19.934,7.998
Br62_rep5_Dep6_Tu0.3,0.000,0.000,0.000,0.000,0.213,52.731,0.000,0.000,8.281,0.000,9.159,0.000,26.973,2.643
Br62_rep8_Dep6_Tu50,39.192,0.000,0.000,20.476,0.000,22.600,0.000,0.000,0.000,0.000,0.390,0.000,9.630,7.711
Br62_rep4_Dep6_Tu0.3,0.000,0.000,0.000,0.000,0.000,60.520,0.000,0.000,0.000,0.000,15.249,0.000,13.321,10.909
Br62_rep7_Dep6_Tu1,0.000,0.000,0.000,0.032,0.000,64.782,0.000,0.000,0.000,0.000,14.842,0.000,9.468,10.876
Br62_rep3_Dep6_Tu0.5,0.000,0.000,0.000,0.000,0.000,52.183,0.000,0.000,23.343,0.000,9.810,0.000,7.826,6.837
Br62_rep7_Dep6_Tu40,37.846,0.000,0.000,12.266,0.000,26.435,0.000,0.000,0.000,0.000,2.804,0.000,10.001,10.648
Br62_rep2_Dep6_Tu3,0.000,0.000,0.000,0.139,3.174,61.502,0.000,0.000,0.000,0.000,8.150,0.000,15.669,11.367
Br62_rep2_Dep6_Tu0.5,0.000,0.000,0.000,0.000,0.147,68.936,0.000,0.000,0.000,0.000,10.553,0.000,5.932,14.432
Br62_rep1_Dep6_Tu50,36.693,0.000,0.000,16.062,0.000,25.520,0.000,0.000,0.000,0.000,1.827,0.000,7.991,11.906
Br62_rep3_Dep6_Tu3,0.789,0.000,4.915,0.142,0.000,60.478,0.000,0.000,0.000,0.000,9.071,0.000,15.653,8.951
Br62_rep7_Dep6_Tu3,0.000,0.000,0.000,0.345,0.930,52.902,0.000,0.000,0.000,0.000,6.925,0.000,33.962,4.935
Br62_rep3_Dep6_Tu0.3,0.000,0.000,0.000,0.000,0.298,58.256,4.427,0.000,0.000,0.000,13.991,0.000,16.523,6.505
Br62_rep8_Dep6_Tu30,40.445,0.000,0.000,3.918,0.000,37.483,0.000,0.000,0.000,0.000,5.828,0.000,2.250,10.075
Br62_rep4_Dep6_Tu30,32.077,0.000,0.000,13.080,0.000,40.110,0.000,0.000,0.000,0.000,0.751,0.000,0.914,13.067
Br62_rep6_Dep6_Tu3,0.000,0.000,0.000,1.531,0.000,59.475,0.000,0.000,0.000,0.000,14.329,0.000,20.972,3.692
Br62_rep4_Dep6_Tu0.1,0.000,0.000,0.000,0.000,0.000,62.576,0.000,0.000,0.000,0.000,14.115,0.000,17.040,6.268
Br62_rep8_Dep6_Tu5,0.406,0.000,0.000,0.580,2.374,50.434,0.000,0.000,0.000,0.000,7.941,0.000,33.350,4.914
Br62_rep10_Dep6_Tu50,30.364,0.000,23.154,7.745,0.000,13.417,0.000,0.000,0.000,0.000,3.465,0.000,11.543,10.310
Br62_rep10_Dep6_Tu0.3,0.000,0.000,0.000,0.000,1.144,59.492,0.000,0.000,0.000,0.000,4.448,0.000,30.446,4.469
Br62_rep3_Dep6_Tu20,31.883,0.000,0.000,3.696,0.000,49.796,0.000,0.000,0.000,0.000,5.659,0.000,0.000,8.965
Br62_rep1_Dep6_Tu1,0.000,0.000,0.000,0.000,0.000,58.076,0.000,0.000,10.980,0.000,13.197,0.000,11.668,6.078
Br62_rep3_Dep6_Tu1,0.000,0.000,0.000,0.000,0.047,61.832,6.485,0.000,0.000,0.000,9.233,0.000,14.365,8.037
Br62_rep9_Dep6_Tu2,0.000,0.000,0.000,0.630,1.911,56.956,0.000,0.000,0.000,0.000,12.516,0.000,9.100,18.887
Br62_rep7_Dep6_Tu50,47.105,0.000,0.000,12.024,0.000,24.435,0.000,0.000,0.000,0.000,6.689,0.000,2.433,7.313
Br62_rep7_Dep6_Tu5,0.160,0.000,0.039,1.538,0.000,57.172,0.000,0.000,0.000,0.000,10.210,0.000,20.977,9.903
Br62_rep8_Dep6_Tu2,0.000,0.000,0.000,0.389,0.461,58.644,0.000,0.000,0.000,0.000,7.826,0.000,25.514,7.167
Br62_rep5_Dep6_Tu0.1,0.000,0.000,0.000,0.000,0.000,65.622,0.000,0.000,0.000,0.000,14.627,0.000,5.828,13.922
Br62_rep6_Dep6_Tu5,0.000,0.000,0.000,0.713,0.000,62.518,0.000,0.000,0.000,0.000,7.745,0.000,20.784,8.240
Br62_rep9_Dep6_Tu20,21.649,0.000,0.000,6.343,0.000,39.451,0.000,0.000,0.000,0.000,7.243,0.000,15.713,9.600
Br62_rep2_Dep6_Tu30,35.686,0.000,0.000,12.101,0.000,41.612,0.000,0.000,0.000,0.000,1.693,0.000,1.329,7.578
Br62_rep7_Dep6_Tu10,11.197,0.000,0.000,0.430,14.127,50.773,0.000,0.000,0.000,0.000,8.106,0.000,9.687,5.679
Br62_rep6_Dep6_Tu0.1,0.000,0.000,0.000,0.000,0.000,59.538,0.000,0.000,0.000,0.000,18.615,0.000,17.711,4.135
Br62_rep5_Dep6_Tu50,38.148,0.000,18.725,7.967,0.000,25.704,0.000,0.000,0.000,0.000,5.085,0.000,0.000,4.371
Br62_rep10_Dep6_Tu1,0.000,0.000,0.000,0.000,0.107,51.383,0.000,0.000,0.000,0.000,7.664,0.000,31.974,8.871
Br62_rep1_Dep6_Tu30,26.849,0.000,0.000,12.580,0.000,37.781,0.000,0.000,0.000,0.000,4.709,0.000,3.084,14.997
Br62_rep7_Dep6_Tu0.3,0.000,0.000,0.000,0.023,0.000,63.953,0.000,0.000,0.000,0.000,11.597,0.000,5.285,19.141
Br62_rep2_Dep6_Tu10,2.940,0.000,0.000,5.452,0.000,58.716,0.000,0.000,0.000,0.000,10.580,0.000,8.592,13.719
Br62_rep9_Dep6_Tu0.1,0.000,0.000,0.000,0.000,0.221,54.191,0.000,0.000,0.000,0.000,8.205,0.000,31.887,5.496
Br62_rep3_Dep6_Tu10,3.476,0.000,0.000,5.236,0.000,49.421,0.000,0.000,0.000,0.000,11.895,0.000,20.978,8.993
Br62_rep4_Dep6_Tu5,0.000,0.000,0.000,0.437,1.347,51.098,0.000,0.000,0.000,0.000,5.630,0.000,37.258,4.230
Br62_rep8_Dep6_Tu20,9.032,0.000,0.000,6.800,3.910,46.374,0.000,24.062,0.000,0.403,3.226,0.000,1.744,4.447
Br62_rep1_Dep6_Tu2,0.000,0.000,0.000,0.465,0.000,63.931,0.000,0.000,0.000,0.000,12.905,0.000,7.546,15.152
Br62_rep10_Dep6_Tu5,3.778,0.000,0.000,0.322,0.000,55.138,0.000,0.000,0.000,15.059,7.088,0.000,14.262,4.352
Br62_rep10_Dep6_Tu30,27.536,0.000,0.754,7.280,0.558,40.197,0.000,0.000,0.000,0.000,8.794,0.000,5.521,9.359
Br62_rep6_Dep6_Tu2,0.000,0.000,0.000,0.000,2.553,57.027,0.000,0.000,0.000,0.000,4.593,0.000,31.194,4.632
Br62_rep4_Dep6_Tu3,0.000,0.000,0.000,0.372,3.921,59.941,0.000,0.000,0.000,0.000,5.268,0.000,16.595,13.903
