Sample,BRCA,CEAD,CESC,COAD,OV,READ,bcell,cd4tcell,cd8tcell,erythroblast,monocyte,naturalkillercell,neutrophil
Br62_rep5_Dep6_Tu0.5,0.000,17.507,0.000,0.000,1.334,65.935,0.000,0.000,0.000,0.000,1.579,13.201,0.443
Br62_rep5_Dep6_Tu3,0.000,7.236,0.000,1.139,9.812,64.329,0.000,0.000,0.000,0.000,0.993,16.490,0.000
Br62_rep6_Dep6_Tu30,26.452,10.643,0.000,12.383,0.000,30.699,0.000,0.000,12.412,0.000,0.000,7.409,0.000
Br62_rep7_Dep6_Tu20,24.412,8.999,0.000,6.488,0.000,46.270,0.000,0.000,0.000,0.000,0.000,13.830,0.000
Br62_rep2_Dep6_Tu40,37.539,5.682,0.000,18.148,0.000,35.695,0.000,0.000,0.000,0.000,0.000,2.936,0.000
Br62_rep8_Dep6_Tu0.5,0.000,9.670,0.000,0.018,2.001,58.598,0.000,0.000,1.270,0.000,0.000,13.111,15.333
Br62_rep5_Dep6_Tu2,0.000,9.450,0.000,0.074,18.288,52.976,0.000,0.354,7.911,0.000,3.402,7.435,0.110
Br62_rep4_Dep6_Tu50,48.250,3.758,0.000,16.975,0.000,19.017,0.000,0.000,0.000,0.000,0.000,12.000,0.000
Br62_rep8_Dep6_Tu40,39.530,7.902,0.000,12.624,3.213,28.199,0.000,0.000,0.000,0.000,0.000,8.533,0.000
Br62_rep7_Dep6_Tu2,0.031,8.793,4.191,0.000,0.610,58.928,0.000,0.000,4.893,0.000,0.447,12.835,9.271
Br62_rep9_Dep6_Tu40,43.996,5.775,0.000,10.978,0.000,27.520,0.000,0.000,0.000,0.000,0.000,11.730,0.000
Br62_rep10_Dep6_Tu2,0.101,13.964,0.000,0.350,0.160,61.321,0.000,6.026,0.000,0.000,0.412,17.666,0.000
Br62_rep6_Dep6_Tu10,0.978,9.526,4.902,7.498,4.681,52.256,0.000,0.000,0.000,0.000,8.587,11.571,0.000
Br62_rep2_Dep6_Tu2,0.000,16.626,0.000,0.150,1.618,55.263,0.022,0.000,8.992,0.000,0.000,15.828,1.500
Br62_rep9_Dep6_Tu5,1.244,11.180,0.059,0.159,3.365,49.938,0.000,1.348,8.393,0.000,2.153,15.249,6.912
Br62_rep6_Dep6_Tu40,30.773,6.264,0.000,19.952,0.257,31.658,0.000,0.000,0.000,0.000,0.000,11.095,0.000
Br62_rep4_Dep6_Tu20,17.371,12.082,0.000,13.819,5.303,39.021,0.000,2.502,0.441,0.000,5.650,3.810,0.000
Br62_rep9_Dep6_Tu1,0.001,13.693,1.207,0.133,0.003,61.239,0.000,0.000,0.073,0.000,5.059,15.287,3.304
Br62_rep1_Dep6_Tu0.3,0.000,19.196,0.014,0.000,0.068,55.676,0.005,0.826,1.189,0.000,0.652,9.961,12.412
Br62_rep3_Dep6_Tu5,1.740,8.674,0.000,2.952,0.000,58.960,0.000,0.000,0.000,0.000,3.926,16.076,7.671
Br62_rep9_Dep6_Tu50,48.029,0.112,0.000,13.226,0.000,25.389,0.000,0.000,0.000,0.000,0.000,13.244,0.000
Br62_rep5_Dep6_Tu30,20.541,9.396,6.837,5.764,8.551,30.637,0.000,0.000,0.168,0.000,0.000,18.105,0.000
Br62_rep9_Dep6_Tu0.5,0.000,14.199,0.000,0.000,3.073,61.064,0.000,7.997,0.615,0.000,0.359,12.397,0.295
Br62_rep1_Dep6_Tu20,15.664,6.742,0.000,5.368,21.726,39.942,0.000,0.000,1.473,0.000,1.900,7.184,0.000
Br62_rep4_Dep6_Tu2,0.000,17.152,0.000,0.234,1.523,55.891,0.000,0.000,6.157,0.000,10.555,8.085,0.402
Br62_rep8_Dep6_Tu3,0.663,3.233,0.000,1.186,5.423,60.030,0.000,0.000,1.529,0.000,15.747,12.190,0.000
Br62_rep2_Dep6_Tu5,4.485,3.671,0.000,1.702,2.950,57.900,0.000,0.000,0.000,0.000,16.427,12.863,0.000
Br62_rep2_Dep6_Tu1,0.000,15.836,0.493,0.000,3.414,54.524,0.000,8.003,1.287,0.000,3.283,13.161,0.000
Br62_rep8_Dep6_Tu1,0.000,13.668,0.000,0.093,3.250,57.299,0.000,0.000,0.000,0.000,16.982,8.708,0.000
Br62_rep10_Dep6_Tu0.1,0.000,11.568,0.000,0.000,0.341,55.871,0.000,0.070,3.295,0.000,11.788,5.292,11.774
Br62_rep3_Dep6_Tu40,38.201,5.459,0.000,18.455,0.000,30.402,0.000,0.000,0.000,0.000,0.000,7.483,0.000
Br62_rep8_Dep6_Tu0.3,0.000,13.023,0.000,0.123,0.367,69.684,0.000,0.000,0.000,0.000,1.710,15.092,0.000
Br62_rep4_Dep6_Tu0.5,0.000,14.371,0.000,0.000,3.187,49.957,0.000,0.000,5.046,0.000,13.151,4.719,9.570
Br62_rep6_Dep6_Tu50,39.528,5.773,0.000,15.963,0.000,19.295,0.000,0.000,4.799,0.000,0.000,14.642,0.000
Br62_rep7_Dep6_Tu0.1,0.000,15.194,0.000,0.000,1.702,59.940,0.000,4.271,0.000,0.000,0.298,18.351,0.244
Br62_rep9_Dep6_Tu30,37.213,9.744,0.000,4.376,1.026,31.904,0.000,0.000,0.000,0.000,9.506,6.231,0.000
Br62_rep6_Dep6_Tu20,15.029,9.731,0.000,8.156,3.323,44.516,0.000,0.000,8.063,0.000,0.153,11.028,0.000
Br62_rep5_Dep6_Tu5,1.269,10.669,0.000,0.719,14.621,49.237,0.000,1.526,5.721,0.000,4.261,8.723,3.254
Br62_rep4_Dep6_Tu40,37.497,4.215,0.000,16.071,0.000,28.457,0.000,0.000,0.000,0.000,0.000,13.759,0.000
Br62_rep8_Dep6_Tu0.1,0.000,10.373,0.000,0.000,8.924,54.080,0.071,2.511,2.571,0.000,8.403,6.602,6.464
Br62_rep1_Dep6_Tu40,39.047,1.709,0.000,12.312,0.000,30.075,0.000,0.000,11.133,0.000,0.000,5.724,0.000
Br62_rep3_Dep6_Tu30,31.601,11.151,0.000,10.315,1.332,36.504,0.000,0.000,0.000,0.000,0.000,9.097,0.000
Br62_rep7_Dep6_Tu0.5,0.000,12.988,0.000,0.000,1.751,58.227,0.000,0.000,10.131,0.000,0.080,16.823,0.000
Br62_rep1_Dep6_Tu10,0.300,16.743,0.000,3.301,6.395,40.518,0.000,0.583,0.236,0.000,9.817,11.097,11.009
Br62_rep10_Dep6_Tu20,26.846,7.147,0.000,0.500,0.000,41.407,0.000,0.569,11.056,0.000,3.609,2.760,6.105
Br62_rep1_Dep6_Tu5,5.686,10.003,0.000,1.150,1.610,56.418,0.000,0.801,5.641,0.000,0.000,11.952,6.737
Br62_rep3_Dep6_Tu50,40.143,10.733,0.000,15.624,0.000,23.324,0.000,0.000,0.000,0.000,0.000,10.176,0.000
Br62_rep1_Dep6_Tu3,0.981,18.906,0.000,0.865,0.481,56.502,0.000,0.000,0.000,0.000,1.220,10.821,10.223
Br62_rep7_Dep6_Tu30,35.286,2.037,3.029,5.579,0.000,39.221,0.000,0.000,0.000,0.000,0.000,14.848,0.000
Br62_rep6_Dep6_Tu1,0.000,8.366,0.000,0.012,0.177,58.126,0.000,0.000,0.000,20.433,2.223,9.346,1.317
Br62_rep1_Dep6_Tu0.5,0.000,11.439,0.000,0.000,1.869,58.941,0.000,0.064,0.687,0.000,0.000,12.851,14.148
Br62_rep1_Dep6_Tu0.1,0.000,9.101,0.000,0.078,0.204,69.855,0.000,0.000,0.000,0.000,1.352,15.861,3.549
Br62_rep9_Dep6_Tu3,0.000,8.210,0.000,0.327,4.106,58.883,0.000,0.701,0.181,0.000,14.780,7.765,5.047
Br62_rep5_Dep6_Tu40,34.784,2.654,0.000,19.794,0.000,31.986,0.000,0.000,0.130,0.000,0.894,9.758,0.000
Br62_rep10_Dep6_Tu3,0.918,10.341,0.441,0.847,1.248,65.522,0.000,0.000,0.000,0.000,0.000,20.683,0.000
Br62_rep2_Dep6_Tu0.3,0.000,5.013,0.000,0.000,3.517,61.162,0.000,0.000,1.288,0.000,15.991,13.029,0.000
Br62_rep10_Dep6_Tu40,39.287,8.902,0.000,10.243,0.000,28.542,0.000,0.000,0.000,0.000,0.000,13.025,0.000
Br62_rep3_Dep6_Tu2,0.000,18.219,0.071,0.065,5.729,54.408,0.000,0.000,1.104,0.000,0.521,8.821,11.062
Br62_rep5_Dep6_Tu1,0.117,11.584,0.000,0.018,1.148,50.890,0.000,1.749,8.244,0.000,2.229,15.731,8.290
Br62_rep4_Dep6_Tu1,0.000,15.539,0.000,0.011,7.100,46.867,0.331,0.000,0.936,0.000,11.339,7.147,10.731
Br62_rep10_Dep6_Tu0.5,0.000,16.547,0.000,0.000,6.538,46.185,0.000,0.000,0.817,0.000,9.893,8.884,11.134
Br62_rep5_Dep6_Tu20,24.136,9.481,0.000,8.884,0.000,39.422,0.000,0.000,9.527,0.000,5.913,2.635,0.000
Br62_rep6_Dep6_Tu0.3,0.000,12.671,0.000,0.000,0.279,55.539,0.000,0.000,1.262,0.000,16.122,9.298,4.829
Br62_rep9_Dep6_Tu0.3,0.000,13.059,0.000,0.019,0.378,69.755,0.000,0.000,0.000,0.000,1.549,15.240,0.000
Br62_rep2_Dep6_Tu20,25.915,6.805,0.000,3.512,3.447,41.868,0.000,0.000,0.660,0.000,0.000,8.949,8.844
Br62_rep6_Dep6_Tu0.5,0.000,12.719,0.000,0.000,1.293,54.701,0.000,0.000,10.088,0.000,6.753,7.171,7.275
Br62_rep8_Dep6_Tu10,3.608,6.501,10.096,0.243,3.623,48.824,0.000,4.555,10.652,0.000,1.680,3.990,6.228
Br62_rep2_Dep6_Tu0.1,0.000,9.886,0.000,0.000,0.404,58.067,0.000,0.000,8.873,0.000,10.020,12.691,0.060
Br62_rep5_Dep6_Tu10,13.962,6.969,0.000,5.672,12.201,46.450,0.000,0.000,0.000,0.000,0.000,12.383,2.363
Br62_rep10_Dep6_Tu10,7.483,8.215,0.000,0.824,13.671,45.246,0.000,8.581,0.286,0.000,2.195,9.823,3.677
Br62_rep4_Dep6_Tu10,7.166,12.549,0.000,5.560,0.000,55.480,0.000,0.000,0.000,0.000,0.000,19.245,0.000
Br62_rep3_Dep6_Tu0.1,0.000,14.090,0.000,0.000,5.419,56.738,0.000,0.015,0.000,0.000,11.806,9.819,2.113
Br62_rep2_Dep6_Tu50,50.183,0.661,0.000,12.771,0.000,25.149,0.000,0.000,0.000,0.000,0.000,11.235,0.000
Br62_rep9_Dep6_Tu10,9.053,10.906,0.000,5.799,0.975,50.972,0.000,1.108,0.000,0.000,11.817,7.020,2.352
Br62_rep5_Dep6_Tu0.3,0.000,16.014,0.000,0.000,10.635,47.969,5.656,0.000,7.435,0.000,5.101,7.190,0.000
Br62_rep8_Dep6_Tu50,37.914,2.848,0.000,22.151,0.000,21.302,0.000,0.000,5.043,0.000,0.000,10.743,0.000
Br62_rep4_Dep6_Tu0.3,0.000,12.783,0.000,0.000,0.569,60.111,0.000,0.000,0.000,5.399,2.663,13.008,5.467
Br62_rep7_Dep6_Tu1,0.138,18.793,0.000,0.137,0.292,62.115,0.000,0.000,0.328,0.000,2.717,15.479,0.000
Br62_rep3_Dep6_Tu0.5,0.000,12.786,0.000,0.000,0.343,55.540,0.000,0.000,1.210,0.000,16.116,9.169,4.835
Br62_rep7_Dep6_Tu40,35.757,6.312,0.000,12.720,6.535,27.196,0.000,0.000,0.000,0.000,0.000,11.479,0.000
Br62_rep2_Dep6_Tu3,0.000,14.159,0.000,0.249,2.059,55.495,0.000,8.625,0.000,0.000,6.721,12.692,0.000
Br62_rep2_Dep6_Tu0.5,0.000,13.430,0.005,0.019,0.397,67.044,0.000,0.000,0.000,0.000,0.547,18.558,0.000
Br62_rep1_Dep6_Tu50,37.310,3.282,0.000,18.090,0.000,26.480,0.000,0.000,0.000,0.000,0.000,14.837,0.000
Br62_rep3_Dep6_Tu3,1.163,11.345,4.203,0.144,0.198,59.801,0.000,1.278,0.604,0.000,5.299,15.965,0.000
Br62_rep7_Dep6_Tu3,0.000,12.846,0.000,0.319,14.114,49.965,0.000,0.000,1.671,0.000,7.591,8.796,4.696
Br62_rep3_Dep6_Tu0.3,0.000,9.867,0.000,0.000,2.029,58.855,0.000,0.000,1.107,0.000,0.079,12.834,15.228
Br62_rep8_Dep6_Tu30,38.887,5.945,0.000,5.028,0.000,37.767,0.000,0.000,0.000,0.000,0.000,12.372,0.000
Br62_rep4_Dep6_Tu30,30.743,0.658,0.000,14.965,0.000,38.756,0.000,0.000,0.000,0.000,0.000,14.878,0.000
Br62_rep6_Dep6_Tu3,0.000,14.125,0.000,1.143,4.131,58.692,0.000,0.014,1.021,0.000,0.000,9.027,11.848
Br62_rep4_Dep6_Tu0.1,0.000,14.676,0.000,0.000,1.993,58.460,0.000,3.721,0.000,0.000,1.787,9.731,9.632
Br62_rep8_Dep6_Tu5,0.445,12.959,0.000,0.327,17.763,47.706,0.000,0.000,5.276,0.000,3.595,8.120,3.809
Br62_rep10_Dep6_Tu50,27.835,4.658,29.746,9.927,0.000,14.777,0.000,0.000,0.000,0.000,0.000,13.057,0.000
Br62_rep10_Dep6_Tu0.3,0.000,9.011,0.000,0.000,14.372,55.773,0.000,0.000,11.975,0.000,1.332,7.488,0.050
Br62_rep3_Dep6_Tu20,29.906,6.915,0.000,4.390,0.000,48.998,0.000,0.000,0.000,0.000,0.000,9.791,0.000
Br62_rep1_Dep6_Tu1,0.000,14.286,0.000,0.000,0.257,52.077,0.000,0.000,8.638,0.000,8.697,7.182,8.863
Br62_rep3_Dep6_Tu1,0.000,15.232,0.000,0.000,1.644,57.014,0.000,0.000,0.000,0.000,12.620,8.746,4.744
Br62_rep9_Dep6_Tu2,0.000,15.467,0.000,1.356,4.674,56.184,0.000,0.000,0.000,0.000,1.810,20.509,0.000
Br62_rep7_Dep6_Tu50,45.455,7.049,0.000,13.054,0.000,23.343,0.000,0.000,0.000,0.000,0.000,11.098,0.000
Br62_rep7_Dep6_Tu5,0.338,10.379,0.071,1.449,7.053,53.342,0.000,4.888,0.053,0.000,0.875,12.063,9.488
Br62_rep8_Dep6_Tu2,1.351,13.151,0.000,0.220,5.934,54.562,0.000,1.322,0.000,0.000,13.896,5.916,3.649
Br62_rep5_Dep6_Tu0.1,0.000,14.831,0.000,0.041,0.093,63.805,0.000,0.000,0.000,0.000,0.000,17.675,3.554
Br62_rep6_Dep6_Tu5,0.000,9.291,0.000,1.162,3.622,59.576,0.000,0.000,3.493,0.000,0.215,13.149,9.491
Br62_rep9_Dep6_Tu20,21.332,6.851,0.000,6.829,0.000,41.298,0.000,0.291,0.000,0.000,0.000,11.804,11.596
Br62_rep2_Dep6_Tu30,32.757,2.018,0.000,13.275,0.000,43.000,0.000,0.000,0.000,0.000,0.000,8.950,0.000
Br62_rep7_Dep6_Tu10,12.415,10.947,0.000,0.519,3.822,54.173,0.000,7.884,0.000,0.000,0.162,9.871,0.207
Br62_rep6_Dep6_Tu0.1,0.000,16.381,0.000,0.000,0.304,57.782,0.000,0.161,3.651,0.000,0.000,9.270,12.450
Br62_rep5_Dep6_Tu50,38.174,6.028,15.974,9.141,0.000,25.301,0.000,0.000,0.000,0.000,0.000,5.381,0.000
Br62_rep10_Dep6_Tu1,0.000,8.025,0.000,0.002,3.765,51.007,0.000,0.000,5.062,0.000,10.598,10.649,10.891
Br62_rep1_Dep6_Tu30,25.092,5.317,0.000,13.945,0.000,39.076,0.000,0.000,0.000,0.000,0.000,16.569,0.000
Br62_rep7_Dep6_Tu0.3,0.000,12.588,0.000,0.696,0.131,63.874,0.000,0.000,0.000,0.000,0.000,22.711,0.000
Br62_rep2_Dep6_Tu10,2.599,12.717,0.000,6.463,0.101,57.201,0.000,0.000,0.000,0.000,0.643,20.276,0.000
Br62_rep9_Dep6_Tu0.1,0.000,11.637,0.000,0.000,3.382,49.671,0.000,0.027,6.039,0.000,9.521,7.772,11.951
Br62_rep3_Dep6_Tu10,2.498,13.671,0.000,5.883,4.869,48.495,0.000,8.497,0.710,0.000,0.461,10.067,4.849
Br62_rep4_Dep6_Tu5,0.195,10.695,0.000,0.204,10.366,43.816,20.154,2.178,0.000,0.000,3.375,7.602,1.414
Br62_rep8_Dep6_Tu20,18.210,5.372,0.000,9.650,6.877,44.079,0.000,1.840,5.283,0.000,0.000,8.690,0.000
Br62_rep1_Dep6_Tu2,1.546,11.723,0.000,0.756,0.100,61.755,0.000,0.000,0.044,0.000,3.766,17.997,2.312
Br62_rep10_Dep6_Tu5,6.321,10.351,0.000,0.273,0.541,57.050,0.000,0.000,14.379,0.000,1.437,9.120,0.528
Br62_rep10_Dep6_Tu30,26.254,10.925,1.416,7.740,0.455,40.487,0.000,0.000,0.000,0.000,0.000,12.722,0.000
Br62_rep6_Dep6_Tu2,0.000,9.227,0.000,0.024,14.657,55.214,0.000,0.000,11.719,0.000,1.590,7.565,0.003
Br62_rep4_Dep6_Tu3,0.000,7.529,0.000,0.395,6.470,57.329,0.000,0.293,4.772,0.000,11.719,11.286,0.207
