Sample,BRCA,CEAD,CESC,COAD,OV,READ,bcell,cd4tcell,cd8tcell,erythroblast,monocyte,naturalkillercell,neutrophil
Br62_rep5_Dep6_Tu0.5,0.000,0.000,0.000,0.000,3.746,0.000,3.010,0.888,0.000,10.768,10.127,4.966,66.495
Br62_rep5_Dep6_Tu3,0.529,0.000,0.000,1.686,10.734,0.000,0.984,0.000,0.000,16.021,7.670,3.534,58.844
Br62_rep6_Dep6_Tu30,25.328,0.000,0.000,9.944,1.103,0.000,2.159,0.000,0.000,12.906,8.764,2.704,37.092
Br62_rep7_Dep6_Tu20,13.173,0.000,0.000,7.273,6.482,0.000,1.389,0.000,0.000,13.862,10.011,1.749,46.060
Br62_rep2_Dep6_Tu40,31.788,0.000,0.000,12.131,0.000,0.000,2.283,0.000,0.000,11.785,5.346,0.000,36.668
Br62_rep8_Dep6_Tu0.5,0.000,0.000,0.000,0.000,8.445,0.000,4.782,0.000,2.775,11.918,9.643,1.843,60.596
Br62_rep5_Dep6_Tu2,0.000,0.000,0.000,0.000,9.445,0.428,1.100,0.000,4.494,13.413,8.688,3.883,58.549
Br62_rep4_Dep6_Tu50,36.968,0.000,0.000,13.769,3.449,0.000,0.000,0.000,1.512,15.002,4.460,0.251,24.589
Br62_rep8_Dep6_Tu40,26.851,0.000,0.000,11.779,7.139,0.000,0.300,3.024,0.000,14.644,6.309,0.622,29.331
Br62_rep7_Dep6_Tu2,0.000,0.000,1.503,0.000,2.089,0.392,3.758,0.000,1.615,15.502,9.285,2.784,63.071
Br62_rep9_Dep6_Tu40,32.607,0.000,0.000,11.571,2.059,0.000,0.000,1.131,0.000,10.874,8.202,0.000,33.556
Br62_rep10_Dep6_Tu2,0.000,0.000,0.000,1.077,6.874,0.000,0.000,1.419,0.000,14.896,12.540,3.681,59.514
Br62_rep6_Dep6_Tu10,3.846,0.000,0.000,5.252,7.424,0.000,0.000,0.000,1.701,12.174,10.673,4.602,54.327
Br62_rep2_Dep6_Tu2,0.015,0.000,1.399,0.347,5.257,0.726,1.505,0.000,1.586,16.983,13.456,0.112,58.614
Br62_rep9_Dep6_Tu5,3.996,0.000,0.000,0.000,1.003,0.000,5.317,0.645,1.902,16.826,10.819,3.779,55.714
Br62_rep6_Dep6_Tu40,26.632,0.000,0.000,10.768,7.049,0.000,0.000,0.000,0.000,17.548,8.217,0.000,29.785
Br62_rep4_Dep6_Tu20,13.832,0.000,0.000,7.908,9.804,0.000,1.765,1.702,0.581,8.833,10.036,1.986,43.552
Br62_rep9_Dep6_Tu1,0.618,0.000,0.000,0.000,5.167,0.000,3.593,0.000,0.000,14.558,12.752,1.672,61.640
Br62_rep1_Dep6_Tu0.3,0.000,0.000,0.728,0.000,0.662,0.000,2.790,0.000,0.000,15.597,14.573,3.970,61.680
Br62_rep3_Dep6_Tu5,4.131,0.000,0.000,2.201,2.400,0.000,2.025,0.000,0.554,20.022,6.624,1.347,60.696
Br62_rep9_Dep6_Tu50,34.828,0.000,0.000,12.778,3.735,0.000,0.000,0.000,0.000,14.650,3.985,0.000,30.024
Br62_rep5_Dep6_Tu30,21.636,0.000,2.682,5.875,4.626,0.000,0.320,0.000,1.909,17.199,4.470,0.000,41.284
Br62_rep9_Dep6_Tu0.5,0.000,0.000,0.000,0.000,5.592,0.000,1.810,0.964,0.000,14.272,13.570,4.598,59.195
Br62_rep1_Dep6_Tu20,15.410,0.000,0.000,4.156,7.291,0.000,0.000,0.000,3.969,15.119,5.911,1.792,46.352
Br62_rep4_Dep6_Tu2,0.000,0.000,0.000,0.000,8.829,0.000,2.181,0.000,1.141,13.343,12.142,3.525,58.840
Br62_rep8_Dep6_Tu3,0.674,0.836,0.000,2.538,8.219,0.000,0.000,0.000,2.605,13.925,7.135,2.834,61.233
Br62_rep2_Dep6_Tu5,4.753,0.000,0.000,3.874,4.083,0.000,0.784,0.217,0.000,16.977,6.114,3.404,59.796
Br62_rep2_Dep6_Tu1,0.000,0.000,1.615,0.000,7.600,0.000,0.000,0.017,0.000,15.073,12.570,4.479,58.646
Br62_rep8_Dep6_Tu1,0.000,0.000,0.000,0.000,5.502,0.000,0.000,0.000,0.000,16.415,13.521,4.861,59.701
Br62_rep10_Dep6_Tu0.1,0.471,0.000,0.000,0.000,3.734,0.000,4.033,0.000,0.532,14.052,9.155,5.345,62.678
Br62_rep3_Dep6_Tu40,28.580,0.000,0.000,13.290,5.047,0.000,0.000,0.000,0.000,12.249,6.546,2.480,31.808
Br62_rep8_Dep6_Tu0.3,0.000,0.000,0.000,0.000,5.256,0.000,0.000,0.000,0.000,12.794,12.889,3.195,65.865
Br62_rep4_Dep6_Tu0.5,0.000,0.000,0.000,0.000,3.311,0.242,5.108,0.000,0.347,16.474,10.621,3.603,60.292
Br62_rep6_Dep6_Tu50,33.016,0.000,0.000,11.109,0.937,0.000,0.000,0.000,4.668,19.159,6.858,0.000,24.253
Br62_rep7_Dep6_Tu0.1,0.000,0.000,0.000,0.000,7.160,0.000,1.704,0.354,0.000,14.575,13.969,2.982,59.256
Br62_rep9_Dep6_Tu30,24.575,0.000,0.000,5.901,1.813,0.000,1.037,0.000,0.000,15.154,10.866,2.686,37.969
Br62_rep6_Dep6_Tu20,13.990,0.000,0.000,3.996,4.833,0.000,0.161,0.000,8.337,11.653,9.182,0.446,47.402
Br62_rep5_Dep6_Tu5,0.769,0.000,0.000,1.985,7.011,0.000,4.827,1.044,2.390,15.885,10.272,3.929,51.888
Br62_rep4_Dep6_Tu40,29.381,0.000,0.000,14.190,2.168,0.000,0.000,0.000,0.000,15.393,4.354,0.866,33.649
Br62_rep8_Dep6_Tu0.1,0.000,0.000,0.000,0.000,7.050,0.000,6.546,0.264,1.987,11.551,8.715,5.214,58.672
Br62_rep1_Dep6_Tu40,29.938,0.000,0.000,15.732,0.000,0.000,0.000,0.000,2.059,15.377,2.982,0.000,33.912
Br62_rep3_Dep6_Tu30,23.165,0.000,0.000,9.933,2.980,0.000,0.184,0.000,0.000,15.586,5.557,0.324,42.270
Br62_rep7_Dep6_Tu0.5,0.000,0.000,0.000,0.000,8.122,0.000,0.864,0.000,3.893,15.577,10.100,2.202,59.243
Br62_rep1_Dep6_Tu10,3.256,0.000,0.000,3.928,4.832,0.000,5.896,0.000,0.163,17.577,11.024,5.024,48.300
Br62_rep10_Dep6_Tu20,20.036,0.000,0.964,1.631,0.000,0.000,6.029,0.962,2.296,10.703,6.152,0.054,51.171
Br62_rep1_Dep6_Tu5,3.748,0.000,0.000,0.901,6.506,0.000,3.094,0.000,1.971,13.649,9.942,2.102,58.088
Br62_rep3_Dep6_Tu50,34.306,0.000,0.000,11.342,6.172,0.000,0.000,0.000,0.000,14.241,5.123,0.000,28.816
Br62_rep1_Dep6_Tu3,3.360,0.000,0.000,0.000,2.872,0.816,1.061,0.000,0.000,15.129,14.048,4.415,58.299
Br62_rep7_Dep6_Tu30,25.577,0.000,2.149,6.351,0.417,0.000,0.000,0.000,0.000,15.752,2.034,0.412,47.308
Br62_rep6_Dep6_Tu1,0.000,1.866,0.000,0.000,1.697,0.000,4.850,0.000,0.000,17.249,7.188,3.351,63.799
Br62_rep1_Dep6_Tu0.5,0.000,0.000,0.000,0.000,7.144,0.000,3.201,0.000,1.841,15.336,9.516,1.160,61.801
Br62_rep1_Dep6_Tu0.1,0.000,0.000,0.000,0.000,3.647,0.000,2.006,0.000,1.992,14.220,7.672,1.629,68.833
Br62_rep9_Dep6_Tu3,0.000,0.000,0.000,0.000,7.812,0.000,2.692,1.726,2.196,14.363,10.791,4.435,55.985
Br62_rep5_Dep6_Tu40,27.537,0.000,0.000,13.134,2.951,0.000,1.497,1.470,0.000,12.412,2.304,1.960,36.736
Br62_rep10_Dep6_Tu3,2.934,0.000,0.866,0.000,7.194,0.000,1.545,0.000,0.000,13.582,10.305,1.560,62.014
Br62_rep2_Dep6_Tu0.3,0.000,0.945,0.000,0.000,6.915,0.000,1.675,0.937,1.134,14.410,7.159,2.953,63.872
Br62_rep10_Dep6_Tu40,29.635,0.000,0.000,9.336,2.929,0.000,2.206,0.000,0.856,14.082,9.886,0.635,30.435
Br62_rep3_Dep6_Tu2,0.000,0.000,0.000,0.000,5.152,0.000,4.437,0.000,0.000,12.854,13.191,3.435,60.931
Br62_rep5_Dep6_Tu1,1.218,0.000,0.000,0.000,1.143,0.000,4.744,0.628,2.718,16.920,11.996,3.460,57.173
Br62_rep4_Dep6_Tu1,0.000,0.000,0.000,0.000,5.612,0.000,6.373,0.000,0.661,15.441,13.025,3.550,55.337
Br62_rep10_Dep6_Tu0.5,0.000,0.000,0.000,0.000,4.723,0.000,6.618,0.000,0.976,16.600,11.953,4.678,54.452
Br62_rep5_Dep6_Tu20,16.149,1.936,0.000,6.724,3.946,0.000,2.144,0.000,0.523,12.514,6.892,1.094,48.079
Br62_rep6_Dep6_Tu0.3,0.000,0.000,0.000,0.000,2.991,0.000,4.827,0.000,3.268,14.924,13.575,3.849,56.566
Br62_rep9_Dep6_Tu0.3,0.269,0.000,0.000,0.000,4.608,0.000,0.000,0.000,0.087,13.329,12.923,2.884,65.900
Br62_rep2_Dep6_Tu20,14.550,0.000,0.000,4.868,4.848,0.135,3.919,0.000,2.770,16.342,5.330,0.000,47.238
Br62_rep6_Dep6_Tu0.5,0.000,0.000,0.000,0.000,4.933,0.000,4.271,0.000,3.763,14.615,10.547,1.826,60.044
Br62_rep8_Dep6_Tu10,7.449,0.477,2.739,1.240,0.149,0.000,5.782,1.189,4.474,10.729,6.421,1.150,58.201
Br62_rep2_Dep6_Tu0.1,0.076,0.000,0.000,0.000,4.244,0.000,2.281,0.434,3.507,16.423,9.240,4.986,58.810
Br62_rep5_Dep6_Tu10,7.424,0.000,0.000,4.982,1.497,0.000,4.338,0.506,0.762,19.652,11.312,1.232,48.295
Br62_rep10_Dep6_Tu10,6.910,0.000,0.000,1.857,10.604,0.000,3.532,1.292,1.377,13.398,9.383,2.427,49.221
Br62_rep4_Dep6_Tu10,4.041,0.000,0.000,3.594,2.619,0.000,0.000,0.000,0.000,20.290,12.651,0.511,56.294
Br62_rep3_Dep6_Tu0.1,0.000,0.000,0.000,0.000,9.342,0.000,1.406,0.144,0.000,13.942,15.287,3.119,56.761
Br62_rep2_Dep6_Tu50,39.991,0.000,0.000,10.801,2.350,0.000,0.000,0.579,0.000,13.323,3.102,0.000,29.854
Br62_rep9_Dep6_Tu10,7.454,0.000,0.000,5.159,1.403,0.000,4.839,0.000,0.000,13.947,11.906,1.974,53.317
Br62_rep5_Dep6_Tu0.3,0.000,0.788,0.000,0.000,5.114,1.658,2.606,0.000,4.019,13.572,12.925,4.580,54.738
Br62_rep8_Dep6_Tu50,33.080,0.000,0.000,18.161,7.441,0.000,2.339,0.000,0.000,11.106,3.747,0.000,24.126
Br62_rep4_Dep6_Tu0.3,0.000,0.000,0.000,0.000,3.174,0.000,2.512,0.000,0.000,17.126,11.042,2.441,63.704
Br62_rep7_Dep6_Tu1,0.000,0.000,0.000,0.000,2.071,0.000,2.639,0.000,1.180,13.202,13.782,4.969,62.157
Br62_rep3_Dep6_Tu0.5,0.000,0.000,0.000,0.000,3.173,0.000,4.941,0.000,2.944,14.982,13.682,3.914,56.362
Br62_rep7_Dep6_Tu40,30.791,0.000,0.000,10.950,1.947,0.000,2.119,0.000,0.000,14.938,6.055,1.143,32.056
Br62_rep2_Dep6_Tu3,0.000,0.000,0.000,0.000,9.442,0.000,0.116,1.894,0.000,14.811,13.271,6.394,54.072
Br62_rep2_Dep6_Tu0.5,0.000,0.000,0.000,0.000,4.391,0.000,0.753,0.237,0.089,16.796,13.723,1.525,62.486
Br62_rep1_Dep6_Tu50,30.778,0.000,0.000,16.052,0.000,0.000,0.000,2.087,0.000,19.668,3.071,0.052,28.291
Br62_rep3_Dep6_Tu3,2.954,0.000,2.376,0.000,3.014,0.000,1.449,1.885,0.072,14.047,10.431,5.922,57.850
Br62_rep7_Dep6_Tu3,0.000,0.000,0.000,0.224,9.427,0.000,4.512,0.000,0.000,16.111,11.081,4.646,54.000
Br62_rep3_Dep6_Tu0.3,0.000,0.000,0.000,0.000,8.732,0.000,4.926,0.000,2.940,11.188,9.765,1.762,60.686
Br62_rep8_Dep6_Tu30,28.562,0.000,0.000,5.417,2.997,0.000,0.839,0.000,0.000,16.062,4.945,0.000,41.178
Br62_rep4_Dep6_Tu30,26.674,0.000,0.000,9.931,0.317,0.000,0.000,2.019,1.689,13.105,4.431,0.000,41.834
Br62_rep6_Dep6_Tu3,0.000,0.000,0.000,0.000,7.059,0.000,4.389,0.000,1.863,14.550,12.944,0.000,59.194
Br62_rep4_Dep6_Tu0.1,0.000,0.000,0.000,0.000,4.674,0.000,2.094,0.000,0.000,15.638,12.723,2.620,62.250
Br62_rep8_Dep6_Tu5,2.665,0.000,0.000,0.000,6.667,0.000,4.151,0.000,2.838,16.103,10.021,1.925,55.629
Br62_rep10_Dep6_Tu50,34.556,5.764,0.000,13.823,2.608,0.000,0.174,0.000,0.000,17.071,5.508,0.000,20.496
Br62_rep10_Dep6_Tu0.3,0.000,0.000,0.000,0.000,9.500,1.397,0.199,0.000,6.099,14.002,8.148,0.121,60.533
Br62_rep3_Dep6_Tu20,18.193,0.000,0.000,4.229,1.668,0.000,0.000,0.000,1.684,14.285,8.489,0.000,51.452
Br62_rep1_Dep6_Tu1,0.000,0.000,0.000,0.000,3.541,0.000,3.577,0.000,1.559,15.051,12.255,4.834,59.183
Br62_rep3_Dep6_Tu1,0.000,0.000,0.000,0.000,5.294,0.000,2.946,0.000,0.000,13.856,13.203,5.143,59.559
Br62_rep9_Dep6_Tu2,0.000,0.000,0.000,0.000,5.991,0.000,2.577,0.000,0.000,21.212,10.739,3.252,56.229
Br62_rep7_Dep6_Tu50,38.155,0.691,0.000,13.287,1.735,0.000,0.022,0.000,0.000,12.828,6.465,0.871,25.947
Br62_rep7_Dep6_Tu5,4.594,0.000,0.000,1.001,5.152,0.000,2.919,0.744,1.182,14.659,9.301,1.151,59.298
Br62_rep8_Dep6_Tu2,1.399,0.000,0.000,0.000,4.613,0.000,4.430,0.000,0.000,14.581,11.279,4.020,59.677
Br62_rep5_Dep6_Tu0.1,0.000,0.000,0.000,0.000,5.233,0.000,3.628,0.039,0.000,14.962,13.321,0.236,62.580
Br62_rep6_Dep6_Tu5,1.302,0.000,1.094,2.025,4.359,0.000,3.122,0.000,2.152,13.347,9.813,2.655,60.132
Br62_rep9_Dep6_Tu20,15.892,0.000,0.000,7.080,1.801,0.000,3.730,0.000,1.273,17.023,5.009,1.185,47.007
Br62_rep2_Dep6_Tu30,25.670,0.000,0.000,12.302,0.000,0.000,0.000,0.000,0.000,10.524,4.947,0.000,46.557
Br62_rep7_Dep6_Tu10,7.411,0.000,0.000,0.558,6.804,0.000,2.214,1.282,0.000,12.704,12.158,2.615,54.255
Br62_rep6_Dep6_Tu0.1,0.000,0.000,0.000,0.000,4.115,0.000,2.866,0.000,3.838,13.064,15.113,0.000,61.003
Br62_rep5_Dep6_Tu50,37.687,0.000,4.398,10.229,0.000,0.000,0.000,0.000,0.047,12.968,4.594,0.000,30.078
Br62_rep10_Dep6_Tu1,0.000,0.000,0.000,0.000,8.811,0.000,3.607,0.000,0.000,16.691,11.508,4.344,55.039
Br62_rep1_Dep6_Tu30,20.590,0.000,0.000,10.507,1.515,0.000,0.087,0.000,1.077,15.012,8.139,1.984,41.089
Br62_rep7_Dep6_Tu0.3,0.000,0.000,0.000,0.000,3.459,0.000,0.000,0.000,0.000,20.508,12.006,1.874,62.153
Br62_rep2_Dep6_Tu10,4.827,0.000,0.000,3.062,5.365,0.000,0.206,0.134,0.000,15.644,11.748,4.021,54.992
Br62_rep9_Dep6_Tu0.1,0.000,0.000,0.000,0.000,9.650,0.000,3.522,0.000,1.082,15.892,11.360,2.626,55.867
Br62_rep3_Dep6_Tu10,6.923,0.000,0.000,3.778,4.338,2.893,0.335,0.000,2.574,16.936,9.726,0.000,52.496
Br62_rep4_Dep6_Tu5,0.798,0.000,0.000,0.975,9.624,1.181,3.942,2.579,1.036,15.189,9.818,2.360,52.499
Br62_rep8_Dep6_Tu20,15.027,0.000,0.000,5.525,9.101,0.000,0.000,4.893,0.815,10.754,5.400,0.000,48.486
Br62_rep1_Dep6_Tu2,2.566,0.000,0.000,0.000,7.878,0.000,2.301,0.636,0.603,14.526,12.264,1.875,57.352
Br62_rep10_Dep6_Tu5,4.707,0.000,0.000,0.000,2.225,0.000,3.465,0.000,5.271,14.305,10.386,2.006,57.636
Br62_rep10_Dep6_Tu30,18.605,0.000,0.000,5.129,5.525,0.000,0.000,0.000,2.748,17.843,7.362,0.000,42.788
Br62_rep6_Dep6_Tu2,0.000,0.000,0.000,0.000,9.438,1.305,0.202,0.000,6.457,14.640,8.416,0.514,59.029
Br62_rep4_Dep6_Tu3,0.000,0.000,0.000,0.100,6.570,0.000,2.756,1.817,0.008,16.770,10.828,2.823,58.330
