Sample,BRCA,CEAD,CESC,COAD,OV,READ,bcell,cd4tcell,cd8tcell,erythroblast,monocyte,naturalkillercell,neutrophil
Ov79_rep2_Dep6_Tu5,0.001,73.071,1.348,0.000,0.050,0.000,0.070,0.425,0.646,0.386,2.760,0.106,21.138
Ov79_rep8_Dep6_Tu30,0.031,53.526,23.234,0.000,1.475,2.537,0.295,1.067,0.297,1.375,3.733,0.635,11.794
Ov79_rep6_Dep6_Tu0.3,0.000,71.926,0.000,0.000,0.000,0.000,0.024,0.425,0.970,0.040,4.628,0.083,21.904
Ov79_rep1_Dep6_Tu3,0.000,71.750,0.000,0.000,0.000,0.000,0.012,0.676,0.589,0.019,4.954,0.058,21.942
Ov79_rep1_Dep6_Tu50,0.124,36.049,38.689,0.004,2.687,4.853,0.284,1.294,1.773,0.042,5.029,0.545,8.628
Ov79_rep7_Dep6_Tu50,0.023,35.925,40.341,0.000,2.178,4.292,0.261,1.057,0.695,1.789,4.360,0.415,8.662
Ov79_rep4_Dep6_Tu50,0.053,34.759,37.671,0.000,2.956,4.961,0.202,0.971,1.255,1.342,6.145,0.643,9.041
Ov79_rep2_Dep6_Tu3,0.000,71.781,0.000,0.000,0.000,0.000,0.031,0.150,1.224,0.111,3.740,0.084,22.880
Ov79_rep7_Dep6_Tu1,0.000,72.903,0.000,0.000,0.000,0.000,0.030,0.416,0.577,0.018,4.504,0.061,21.492
Ov79_rep9_Dep6_Tu5,0.001,74.744,1.203,0.002,0.105,0.000,0.129,0.829,0.853,0.023,4.928,0.029,17.155
Ov79_rep3_Dep6_Tu1,0.000,71.816,0.000,0.000,0.000,0.000,0.022,0.617,0.437,0.041,3.915,0.097,23.056
Ov79_rep5_Dep6_Tu3,0.000,72.661,0.000,0.000,0.000,0.000,0.015,0.003,0.958,0.050,2.966,0.021,23.326
Ov79_rep10_Dep6_Tu0.3,0.000,71.178,0.000,0.000,0.000,0.000,0.006,0.673,0.546,0.025,4.649,0.073,22.850
Ov79_rep8_Dep6_Tu2,0.000,72.790,0.073,0.000,0.004,0.000,0.039,0.245,0.889,0.158,4.264,0.132,21.406
Ov79_rep1_Dep6_Tu0.5,0.000,71.367,0.000,0.000,0.000,0.000,0.013,0.843,0.597,0.048,4.640,0.012,22.479
Ov79_rep3_Dep6_Tu0.3,0.000,71.478,0.000,0.000,0.000,0.000,0.017,1.459,0.611,0.009,3.666,0.051,22.708
Ov79_rep8_Dep6_Tu50,0.069,37.239,38.401,0.003,2.443,4.501,0.184,1.735,0.554,0.238,6.136,0.812,7.687
Ov79_rep9_Dep6_Tu0.3,0.000,72.153,0.000,0.000,0.000,0.000,0.024,0.492,0.249,0.030,4.552,0.097,22.403
Ov79_rep7_Dep6_Tu2,0.000,72.308,0.001,0.000,0.001,0.000,0.041,0.312,0.370,0.294,4.284,0.096,22.294
Ov79_rep7_Dep6_Tu30,0.023,52.727,24.249,0.003,1.054,2.120,0.315,0.910,0.018,0.786,3.362,0.604,13.829
Ov79_rep5_Dep6_Tu50,0.037,36.048,38.374,0.000,3.182,4.731,0.203,1.018,0.809,1.124,4.159,0.905,9.410
Ov79_rep6_Dep6_Tu0.5,0.000,70.310,0.000,0.000,0.000,0.000,0.031,1.357,0.496,0.067,4.290,0.081,23.369
Ov79_rep2_Dep6_Tu2,0.000,71.694,0.002,0.000,0.009,0.000,0.064,0.491,0.499,0.229,4.645,0.131,22.236
Ov79_rep3_Dep6_Tu30,0.025,52.935,22.881,0.011,1.824,2.369,0.111,0.674,1.018,0.697,4.300,0.291,12.866
Ov79_rep9_Dep6_Tu3,0.000,72.187,0.000,0.000,0.000,0.000,0.021,1.172,0.757,0.022,3.600,0.068,22.173
Ov79_rep10_Dep6_Tu2,0.000,70.849,0.001,0.000,0.000,0.000,0.048,1.328,0.283,0.158,3.904,0.208,23.221
Ov79_rep10_Dep6_Tu1,0.000,72.599,0.000,0.000,0.000,0.000,0.025,0.616,0.537,0.016,3.144,0.039,23.024
Ov79_rep6_Dep6_Tu5,0.002,72.639,1.284,0.000,0.047,0.000,0.095,0.621,0.923,0.558,3.645,0.137,20.049
Ov79_rep2_Dep6_Tu0.3,0.000,71.526,0.000,0.000,0.000,0.000,0.005,0.197,0.530,0.047,3.418,0.017,24.260
Ov79_rep4_Dep6_Tu20,0.021,57.912,15.052,0.000,0.961,1.272,0.136,1.073,0.941,0.881,3.401,0.828,17.521
Ov79_rep1_Dep6_Tu0.1,0.000,71.784,0.000,0.000,0.000,0.000,0.060,1.318,0.601,0.043,1.370,0.104,24.720
Ov79_rep4_Dep6_Tu10,0.003,72.001,6.549,0.000,0.177,0.025,0.256,0.310,0.646,0.292,4.023,0.070,15.647
Ov79_rep4_Dep6_Tu30,0.021,53.158,23.865,0.001,1.009,2.211,0.115,1.415,0.278,0.671,3.823,0.638,12.794
Ov79_rep5_Dep6_Tu10,0.009,67.788,6.421,0.004,0.326,0.071,0.066,0.645,1.089,1.053,3.334,0.219,18.976
Ov79_rep7_Dep6_Tu3,0.000,71.155,0.000,0.000,0.000,0.000,0.011,1.471,0.273,0.030,4.189,0.043,22.828
Ov79_rep9_Dep6_Tu50,0.073,36.876,38.052,0.000,2.227,4.778,0.150,1.099,0.435,2.418,4.290,0.841,8.761
Ov79_rep10_Dep6_Tu0.5,0.000,72.224,0.000,0.000,0.000,0.000,0.031,0.775,0.576,0.048,4.133,0.028,22.184
Ov79_rep7_Dep6_Tu40,0.115,43.478,32.072,0.001,1.075,3.549,0.273,1.292,0.789,1.908,3.789,0.651,11.007
Ov79_rep7_Dep6_Tu0.1,0.000,72.979,0.000,0.000,0.000,0.000,0.004,0.893,0.144,0.012,4.060,0.010,21.900
Ov79_rep9_Dep6_Tu0.1,0.000,71.079,0.000,0.000,0.000,0.000,0.027,1.159,0.895,0.015,3.361,0.037,23.427
Ov79_rep1_Dep6_Tu5,0.005,72.659,1.558,0.002,0.126,0.007,0.194,1.108,0.455,0.178,3.748,0.175,19.784
Ov79_rep9_Dep6_Tu30,0.072,50.950,23.430,0.004,1.561,2.426,0.118,0.747,0.616,1.231,4.930,0.696,13.218
Ov79_rep2_Dep6_Tu0.1,0.000,71.407,0.000,0.000,0.000,0.000,0.019,0.849,0.231,0.088,3.934,0.097,23.375
Ov79_rep7_Dep6_Tu20,0.009,62.920,15.177,0.000,0.572,1.293,0.050,0.811,0.373,0.525,3.927,0.221,14.123
Ov79_rep7_Dep6_Tu5,0.012,72.348,1.356,0.000,0.042,0.000,0.132,0.872,0.370,0.489,4.306,0.251,19.821
Ov79_rep2_Dep6_Tu10,0.007,69.468,6.810,0.000,0.037,0.047,0.077,0.510,0.727,0.591,3.643,0.055,18.029
Ov79_rep8_Dep6_Tu0.1,0.000,69.376,0.000,0.000,0.000,0.000,0.032,1.992,0.274,0.060,3.972,0.095,24.198
Ov79_rep8_Dep6_Tu5,0.006,70.454,1.673,0.001,0.113,0.000,0.018,1.126,0.375,0.427,3.383,0.384,22.040
Ov79_rep1_Dep6_Tu10,0.003,68.886,5.248,0.003,0.664,0.554,0.125,0.950,1.022,0.554,3.414,0.213,18.363
Ov79_rep1_Dep6_Tu1,0.000,69.817,0.000,0.000,0.000,0.000,0.064,1.095,0.760,0.159,4.532,0.169,23.405
Ov79_rep10_Dep6_Tu10,0.018,68.556,6.502,0.001,0.537,0.067,0.020,0.856,0.586,0.450,3.855,0.305,18.247
Ov79_rep2_Dep6_Tu50,0.061,38.792,38.451,0.000,2.075,4.361,0.174,0.322,0.671,1.902,5.304,0.832,7.054
Ov79_rep3_Dep6_Tu20,0.013,59.784,16.220,0.000,0.475,1.117,0.121,1.105,0.385,0.023,4.933,0.400,15.425
Ov79_rep3_Dep6_Tu0.1,0.000,71.448,0.000,0.000,0.000,0.000,0.007,0.809,0.228,0.017,4.729,0.102,22.660
Ov79_rep10_Dep6_Tu3,0.000,73.774,0.000,0.000,0.000,0.000,0.013,0.431,0.658,0.025,3.854,0.009,21.235
Ov79_rep5_Dep6_Tu2,0.000,71.500,0.000,0.000,0.003,0.000,0.037,1.101,0.419,0.122,3.297,0.116,23.405
Ov79_rep10_Dep6_Tu0.1,0.000,71.664,0.000,0.000,0.000,0.000,0.010,0.816,0.559,0.018,4.144,0.067,22.722
Ov79_rep6_Dep6_Tu3,0.000,71.194,0.000,0.000,0.000,0.000,0.027,0.522,0.399,0.029,4.823,0.086,22.920
Ov79_rep4_Dep6_Tu0.3,0.000,72.629,0.000,0.000,0.000,0.000,0.012,0.731,0.096,0.026,4.628,0.061,21.818
Ov79_rep4_Dep6_Tu3,0.000,71.446,0.000,0.000,0.000,0.000,0.028,0.028,0.892,0.098,3.472,0.046,23.990
Ov79_rep3_Dep6_Tu10,0.052,69.070,5.924,0.027,0.326,0.177,0.113,0.232,0.043,1.137,4.118,0.638,18.143
Ov79_rep3_Dep6_Tu5,0.000,73.713,1.352,0.000,0.098,0.002,0.053,0.667,0.525,0.437,2.197,0.202,20.754
Ov79_rep7_Dep6_Tu0.3,0.000,74.015,0.000,0.000,0.000,0.000,0.002,0.503,0.389,0.022,3.818,0.029,21.223
Ov79_rep8_Dep6_Tu3,0.000,72.176,0.000,0.000,0.000,0.000,0.020,0.741,0.414,0.031,2.991,0.025,23.601
Ov79_rep1_Dep6_Tu20,0.009,59.816,14.888,0.019,1.215,1.223,0.081,0.748,0.946,0.852,3.294,0.297,16.613
Ov79_rep5_Dep6_Tu0.5,0.000,72.963,0.000,0.000,0.000,0.000,0.032,0.064,1.123,0.079,1.958,0.029,23.752
Ov79_rep7_Dep6_Tu10,0.003,70.530,6.093,0.008,0.150,0.311,0.132,0.676,0.476,0.630,3.476,0.129,17.386
Ov79_rep8_Dep6_Tu0.5,0.000,71.841,0.000,0.000,0.000,0.000,0.008,1.348,0.223,0.044,4.458,0.073,22.004
Ov79_rep4_Dep6_Tu0.5,0.000,71.468,0.000,0.000,0.000,0.000,0.032,1.127,0.553,0.027,3.575,0.055,23.163
Ov79_rep2_Dep6_Tu40,0.063,43.205,30.410,0.013,2.420,3.750,0.200,1.290,1.181,1.079,3.008,1.000,12.382
Ov79_rep9_Dep6_Tu10,0.000,68.659,6.417,0.001,0.264,0.245,0.093,0.803,0.334,0.272,4.184,0.436,18.291
Ov79_rep3_Dep6_Tu50,0.071,36.952,39.339,0.003,1.695,4.694,0.155,1.247,0.678,2.052,3.418,0.641,9.054
Ov79_rep10_Dep6_Tu50,0.043,37.958,38.567,0.000,2.422,4.550,0.134,0.656,0.512,2.031,5.158,0.661,7.308
Ov79_rep1_Dep6_Tu30,0.114,53.156,23.381,0.000,0.827,2.924,0.195,0.373,0.931,0.531,4.591,0.455,12.522
Ov79_rep8_Dep6_Tu20,0.014,61.933,14.343,0.000,0.859,1.484,0.102,0.988,0.237,0.974,3.703,0.578,14.784
Ov79_rep6_Dep6_Tu40,0.042,45.462,30.551,0.003,1.918,3.318,0.138,0.908,0.379,1.164,5.781,0.859,9.476
Ov79_rep6_Dep6_Tu20,0.006,59.586,14.294,0.001,0.629,1.528,0.134,0.987,0.935,1.239,3.649,0.290,16.722
Ov79_rep10_Dep6_Tu30,0.062,51.227,23.596,0.000,1.392,2.359,0.226,1.220,0.639,0.762,4.465,0.417,13.635
Ov79_rep4_Dep6_Tu0.1,0.000,71.139,0.000,0.000,0.000,0.000,0.022,1.164,0.499,0.023,3.209,0.082,23.862
Ov79_rep5_Dep6_Tu20,0.144,59.255,14.077,0.008,1.257,1.577,0.101,0.928,0.725,1.325,3.896,0.129,16.577
Ov79_rep2_Dep6_Tu30,0.035,51.713,24.118,0.001,0.710,2.427,0.157,0.790,0.332,0.431,4.759,0.538,13.989
Ov79_rep5_Dep6_Tu40,0.037,43.665,31.180,0.001,1.958,3.426,0.241,2.103,1.472,1.128,2.911,0.369,11.509
Ov79_rep8_Dep6_Tu0.3,0.000,72.208,0.000,0.000,0.000,0.000,0.017,0.328,0.364,0.037,4.709,0.077,22.260
Ov79_rep4_Dep6_Tu40,0.022,44.270,30.875,0.000,1.439,3.521,0.193,0.435,0.681,2.264,4.833,0.512,10.955
Ov79_rep3_Dep6_Tu0.5,0.000,72.006,0.000,0.000,0.000,0.000,0.017,0.013,0.962,0.056,5.442,0.102,21.401
Ov79_rep6_Dep6_Tu10,0.001,67.726,6.634,0.001,0.262,0.252,0.148,1.026,1.395,0.983,0.066,0.193,21.313
Ov79_rep8_Dep6_Tu1,0.000,72.439,0.000,0.000,0.000,0.000,0.023,0.597,0.206,0.059,4.054,0.084,22.538
Ov79_rep9_Dep6_Tu2,0.000,74.781,0.001,0.000,0.001,0.000,0.015,0.334,0.904,0.048,3.487,0.103,20.327
Ov79_rep6_Dep6_Tu0.1,0.000,70.578,0.000,0.000,0.000,0.000,0.015,0.445,0.775,0.012,5.277,0.027,22.872
Ov79_rep5_Dep6_Tu0.1,0.000,72.964,0.000,0.000,0.000,0.000,0.020,1.036,0.461,0.062,3.767,0.042,21.646
Ov79_rep10_Dep6_Tu20,0.031,59.580,14.382,0.002,0.928,1.464,0.152,1.679,0.198,0.884,4.052,0.305,16.343
Ov79_rep5_Dep6_Tu0.3,0.000,71.907,0.000,0.000,0.000,0.000,0.003,0.863,0.578,0.006,4.698,0.029,21.915
Ov79_rep10_Dep6_Tu5,0.007,71.778,1.362,0.001,0.241,0.012,0.092,1.165,0.675,0.341,3.706,0.188,20.433
Ov79_rep5_Dep6_Tu5,0.001,72.720,1.174,0.001,0.139,0.001,0.064,0.279,1.610,0.397,2.702,0.184,20.728
Ov79_rep1_Dep6_Tu40,0.038,43.468,30.395,0.002,1.448,3.775,0.221,1.702,0.699,1.671,4.550,0.716,11.315
Ov79_rep8_Dep6_Tu40,0.032,45.920,30.672,0.000,1.915,3.601,0.256,0.240,1.333,1.600,4.152,0.435,9.844
Ov79_rep6_Dep6_Tu50,0.012,34.985,38.825,0.000,2.274,4.719,0.091,0.935,1.302,2.009,4.349,0.539,9.960
Ov79_rep2_Dep6_Tu20,0.019,60.032,14.476,0.000,0.858,1.329,0.123,0.919,0.597,1.382,4.597,0.171,15.497
Ov79_rep1_Dep6_Tu0.3,0.000,70.369,0.000,0.000,0.000,0.000,0.024,0.048,1.057,0.057,5.479,0.106,22.858
Ov79_rep6_Dep6_Tu1,0.000,72.556,0.000,0.000,0.000,0.000,0.035,0.721,0.490,0.043,3.798,0.046,22.311
Ov79_rep8_Dep6_Tu10,0.036,66.237,5.946,0.040,0.618,0.182,0.205,0.866,0.576,1.231,3.659,0.415,19.989
Ov79_rep9_Dep6_Tu20,0.041,60.393,15.552,0.047,0.405,1.042,0.138,0.856,0.751,0.803,4.767,0.261,14.945
Ov79_rep6_Dep6_Tu2,0.000,71.649,0.001,0.000,0.003,0.000,0.036,0.502,1.030,0.051,4.145,0.097,22.486
Ov79_rep10_Dep6_Tu40,0.044,42.625,32.987,0.005,1.620,2.942,0.245,0.725,1.061,2.188,3.335,0.495,11.727
Ov79_rep4_Dep6_Tu1,0.000,71.601,0.000,0.000,0.001,0.000,0.021,1.277,0.102,0.022,4.597,0.137,22.242
Ov79_rep1_Dep6_Tu2,0.000,73.831,0.000,0.000,0.001,0.000,0.048,0.288,1.227,0.138,3.863,0.049,20.554
Ov79_rep3_Dep6_Tu2,0.000,72.051,0.000,0.000,0.001,0.000,0.036,0.769,1.324,0.110,4.481,0.073,21.155
Ov79_rep4_Dep6_Tu2,0.000,72.787,0.001,0.000,0.004,0.000,0.060,0.949,0.989,0.052,2.665,0.120,22.372
Ov79_rep9_Dep6_Tu40,0.029,44.838,31.231,0.005,2.267,3.666,0.156,0.199,1.007,1.165,6.683,0.582,8.172
Ov79_rep4_Dep6_Tu5,0.018,73.138,1.327,0.011,0.095,0.000,0.077,0.382,1.097,0.559,4.210,0.114,18.972
Ov79_rep2_Dep6_Tu0.5,0.000,72.811,0.000,0.000,0.000,0.000,0.022,0.315,0.286,0.001,5.082,0.127,21.356
Ov79_rep5_Dep6_Tu30,0.023,51.246,23.908,0.001,0.741,2.310,0.257,1.733,0.082,1.900,5.218,0.638,11.941
Ov79_rep3_Dep6_Tu40,0.043,44.979,30.534,0.000,1.919,3.720,0.153,0.863,0.680,1.095,3.970,0.772,11.270
Ov79_rep6_Dep6_Tu30,0.004,52.409,23.032,0.004,1.100,2.327,0.125,1.661,0.665,0.865,3.160,0.408,14.240
Ov79_rep2_Dep6_Tu1,0.000,71.332,0.000,0.000,0.000,0.000,0.020,0.835,0.408,0.061,5.374,0.031,21.939
Ov79_rep3_Dep6_Tu3,0.000,71.147,0.000,0.000,0.000,0.000,0.019,1.941,0.169,0.033,4.264,0.125,22.302
Ov79_rep9_Dep6_Tu0.5,0.000,72.915,0.000,0.000,0.000,0.000,0.003,0.620,0.240,0.039,4.408,0.031,21.744
Ov79_rep9_Dep6_Tu1,0.000,73.553,0.000,0.000,0.000,0.000,0.029,0.032,1.588,0.102,3.325,0.041,21.330
Ov79_rep5_Dep6_Tu1,0.000,73.221,0.000,0.000,0.000,0.000,0.027,0.780,0.505,0.041,4.288,0.032,21.106
Ov79_rep7_Dep6_Tu0.5,0.000,71.341,0.000,0.000,0.000,0.000,0.022,1.384,0.091,0.045,3.971,0.086,23.060
