Sample,BRCA,CEAD,CESC,COAD,OV,READ,bcell,cd4tcell,cd8tcell,erythroblast,monocyte,naturalkillercell,neutrophil
Ov79_rep2_Dep6_Tu5,0.751,3.764,1.170,0.000,2.903,1.434,2.334,3.184,0.425,10.096,9.155,3.045,61.739
Ov79_rep8_Dep6_Tu30,3.029,6.776,4.454,1.402,8.803,4.962,0.879,3.377,0.000,11.261,9.357,3.111,42.590
Ov79_rep6_Dep6_Tu0.3,0.000,2.131,0.591,0.000,1.003,0.210,2.264,1.472,5.119,10.272,12.035,2.001,62.902
Ov79_rep1_Dep6_Tu3,0.079,3.267,0.499,0.000,1.288,0.541,2.318,1.540,1.485,10.240,11.772,3.009,63.962
Ov79_rep1_Dep6_Tu50,4.930,10.294,5.994,4.703,12.636,6.854,0.000,2.777,0.474,11.749,9.466,2.109,28.015
Ov79_rep7_Dep6_Tu50,4.955,10.511,6.559,4.018,12.298,6.979,0.009,4.156,0.000,10.848,9.704,2.162,27.801
Ov79_rep4_Dep6_Tu50,5.707,9.537,6.310,4.172,12.965,6.908,0.000,2.782,0.000,10.003,12.024,2.255,27.336
Ov79_rep2_Dep6_Tu3,0.000,3.142,1.031,0.000,1.208,0.953,2.654,2.705,0.583,10.582,11.717,2.786,62.639
Ov79_rep7_Dep6_Tu1,0.000,2.166,0.498,0.000,1.634,0.531,2.391,1.929,2.210,10.735,11.013,2.395,64.498
Ov79_rep9_Dep6_Tu5,0.404,3.298,1.696,0.000,3.124,1.446,2.338,3.821,0.934,9.073,11.935,1.998,59.934
Ov79_rep3_Dep6_Tu1,0.000,2.109,0.886,0.000,2.451,0.948,2.252,0.000,4.714,9.018,11.328,2.656,63.636
Ov79_rep5_Dep6_Tu3,0.000,2.567,0.729,0.000,1.560,0.488,1.933,2.562,0.138,11.585,10.184,3.201,65.053
Ov79_rep10_Dep6_Tu0.3,0.056,2.140,0.367,0.000,1.399,0.471,2.200,2.505,1.708,11.261,10.425,2.839,64.630
Ov79_rep8_Dep6_Tu2,0.000,2.736,1.079,0.000,2.566,1.002,1.975,0.619,2.509,10.885,10.730,3.336,62.564
Ov79_rep1_Dep6_Tu0.5,0.000,3.704,0.512,0.000,0.707,0.162,1.962,1.284,2.116,11.949,11.883,1.966,63.755
Ov79_rep3_Dep6_Tu0.3,0.000,4.284,0.366,0.000,1.111,0.258,2.117,0.000,4.083,10.287,10.619,2.378,64.498
Ov79_rep8_Dep6_Tu50,5.506,9.042,6.595,4.502,12.641,6.904,0.000,2.220,2.118,7.663,12.345,2.288,28.175
Ov79_rep9_Dep6_Tu0.3,0.000,2.614,0.574,0.000,0.951,0.526,2.744,2.000,0.689,10.999,11.585,2.826,64.493
Ov79_rep7_Dep6_Tu2,0.462,2.872,0.811,0.000,1.904,0.934,2.306,0.000,3.519,11.750,9.840,2.101,63.502
Ov79_rep7_Dep6_Tu30,2.956,7.484,3.840,2.506,8.303,4.630,1.202,2.905,0.000,10.288,9.320,2.982,43.584
Ov79_rep5_Dep6_Tu50,5.084,11.388,6.114,3.312,12.792,7.069,0.000,0.945,0.304,10.791,10.918,2.807,28.475
Ov79_rep6_Dep6_Tu0.5,0.000,3.491,0.465,0.000,1.808,0.321,2.647,0.059,5.003,10.702,9.563,2.284,63.655
Ov79_rep2_Dep6_Tu2,0.310,3.493,0.661,0.000,2.622,0.822,2.419,0.144,3.035,11.029,11.217,1.917,62.331
Ov79_rep3_Dep6_Tu30,3.270,4.522,4.975,1.351,8.979,4.483,1.235,0.000,1.683,12.830,13.089,1.471,42.112
Ov79_rep9_Dep6_Tu3,0.000,2.485,0.697,0.000,1.530,0.152,2.299,2.145,3.016,10.495,10.658,2.545,63.978
Ov79_rep10_Dep6_Tu2,0.000,3.288,0.933,0.000,1.484,0.374,2.035,0.801,2.180,11.022,10.870,2.677,64.335
Ov79_rep10_Dep6_Tu1,0.001,3.828,0.430,0.000,1.895,0.293,2.129,0.460,4.680,9.816,10.193,2.196,64.081
Ov79_rep6_Dep6_Tu5,0.802,2.935,1.447,0.000,2.657,1.420,2.162,1.161,3.374,11.303,9.822,2.191,60.727
Ov79_rep2_Dep6_Tu0.3,0.193,3.342,0.513,0.000,1.631,0.318,2.426,3.598,0.239,10.269,9.087,2.778,65.606
Ov79_rep4_Dep6_Tu20,1.947,6.831,2.432,0.813,6.252,3.243,1.381,3.480,0.173,9.796,8.516,3.975,51.160
Ov79_rep1_Dep6_Tu0.1,0.000,2.303,0.537,0.000,1.598,0.528,2.217,0.562,3.180,10.862,10.691,2.501,65.020
Ov79_rep4_Dep6_Tu10,0.757,5.083,1.808,0.000,4.170,2.002,1.789,0.139,2.992,10.788,13.018,1.354,56.101
Ov79_rep4_Dep6_Tu30,2.652,6.909,4.393,2.141,8.986,4.184,0.726,4.511,0.000,10.553,9.686,2.573,42.685
Ov79_rep5_Dep6_Tu10,0.299,3.379,2.160,0.561,4.233,1.396,1.523,3.994,0.000,12.409,11.537,2.267,56.241
Ov79_rep7_Dep6_Tu3,0.202,3.965,0.464,0.000,1.329,1.030,2.336,1.754,3.434,8.801,11.099,2.072,63.515
Ov79_rep9_Dep6_Tu50,5.755,11.453,6.198,2.663,11.813,7.669,0.000,2.022,2.506,10.315,10.308,1.391,27.906
Ov79_rep10_Dep6_Tu0.5,0.000,3.375,0.475,0.000,2.243,0.527,2.750,0.000,2.585,12.514,10.023,2.459,63.050
Ov79_rep7_Dep6_Tu40,4.117,9.332,5.641,2.933,10.795,5.816,0.068,3.068,0.000,11.526,10.071,2.456,34.178
Ov79_rep7_Dep6_Tu0.1,0.000,2.211,0.566,0.000,2.194,0.657,2.369,3.201,0.745,10.034,11.748,2.138,64.138
Ov79_rep9_Dep6_Tu0.1,0.000,3.449,0.719,0.000,1.899,0.697,2.267,0.000,5.446,8.799,10.951,2.244,63.530
Ov79_rep1_Dep6_Tu5,0.508,3.421,1.069,0.000,3.099,1.458,2.366,3.197,1.760,10.370,9.832,2.612,60.308
Ov79_rep9_Dep6_Tu30,3.065,7.713,4.211,1.560,8.546,4.327,0.428,2.031,0.000,11.155,11.888,3.487,41.590
Ov79_rep2_Dep6_Tu0.1,0.000,2.889,0.563,0.000,2.756,0.550,1.912,0.003,4.250,10.434,10.007,2.403,64.230
Ov79_rep7_Dep6_Tu20,1.764,5.308,3.163,0.251,6.481,3.886,1.128,4.028,1.103,10.467,11.914,1.445,49.063
Ov79_rep7_Dep6_Tu5,0.564,2.943,1.869,0.000,2.928,1.257,2.374,3.216,0.000,10.491,11.092,2.622,60.642
Ov79_rep2_Dep6_Tu10,0.876,4.711,2.447,0.000,3.479,1.895,1.774,3.318,1.628,10.262,9.812,1.749,58.049
Ov79_rep8_Dep6_Tu0.1,0.000,3.240,0.736,0.000,1.766,0.632,2.298,2.603,2.866,9.140,10.075,2.824,63.821
Ov79_rep8_Dep6_Tu5,1.153,4.564,0.649,0.000,3.002,1.170,1.702,3.165,3.267,8.632,8.380,2.439,61.877
Ov79_rep1_Dep6_Tu10,0.975,5.771,1.666,0.000,4.092,2.187,2.063,1.565,4.165,8.435,9.806,1.595,57.681
Ov79_rep1_Dep6_Tu1,0.077,2.898,0.607,0.000,1.511,0.549,2.429,0.000,5.359,10.346,10.392,2.652,63.178
Ov79_rep10_Dep6_Tu10,0.809,5.223,1.943,0.000,4.266,1.800,2.124,2.743,0.364,10.940,10.265,2.450,57.074
Ov79_rep2_Dep6_Tu50,5.654,8.035,6.382,4.378,12.149,6.988,0.000,2.683,0.000,11.611,10.961,2.191,28.970
Ov79_rep3_Dep6_Tu20,1.812,4.551,3.412,0.143,5.948,3.541,1.350,4.599,0.282,10.829,11.563,2.312,49.658
Ov79_rep3_Dep6_Tu0.1,0.000,3.092,0.469,0.000,2.311,0.639,1.527,2.844,1.397,8.341,12.780,3.462,63.139
Ov79_rep10_Dep6_Tu3,0.494,2.598,0.312,0.000,2.064,0.682,2.250,0.898,3.372,10.857,9.517,1.943,65.012
Ov79_rep5_Dep6_Tu2,0.000,3.825,0.903,0.000,2.092,0.866,1.874,0.000,5.352,9.329,10.159,1.911,63.690
Ov79_rep10_Dep6_Tu0.1,0.000,2.464,0.315,0.000,2.203,0.550,2.052,1.050,4.623,10.249,10.173,2.258,64.062
Ov79_rep6_Dep6_Tu3,0.431,2.815,0.052,0.000,2.078,0.655,2.201,1.190,3.179,9.834,10.081,2.362,65.122
Ov79_rep4_Dep6_Tu0.3,0.000,3.229,0.775,0.000,1.693,0.577,2.664,0.000,2.959,12.027,9.842,1.850,64.384
Ov79_rep4_Dep6_Tu3,0.000,2.643,0.833,0.000,1.977,0.867,2.130,2.286,2.419,9.729,11.535,2.149,63.432
Ov79_rep3_Dep6_Tu10,1.326,4.389,1.655,0.000,3.918,1.894,1.675,3.609,0.000,10.608,10.984,2.863,57.079
Ov79_rep3_Dep6_Tu5,0.000,4.312,0.973,0.000,3.211,1.117,2.149,2.047,1.878,11.037,7.157,3.284,62.834
Ov79_rep7_Dep6_Tu0.3,0.000,3.332,0.539,0.000,1.553,0.660,2.062,0.028,2.366,11.394,11.134,2.295,64.638
Ov79_rep8_Dep6_Tu3,0.046,4.104,0.273,0.000,1.565,0.205,2.166,0.460,4.232,9.912,10.212,2.242,64.583
Ov79_rep1_Dep6_Tu20,1.887,5.818,2.765,0.794,6.976,3.246,0.657,2.799,4.057,10.451,9.321,1.194,50.034
Ov79_rep5_Dep6_Tu0.5,0.326,1.872,0.477,0.000,1.606,0.806,2.677,2.892,0.386,10.952,9.406,2.703,65.897
Ov79_rep7_Dep6_Tu10,0.745,3.847,1.576,0.000,4.197,2.537,2.007,5.095,0.631,9.990,10.381,2.187,56.806
Ov79_rep8_Dep6_Tu0.5,0.000,4.452,0.388,0.000,1.166,0.247,2.204,0.000,3.874,10.541,10.503,2.332,64.292
Ov79_rep4_Dep6_Tu0.5,0.081,2.313,0.693,0.000,1.564,0.882,2.816,1.114,3.407,11.239,8.882,2.154,64.855
Ov79_rep2_Dep6_Tu40,3.990,7.947,5.394,3.878,11.038,5.350,0.000,1.501,3.066,9.471,10.069,3.268,35.029
Ov79_rep9_Dep6_Tu10,1.741,4.014,1.647,0.180,4.623,2.108,2.074,1.501,0.000,10.356,11.460,3.664,56.632
Ov79_rep3_Dep6_Tu50,5.472,9.660,6.546,3.996,12.197,6.971,0.000,3.746,0.000,12.179,8.951,1.604,28.679
Ov79_rep10_Dep6_Tu50,4.896,9.397,5.903,4.900,12.731,6.577,0.000,1.092,0.000,13.578,10.680,2.294,27.951
Ov79_rep1_Dep6_Tu30,3.479,8.343,3.524,2.499,7.991,4.813,0.749,2.300,0.000,11.133,10.664,2.634,41.869
Ov79_rep8_Dep6_Tu20,1.731,6.781,2.610,0.606,6.081,3.376,1.282,0.000,4.056,10.404,10.588,2.656,49.829
Ov79_rep6_Dep6_Tu40,4.802,6.375,6.179,2.537,10.834,5.672,0.438,1.227,0.000,12.871,13.042,2.581,33.442
Ov79_rep6_Dep6_Tu20,1.563,7.445,2.268,0.433,5.245,3.355,0.808,2.470,6.002,10.291,9.641,1.056,49.423
Ov79_rep10_Dep6_Tu30,3.488,7.313,4.545,0.659,8.233,4.638,0.552,3.207,1.694,9.955,11.276,1.889,42.551
Ov79_rep4_Dep6_Tu0.1,0.007,2.789,0.605,0.000,0.806,0.318,2.266,3.302,0.143,11.344,10.844,2.881,64.695
Ov79_rep5_Dep6_Tu20,2.267,5.432,3.384,0.325,6.706,3.717,1.040,0.594,3.586,10.461,10.701,2.853,48.935
Ov79_rep2_Dep6_Tu30,2.687,6.911,4.370,2.050,8.178,4.786,1.194,1.472,0.000,10.933,10.625,2.717,44.078
Ov79_rep5_Dep6_Tu40,3.956,7.808,4.893,3.574,10.926,5.312,0.000,4.751,4.228,8.710,9.484,1.663,34.695
Ov79_rep8_Dep6_Tu0.3,0.000,2.623,0.651,0.000,0.985,0.538,2.793,2.097,0.738,10.771,11.419,2.913,64.472
Ov79_rep4_Dep6_Tu40,3.795,8.365,5.159,3.738,10.067,5.369,0.107,3.766,0.000,11.672,11.475,1.955,34.533
Ov79_rep3_Dep6_Tu0.5,0.000,2.078,0.674,0.000,1.117,0.277,2.080,1.328,5.400,10.408,12.015,1.962,62.661
Ov79_rep6_Dep6_Tu10,0.646,4.728,2.136,0.000,4.536,2.384,1.540,0.000,5.197,9.270,9.978,2.119,57.465
Ov79_rep8_Dep6_Tu1,0.067,2.456,0.407,0.000,2.337,0.795,2.447,2.491,1.439,9.468,11.367,2.593,64.134
Ov79_rep9_Dep6_Tu2,0.000,3.029,0.522,0.000,2.402,0.839,2.691,2.855,0.000,11.186,10.651,2.698,63.129
Ov79_rep6_Dep6_Tu0.1,0.034,2.706,0.426,0.000,1.804,0.676,2.296,0.000,4.548,10.890,10.915,1.741,63.963
Ov79_rep5_Dep6_Tu0.1,0.000,2.431,0.605,0.000,1.224,0.338,2.421,2.449,0.303,12.825,10.370,2.647,64.388
Ov79_rep10_Dep6_Tu20,1.907,6.345,3.024,0.684,5.906,3.793,1.140,3.621,1.812,9.533,11.211,2.866,48.157
Ov79_rep5_Dep6_Tu0.3,0.000,1.838,0.902,0.000,1.322,0.979,2.656,2.326,4.966,8.797,10.801,1.830,63.583
Ov79_rep10_Dep6_Tu5,0.741,3.515,1.217,0.000,3.052,1.137,1.762,2.162,2.101,11.604,9.903,1.782,61.025
Ov79_rep5_Dep6_Tu5,0.000,4.890,0.905,0.000,2.359,1.105,1.855,5.415,0.904,9.381,9.498,2.477,61.211
Ov79_rep1_Dep6_Tu40,3.643,9.129,5.044,3.236,9.893,5.550,0.000,4.767,1.602,10.559,10.130,1.777,34.670
Ov79_rep8_Dep6_Tu40,4.463,9.107,4.663,3.611,10.787,5.930,0.256,3.835,0.000,10.454,9.624,2.564,34.706
Ov79_rep6_Dep6_Tu50,4.484,8.010,7.313,4.249,12.957,7.246,0.000,0.120,4.454,10.942,11.044,0.991,28.190
Ov79_rep2_Dep6_Tu20,2.116,6.784,2.765,0.128,6.166,3.364,1.155,0.000,5.662,11.174,10.958,0.579,49.151
Ov79_rep1_Dep6_Tu0.3,0.000,2.506,0.770,0.000,1.536,0.747,2.434,0.734,3.606,9.879,11.413,2.568,63.807
Ov79_rep6_Dep6_Tu1,0.000,3.813,0.518,0.000,1.768,0.330,2.313,0.516,1.949,11.835,11.162,1.939,63.857
Ov79_rep8_Dep6_Tu10,1.108,3.807,2.182,0.460,3.322,1.856,1.688,1.453,6.271,9.257,9.848,1.699,57.049
Ov79_rep9_Dep6_Tu20,2.690,6.486,2.859,1.031,5.811,3.118,1.183,0.851,2.073,10.802,10.953,2.383,49.759
Ov79_rep6_Dep6_Tu2,0.000,3.599,0.503,0.000,2.423,0.890,2.019,1.337,4.098,10.053,10.294,1.966,62.818
Ov79_rep10_Dep6_Tu40,4.233,9.287,5.040,3.509,10.787,5.397,0.125,0.047,6.270,10.204,8.648,1.591,34.861
Ov79_rep4_Dep6_Tu1,0.118,3.960,0.410,0.000,2.154,0.814,2.795,0.000,3.708,9.358,9.939,2.785,63.960
Ov79_rep1_Dep6_Tu2,0.251,2.314,0.821,0.000,2.409,0.905,2.255,0.504,2.864,12.673,9.494,2.531,62.981
Ov79_rep3_Dep6_Tu2,0.089,3.577,0.879,0.000,2.423,0.948,2.489,0.000,4.127,9.751,11.428,2.288,62.003
Ov79_rep4_Dep6_Tu2,0.000,3.841,0.451,0.000,3.200,1.255,2.216,0.681,5.216,8.383,8.964,2.241,63.552
Ov79_rep9_Dep6_Tu40,4.155,9.464,4.357,3.896,10.990,5.570,0.096,4.918,0.000,7.807,10.780,2.416,35.550
Ov79_rep4_Dep6_Tu5,0.787,2.978,1.071,0.000,2.912,1.666,2.550,2.314,2.791,10.259,10.601,2.071,60.000
Ov79_rep2_Dep6_Tu0.5,0.000,3.627,0.213,0.000,2.039,0.440,2.128,1.163,1.598,9.970,12.483,2.550,63.789
Ov79_rep5_Dep6_Tu30,3.134,7.790,4.239,1.770,7.723,4.401,1.131,3.999,1.026,10.775,11.158,2.355,40.500
Ov79_rep3_Dep6_Tu40,4.634,7.739,5.361,2.713,10.554,6.432,0.423,3.159,0.098,9.847,10.402,2.991,35.647
Ov79_rep6_Dep6_Tu30,2.400,7.011,4.382,2.352,7.928,4.158,0.000,4.828,1.957,9.741,10.821,1.544,42.877
Ov79_rep2_Dep6_Tu1,0.251,2.802,0.382,0.000,1.478,0.801,2.371,3.239,0.169,10.841,13.383,2.205,62.078
Ov79_rep3_Dep6_Tu3,0.032,3.720,0.245,0.000,1.132,0.662,2.897,2.895,1.225,10.823,9.479,2.559,64.330
Ov79_rep9_Dep6_Tu0.5,0.000,1.900,0.641,0.000,1.842,1.036,2.223,4.396,1.009,9.549,11.772,2.265,63.366
Ov79_rep9_Dep6_Tu1,0.026,1.727,0.806,0.000,2.236,0.635,2.153,0.496,2.470,12.900,11.045,2.436,63.071
Ov79_rep5_Dep6_Tu1,0.000,2.730,1.217,0.000,1.699,0.709,2.112,3.717,1.353,9.393,12.472,1.968,62.631
Ov79_rep7_Dep6_Tu0.5,0.000,4.024,0.000,0.000,1.272,0.533,2.144,1.500,4.441,9.544,9.096,2.131,65.313
