Sample,BRCA,CEAD,CESC,COAD,OV,READ,bcell,cd4tcell,cd8tcell,erythroblast,monocyte,naturalkillercell,neutrophil,Unknown-1,Unknown-2,Unknown-3,Unknown-4,Unknown-5,Unknown-6,Unknown-7,Unknown-8,Unknown-9,Unknown-10
Ov9433_rep10_Dep6_Tu5,0.747,0.668,0.678,0.089,2.794,0.060,2.132,2.359,3.185,5.114,2.676,1.944,13.162,18.725,2.942,6.251,7.688,3.661,9.337,2.486,7.854,1.619,3.829
Ov9433_rep6_Dep6_Tu20,0.100,5.015,1.003,1.776,3.134,0.550,3.292,2.995,0.971,2.383,4.511,2.970,6.767,3.864,9.315,10.274,4.984,4.556,6.593,1.388,4.713,10.965,7.880
Ov9433_rep8_Dep6_Tu5,0.315,1.120,0.878,0.191,2.198,0.101,1.875,4.151,1.395,2.896,4.586,2.643,11.169,9.073,2.972,7.945,4.912,7.056,3.988,12.379,11.657,0.855,5.644
Ov9433_rep2_Dep6_Tu5,0.688,1.889,0.682,0.165,2.927,0.047,0.306,5.434,2.180,0.815,4.071,1.635,11.038,4.389,1.394,7.479,7.902,0.343,17.380,12.220,4.070,11.657,1.292
Ov9433_rep5_Dep6_Tu0.5,0.410,0.785,0.187,0.000,1.043,0.053,2.423,2.846,0.669,4.401,3.531,2.825,14.499,18.396,1.396,15.081,11.308,0.331,12.715,0.008,0.228,5.258,1.607
Ov9433_rep5_Dep6_Tu5,0.676,0.467,0.533,0.047,2.965,0.109,2.077,2.173,7.282,0.116,1.682,2.589,11.101,0.066,1.735,5.349,5.490,11.962,3.125,11.373,11.301,9.490,8.290
Ov9433_rep8_Dep6_Tu30,2.574,4.449,2.171,3.060,5.324,0.332,0.615,5.796,1.303,1.294,2.026,1.211,2.373,0.350,17.187,8.158,1.499,0.045,12.583,4.728,1.101,12.428,9.395
Ov9433_rep6_Dep6_Tu0.3,0.267,1.464,0.206,0.004,1.366,0.045,1.463,4.046,4.132,2.058,3.139,2.663,18.024,7.569,1.116,9.778,4.851,7.101,3.827,3.281,2.532,11.654,9.417
Ov9433_rep1_Dep6_Tu0.3,0.171,0.327,0.398,0.009,2.307,0.027,0.333,4.203,3.370,3.299,5.750,2.494,10.223,0.484,0.440,14.832,14.559,4.342,2.265,1.594,6.372,4.260,17.942
Ov9433_rep2_Dep6_Tu10,1.456,1.022,0.183,0.292,4.001,0.157,2.048,1.644,4.626,1.271,4.943,2.807,9.969,5.393,7.526,3.737,13.228,1.723,7.749,4.901,5.248,12.319,3.756
Ov9433_rep4_Dep6_Tu20,0.325,2.463,1.738,2.140,4.860,0.483,2.059,3.515,0.526,3.548,4.112,2.846,9.186,1.642,9.178,6.370,0.509,3.944,5.906,3.028,11.995,11.244,8.383
Ov9433_rep3_Dep6_Tu10,0.367,2.622,0.627,0.362,1.568,0.246,1.779,1.956,3.462,4.194,5.310,2.969,12.747,1.664,6.567,6.369,5.555,3.892,0.759,7.978,20.701,2.440,5.866
Ov9433_rep4_Dep6_Tu0.3,0.327,0.927,0.629,0.003,1.412,0.113,1.620,1.089,5.147,0.682,5.350,3.223,10.183,19.719,0.879,2.783,6.954,3.321,12.291,2.148,7.893,0.428,12.877
Ov9433_rep9_Dep6_Tu0.1,0.389,0.925,0.433,0.011,0.019,0.105,2.399,2.828,3.766,3.194,5.216,1.650,13.219,9.532,0.195,4.036,3.108,2.281,1.125,19.569,4.563,18.877,2.560
Ov9433_rep10_Dep6_Tu0.5,0.295,1.835,0.416,0.007,1.565,0.031,1.619,2.608,4.137,2.127,3.929,2.217,14.000,0.487,0.387,1.824,13.902,6.378,4.590,2.869,17.788,1.578,15.410
Ov9433_rep6_Dep6_Tu30,0.597,0.975,2.435,4.954,6.571,1.152,1.822,3.416,3.187,3.059,2.203,1.876,6.482,4.608,11.914,6.339,1.121,8.139,3.868,3.586,13.984,4.193,3.519
Ov9433_rep1_Dep6_Tu2,0.487,1.650,0.246,0.006,2.039,0.035,2.199,0.745,1.777,4.897,6.365,0.753,16.140,5.593,1.587,7.021,1.043,2.243,23.698,12.929,2.751,1.950,3.845
Ov9433_rep1_Dep6_Tu5,0.566,1.648,0.901,0.080,0.009,0.166,1.213,5.715,1.830,4.972,2.486,2.035,12.124,4.327,3.140,2.061,7.622,1.107,11.268,0.588,10.900,11.659,13.583
Ov9433_rep5_Dep6_Tu1,0.375,1.368,0.449,0.006,1.469,0.023,2.594,3.035,1.306,4.929,2.599,1.843,16.395,20.644,0.563,2.866,4.996,14.757,5.785,7.470,2.146,0.902,3.481
Ov9433_rep9_Dep6_Tu5,0.712,0.805,0.846,0.271,3.481,0.044,3.426,1.702,5.297,0.610,1.649,2.350,4.771,12.034,1.082,4.812,12.766,4.353,8.879,13.167,9.965,0.761,6.218
Ov9433_rep9_Dep6_Tu0.3,0.188,0.556,0.326,0.000,0.997,0.042,2.167,5.218,1.600,3.129,3.282,1.991,6.520,1.251,0.294,14.539,9.528,0.889,14.246,2.435,11.277,9.346,10.180
Ov9433_rep4_Dep6_Tu10,1.319,3.804,1.158,0.682,1.120,0.349,1.662,1.386,1.130,4.262,6.038,2.085,9.239,11.892,2.809,6.684,12.804,6.356,1.501,0.091,1.788,7.055,14.788
Ov9433_rep1_Dep6_Tu3,0.663,0.979,0.516,0.052,0.485,0.038,2.830,0.505,2.266,6.990,1.306,3.821,11.892,16.961,2.326,7.777,10.934,2.639,4.630,8.247,7.602,2.485,4.056
Ov9433_rep4_Dep6_Tu50,4.907,5.846,5.543,6.315,0.391,1.660,1.495,0.468,3.043,0.581,4.312,3.554,2.700,2.201,30.244,2.775,1.257,0.733,2.030,8.911,3.680,3.520,3.833
Ov9433_rep9_Dep6_Tu30,1.813,4.867,2.244,3.444,4.695,0.810,2.374,2.936,0.635,1.442,3.893,2.293,5.037,6.076,16.283,4.539,14.819,1.694,3.318,1.049,3.969,4.716,7.054
Ov9433_rep4_Dep6_Tu2,0.380,0.165,0.677,0.053,2.603,0.014,0.152,5.074,1.712,4.035,5.856,2.102,12.378,11.277,1.801,16.806,4.016,4.885,1.363,9.300,1.853,9.778,3.721
Ov9433_rep7_Dep6_Tu3,0.640,0.834,0.875,0.083,1.063,0.037,1.787,4.858,2.160,2.365,5.413,1.813,12.618,2.712,0.508,5.420,1.867,16.895,1.543,7.888,7.777,8.517,12.327
Ov9433_rep8_Dep6_Tu1,0.358,1.259,0.383,0.008,0.487,0.008,1.212,3.416,2.553,3.980,2.120,2.553,18.550,4.891,1.112,13.006,1.672,9.379,25.547,4.257,0.849,0.559,1.841
Ov9433_rep2_Dep6_Tu30,2.814,2.812,2.505,2.434,3.940,0.771,2.580,1.761,2.720,2.638,3.733,1.925,5.905,6.006,18.981,4.942,7.483,3.923,6.569,0.742,0.683,6.441,7.691
Ov9433_rep7_Dep6_Tu1,0.294,0.925,0.021,0.012,1.025,0.103,2.063,3.647,3.215,2.915,4.932,1.388,12.867,8.436,1.359,5.483,15.605,4.999,5.218,4.889,6.977,1.694,11.932
Ov9433_rep6_Dep6_Tu3,0.031,1.116,0.468,0.033,2.330,0.107,2.249,3.253,3.060,2.887,4.057,1.796,12.036,6.186,1.028,7.465,2.111,0.377,11.276,3.417,14.321,8.091,12.305
Ov9433_rep8_Dep6_Tu0.3,0.192,1.110,0.224,0.002,1.756,0.007,1.876,1.030,3.561,2.844,3.723,2.759,11.559,6.102,1.290,8.936,23.331,0.273,12.952,1.988,4.801,2.451,7.234
Ov9433_rep5_Dep6_Tu3,0.674,1.323,0.463,0.061,2.008,0.026,1.813,5.447,3.308,0.773,1.502,1.759,10.399,13.379,1.299,8.813,8.707,4.791,7.744,3.665,10.345,2.744,8.958
Ov9433_rep4_Dep6_Tu0.1,0.285,0.944,0.093,0.006,1.645,0.003,2.374,2.359,1.497,3.378,6.470,2.326,3.834,17.954,1.395,3.274,9.296,0.036,8.998,3.722,13.647,8.024,8.440
Ov9433_rep2_Dep6_Tu40,3.246,5.076,5.039,4.664,2.732,1.293,2.964,2.496,0.932,1.210,4.312,0.806,6.330,1.432,20.267,3.670,0.379,11.583,3.535,5.434,1.570,2.910,8.120
Ov9433_rep2_Dep6_Tu20,1.150,1.377,2.743,1.944,2.959,0.507,1.417,0.911,4.447,4.230,4.199,1.960,4.520,9.711,10.422,2.327,1.424,0.575,5.901,5.048,13.803,2.462,15.964
Ov9433_rep10_Dep6_Tu3,0.252,1.894,0.139,0.079,2.583,0.084,2.262,2.511,1.379,4.007,5.481,2.008,2.304,11.410,1.527,7.169,4.240,5.723,7.254,11.071,11.562,3.835,11.224
Ov9433_rep4_Dep6_Tu3,0.262,0.437,0.955,0.044,3.251,0.011,2.755,4.236,0.592,0.131,7.071,2.196,5.056,6.860,0.239,4.243,0.451,17.762,1.460,9.750,3.561,25.231,3.447
Ov9433_rep2_Dep6_Tu3,0.499,1.123,0.270,0.134,1.726,0.091,1.725,0.552,5.147,5.354,4.800,1.069,11.349,4.903,0.856,10.355,10.844,1.610,3.203,10.050,8.106,6.448,9.786
Ov9433_rep3_Dep6_Tu50,2.317,6.427,5.187,6.674,6.435,1.290,1.430,0.996,2.971,1.812,0.545,1.602,1.280,3.809,27.834,5.943,2.497,1.025,2.502,2.950,3.996,2.846,7.631
Ov9433_rep6_Dep6_Tu2,0.359,0.489,0.589,0.015,1.401,0.069,2.163,2.188,1.558,4.198,5.645,2.446,14.490,8.631,0.916,4.280,3.266,20.674,3.030,6.691,9.702,1.739,5.460
Ov9433_rep1_Dep6_Tu30,2.229,6.138,2.517,2.105,0.279,0.849,3.537,2.007,0.735,2.708,3.986,3.040,4.734,7.926,20.126,4.918,5.275,5.002,11.967,1.208,2.986,4.384,1.343
Ov9433_rep9_Dep6_Tu40,4.835,3.988,4.554,6.218,0.042,1.792,0.789,1.928,2.387,1.873,2.598,2.209,5.419,0.502,15.825,9.329,8.502,13.459,2.003,4.289,0.594,0.167,6.698
Ov9433_rep8_Dep6_Tu0.1,0.234,1.043,0.304,0.006,1.944,0.055,2.359,6.174,2.580,1.343,4.383,1.295,13.177,6.417,0.499,8.998,10.732,1.102,4.161,8.074,15.039,7.004,3.077
Ov9433_rep7_Dep6_Tu0.5,0.158,1.465,0.033,0.009,0.817,0.082,0.700,3.024,3.893,4.811,3.310,2.447,12.176,10.516,1.138,8.641,6.798,3.953,9.296,2.638,12.401,3.430,8.264
Ov9433_rep7_Dep6_Tu0.1,0.448,0.596,0.210,0.005,0.143,0.004,1.869,3.224,5.205,4.411,1.282,1.040,13.948,13.966,0.999,13.069,6.782,7.664,6.758,1.663,3.759,1.455,11.499
Ov9433_rep9_Dep6_Tu2,0.076,0.335,0.487,0.012,1.475,0.064,1.809,3.102,4.830,3.581,3.051,1.691,7.804,10.617,2.959,4.359,11.434,5.467,9.787,5.750,10.444,6.920,3.945
Ov9433_rep3_Dep6_Tu2,0.317,0.969,0.386,0.011,2.312,0.034,0.963,4.022,3.249,3.391,5.332,2.201,2.072,1.957,1.188,4.622,8.769,3.690,2.748,10.052,8.649,11.926,21.140
Ov9433_rep4_Dep6_Tu40,2.453,5.915,4.081,3.817,3.267,0.992,0.665,1.595,1.909,3.233,3.327,2.874,4.408,6.501,24.730,1.468,7.773,8.971,1.077,2.602,0.380,2.873,5.089
Ov9433_rep9_Dep6_Tu10,0.318,2.761,0.128,0.880,2.130,0.205,0.967,3.987,1.712,2.694,3.967,3.097,12.468,6.114,6.920,6.536,7.690,1.775,8.748,21.301,0.982,1.932,2.687
Ov9433_rep9_Dep6_Tu50,4.219,4.649,3.584,6.567,5.939,1.359,0.752,2.796,3.750,1.437,0.170,1.250,0.985,0.971,31.469,1.552,6.749,0.863,5.244,0.330,5.714,1.423,8.229
Ov9433_rep2_Dep6_Tu1,0.406,1.397,0.282,0.006,0.364,0.082,0.994,2.808,4.218,2.312,5.640,2.475,14.314,12.085,1.613,5.671,8.386,5.243,2.451,4.531,0.377,7.995,16.348
Ov9433_rep8_Dep6_Tu3,0.534,2.276,0.076,0.029,1.760,0.024,2.397,5.998,0.164,1.954,4.152,1.114,5.602,0.229,0.511,0.430,7.438,7.557,12.854,14.390,4.431,16.766,9.312
Ov9433_rep3_Dep6_Tu40,4.439,4.735,2.093,5.117,5.114,1.157,0.860,1.541,3.303,0.693,3.479,1.593,5.198,1.124,19.457,13.814,0.776,6.229,1.478,4.368,2.257,2.606,8.571
Ov9433_rep6_Dep6_Tu40,2.157,5.531,5.365,6.276,4.467,0.183,1.714,1.590,2.176,1.368,2.757,0.984,3.683,4.337,18.265,10.603,0.478,7.660,2.128,2.756,5.199,5.743,4.580
Ov9433_rep6_Dep6_Tu50,1.631,3.706,6.754,7.397,1.887,2.236,2.821,1.044,2.973,3.016,1.304,1.810,2.471,1.803,25.576,4.150,3.569,6.644,0.434,4.997,8.250,3.565,1.962
Ov9433_rep5_Dep6_Tu2,0.243,1.679,0.285,0.026,1.605,0.092,1.474,6.014,1.032,1.868,4.561,2.252,11.702,15.060,1.166,6.446,3.688,16.373,0.658,1.942,11.079,5.320,5.433
Ov9433_rep9_Dep6_Tu3,0.779,1.426,0.094,0.033,0.797,0.090,2.342,4.983,4.243,0.054,5.035,1.971,10.756,1.773,1.588,3.260,12.463,8.503,7.807,16.475,4.811,1.465,9.253
Ov9433_rep10_Dep6_Tu40,1.772,5.391,4.857,4.778,1.552,1.311,3.680,2.235,0.656,3.496,3.477,1.008,4.318,4.263,21.186,0.021,8.203,4.630,2.453,10.993,6.001,3.091,0.628
Ov9433_rep1_Dep6_Tu50,3.938,3.415,5.001,7.522,6.577,0.917,1.819,2.578,1.208,1.917,2.491,1.724,3.523,1.973,28.895,7.056,3.957,2.385,0.792,5.379,1.200,1.809,3.925
Ov9433_rep6_Dep6_Tu5,0.043,1.167,0.988,0.149,1.010,0.149,2.759,2.766,2.147,2.240,5.412,2.557,13.656,6.769,2.826,3.181,1.830,0.572,3.010,0.027,3.478,24.218,19.047
Ov9433_rep2_Dep6_Tu2,0.490,1.725,0.269,0.026,2.554,0.036,0.197,2.090,2.477,3.461,5.713,2.460,10.866,9.513,0.762,1.040,12.850,7.649,13.252,2.545,3.666,14.733,1.626
Ov9433_rep9_Dep6_Tu0.5,0.060,1.018,0.252,0.008,0.612,0.054,1.768,4.676,3.881,2.331,4.661,0.898,11.746,23.952,2.361,11.449,0.615,2.936,3.447,5.568,7.487,7.752,2.468
Ov9433_rep3_Dep6_Tu5,0.441,1.420,1.039,0.059,2.320,0.054,1.568,1.348,3.455,4.442,2.944,2.777,12.385,2.382,3.456,8.215,9.854,7.578,10.557,7.661,4.689,5.761,5.593
Ov9433_rep4_Dep6_Tu1,0.288,2.126,0.274,0.016,1.637,0.071,2.079,1.927,4.517,1.231,5.595,0.394,11.768,9.269,0.365,0.178,0.518,4.455,1.734,25.470,12.667,3.340,10.083
Ov9433_rep3_Dep6_Tu1,0.224,1.140,0.236,0.007,1.404,0.012,2.145,1.886,3.393,2.900,4.652,2.495,2.123,11.993,0.229,15.255,6.479,9.769,4.565,16.827,1.629,6.183,4.454
Ov9433_rep1_Dep6_Tu0.5,0.093,0.101,0.439,0.013,2.646,0.022,1.000,0.035,8.370,0.404,6.822,2.082,0.121,15.206,0.775,6.883,14.572,3.496,0.232,4.106,19.528,9.343,3.714
Ov9433_rep5_Dep6_Tu0.1,0.280,0.290,0.416,0.002,1.288,0.028,1.857,2.569,4.811,0.880,6.133,1.610,9.365,4.204,1.233,8.142,8.001,2.224,25.918,6.662,5.428,6.632,2.029
Ov9433_rep7_Dep6_Tu0.3,0.083,1.342,0.166,0.015,0.409,0.053,2.357,5.412,1.009,0.593,5.579,3.071,15.054,2.222,1.833,3.227,6.960,5.568,5.817,8.096,6.975,2.982,21.177
Ov9433_rep1_Dep6_Tu40,4.374,0.149,4.330,5.954,6.300,0.928,1.138,1.876,1.517,1.182,3.567,2.570,5.304,2.220,18.787,8.004,2.828,12.529,8.028,0.514,1.616,4.903,1.386
Ov9433_rep8_Dep6_Tu2,0.435,1.714,0.303,0.024,1.814,0.038,1.113,3.175,2.662,2.858,5.283,2.892,1.911,9.963,1.247,3.126,14.407,9.293,11.818,7.200,0.770,7.120,10.834
Ov9433_rep2_Dep6_Tu0.3,0.196,0.292,0.251,0.004,2.529,0.035,0.544,5.454,2.583,0.808,4.326,2.233,14.355,3.782,1.215,5.744,5.933,1.115,24.227,13.408,3.269,2.674,5.024
Ov9433_rep7_Dep6_Tu20,1.393,2.349,1.123,1.585,3.448,0.367,1.043,3.239,3.320,5.343,1.100,1.722,11.406,9.959,13.315,7.507,6.515,6.579,5.163,0.541,5.555,0.149,7.281
Ov9433_rep6_Dep6_Tu0.5,0.169,0.382,0.418,0.016,2.688,0.003,1.877,4.288,1.927,2.444,5.101,2.415,0.924,4.716,0.539,5.661,8.808,2.797,5.449,9.261,9.439,21.113,9.565
Ov9433_rep8_Dep6_Tu40,1.828,4.142,4.862,4.309,0.697,1.068,3.256,2.245,2.747,4.093,1.754,1.074,3.354,4.087,26.816,6.922,2.670,3.521,4.843,3.205,7.153,0.992,4.364
Ov9433_rep10_Dep6_Tu30,3.896,5.935,3.039,4.774,3.596,1.054,1.807,3.968,0.450,0.723,2.428,1.513,4.986,8.409,4.648,6.997,7.292,10.534,0.573,1.066,15.519,1.540,5.249
Ov9433_rep7_Dep6_Tu50,4.095,7.768,4.040,7.223,2.885,1.759,0.207,0.922,2.261,3.344,1.722,1.631,3.096,0.362,27.255,5.872,5.251,3.472,3.620,1.941,0.443,3.805,7.026
Ov9433_rep1_Dep6_Tu1,0.203,1.201,0.388,0.006,2.121,0.023,1.576,3.142,0.364,4.282,6.560,3.013,7.286,8.533,0.506,3.484,13.497,6.139,2.685,8.527,1.250,20.403,4.812
Ov9433_rep2_Dep6_Tu0.5,0.268,0.903,0.357,0.002,1.636,0.019,1.814,3.078,1.513,3.542,2.681,3.456,2.473,11.254,1.171,0.710,23.794,6.453,12.450,0.405,6.334,5.001,10.688
Ov9433_rep1_Dep6_Tu10,0.357,2.113,1.387,0.413,1.474,0.296,3.188,0.153,3.449,4.317,4.873,2.158,0.973,13.447,4.824,9.073,4.252,2.286,1.197,24.900,3.800,7.106,3.963
Ov9433_rep5_Dep6_Tu0.3,0.302,0.319,0.001,0.001,2.069,0.042,1.067,5.187,4.166,0.736,5.703,2.098,2.374,10.489,0.707,0.238,2.556,17.932,7.395,11.225,19.167,2.860,3.366
Ov9433_rep7_Dep6_Tu40,1.964,5.236,3.360,4.739,3.595,1.017,2.232,1.573,2.112,3.801,2.407,2.205,2.202,3.014,21.987,7.615,8.326,4.951,0.999,6.574,5.567,4.511,0.014
Ov9433_rep8_Dep6_Tu50,5.675,0.981,5.321,7.353,5.749,1.015,2.525,2.400,2.612,2.264,1.615,1.073,0.210,0.414,26.121,3.527,2.806,10.359,1.744,5.947,2.767,4.485,3.037
Ov9433_rep5_Dep6_Tu50,1.470,5.404,7.350,7.595,2.004,2.264,2.936,2.262,0.049,0.682,2.584,2.690,0.666,1.606,25.266,3.812,5.332,4.315,4.920,2.157,3.746,4.962,5.926
Ov9433_rep4_Dep6_Tu5,0.762,1.147,1.008,0.085,1.570,0.117,3.089,2.654,6.568,0.004,0.149,2.240,12.454,3.920,0.808,3.286,1.378,19.460,3.106,7.241,14.573,8.603,5.778
Ov9433_rep3_Dep6_Tu3,0.494,0.237,0.552,0.043,3.123,0.034,2.629,1.269,2.424,6.551,0.692,3.336,16.802,9.088,2.275,0.004,12.968,1.401,10.551,1.686,11.223,4.370,8.249
Ov9433_rep8_Dep6_Tu0.5,0.278,1.592,0.338,0.001,1.439,0.008,2.947,5.266,1.207,5.305,0.291,0.278,3.541,12.309,0.965,3.885,14.324,3.187,3.462,12.662,21.048,2.966,2.701
Ov9433_rep9_Dep6_Tu20,0.100,4.603,1.254,1.961,4.161,0.508,2.520,1.848,2.889,2.031,4.118,2.465,7.675,2.923,9.030,2.036,7.574,2.337,4.118,4.968,13.585,8.881,8.413
Ov9433_rep10_Dep6_Tu0.3,0.167,1.541,0.073,0.009,1.726,0.042,1.346,1.029,5.117,3.181,5.630,1.527,15.223,16.192,0.045,6.948,8.744,4.659,11.707,5.672,3.895,0.132,5.393
Ov9433_rep5_Dep6_Tu40,0.060,4.298,4.335,4.658,5.120,1.542,2.459,3.596,3.006,0.793,3.030,2.760,4.523,4.077,23.339,0.517,11.207,6.733,2.579,1.082,1.839,1.262,7.186
Ov9433_rep2_Dep6_Tu50,3.046,1.619,7.370,5.944,3.508,1.549,2.111,3.080,3.307,3.433,2.857,0.633,0.438,2.322,32.075,5.295,6.320,5.335,1.810,0.805,2.902,0.609,3.632
Ov9433_rep1_Dep6_Tu20,1.113,4.141,0.094,1.587,3.570,0.502,2.649,0.628,2.814,4.720,4.352,2.265,3.632,15.411,11.681,3.431,12.953,5.772,0.838,5.360,3.177,4.792,4.518
Ov9433_rep3_Dep6_Tu0.1,0.348,0.807,0.421,0.001,0.781,0.032,3.011,0.434,2.813,5.046,6.425,0.703,13.396,0.398,0.519,11.738,14.411,11.304,4.384,10.030,3.180,2.557,7.261
Ov9433_rep5_Dep6_Tu20,0.226,3.363,2.416,1.903,3.562,0.643,0.510,2.613,4.499,3.530,4.984,0.539,1.627,1.622,8.067,3.258,2.858,13.580,7.360,14.399,0.633,8.483,9.324
Ov9433_rep3_Dep6_Tu30,2.072,4.766,1.666,2.794,1.798,0.870,1.782,3.326,3.265,1.923,3.553,2.272,3.519,7.556,19.139,7.565,0.837,5.394,4.840,5.242,1.668,4.827,9.326
Ov9433_rep6_Dep6_Tu0.1,0.547,0.298,0.563,0.011,0.039,0.017,1.306,3.055,2.452,4.280,6.067,2.914,7.408,18.965,0.500,0.391,0.963,8.712,3.945,0.950,8.488,9.715,18.415
Ov9433_rep5_Dep6_Tu30,0.190,5.779,2.894,3.509,5.331,0.462,1.407,3.702,4.406,1.270,1.719,0.934,2.323,9.397,17.931,2.084,2.887,0.966,6.171,5.945,5.437,5.003,10.254
Ov9433_rep3_Dep6_Tu0.3,0.241,1.689,0.217,0.006,1.729,0.017,1.763,4.326,0.451,3.304,3.829,2.734,11.014,15.036,0.070,5.826,3.635,2.412,2.811,8.757,18.051,3.508,8.572
Ov9433_rep9_Dep6_Tu1,0.132,0.560,0.428,0.011,0.806,0.046,1.677,3.145,3.979,4.720,3.430,1.605,4.679,8.151,1.063,10.749,2.483,0.022,21.504,10.693,1.988,5.947,12.183
Ov9433_rep6_Dep6_Tu1,0.387,1.600,0.229,0.008,0.860,0.089,1.245,4.027,2.661,2.806,4.974,1.878,12.231,18.693,0.974,0.535,14.493,7.577,0.887,8.566,4.766,5.066,5.449
Ov9433_rep10_Dep6_Tu1,0.336,1.600,0.174,0.015,2.335,0.007,1.675,2.218,4.591,1.605,3.301,1.282,10.751,8.013,0.037,0.954,4.066,6.941,20.000,9.583,5.757,8.283,6.476
Ov9433_rep7_Dep6_Tu5,0.683,2.221,0.881,0.041,0.151,0.131,2.887,1.216,5.650,1.757,4.572,2.567,5.681,23.235,3.783,12.421,13.375,4.666,3.090,3.767,6.198,0.893,0.135
Ov9433_rep3_Dep6_Tu0.5,0.314,1.456,0.483,0.002,0.784,0.030,2.394,2.646,1.730,3.319,7.304,1.424,4.071,10.786,0.868,1.607,10.673,5.321,6.004,15.328,4.976,6.398,12.083
Ov9433_rep4_Dep6_Tu30,3.125,4.592,3.319,5.025,1.513,0.997,2.530,1.917,2.136,2.391,2.100,1.897,5.050,5.380,7.501,7.432,15.186,7.604,5.201,1.148,3.156,5.508,5.289
Ov9433_rep4_Dep6_Tu0.5,0.368,0.889,0.232,0.011,0.617,0.073,1.939,2.995,4.069,3.552,3.069,1.598,13.413,8.063,0.404,2.902,1.155,8.789,6.295,20.847,8.319,7.584,2.819
Ov9433_rep3_Dep6_Tu20,1.159,2.438,2.053,1.827,2.963,0.474,2.095,2.735,2.030,3.154,3.495,1.968,10.474,3.034,10.400,4.834,22.638,3.931,2.199,1.251,1.092,8.253,5.500
Ov9433_rep6_Dep6_Tu10,0.858,1.665,1.369,0.297,2.464,0.364,1.465,4.030,2.161,3.534,3.072,1.882,10.836,6.558,4.061,0.742,5.548,13.243,9.937,9.398,5.003,5.559,5.952
Ov9433_rep5_Dep6_Tu10,0.189,0.311,2.301,0.840,4.197,0.322,0.920,1.317,4.800,1.614,4.217,2.735,3.508,5.360,5.991,1.362,13.861,1.088,7.657,22.637,4.603,0.092,10.078
Ov9433_rep8_Dep6_Tu10,0.710,4.160,0.215,0.630,3.049,0.160,3.155,1.844,5.224,1.852,2.463,1.642,12.815,6.644,4.521,9.433,2.847,0.575,8.381,10.302,6.913,9.931,2.534
Ov9433_rep7_Dep6_Tu2,0.403,1.043,0.554,0.012,0.414,0.024,1.699,3.280,0.899,4.772,5.669,1.729,11.389,14.096,1.544,2.000,2.861,4.954,8.758,1.488,1.917,22.340,8.156
Ov9433_rep10_Dep6_Tu2,0.423,1.577,0.405,0.001,2.269,0.042,2.179,3.876,2.725,0.027,5.009,2.210,15.009,12.191,1.751,8.706,2.414,4.872,7.918,7.661,2.275,11.864,4.596
Ov9433_rep7_Dep6_Tu30,1.096,3.705,3.153,3.538,2.489,0.922,2.710,3.261,0.742,3.567,1.975,2.160,5.845,4.077,15.794,9.784,4.527,6.759,5.622,0.796,6.824,1.116,9.539
Ov9433_rep1_Dep6_Tu0.1,0.420,1.120,0.098,0.006,0.904,0.035,2.197,4.407,1.812,1.813,2.960,2.460,14.266,17.199,0.698,15.610,6.718,0.167,22.893,1.080,0.520,2.607,0.013
Ov9433_rep8_Dep6_Tu20,1.473,2.719,1.787,1.268,3.199,0.509,2.918,4.904,3.013,0.829,2.633,1.945,7.891,0.834,10.899,13.667,11.001,4.505,0.174,6.091,8.130,9.257,0.352
Ov9433_rep10_Dep6_Tu0.1,0.213,0.588,0.343,0.002,1.910,0.024,2.128,0.222,4.144,3.331,6.008,2.701,13.659,13.455,0.939,6.816,1.536,3.873,16.282,0.819,9.333,4.481,7.193
Ov9433_rep7_Dep6_Tu10,0.978,2.270,1.647,0.655,2.173,0.236,1.570,2.382,2.190,3.747,4.838,1.059,8.880,16.394,4.034,2.026,14.530,8.572,7.826,2.217,3.921,4.236,3.621
Ov9433_rep10_Dep6_Tu50,2.728,4.595,4.320,7.235,5.805,1.797,1.954,2.015,1.961,2.691,1.379,1.786,2.053,0.892,26.236,5.906,3.302,3.228,0.077,2.190,10.047,5.086,2.716
Ov9433_rep2_Dep6_Tu0.1,0.041,1.129,0.148,0.000,2.293,0.047,1.841,5.165,2.505,0.306,6.904,1.980,1.077,5.209,0.937,7.075,8.897,8.513,13.811,12.416,4.942,5.875,8.888
Ov9433_rep10_Dep6_Tu10,1.102,2.227,1.101,0.530,3.173,0.169,0.231,4.037,3.321,4.691,3.983,1.204,7.710,6.324,3.416,3.911,10.234,7.959,3.849,5.738,9.133,5.607,10.349
Ov9433_rep10_Dep6_Tu20,0.406,1.702,1.386,2.611,4.670,0.607,2.711,3.228,3.481,2.314,3.115,1.952,5.723,7.741,6.927,3.302,9.221,23.358,1.918,3.375,7.192,0.705,2.355
