Sample,BRCA,CEAD,CESC,COAD,OV,READ,bcell,cd4tcell,cd8tcell,erythroblast,monocyte,naturalkillercell,neutrophil,Unknown-1,Unknown-2,Unknown-3,Unknown-4,Unknown-5,Unknown-6,Unknown-7,Unknown-8,Unknown-9,Unknown-10
Colo_rep2_Dep6_Tu0.5,0.075,0.228,1.180,0.127,5.864,0.336,1.756,5.293,7.105,3.489,6.521,1.798,10.679,3.351,2.321,8.555,13.747,8.301,9.205,3.566,4.155,1.558,0.790
Colo_rep2_Dep6_Tu50,1.999,0.540,2.370,1.384,4.237,36.270,0.396,5.990,5.164,4.521,6.233,0.242,0.018,1.866,8.375,1.946,6.859,0.576,2.495,2.206,3.164,0.691,2.461
Colo_rep6_Dep6_Tu1,0.288,7.892,0.985,0.124,4.457,0.427,3.624,3.883,3.087,2.964,6.641,4.774,3.870,1.917,0.608,4.437,9.737,3.881,7.658,3.428,2.656,6.540,16.123
Colo_rep3_Dep6_Tu2,0.653,5.404,0.909,0.216,5.494,0.394,3.053,5.162,2.877,4.657,6.263,2.190,8.632,2.041,1.167,3.093,8.570,0.421,14.359,8.809,2.417,3.116,10.104
Colo_rep7_Dep6_Tu2,0.899,2.136,1.029,0.116,3.333,1.006,2.842,5.547,4.274,5.834,5.497,2.565,9.939,1.065,1.831,2.470,7.183,6.525,6.209,11.267,7.542,5.276,5.616
Colo_rep8_Dep6_Tu0.1,0.459,2.604,0.932,0.006,6.208,0.317,0.623,9.032,0.166,3.774,3.978,6.633,10.623,10.364,3.001,3.783,1.312,7.068,7.017,2.294,5.737,7.707,6.363
Colo_rep10_Dep6_Tu2,0.506,7.810,0.940,0.278,4.606,0.261,4.037,2.375,1.489,6.811,5.930,4.973,0.303,5.288,0.800,6.314,15.637,5.232,5.963,0.926,11.627,1.135,6.758
Colo_rep6_Dep6_Tu3,0.682,3.634,1.428,0.258,7.206,1.182,5.705,4.018,2.512,3.532,3.327,0.293,13.091,0.154,0.994,6.092,7.641,7.254,1.388,11.162,7.991,0.328,10.126
Colo_rep9_Dep6_Tu30,1.349,8.164,1.611,0.793,2.475,21.732,3.615,1.177,5.223,1.757,3.410,4.847,5.150,1.548,9.537,2.716,0.658,4.220,2.733,1.501,6.668,6.538,2.578
Colo_rep9_Dep6_Tu0.5,0.378,5.211,1.007,0.167,3.534,0.170,3.861,3.349,2.665,5.236,5.368,2.129,10.785,3.960,0.089,16.204,4.979,8.636,7.480,1.709,1.010,1.058,11.015
Colo_rep6_Dep6_Tu20,1.125,6.195,1.609,0.587,3.303,13.939,5.376,1.538,5.781,2.433,2.185,1.765,10.068,3.262,4.474,3.515,6.103,0.469,4.666,12.020,3.910,0.396,5.282
Colo_rep8_Dep6_Tu30,2.162,2.279,1.933,0.049,4.487,21.235,3.184,2.551,5.335,5.834,5.105,2.280,2.909,3.527,7.854,0.468,9.710,0.394,0.376,2.972,3.782,6.177,5.399
Colo_rep3_Dep6_Tu5,0.181,2.039,1.437,0.241,4.257,3.140,4.312,1.112,4.297,7.394,4.046,3.727,11.842,1.712,2.156,8.057,8.303,1.541,6.815,4.915,8.030,4.069,6.378
Colo_rep4_Dep6_Tu3,0.509,9.216,1.318,0.181,4.352,1.399,3.455,1.260,6.771,2.143,5.011,3.283,6.164,8.507,3.497,0.089,7.943,10.742,4.093,2.082,1.785,10.554,5.645
Colo_rep2_Dep6_Tu10,1.204,7.307,0.520,0.383,5.615,6.634,4.019,0.727,0.242,2.758,7.865,5.276,8.958,7.142,4.142,4.754,9.742,3.182,2.332,0.344,9.543,2.036,5.271
Colo_rep3_Dep6_Tu40,1.869,3.247,2.136,1.376,2.167,29.080,3.203,4.026,4.099,3.569,1.447,3.070,5.261,4.356,7.382,3.260,2.066,0.267,1.591,2.347,5.783,6.595,1.805
Colo_rep3_Dep6_Tu30,1.865,1.854,2.411,1.013,4.435,21.738,1.220,2.022,9.261,2.563,1.164,2.251,8.371,1.922,6.987,2.503,6.309,4.165,3.280,1.964,8.188,1.248,3.267
Colo_rep6_Dep6_Tu30,0.942,4.586,1.946,0.668,1.585,22.340,3.318,5.900,4.991,4.726,5.275,0.920,4.346,8.027,3.634,0.023,2.716,1.072,2.812,6.078,1.978,9.181,2.935
Colo_rep4_Dep6_Tu50,2.151,1.223,2.628,0.984,3.684,36.133,2.537,2.880,5.742,2.785,3.521,4.592,1.739,6.260,6.274,1.549,1.463,0.027,1.464,2.399,5.085,3.201,1.679
Colo_rep5_Dep6_Tu50,2.470,3.712,1.097,0.942,2.035,36.503,2.544,4.983,4.380,2.673,3.808,3.684,0.755,4.325,4.304,2.694,6.787,3.366,2.065,1.430,0.971,4.052,0.418
Colo_rep6_Dep6_Tu2,0.305,4.734,0.463,0.355,6.719,0.681,1.716,6.366,3.771,5.500,6.684,2.857,6.324,2.211,8.342,2.528,0.483,1.058,3.873,1.008,9.355,12.621,12.043
Colo_rep10_Dep6_Tu50,3.405,4.260,1.003,0.225,3.452,36.466,3.276,7.405,0.218,3.579,3.609,3.074,1.288,5.162,2.274,1.984,4.165,0.697,2.520,1.570,3.416,4.234,2.719
Colo_rep7_Dep6_Tu50,1.573,0.550,2.372,1.561,3.830,35.940,3.867,2.590,3.697,3.784,3.373,4.373,3.028,1.468,7.058,3.610,3.083,1.548,2.133,2.764,0.224,2.788,4.786
Colo_rep9_Dep6_Tu40,2.593,0.012,1.692,1.418,5.478,28.272,2.040,5.482,0.692,4.865,4.449,3.943,5.233,6.305,4.247,1.823,4.075,5.719,2.379,0.081,1.168,6.422,1.615
Colo_rep8_Dep6_Tu5,0.847,6.845,1.292,0.502,5.147,2.466,3.198,9.317,3.074,0.963,3.493,2.551,7.362,5.015,9.096,2.102,4.463,1.663,1.573,15.281,4.340,9.055,0.356
Colo_rep1_Dep6_Tu20,0.967,6.681,0.918,1.049,3.823,14.453,3.742,5.045,5.188,2.839,3.450,1.618,7.862,5.959,7.623,1.731,3.686,5.220,6.699,3.167,2.625,2.565,3.093
Colo_rep9_Dep6_Tu2,0.292,5.231,1.249,0.237,5.227,0.391,2.771,0.869,6.908,3.986,7.009,2.924,9.052,7.359,1.242,12.269,2.657,3.414,5.899,6.054,4.232,1.131,9.597
Colo_rep5_Dep6_Tu30,2.294,1.445,1.861,0.176,4.664,21.792,3.930,3.999,6.759,0.543,6.107,2.895,6.030,4.340,1.800,3.279,6.087,4.541,5.121,3.721,2.469,3.735,2.410
Colo_rep4_Dep6_Tu0.1,0.562,1.341,1.126,0.134,5.715,0.061,1.299,8.738,1.085,3.484,6.131,5.081,7.849,6.036,4.347,9.026,4.163,5.361,9.966,7.010,1.625,3.981,5.877
Colo_rep5_Dep6_Tu0.1,0.570,2.129,0.909,0.134,4.596,0.062,0.274,6.178,2.266,3.681,7.492,4.866,10.939,6.622,0.910,4.465,14.579,5.668,3.737,0.485,8.234,4.302,6.904
Colo_rep9_Dep6_Tu3,0.888,2.352,1.405,0.075,0.600,2.215,3.852,3.876,9.992,2.796,1.532,4.277,8.853,5.432,3.200,3.763,7.337,1.153,6.076,4.395,6.107,12.664,7.163
Colo_rep2_Dep6_Tu0.1,0.761,1.598,1.133,0.220,1.796,0.229,3.301,4.528,8.227,4.484,3.123,4.988,5.515,9.389,8.636,3.602,5.525,8.615,1.280,4.285,0.760,8.173,9.832
Colo_rep8_Dep6_Tu10,1.097,7.163,1.383,0.418,5.828,6.283,0.621,1.902,6.915,3.113,4.012,4.554,10.328,7.209,0.946,0.585,3.527,8.277,9.569,4.456,6.355,4.672,0.785
Colo_rep4_Dep6_Tu30,2.110,2.597,1.377,0.824,0.736,21.828,3.892,3.705,3.786,4.160,6.152,3.998,6.897,6.578,1.946,1.009,8.130,0.324,3.775,5.144,5.163,2.090,3.780
Colo_rep2_Dep6_Tu2,0.459,4.063,1.210,0.226,4.255,0.965,3.729,6.617,5.973,3.100,5.388,3.896,0.427,2.569,3.319,3.374,2.217,6.954,3.929,16.135,9.779,5.744,5.671
Colo_rep1_Dep6_Tu5,0.692,4.759,1.411,0.380,7.248,2.291,4.597,2.625,2.782,3.478,1.213,5.499,12.447,6.826,10.190,2.149,6.618,0.252,10.823,3.477,3.138,3.743,3.360
Colo_rep8_Dep6_Tu50,2.684,4.916,1.494,0.521,2.641,36.842,3.723,5.033,5.612,1.161,3.701,2.503,1.397,4.220,1.876,0.777,2.816,3.560,2.598,0.079,5.972,4.105,1.769
Colo_rep5_Dep6_Tu5,1.268,8.114,1.224,0.248,5.263,2.261,3.362,7.886,1.164,4.060,4.417,2.862,1.184,0.050,8.527,1.885,0.274,8.237,10.380,5.979,2.107,11.806,7.441
Colo_rep6_Dep6_Tu50,1.383,5.462,1.524,0.905,2.834,36.626,3.949,4.074,3.716,3.618,0.867,4.061,1.638,3.591,5.733,0.022,2.684,2.874,4.298,0.965,6.672,1.858,0.645
Colo_rep5_Dep6_Tu0.5,0.398,0.959,1.047,0.285,4.341,0.116,2.852,8.992,6.901,2.164,2.042,1.891,8.556,2.083,9.150,6.135,14.636,9.522,4.485,2.616,8.178,2.215,0.434
Colo_rep4_Dep6_Tu20,0.966,6.190,1.027,0.493,5.023,14.055,2.790,4.415,4.010,4.148,5.609,4.011,6.324,1.824,4.442,5.358,1.230,7.867,0.335,4.327,1.643,8.086,5.826
Colo_rep8_Dep6_Tu40,2.057,2.969,0.809,0.955,4.742,28.889,3.518,3.025,4.821,2.037,4.680,4.055,1.007,2.323,3.164,10.484,0.977,1.125,5.012,2.390,8.060,2.658,0.243
Colo_rep7_Dep6_Tu0.3,1.041,0.925,0.585,0.236,1.038,0.618,2.233,7.393,3.444,4.729,7.071,3.189,10.750,7.003,4.846,5.594,4.314,6.528,4.992,4.156,7.564,5.924,5.827
Colo_rep7_Dep6_Tu30,2.225,4.850,0.145,0.963,2.842,21.238,3.936,1.078,7.164,2.553,3.406,3.475,3.827,0.063,3.486,10.544,6.695,3.510,0.289,3.312,6.979,4.701,2.717
Colo_rep10_Dep6_Tu20,1.438,7.343,0.772,0.354,3.606,14.043,3.721,5.009,5.412,4.222,1.294,2.236,8.675,5.809,7.878,2.628,0.012,0.390,3.111,6.121,0.965,7.191,7.770
Colo_rep9_Dep6_Tu10,1.128,5.468,1.138,0.756,6.867,6.308,1.245,9.157,0.135,2.916,11.544,0.509,0.978,12.654,9.278,4.898,4.826,1.873,0.005,3.384,2.304,11.433,1.196
Colo_rep9_Dep6_Tu0.1,0.057,10.624,1.031,0.238,4.695,0.067,3.476,0.181,0.742,6.870,4.555,5.835,7.668,3.866,2.413,2.223,5.107,14.452,15.280,0.074,0.120,4.343,6.083
Colo_rep10_Dep6_Tu0.3,0.556,13.462,1.227,0.004,1.214,0.212,3.281,0.758,0.435,6.579,8.091,5.216,2.226,0.834,4.540,4.635,0.531,10.663,2.752,8.508,6.633,6.058,11.586
Colo_rep8_Dep6_Tu20,1.109,7.180,1.242,0.315,5.706,14.023,2.584,1.978,4.353,3.607,6.811,4.618,4.023,3.338,6.992,3.856,6.695,2.809,4.904,1.090,8.236,0.910,3.622
Colo_rep3_Dep6_Tu3,1.540,8.522,0.380,0.472,4.099,0.810,3.338,3.426,6.227,2.456,8.705,3.081,2.581,3.614,8.728,2.680,10.279,11.595,5.349,2.684,3.965,2.345,3.124
Colo_rep4_Dep6_Tu2,0.731,7.633,0.947,0.112,2.873,1.064,2.509,3.873,6.765,5.659,3.654,1.818,9.915,6.933,3.782,0.235,2.060,13.832,6.247,1.486,0.201,1.531,16.142
Colo_rep10_Dep6_Tu0.1,0.703,3.343,1.327,0.111,2.516,0.293,2.405,6.535,6.298,3.647,3.659,3.868,7.310,9.762,4.431,0.770,4.106,3.011,6.364,8.639,3.988,10.084,6.831
Colo_rep4_Dep6_Tu0.3,0.490,1.755,1.274,0.188,1.888,0.423,0.066,3.932,7.631,5.247,8.940,4.012,7.109,7.389,7.621,2.276,11.896,2.248,8.188,5.626,1.731,8.432,1.638
Colo_rep9_Dep6_Tu0.3,0.184,3.918,1.040,0.135,5.364,0.274,2.287,7.059,3.186,0.799,7.971,5.177,1.618,9.234,1.515,14.929,3.196,0.918,0.088,5.053,16.071,0.218,9.764
Colo_rep1_Dep6_Tu10,0.645,0.129,2.155,0.707,7.077,6.490,2.976,0.120,0.029,5.117,12.026,5.651,8.235,3.284,2.799,2.215,1.944,2.850,11.685,4.269,6.364,10.623,2.616
Colo_rep6_Dep6_Tu0.3,0.341,2.274,1.327,0.241,4.611,0.313,0.259,0.302,8.133,3.109,13.275,3.830,5.299,0.140,15.556,4.730,3.394,4.912,0.327,0.859,12.354,12.639,1.776
Colo_rep6_Dep6_Tu0.5,0.241,6.837,0.524,0.185,4.689,0.236,2.233,2.867,7.061,5.303,6.426,1.211,10.219,13.211,5.759,1.233,3.951,0.412,5.148,11.639,4.278,2.562,3.777
Colo_rep10_Dep6_Tu10,1.101,3.313,1.802,0.047,1.994,7.183,3.732,8.152,1.466,1.985,8.072,4.778,7.196,16.347,0.612,0.937,5.010,0.712,1.166,9.018,5.720,0.973,8.685
Colo_rep10_Dep6_Tu1,0.409,0.328,1.604,0.265,5.013,0.181,4.082,0.762,11.108,4.959,6.732,1.508,6.623,7.071,3.168,2.295,0.951,1.042,8.049,10.753,2.152,12.669,8.276
Colo_rep10_Dep6_Tu5,0.565,4.905,1.301,0.296,6.336,2.680,1.287,3.874,3.948,4.235,6.125,4.706,8.460,8.600,8.440,3.816,4.843,4.157,1.676,4.402,1.386,12.644,1.316
Colo_rep10_Dep6_Tu40,2.297,5.662,2.207,1.366,0.892,29.295,0.804,5.501,4.322,2.964,3.329,2.757,4.400,1.960,3.338,5.466,4.992,3.815,1.337,0.365,3.384,5.784,3.761
Colo_rep10_Dep6_Tu0.5,0.464,6.644,1.174,0.243,4.831,0.305,3.623,4.129,0.427,3.311,8.378,2.618,11.073,6.547,2.596,0.169,2.216,6.927,8.670,10.532,4.241,1.179,9.703
Colo_rep1_Dep6_Tu1,0.015,7.277,0.348,0.201,4.263,0.397,3.225,2.464,3.879,5.000,7.506,4.229,8.679,4.736,6.429,0.046,4.166,9.124,10.393,2.567,0.028,8.094,6.934
Colo_rep7_Dep6_Tu20,1.171,4.364,1.295,0.694,4.575,13.766,2.899,5.858,2.499,5.646,2.336,2.657,8.109,7.816,9.284,8.927,4.944,0.887,0.192,0.740,4.929,1.167,5.247
Colo_rep6_Dep6_Tu10,1.085,8.305,0.915,0.084,5.356,6.570,3.244,4.968,1.211,3.890,6.599,4.107,3.677,15.176,1.649,1.858,2.377,7.390,0.821,2.384,9.305,4.462,4.567
Colo_rep10_Dep6_Tu3,0.719,2.270,1.378,0.383,0.225,1.465,2.293,0.343,8.369,7.741,5.764,4.663,7.049,1.000,7.881,0.754,20.864,2.037,3.178,2.006,8.860,5.999,4.760
Colo_rep1_Dep6_Tu30,0.041,2.936,2.205,0.693,3.592,22.073,1.750,3.022,3.397,6.436,3.523,5.770,3.580,3.859,8.100,1.535,10.236,3.002,2.250,1.543,4.163,1.110,5.185
Colo_rep1_Dep6_Tu0.1,0.285,6.098,0.733,0.144,3.895,0.200,1.697,6.716,2.863,3.004,2.511,4.714,10.969,2.789,4.043,8.852,11.905,4.284,5.008,2.558,6.849,5.717,4.165
Colo_rep7_Dep6_Tu5,0.861,3.504,1.079,0.385,1.570,3.069,3.888,1.632,10.609,4.776,0.515,4.707,7.149,5.191,8.181,8.211,7.616,0.628,0.359,5.665,7.595,0.200,12.609
Colo_rep7_Dep6_Tu0.1,0.131,6.346,0.693,0.013,3.694,0.194,0.859,6.995,2.924,5.011,1.790,3.316,12.183,3.380,7.428,21.653,2.722,0.413,5.965,0.927,2.984,2.027,8.351
Colo_rep6_Dep6_Tu40,2.576,3.509,2.574,0.828,0.522,29.419,2.997,1.677,6.431,4.762,4.823,1.923,3.146,1.393,0.220,3.664,0.033,3.649,5.113,1.959,9.256,6.849,2.676
Colo_rep8_Dep6_Tu2,0.679,4.084,0.723,0.240,2.406,1.085,2.635,6.284,1.214,8.803,4.851,5.810,7.973,2.098,9.491,7.129,3.955,8.285,9.169,5.043,4.075,0.494,3.475
Colo_rep7_Dep6_Tu0.5,0.786,0.081,1.570,0.098,4.949,0.261,4.624,1.865,6.001,0.172,9.289,5.363,4.150,1.079,7.384,3.838,6.270,2.999,0.101,14.552,9.944,5.783,8.840
Colo_rep5_Dep6_Tu20,1.795,8.354,1.669,0.019,2.333,14.064,0.967,2.076,5.325,4.671,6.696,4.746,2.334,6.240,0.037,0.144,2.604,4.969,7.885,5.896,2.807,8.037,6.332
Colo_rep8_Dep6_Tu0.3,0.089,3.583,1.212,0.176,3.670,0.244,2.291,6.100,7.156,5.721,0.705,4.359,5.358,7.384,7.645,3.780,13.162,10.596,5.636,4.968,1.105,2.216,2.843
Colo_rep4_Dep6_Tu5,1.259,6.836,1.652,0.393,0.627,3.777,1.530,7.551,5.134,1.983,10.479,0.850,5.004,5.981,7.270,3.365,4.072,5.077,4.486,8.203,3.879,0.553,10.041
Colo_rep9_Dep6_Tu1,0.178,4.756,1.167,0.173,5.719,0.289,2.567,0.803,6.698,7.263,6.367,3.588,0.778,6.035,5.569,6.918,11.186,6.971,5.038,1.322,7.614,1.658,7.344
Colo_rep1_Dep6_Tu0.5,0.404,7.138,0.932,0.054,4.228,0.112,3.107,3.737,5.055,2.668,4.796,4.091,7.367,0.161,4.561,8.236,4.234,1.690,8.008,4.191,10.647,8.024,6.561
Colo_rep8_Dep6_Tu3,1.034,4.197,0.380,0.377,4.878,1.522,2.229,3.610,10.824,3.247,0.887,1.947,8.116,12.847,11.255,1.144,4.626,1.272,1.086,4.020,6.705,8.497,5.300
Colo_rep5_Dep6_Tu0.3,0.547,10.533,0.265,0.161,4.814,0.285,1.617,4.446,3.071,0.613,9.134,4.316,7.149,3.295,4.720,2.765,1.426,7.133,11.779,8.997,4.747,1.445,6.743
Colo_rep2_Dep6_Tu30,2.213,2.743,1.473,1.377,4.547,20.718,3.420,4.077,5.449,6.197,1.938,1.304,1.632,0.972,5.942,4.125,8.189,4.920,3.611,1.206,7.890,3.449,2.608
Colo_rep7_Dep6_Tu10,1.046,0.289,1.317,0.247,5.690,6.335,4.468,0.703,9.499,1.205,1.124,4.855,8.473,8.158,0.858,12.692,7.317,0.451,0.269,3.214,8.757,2.636,10.397
Colo_rep2_Dep6_Tu40,2.671,4.146,1.851,0.583,0.710,29.657,2.188,6.074,3.300,1.393,3.789,5.797,2.537,7.973,9.086,1.872,1.176,2.736,1.448,2.577,6.449,1.625,0.360
Colo_rep3_Dep6_Tu0.1,0.231,1.274,0.974,0.153,6.644,0.367,3.000,6.127,3.510,3.240,8.670,2.692,9.117,2.916,8.835,0.604,6.036,5.109,6.788,1.801,10.122,3.836,7.954
Colo_rep3_Dep6_Tu1,0.811,0.302,1.065,0.114,6.647,0.574,3.150,10.383,1.755,1.809,6.076,1.300,10.522,11.325,0.782,4.103,7.137,7.148,1.358,1.066,3.624,8.814,10.135
Colo_rep8_Dep6_Tu1,0.558,9.101,1.403,0.167,2.891,0.932,1.507,2.682,5.348,0.601,13.374,1.579,2.999,15.822,6.062,3.637,3.695,1.408,7.871,1.103,3.957,4.687,8.614
Colo_rep4_Dep6_Tu1,0.514,1.545,1.817,0.129,1.749,0.768,3.473,1.100,7.913,4.340,7.873,4.621,6.077,5.685,3.111,0.392,4.427,0.850,11.585,8.102,2.857,8.299,12.772
Colo_rep5_Dep6_Tu40,2.071,3.871,1.649,1.177,5.372,28.362,4.852,2.036,7.337,2.952,1.797,1.801,3.811,4.711,4.479,0.019,4.651,2.333,4.388,2.605,1.609,6.882,1.234
Colo_rep5_Dep6_Tu10,1.077,8.411,1.625,0.353,4.141,6.003,3.855,3.514,0.598,6.598,3.043,3.768,5.736,12.025,3.951,3.400,0.863,2.803,5.676,0.853,5.179,12.852,3.676
Colo_rep2_Dep6_Tu0.3,0.817,4.188,0.085,0.228,5.118,0.188,2.208,6.336,3.153,2.582,6.519,3.145,9.710,7.842,3.392,2.750,4.775,5.871,1.227,3.003,5.213,15.404,6.244
Colo_rep10_Dep6_Tu30,1.916,1.566,0.931,0.342,2.883,22.079,4.521,4.302,4.036,6.972,4.355,0.724,6.774,4.344,7.468,2.957,10.026,1.769,2.927,6.121,1.690,0.839,0.455
Colo_rep1_Dep6_Tu40,0.811,6.884,2.431,1.295,0.930,29.403,0.172,4.127,3.877,4.454,4.632,3.353,3.529,8.080,1.024,2.813,3.897,3.135,2.079,1.036,5.878,2.631,3.529
Colo_rep6_Dep6_Tu0.1,0.606,8.175,0.674,0.116,0.244,0.201,1.934,7.617,0.164,6.676,7.045,4.532,5.582,5.093,7.505,7.377,4.749,5.502,10.798,7.959,4.664,1.676,1.111
Colo_rep7_Dep6_Tu40,2.125,6.110,1.588,1.364,1.341,29.333,2.609,3.308,1.315,4.571,4.354,4.258,3.774,6.656,0.400,0.946,4.766,1.969,3.231,2.325,5.245,4.010,4.403
Colo_rep1_Dep6_Tu50,2.249,2.272,1.654,1.713,0.494,37.227,0.996,5.799,5.434,1.083,3.484,4.593,4.392,7.735,7.901,0.965,4.033,0.236,0.863,1.020,3.505,0.450,1.903
Colo_rep1_Dep6_Tu0.3,0.270,1.573,0.923,0.088,4.838,0.200,2.067,9.384,2.572,6.033,2.434,3.953,5.676,2.346,0.523,8.007,7.254,1.345,15.175,10.789,3.995,1.032,9.524
Colo_rep9_Dep6_Tu20,2.035,5.232,1.743,1.003,1.154,14.230,1.351,4.487,6.864,1.296,5.406,1.503,8.115,1.398,3.914,3.559,8.361,1.624,2.018,9.567,6.941,6.194,2.006
Colo_rep4_Dep6_Tu10,1.817,0.331,1.332,1.085,2.584,6.635,2.120,6.728,5.286,3.138,5.353,1.720,10.371,2.581,13.510,11.106,6.615,1.845,0.103,1.474,1.546,4.446,8.276
Colo_rep6_Dep6_Tu5,0.901,6.314,1.150,0.342,5.005,2.105,3.278,2.482,2.301,4.109,8.817,2.451,7.097,0.613,3.885,7.922,7.347,9.228,1.061,16.355,0.126,1.655,5.455
Colo_rep9_Dep6_Tu5,0.087,6.929,0.887,0.844,5.784,1.952,3.677,0.713,2.355,5.903,6.005,4.552,8.605,8.470,4.042,2.913,2.057,4.428,8.215,4.278,6.178,3.746,7.382
Colo_rep3_Dep6_Tu50,2.161,5.720,2.402,1.145,3.422,36.138,4.406,0.375,3.069,4.788,0.165,1.935,6.810,4.263,1.164,2.579,2.549,4.026,0.290,4.782,0.313,4.858,2.641
Colo_rep5_Dep6_Tu1,0.455,6.203,0.624,0.148,4.814,0.652,3.271,3.188,6.961,1.047,7.289,4.151,3.661,10.919,6.579,2.959,1.640,3.913,9.538,2.888,7.068,1.113,10.919
Colo_rep5_Dep6_Tu3,0.066,2.866,1.520,0.192,5.841,1.152,3.886,2.445,6.327,4.517,3.331,1.859,11.051,4.404,9.108,14.404,3.565,6.579,0.799,4.622,8.594,0.429,2.440
Colo_rep2_Dep6_Tu1,0.608,8.052,0.968,0.109,1.379,0.387,1.978,1.623,4.365,6.124,7.472,3.261,11.413,2.322,5.356,6.545,0.007,11.965,6.135,0.770,8.846,3.182,7.132
Colo_rep7_Dep6_Tu1,0.733,3.135,0.812,0.042,2.067,0.546,2.476,6.919,7.999,4.644,3.943,1.503,4.372,6.202,1.980,11.376,9.944,5.913,6.226,4.163,7.043,5.892,2.069
Colo_rep5_Dep6_Tu2,0.282,9.085,1.197,0.269,4.519,0.711,3.304,4.620,5.805,1.804,2.002,3.883,10.204,9.813,0.336,1.712,4.365,2.861,6.627,4.111,8.082,2.502,11.905
Colo_rep4_Dep6_Tu40,1.776,3.488,1.195,0.742,3.897,29.589,1.635,5.819,4.555,1.706,2.833,4.435,5.086,2.979,6.719,2.590,7.339,2.162,2.542,3.560,1.945,0.508,2.901
Colo_rep2_Dep6_Tu20,1.093,4.552,1.564,0.513,4.670,13.484,3.508,5.113,1.694,5.150,5.516,4.229,3.128,1.220,5.879,7.432,9.621,4.519,0.874,4.825,2.519,7.963,0.934
Colo_rep4_Dep6_Tu0.5,0.555,6.703,0.991,0.158,2.597,0.426,1.708,6.522,1.853,4.206,8.126,2.773,9.045,8.645,1.506,1.501,2.116,0.603,1.377,15.051,7.084,9.640,6.813
Colo_rep2_Dep6_Tu5,0.969,3.064,0.647,0.497,4.507,2.655,1.809,4.356,4.051,6.531,5.906,3.475,8.069,14.937,7.704,1.636,4.928,4.388,1.124,3.798,5.813,6.125,3.011
Colo_rep2_Dep6_Tu3,0.415,6.916,1.532,0.219,4.181,1.478,3.256,2.077,5.237,6.962,8.564,1.244,1.682,5.292,0.073,1.147,8.576,8.814,6.803,2.348,6.760,7.989,8.433
Colo_rep3_Dep6_Tu10,1.064,4.568,1.358,0.581,1.983,7.077,4.359,3.227,6.439,3.652,5.096,2.169,7.110,5.907,2.389,5.901,7.786,7.102,7.390,8.257,3.111,0.873,2.602
Colo_rep8_Dep6_Tu0.5,0.257,6.231,0.494,0.153,4.350,0.149,1.220,5.396,3.969,5.115,7.742,3.315,5.942,2.725,3.734,10.026,6.436,7.571,4.424,11.316,6.107,1.855,1.473
Colo_rep7_Dep6_Tu3,0.697,11.651,0.263,0.174,4.337,1.192,3.778,1.502,3.846,5.421,3.271,4.045,7.362,4.438,5.807,1.460,1.631,8.105,10.365,11.437,1.267,2.388,5.561
Colo_rep3_Dep6_Tu0.5,0.318,3.846,1.122,0.064,4.964,0.237,1.448,4.527,7.446,5.964,8.647,3.237,1.031,7.554,10.585,4.841,10.214,0.776,0.519,8.922,1.832,8.126,3.779
Colo_rep3_Dep6_Tu20,0.496,3.755,2.115,0.936,3.741,13.720,2.323,0.489,2.865,7.227,4.266,5.386,7.620,0.931,3.892,2.806,12.365,2.841,5.271,4.450,8.111,1.928,2.465
Colo_rep1_Dep6_Tu2,0.328,4.629,1.566,0.054,1.801,1.172,2.607,7.164,2.019,6.054,3.406,5.052,9.207,0.937,6.464,10.681,5.517,8.283,3.691,5.754,0.360,3.536,9.717
Colo_rep9_Dep6_Tu50,1.064,5.143,0.034,2.082,4.217,36.412,2.695,0.773,3.702,6.285,2.614,3.292,2.482,3.538,6.648,2.022,2.614,2.545,1.228,2.348,3.831,0.077,4.356
Colo_rep3_Dep6_Tu0.3,0.478,6.400,0.606,0.129,3.956,0.087,3.222,2.674,8.357,6.705,1.048,3.417,5.270,5.319,8.352,11.177,1.747,8.924,6.166,1.901,5.910,6.957,1.198
Colo_rep1_Dep6_Tu3,0.065,6.448,1.102,0.392,2.834,1.322,2.969,3.363,5.942,5.499,6.298,3.253,5.007,2.485,0.421,8.388,1.282,4.649,12.727,8.737,2.194,4.475,10.147
Br62_rep5_Dep6_Tu0.5,0.007,2.720,1.185,0.198,4.645,0.345,3.588,2.633,7.056,0.891,8.708,3.041,5.282,4.141,2.542,8.450,10.656,4.230,4.043,1.529,11.565,6.761,5.784
Br62_rep5_Dep6_Tu3,2.101,4.862,0.938,0.595,2.201,0.268,3.112,6.088,3.804,4.918,7.107,3.315,0.737,3.397,7.917,12.026,7.443,4.662,5.037,3.061,7.723,0.175,8.516
Br62_rep6_Dep6_Tu30,24.242,4.230,2.464,4.384,4.273,0.412,0.430,0.845,1.084,6.441,6.293,3.510,5.472,4.679,3.261,3.116,0.725,3.228,6.060,7.778,0.136,4.856,2.080
Br62_rep7_Dep6_Tu20,16.053,5.468,2.337,2.770,4.824,0.132,3.395,6.388,1.350,1.351,1.484,0.944,7.941,5.021,9.228,14.657,1.946,1.899,5.179,2.469,3.106,1.225,0.832
Br62_rep2_Dep6_Tu40,33.245,2.676,1.363,7.419,2.463,0.363,2.182,6.065,1.764,2.712,3.283,1.680,3.382,4.255,7.571,1.572,0.371,4.376,0.700,6.390,2.215,2.449,1.502
Br62_rep8_Dep6_Tu0.5,0.782,7.993,1.167,0.109,1.413,0.314,3.504,5.665,2.945,3.880,5.340,4.562,8.601,2.580,10.792,4.150,3.696,1.751,10.426,0.411,2.082,10.789,7.050
Br62_rep5_Dep6_Tu2,1.171,8.508,1.102,0.535,3.814,0.100,3.025,3.933,1.428,3.459,7.970,4.230,9.476,8.443,8.275,1.644,0.003,12.705,7.675,1.448,7.811,1.574,1.669
Br62_rep4_Dep6_Tu50,42.277,0.798,3.733,7.491,2.157,0.415,1.667,4.600,4.177,0.710,2.060,2.004,2.983,3.228,5.355,0.722,0.480,2.306,3.006,6.191,2.289,0.476,0.875
Br62_rep8_Dep6_Tu40,33.100,2.681,3.846,6.907,2.911,0.222,2.116,1.823,4.039,3.565,1.118,3.008,1.056,5.050,11.817,1.200,2.345,0.147,0.292,6.143,3.692,2.215,0.708
Br62_rep7_Dep6_Tu2,2.391,1.243,0.026,0.636,0.689,0.007,1.950,5.214,3.984,6.941,5.100,4.184,10.908,4.036,7.204,9.098,2.620,1.239,6.534,13.930,7.083,2.964,2.020
Br62_rep9_Dep6_Tu40,34.144,4.118,3.275,6.436,1.352,0.195,1.887,0.783,4.456,3.730,3.459,2.204,2.582,4.073,7.570,3.375,0.799,1.755,3.225,3.599,4.456,0.800,1.726
Br62_rep10_Dep6_Tu2,0.939,8.082,1.212,0.223,1.043,0.347,4.043,1.439,4.133,5.139,9.222,4.276,2.760,7.713,6.740,5.133,10.632,9.565,6.849,0.668,0.132,3.825,5.884
Br62_rep6_Dep6_Tu10,4.940,1.131,2.307,2.252,6.202,0.443,2.810,5.948,3.666,5.111,5.404,3.290,9.806,11.033,11.532,1.828,3.019,2.053,2.016,7.514,3.450,0.256,3.989
Br62_rep2_Dep6_Tu2,2.222,0.017,1.916,0.271,2.150,0.499,3.765,8.904,7.171,0.827,7.264,3.407,2.181,6.630,11.263,8.086,0.263,6.677,4.407,4.468,2.161,1.475,13.974
Br62_rep9_Dep6_Tu5,1.750,8.744,1.283,1.199,1.241,0.469,2.564,4.387,5.293,5.637,7.770,2.787,1.941,8.970,6.689,1.380,1.729,0.776,11.988,11.583,3.202,0.799,7.819
Br62_rep6_Dep6_Tu40,34.954,1.857,1.798,6.565,1.371,0.050,1.954,5.388,3.817,2.523,0.059,1.792,4.297,1.647,3.253,7.041,4.270,3.208,1.336,4.544,3.218,3.223,1.836
Br62_rep4_Dep6_Tu20,15.936,7.640,2.406,3.373,4.020,0.215,1.463,2.730,0.883,6.427,2.526,4.764,5.519,2.846,5.010,4.505,1.553,6.042,4.187,4.843,3.372,5.893,3.847
Br62_rep9_Dep6_Tu1,0.533,3.393,1.409,0.199,5.089,0.413,0.932,5.883,6.641,5.194,7.736,0.925,7.351,5.148,8.639,1.284,8.256,5.214,0.865,4.638,4.307,6.911,9.041
Br62_rep1_Dep6_Tu0.3,0.547,1.217,0.900,0.055,6.141,0.242,2.391,7.287,2.389,0.831,7.857,4.859,8.102,0.809,2.328,6.461,6.162,3.630,11.711,9.409,8.927,0.977,6.768
Br62_rep3_Dep6_Tu5,3.228,10.282,1.003,0.284,4.739,0.206,4.123,0.813,8.134,3.886,3.720,0.501,6.638,3.941,8.004,6.739,6.707,2.873,5.487,3.301,4.899,7.549,2.943
Br62_rep9_Dep6_Tu50,42.226,2.435,0.214,8.811,1.959,0.252,2.395,2.960,1.911,3.035,3.387,1.600,0.332,0.201,4.594,9.274,0.737,2.479,4.462,1.132,2.719,0.326,2.560
Br62_rep5_Dep6_Tu30,23.800,1.067,1.919,4.903,4.137,0.232,2.823,3.167,5.779,4.780,3.562,1.649,4.158,1.343,7.869,8.871,3.473,4.824,1.400,6.750,0.510,0.890,2.093
Br62_rep9_Dep6_Tu0.5,0.560,0.877,1.090,0.160,5.061,0.120,1.972,7.941,4.546,6.119,1.539,1.028,11.038,2.260,5.615,17.349,9.999,1.120,2.869,0.955,10.005,2.971,4.804
Br62_rep1_Dep6_Tu20,14.101,5.089,2.757,3.812,5.343,0.394,2.645,7.063,2.528,1.242,0.618,3.868,8.608,1.397,6.067,2.537,1.318,8.106,1.905,11.444,1.012,6.763,1.384
Br62_rep4_Dep6_Tu2,1.294,7.031,1.359,0.554,1.475,0.134,3.688,3.153,5.780,2.991,3.207,4.822,8.531,10.707,6.884,0.038,4.216,6.886,4.610,1.701,7.829,2.767,10.343
Br62_rep8_Dep6_Tu3,1.875,12.543,1.404,0.369,4.529,0.122,1.989,3.813,5.755,0.125,0.581,5.693,2.459,14.526,2.721,3.913,0.096,4.810,1.492,6.006,7.024,14.142,4.013
Br62_rep2_Dep6_Tu5,3.670,9.950,1.263,0.971,1.071,0.157,3.259,2.005,5.837,0.503,6.649,3.723,6.828,11.582,6.526,3.413,3.533,11.108,0.324,1.700,4.183,7.979,3.765
Br62_rep2_Dep6_Tu1,0.505,6.891,1.283,0.149,5.679,0.045,1.156,0.070,8.806,7.269,0.404,4.348,7.136,3.885,0.831,5.653,8.113,12.268,0.184,9.092,1.602,7.125,7.507
Br62_rep8_Dep6_Tu1,0.542,3.463,1.557,0.289,3.919,0.157,3.842,5.559,8.519,3.164,3.703,2.233,3.720,3.946,2.887,4.865,1.813,14.626,1.097,3.083,0.358,14.251,12.407
Br62_rep10_Dep6_Tu0.1,0.735,6.926,0.452,0.128,0.620,0.029,2.932,6.496,4.209,5.383,4.196,2.487,10.610,9.274,5.214,0.325,0.525,4.507,8.259,10.585,7.123,3.757,5.226
Br62_rep3_Dep6_Tu40,33.508,5.092,1.889,7.411,0.925,0.319,1.419,4.416,2.205,2.828,3.236,1.775,4.762,3.838,9.886,1.641,2.559,1.348,1.144,1.178,2.976,2.792,2.855
Br62_rep8_Dep6_Tu0.3,0.313,7.490,0.672,0.135,3.493,0.170,2.039,3.443,5.869,5.066,6.708,1.622,5.034,7.885,2.786,7.341,7.144,8.418,4.785,1.214,12.942,4.835,0.595
Br62_rep4_Dep6_Tu0.5,0.801,5.468,1.112,0.100,4.718,0.258,2.124,6.632,3.309,3.801,2.829,3.870,11.105,5.899,6.310,1.564,0.084,6.897,4.403,5.301,6.954,9.876,6.584
Br62_rep6_Dep6_Tu50,42.070,0.591,3.611,7.448,0.385,0.611,2.658,4.104,1.330,1.162,2.725,3.592,2.709,2.469,3.318,2.859,0.708,2.192,6.299,6.716,1.300,0.358,0.785
Br62_rep7_Dep6_Tu0.1,0.368,6.633,0.937,0.118,4.998,0.003,3.199,4.473,6.911,4.091,1.393,2.559,2.382,1.304,2.246,15.380,6.078,4.619,3.028,4.178,7.955,6.584,10.564
Br62_rep9_Dep6_Tu30,26.433,6.078,1.957,4.385,3.384,0.191,0.418,4.585,5.526,1.261,0.633,2.773,5.142,7.622,8.067,0.539,1.909,3.077,4.557,1.219,3.973,1.243,5.026
Br62_rep6_Dep6_Tu20,15.638,1.215,0.878,3.265,5.022,0.183,2.758,7.606,5.056,3.537,1.927,3.367,2.309,3.771,2.204,8.539,0.071,3.370,4.783,11.603,7.461,4.314,1.123
Br62_rep5_Dep6_Tu5,2.758,4.900,1.645,0.426,6.319,0.262,2.081,0.745,8.747,5.202,4.492,3.070,8.695,3.635,5.283,1.445,3.475,2.494,0.355,14.299,0.891,1.711,17.069
Br62_rep4_Dep6_Tu40,33.014,6.013,2.746,5.717,3.476,0.190,2.789,0.105,2.512,5.499,1.535,3.229,0.060,2.189,1.028,10.025,6.387,4.776,0.351,3.282,4.198,0.590,0.290
Br62_rep8_Dep6_Tu0.1,0.269,8.202,0.929,0.140,4.594,0.238,0.514,6.389,6.393,5.358,6.532,0.295,7.110,7.578,2.285,0.754,2.803,9.074,3.847,4.071,6.408,8.533,7.686
Br62_rep1_Dep6_Tu40,32.978,2.632,2.399,7.248,3.362,0.278,2.203,5.646,2.125,0.820,2.312,2.632,3.079,6.253,9.508,0.561,0.999,6.060,1.321,3.066,1.237,2.052,1.228
Br62_rep3_Dep6_Tu30,26.265,2.311,1.710,5.448,2.025,0.374,2.660,5.090,4.945,0.145,1.744,3.243,6.122,1.145,6.673,1.882,7.724,4.562,2.811,7.202,1.407,0.687,3.825
Br62_rep7_Dep6_Tu0.5,0.498,11.307,0.908,0.189,1.476,0.172,3.852,4.974,1.337,4.279,4.153,5.332,1.894,3.554,0.062,4.989,8.854,6.638,5.378,9.210,6.933,6.130,7.881
Br62_rep1_Dep6_Tu10,7.179,0.802,2.249,0.432,6.939,0.071,2.018,7.188,3.939,7.493,2.887,2.126,6.422,2.674,6.158,2.772,3.751,4.847,3.385,11.959,2.816,10.699,1.195
Br62_rep10_Dep6_Tu20,16.720,3.866,2.461,3.254,3.861,0.104,2.719,0.335,7.206,2.085,6.282,3.234,6.980,6.332,6.772,2.773,2.255,2.566,8.003,2.108,2.859,5.783,1.443
Br62_rep1_Dep6_Tu5,3.092,3.988,1.460,0.263,5.325,0.380,1.724,6.082,6.140,2.758,8.085,2.920,3.718,5.765,10.560,4.405,5.218,0.589,11.026,14.650,0.057,0.415,1.381
Br62_rep3_Dep6_Tu50,42.801,4.841,0.774,8.396,0.986,0.407,0.220,5.493,1.870,1.704,3.093,2.961,0.076,0.407,4.506,4.185,1.310,3.208,4.424,2.153,1.298,2.370,2.515
Br62_rep1_Dep6_Tu3,1.349,5.424,1.258,0.556,4.634,0.265,3.282,3.024,7.217,1.557,8.476,3.137,3.362,0.397,1.570,8.583,3.088,2.905,15.347,9.188,3.716,5.880,5.785
Br62_rep7_Dep6_Tu30,25.767,2.173,3.177,5.337,4.375,0.192,0.735,6.636,0.298,4.691,5.518,1.041,5.642,3.673,1.983,0.440,4.891,1.416,6.910,6.331,0.524,4.571,3.678
Br62_rep6_Dep6_Tu1,1.073,5.577,1.245,0.191,3.689,0.339,2.950,0.107,7.985,1.352,7.426,3.231,10.869,6.795,0.219,5.757,7.028,7.504,8.416,1.242,2.422,5.142,9.442
Br62_rep1_Dep6_Tu0.5,0.113,2.401,1.469,0.225,5.893,0.139,0.768,1.595,9.584,4.561,4.110,3.522,11.342,4.136,5.080,7.730,3.498,3.690,11.606,2.571,3.573,5.220,7.174
Br62_rep1_Dep6_Tu0.1,0.458,2.117,1.099,0.171,4.536,0.041,2.251,3.535,7.836,7.053,4.440,3.414,1.684,6.654,1.241,12.038,0.904,6.820,5.117,1.689,13.854,5.298,7.747
Br62_rep9_Dep6_Tu3,2.178,9.130,0.603,0.379,1.738,0.274,3.467,1.802,7.559,3.738,6.809,3.784,0.964,13.779,2.113,4.531,4.861,5.308,2.162,2.130,4.867,11.063,6.760
Br62_rep5_Dep6_Tu40,33.184,2.323,3.193,6.805,2.516,0.034,2.231,1.851,0.125,4.137,4.112,4.439,3.733,1.884,5.795,3.241,1.916,3.726,2.832,4.505,1.117,3.925,2.379
Br62_rep10_Dep6_Tu3,1.681,2.116,1.050,0.605,5.708,0.056,0.654,6.322,5.740,3.712,7.388,0.938,10.255,0.754,0.777,10.556,14.875,9.935,0.455,2.032,8.130,6.176,0.086
Br62_rep2_Dep6_Tu0.3,0.112,2.006,0.843,0.215,5.784,0.119,3.027,5.682,4.264,2.762,8.063,3.388,8.029,6.878,16.168,4.176,0.743,9.716,4.028,5.191,4.896,3.448,0.462
Br62_rep10_Dep6_Tu40,33.591,3.295,1.636,6.887,2.087,0.236,0.743,3.638,0.157,5.051,3.922,3.689,4.724,1.664,10.451,0.838,5.355,1.145,2.007,1.496,1.713,3.778,1.898
Br62_rep3_Dep6_Tu2,0.923,0.063,1.571,0.069,6.750,0.450,1.340,8.333,0.971,2.665,9.563,3.699,10.036,3.350,2.040,6.852,6.511,3.177,10.895,2.910,7.277,0.057,10.498
Br62_rep5_Dep6_Tu1,0.790,8.581,1.006,0.235,4.196,0.219,1.807,2.096,6.327,4.479,6.158,2.086,9.270,6.073,5.830,1.893,4.974,6.098,3.312,4.346,5.202,3.338,11.683
Br62_rep4_Dep6_Tu1,0.572,8.241,1.314,0.232,5.075,0.129,2.726,1.679,7.333,3.629,7.967,3.295,0.595,7.026,1.034,1.312,4.791,9.631,10.100,7.008,0.577,3.709,12.026
Br62_rep10_Dep6_Tu0.5,0.283,6.149,0.607,0.389,5.216,0.183,0.831,2.136,6.784,4.783,7.471,2.992,8.391,4.569,1.484,0.349,0.930,9.083,5.315,14.260,5.434,10.500,1.860
Br62_rep5_Dep6_Tu20,16.177,7.701,2.842,3.510,4.001,0.282,3.257,8.936,0.306,2.121,2.858,1.096,0.937,1.003,9.107,1.228,2.176,8.444,6.624,5.977,3.792,6.597,1.029
Br62_rep6_Dep6_Tu0.3,0.097,4.769,0.840,0.116,5.157,0.250,2.125,1.747,8.444,1.167,6.104,4.283,9.487,10.439,4.589,0.072,7.581,6.100,2.925,2.355,8.272,10.085,2.996
Br62_rep9_Dep6_Tu0.3,0.181,5.638,0.879,0.133,4.156,0.147,2.535,2.525,4.398,2.929,8.258,3.911,6.515,4.950,4.636,8.583,8.828,8.279,0.470,0.532,13.456,4.766,3.297
Br62_rep2_Dep6_Tu20,16.730,3.898,2.571,2.871,5.459,0.316,1.560,2.133,4.718,0.318,6.919,4.005,8.111,4.754,7.195,0.933,5.140,6.058,5.430,4.380,0.645,3.817,2.039
Br62_rep6_Dep6_Tu0.5,0.856,7.113,0.954,0.189,5.774,0.176,2.144,8.188,3.967,2.170,6.214,0.484,9.988,10.996,5.235,1.886,1.758,7.717,7.533,3.826,0.479,1.948,10.407
Br62_rep8_Dep6_Tu10,3.900,2.319,3.157,1.974,5.635,0.672,3.532,4.514,3.643,2.770,5.574,4.400,11.401,6.684,4.790,1.291,1.868,10.400,11.721,3.984,0.640,2.223,2.909
Br62_rep2_Dep6_Tu0.1,0.594,10.702,0.845,0.041,3.951,0.341,3.105,0.066,5.814,1.072,10.370,5.571,1.059,4.144,8.125,5.607,0.335,12.804,1.102,0.616,8.428,0.373,14.936
Br62_rep5_Dep6_Tu10,5.724,5.817,2.028,2.135,3.485,0.467,3.558,2.460,2.671,3.294,7.160,5.053,6.421,12.638,3.285,6.502,5.643,6.499,0.073,2.532,2.709,5.289,4.557
Br62_rep10_Dep6_Tu10,6.990,9.565,1.756,1.592,2.527,0.219,3.435,3.682,2.818,5.206,4.498,3.587,5.544,13.008,2.702,2.410,1.790,5.483,8.247,7.072,0.252,6.861,0.754
Br62_rep4_Dep6_Tu10,6.506,0.835,3.086,1.910,2.076,0.452,3.688,0.319,4.419,5.451,9.670,3.125,5.465,5.273,5.971,6.755,8.779,4.774,1.713,3.446,6.906,2.255,7.126
Br62_rep3_Dep6_Tu0.1,0.474,8.186,0.956,0.131,5.364,0.188,1.899,5.635,3.057,2.770,4.211,4.367,9.229,1.471,8.705,5.079,0.042,8.134,1.204,1.708,7.532,8.302,11.355
Br62_rep2_Dep6_Tu50,40.939,2.675,4.109,7.527,1.256,0.363,1.873,4.077,3.393,3.968,1.220,0.837,0.584,2.597,5.546,5.870,0.004,3.119,2.281,1.919,0.712,2.451,2.680
Br62_rep9_Dep6_Tu10,6.936,6.158,2.051,2.132,1.242,0.581,4.619,1.545,8.785,1.289,0.512,5.335,6.167,10.532,0.527,3.300,7.171,5.659,4.135,3.947,1.645,11.613,4.119
Br62_rep5_Dep6_Tu0.3,0.314,5.120,1.120,0.177,5.798,0.086,1.583,4.193,6.564,6.347,5.055,3.987,7.518,0.781,8.302,4.781,5.044,12.048,2.200,6.881,7.852,1.802,2.447
Br62_rep8_Dep6_Tu50,41.076,4.606,3.853,7.844,2.921,0.213,1.331,3.834,1.440,3.867,1.287,1.584,0.797,4.042,3.178,3.460,1.494,4.510,1.365,4.475,0.778,0.863,1.181
Br62_rep4_Dep6_Tu0.3,0.712,7.133,0.760,0.135,2.836,0.422,1.587,8.124,6.286,1.027,7.485,3.438,1.838,8.078,9.631,2.482,5.991,7.985,3.153,6.861,4.453,4.036,5.547
Br62_rep7_Dep6_Tu1,0.480,7.482,0.085,0.288,3.791,0.122,2.429,5.543,3.572,4.298,6.170,3.069,5.609,5.751,4.226,11.606,10.869,1.928,7.702,2.431,5.278,2.642,4.629
Br62_rep3_Dep6_Tu0.5,0.532,4.667,0.512,0.186,5.442,0.269,3.397,8.820,0.011,0.027,9.675,3.758,5.791,14.253,2.560,3.512,5.190,5.881,5.620,1.790,7.963,8.807,1.335
Br62_rep7_Dep6_Tu40,33.135,4.385,4.117,5.906,0.311,0.481,2.574,0.781,4.397,1.360,4.361,2.598,3.249,6.211,11.894,3.085,1.467,0.294,5.099,2.101,0.245,0.370,1.576
Br62_rep2_Dep6_Tu3,1.914,4.116,1.410,0.269,5.050,0.169,3.834,0.133,10.183,5.633,3.913,1.875,7.781,7.148,2.061,9.442,4.206,5.741,11.048,5.182,2.654,2.878,3.361
Br62_rep2_Dep6_Tu0.5,0.687,5.753,1.068,0.000,4.280,0.250,2.304,5.922,4.577,2.535,4.106,3.301,10.445,4.864,5.790,8.505,1.425,9.452,8.499,0.655,8.709,4.384,2.488
Br62_rep1_Dep6_Tu50,41.904,2.805,1.800,7.761,2.720,0.270,0.393,3.468,3.514,3.180,2.991,1.427,2.724,1.785,8.209,4.372,1.245,1.455,2.356,0.115,1.235,3.279,0.994
Br62_rep3_Dep6_Tu3,2.003,3.150,1.809,0.781,3.108,0.415,1.419,4.997,8.660,2.911,8.492,2.082,6.580,4.571,4.497,2.293,11.021,4.125,1.592,2.075,9.312,7.320,6.785
Br62_rep7_Dep6_Tu3,2.427,2.514,0.961,0.527,0.559,0.458,3.582,5.967,0.661,7.634,11.567,2.939,4.831,3.046,3.040,5.333,1.489,15.277,5.639,3.521,0.978,15.183,1.869
Br62_rep3_Dep6_Tu0.3,0.330,8.059,0.958,0.062,4.990,0.067,1.941,7.058,1.246,4.793,3.061,3.150,9.294,2.639,0.505,12.527,7.778,1.544,13.741,7.383,4.859,3.178,0.837
Br62_rep8_Dep6_Tu30,25.236,1.220,3.133,4.583,3.102,0.438,2.315,6.367,1.883,2.040,4.345,2.523,4.249,0.277,11.665,4.682,1.923,5.628,5.648,2.128,3.463,0.811,2.341
Br62_rep4_Dep6_Tu30,24.621,5.552,2.623,4.966,1.686,0.287,1.841,4.277,3.078,1.615,5.167,2.134,3.327,1.398,9.011,9.312,6.832,2.958,3.624,0.546,2.368,0.452,2.325
Br62_rep6_Dep6_Tu3,2.154,1.080,1.271,0.586,5.662,0.299,3.030,3.234,7.040,0.964,10.164,3.659,6.383,5.279,5.405,0.817,4.173,10.457,9.442,10.179,1.876,1.477,5.369
Br62_rep4_Dep6_Tu0.1,0.364,5.503,0.897,0.009,4.526,0.139,3.659,3.378,3.338,5.825,3.437,4.576,10.826,9.544,6.055,3.237,8.331,2.438,0.884,9.335,2.253,2.037,9.410
Br62_rep8_Dep6_Tu5,3.047,5.754,1.546,0.677,4.679,0.450,2.925,9.517,1.620,1.609,7.361,3.502,2.756,9.978,6.861,0.413,3.422,3.628,6.936,12.166,3.524,4.315,3.315
Br62_rep10_Dep6_Tu50,41.938,4.649,3.495,8.320,2.578,0.190,0.625,5.392,0.194,3.097,2.605,1.159,1.720,1.007,6.848,2.554,1.407,2.602,2.814,1.842,1.845,1.698,1.421
Br62_rep10_Dep6_Tu0.3,0.196,2.964,1.340,0.250,2.601,0.361,1.663,7.375,1.788,5.426,8.985,2.596,9.591,0.801,4.484,0.417,1.113,3.884,7.715,9.565,7.207,10.725,8.952
Br62_rep3_Dep6_Tu20,15.922,5.143,0.754,3.054,4.125,0.271,1.656,3.316,2.780,3.767,6.232,3.404,6.314,1.383,7.665,6.809,6.779,4.427,3.892,3.391,2.466,2.347,4.101
Br62_rep1_Dep6_Tu1,0.776,3.427,1.404,0.086,6.902,0.265,2.296,3.937,5.419,0.119,10.254,5.175,1.992,2.211,6.790,0.386,2.608,8.444,14.110,2.060,4.773,16.245,0.320
Br62_rep3_Dep6_Tu1,1.144,6.690,1.013,0.283,4.352,0.328,3.694,4.870,6.554,0.809,6.332,2.779,5.745,0.025,8.970,4.026,4.713,3.929,7.831,2.089,10.838,1.778,11.207
Br62_rep9_Dep6_Tu2,0.738,7.139,0.643,0.454,4.592,0.166,2.915,3.120,4.115,3.961,5.561,3.108,8.789,1.518,6.172,9.793,11.015,2.350,3.517,1.368,5.547,5.628,7.790
Br62_rep7_Dep6_Tu50,42.016,1.256,3.563,7.655,2.923,0.383,0.918,5.718,0.005,2.617,0.977,3.302,3.462,1.532,6.558,4.718,0.241,2.485,4.274,1.651,2.300,0.892,0.556
Br62_rep7_Dep6_Tu5,3.507,4.804,1.951,0.707,3.893,0.420,2.255,4.027,5.628,1.198,7.269,4.215,7.121,1.178,4.081,6.699,6.938,2.562,1.693,7.356,9.622,0.932,11.944
Br62_rep8_Dep6_Tu2,2.620,1.234,2.052,0.620,0.534,0.061,4.485,8.553,5.877,3.955,3.785,1.478,3.459,9.413,5.122,5.392,0.631,10.006,6.609,3.003,6.370,12.156,2.586
Br62_rep5_Dep6_Tu0.1,0.502,2.603,0.593,0.260,4.458,0.186,3.224,2.177,3.622,5.895,7.914,4.024,11.508,5.667,5.337,0.497,7.107,7.685,7.885,3.905,2.853,3.032,9.066
Br62_rep6_Dep6_Tu5,1.662,5.900,1.850,0.814,0.527,0.483,2.871,6.484,2.428,4.385,7.805,2.234,8.102,1.360,2.914,7.154,3.228,8.767,7.068,17.723,1.909,2.144,2.188
Br62_rep9_Dep6_Tu20,15.596,0.134,3.336,2.774,3.091,0.322,2.360,1.099,5.966,3.410,8.647,3.787,3.312,1.764,4.333,9.020,6.881,1.859,3.378,8.756,5.025,3.923,1.227
Br62_rep2_Dep6_Tu30,25.814,4.690,2.523,5.306,2.133,0.134,2.437,3.546,4.010,3.062,3.689,1.517,3.622,4.168,5.306,4.026,6.161,5.820,5.067,0.703,0.619,2.090,3.557
Br62_rep7_Dep6_Tu10,8.072,6.477,0.580,1.635,0.762,0.068,3.043,5.459,2.701,3.213,6.644,2.270,6.212,6.019,2.444,23.199,3.370,3.328,1.004,2.266,0.271,6.098,4.866
Br62_rep6_Dep6_Tu0.1,0.609,7.067,1.066,0.115,1.458,0.264,2.827,5.215,5.123,3.932,8.087,1.385,7.153,3.214,1.542,5.580,1.110,11.279,8.986,7.896,7.098,2.227,6.768
Br62_rep5_Dep6_Tu50,43.245,1.650,1.923,8.714,0.939,0.289,2.340,3.757,3.367,3.083,0.787,1.271,2.921,1.407,4.023,1.520,4.518,1.560,3.248,3.786,2.117,2.507,1.028
Br62_rep10_Dep6_Tu1,0.724,8.078,0.911,0.169,2.864,0.037,3.745,1.850,3.387,7.150,2.806,4.004,12.240,7.487,2.565,1.412,3.546,0.952,3.109,11.135,3.539,10.061,8.229
Br62_rep1_Dep6_Tu30,23.728,3.999,1.202,5.569,1.297,0.568,2.910,1.291,2.112,6.225,5.316,3.768,5.160,2.316,3.378,5.092,3.342,8.127,0.737,6.501,0.292,3.112,3.957
Br62_rep7_Dep6_Tu0.3,1.072,3.934,1.110,0.236,1.198,0.018,3.111,5.675,1.211,8.059,10.005,1.206,2.439,4.662,0.980,5.443,7.970,2.626,7.457,4.438,14.244,10.296,2.612
Br62_rep2_Dep6_Tu10,7.393,7.021,1.694,1.571,2.430,0.414,3.873,10.068,0.214,5.845,2.319,0.680,4.878,4.150,7.454,2.984,10.291,4.240,3.922,0.957,4.257,6.413,6.930
Br62_rep9_Dep6_Tu0.1,0.348,5.280,1.163,0.196,5.849,0.085,2.803,4.115,3.325,5.752,7.583,4.463,1.449,8.002,2.419,1.252,4.310,8.848,12.302,3.146,9.013,3.665,4.631
Br62_rep3_Dep6_Tu10,9.356,1.822,1.681,1.558,0.272,0.676,2.905,9.749,2.625,1.241,8.920,1.002,8.090,4.024,7.612,6.060,5.632,5.870,4.612,6.465,1.570,0.852,7.408
Br62_rep4_Dep6_Tu5,2.948,9.220,1.216,0.318,5.857,0.201,3.356,1.567,4.003,4.717,7.397,3.463,3.068,12.305,2.941,1.533,0.375,5.370,0.871,12.328,3.767,6.293,6.885
Br62_rep8_Dep6_Tu20,16.676,7.008,2.343,3.094,1.137,0.143,3.029,4.492,3.381,4.929,4.129,0.382,5.842,7.836,5.560,4.499,2.361,3.467,4.557,0.173,1.999,8.738,4.223
Br62_rep1_Dep6_Tu2,1.821,10.078,0.634,0.335,4.270,0.306,3.630,8.140,3.538,1.950,0.611,4.281,3.940,3.353,11.268,6.907,0.159,0.294,3.444,3.721,9.081,6.197,12.043
Br62_rep10_Dep6_Tu5,3.023,7.251,1.336,0.717,5.176,0.232,2.601,5.573,5.806,5.610,3.829,3.761,0.363,8.665,10.336,3.737,5.445,1.144,6.751,4.579,2.936,4.037,7.090
Br62_rep10_Dep6_Tu30,24.797,3.513,3.340,3.759,0.416,0.403,1.281,5.285,3.367,6.161,2.063,3.286,0.499,4.092,0.371,9.748,7.306,5.762,5.599,3.212,0.948,4.559,0.232
Br62_rep6_Dep6_Tu2,0.974,3.284,1.868,0.338,3.248,0.179,3.177,2.734,8.893,6.684,0.186,5.116,3.319,5.982,5.960,4.549,3.385,5.994,11.785,6.312,4.153,9.916,1.964
Br62_rep4_Dep6_Tu3,2.872,8.148,1.141,0.695,0.404,0.525,2.730,6.527,3.898,1.608,7.208,3.868,5.564,1.527,11.261,1.258,7.118,9.009,2.252,3.214,6.784,3.368,9.018
Br66_rep4_Dep6_Tu50,48.183,2.887,2.424,4.896,3.898,0.880,0.021,3.063,0.630,0.709,3.811,1.299,3.695,0.918,1.460,3.143,0.768,4.961,3.047,2.663,2.726,1.997,1.919
Br66_rep3_Dep6_Tu0.5,0.288,10.394,1.171,0.199,3.902,0.189,1.849,2.198,1.001,2.529,9.013,5.128,5.236,9.184,6.152,0.437,6.591,4.583,5.318,2.745,6.439,11.076,4.378
Br66_rep2_Dep6_Tu3,1.337,0.591,1.210,0.477,6.105,0.465,1.741,5.769,8.174,3.002,9.560,2.024,4.351,4.357,8.997,7.662,6.054,6.855,1.490,8.916,4.077,5.552,1.232
Br66_rep6_Dep6_Tu40,36.835,1.415,2.556,4.707,3.833,0.809,2.098,2.037,2.960,3.987,0.619,2.941,3.999,4.372,1.493,0.583,5.751,0.351,4.725,6.310,1.381,0.795,5.442
Br66_rep9_Dep6_Tu0.1,0.692,0.714,0.744,0.233,6.248,0.249,1.666,4.362,9.317,1.245,6.777,3.890,7.904,8.705,1.798,2.244,3.494,7.643,8.792,6.933,2.676,6.914,6.762
Br66_rep9_Dep6_Tu5,2.909,3.488,0.375,1.116,5.459,0.377,3.936,8.370,1.243,4.642,5.573,3.175,5.092,10.199,2.235,0.586,5.775,0.708,8.570,11.808,7.431,3.228,3.706
Br66_rep10_Dep6_Tu1,0.873,11.728,0.109,0.036,4.092,0.344,0.680,4.171,6.135,1.990,7.819,3.306,0.438,4.311,14.020,1.695,5.611,3.833,2.102,4.277,0.843,14.302,7.284
Br66_rep6_Dep6_Tu20,17.582,2.875,2.622,2.278,3.204,0.369,2.974,4.366,4.874,4.852,2.803,2.774,3.034,1.952,1.756,1.278,10.187,7.280,9.493,2.267,5.860,4.034,1.287
Br66_rep10_Dep6_Tu30,27.091,0.568,2.718,2.998,1.547,1.024,3.253,4.156,4.858,3.581,2.514,1.716,5.128,0.654,5.739,5.940,4.302,5.358,2.865,7.295,1.313,4.511,0.870
