Sample,BRCA,CEAD,CESC,COAD,OV,READ,bcell,cd4tcell,cd8tcell,erythroblast,monocyte,naturalkillercell,neutrophil
Colo_rep2_Dep6_Tu0.5,0.000,0.522,0.000,0.126,2.491,0.000,0.343,0.184,0.084,2.618,31.709,1.612,60.311
Colo_rep2_Dep6_Tu50,0.000,0.611,0.000,48.657,2.280,0.050,0.851,3.387,0.525,4.793,10.377,1.575,26.894
Colo_rep6_Dep6_Tu1,0.000,0.560,0.000,0.306,3.586,0.000,0.650,0.340,0.163,4.431,26.835,0.573,62.556
Colo_rep3_Dep6_Tu2,0.000,0.615,0.015,0.812,0.221,0.000,2.669,0.252,1.219,9.368,25.413,0.497,58.919
Colo_rep7_Dep6_Tu2,0.000,0.930,0.041,0.873,0.189,0.000,1.785,0.482,0.755,4.871,27.177,0.216,62.682
Colo_rep8_Dep6_Tu0.1,0.000,0.405,0.017,0.000,10.466,0.000,2.808,0.689,1.508,8.252,11.364,1.265,63.224
Colo_rep10_Dep6_Tu2,0.000,0.467,0.001,0.799,2.801,0.000,0.600,0.456,0.028,3.128,30.600,0.992,60.128
Colo_rep6_Dep6_Tu3,0.000,1.157,0.000,1.302,0.265,0.000,2.350,0.361,1.899,4.320,26.123,0.180,62.043
Colo_rep9_Dep6_Tu30,0.000,0.253,0.000,29.647,9.452,0.000,1.509,1.238,0.168,8.744,5.918,5.421,37.651
Colo_rep9_Dep6_Tu0.5,0.000,0.185,0.029,0.241,3.141,0.000,0.290,0.565,0.072,2.073,31.281,0.306,61.817
Colo_rep6_Dep6_Tu20,0.000,1.172,0.000,19.605,0.184,0.000,1.099,1.273,6.331,2.569,19.394,0.171,48.202
Colo_rep8_Dep6_Tu30,0.000,0.540,0.000,28.727,1.501,0.000,0.528,1.209,0.068,5.230,20.402,2.107,39.686
Colo_rep3_Dep6_Tu5,0.000,0.438,0.000,3.929,5.091,0.000,0.828,0.454,0.400,3.840,24.226,0.809,59.985
Colo_rep4_Dep6_Tu3,0.000,0.265,0.022,1.653,15.230,0.000,0.397,0.412,0.287,2.974,13.972,1.033,63.756
Colo_rep2_Dep6_Tu10,0.000,0.392,0.011,8.918,2.802,0.000,0.613,0.677,0.173,3.736,27.188,1.443,54.048
Colo_rep3_Dep6_Tu40,0.000,0.256,0.000,39.948,8.450,0.000,1.384,2.285,0.329,7.148,3.749,4.080,32.372
Colo_rep3_Dep6_Tu30,0.000,0.698,0.000,30.733,1.921,0.000,0.525,1.612,0.390,5.347,17.961,1.039,39.774
Colo_rep6_Dep6_Tu30,0.000,0.231,0.000,32.886,6.316,0.000,2.094,3.727,2.495,9.177,2.591,0.712,39.770
Colo_rep4_Dep6_Tu50,0.000,0.613,0.000,49.902,4.257,0.036,2.676,4.636,2.234,7.134,1.093,1.740,25.679
Colo_rep5_Dep6_Tu50,0.000,0.902,0.000,49.295,1.654,0.000,0.804,2.464,1.054,4.782,10.484,3.664,24.895
Colo_rep6_Dep6_Tu2,0.000,0.365,0.028,1.331,10.978,0.000,2.511,0.590,0.497,9.017,9.860,0.551,64.271
Colo_rep10_Dep6_Tu50,0.000,0.647,0.000,50.649,4.144,0.000,1.688,3.015,3.457,8.626,1.241,1.571,24.961
Colo_rep7_Dep6_Tu50,0.000,0.890,0.000,51.062,0.423,0.000,2.161,4.511,0.299,6.365,7.593,1.018,25.679
Colo_rep9_Dep6_Tu40,0.000,0.489,0.000,39.476,8.437,0.014,0.859,2.406,1.400,7.220,3.844,3.181,32.675
Colo_rep8_Dep6_Tu5,0.013,0.427,0.008,4.030,9.774,0.000,2.563,0.869,2.645,7.691,9.441,0.741,61.798
Colo_rep1_Dep6_Tu20,0.000,0.447,0.000,21.413,8.847,0.000,2.491,1.364,1.018,9.334,3.978,1.303,49.804
Colo_rep9_Dep6_Tu2,0.000,0.383,0.000,0.730,3.226,0.000,0.382,0.465,0.018,3.012,29.774,0.371,61.639
Colo_rep5_Dep6_Tu30,0.000,0.757,0.000,30.493,0.401,0.000,3.040,2.311,0.172,7.245,15.041,1.393,39.147
Colo_rep4_Dep6_Tu0.1,0.011,0.569,0.012,0.000,0.184,0.000,2.363,0.721,0.112,8.518,26.182,0.493,60.835
Colo_rep5_Dep6_Tu0.1,0.000,0.419,0.000,0.000,1.735,0.000,0.342,0.225,0.273,3.619,32.353,0.708,60.325
Colo_rep9_Dep6_Tu3,0.000,0.244,0.009,0.874,15.154,0.000,0.546,0.202,0.443,5.811,13.226,1.619,61.871
Colo_rep2_Dep6_Tu0.1,0.000,0.240,0.019,0.000,15.133,0.000,0.390,0.101,1.900,3.077,14.112,1.003,64.023
Colo_rep8_Dep6_Tu10,0.000,0.520,0.000,8.539,8.795,0.000,2.126,0.593,5.887,7.458,8.814,1.853,55.415
Colo_rep4_Dep6_Tu30,0.000,0.474,0.000,29.759,2.047,0.000,0.888,1.175,0.641,3.547,19.133,3.264,39.073
Colo_rep2_Dep6_Tu2,0.000,0.844,0.000,1.017,0.267,0.000,2.125,0.413,0.887,5.851,26.245,0.306,62.045
Colo_rep1_Dep6_Tu5,0.000,1.340,0.008,2.990,0.202,0.000,1.338,0.370,3.117,3.667,26.037,0.098,60.834
Colo_rep8_Dep6_Tu50,0.000,0.538,0.017,50.447,4.252,0.030,1.873,3.737,2.547,8.424,0.682,1.025,26.428
Colo_rep5_Dep6_Tu5,0.000,0.395,0.000,4.339,10.121,0.000,2.801,0.766,2.974,8.724,7.806,0.366,61.710
Colo_rep6_Dep6_Tu50,0.000,0.533,0.000,51.003,3.954,0.000,1.982,3.929,1.062,8.993,0.921,1.195,26.427
Colo_rep5_Dep6_Tu0.5,0.000,0.269,0.001,0.264,2.644,0.000,0.446,0.251,0.112,2.366,31.477,0.582,61.586
Colo_rep4_Dep6_Tu20,0.000,0.534,0.000,21.592,6.105,0.000,2.510,0.779,2.625,5.882,10.276,3.116,46.580
Colo_rep8_Dep6_Tu40,0.000,0.545,0.000,39.979,2.052,0.000,0.455,3.847,0.000,4.171,14.891,1.310,32.751
Colo_rep7_Dep6_Tu0.3,0.000,0.579,0.000,0.187,2.782,0.000,0.400,0.113,0.169,3.054,30.597,0.327,61.792
Colo_rep7_Dep6_Tu30,0.000,0.372,0.021,30.260,2.608,0.000,0.803,2.140,0.065,3.517,18.956,1.227,40.029
Colo_rep10_Dep6_Tu20,0.022,0.495,0.000,19.638,7.548,0.000,2.234,1.320,5.893,7.167,6.085,2.600,46.997
Colo_rep9_Dep6_Tu10,0.000,0.134,0.010,7.516,13.127,0.004,1.222,0.389,0.000,7.919,10.838,4.506,54.335
Colo_rep9_Dep6_Tu0.1,0.000,0.800,0.009,0.018,9.818,0.000,1.827,0.241,4.105,9.879,9.997,0.640,62.666
Colo_rep10_Dep6_Tu0.3,0.000,0.318,0.027,0.413,10.844,0.000,2.300,0.570,0.576,8.885,10.564,0.509,64.993
Colo_rep8_Dep6_Tu20,0.000,0.419,0.000,19.293,11.369,0.000,0.669,0.772,1.502,5.655,9.593,3.025,47.703
Colo_rep3_Dep6_Tu3,0.000,0.632,0.000,1.855,4.895,0.000,1.032,0.414,0.471,4.006,24.568,1.861,60.267
Colo_rep4_Dep6_Tu2,0.000,0.202,0.000,0.899,14.104,0.000,0.553,0.120,1.660,5.046,14.040,1.186,62.189
Colo_rep10_Dep6_Tu0.1,0.000,0.835,0.008,0.000,9.409,0.000,2.110,0.156,6.410,9.425,9.581,1.054,61.010
Colo_rep4_Dep6_Tu0.3,0.000,0.440,0.006,0.194,4.150,0.000,0.621,0.063,0.636,4.925,25.897,0.750,62.318
Colo_rep9_Dep6_Tu0.3,0.000,0.352,0.000,0.000,2.531,0.000,0.378,0.285,0.081,2.670,32.134,1.562,60.007
Colo_rep1_Dep6_Tu10,0.000,0.602,0.000,9.394,9.308,0.000,2.110,0.552,5.077,9.478,6.033,0.323,57.123
Colo_rep6_Dep6_Tu0.3,0.000,0.235,0.009,0.000,15.274,0.000,0.624,0.227,0.472,6.249,13.373,1.186,62.350
Colo_rep6_Dep6_Tu0.5,0.035,0.828,0.015,0.000,9.070,0.000,2.029,0.136,9.228,8.088,9.348,0.755,60.466
Colo_rep10_Dep6_Tu10,0.000,0.215,0.021,9.124,9.399,0.000,3.316,1.819,0.834,7.893,9.032,1.769,56.578
Colo_rep10_Dep6_Tu1,0.000,0.626,0.010,0.653,9.866,0.000,2.210,0.132,3.547,9.705,10.184,0.764,62.303
Colo_rep10_Dep6_Tu5,0.000,0.225,0.000,3.469,14.019,0.000,0.522,0.142,2.554,3.311,13.717,1.122,60.919
Colo_rep10_Dep6_Tu40,0.000,1.208,0.019,39.258,1.257,0.006,0.455,1.286,1.995,5.407,15.272,3.110,30.727
Colo_rep10_Dep6_Tu0.5,0.000,0.658,0.009,0.589,10.184,0.000,2.262,0.185,4.530,9.393,8.492,0.277,63.422
Colo_rep1_Dep6_Tu1,0.000,0.558,0.000,0.312,8.900,0.000,1.887,0.157,9.501,8.433,9.572,0.808,59.873
Colo_rep7_Dep6_Tu20,0.000,0.366,0.000,19.923,2.873,0.000,0.418,1.934,0.079,2.881,23.209,0.552,47.765
Colo_rep6_Dep6_Tu10,0.000,0.314,0.000,8.357,13.294,0.000,0.696,0.109,0.896,4.637,11.903,2.612,57.183
Colo_rep10_Dep6_Tu3,0.000,0.508,0.000,1.123,2.870,0.000,0.379,0.309,0.125,2.644,30.790,1.618,59.633
Colo_rep1_Dep6_Tu30,0.000,0.805,0.000,30.843,1.595,0.000,0.731,1.081,0.678,4.658,18.355,2.738,38.516
Colo_rep1_Dep6_Tu0.1,0.000,0.475,0.000,0.000,1.883,0.000,0.414,0.194,0.247,2.750,32.617,0.815,60.604
Colo_rep7_Dep6_Tu5,0.001,0.565,0.017,3.245,0.316,0.000,2.030,0.905,0.083,9.560,24.841,0.517,57.921
Colo_rep7_Dep6_Tu0.1,0.000,0.231,0.007,0.000,3.377,0.000,0.266,0.607,0.050,2.018,31.114,0.284,62.046
Colo_rep6_Dep6_Tu40,0.000,0.529,0.028,40.389,2.276,0.002,0.642,2.636,1.267,5.777,13.442,0.832,32.182
Colo_rep8_Dep6_Tu2,0.000,0.122,0.000,0.829,14.092,0.000,0.783,0.094,0.127,8.382,12.784,3.442,59.345
Colo_rep7_Dep6_Tu0.5,0.000,1.619,0.000,0.055,0.192,0.000,1.482,0.370,3.466,2.430,27.382,0.128,62.875
Colo_rep5_Dep6_Tu20,0.000,0.804,0.000,19.575,7.500,0.000,2.197,0.955,6.734,9.991,4.136,1.904,46.204
Colo_rep8_Dep6_Tu0.3,0.000,0.332,0.000,0.000,2.555,0.000,0.378,0.302,0.093,2.657,32.101,1.587,59.994
Colo_rep4_Dep6_Tu5,0.000,0.383,0.000,4.122,10.050,0.000,2.464,0.869,1.111,10.560,8.468,0.418,61.556
Colo_rep9_Dep6_Tu1,0.000,0.394,0.000,0.261,2.022,0.000,0.380,0.000,0.685,3.858,31.980,0.699,59.720
Colo_rep1_Dep6_Tu0.5,0.000,1.491,0.027,0.000,0.268,0.000,1.811,0.398,0.663,5.885,27.144,0.367,61.946
Colo_rep8_Dep6_Tu3,0.000,0.289,0.000,1.136,16.381,0.000,0.381,0.258,0.652,1.920,13.183,0.698,65.102
Colo_rep5_Dep6_Tu0.3,0.000,0.260,0.018,0.642,10.349,0.000,2.221,0.641,1.728,10.381,9.610,0.298,63.853
Colo_rep2_Dep6_Tu30,0.000,0.534,0.000,29.096,1.728,0.000,0.641,1.815,0.000,3.836,19.893,3.945,38.511
Colo_rep7_Dep6_Tu10,0.000,0.182,0.000,8.962,3.273,0.000,0.260,0.722,0.154,1.986,27.866,0.303,56.292
Colo_rep2_Dep6_Tu40,0.000,0.881,0.000,40.335,4.567,0.009,2.103,2.475,4.624,9.746,1.826,2.031,31.402
Colo_rep3_Dep6_Tu0.1,0.000,0.214,0.000,0.000,14.657,0.000,0.721,0.283,0.167,6.846,13.339,2.342,61.432
Colo_rep3_Dep6_Tu1,0.000,0.106,0.010,0.359,14.262,0.000,0.749,0.000,0.371,7.402,13.353,2.201,61.187
Colo_rep8_Dep6_Tu1,0.000,0.104,0.000,0.345,15.045,0.000,0.672,0.109,0.603,5.506,13.299,1.183,63.134
Colo_rep4_Dep6_Tu1,0.000,0.674,0.000,0.973,9.847,0.000,2.376,0.112,4.235,9.400,8.677,0.286,63.419
Colo_rep5_Dep6_Tu40,0.032,0.390,0.052,41.375,4.644,0.004,3.040,3.684,0.714,6.404,4.668,3.133,31.860
Colo_rep5_Dep6_Tu10,0.000,0.300,0.000,7.992,13.444,0.000,0.505,0.323,0.179,6.816,11.761,2.751,55.930
Colo_rep2_Dep6_Tu0.3,0.000,0.380,0.007,0.000,16.453,0.000,0.357,0.261,0.322,1.996,13.696,0.573,65.956
Colo_rep10_Dep6_Tu30,0.000,0.411,0.034,30.687,2.050,0.023,0.797,2.252,0.299,3.212,18.504,1.507,40.225
Colo_rep1_Dep6_Tu40,0.000,0.420,0.000,39.890,9.587,0.000,0.757,3.099,2.197,3.608,3.821,1.463,35.159
Colo_rep6_Dep6_Tu0.1,0.000,1.003,0.000,0.004,0.142,0.000,2.208,0.276,1.729,4.823,26.950,0.238,62.627
Colo_rep7_Dep6_Tu40,0.000,0.290,0.000,40.612,8.077,0.020,1.766,1.735,0.161,7.817,3.596,4.932,30.995
Colo_rep1_Dep6_Tu50,0.000,0.455,0.021,49.635,6.677,0.034,1.313,4.361,1.710,6.535,1.951,2.263,25.042
Colo_rep1_Dep6_Tu0.3,0.000,0.634,0.021,0.343,0.195,0.000,2.500,0.364,0.367,10.597,25.592,0.620,58.766
Colo_rep9_Dep6_Tu20,0.000,1.234,0.000,19.123,0.255,0.000,1.897,1.105,0.878,6.343,19.980,0.607,48.579
Colo_rep4_Dep6_Tu10,0.000,0.621,0.000,9.215,2.961,0.000,0.434,0.357,0.120,3.684,26.574,0.359,55.675
Colo_rep6_Dep6_Tu5,0.000,0.754,0.000,3.007,0.157,0.000,1.737,0.670,1.114,4.592,26.414,0.189,61.367
Colo_rep9_Dep6_Tu5,0.000,0.701,0.031,3.326,7.000,0.000,1.337,0.559,0.396,8.907,16.343,0.315,61.085
Colo_rep3_Dep6_Tu50,0.025,0.634,0.000,50.298,0.500,0.022,2.108,3.260,0.748,7.265,7.672,1.594,25.873
Colo_rep5_Dep6_Tu1,0.000,0.712,0.028,0.522,6.636,0.000,1.275,0.344,0.392,8.567,17.802,0.313,63.407
Colo_rep5_Dep6_Tu3,0.000,0.410,0.000,1.437,3.688,0.000,0.194,0.436,0.000,2.219,30.075,0.464,61.076
Colo_rep2_Dep6_Tu1,0.000,0.592,0.000,0.384,4.015,0.000,0.984,0.320,0.374,4.872,25.695,0.686,62.076
Colo_rep7_Dep6_Tu1,0.000,0.188,0.017,0.297,2.676,0.000,0.535,0.261,0.154,2.349,31.066,0.642,61.816
Colo_rep5_Dep6_Tu2,0.000,0.608,0.030,1.898,10.532,0.000,2.697,0.486,0.750,9.141,9.163,0.696,64.001
Colo_rep4_Dep6_Tu40,0.000,0.531,0.034,40.336,2.224,0.000,1.049,3.063,0.257,4.856,13.578,1.252,32.821
Colo_rep2_Dep6_Tu20,0.000,1.205,0.000,19.391,0.225,0.000,2.354,1.056,1.501,5.454,19.723,0.643,48.448
Colo_rep4_Dep6_Tu0.5,0.000,0.477,0.000,0.495,10.217,0.000,2.628,0.361,2.926,9.629,9.264,0.231,63.771
Colo_rep2_Dep6_Tu5,0.023,0.352,0.000,2.604,16.105,0.000,0.300,0.402,0.340,1.913,13.040,0.596,64.324
Colo_rep2_Dep6_Tu3,0.000,0.515,0.010,1.744,4.778,0.000,0.992,0.279,0.341,5.146,24.401,0.594,61.201
Colo_rep3_Dep6_Tu10,0.000,0.424,0.000,8.089,0.199,0.000,2.993,0.986,0.299,8.900,22.805,0.468,54.836
Colo_rep8_Dep6_Tu0.5,0.000,1.772,0.008,0.018,0.219,0.000,1.600,0.393,1.018,4.301,27.548,0.416,62.706
Colo_rep7_Dep6_Tu3,0.000,0.638,0.007,2.604,10.177,0.000,2.597,0.536,2.670,9.236,8.415,0.299,62.819
Colo_rep3_Dep6_Tu0.5,0.000,0.207,0.013,0.193,15.246,0.000,0.622,0.211,0.467,6.229,13.317,1.268,62.228
Colo_rep3_Dep6_Tu20,0.000,0.529,0.004,19.288,2.142,0.000,0.495,1.128,0.063,3.475,23.791,3.233,45.853
Colo_rep1_Dep6_Tu2,0.000,0.500,0.000,0.561,2.060,0.000,0.318,0.011,0.807,3.452,31.863,0.898,59.529
Colo_rep9_Dep6_Tu50,0.000,0.563,0.000,50.241,2.399,0.016,0.912,3.614,0.000,4.781,9.714,1.419,26.341
Colo_rep3_Dep6_Tu0.3,0.000,1.756,0.011,0.000,0.206,0.000,1.586,0.366,1.036,4.246,27.593,0.437,62.764
Colo_rep1_Dep6_Tu3,0.000,0.907,0.000,0.954,0.230,0.000,2.353,0.269,0.513,9.908,25.517,0.569,58.779
Br62_rep5_Dep6_Tu0.5,0.098,0.310,0.002,0.000,2.754,0.000,0.444,0.255,0.114,2.378,31.404,0.574,61.666
Br62_rep5_Dep6_Tu3,1.450,0.548,0.017,0.000,3.522,0.015,0.220,0.384,0.000,2.129,30.236,0.437,61.041
Br62_rep6_Dep6_Tu30,35.832,1.266,0.178,0.000,5.649,0.991,1.935,1.941,1.303,6.508,3.343,0.241,40.814
Br62_rep7_Dep6_Tu20,22.815,0.517,0.086,0.000,2.042,0.228,0.201,0.994,0.000,1.522,23.865,0.292,47.440
Br62_rep2_Dep6_Tu40,46.224,3.111,0.193,0.000,3.523,2.124,1.251,1.439,0.000,7.632,1.625,1.283,31.593
Br62_rep8_Dep6_Tu0.5,0.050,1.767,0.010,0.000,0.205,0.000,1.629,0.348,1.061,4.266,27.543,0.439,62.682
Br62_rep5_Dep6_Tu2,1.021,0.731,0.025,0.000,10.948,0.000,2.742,0.510,0.823,9.134,9.005,0.566,64.495
Br62_rep4_Dep6_Tu50,57.348,1.729,0.533,0.000,2.594,2.791,2.312,2.963,0.000,3.363,1.347,0.937,24.084
Br62_rep8_Dep6_Tu40,46.002,1.354,0.628,0.000,0.886,1.672,0.158,1.426,0.000,0.858,15.277,0.329,31.410
Br62_rep7_Dep6_Tu2,0.873,1.113,0.061,0.000,0.165,0.000,1.654,0.521,0.615,4.797,27.287,0.227,62.688
Br62_rep9_Dep6_Tu40,46.564,1.269,0.441,0.000,7.526,1.504,0.611,0.107,0.000,3.074,4.321,2.420,32.163
Br62_rep10_Dep6_Tu2,0.680,0.596,0.010,0.000,2.754,0.000,0.552,0.523,0.000,3.109,30.613,1.024,60.137
Br62_rep6_Dep6_Tu10,8.500,0.639,0.015,0.000,13.384,0.108,0.659,0.126,0.847,4.088,12.092,2.151,57.392
Br62_rep2_Dep6_Tu2,0.844,0.983,0.019,0.000,0.317,0.000,2.041,0.381,1.181,5.672,26.265,0.302,61.995
Br62_rep9_Dep6_Tu5,3.203,0.875,0.071,0.000,6.377,0.011,1.333,0.401,0.299,8.511,17.149,0.357,61.413
Br62_rep6_Dep6_Tu40,45.152,2.356,0.321,0.000,0.590,1.253,0.134,0.648,0.000,1.868,14.774,0.270,32.635
Br62_rep4_Dep6_Tu20,25.846,1.508,0.072,0.000,5.850,0.376,1.711,0.383,2.041,3.981,10.143,2.055,46.034
Br62_rep9_Dep6_Tu1,0.198,0.529,0.000,0.000,2.086,0.000,0.339,0.019,0.780,3.884,31.865,0.652,59.647
Br62_rep1_Dep6_Tu0.3,0.000,0.625,0.021,0.279,0.212,0.000,2.523,0.404,0.321,10.595,25.575,0.666,58.777
Br62_rep3_Dep6_Tu5,2.832,0.626,0.000,0.000,5.206,0.017,0.697,0.309,0.370,3.500,24.978,0.678,60.788
Br62_rep9_Dep6_Tu50,55.380,1.803,1.400,0.000,0.821,2.377,0.395,0.950,0.000,0.981,11.056,0.429,24.409
Br62_rep5_Dep6_Tu30,34.531,1.829,0.196,0.000,0.169,1.098,2.303,0.958,0.000,4.345,15.045,0.612,38.913
Br62_rep9_Dep6_Tu0.5,0.003,0.260,0.025,0.000,3.185,0.000,0.269,0.619,0.079,2.046,31.316,0.300,61.898
Br62_rep1_Dep6_Tu20,24.937,1.274,0.073,0.000,7.829,0.732,2.715,0.768,0.000,7.280,4.117,0.857,49.418
Br62_rep4_Dep6_Tu2,0.369,0.287,0.000,0.000,14.128,0.000,0.519,0.164,1.831,5.094,14.066,1.100,62.441
Br62_rep8_Dep6_Tu3,1.340,0.435,0.005,0.000,16.308,0.000,0.323,0.117,0.790,1.884,13.119,0.679,65.001
Br62_rep2_Dep6_Tu5,3.131,0.417,0.018,0.000,16.053,0.012,0.296,0.414,0.049,1.723,13.075,0.595,64.217
Br62_rep2_Dep6_Tu1,0.279,0.673,0.015,0.000,4.220,0.000,0.951,0.307,0.383,4.805,25.529,0.672,62.166
Br62_rep8_Dep6_Tu1,0.133,0.142,0.000,0.000,15.036,0.000,0.648,0.127,0.688,5.457,13.408,1.108,63.253
Br62_rep10_Dep6_Tu0.1,0.000,0.825,0.008,0.000,9.430,0.000,2.142,0.160,6.492,9.401,9.475,1.104,60.962
Br62_rep3_Dep6_Tu40,43.995,1.587,0.198,0.000,7.543,2.276,0.785,1.231,0.000,3.121,4.361,2.761,32.143
Br62_rep8_Dep6_Tu0.3,0.000,0.341,0.013,0.000,2.521,0.000,0.378,0.361,0.059,2.653,32.105,1.611,59.958
Br62_rep4_Dep6_Tu0.5,0.035,0.574,0.000,0.342,10.168,0.000,2.576,0.343,3.063,9.613,9.340,0.237,63.709
Br62_rep6_Dep6_Tu50,55.481,2.108,0.631,0.000,2.744,3.028,2.144,1.933,0.000,3.797,1.410,0.528,26.196
Br62_rep7_Dep6_Tu0.1,0.000,0.264,0.005,0.000,3.246,0.000,0.299,0.592,0.072,2.102,31.148,0.337,61.935
Br62_rep9_Dep6_Tu30,33.879,0.861,0.188,0.000,9.048,0.634,0.770,0.069,0.000,6.537,6.000,4.604,37.412
Br62_rep6_Dep6_Tu20,20.321,2.245,0.040,0.000,0.093,0.223,1.170,0.829,4.073,1.754,20.088,0.128,49.034
Br62_rep5_Dep6_Tu5,4.921,0.583,0.017,0.000,10.142,0.015,2.621,0.877,2.731,8.586,7.710,0.208,61.590
Br62_rep4_Dep6_Tu40,45.531,1.540,0.385,0.000,0.890,1.575,0.493,0.820,0.000,1.880,14.326,0.473,32.085
Br62_rep8_Dep6_Tu0.1,0.000,0.432,0.018,0.000,10.285,0.000,2.743,0.752,1.477,8.250,11.604,1.229,63.210
Br62_rep1_Dep6_Tu40,44.741,1.642,0.248,0.000,9.377,2.178,0.467,1.160,0.000,1.013,3.460,0.903,34.811
Br62_rep3_Dep6_Tu30,35.142,2.180,0.225,0.000,1.014,0.961,0.514,0.175,0.000,1.918,18.161,0.747,38.962
Br62_rep7_Dep6_Tu0.5,0.000,1.671,0.000,0.000,0.202,0.000,1.487,0.341,3.634,2.366,27.344,0.139,62.816
Br62_rep1_Dep6_Tu10,9.867,0.936,0.021,0.000,9.055,0.117,2.193,0.485,4.784,8.715,6.120,0.195,57.511
Br62_rep10_Dep6_Tu20,21.748,1.278,0.017,0.000,7.403,0.439,2.141,1.013,5.258,6.240,5.727,1.698,47.039
Br62_rep1_Dep6_Tu5,2.682,1.499,0.014,0.000,0.181,0.011,1.219,0.419,3.144,3.574,26.266,0.123,60.868
Br62_rep3_Dep6_Tu50,53.356,2.709,0.810,0.000,0.237,3.411,1.749,1.137,0.000,2.921,7.853,0.803,25.014
Br62_rep1_Dep6_Tu3,0.918,1.090,0.002,0.000,0.274,0.024,2.218,0.235,0.462,9.723,25.561,0.660,58.835
Br62_rep7_Dep6_Tu30,34.055,1.363,0.675,0.000,1.389,0.924,0.281,0.775,0.000,1.511,19.434,0.585,39.008
Br62_rep6_Dep6_Tu1,0.028,0.690,0.000,0.000,3.963,0.000,0.616,0.331,0.190,4.384,26.559,0.504,62.735
Br62_rep1_Dep6_Tu0.5,0.000,1.466,0.037,0.000,0.284,0.000,1.805,0.446,0.736,5.892,27.103,0.369,61.861
Br62_rep1_Dep6_Tu0.1,0.000,0.485,0.000,0.000,1.867,0.000,0.424,0.201,0.264,2.765,32.584,0.836,60.573
Br62_rep9_Dep6_Tu3,0.783,0.329,0.019,0.000,15.047,0.012,0.554,0.294,0.455,5.650,13.347,1.661,61.850
Br62_rep5_Dep6_Tu40,46.273,1.812,0.616,0.000,3.117,1.783,2.033,1.983,0.459,2.531,5.877,1.820,31.696
Br62_rep10_Dep6_Tu3,1.499,0.625,0.017,0.000,2.718,0.000,0.315,0.353,0.067,2.568,30.879,1.572,59.387
Br62_rep2_Dep6_Tu0.3,0.061,0.378,0.011,0.000,16.441,0.000,0.351,0.293,0.318,2.001,13.678,0.582,65.886
Br62_rep10_Dep6_Tu40,43.716,1.944,0.327,0.000,0.683,1.967,0.405,0.283,0.000,2.036,15.991,1.516,31.131
Br62_rep3_Dep6_Tu2,0.451,0.653,0.025,0.225,0.273,0.008,2.702,0.249,1.291,9.388,25.336,0.540,58.859
Br62_rep5_Dep6_Tu1,0.251,0.803,0.031,0.000,6.628,0.000,1.280,0.324,0.419,8.481,17.939,0.323,63.521
Br62_rep4_Dep6_Tu1,0.174,0.783,0.000,0.502,10.110,0.000,2.443,0.144,4.118,9.449,8.472,0.293,63.512
Br62_rep10_Dep6_Tu0.5,0.000,0.702,0.010,0.434,10.100,0.000,2.274,0.235,4.452,9.401,8.668,0.271,63.453
Br62_rep5_Dep6_Tu20,22.490,1.873,0.069,0.000,6.887,0.345,1.905,0.461,5.721,8.577,4.248,1.402,46.020
Br62_rep6_Dep6_Tu0.3,0.000,0.240,0.009,0.000,15.246,0.000,0.633,0.227,0.446,6.283,13.356,1.263,62.296
Br62_rep9_Dep6_Tu0.3,0.000,0.335,0.011,0.000,2.539,0.000,0.371,0.331,0.093,2.636,32.110,1.596,59.977
Br62_rep2_Dep6_Tu20,21.867,2.801,0.089,0.000,0.128,0.268,1.885,0.634,0.000,3.800,19.564,0.507,48.456
Br62_rep6_Dep6_Tu0.5,0.106,0.811,0.015,0.000,9.077,0.000,2.029,0.122,9.266,8.077,9.329,0.750,60.417
Br62_rep8_Dep6_Tu10,10.116,0.888,0.000,0.000,8.233,0.063,1.928,0.515,6.060,6.786,8.797,1.799,54.815
Br62_rep2_Dep6_Tu0.1,0.000,0.237,0.018,0.000,15.133,0.000,0.383,0.106,2.015,3.039,14.106,0.966,63.997
Br62_rep5_Dep6_Tu10,9.209,0.341,0.028,0.000,13.385,0.085,0.341,0.372,0.103,5.874,11.795,2.297,56.168
Br62_rep10_Dep6_Tu10,11.933,0.742,0.039,0.000,9.182,0.059,2.993,1.294,0.000,7.342,8.858,1.575,55.982
Br62_rep4_Dep6_Tu10,9.433,0.918,0.022,0.000,2.467,0.070,0.311,0.308,0.075,3.252,27.200,0.250,55.695
Br62_rep3_Dep6_Tu0.1,0.000,0.221,0.000,0.000,14.651,0.000,0.737,0.274,0.203,6.862,13.266,2.418,61.368
Br62_rep2_Dep6_Tu50,56.006,1.675,1.258,0.000,0.750,2.263,0.466,0.124,0.000,1.128,11.012,0.463,24.854
Br62_rep9_Dep6_Tu10,7.925,0.105,0.025,0.000,13.034,0.189,1.199,0.434,0.000,7.227,10.904,4.546,54.411
Br62_rep5_Dep6_Tu0.3,0.000,0.294,0.019,0.562,10.359,0.000,2.213,0.650,1.724,10.398,9.610,0.286,63.884
Br62_rep8_Dep6_Tu50,57.517,1.944,0.538,0.000,2.036,3.147,1.933,2.257,0.000,3.800,1.025,0.839,24.964
Br62_rep4_Dep6_Tu0.3,0.000,0.510,0.000,0.000,4.075,0.000,0.603,0.095,0.694,4.865,26.023,0.732,62.401
Br62_rep7_Dep6_Tu1,0.059,0.237,0.026,0.000,2.597,0.000,0.547,0.291,0.194,2.301,31.213,0.655,61.879
Br62_rep3_Dep6_Tu0.5,0.000,0.236,0.009,0.000,15.238,0.000,0.618,0.253,0.454,6.271,13.369,1.256,62.295
Br62_rep7_Dep6_Tu40,45.013,1.161,0.412,0.000,7.606,1.377,0.822,0.504,0.000,4.348,3.837,4.096,30.824
Br62_rep2_Dep6_Tu3,1.602,0.767,0.015,0.000,4.741,0.000,1.014,0.430,0.267,5.047,24.485,0.584,61.047
Br62_rep2_Dep6_Tu0.5,0.014,0.546,0.001,0.000,2.591,0.000,0.332,0.188,0.086,2.625,31.620,1.634,60.362
Br62_rep1_Dep6_Tu50,55.310,1.193,0.554,0.000,5.428,2.347,0.698,2.855,0.000,2.381,3.329,0.723,25.182
Br62_rep3_Dep6_Tu3,1.588,0.984,0.000,0.000,4.431,0.000,1.071,0.434,0.558,3.962,25.085,1.669,60.217
Br62_rep7_Dep6_Tu3,2.081,0.737,0.000,0.771,10.141,0.023,2.555,0.341,2.762,8.993,8.361,0.272,62.963
Br62_rep3_Dep6_Tu0.3,0.000,1.743,0.015,0.000,0.209,0.000,1.603,0.371,1.021,4.287,27.577,0.433,62.739
Br62_rep8_Dep6_Tu30,32.425,1.475,0.246,0.000,0.849,0.765,0.481,0.240,0.000,2.551,20.785,0.892,39.291
Br62_rep4_Dep6_Tu30,33.596,1.454,0.307,0.000,1.164,0.954,0.465,0.305,0.089,1.427,19.781,2.076,38.382
Br62_rep6_Dep6_Tu3,1.168,1.450,0.000,0.000,0.272,0.021,2.198,0.252,2.001,4.131,26.282,0.172,62.054
Br62_rep4_Dep6_Tu0.1,0.032,0.525,0.014,0.000,0.183,0.000,2.489,0.678,0.087,8.804,26.050,0.472,60.666
Br62_rep8_Dep6_Tu5,4.708,0.729,0.017,0.000,9.902,0.015,2.521,0.705,2.812,7.437,8.942,0.625,61.587
Br62_rep10_Dep6_Tu50,58.226,3.553,0.542,0.000,1.172,3.337,1.818,0.000,0.000,4.579,1.475,1.089,24.209
Br62_rep10_Dep6_Tu0.3,0.000,0.409,0.023,0.000,11.018,0.000,2.256,0.634,0.567,8.919,10.516,0.486,65.171
Br62_rep3_Dep6_Tu20,21.644,1.168,0.128,0.000,1.310,0.157,0.266,0.612,0.000,2.181,24.918,1.706,45.912
Br62_rep1_Dep6_Tu1,0.180,0.698,0.010,0.000,8.801,0.000,1.897,0.166,9.515,8.365,9.628,0.927,59.813
Br62_rep3_Dep6_Tu1,0.085,0.190,0.010,0.000,14.285,0.000,0.724,0.028,0.396,7.410,13.385,2.175,61.311
Br62_rep9_Dep6_Tu2,0.489,0.535,0.000,0.030,3.040,0.000,0.401,0.569,0.061,2.987,29.940,0.347,61.600
Br62_rep7_Dep6_Tu50,55.117,3.272,0.775,0.000,0.226,2.591,0.919,2.331,0.000,1.792,7.843,0.200,24.934
Br62_rep7_Dep6_Tu5,3.461,0.737,0.047,0.000,0.307,0.032,1.896,0.871,0.147,9.253,24.878,0.475,57.895
Br62_rep8_Dep6_Tu2,0.571,0.150,0.000,0.000,14.035,0.024,0.768,0.142,0.130,8.301,12.850,3.600,59.428
Br62_rep5_Dep6_Tu0.1,0.000,0.431,0.000,0.000,1.760,0.000,0.357,0.237,0.264,3.603,32.300,0.732,60.316
Br62_rep6_Dep6_Tu5,2.750,1.301,0.038,0.000,0.168,0.009,1.694,0.625,0.644,4.521,26.712,0.225,61.312
Br62_rep9_Dep6_Tu20,21.640,2.272,0.064,0.000,0.144,0.283,1.634,0.505,0.381,3.870,20.072,0.374,48.761
Br62_rep2_Dep6_Tu30,33.723,1.188,0.251,0.000,0.717,1.028,0.210,0.335,0.000,1.473,20.491,2.791,37.793
Br62_rep7_Dep6_Tu10,9.079,0.545,0.099,0.000,2.896,0.074,0.237,0.872,0.000,1.661,28.258,0.306,55.975
Br62_rep6_Dep6_Tu0.1,0.000,0.964,0.000,0.000,0.158,0.000,2.223,0.252,1.824,4.777,26.928,0.246,62.628
Br62_rep5_Dep6_Tu50,55.530,3.422,0.578,0.000,0.430,2.904,0.136,0.000,0.000,1.689,11.094,1.163,23.053
Br62_rep10_Dep6_Tu1,0.072,0.834,0.014,0.000,9.873,0.000,2.125,0.194,3.476,9.912,10.246,0.717,62.537
Br62_rep1_Dep6_Tu30,34.592,1.453,0.116,0.000,0.852,0.915,0.360,0.530,0.000,2.252,19.324,1.492,38.113
Br62_rep7_Dep6_Tu0.3,0.000,0.622,0.000,0.000,2.810,0.000,0.385,0.161,0.141,3.082,30.625,0.331,61.843
Br62_rep2_Dep6_Tu10,10.253,0.500,0.047,0.000,2.524,0.070,0.493,0.423,0.132,2.785,27.541,0.815,54.417
Br62_rep9_Dep6_Tu0.1,0.000,0.717,0.008,0.000,9.978,0.000,1.887,0.215,4.482,9.643,9.838,0.610,62.621
Br62_rep3_Dep6_Tu10,9.617,0.679,0.037,0.000,0.148,0.079,2.812,0.970,0.105,8.546,22.526,0.432,54.050
Br62_rep4_Dep6_Tu5,4.790,0.875,0.013,0.000,9.605,0.035,2.121,0.948,0.966,10.183,8.842,0.389,61.231
Br62_rep8_Dep6_Tu20,21.104,1.066,0.054,0.000,11.313,0.481,0.500,0.401,1.045,4.110,9.658,2.224,48.045
Br62_rep1_Dep6_Tu2,0.607,0.585,0.000,0.000,2.044,0.000,0.325,0.000,0.996,3.338,31.801,0.913,59.390
Br62_rep10_Dep6_Tu5,3.210,0.392,0.000,0.000,13.949,0.011,0.456,0.180,2.942,3.037,13.806,1.024,60.992
Br62_rep10_Dep6_Tu30,33.432,1.033,0.335,0.000,1.075,0.825,0.435,1.048,0.032,1.236,19.843,0.669,40.038
Br62_rep6_Dep6_Tu2,0.881,0.424,0.035,0.000,11.027,0.000,2.492,0.800,0.484,8.930,10.029,0.467,64.431
Br62_rep4_Dep6_Tu3,1.996,0.396,0.028,0.000,15.188,0.000,0.377,0.529,0.290,2.955,13.773,1.038,63.431
Br66_rep4_Dep6_Tu50,62.891,1.664,0.050,0.000,0.403,2.104,1.716,0.000,0.000,4.340,1.492,1.325,24.015
Br66_rep3_Dep6_Tu0.5,0.000,0.259,0.012,0.000,15.273,0.000,0.624,0.217,0.450,6.267,13.354,1.213,62.331
Br66_rep2_Dep6_Tu3,1.173,0.769,0.011,0.000,4.668,0.000,0.974,0.366,0.189,5.228,24.794,0.528,61.299
Br66_rep6_Dep6_Tu40,44.766,2.754,0.079,0.000,0.992,0.757,0.000,0.000,0.000,2.925,14.668,0.267,32.792
Br66_rep9_Dep6_Tu0.1,0.000,0.774,0.010,0.000,9.969,0.000,1.866,0.220,4.345,9.763,9.804,0.600,62.648
Br66_rep9_Dep6_Tu5,2.964,0.907,0.024,0.000,7.219,0.000,1.332,0.369,0.330,8.899,16.335,0.283,61.337
Br66_rep10_Dep6_Tu1,0.263,0.346,0.000,0.000,16.449,0.000,0.352,0.094,0.720,1.979,13.442,0.661,65.692
Br66_rep6_Dep6_Tu20,21.220,3.145,0.049,0.000,0.079,0.138,1.288,0.320,1.104,2.124,20.451,0.166,49.915
Br66_rep10_Dep6_Tu30,33.287,2.495,0.058,0.000,0.168,0.392,1.078,0.108,1.021,4.567,16.021,0.231,40.574
Br66_rep10_Dep6_Tu5,3.484,1.340,0.029,0.000,0.269,0.022,2.160,0.446,0.307,5.493,25.687,0.505,60.258
Br66_rep7_Dep6_Tu1,0.055,0.285,0.016,0.000,2.638,0.000,0.506,0.269,0.166,2.348,31.199,0.608,61.910
Br66_rep6_Dep6_Tu0.3,0.000,0.226,0.017,0.000,15.264,0.000,0.624,0.208,0.467,6.262,13.366,1.225,62.339
Br66_rep1_Dep6_Tu30,35.007,1.462,0.046,0.000,0.675,0.408,0.380,0.133,0.000,2.484,19.707,1.276,38.421
Br66_rep3_Dep6_Tu1,0.100,0.155,0.008,0.000,14.283,0.000,0.731,0.000,0.402,7.393,13.407,2.201,61.320
Br66_rep3_Dep6_Tu30,33.428,2.360,0.020,0.000,1.197,0.373,0.256,0.095,0.000,2.952,18.721,0.427,40.171
Br66_rep9_Dep6_Tu1,0.223,0.527,0.000,0.000,2.008,0.000,0.347,0.021,0.740,3.876,31.929,0.679,59.649
Br66_rep9_Dep6_Tu40,44.703,1.037,0.020,0.000,8.177,0.936,0.165,0.000,0.000,4.847,4.256,2.785,33.073
Br66_rep5_Dep6_Tu1,0.224,0.735,0.038,0.000,7.311,0.000,1.293,0.317,0.378,8.643,17.240,0.255,63.565
Br66_rep2_Dep6_Tu5,2.326,0.343,0.021,0.000,16.276,0.000,0.364,0.221,0.416,1.878,12.980,0.600,64.573
Br66_rep5_Dep6_Tu30,34.568,1.998,0.002,0.000,0.105,0.469,2.160,0.159,0.000,4.887,15.468,0.395,39.788
Br66_rep7_Dep6_Tu50,59.081,3.489,0.068,0.000,0.056,1.395,0.441,0.000,0.000,3.630,7.093,0.203,24.545
Br66_rep4_Dep6_Tu40,46.095,0.882,0.086,0.000,0.678,1.569,0.485,0.000,0.000,2.878,14.701,0.227,32.398
Br66_rep8_Dep6_Tu5,4.093,0.815,0.000,0.000,9.809,0.000,2.518,0.633,2.611,7.526,9.408,0.660,61.925
Br66_rep9_Dep6_Tu2,0.528,0.433,0.007,0.103,3.196,0.000,0.343,0.418,0.046,3.025,29.843,0.341,61.716
Br66_rep6_Dep6_Tu30,35.805,1.196,0.028,0.000,6.098,0.415,1.851,1.203,0.498,8.399,2.717,0.326,41.465
Br66_rep4_Dep6_Tu0.1,0.041,0.529,0.014,0.000,0.216,0.000,2.430,0.702,0.093,8.623,26.114,0.489,60.750
Br66_rep5_Dep6_Tu10,8.442,0.364,0.030,0.000,13.604,0.051,0.354,0.296,0.000,6.425,11.807,1.986,56.641
Br66_rep3_Dep6_Tu40,45.799,1.316,0.079,0.000,8.013,1.436,0.261,0.000,0.000,4.998,4.270,1.474,32.355
Br66_rep9_Dep6_Tu0.5,0.000,0.250,0.039,0.000,3.133,0.000,0.285,0.580,0.085,2.104,31.333,0.311,61.878
Br66_rep8_Dep6_Tu2,0.535,0.151,0.006,0.000,14.112,0.012,0.741,0.119,0.106,8.354,12.916,3.362,59.587
Br66_rep10_Dep6_Tu2,0.548,1.059,0.024,0.000,3.531,0.000,1.350,0.276,0.562,5.886,23.605,0.921,62.239
Br66_rep6_Dep6_Tu0.1,0.000,1.000,0.000,0.000,0.144,0.000,2.167,0.303,1.694,4.796,26.979,0.254,62.661
Br66_rep5_Dep6_Tu0.5,0.079,0.317,0.006,0.000,2.711,0.000,0.428,0.257,0.120,2.338,31.487,0.553,61.703
Br66_rep2_Dep6_Tu20,19.910,3.241,0.026,0.000,0.064,0.151,1.172,0.338,0.388,4.865,20.040,0.418,49.388
Br66_rep4_Dep6_Tu0.5,0.000,0.528,0.008,0.369,10.197,0.000,2.589,0.338,3.029,9.625,9.287,0.210,63.822
Br66_rep4_Dep6_Tu5,4.307,0.682,0.015,0.000,9.964,0.028,2.301,0.868,1.003,10.356,8.624,0.398,61.455
Br66_rep8_Dep6_Tu0.5,0.057,1.779,0.015,0.000,0.213,0.000,1.646,0.423,0.927,4.248,27.545,0.435,62.713
Br66_rep5_Dep6_Tu20,21.887,2.169,0.019,0.000,6.899,0.096,1.688,0.192,5.913,9.144,4.291,0.995,46.707
Br66_rep1_Dep6_Tu3,0.808,1.010,0.000,0.000,0.282,0.020,2.306,0.273,0.407,9.908,25.484,0.558,58.944
Br66_rep10_Dep6_Tu10,10.032,1.556,0.010,0.000,2.254,0.035,1.801,0.244,0.306,6.401,20.915,0.716,55.731
Br66_rep3_Dep6_Tu10,8.261,0.459,0.020,0.000,0.190,0.037,2.525,1.000,0.000,8.756,23.205,0.479,55.067
Br66_rep10_Dep6_Tu40,44.659,2.021,0.052,0.000,3.982,1.113,1.467,0.200,7.144,5.966,1.478,1.136,30.782
Br66_rep1_Dep6_Tu50,57.584,1.324,0.064,0.000,6.185,2.338,0.406,0.000,0.000,4.387,2.187,0.836,24.687
Br66_rep10_Dep6_Tu0.5,0.000,0.370,0.012,0.000,7.976,0.000,1.289,0.469,0.000,6.511,20.046,0.731,62.595
Br66_rep1_Dep6_Tu0.3,0.000,0.659,0.020,0.272,0.194,0.000,2.536,0.359,0.363,10.601,25.598,0.623,58.774
Br66_rep10_Dep6_Tu0.1,0.000,0.823,0.000,0.000,1.244,0.000,1.543,0.524,0.365,7.077,25.842,0.574,62.008
Br66_rep8_Dep6_Tu40,46.016,0.935,0.189,0.000,0.995,1.005,0.270,0.000,0.000,1.699,16.053,0.327,32.511
Br66_rep3_Dep6_Tu20,21.003,0.889,0.036,0.000,1.153,0.074,0.260,0.160,0.000,2.642,25.461,1.616,46.706
Br66_rep9_Dep6_Tu0.3,0.000,0.359,0.013,0.000,2.557,0.000,0.375,0.281,0.095,2.651,32.101,1.561,60.007
Br66_rep7_Dep6_Tu0.3,0.000,0.622,0.000,0.000,2.847,0.000,0.381,0.125,0.153,3.077,30.604,0.321,61.869
Br66_rep5_Dep6_Tu2,0.988,0.786,0.041,0.000,10.636,0.000,2.663,0.449,0.951,8.978,9.380,0.569,64.559
Br66_rep5_Dep6_Tu0.3,0.000,0.333,0.022,0.562,10.153,0.000,2.142,0.659,1.816,10.321,9.840,0.308,63.843
Br66_rep6_Dep6_Tu5,3.017,1.347,0.043,0.000,0.151,0.000,1.624,0.403,0.997,4.423,26.529,0.202,61.264
Br66_rep5_Dep6_Tu3,1.056,0.467,0.028,0.000,3.592,0.006,0.211,0.485,0.000,2.214,30.265,0.467,61.209
Br66_rep1_Dep6_Tu5,2.201,1.645,0.014,0.000,0.198,0.000,1.168,0.366,2.995,3.608,26.463,0.104,61.238
Br66_rep6_Dep6_Tu10,8.019,0.534,0.000,0.000,13.751,0.036,0.562,0.016,0.751,4.644,11.991,1.811,57.886
Br66_rep3_Dep6_Tu5,3.326,0.542,0.000,0.000,5.256,0.000,0.775,0.507,0.176,3.616,24.602,0.697,60.503
Br66_rep1_Dep6_Tu1,0.226,0.580,0.009,0.000,8.924,0.000,1.888,0.120,9.512,8.391,9.582,0.804,59.963
Br66_rep4_Dep6_Tu30,33.198,1.242,0.032,0.000,1.085,0.340,0.316,0.000,0.000,2.104,20.771,1.622,39.290
Br66_rep8_Dep6_Tu20,20.586,0.794,0.012,0.000,11.685,0.257,0.414,0.509,0.227,4.701,10.067,1.667,49.081
Br66_rep4_Dep6_Tu10,8.769,1.043,0.018,0.000,2.855,0.059,0.298,0.118,0.000,3.448,27.109,0.182,56.102
Br66_rep2_Dep6_Tu1,0.239,0.633,0.000,0.000,4.179,0.000,0.942,0.281,0.488,4.795,25.591,0.618,62.233
Br66_rep6_Dep6_Tu2,0.850,0.480,0.029,0.000,10.820,0.000,2.237,0.698,0.584,8.863,10.435,0.469,64.536
Br66_rep6_Dep6_Tu0.5,0.148,0.810,0.023,0.000,9.105,0.000,2.030,0.117,9.250,8.103,9.249,0.756,60.408
Br66_rep5_Dep6_Tu0.1,0.000,0.421,0.000,0.000,1.733,0.000,0.347,0.215,0.286,3.641,32.346,0.685,60.324
Br66_rep2_Dep6_Tu2,0.888,1.046,0.007,0.000,0.313,0.000,1.939,0.398,0.894,5.897,26.253,0.305,62.061
Br66_rep10_Dep6_Tu50,56.503,3.276,0.120,0.000,0.155,1.957,0.385,0.000,0.000,3.088,7.962,0.343,26.211
Br66_rep7_Dep6_Tu3,1.802,0.628,0.012,0.886,9.967,0.009,2.553,0.437,2.711,9.013,8.698,0.318,62.967
Br66_rep7_Dep6_Tu10,9.303,0.480,0.032,0.000,3.047,0.035,0.296,0.547,0.022,1.628,28.186,0.227,56.199
Br66_rep2_Dep6_Tu0.5,0.008,0.543,0.013,0.000,2.594,0.000,0.348,0.190,0.083,2.623,31.670,1.542,60.385
Br66_rep5_Dep6_Tu50,56.877,3.634,0.080,0.000,0.172,1.992,0.117,0.000,0.000,2.079,11.302,0.738,23.010
Br66_rep9_Dep6_Tu20,21.496,2.775,0.024,0.000,0.115,0.179,1.098,0.281,0.322,4.546,20.110,0.357,48.699
Br66_rep8_Dep6_Tu3,1.082,0.351,0.000,0.000,16.390,0.000,0.358,0.087,0.674,1.971,13.202,0.681,65.205
Br66_rep9_Dep6_Tu10,7.183,0.156,0.025,0.000,13.172,0.077,1.092,0.181,0.000,7.624,11.025,4.394,55.070
Br66_rep7_Dep6_Tu2,0.788,1.181,0.034,0.000,0.144,0.000,1.746,0.420,0.553,4.800,27.399,0.225,62.708
Br66_rep6_Dep6_Tu3,0.884,1.364,0.000,0.012,0.231,0.001,2.182,0.228,1.768,4.339,26.410,0.193,62.388
Br66_rep1_Dep6_Tu0.5,0.000,1.418,0.047,0.000,0.282,0.000,1.837,0.461,0.667,5.884,27.115,0.385,61.905
Br66_rep2_Dep6_Tu40,48.355,3.816,0.025,0.000,2.276,1.112,1.175,0.153,0.000,8.125,1.750,1.635,31.578
Br66_rep1_Dep6_Tu2,0.490,0.582,0.000,0.000,2.092,0.000,0.319,0.000,0.699,3.479,31.868,0.968,59.504
Br66_rep8_Dep6_Tu1,0.123,0.136,0.000,0.000,15.056,0.000,0.664,0.127,0.664,5.486,13.362,1.096,63.287
Br66_rep4_Dep6_Tu3,1.691,0.290,0.024,0.000,15.285,0.000,0.403,0.510,0.193,2.958,13.842,1.063,63.740
Br66_rep7_Dep6_Tu40,44.869,0.979,0.062,0.000,8.079,0.799,0.689,0.000,0.000,5.676,4.003,2.942,31.903
Br66_rep7_Dep6_Tu0.5,0.000,1.690,0.000,0.000,0.192,0.000,1.492,0.360,3.352,2.460,27.413,0.140,62.901
Br66_rep2_Dep6_Tu30,32.449,1.241,0.019,0.000,0.838,0.721,0.267,0.089,0.000,1.939,21.081,2.776,38.578
Br66_rep2_Dep6_Tu0.1,0.000,0.239,0.021,0.000,15.142,0.000,0.386,0.094,1.937,3.062,14.091,0.999,64.029
Br66_rep7_Dep6_Tu0.1,0.000,0.242,0.010,0.000,3.380,0.000,0.272,0.569,0.051,1.995,31.126,0.288,62.068
Br66_rep1_Dep6_Tu40,45.002,0.896,0.020,0.000,9.705,1.545,0.283,0.011,0.000,1.568,3.757,0.755,36.456
Br66_rep7_Dep6_Tu5,3.020,0.547,0.035,0.000,0.305,0.000,1.975,0.753,0.056,9.538,25.081,0.419,58.270
Br66_rep4_Dep6_Tu1,0.349,0.674,0.000,0.447,10.238,0.000,2.444,0.134,4.213,9.480,8.256,0.288,63.476
Br66_rep8_Dep6_Tu0.1,0.032,0.409,0.018,0.000,10.450,0.000,2.813,0.717,1.433,8.255,11.385,1.252,63.236
Br66_rep4_Dep6_Tu2,0.485,0.233,0.000,0.000,14.158,0.000,0.531,0.093,1.818,5.013,14.082,1.078,62.509
Br66_rep1_Dep6_Tu0.1,0.000,0.477,0.000,0.000,1.862,0.000,0.408,0.195,0.239,2.743,32.651,0.816,60.610
Br66_rep2_Dep6_Tu10,9.442,0.579,0.020,0.000,2.579,0.019,0.602,0.318,0.113,2.956,27.772,0.890,54.710
Br66_rep4_Dep6_Tu20,25.100,1.843,0.014,0.000,6.103,0.113,1.679,0.318,0.082,5.205,10.191,2.557,46.796
Br66_rep4_Dep6_Tu0.3,0.000,0.467,0.000,0.137,4.079,0.000,0.598,0.094,0.620,4.910,25.986,0.754,62.354
Br66_rep10_Dep6_Tu3,1.542,0.543,0.000,0.000,9.255,0.000,1.057,0.310,0.667,5.265,18.589,0.511,62.261
Br66_rep1_Dep6_Tu20,25.096,1.375,0.031,0.000,7.743,0.171,1.994,0.027,0.881,7.895,4.284,0.724,49.779
Br66_rep6_Dep6_Tu1,0.045,0.656,0.013,0.000,3.781,0.000,0.615,0.312,0.165,4.454,26.796,0.470,62.692
Br66_rep6_Dep6_Tu50,60.649,2.198,0.221,0.000,0.791,2.391,0.528,0.000,0.000,5.891,0.961,0.489,25.883
Br66_rep9_Dep6_Tu3,0.756,0.314,0.018,0.000,15.170,0.000,0.576,0.193,0.487,5.721,13.196,1.584,61.984
Br66_rep3_Dep6_Tu50,55.982,3.787,0.157,0.000,0.036,2.152,1.128,0.000,0.000,4.218,7.198,0.321,25.020
Br66_rep8_Dep6_Tu30,32.407,1.284,0.017,0.000,0.601,0.363,0.376,0.000,0.000,3.248,21.243,1.080,39.380
Br66_rep7_Dep6_Tu20,21.863,0.327,0.029,0.000,2.203,0.086,0.163,0.593,0.000,1.473,24.417,0.285,48.560
Br66_rep3_Dep6_Tu2,0.516,0.808,0.019,0.227,0.247,0.000,2.653,0.180,1.160,9.396,25.408,0.491,58.894
Br66_rep8_Dep6_Tu50,62.004,2.085,0.097,0.000,0.029,2.132,1.340,0.086,0.000,5.870,1.015,0.784,24.558
Br66_rep3_Dep6_Tu3,1.317,0.787,0.002,0.000,4.807,0.000,0.991,0.279,0.615,4.022,24.935,1.627,60.620
Br66_rep3_Dep6_Tu0.3,0.000,1.764,0.012,0.000,0.210,0.000,1.591,0.389,0.959,4.260,27.595,0.436,62.783
Br66_rep8_Dep6_Tu0.3,0.000,0.366,0.015,0.000,2.490,0.000,0.387,0.295,0.092,2.718,32.140,1.521,59.976
Br66_rep3_Dep6_Tu0.1,0.000,0.223,0.002,0.000,14.657,0.000,0.728,0.274,0.202,6.807,13.362,2.282,61.463
Br66_rep10_Dep6_Tu0.3,0.000,0.439,0.000,0.000,5.065,0.000,0.872,0.309,0.707,4.378,25.243,1.141,61.845
Br66_rep2_Dep6_Tu50,57.787,1.305,0.185,0.000,0.658,1.970,0.148,0.000,0.000,1.931,11.163,0.265,24.587
Br66_rep5_Dep6_Tu5,4.444,0.668,0.019,0.000,10.014,0.012,2.627,0.803,2.592,8.626,8.023,0.274,61.898
Br66_rep10_Dep6_Tu20,22.332,1.002,0.017,0.000,8.107,0.155,2.654,0.755,0.000,7.525,5.800,0.880,50.772
Br66_rep7_Dep6_Tu30,34.109,0.884,0.121,0.000,1.594,0.208,0.310,0.271,0.000,1.726,20.048,0.521,40.209
Br66_rep9_Dep6_Tu30,33.482,0.415,0.080,0.000,9.710,0.273,0.598,0.000,0.000,7.343,6.129,3.609,38.359
Br66_rep5_Dep6_Tu40,47.735,1.579,0.023,0.000,3.308,1.319,1.920,0.331,0.000,3.965,6.303,1.209,32.309
Br66_rep8_Dep6_Tu10,9.547,0.875,0.000,0.000,8.366,0.034,2.142,0.304,5.267,7.207,8.985,1.584,55.689
Br66_rep9_Dep6_Tu50,57.588,1.553,0.123,0.000,0.656,1.677,0.150,0.000,0.000,1.395,11.447,0.316,25.094
Br66_rep2_Dep6_Tu0.3,0.078,0.362,0.011,0.000,16.438,0.000,0.356,0.276,0.304,1.983,13.679,0.587,65.927
Br66_rep1_Dep6_Tu10,8.663,0.838,0.000,0.000,9.437,0.074,2.200,0.299,4.544,8.916,6.275,0.282,58.472
Cer77_rep9_Dep6_Tu3,0.050,1.450,0.102,0.000,15.080,0.044,0.627,0.507,0.494,5.709,12.888,1.988,61.063
Cer77_rep5_Dep6_Tu30,2.503,29.572,2.962,1.356,2.305,1.481,2.334,13.951,0.000,3.504,8.919,1.540,29.573
Cer77_rep3_Dep6_Tu30,2.323,31.033,3.386,1.282,4.166,1.562,1.237,12.436,0.000,2.350,10.281,1.655,28.290
Cer77_rep8_Dep6_Tu50,2.874,40.358,3.890,1.293,5.582,2.715,2.150,21.573,0.000,2.209,0.000,1.535,15.822
Cer77_rep1_Dep6_Tu1,0.031,1.122,0.018,0.000,8.935,0.000,1.908,0.189,9.484,8.346,9.362,0.936,59.668
Cer77_rep7_Dep6_Tu3,0.318,2.494,0.085,0.881,10.336,0.040,2.533,0.653,2.675,8.951,8.239,0.386,62.410
Cer77_rep10_Dep6_Tu2,0.030,2.411,0.088,0.000,3.631,0.046,1.547,0.572,0.503,5.736,23.037,0.976,61.422
Cer77_rep2_Dep6_Tu0.5,0.000,0.685,0.021,0.000,2.533,0.000,0.360,0.215,0.076,2.720,31.615,1.535,60.240
Cer77_rep3_Dep6_Tu20,1.849,19.503,2.002,0.756,3.211,0.786,0.905,8.006,0.000,2.253,19.106,3.123,38.499
Cer77_rep1_Dep6_Tu2,0.152,1.621,0.059,0.176,2.149,0.014,0.396,0.000,0.766,3.325,31.217,1.289,58.836
Cer77_rep2_Dep6_Tu5,0.347,3.486,0.288,0.249,16.087,0.113,0.487,1.381,0.133,1.797,12.221,0.833,62.581
Cer77_rep5_Dep6_Tu0.5,0.000,0.401,0.021,0.184,2.711,0.000,0.465,0.300,0.108,2.297,31.354,0.639,61.518
Cer77_rep2_Dep6_Tu50,3.342,41.735,5.658,1.904,5.757,2.621,1.355,21.441,0.000,1.082,0.000,1.694,13.411
Cer77_rep9_Dep6_Tu0.5,0.000,0.360,0.076,0.168,3.118,0.000,0.301,0.594,0.070,2.077,31.227,0.333,61.675
Cer77_rep4_Dep6_Tu10,0.942,10.111,1.046,0.640,3.763,0.217,0.564,3.409,0.000,3.092,23.791,0.681,51.743
Cer77_rep9_Dep6_Tu20,1.313,22.495,1.823,0.613,1.196,0.798,2.088,8.908,0.000,3.401,15.255,1.194,40.916
Cer77_rep3_Dep6_Tu10,0.976,9.274,0.984,0.521,0.536,0.222,2.852,4.740,0.000,7.937,20.529,1.021,50.408
Cer77_rep6_Dep6_Tu5,0.377,6.164,0.524,0.316,0.338,0.050,1.836,1.253,1.193,3.794,24.782,0.283,59.092
Cer77_rep5_Dep6_Tu1,0.000,1.156,0.055,0.000,6.843,0.000,1.287,0.455,0.416,8.520,17.620,0.286,63.361
Cer77_rep5_Dep6_Tu0.3,0.000,0.337,0.026,0.579,10.256,0.000,2.205,0.720,1.752,10.337,9.685,0.292,63.810
Cer77_rep4_Dep6_Tu50,2.858,40.853,4.125,1.302,5.935,2.491,2.190,21.892,0.000,1.790,0.000,1.843,14.721
Cer77_rep6_Dep6_Tu0.3,0.000,0.280,0.023,0.000,15.254,0.000,0.628,0.238,0.483,6.233,13.343,1.228,62.290
Cer77_rep4_Dep6_Tu40,3.373,38.795,4.290,1.814,6.490,2.339,1.714,18.801,0.000,1.708,0.000,1.707,18.968
Cer77_rep10_Dep6_Tu5,0.511,5.948,0.469,0.336,0.509,0.110,2.355,2.033,0.000,5.359,23.951,0.734,57.686
Cer77_rep3_Dep6_Tu1,0.000,0.351,0.036,0.234,14.203,0.019,0.803,0.039,0.382,7.318,13.254,2.469,60.892
Cer77_rep8_Dep6_Tu40,3.064,37.460,4.730,2.103,6.881,2.017,1.403,20.933,0.000,1.337,0.000,1.747,18.324
Cer77_rep7_Dep6_Tu0.3,0.000,0.672,0.000,0.082,2.809,0.000,0.397,0.140,0.169,3.061,30.567,0.343,61.759
Cer77_rep3_Dep6_Tu0.1,0.000,0.243,0.000,0.000,14.661,0.000,0.729,0.267,0.186,6.826,13.314,2.343,61.430
Cer77_rep4_Dep6_Tu0.3,0.000,0.575,0.014,0.121,4.094,0.000,0.650,0.088,0.629,4.892,25.895,0.770,62.272
Cer77_rep6_Dep6_Tu2,0.064,1.479,0.112,0.479,10.666,0.033,2.510,1.087,0.704,8.634,10.034,0.621,63.577
Cer77_rep6_Dep6_Tu20,1.285,22.275,1.979,0.733,1.054,0.906,1.996,8.867,0.000,1.853,16.022,0.764,42.266
Cer77_rep9_Dep6_Tu40,2.477,35.907,3.656,1.410,9.168,2.256,1.544,17.632,0.000,2.540,0.000,2.561,20.849
Cer77_rep6_Dep6_Tu40,2.903,39.258,4.716,1.937,6.251,2.245,1.414,18.153,0.000,1.865,0.000,1.858,19.401
Cer77_rep8_Dep6_Tu5,0.670,5.418,0.325,0.734,9.925,0.072,2.741,2.531,2.303,7.056,7.934,0.888,59.404
Cer77_rep5_Dep6_Tu50,3.333,43.269,4.809,1.971,5.899,2.782,1.476,19.258,0.000,1.545,0.000,2.445,13.213
Cer77_rep1_Dep6_Tu30,2.614,29.613,3.093,1.420,4.105,1.337,1.310,12.494,0.000,2.187,11.132,2.736,27.957
Cer77_rep2_Dep6_Tu20,1.522,21.850,2.164,0.601,1.147,0.892,2.257,7.685,0.000,3.846,15.539,1.313,41.185
