Sample,BRCA,CEAD,CESC,COAD,OV,READ,bcell,cd4tcell,cd8tcell,erythroblast,monocyte,naturalkillercell,neutrophil,Unknown-1
Colo_rep2_Dep6_Tu0.5,0.000,0.000,0.000,0.000,0.000,0.000,0.000,0.456,0.000,0.000,66.114,0.000,33.429,0.000
Colo_rep2_Dep6_Tu50,0.000,0.000,0.000,51.463,0.268,0.037,0.000,1.541,0.000,0.000,26.060,0.000,20.629,0.000
Colo_rep6_Dep6_Tu1,0.000,0.000,0.000,0.000,0.000,0.000,0.000,0.525,0.000,0.000,62.838,0.000,36.637,0.000
Colo_rep3_Dep6_Tu2,0.000,0.000,0.000,0.000,0.000,0.000,0.000,0.733,0.000,0.000,61.043,0.000,38.223,0.000
Colo_rep7_Dep6_Tu2,0.000,0.000,0.000,0.000,0.000,0.000,0.000,0.477,0.000,0.000,63.249,0.000,36.273,0.000
Colo_rep8_Dep6_Tu0.1,0.000,0.000,0.000,0.000,0.000,0.000,0.000,1.108,0.000,0.000,57.188,0.000,41.704,0.000
Colo_rep10_Dep6_Tu2,0.000,0.000,0.000,0.000,0.000,0.000,0.000,0.220,0.000,0.000,64.302,0.000,35.477,0.000
Colo_rep6_Dep6_Tu3,0.000,0.000,0.000,0.000,0.000,0.000,0.000,0.258,0.000,0.000,63.365,0.000,36.376,0.000
Colo_rep9_Dep6_Tu30,0.000,0.000,0.000,32.278,0.000,0.000,0.000,1.913,0.000,0.000,34.906,0.000,30.903,0.000
Colo_rep9_Dep6_Tu0.5,0.000,0.000,0.000,0.000,0.000,0.000,0.000,0.309,0.000,0.000,65.399,0.000,34.292,0.000
Colo_rep6_Dep6_Tu20,0.000,0.000,0.000,21.952,0.000,0.000,0.000,0.598,0.000,0.000,47.741,0.000,29.709,0.000
Colo_rep8_Dep6_Tu30,0.000,0.000,0.000,33.386,0.000,0.000,0.000,0.777,0.000,0.000,40.720,0.000,25.117,0.000
Colo_rep3_Dep6_Tu5,0.000,0.000,0.000,3.670,0.000,0.000,0.000,0.208,0.000,0.000,59.241,0.000,36.880,0.000
Colo_rep4_Dep6_Tu3,0.000,0.000,0.000,0.000,0.000,0.000,0.000,0.356,0.000,0.000,59.583,0.000,40.061,0.000
Colo_rep2_Dep6_Tu10,0.000,0.000,0.000,11.057,0.000,0.000,0.000,0.296,0.000,0.000,56.251,0.000,32.395,0.000
Colo_rep3_Dep6_Tu40,0.000,0.000,0.000,42.446,0.071,0.000,0.000,2.862,0.000,0.000,28.179,0.000,26.442,0.000
Colo_rep3_Dep6_Tu30,0.000,0.000,0.000,34.201,0.000,0.000,0.000,1.167,0.000,0.000,38.634,0.000,25.997,0.000
Colo_rep6_Dep6_Tu30,0.000,0.000,0.000,32.290,0.000,0.000,0.000,1.834,0.000,0.000,32.012,0.000,33.863,0.000
Colo_rep4_Dep6_Tu50,0.000,0.000,0.000,49.948,0.486,0.022,0.000,4.759,0.000,0.000,21.890,0.000,22.894,0.000
Colo_rep5_Dep6_Tu50,0.000,0.000,0.000,52.307,0.923,0.000,0.000,3.253,0.000,0.000,25.149,0.000,18.368,0.000
Colo_rep6_Dep6_Tu2,0.000,0.000,0.000,0.000,0.000,0.000,0.000,0.698,0.000,0.000,55.178,0.000,44.124,0.000
Colo_rep10_Dep6_Tu50,0.000,0.000,0.000,50.849,0.195,0.000,0.000,6.082,0.000,0.000,20.690,0.000,22.183,0.000
Colo_rep7_Dep6_Tu50,0.000,0.000,0.000,52.100,0.178,0.000,0.000,4.002,0.000,0.000,24.029,0.000,19.651,0.039
Colo_rep9_Dep6_Tu40,0.000,0.000,0.000,41.971,0.067,0.000,0.000,2.098,0.000,0.000,29.277,0.000,26.586,0.000
Colo_rep8_Dep6_Tu5,0.000,0.000,0.000,2.539,0.000,0.000,0.000,0.616,0.000,0.000,53.684,0.000,43.160,0.000
Colo_rep1_Dep6_Tu20,0.000,0.000,0.000,20.838,0.000,0.000,0.000,1.762,0.000,0.000,40.167,0.000,37.233,0.000
Colo_rep9_Dep6_Tu2,0.000,0.000,0.000,0.000,0.000,0.000,0.000,0.233,0.000,0.000,63.793,0.000,35.973,0.000
Colo_rep5_Dep6_Tu30,0.000,0.000,0.000,32.967,0.000,0.000,0.000,2.011,0.000,0.000,37.187,0.000,27.835,0.000
Colo_rep4_Dep6_Tu0.1,0.000,0.000,0.000,0.000,0.000,0.000,0.000,0.744,0.000,0.000,61.309,0.000,37.947,0.000
Colo_rep5_Dep6_Tu0.1,0.000,0.000,0.000,0.000,0.000,0.000,0.000,0.412,0.000,0.000,65.472,0.000,34.115,0.000
Colo_rep9_Dep6_Tu3,0.000,0.000,0.000,0.000,0.000,0.000,0.000,0.654,0.000,0.000,57.478,0.000,41.867,0.000
Colo_rep2_Dep6_Tu0.1,0.000,0.000,0.000,0.000,0.000,0.000,0.000,0.519,0.000,0.000,60.330,0.000,39.151,0.000
Colo_rep8_Dep6_Tu10,0.000,0.000,0.000,8.527,0.000,0.000,0.000,1.154,0.000,0.000,50.512,0.000,39.806,0.000
Colo_rep4_Dep6_Tu30,0.000,0.000,0.000,34.491,0.000,0.000,0.000,0.976,0.000,0.000,40.289,0.000,24.243,0.000
Colo_rep2_Dep6_Tu2,0.000,0.000,0.000,0.000,0.000,0.000,0.000,0.560,0.000,0.000,62.891,0.000,36.548,0.000
Colo_rep1_Dep6_Tu5,0.000,0.000,0.000,2.331,0.000,0.000,0.000,0.307,0.000,0.000,61.188,0.000,36.174,0.000
Colo_rep8_Dep6_Tu50,0.000,0.000,0.000,50.307,0.249,0.021,0.000,4.967,0.000,0.000,20.279,0.000,24.177,0.000
Colo_rep5_Dep6_Tu5,0.000,0.000,0.000,2.204,0.000,0.000,0.000,0.381,0.000,0.000,51.645,0.000,45.769,0.000
Colo_rep6_Dep6_Tu50,0.000,0.000,0.000,50.714,0.143,0.000,0.000,6.102,0.000,0.000,20.458,0.000,22.551,0.032
Colo_rep5_Dep6_Tu0.5,0.000,0.000,0.000,0.000,0.000,0.000,0.000,0.297,0.000,0.000,65.491,0.000,34.211,0.000
Colo_rep4_Dep6_Tu20,0.000,0.000,0.000,21.736,0.000,0.000,0.000,0.381,0.000,0.000,42.494,0.000,35.389,0.000
Colo_rep8_Dep6_Tu40,0.000,0.000,0.000,43.769,0.153,0.000,0.000,1.223,0.000,0.000,32.365,0.000,22.490,0.000
Colo_rep7_Dep6_Tu0.3,0.000,0.000,0.000,0.000,0.000,0.000,0.000,0.277,0.000,0.000,63.400,0.000,36.322,0.000
Colo_rep7_Dep6_Tu30,0.000,0.000,0.000,34.477,0.000,0.000,0.000,0.485,0.000,0.000,39.949,0.000,25.088,0.000
Colo_rep10_Dep6_Tu20,0.000,0.000,0.000,20.385,0.000,0.000,0.000,1.599,0.000,0.000,42.791,0.000,35.223,0.000
Colo_rep9_Dep6_Tu10,0.000,0.000,0.000,8.999,0.000,0.000,0.000,0.939,0.000,0.000,50.352,0.000,39.710,0.000
Colo_rep9_Dep6_Tu0.1,0.000,0.000,0.000,0.000,0.000,0.000,0.000,0.946,0.000,0.000,55.112,0.000,43.941,0.000
Colo_rep10_Dep6_Tu0.3,0.000,0.000,0.000,0.000,0.000,0.000,0.000,0.766,0.000,0.000,55.407,0.000,43.827,0.000
Colo_rep8_Dep6_Tu20,0.000,0.000,0.000,22.379,0.000,0.000,0.000,0.584,0.000,0.000,42.409,0.000,34.628,0.000
Colo_rep3_Dep6_Tu3,0.000,0.000,0.000,0.000,0.000,0.000,0.000,0.264,0.000,0.000,60.678,0.000,39.057,0.000
Colo_rep4_Dep6_Tu2,0.000,0.000,0.000,0.000,0.000,0.000,0.000,0.592,0.000,0.000,59.717,0.000,39.690,0.000
Colo_rep10_Dep6_Tu0.1,0.000,0.000,0.000,0.000,0.000,0.000,0.000,0.935,0.000,0.000,55.266,0.000,43.798,0.000
Colo_rep4_Dep6_Tu0.3,0.000,0.000,0.000,0.000,0.000,0.000,0.000,0.278,0.000,0.000,62.053,0.000,37.668,0.000
Colo_rep9_Dep6_Tu0.3,0.000,0.000,0.000,0.000,0.000,0.000,0.000,0.473,0.000,0.000,66.488,0.000,33.038,0.000
Colo_rep1_Dep6_Tu10,0.000,0.000,0.000,7.889,0.000,0.000,0.000,0.866,0.000,0.000,47.697,0.000,43.547,0.000
Colo_rep6_Dep6_Tu0.3,0.000,0.000,0.000,0.000,0.000,0.000,0.000,0.921,0.000,0.000,58.503,0.000,40.575,0.000
Colo_rep6_Dep6_Tu0.5,0.000,0.000,0.000,0.000,0.000,0.000,0.000,0.840,0.000,0.000,55.238,0.000,43.921,0.000
Colo_rep10_Dep6_Tu10,0.000,0.000,0.000,8.670,0.000,0.000,0.000,1.179,0.000,0.000,50.553,0.000,39.598,0.000
Colo_rep10_Dep6_Tu1,0.000,0.000,0.000,0.000,0.000,0.000,0.000,1.369,0.000,0.000,54.824,0.000,43.807,0.000
Colo_rep10_Dep6_Tu5,0.000,0.000,0.000,3.997,0.000,0.000,0.000,0.357,0.000,0.000,56.867,0.000,38.778,0.000
Colo_rep10_Dep6_Tu40,0.000,0.000,0.000,43.869,0.042,0.000,0.000,1.366,0.000,0.000,32.281,0.000,22.412,0.030
Colo_rep10_Dep6_Tu0.5,0.000,0.000,0.000,0.000,0.000,0.000,0.000,0.779,0.000,0.000,53.699,0.000,45.521,0.000
Colo_rep1_Dep6_Tu1,0.000,0.000,0.000,0.000,0.000,0.000,0.000,1.230,0.000,0.000,55.119,0.000,43.650,0.000
Colo_rep7_Dep6_Tu20,0.000,0.000,0.000,23.814,0.000,0.000,0.000,0.452,0.000,0.000,48.018,0.000,27.715,0.000
Colo_rep6_Dep6_Tu10,0.000,0.000,0.000,9.381,0.000,0.000,0.000,0.573,0.000,0.000,52.368,0.000,37.677,0.000
Colo_rep10_Dep6_Tu3,0.000,0.000,0.000,0.000,0.000,0.000,0.000,0.381,0.000,0.000,65.768,0.000,33.850,0.000
Colo_rep1_Dep6_Tu30,0.000,0.000,0.000,34.959,0.000,0.000,0.000,0.723,0.000,0.000,38.817,0.000,25.500,0.000
Colo_rep1_Dep6_Tu0.1,0.000,0.000,0.000,0.000,0.000,0.000,0.000,0.497,0.000,0.000,67.258,0.000,32.245,0.000
Colo_rep7_Dep6_Tu5,0.000,0.000,0.000,2.822,0.000,0.000,0.000,0.759,0.000,0.000,58.499,0.000,37.920,0.000
Colo_rep7_Dep6_Tu0.1,0.000,0.000,0.000,0.000,0.000,0.000,0.000,0.264,0.000,0.000,65.302,0.000,34.433,0.000
Colo_rep6_Dep6_Tu40,0.000,0.000,0.000,43.319,0.000,0.000,0.000,2.094,0.000,0.000,31.158,0.000,23.429,0.000
Colo_rep8_Dep6_Tu2,0.000,0.000,0.000,0.000,0.000,0.000,0.000,1.041,0.000,0.000,56.682,0.000,42.276,0.000
Colo_rep7_Dep6_Tu0.5,0.000,0.000,0.000,0.000,0.000,0.000,0.000,0.174,0.000,0.000,64.047,0.000,35.779,0.000
Colo_rep5_Dep6_Tu20,0.000,0.000,0.000,19.991,0.000,0.000,0.000,2.904,0.000,0.000,40.597,0.000,36.507,0.000
Colo_rep8_Dep6_Tu0.3,0.000,0.000,0.000,0.000,0.000,0.000,0.000,0.482,0.000,0.000,66.482,0.000,33.036,0.000
Colo_rep4_Dep6_Tu5,0.000,0.000,0.000,2.227,0.000,0.000,0.000,0.592,0.000,0.000,51.625,0.000,45.555,0.000
Colo_rep9_Dep6_Tu1,0.000,0.000,0.000,0.000,0.000,0.000,0.000,0.444,0.000,0.000,65.256,0.000,34.300,0.000
Colo_rep1_Dep6_Tu0.5,0.000,0.000,0.000,0.000,0.000,0.000,0.000,0.477,0.000,0.000,61.359,0.000,38.163,0.000
Colo_rep8_Dep6_Tu3,0.000,0.000,0.000,0.000,0.000,0.000,0.000,0.229,0.000,0.000,59.737,0.000,40.034,0.000
Colo_rep5_Dep6_Tu0.3,0.000,0.000,0.000,0.000,0.000,0.000,0.000,0.770,0.000,0.000,53.568,0.000,45.662,0.000
Colo_rep2_Dep6_Tu30,0.000,0.000,0.000,34.136,0.000,0.000,0.000,1.005,0.000,0.000,40.728,0.000,24.130,0.000
Colo_rep7_Dep6_Tu10,0.000,0.000,0.000,11.086,0.000,0.000,0.000,0.184,0.000,0.000,57.588,0.000,31.142,0.000
Colo_rep2_Dep6_Tu40,0.000,0.000,0.000,40.624,0.102,0.000,0.000,6.508,0.000,0.000,26.749,0.000,26.017,0.000
Colo_rep3_Dep6_Tu0.1,0.000,0.000,0.000,0.000,0.000,0.000,0.000,0.713,0.000,0.000,57.809,0.000,41.478,0.000
Colo_rep3_Dep6_Tu1,0.000,0.000,0.000,0.000,0.000,0.000,0.000,0.751,0.000,0.000,57.743,0.000,41.505,0.000
Colo_rep8_Dep6_Tu1,0.000,0.000,0.000,0.000,0.000,0.000,0.000,0.961,0.000,0.000,59.737,0.000,39.301,0.000
Colo_rep4_Dep6_Tu1,0.000,0.000,0.000,0.000,0.000,0.000,0.000,1.007,0.000,0.000,53.698,0.000,45.293,0.000
Colo_rep5_Dep6_Tu40,0.000,0.000,0.000,42.337,0.011,0.000,0.000,3.132,0.000,0.000,28.593,0.000,25.927,0.000
Colo_rep5_Dep6_Tu10,0.000,0.000,0.000,9.177,0.000,0.000,0.000,0.940,0.000,0.000,50.544,0.000,39.339,0.000
Colo_rep2_Dep6_Tu0.3,0.000,0.000,0.000,0.000,0.000,0.000,0.000,0.228,0.000,0.000,60.238,0.000,39.533,0.000
Colo_rep10_Dep6_Tu30,0.000,0.000,0.000,34.829,0.000,0.000,0.000,0.607,0.000,0.000,39.579,0.000,24.984,0.000
Colo_rep1_Dep6_Tu40,0.000,0.000,0.000,42.481,0.096,0.000,0.000,1.370,0.000,0.000,30.332,0.000,25.721,0.000
Colo_rep6_Dep6_Tu0.1,0.000,0.000,0.000,0.000,0.000,0.000,0.000,0.405,0.000,0.000,64.076,0.000,35.518,0.000
Colo_rep7_Dep6_Tu40,0.000,0.000,0.000,43.007,0.364,0.000,0.000,2.407,0.000,0.000,27.692,0.000,26.529,0.000
Colo_rep1_Dep6_Tu50,0.000,0.000,0.000,51.287,0.296,0.025,0.000,3.588,0.000,0.000,22.087,0.000,22.716,0.000
Colo_rep1_Dep6_Tu0.3,0.000,0.000,0.000,0.000,0.000,0.000,0.000,1.229,0.000,0.000,61.174,0.000,37.597,0.000
Colo_rep9_Dep6_Tu20,0.000,0.000,0.000,21.044,0.000,0.000,0.000,0.421,0.000,0.000,46.239,0.000,32.296,0.000
Colo_rep4_Dep6_Tu10,0.000,0.000,0.000,10.540,0.000,0.000,0.000,0.332,0.000,0.000,55.779,0.000,33.348,0.000
Colo_rep6_Dep6_Tu5,0.000,0.000,0.000,2.866,0.000,0.000,0.000,0.428,0.000,0.000,61.324,0.000,35.381,0.000
Colo_rep9_Dep6_Tu5,0.000,0.000,0.000,2.174,0.000,0.000,0.000,0.527,0.000,0.000,55.735,0.000,41.563,0.000
Colo_rep3_Dep6_Tu50,0.000,0.000,0.000,50.958,0.000,0.009,0.000,3.144,0.000,0.000,24.946,0.000,20.926,0.017
Colo_rep5_Dep6_Tu1,0.000,0.000,0.000,0.000,0.000,0.000,0.000,0.720,0.000,0.000,57.439,0.000,41.840,0.000
Colo_rep5_Dep6_Tu3,0.000,0.000,0.000,0.000,0.000,0.000,0.000,0.171,0.000,0.000,65.260,0.000,34.568,0.000
Colo_rep2_Dep6_Tu1,0.000,0.000,0.000,0.000,0.000,0.000,0.000,0.857,0.000,0.000,62.483,0.000,36.659,0.000
Colo_rep7_Dep6_Tu1,0.000,0.000,0.000,0.000,0.000,0.000,0.000,0.356,0.000,0.000,65.364,0.000,34.279,0.000
Colo_rep5_Dep6_Tu2,0.000,0.000,0.000,0.000,0.000,0.000,0.000,0.552,0.000,0.000,54.670,0.000,44.778,0.000
Colo_rep4_Dep6_Tu40,0.000,0.000,0.000,43.459,0.064,0.000,0.000,1.180,0.000,0.000,31.602,0.000,23.694,0.000
Colo_rep2_Dep6_Tu20,0.000,0.000,0.000,21.747,0.000,0.000,0.000,0.565,0.000,0.000,45.975,0.000,31.712,0.000
Colo_rep4_Dep6_Tu0.5,0.000,0.000,0.000,0.000,0.000,0.000,0.000,0.762,0.000,0.000,54.375,0.000,44.862,0.000
Colo_rep2_Dep6_Tu5,0.000,0.000,0.000,3.697,0.000,0.000,0.000,0.127,0.000,0.000,57.234,0.000,38.941,0.000
Colo_rep2_Dep6_Tu3,0.000,0.000,0.000,0.000,0.000,0.000,0.000,0.471,0.000,0.000,61.346,0.000,38.182,0.000
Colo_rep3_Dep6_Tu10,0.000,0.000,0.000,9.614,0.000,0.000,0.000,0.835,0.000,0.000,54.132,0.000,35.419,0.000
Colo_rep8_Dep6_Tu0.5,0.000,0.000,0.000,0.000,0.000,0.000,0.000,0.329,0.000,0.000,61.498,0.000,38.172,0.000
Colo_rep7_Dep6_Tu3,0.000,0.000,0.000,0.000,0.000,0.000,0.000,0.423,0.000,0.000,53.229,0.000,46.347,0.000
Colo_rep3_Dep6_Tu0.5,0.000,0.000,0.000,0.000,0.000,0.000,0.000,0.876,0.000,0.000,58.546,0.000,40.576,0.000
Colo_rep3_Dep6_Tu20,0.000,0.000,0.000,23.536,0.000,0.000,0.000,0.653,0.000,0.000,48.907,0.000,26.904,0.000
Colo_rep1_Dep6_Tu2,0.000,0.000,0.000,0.000,0.000,0.000,0.000,0.288,0.000,0.000,65.238,0.000,34.473,0.000
Colo_rep9_Dep6_Tu50,0.000,0.000,0.000,52.781,0.247,0.000,0.000,1.069,0.000,0.000,25.292,0.000,20.610,0.000
Colo_rep3_Dep6_Tu0.3,0.000,0.000,0.000,0.000,0.000,0.000,0.000,0.318,0.000,0.000,61.570,0.000,38.111,0.000
Colo_rep1_Dep6_Tu3,0.000,0.000,0.000,0.000,0.000,0.000,0.000,0.964,0.000,0.000,60.344,0.000,38.692,0.000
Br62_rep5_Dep6_Tu0.5,0.000,0.000,0.000,0.000,0.000,0.000,0.000,0.307,0.000,0.000,65.472,0.000,34.220,0.000
Br62_rep5_Dep6_Tu3,0.000,0.000,0.000,0.000,0.000,0.000,0.000,0.212,0.000,0.000,65.150,0.000,34.637,0.000
Br62_rep6_Dep6_Tu30,32.924,0.000,0.000,0.000,0.000,0.574,0.000,0.101,0.000,0.000,34.420,0.000,31.981,0.000
Br62_rep7_Dep6_Tu20,25.738,0.000,0.000,0.000,0.000,0.062,0.000,0.133,0.000,0.000,49.158,0.000,24.908,0.000
Br62_rep2_Dep6_Tu40,43.442,0.000,0.232,0.000,0.112,1.637,0.000,0.169,0.000,0.000,29.017,0.000,25.200,0.191
Br62_rep8_Dep6_Tu0.5,0.000,0.000,0.000,0.000,0.000,0.000,0.000,0.310,0.000,0.000,61.542,0.000,38.147,0.000
Br62_rep5_Dep6_Tu2,0.000,0.000,0.000,0.000,0.000,0.000,0.000,0.635,0.000,0.000,54.561,0.000,44.803,0.000
Br62_rep4_Dep6_Tu50,54.419,0.000,0.477,0.000,0.179,2.436,0.000,0.591,0.000,0.000,23.521,0.000,18.377,0.000
Br62_rep8_Dep6_Tu40,48.174,0.000,0.285,0.000,0.000,1.436,0.000,0.000,0.000,0.000,33.244,0.000,16.860,0.000
Br62_rep7_Dep6_Tu2,0.000,0.000,0.000,0.000,0.000,0.000,0.000,0.531,0.000,0.000,63.226,0.000,36.242,0.000
Br62_rep9_Dep6_Tu40,47.308,0.000,0.202,0.000,0.080,1.064,0.000,0.000,0.000,0.000,29.881,0.000,21.466,0.000
Br62_rep10_Dep6_Tu2,0.000,0.000,0.000,0.000,0.000,0.000,0.000,0.213,0.000,0.000,64.318,0.000,35.468,0.000
Br62_rep6_Dep6_Tu10,9.012,0.000,0.000,0.000,0.000,0.000,0.000,0.320,0.000,0.000,53.070,0.000,37.597,0.000
Br62_rep2_Dep6_Tu2,0.000,0.000,0.000,0.000,0.000,0.000,0.000,0.594,0.000,0.000,62.838,0.000,36.567,0.000
Br62_rep9_Dep6_Tu5,0.685,0.000,0.000,0.000,0.000,0.000,0.000,0.660,0.000,0.000,56.768,0.000,41.887,0.000
Br62_rep6_Dep6_Tu40,46.845,0.000,0.195,0.000,0.000,0.997,0.000,0.157,0.000,0.000,33.366,0.000,18.282,0.158
Br62_rep4_Dep6_Tu20,24.667,0.000,0.000,0.000,0.000,0.144,0.000,0.231,0.000,0.000,42.682,0.000,32.274,0.000
Br62_rep9_Dep6_Tu1,0.000,0.000,0.000,0.000,0.000,0.000,0.000,0.467,0.000,0.000,65.225,0.000,34.307,0.000
Br62_rep1_Dep6_Tu0.3,0.000,0.000,0.000,0.000,0.000,0.000,0.000,1.252,0.000,0.000,61.214,0.000,37.534,0.000
Br62_rep3_Dep6_Tu5,0.132,0.000,0.000,0.000,0.000,0.000,0.000,0.246,0.000,0.000,61.279,0.000,38.342,0.000
Br62_rep9_Dep6_Tu50,57.140,0.000,0.596,0.000,0.131,1.885,0.000,0.000,0.000,0.000,26.336,0.000,13.911,0.000
Br62_rep5_Dep6_Tu30,36.048,0.000,0.022,0.000,0.000,0.673,0.000,0.223,0.000,0.000,38.814,0.000,24.219,0.000
Br62_rep9_Dep6_Tu0.5,0.000,0.000,0.000,0.000,0.000,0.000,0.000,0.296,0.000,0.000,65.365,0.000,34.338,0.000
Br62_rep1_Dep6_Tu20,22.631,0.000,0.000,0.000,0.000,0.172,0.000,0.297,0.000,0.000,41.289,0.000,35.610,0.000
Br62_rep4_Dep6_Tu2,0.000,0.000,0.000,0.000,0.000,0.000,0.000,0.619,0.000,0.000,59.746,0.000,39.634,0.000
Br62_rep8_Dep6_Tu3,0.000,0.000,0.000,0.000,0.000,0.000,0.000,0.186,0.000,0.000,59.826,0.000,39.987,0.000
Br62_rep2_Dep6_Tu5,0.899,0.000,0.000,0.000,0.000,0.000,0.000,0.100,0.000,0.000,59.119,0.000,39.882,0.000
Br62_rep2_Dep6_Tu1,0.000,0.000,0.000,0.000,0.000,0.000,0.000,0.828,0.000,0.000,62.421,0.000,36.750,0.000
Br62_rep8_Dep6_Tu1,0.000,0.000,0.000,0.000,0.000,0.000,0.000,0.914,0.000,0.000,59.701,0.000,39.384,0.000
Br62_rep10_Dep6_Tu0.1,0.000,0.000,0.000,0.000,0.000,0.000,0.000,0.872,0.000,0.000,55.265,0.000,43.862,0.000
Br62_rep3_Dep6_Tu40,45.262,0.000,0.096,0.000,0.056,1.407,0.000,0.000,0.000,0.000,29.959,0.000,23.044,0.176
Br62_rep8_Dep6_Tu0.3,0.000,0.000,0.000,0.000,0.000,0.000,0.000,0.469,0.000,0.000,66.502,0.000,33.028,0.000
Br62_rep4_Dep6_Tu0.5,0.000,0.000,0.000,0.000,0.000,0.000,0.000,0.756,0.000,0.000,54.367,0.000,44.876,0.000
Br62_rep6_Dep6_Tu50,53.216,0.000,0.490,0.000,0.093,2.448,0.000,0.060,0.000,0.000,23.198,0.000,20.494,0.000
Br62_rep7_Dep6_Tu0.1,0.000,0.000,0.000,0.000,0.000,0.000,0.000,0.269,0.000,0.000,65.287,0.000,34.444,0.000
Br62_rep9_Dep6_Tu30,35.831,0.000,0.035,0.000,0.000,0.354,0.000,0.662,0.000,0.000,35.541,0.000,27.576,0.000
Br62_rep6_Dep6_Tu20,23.327,0.000,0.000,0.000,0.000,0.083,0.000,0.104,0.000,0.000,49.397,0.000,27.088,0.000
Br62_rep5_Dep6_Tu5,0.467,0.000,0.000,0.000,0.000,0.000,0.000,0.350,0.000,0.000,52.795,0.000,46.387,0.000
Br62_rep4_Dep6_Tu40,47.170,0.000,0.103,0.000,0.048,0.967,0.000,0.050,0.000,0.000,32.686,0.000,18.975,0.000
Br62_rep8_Dep6_Tu0.1,0.000,0.000,0.000,0.000,0.000,0.000,0.000,1.185,0.000,0.000,57.174,0.000,41.640,0.000
Br62_rep1_Dep6_Tu40,46.115,0.000,0.155,0.000,0.088,1.571,0.000,0.000,0.000,0.000,30.643,0.000,21.121,0.307
Br62_rep3_Dep6_Tu30,37.075,0.000,0.029,0.000,0.094,0.600,0.000,0.000,0.000,0.000,39.548,0.000,22.653,0.000
Br62_rep7_Dep6_Tu0.5,0.000,0.000,0.000,0.000,0.000,0.000,0.000,0.184,0.000,0.000,64.021,0.000,35.794,0.000
Br62_rep1_Dep6_Tu10,7.000,0.000,0.000,0.000,0.000,0.000,0.000,0.461,0.000,0.000,48.988,0.000,43.551,0.000
Br62_rep10_Dep6_Tu20,22.167,0.000,0.000,0.000,0.000,0.150,0.000,1.129,0.000,0.000,43.236,0.000,33.317,0.000
Br62_rep1_Dep6_Tu5,0.375,0.000,0.000,0.000,0.000,0.000,0.000,0.322,0.000,0.000,62.198,0.000,37.103,0.000
Br62_rep3_Dep6_Tu50,54.057,0.000,0.574,0.000,0.151,2.710,0.000,0.353,0.000,0.000,25.816,0.000,15.817,0.520
Br62_rep1_Dep6_Tu3,0.000,0.000,0.000,0.000,0.000,0.000,0.000,0.835,0.000,0.000,60.540,0.000,38.624,0.000
Br62_rep7_Dep6_Tu30,37.406,0.000,0.108,0.000,0.000,0.573,0.000,0.012,0.000,0.000,41.134,0.000,20.767,0.000
Br62_rep6_Dep6_Tu1,0.000,0.000,0.000,0.000,0.000,0.000,0.000,0.425,0.000,0.000,62.756,0.000,36.818,0.000
Br62_rep1_Dep6_Tu0.5,0.000,0.000,0.000,0.000,0.000,0.000,0.000,0.545,0.000,0.000,61.332,0.000,38.122,0.000
Br62_rep1_Dep6_Tu0.1,0.000,0.000,0.000,0.000,0.000,0.000,0.000,0.482,0.000,0.000,67.233,0.000,32.284,0.000
Br62_rep9_Dep6_Tu3,0.000,0.000,0.000,0.000,0.000,0.000,0.000,0.611,0.000,0.000,57.600,0.000,41.788,0.000
Br62_rep5_Dep6_Tu40,45.460,0.000,0.242,0.000,0.000,1.066,0.000,0.000,0.000,0.000,30.658,0.000,22.574,0.000
Br62_rep10_Dep6_Tu3,0.000,0.000,0.000,0.000,0.000,0.000,0.000,0.370,0.000,0.000,65.636,0.000,33.994,0.000
Br62_rep2_Dep6_Tu0.3,0.000,0.000,0.000,0.000,0.000,0.000,0.000,0.239,0.000,0.000,60.272,0.000,39.488,0.000
Br62_rep10_Dep6_Tu40,46.036,0.000,0.210,0.000,0.089,1.435,0.000,0.021,0.000,0.000,34.133,0.000,17.858,0.217
Br62_rep3_Dep6_Tu2,0.000,0.000,0.000,0.000,0.000,0.000,0.000,0.672,0.000,0.000,61.044,0.000,38.283,0.000
Br62_rep5_Dep6_Tu1,0.000,0.000,0.000,0.000,0.000,0.000,0.000,0.720,0.000,0.000,57.496,0.000,41.783,0.000
Br62_rep4_Dep6_Tu1,0.000,0.000,0.000,0.000,0.000,0.000,0.000,1.129,0.000,0.000,53.669,0.000,45.201,0.000
Br62_rep10_Dep6_Tu0.5,0.000,0.000,0.000,0.000,0.000,0.000,0.000,0.817,0.000,0.000,53.725,0.000,45.457,0.000
Br62_rep5_Dep6_Tu20,22.302,0.000,0.012,0.000,0.000,0.119,0.000,0.760,0.000,0.000,41.513,0.000,35.293,0.000
Br62_rep6_Dep6_Tu0.3,0.000,0.000,0.000,0.000,0.000,0.000,0.000,0.936,0.000,0.000,58.515,0.000,40.548,0.000
Br62_rep9_Dep6_Tu0.3,0.000,0.000,0.000,0.000,0.000,0.000,0.000,0.516,0.000,0.000,66.503,0.000,32.980,0.000
Br62_rep2_Dep6_Tu20,23.112,0.000,0.000,0.000,0.000,0.096,0.000,0.315,0.000,0.000,46.828,0.000,29.648,0.000
Br62_rep6_Dep6_Tu0.5,0.000,0.000,0.000,0.000,0.000,0.000,0.000,0.963,0.000,0.000,55.216,0.000,43.820,0.000
Br62_rep8_Dep6_Tu10,9.444,0.000,0.000,0.000,0.000,0.000,0.000,0.585,0.000,0.000,50.764,0.000,39.207,0.000
Br62_rep2_Dep6_Tu0.1,0.000,0.000,0.000,0.000,0.000,0.000,0.000,0.498,0.000,0.000,60.292,0.000,39.209,0.000
Br62_rep5_Dep6_Tu10,9.583,0.000,0.000,0.000,0.000,0.000,0.000,0.500,0.000,0.000,51.339,0.000,38.577,0.000
Br62_rep10_Dep6_Tu10,10.218,0.000,0.000,0.000,0.000,0.000,0.000,0.995,0.000,0.000,50.467,0.000,38.320,0.000
Br62_rep4_Dep6_Tu10,9.317,0.000,0.000,0.000,0.000,0.000,0.000,0.300,0.000,0.000,57.488,0.000,32.895,0.000
Br62_rep3_Dep6_Tu0.1,0.000,0.000,0.000,0.000,0.000,0.000,0.000,0.725,0.000,0.000,57.790,0.000,41.484,0.000
Br62_rep2_Dep6_Tu50,57.293,0.000,0.552,0.000,0.384,1.724,0.000,0.000,0.000,0.000,26.217,0.000,13.726,0.104
Br62_rep9_Dep6_Tu10,8.822,0.000,0.000,0.000,0.000,0.000,0.000,0.568,0.000,0.000,51.224,0.000,39.386,0.000
Br62_rep5_Dep6_Tu0.3,0.000,0.000,0.000,0.000,0.000,0.000,0.000,0.750,0.000,0.000,53.677,0.000,45.572,0.000
Br62_rep8_Dep6_Tu50,53.701,0.000,0.407,0.000,0.071,2.411,0.000,0.000,0.000,0.000,22.140,0.000,21.270,0.000
Br62_rep4_Dep6_Tu0.3,0.000,0.000,0.000,0.000,0.000,0.000,0.000,0.357,0.000,0.000,62.010,0.000,37.632,0.000
Br62_rep7_Dep6_Tu1,0.000,0.000,0.000,0.000,0.000,0.000,0.000,0.375,0.000,0.000,65.374,0.000,34.251,0.000
Br62_rep3_Dep6_Tu0.5,0.000,0.000,0.000,0.000,0.000,0.000,0.000,0.911,0.000,0.000,58.540,0.000,40.548,0.000
Br62_rep7_Dep6_Tu40,45.727,0.000,0.265,0.000,0.159,0.922,0.000,0.000,0.000,0.000,28.840,0.000,24.087,0.000
Br62_rep2_Dep6_Tu3,0.000,0.000,0.000,0.000,0.000,0.000,0.000,0.457,0.000,0.000,61.246,0.000,38.296,0.000
Br62_rep2_Dep6_Tu0.5,0.000,0.000,0.000,0.000,0.000,0.000,0.000,0.456,0.000,0.000,66.091,0.000,33.452,0.000
Br62_rep1_Dep6_Tu50,55.123,0.000,0.484,0.000,0.148,1.777,0.000,0.000,0.000,0.000,24.420,0.000,18.047,0.000
Br62_rep3_Dep6_Tu3,0.000,0.000,0.000,0.000,0.000,0.000,0.000,0.249,0.000,0.000,60.786,0.000,38.964,0.000
Br62_rep7_Dep6_Tu3,0.000,0.000,0.000,0.000,0.000,0.000,0.000,0.538,0.000,0.000,53.272,0.000,46.190,0.000
Br62_rep3_Dep6_Tu0.3,0.000,0.000,0.000,0.000,0.000,0.000,0.000,0.301,0.000,0.000,61.585,0.000,38.113,0.000
Br62_rep8_Dep6_Tu30,35.744,0.000,0.095,0.000,0.000,0.442,0.000,0.232,0.000,0.000,42.175,0.000,21.311,0.000
Br62_rep4_Dep6_Tu30,37.720,0.000,0.035,0.000,0.000,0.672,0.000,0.042,0.000,0.000,41.523,0.000,20.008,0.000
Br62_rep6_Dep6_Tu3,0.000,0.000,0.000,0.000,0.000,0.000,0.000,0.266,0.000,0.000,63.295,0.000,36.438,0.000
Br62_rep4_Dep6_Tu0.1,0.000,0.000,0.000,0.000,0.000,0.000,0.000,0.744,0.000,0.000,61.303,0.000,37.952,0.000
Br62_rep8_Dep6_Tu5,0.691,0.000,0.000,0.000,0.000,0.000,0.000,0.602,0.000,0.000,54.871,0.000,43.835,0.000
Br62_rep10_Dep6_Tu50,54.381,0.000,0.479,0.000,0.059,2.542,0.000,0.536,0.000,0.000,22.285,0.000,18.014,1.703
Br62_rep10_Dep6_Tu0.3,0.000,0.000,0.000,0.000,0.000,0.000,0.000,0.749,0.000,0.000,55.809,0.000,43.442,0.000
Br62_rep3_Dep6_Tu20,25.566,0.000,0.000,0.000,0.000,0.034,0.000,0.260,0.000,0.000,50.354,0.000,23.787,0.000
Br62_rep1_Dep6_Tu1,0.000,0.000,0.000,0.000,0.000,0.000,0.000,1.219,0.000,0.000,55.114,0.000,43.666,0.000
Br62_rep3_Dep6_Tu1,0.000,0.000,0.000,0.000,0.000,0.000,0.000,0.697,0.000,0.000,57.756,0.000,41.546,0.000
Br62_rep9_Dep6_Tu2,0.000,0.000,0.000,0.000,0.000,0.000,0.000,0.242,0.000,0.000,63.777,0.000,35.980,0.000
Br62_rep7_Dep6_Tu50,55.089,0.000,0.617,0.000,0.162,2.265,0.000,0.047,0.000,0.000,25.796,0.000,15.140,0.884
Br62_rep7_Dep6_Tu5,0.530,0.000,0.000,0.000,0.000,0.000,0.000,0.511,0.000,0.000,59.802,0.000,39.156,0.000
Br62_rep8_Dep6_Tu2,0.000,0.000,0.000,0.000,0.000,0.000,0.000,0.979,0.000,0.000,56.634,0.000,42.386,0.000
Br62_rep5_Dep6_Tu0.1,0.000,0.000,0.000,0.000,0.000,0.000,0.000,0.410,0.000,0.000,65.430,0.000,34.159,0.000
Br62_rep6_Dep6_Tu5,0.000,0.000,0.000,0.000,0.000,0.000,0.000,0.458,0.000,0.000,63.079,0.000,36.462,0.000
Br62_rep9_Dep6_Tu20,23.237,0.000,0.000,0.000,0.000,0.104,0.000,0.153,0.000,0.000,47.038,0.000,29.467,0.000
Br62_rep2_Dep6_Tu30,38.354,0.000,0.051,0.000,0.000,0.592,0.000,0.069,0.000,0.000,41.797,0.000,19.137,0.000
Br62_rep7_Dep6_Tu10,10.369,0.000,0.000,0.000,0.000,0.000,0.000,0.112,0.000,0.000,59.008,0.000,30.511,0.000
Br62_rep6_Dep6_Tu0.1,0.000,0.000,0.000,0.000,0.000,0.000,0.000,0.393,0.000,0.000,63.915,0.000,35.692,0.000
Br62_rep5_Dep6_Tu50,57.081,0.000,0.431,0.000,0.028,2.247,0.000,0.374,0.000,0.000,26.464,0.000,11.991,1.384
Br62_rep10_Dep6_Tu1,0.000,0.000,0.000,0.000,0.000,0.000,0.000,1.452,0.000,0.000,54.765,0.000,43.782,0.000
Br62_rep1_Dep6_Tu30,37.220,0.000,0.000,0.000,0.000,0.620,0.000,0.064,0.000,0.000,40.424,0.000,21.671,0.000
Br62_rep7_Dep6_Tu0.3,0.000,0.000,0.000,0.000,0.000,0.000,0.000,0.274,0.000,0.000,63.340,0.000,36.385,0.000
Br62_rep2_Dep6_Tu10,10.605,0.000,0.000,0.000,0.000,0.000,0.000,0.156,0.000,0.000,57.687,0.000,31.552,0.000
Br62_rep9_Dep6_Tu0.1,0.000,0.000,0.000,0.000,0.000,0.000,0.000,0.951,0.000,0.000,55.045,0.000,44.003,0.000
Br62_rep3_Dep6_Tu10,10.750,0.000,0.000,0.000,0.000,0.000,0.000,0.620,0.000,0.000,54.334,0.000,34.295,0.000
Br62_rep4_Dep6_Tu5,0.451,0.000,0.000,0.000,0.000,0.000,0.000,0.627,0.000,0.000,52.665,0.000,46.256,0.000
Br62_rep8_Dep6_Tu20,23.141,0.000,0.000,0.000,0.000,0.171,0.000,0.206,0.000,0.000,43.700,0.000,32.780,0.000
Br62_rep1_Dep6_Tu2,0.000,0.000,0.000,0.000,0.000,0.000,0.000,0.341,0.000,0.000,65.222,0.000,34.436,0.000
Br62_rep10_Dep6_Tu5,0.677,0.000,0.000,0.000,0.000,0.000,0.000,0.331,0.000,0.000,58.896,0.000,40.095,0.000
Br62_rep10_Dep6_Tu30,36.671,0.000,0.069,0.000,0.000,0.452,0.000,0.021,0.000,0.000,41.859,0.000,20.927,0.000
Br62_rep6_Dep6_Tu2,0.000,0.000,0.000,0.000,0.000,0.000,0.000,0.640,0.000,0.000,55.199,0.000,44.160,0.000
Br62_rep4_Dep6_Tu3,0.000,0.000,0.000,0.000,0.000,0.000,0.000,0.381,0.000,0.000,59.455,0.000,40.164,0.000
Br66_rep4_Dep6_Tu50,58.510,0.000,0.011,0.000,0.000,0.909,0.000,1.816,0.000,0.000,22.892,0.000,15.860,0.000
Br66_rep3_Dep6_Tu0.5,0.000,0.000,0.000,0.000,0.000,0.000,0.000,0.948,0.000,0.000,58.601,0.000,40.451,0.000
Br66_rep2_Dep6_Tu3,0.000,0.000,0.000,0.000,0.000,0.000,0.000,0.526,0.000,0.000,61.363,0.000,38.110,0.000
Br66_rep6_Dep6_Tu40,47.422,0.000,0.010,0.000,0.000,0.558,0.000,0.339,0.000,0.000,33.434,0.000,18.237,0.000
Br66_rep9_Dep6_Tu0.1,0.000,0.000,0.000,0.000,0.000,0.000,0.000,0.998,0.000,0.000,55.047,0.000,43.955,0.000
Br66_rep9_Dep6_Tu5,0.707,0.000,0.000,0.000,0.000,0.000,0.000,0.579,0.000,0.000,56.685,0.000,42.028,0.000
Br66_rep10_Dep6_Tu1,0.000,0.000,0.000,0.000,0.000,0.000,0.000,0.267,0.000,0.000,60.109,0.000,39.624,0.000
Br66_rep6_Dep6_Tu20,24.030,0.000,0.000,0.000,0.000,0.023,0.000,0.177,0.000,0.000,49.172,0.000,26.598,0.000
Br66_rep10_Dep6_Tu30,35.239,0.000,0.000,0.000,0.000,0.185,0.000,0.530,0.000,0.000,39.457,0.000,24.589,0.000
Br66_rep10_Dep6_Tu5,1.828,0.000,0.000,0.000,0.000,0.000,0.000,0.346,0.000,0.000,61.017,0.000,36.808,0.000
Br66_rep7_Dep6_Tu1,0.000,0.000,0.000,0.000,0.000,0.000,0.000,0.362,0.000,0.000,65.387,0.000,34.250,0.000
Br66_rep6_Dep6_Tu0.3,0.000,0.000,0.000,0.000,0.000,0.000,0.000,0.936,0.000,0.000,58.504,0.000,40.560,0.000
Br66_rep1_Dep6_Tu30,38.353,0.000,0.000,0.000,0.000,0.235,0.000,0.223,0.000,0.000,40.482,0.000,20.706,0.000
Br66_rep3_Dep6_Tu1,0.000,0.000,0.000,0.000,0.000,0.000,0.000,0.759,0.000,0.000,57.712,0.000,41.528,0.000
Br66_rep3_Dep6_Tu30,36.666,0.000,0.000,0.000,0.000,0.196,0.000,0.313,0.000,0.000,40.545,0.000,22.279,0.000
Br66_rep9_Dep6_Tu1,0.000,0.000,0.000,0.000,0.000,0.000,0.000,0.460,0.000,0.000,65.224,0.000,34.315,0.000
Br66_rep9_Dep6_Tu40,46.570,0.000,0.000,0.000,0.000,0.513,0.000,0.299,0.000,0.000,30.608,0.000,22.011,0.000
Br66_rep5_Dep6_Tu1,0.000,0.000,0.000,0.000,0.000,0.000,0.000,0.777,0.000,0.000,57.511,0.000,41.711,0.000
Br66_rep2_Dep6_Tu5,0.244,0.000,0.000,0.000,0.000,0.000,0.000,0.188,0.000,0.000,59.486,0.000,40.082,0.000
Br66_rep5_Dep6_Tu30,37.018,0.000,0.000,0.000,0.000,0.277,0.000,0.864,0.000,0.000,38.611,0.000,23.230,0.000
Br66_rep7_Dep6_Tu50,59.361,0.000,0.028,0.000,0.000,0.984,0.000,1.179,0.000,0.000,25.384,0.000,13.065,0.000
Br66_rep4_Dep6_Tu40,48.506,0.000,0.003,0.000,0.000,0.634,0.000,0.367,0.000,0.000,32.780,0.000,17.709,0.000
Br66_rep8_Dep6_Tu5,1.048,0.000,0.000,0.000,0.000,0.000,0.000,0.642,0.000,0.000,54.651,0.000,43.658,0.000
Br66_rep9_Dep6_Tu2,0.000,0.000,0.000,0.000,0.000,0.000,0.000,0.270,0.000,0.000,63.708,0.000,36.021,0.000
Br66_rep6_Dep6_Tu30,32.555,0.000,0.000,0.000,0.000,0.161,0.000,0.530,0.000,0.000,34.585,0.000,32.169,0.000
Br66_rep4_Dep6_Tu0.1,0.000,0.000,0.000,0.000,0.000,0.000,0.000,0.767,0.000,0.000,61.287,0.000,37.945,0.000
Br66_rep5_Dep6_Tu10,9.175,0.000,0.000,0.000,0.000,0.000,0.000,0.850,0.000,0.000,51.561,0.000,38.413,0.000
Br66_rep3_Dep6_Tu40,47.348,0.000,0.037,0.000,0.000,0.899,0.000,0.426,0.000,0.000,29.340,0.000,21.914,0.036
Br66_rep9_Dep6_Tu0.5,0.000,0.000,0.000,0.000,0.000,0.000,0.000,0.292,0.000,0.000,65.380,0.000,34.328,0.000
Br66_rep8_Dep6_Tu2,0.000,0.000,0.000,0.000,0.000,0.000,0.000,0.914,0.000,0.000,56.753,0.000,42.332,0.000
Br66_rep10_Dep6_Tu2,0.000,0.000,0.000,0.000,0.000,0.000,0.000,0.439,0.000,0.000,60.538,0.000,39.023,0.000
Br66_rep6_Dep6_Tu0.1,0.000,0.000,0.000,0.000,0.000,0.000,0.000,0.396,0.000,0.000,63.973,0.000,35.630,0.000
Br66_rep5_Dep6_Tu0.5,0.000,0.000,0.000,0.000,0.000,0.000,0.000,0.303,0.000,0.000,65.491,0.000,34.206,0.000
Br66_rep2_Dep6_Tu20,21.825,0.000,0.000,0.000,0.000,0.047,0.000,0.536,0.000,0.000,47.764,0.000,29.828,0.000
Br66_rep4_Dep6_Tu0.5,0.000,0.000,0.000,0.000,0.000,0.000,0.000,0.833,0.000,0.000,54.307,0.000,44.859,0.000
Br66_rep4_Dep6_Tu5,0.579,0.000,0.000,0.000,0.000,0.000,0.000,0.662,0.000,0.000,52.638,0.000,46.121,0.000
Br66_rep8_Dep6_Tu0.5,0.000,0.000,0.000,0.000,0.000,0.000,0.000,0.304,0.000,0.000,61.582,0.000,38.113,0.000
Br66_rep5_Dep6_Tu20,21.831,0.000,0.000,0.000,0.000,0.000,0.000,1.732,0.000,0.000,41.633,0.000,34.803,0.000
Br66_rep1_Dep6_Tu3,0.000,0.000,0.000,0.000,0.000,0.000,0.000,0.938,0.000,0.000,60.454,0.000,38.606,0.000
Br66_rep10_Dep6_Tu10,8.934,0.000,0.000,0.000,0.000,0.000,0.000,0.470,0.000,0.000,54.132,0.000,36.463,0.000
Br66_rep3_Dep6_Tu10,9.203,0.000,0.000,0.000,0.000,0.000,0.000,0.663,0.000,0.000,55.588,0.000,34.545,0.000
Br66_rep10_Dep6_Tu40,45.308,0.000,0.000,0.000,0.000,0.674,0.000,0.123,0.000,0.000,29.561,0.000,24.333,0.000
Br66_rep1_Dep6_Tu50,58.169,0.000,0.012,0.000,0.000,1.537,0.000,1.364,0.000,0.000,23.067,0.000,15.850,0.000
Br66_rep10_Dep6_Tu0.5,0.000,0.000,0.000,0.000,0.000,0.000,0.000,0.557,0.000,0.000,60.394,0.000,39.048,0.000
Br66_rep1_Dep6_Tu0.3,0.000,0.000,0.000,0.000,0.000,0.000,0.000,1.271,0.000,0.000,61.212,0.000,37.516,0.000
Br66_rep10_Dep6_Tu0.1,0.000,0.000,0.000,0.000,0.000,0.000,0.000,0.587,0.000,0.000,61.370,0.000,38.043,0.000
Br66_rep8_Dep6_Tu40,49.540,0.000,0.018,0.000,0.000,0.487,0.000,0.207,0.000,0.000,33.537,0.000,16.211,0.000
Br66_rep3_Dep6_Tu20,25.915,0.000,0.000,0.000,0.000,0.000,0.000,0.381,0.000,0.000,50.366,0.000,23.338,0.000
Br66_rep9_Dep6_Tu0.3,0.000,0.000,0.000,0.000,0.000,0.000,0.000,0.478,0.000,0.000,66.490,0.000,33.031,0.000
Br66_rep7_Dep6_Tu0.3,0.000,0.000,0.000,0.000,0.000,0.000,0.000,0.277,0.000,0.000,63.387,0.000,36.336,0.000
Br66_rep5_Dep6_Tu2,0.000,0.000,0.000,0.000,0.000,0.000,0.000,0.633,0.000,0.000,54.596,0.000,44.771,0.000
Br66_rep5_Dep6_Tu0.3,0.000,0.000,0.000,0.000,0.000,0.000,0.000,0.753,0.000,0.000,53.592,0.000,45.654,0.000
Br66_rep6_Dep6_Tu5,1.012,0.000,0.000,0.000,0.000,0.000,0.000,0.466,0.000,0.000,62.595,0.000,35.926,0.000
Br66_rep5_Dep6_Tu3,0.000,0.000,0.000,0.000,0.000,0.000,0.000,0.207,0.000,0.000,65.126,0.000,34.666,0.000
Br66_rep1_Dep6_Tu5,0.016,0.000,0.000,0.000,0.000,0.000,0.000,0.372,0.000,0.000,62.444,0.000,37.167,0.000
Br66_rep6_Dep6_Tu10,8.821,0.000,0.000,0.000,0.000,0.000,0.000,0.374,0.000,0.000,53.241,0.000,37.563,0.000
Br66_rep3_Dep6_Tu5,0.878,0.000,0.000,0.000,0.000,0.000,0.000,0.194,0.000,0.000,60.893,0.000,38.035,0.000
Br66_rep1_Dep6_Tu1,0.000,0.000,0.000,0.000,0.000,0.000,0.000,1.315,0.000,0.000,55.081,0.000,43.603,0.000
Br66_rep4_Dep6_Tu30,37.803,0.000,0.000,0.000,0.000,0.156,0.000,0.431,0.000,0.000,42.075,0.000,19.534,0.000
Br66_rep8_Dep6_Tu20,22.683,0.000,0.000,0.000,0.000,0.031,0.000,0.254,0.000,0.000,44.215,0.000,32.817,0.000
Br66_rep4_Dep6_Tu10,8.872,0.000,0.000,0.000,0.000,0.000,0.000,0.407,0.000,0.000,57.681,0.000,33.039,0.000
Br66_rep2_Dep6_Tu1,0.000,0.000,0.000,0.000,0.000,0.000,0.000,0.819,0.000,0.000,62.438,0.000,36.742,0.000
Br66_rep6_Dep6_Tu2,0.000,0.000,0.000,0.000,0.000,0.000,0.000,0.725,0.000,0.000,55.228,0.000,44.046,0.000
Br66_rep6_Dep6_Tu0.5,0.000,0.000,0.000,0.000,0.000,0.000,0.000,0.950,0.000,0.000,55.218,0.000,43.832,0.000
Br66_rep5_Dep6_Tu0.1,0.000,0.000,0.000,0.000,0.000,0.000,0.000,0.419,0.000,0.000,65.467,0.000,34.113,0.000
Br66_rep2_Dep6_Tu2,0.000,0.000,0.000,0.000,0.000,0.000,0.000,0.666,0.000,0.000,62.815,0.000,36.518,0.000
Br66_rep10_Dep6_Tu50,56.504,0.000,0.036,0.000,0.000,1.255,0.000,0.420,0.000,0.000,26.786,0.000,14.825,0.173
Br66_rep7_Dep6_Tu3,0.000,0.000,0.000,0.000,0.000,0.000,0.000,0.535,0.000,0.000,53.289,0.000,46.176,0.000
Br66_rep7_Dep6_Tu10,11.018,0.000,0.000,0.000,0.000,0.000,0.000,0.142,0.000,0.000,58.820,0.000,30.020,0.000
Br66_rep2_Dep6_Tu0.5,0.000,0.000,0.000,0.000,0.000,0.000,0.000,0.437,0.000,0.000,66.072,0.000,33.490,0.000
Br66_rep5_Dep6_Tu50,60.227,0.000,0.037,0.000,0.000,1.324,0.000,0.603,0.000,0.000,26.727,0.000,10.913,0.169
Br66_rep9_Dep6_Tu20,22.823,0.000,0.000,0.000,0.000,0.048,0.000,0.249,0.000,0.000,47.420,0.000,29.459,0.000
Br66_rep8_Dep6_Tu3,0.000,0.000,0.000,0.000,0.000,0.000,0.000,0.280,0.000,0.000,59.875,0.000,39.844,0.000
Br66_rep9_Dep6_Tu10,8.107,0.000,0.000,0.000,0.000,0.000,0.000,0.709,0.000,0.000,51.515,0.000,39.669,0.000
Br66_rep7_Dep6_Tu2,0.000,0.000,0.000,0.000,0.000,0.000,0.000,0.576,0.000,0.000,63.309,0.000,36.114,0.000
Br66_rep6_Dep6_Tu3,0.000,0.000,0.000,0.000,0.000,0.000,0.000,0.266,0.000,0.000,63.407,0.000,36.326,0.000
Br66_rep1_Dep6_Tu0.5,0.000,0.000,0.000,0.000,0.000,0.000,0.000,0.502,0.000,0.000,61.304,0.000,38.193,0.000
Br66_rep2_Dep6_Tu40,44.383,0.000,0.009,0.000,0.000,0.510,0.000,1.715,0.000,0.000,28.959,0.000,24.062,0.362
Br66_rep1_Dep6_Tu2,0.000,0.000,0.000,0.000,0.000,0.000,0.000,0.349,0.000,0.000,65.276,0.000,34.374,0.000
Br66_rep8_Dep6_Tu1,0.000,0.000,0.000,0.000,0.000,0.000,0.000,0.948,0.000,0.000,59.667,0.000,39.384,0.000
Br66_rep4_Dep6_Tu3,0.000,0.000,0.000,0.000,0.000,0.000,0.000,0.454,0.000,0.000,59.422,0.000,40.123,0.000
Br66_rep7_Dep6_Tu40,46.849,0.000,0.000,0.000,0.000,0.462,0.000,0.489,0.000,0.000,29.452,0.000,22.748,0.000
Br66_rep7_Dep6_Tu0.5,0.000,0.000,0.000,0.000,0.000,0.000,0.000,0.176,0.000,0.000,64.053,0.000,35.770,0.000
Br66_rep2_Dep6_Tu30,38.469,0.000,0.000,0.000,0.000,0.248,0.000,0.247,0.000,0.000,42.192,0.000,18.844,0.000
Br66_rep2_Dep6_Tu0.1,0.000,0.000,0.000,0.000,0.000,0.000,0.000,0.524,0.000,0.000,60.319,0.000,39.156,0.000
Br66_rep7_Dep6_Tu0.1,0.000,0.000,0.000,0.000,0.000,0.000,0.000,0.271,0.000,0.000,65.308,0.000,34.420,0.000
Br66_rep1_Dep6_Tu40,47.629,0.000,0.000,0.000,0.000,0.646,0.000,0.141,0.000,0.000,31.050,0.000,20.533,0.000
Br66_rep7_Dep6_Tu5,0.562,0.000,0.000,0.000,0.000,0.000,0.000,0.712,0.000,0.000,59.870,0.000,38.854,0.000
Br66_rep4_Dep6_Tu1,0.000,0.000,0.000,0.000,0.000,0.000,0.000,1.133,0.000,0.000,53.717,0.000,45.149,0.000
Br66_rep8_Dep6_Tu0.1,0.000,0.000,0.000,0.000,0.000,0.000,0.000,1.083,0.000,0.000,57.118,0.000,41.799,0.000
Br66_rep4_Dep6_Tu2,0.000,0.000,0.000,0.000,0.000,0.000,0.000,0.615,0.000,0.000,59.696,0.000,39.688,0.000
Br66_rep1_Dep6_Tu0.1,0.000,0.000,0.000,0.000,0.000,0.000,0.000,0.484,0.000,0.000,67.213,0.000,32.303,0.000
Br66_rep2_Dep6_Tu10,10.713,0.000,0.000,0.000,0.000,0.000,0.000,0.234,0.000,0.000,57.905,0.000,31.148,0.000
Br66_rep4_Dep6_Tu20,24.567,0.000,0.000,0.000,0.000,0.028,0.000,0.327,0.000,0.000,42.830,0.000,32.247,0.000
Br66_rep4_Dep6_Tu0.3,0.000,0.000,0.000,0.000,0.000,0.000,0.000,0.386,0.000,0.000,62.083,0.000,37.530,0.000
Br66_rep10_Dep6_Tu3,0.000,0.000,0.000,0.000,0.000,0.000,0.000,0.379,0.000,0.000,59.870,0.000,39.751,0.000
Br66_rep1_Dep6_Tu20,22.117,0.000,0.000,0.000,0.000,0.013,0.000,0.933,0.000,0.000,41.328,0.000,35.609,0.000
Br66_rep6_Dep6_Tu1,0.000,0.000,0.000,0.000,0.000,0.000,0.000,0.474,0.000,0.000,62.852,0.000,36.673,0.000
Br66_rep6_Dep6_Tu50,56.433,0.000,0.103,0.000,0.000,1.604,0.000,1.579,0.000,0.000,22.325,0.000,17.787,0.169
Br66_rep9_Dep6_Tu3,0.000,0.000,0.000,0.000,0.000,0.000,0.000,0.677,0.000,0.000,57.514,0.000,41.808,0.000
Br66_rep3_Dep6_Tu50,56.925,0.000,0.082,0.000,0.000,1.504,0.000,1.301,0.000,0.000,25.806,0.000,13.826,0.556
Br66_rep8_Dep6_Tu30,36.147,0.000,0.000,0.000,0.000,0.158,0.000,0.270,0.000,0.000,42.696,0.000,20.729,0.000
Br66_rep7_Dep6_Tu20,25.656,0.000,0.000,0.000,0.000,0.000,0.000,0.133,0.000,0.000,49.541,0.000,24.670,0.000
Br66_rep3_Dep6_Tu2,0.000,0.000,0.000,0.000,0.000,0.000,0.000,0.802,0.000,0.000,61.037,0.000,38.161,0.000
Br66_rep8_Dep6_Tu50,55.938,0.000,0.038,0.000,0.000,1.336,0.000,0.525,0.000,0.000,22.178,0.000,19.984,0.000
Br66_rep3_Dep6_Tu3,0.000,0.000,0.000,0.000,0.000,0.000,0.000,0.276,0.000,0.000,60.724,0.000,38.999,0.000
Br66_rep3_Dep6_Tu0.3,0.000,0.000,0.000,0.000,0.000,0.000,0.000,0.324,0.000,0.000,61.576,0.000,38.099,0.000
Br66_rep8_Dep6_Tu0.3,0.000,0.000,0.000,0.000,0.000,0.000,0.000,0.489,0.000,0.000,66.490,0.000,33.020,0.000
Br66_rep3_Dep6_Tu0.1,0.000,0.000,0.000,0.000,0.000,0.000,0.000,0.720,0.000,0.000,57.801,0.000,41.478,0.000
Br66_rep10_Dep6_Tu0.3,0.000,0.000,0.000,0.000,0.000,0.000,0.000,0.667,0.000,0.000,62.409,0.000,36.924,0.000
Br66_rep2_Dep6_Tu50,59.518,0.000,0.038,0.000,0.000,1.286,0.000,0.525,0.000,0.000,26.493,0.000,12.138,0.000
Br66_rep5_Dep6_Tu5,0.658,0.000,0.000,0.000,0.000,0.000,0.000,0.435,0.000,0.000,52.616,0.000,46.291,0.000
Br66_rep10_Dep6_Tu20,20.155,0.000,0.000,0.000,0.000,0.036,0.000,0.462,0.000,0.000,43.414,0.000,35.931,0.000
Br66_rep7_Dep6_Tu30,38.081,0.000,0.000,0.000,0.000,0.083,0.000,0.151,0.000,0.000,41.437,0.000,20.248,0.000
Br66_rep9_Dep6_Tu30,37.609,0.000,0.000,0.000,0.000,0.096,0.000,1.199,0.000,0.000,35.117,0.000,25.978,0.000
Br66_rep5_Dep6_Tu40,47.633,0.000,0.000,0.000,0.000,0.432,0.041,0.739,0.000,0.000,30.226,0.000,20.928,0.000
Br66_rep8_Dep6_Tu10,8.813,0.000,0.000,0.000,0.000,0.000,0.000,0.953,0.000,0.000,51.258,0.000,38.975,0.000
Br66_rep9_Dep6_Tu50,59.537,0.000,0.014,0.000,0.000,1.027,0.000,0.000,0.000,0.000,26.653,0.000,12.768,0.000
Br66_rep2_Dep6_Tu0.3,0.000,0.000,0.000,0.000,0.000,0.000,0.000,0.239,0.000,0.000,60.257,0.000,39.503,0.000
Br66_rep1_Dep6_Tu10,6.633,0.000,0.000,0.000,0.000,0.000,0.000,0.685,0.000,0.000,49.229,0.000,43.452,0.000
Cer77_rep9_Dep6_Tu3,0.000,0.000,0.000,0.000,0.000,0.000,0.000,0.779,0.000,0.000,57.170,0.000,42.050,0.000
Cer77_rep5_Dep6_Tu30,1.913,0.000,3.218,0.297,5.468,1.981,1.232,1.386,0.000,0.000,29.376,0.803,25.835,28.489
Cer77_rep3_Dep6_Tu30,1.483,0.000,3.070,0.000,6.866,2.046,0.754,0.652,0.000,0.000,29.406,0.196,24.609,30.918
Cer77_rep8_Dep6_Tu50,3.422,0.000,4.200,1.127,7.312,3.340,2.647,1.079,0.000,0.000,13.716,2.995,21.846,38.314
Cer77_rep1_Dep6_Tu1,0.000,0.000,0.000,0.000,0.000,0.000,0.000,1.360,0.000,0.000,55.073,0.000,43.566,0.000
Cer77_rep7_Dep6_Tu3,0.000,0.000,0.000,0.000,0.000,0.000,0.000,0.630,0.000,0.000,53.212,0.000,46.157,0.000
Cer77_rep10_Dep6_Tu2,0.000,0.000,0.000,0.000,0.000,0.000,0.000,0.372,0.000,0.000,60.311,0.000,39.316,0.000
Cer77_rep2_Dep6_Tu0.5,0.000,0.000,0.000,0.000,0.000,0.000,0.000,0.451,0.000,0.000,66.046,0.000,33.502,0.000
Cer77_rep3_Dep6_Tu20,0.987,0.000,2.491,0.000,4.602,0.995,0.145,0.676,0.000,0.000,43.362,0.000,25.382,21.360
Cer77_rep1_Dep6_Tu2,0.000,0.000,0.000,0.000,0.000,0.000,0.000,0.312,0.000,0.000,65.115,0.000,34.572,0.000
Cer77_rep2_Dep6_Tu5,0.000,0.000,0.090,0.000,0.000,0.031,0.000,0.117,0.000,0.000,58.932,0.000,40.732,0.098
Cer77_rep5_Dep6_Tu0.5,0.000,0.000,0.000,0.000,0.000,0.000,0.000,0.298,0.000,0.000,65.473,0.000,34.228,0.000
Cer77_rep2_Dep6_Tu50,3.594,0.000,5.394,1.448,8.345,3.166,2.119,0.800,0.000,0.000,15.540,2.772,17.443,39.381
Cer77_rep9_Dep6_Tu0.5,0.000,0.000,0.000,0.000,0.000,0.000,0.000,0.297,0.000,0.000,65.343,0.000,34.359,0.000
