Sample,BRCA,CEAD,CESC,COAD,OV,READ,bcell,cd4tcell,cd8tcell,erythroblast,monocyte,naturalkillercell,neutrophil
Colo_rep2_Dep6_Tu0.5,0.000,2.800,0.034,0.000,1.409,0.181,2.057,2.722,0.000,13.321,8.288,3.042,66.146
Colo_rep2_Dep6_Tu50,0.000,5.389,0.281,3.703,2.556,28.879,1.359,9.036,0.217,5.123,8.060,2.237,33.160
Colo_rep6_Dep6_Tu1,0.000,2.423,0.246,0.000,1.649,0.583,2.162,2.751,0.000,13.533,8.813,3.253,64.588
Colo_rep3_Dep6_Tu2,0.158,2.338,0.524,0.000,1.885,1.724,3.298,2.417,2.401,10.044,9.364,2.126,63.722
Colo_rep7_Dep6_Tu2,0.350,1.939,0.349,0.000,1.225,1.372,2.638,3.210,0.000,12.337,9.240,2.701,64.639
Colo_rep8_Dep6_Tu0.1,0.268,3.291,0.304,0.000,1.387,0.186,2.769,3.332,0.000,12.365,9.982,2.728,63.388
Colo_rep10_Dep6_Tu2,0.200,3.269,0.282,0.000,1.485,1.305,2.486,4.224,0.000,11.831,8.262,2.690,63.965
Colo_rep6_Dep6_Tu3,0.463,2.016,0.181,0.000,1.781,2.618,3.047,4.133,1.040,10.731,8.444,1.893,63.654
Colo_rep9_Dep6_Tu30,0.000,4.760,0.213,0.548,3.151,18.258,2.142,5.395,0.942,8.174,8.396,2.688,45.335
Colo_rep9_Dep6_Tu0.5,0.000,1.137,0.458,0.000,2.051,0.877,2.348,4.333,0.000,12.125,8.825,2.662,65.183
Colo_rep6_Dep6_Tu20,0.861,3.486,0.446,0.000,1.694,12.826,1.844,7.140,2.721,6.545,7.694,1.999,52.743
Colo_rep8_Dep6_Tu30,0.000,4.518,0.066,0.815,3.509,17.774,1.853,6.791,0.000,7.067,10.160,2.329,45.117
Colo_rep3_Dep6_Tu5,0.287,3.318,0.000,0.000,2.094,3.535,2.343,2.674,1.833,10.893,8.018,3.133,61.870
Colo_rep4_Dep6_Tu3,0.400,2.797,0.313,0.312,1.546,2.115,1.789,3.313,0.670,11.397,8.729,3.015,63.603
Colo_rep2_Dep6_Tu10,0.717,3.017,0.487,0.090,2.387,6.190,2.300,5.301,0.000,10.199,8.695,2.265,58.351
Colo_rep3_Dep6_Tu40,0.000,4.455,0.131,1.220,2.890,24.211,1.823,8.885,0.132,6.007,9.144,2.070,39.032
Colo_rep3_Dep6_Tu30,0.000,4.620,0.000,0.871,2.732,17.949,2.424,6.654,0.326,7.903,9.023,1.883,45.615
Colo_rep6_Dep6_Tu30,0.000,4.309,0.000,0.648,2.822,19.119,2.897,7.539,3.281,5.124,7.350,1.537,45.374
Colo_rep4_Dep6_Tu50,0.000,5.033,0.108,2.936,3.233,29.155,2.127,8.037,3.328,3.481,7.225,1.276,34.060
Colo_rep5_Dep6_Tu50,0.000,4.335,0.212,1.337,3.773,29.611,1.262,8.464,1.408,5.894,9.143,2.094,32.468
Colo_rep6_Dep6_Tu2,0.193,2.051,0.552,0.000,1.397,1.692,2.611,3.885,0.738,11.109,9.753,2.261,63.759
Colo_rep10_Dep6_Tu50,0.464,4.526,0.639,1.817,3.139,29.767,2.159,7.122,1.529,5.719,8.656,1.923,32.538
Colo_rep7_Dep6_Tu50,0.000,4.718,0.494,2.130,3.635,29.581,1.570,11.061,0.000,2.918,8.195,1.973,33.727
Colo_rep9_Dep6_Tu40,0.311,5.895,0.000,2.301,2.833,23.252,1.522,6.185,2.893,5.247,7.836,1.397,40.330
Colo_rep8_Dep6_Tu5,0.606,2.273,0.268,0.000,1.309,3.465,2.738,3.320,1.841,10.256,9.036,2.501,62.387
Colo_rep1_Dep6_Tu20,0.246,3.655,0.108,0.302,2.119,12.905,1.563,1.998,4.431,9.278,9.204,1.892,52.297
Colo_rep9_Dep6_Tu2,0.230,3.085,0.057,0.000,1.602,1.360,2.522,3.905,0.000,12.463,8.541,2.009,64.227
Colo_rep5_Dep6_Tu30,0.548,3.571,0.264,0.727,2.623,18.398,2.780,8.251,0.000,6.914,8.720,2.891,44.314
Colo_rep4_Dep6_Tu0.1,0.355,2.624,0.024,0.000,1.007,0.030,3.227,4.585,0.000,11.421,9.004,2.271,65.452
Colo_rep5_Dep6_Tu0.1,0.155,2.283,0.099,0.000,1.484,0.092,2.510,3.353,0.077,12.190,9.439,2.738,65.580
Colo_rep9_Dep6_Tu3,0.000,2.819,0.157,0.345,1.346,1.763,2.417,2.197,3.016,12.058,8.992,2.243,62.647
Colo_rep2_Dep6_Tu0.1,0.000,2.433,0.378,0.003,1.540,0.299,1.886,0.655,3.316,12.871,9.272,2.984,64.363
Colo_rep8_Dep6_Tu10,0.256,3.283,0.166,0.000,1.217,6.717,2.736,4.118,2.701,8.647,9.201,2.432,58.526
Colo_rep4_Dep6_Tu30,0.000,3.322,0.000,0.756,2.911,18.270,2.009,7.297,0.752,10.019,7.337,2.251,45.076
Colo_rep2_Dep6_Tu2,0.526,2.567,0.105,0.000,1.508,1.942,2.871,3.453,0.000,11.451,10.170,2.480,62.926
Colo_rep1_Dep6_Tu5,0.272,3.072,0.280,0.000,1.982,3.616,2.641,3.534,2.065,9.687,8.661,2.337,61.852
Colo_rep8_Dep6_Tu50,0.414,4.575,0.233,2.670,3.027,29.237,2.132,9.865,2.518,3.404,7.596,1.689,32.642
Colo_rep5_Dep6_Tu5,0.000,3.164,0.371,0.000,1.434,3.603,2.554,5.368,0.433,10.125,8.716,2.364,61.868
Colo_rep6_Dep6_Tu50,0.021,4.774,0.395,1.537,2.510,30.224,1.585,4.790,3.687,6.551,9.037,1.003,33.885
Colo_rep5_Dep6_Tu0.5,0.125,1.914,0.124,0.000,1.801,0.602,2.485,2.840,0.000,12.223,8.656,3.305,65.926
Colo_rep4_Dep6_Tu20,0.000,4.410,0.000,0.152,2.891,12.593,2.830,5.342,0.427,8.464,7.286,3.146,52.459
Colo_rep8_Dep6_Tu40,0.543,3.864,0.639,1.401,3.240,24.557,2.070,7.644,0.000,6.023,8.287,2.406,39.327
Colo_rep7_Dep6_Tu0.3,0.426,2.632,0.235,0.000,1.054,0.594,2.569,1.944,0.365,12.716,9.364,2.469,65.632
Colo_rep7_Dep6_Tu30,0.380,3.386,0.591,1.098,3.027,18.293,2.339,7.405,0.000,7.375,8.574,2.258,45.273
Colo_rep10_Dep6_Tu20,0.575,3.601,0.284,0.000,1.819,12.609,2.992,6.518,2.580,6.184,8.593,2.346,51.900
Colo_rep9_Dep6_Tu10,0.414,3.185,0.532,0.564,2.516,6.370,2.981,2.520,0.000,10.295,9.090,3.390,58.144
Colo_rep9_Dep6_Tu0.1,0.187,3.621,0.248,0.000,1.053,0.505,3.015,2.868,1.077,11.340,9.267,2.875,63.944
Colo_rep10_Dep6_Tu0.3,0.076,2.086,0.457,0.000,1.290,0.479,2.695,3.863,0.706,11.295,9.919,2.229,64.904
Colo_rep8_Dep6_Tu20,0.000,3.806,0.000,1.515,2.464,11.970,1.537,4.251,4.368,8.282,7.453,2.007,52.347
Colo_rep3_Dep6_Tu3,0.203,3.160,0.000,0.000,1.007,2.243,2.492,4.350,0.000,12.334,8.253,2.559,63.400
Colo_rep4_Dep6_Tu2,0.201,3.339,0.000,0.000,2.080,2.008,2.157,1.483,2.355,10.231,9.238,3.061,63.847
Colo_rep10_Dep6_Tu0.1,0.324,2.817,0.526,0.000,1.136,0.742,2.811,1.637,2.854,10.564,9.450,2.472,64.667
Colo_rep4_Dep6_Tu0.3,0.000,2.267,0.248,0.000,1.316,0.445,2.549,1.341,1.260,14.805,7.906,2.589,65.275
Colo_rep9_Dep6_Tu0.3,0.091,2.145,0.000,0.000,1.386,0.219,2.563,2.662,0.000,13.512,8.253,2.626,66.543
Colo_rep1_Dep6_Tu10,0.126,3.018,0.476,0.000,1.891,6.960,2.467,1.946,4.240,9.453,9.551,2.259,57.614
Colo_rep6_Dep6_Tu0.3,0.000,1.981,0.171,0.000,0.752,0.026,2.336,2.683,2.923,11.735,9.322,2.644,65.427
Colo_rep6_Dep6_Tu0.5,0.935,2.665,0.194,0.000,1.339,0.794,3.348,1.645,2.137,10.837,8.000,2.509,65.597
Colo_rep10_Dep6_Tu10,0.126,3.244,0.281,0.000,1.843,6.257,3.270,5.707,0.000,9.166,9.683,2.958,57.465
Colo_rep10_Dep6_Tu1,0.165,3.512,0.221,0.000,1.296,0.830,2.999,0.552,3.638,10.746,9.863,2.467,63.711
Colo_rep10_Dep6_Tu5,0.000,3.393,0.000,0.000,1.918,3.440,2.153,0.693,5.196,11.038,8.347,2.406,61.416
Colo_rep10_Dep6_Tu40,0.000,6.625,0.170,2.130,2.512,23.496,1.289,3.128,5.564,5.597,8.186,1.728,39.575
Colo_rep10_Dep6_Tu0.5,0.191,2.863,0.366,0.000,1.450,0.781,2.885,0.941,3.376,10.648,9.829,2.301,64.369
Colo_rep1_Dep6_Tu1,0.494,1.991,0.354,0.000,1.255,1.194,3.141,0.787,3.928,10.903,9.190,2.398,64.364
Colo_rep7_Dep6_Tu20,0.627,3.345,0.360,0.001,2.196,12.964,2.461,6.528,0.104,8.863,9.402,1.720,51.429
Colo_rep6_Dep6_Tu10,0.000,3.734,0.160,0.271,1.917,7.036,2.226,0.000,2.376,10.923,8.813,3.372,59.173
Colo_rep10_Dep6_Tu3,0.000,2.725,0.157,0.000,1.544,1.697,2.336,3.131,0.188,13.243,8.421,2.810,63.749
Colo_rep1_Dep6_Tu30,0.289,4.194,0.875,1.442,2.896,18.485,2.193,7.173,0.000,6.199,7.374,3.138,45.744
Colo_rep1_Dep6_Tu0.1,0.181,2.435,0.132,0.000,1.300,0.000,2.036,2.271,1.405,12.900,8.719,2.685,65.935
Colo_rep7_Dep6_Tu5,0.677,1.531,0.705,0.000,2.365,3.398,2.450,4.967,0.000,9.876,10.411,2.240,61.382
Colo_rep7_Dep6_Tu0.1,0.233,2.168,0.051,0.000,1.679,0.446,2.446,3.527,0.000,12.379,9.091,2.120,65.863
Colo_rep6_Dep6_Tu40,0.004,3.707,0.507,1.546,3.045,23.975,1.467,5.925,3.671,6.981,9.386,1.451,38.335
Colo_rep8_Dep6_Tu2,0.059,2.541,0.000,0.000,1.828,1.645,2.341,0.507,1.153,13.269,10.503,3.178,62.976
Colo_rep7_Dep6_Tu0.5,0.220,3.063,0.371,0.000,1.221,0.618,2.538,4.794,1.423,10.617,6.865,2.394,65.874
Colo_rep5_Dep6_Tu20,0.057,4.493,0.000,0.000,3.116,12.492,2.624,5.606,1.291,6.564,9.621,3.007,51.129
Colo_rep8_Dep6_Tu0.3,0.082,2.036,0.026,0.000,1.343,0.221,2.624,2.953,0.000,13.297,8.216,2.629,66.574
Colo_rep4_Dep6_Tu5,0.487,2.715,0.324,0.000,1.214,3.768,2.873,5.431,0.000,10.147,9.094,2.403,61.545
Colo_rep9_Dep6_Tu1,0.681,1.726,0.259,0.000,1.863,0.957,2.357,1.955,1.901,11.527,9.396,2.826,64.552
Colo_rep1_Dep6_Tu0.5,0.000,2.194,0.519,0.000,1.383,0.000,3.124,4.066,0.437,11.904,9.406,2.080,64.886
Colo_rep8_Dep6_Tu3,0.384,3.183,0.053,0.000,1.522,2.368,2.248,2.126,1.455,12.497,8.220,2.732,63.213
Colo_rep5_Dep6_Tu0.3,0.057,1.700,0.463,0.000,1.261,0.846,2.786,4.163,1.261,11.412,8.872,2.645,64.536
Colo_rep2_Dep6_Tu30,0.000,2.866,0.000,1.000,3.158,18.181,2.068,8.042,0.000,7.808,7.935,2.400,46.541
Colo_rep7_Dep6_Tu10,0.000,2.246,0.308,0.000,2.163,6.690,2.219,5.159,0.600,9.748,9.368,2.540,58.959
Colo_rep2_Dep6_Tu40,0.111,5.725,0.153,1.309,3.338,24.162,2.180,9.852,0.000,3.517,6.790,2.528,40.335
Colo_rep3_Dep6_Tu0.1,0.245,3.633,0.000,0.000,1.749,0.320,2.089,1.986,0.622,11.719,10.442,3.100,64.094
Colo_rep3_Dep6_Tu1,0.000,2.666,0.163,0.000,1.706,1.125,2.595,0.572,3.093,11.022,9.299,3.044,64.715
Colo_rep8_Dep6_Tu1,0.448,3.009,0.000,0.000,1.556,0.819,2.099,2.854,0.340,11.677,10.187,2.490,64.523
Colo_rep4_Dep6_Tu1,0.380,3.574,0.252,0.000,1.385,1.033,2.564,1.320,1.569,10.476,10.559,2.838,64.049
Colo_rep5_Dep6_Tu40,0.648,3.331,1.055,0.864,2.904,24.324,2.839,9.572,0.000,4.586,7.463,3.011,39.402
Colo_rep5_Dep6_Tu10,0.000,4.660,0.000,0.343,1.884,6.124,2.503,3.213,0.000,9.681,9.819,2.860,58.913
Colo_rep2_Dep6_Tu0.3,0.471,3.723,0.167,0.000,1.073,0.439,2.255,2.690,0.000,12.838,8.284,2.967,65.093
Colo_rep10_Dep6_Tu30,0.000,3.499,0.510,2.695,3.141,18.175,2.137,6.916,0.709,6.563,7.262,2.184,46.207
Colo_rep1_Dep6_Tu40,0.000,6.036,0.000,1.108,3.346,23.965,2.380,6.231,2.722,5.859,7.313,1.449,39.592
Colo_rep6_Dep6_Tu0.1,0.514,1.638,0.122,0.000,1.023,0.394,2.791,2.568,2.177,13.171,8.225,2.091,65.286
Colo_rep7_Dep6_Tu40,0.000,4.020,0.000,3.279,3.246,23.524,1.874,7.564,0.005,7.542,7.195,2.339,39.412
Colo_rep1_Dep6_Tu50,0.000,5.338,0.447,2.885,3.413,29.690,2.354,8.875,1.290,4.270,6.563,1.813,33.062
Colo_rep1_Dep6_Tu0.3,0.000,2.237,0.391,0.000,1.266,0.444,2.878,2.887,0.000,11.622,11.233,2.735,64.308
Colo_rep9_Dep6_Tu20,0.149,2.902,0.116,0.000,2.287,13.120,3.037,6.443,1.155,8.648,7.601,1.792,52.750
Colo_rep4_Dep6_Tu10,0.186,3.358,0.249,0.000,1.505,6.619,2.674,3.462,0.000,11.512,9.787,2.148,58.499
Colo_rep6_Dep6_Tu5,0.202,2.089,0.262,0.000,1.294,3.154,2.589,4.515,0.000,11.716,9.351,2.651,62.176
Colo_rep9_Dep6_Tu5,0.414,2.419,0.355,0.000,1.460,3.135,2.541,4.385,0.041,10.993,10.182,2.736,61.339
Colo_rep3_Dep6_Tu50,1.026,5.276,0.047,2.297,2.286,29.891,1.816,8.336,1.938,3.951,8.474,1.507,33.155
Colo_rep5_Dep6_Tu1,0.224,2.810,0.303,0.000,1.051,0.842,2.532,3.023,0.127,12.034,10.593,2.589,63.870
Colo_rep5_Dep6_Tu3,0.000,3.063,0.150,0.244,1.236,1.956,2.359,2.885,0.000,12.798,8.403,3.031,63.876
Colo_rep2_Dep6_Tu1,0.000,2.787,0.185,0.000,0.629,0.567,2.778,3.561,0.000,12.835,10.147,2.203,64.309
Colo_rep7_Dep6_Tu1,0.000,1.584,0.246,0.117,2.365,0.402,2.750,3.747,0.000,12.728,7.915,2.645,65.499
Colo_rep5_Dep6_Tu2,0.096,2.449,0.382,0.000,1.110,1.406,2.360,2.803,0.491,13.152,8.613,2.564,64.574
Colo_rep4_Dep6_Tu40,0.710,3.738,0.643,1.567,3.538,24.080,2.795,7.609,0.000,6.959,8.260,1.817,38.283
Colo_rep2_Dep6_Tu20,0.000,2.167,0.322,0.379,2.725,12.597,2.834,6.333,1.303,8.808,7.827,2.045,52.659
Colo_rep4_Dep6_Tu0.5,0.427,2.767,0.060,0.000,1.604,0.912,3.052,1.893,2.044,11.412,9.191,2.384,64.254
Colo_rep2_Dep6_Tu5,0.815,4.571,0.000,0.000,1.338,3.478,2.056,2.995,0.000,11.914,7.615,2.994,62.222
Colo_rep2_Dep6_Tu3,0.175,2.562,0.349,0.000,1.571,2.436,2.680,3.153,0.000,11.423,10.005,2.621,63.024
Colo_rep3_Dep6_Tu10,0.439,3.156,0.274,0.097,1.346,6.517,3.499,6.468,0.000,9.190,8.840,1.906,58.268
Colo_rep8_Dep6_Tu0.5,0.000,2.690,0.396,0.000,1.148,0.269,3.062,4.112,1.122,11.248,7.763,2.365,65.826
Colo_rep7_Dep6_Tu3,0.427,3.690,0.363,0.000,1.603,2.536,2.630,3.542,0.521,10.891,8.654,2.242,62.902
Colo_rep3_Dep6_Tu0.5,0.000,2.086,0.172,0.000,0.768,0.224,2.389,3.026,2.592,11.603,9.221,2.750,65.170
Colo_rep3_Dep6_Tu20,0.000,3.653,0.142,0.578,1.458,12.512,2.297,6.213,0.000,9.375,7.313,2.236,54.224
Colo_rep1_Dep6_Tu2,0.446,2.473,0.130,0.000,1.553,1.829,2.208,1.694,2.599,11.192,9.087,2.946,63.844
Colo_rep9_Dep6_Tu50,0.467,4.240,0.783,2.139,3.370,30.000,2.096,7.498,0.000,5.885,8.712,1.448,33.362
Colo_rep3_Dep6_Tu0.3,0.000,2.672,0.316,0.000,1.104,0.155,2.973,4.052,1.381,11.339,7.712,2.340,65.956
Colo_rep1_Dep6_Tu3,0.000,2.902,0.260,0.000,0.906,2.042,2.869,3.486,0.506,11.289,9.913,2.371,63.456
Br62_rep5_Dep6_Tu0.5,0.666,2.007,0.153,0.000,1.819,0.313,2.427,2.657,0.000,12.079,8.815,3.250,65.814
Br62_rep5_Dep6_Tu3,2.656,3.057,0.162,0.360,1.342,0.000,2.142,2.764,0.000,12.897,7.776,2.729,64.113
Br62_rep6_Dep6_Tu30,24.446,3.818,1.084,1.900,1.200,0.000,2.472,5.318,0.000,7.159,5.293,1.763,45.546
Br62_rep7_Dep6_Tu20,17.502,3.390,0.530,0.713,1.521,0.006,1.975,3.281,0.130,10.232,7.177,1.616,51.927
Br62_rep2_Dep6_Tu40,32.351,5.466,1.111,2.792,1.939,0.000,1.021,4.226,0.140,4.542,4.100,1.903,40.411
Br62_rep8_Dep6_Tu0.5,0.500,2.606,0.309,0.000,1.221,0.000,3.059,3.793,1.381,11.311,7.651,2.453,65.716
Br62_rep5_Dep6_Tu2,1.826,2.803,0.280,0.000,0.836,0.000,2.467,2.514,0.641,13.213,8.759,2.258,64.402
Br62_rep4_Dep6_Tu50,39.492,4.474,1.697,4.133,1.864,0.000,1.695,3.140,0.000,4.008,4.338,1.180,33.978
Br62_rep8_Dep6_Tu40,32.895,4.153,1.210,2.490,1.491,0.000,1.632,2.752,0.000,7.310,4.179,1.376,40.513
Br62_rep7_Dep6_Tu2,2.296,2.216,0.390,0.000,1.075,0.000,2.562,2.978,0.000,12.105,9.225,2.714,64.440
Br62_rep9_Dep6_Tu40,33.168,5.162,0.962,2.641,2.168,0.000,1.298,0.680,0.000,6.315,4.822,2.235,40.549
Br62_rep10_Dep6_Tu2,1.946,3.431,0.266,0.000,1.563,0.038,2.260,4.174,0.000,11.701,7.820,2.647,64.153
Br62_rep6_Dep6_Tu10,8.665,4.521,0.399,0.433,1.589,0.431,2.133,0.000,1.735,11.127,7.750,2.702,58.515
Br62_rep2_Dep6_Tu2,2.248,2.739,0.327,0.000,1.641,0.538,2.762,3.083,0.000,11.399,9.559,2.343,63.360
Br62_rep9_Dep6_Tu5,5.056,2.639,0.530,0.000,1.308,0.000,2.428,2.930,0.000,11.408,9.756,2.466,61.478
Br62_rep6_Dep6_Tu40,32.346,5.042,1.263,2.041,1.830,0.000,0.858,2.494,0.000,8.289,5.002,1.168,39.667
Br62_rep4_Dep6_Tu20,17.356,4.336,0.622,1.040,1.264,0.000,2.267,2.097,0.068,9.718,6.751,2.276,52.204
Br62_rep9_Dep6_Tu1,1.605,2.303,0.133,0.000,1.770,0.223,2.143,2.035,2.021,11.475,9.173,2.632,64.485
Br62_rep1_Dep6_Tu0.3,0.000,2.323,0.432,0.000,1.168,0.183,2.974,3.094,0.000,11.844,10.924,2.796,64.261
Br62_rep3_Dep6_Tu5,4.366,2.875,0.129,0.235,2.209,0.061,2.690,2.423,1.167,11.251,7.563,3.163,61.866
Br62_rep9_Dep6_Tu50,39.168,4.084,2.365,3.922,1.716,0.000,1.808,1.962,0.000,6.201,3.561,1.242,33.970
Br62_rep5_Dep6_Tu30,24.651,4.251,1.022,1.076,1.909,0.000,2.252,3.015,0.000,9.152,5.367,1.900,45.405
Br62_rep9_Dep6_Tu0.5,0.387,1.365,0.375,0.000,1.964,0.472,2.267,4.572,0.000,12.035,8.734,2.688,65.140
Br62_rep1_Dep6_Tu20,17.518,3.321,0.742,0.900,1.929,0.000,1.932,0.927,0.526,10.318,7.080,1.936,52.869
Br62_rep4_Dep6_Tu2,1.912,2.961,0.000,0.301,1.864,0.458,1.824,1.293,2.661,10.811,9.324,2.815,63.777
Br62_rep8_Dep6_Tu3,2.837,3.759,0.219,0.248,1.428,0.006,2.044,1.076,1.940,12.434,7.940,2.600,63.470
Br62_rep2_Dep6_Tu5,5.253,3.880,0.181,0.000,1.155,0.128,2.002,3.064,0.000,12.067,7.182,2.748,62.340
Br62_rep2_Dep6_Tu1,0.998,2.764,0.186,0.000,0.598,0.000,2.649,3.455,0.000,12.827,9.855,2.242,64.425
Br62_rep8_Dep6_Tu1,1.543,2.930,0.000,0.000,1.485,0.131,2.221,2.302,0.637,11.875,9.679,2.488,64.709
Br62_rep10_Dep6_Tu0.1,0.326,2.802,0.453,0.000,1.168,0.603,2.835,1.797,2.651,10.700,9.397,2.497,64.771
Br62_rep3_Dep6_Tu40,32.709,5.800,0.993,2.097,1.165,0.000,1.439,3.118,0.000,6.008,4.023,2.681,39.968
Br62_rep8_Dep6_Tu0.3,0.275,2.182,0.050,0.000,1.397,0.000,2.564,3.049,0.000,13.082,8.181,2.562,66.658
Br62_rep4_Dep6_Tu0.5,0.963,2.776,0.047,0.000,1.583,0.584,3.041,1.615,2.152,11.297,9.287,2.405,64.250
Br62_rep6_Dep6_Tu50,38.519,4.607,1.911,3.941,1.225,0.000,1.518,1.719,0.000,8.137,3.183,1.163,34.077
Br62_rep7_Dep6_Tu0.1,0.303,2.181,0.052,0.000,1.717,0.340,2.541,3.498,0.000,12.401,8.908,2.161,65.898
Br62_rep9_Dep6_Tu30,24.997,6.015,0.634,1.279,1.645,0.000,1.832,0.000,0.000,10.207,5.008,2.380,46.004
Br62_rep6_Dep6_Tu20,16.825,3.300,1.011,1.298,1.045,0.000,1.922,5.166,0.200,8.903,5.371,2.191,52.768
Br62_rep5_Dep6_Tu5,4.788,3.049,0.581,0.000,1.169,0.155,2.523,4.279,0.000,11.690,8.107,2.086,61.573
Br62_rep4_Dep6_Tu40,31.888,3.580,1.244,2.411,1.788,0.000,2.394,2.932,0.000,8.826,4.937,1.109,38.891
Br62_rep8_Dep6_Tu0.1,0.373,3.154,0.277,0.000,1.485,0.113,2.800,3.350,0.105,12.305,9.894,2.686,63.458
Br62_rep1_Dep6_Tu40,32.060,5.116,0.844,3.289,1.729,0.000,1.158,2.346,0.000,7.554,4.173,1.677,40.054
Br62_rep3_Dep6_Tu30,25.049,5.028,0.679,1.465,2.385,0.000,2.002,1.212,0.000,10.672,3.823,1.609,46.076
Br62_rep7_Dep6_Tu0.5,0.674,3.290,0.330,0.000,1.241,0.267,2.552,4.193,1.653,10.675,6.930,2.331,65.863
Br62_rep1_Dep6_Tu10,8.774,3.753,0.626,0.026,1.382,0.235,2.831,2.043,1.849,9.937,7.861,2.023,58.660
Br62_rep10_Dep6_Tu20,17.466,4.087,0.488,0.938,0.926,0.000,2.150,5.146,1.283,6.847,7.248,1.690,51.731
Br62_rep1_Dep6_Tu5,4.567,3.075,0.329,0.000,1.797,0.204,2.047,3.254,2.414,10.316,7.885,2.182,61.930
Br62_rep3_Dep6_Tu50,38.918,4.137,2.132,4.227,1.928,0.000,1.980,2.584,0.000,5.880,4.260,1.088,32.866
Br62_rep1_Dep6_Tu3,2.482,2.844,0.363,0.000,0.911,0.197,2.942,2.363,0.236,11.741,9.703,2.712,63.506
Br62_rep7_Dep6_Tu30,24.903,4.822,1.054,1.491,1.053,0.000,1.531,3.214,0.000,8.564,5.425,1.941,46.002
Br62_rep6_Dep6_Tu1,0.723,2.509,0.232,0.000,1.760,0.000,2.162,2.352,0.237,13.891,8.394,3.090,64.651
Br62_rep1_Dep6_Tu0.5,0.372,2.224,0.521,0.000,1.220,0.000,3.176,3.881,0.553,11.810,9.385,1.992,64.865
Br62_rep1_Dep6_Tu0.1,0.248,2.444,0.166,0.000,1.330,0.000,2.027,2.205,1.554,12.769,8.543,2.753,65.961
Br62_rep9_Dep6_Tu3,2.619,3.130,0.144,0.363,0.963,0.000,2.559,1.562,3.023,11.743,8.523,2.292,63.079
Br62_rep5_Dep6_Tu40,31.794,3.813,1.557,2.945,1.944,0.000,1.923,3.906,0.000,5.887,4.368,2.351,39.512
Br62_rep10_Dep6_Tu3,2.750,2.759,0.428,0.000,1.668,0.000,2.214,2.623,0.000,13.006,7.994,2.817,63.740
Br62_rep2_Dep6_Tu0.3,0.733,3.833,0.156,0.000,1.074,0.188,2.253,2.896,0.000,12.677,8.211,2.924,65.055
Br62_rep10_Dep6_Tu40,31.088,6.155,1.114,2.648,2.366,0.000,1.562,1.912,0.000,7.978,4.154,2.160,38.863
Br62_rep3_Dep6_Tu2,1.589,1.956,0.674,0.000,1.831,0.500,3.370,2.324,2.844,9.917,9.042,2.201,63.753
Br62_rep5_Dep6_Tu1,1.334,2.555,0.375,0.000,1.093,0.099,2.531,2.788,0.000,12.176,10.371,2.796,63.880
Br62_rep4_Dep6_Tu1,1.150,3.568,0.316,0.000,1.388,0.436,2.701,1.034,1.087,10.679,10.715,2.972,63.955
Br62_rep10_Dep6_Tu0.5,0.566,2.745,0.376,0.000,1.469,0.460,2.955,1.236,3.069,10.837,9.619,2.340,64.330
Br62_rep5_Dep6_Tu20,17.445,5.071,0.709,0.757,1.944,0.000,2.094,2.532,0.506,7.711,6.704,2.416,52.111
Br62_rep6_Dep6_Tu0.3,0.043,2.065,0.100,0.000,0.822,0.000,2.419,2.638,2.626,11.829,9.381,2.744,65.334
Br62_rep9_Dep6_Tu0.3,0.290,2.118,0.051,0.000,1.327,0.030,2.522,3.064,0.000,13.191,8.281,2.587,66.541
Br62_rep2_Dep6_Tu20,17.220,2.422,0.991,0.639,1.925,0.000,2.562,2.738,0.000,10.126,6.804,1.818,52.754
Br62_rep6_Dep6_Tu0.5,1.130,2.903,0.117,0.000,1.368,0.414,3.315,1.304,2.291,10.912,8.050,2.563,65.633
Br62_rep8_Dep6_Tu10,8.993,3.713,0.068,0.120,1.065,0.000,2.210,3.034,3.354,9.053,7.539,1.996,58.853
Br62_rep2_Dep6_Tu0.1,0.004,2.501,0.371,0.000,1.613,0.235,1.859,0.441,3.626,12.744,9.260,2.917,64.429
Br62_rep5_Dep6_Tu10,8.822,3.046,0.373,0.111,1.372,0.000,2.263,1.733,0.000,11.604,8.761,2.380,59.537
Br62_rep10_Dep6_Tu10,9.268,3.221,0.529,0.393,1.659,0.000,2.948,2.976,0.000,8.991,9.157,2.854,58.005
Br62_rep4_Dep6_Tu10,9.092,4.352,0.321,0.319,0.962,0.000,2.356,1.852,0.000,11.147,8.946,2.281,58.373
Br62_rep3_Dep6_Tu0.1,0.294,3.634,0.000,0.000,1.764,0.239,2.107,1.805,0.732,11.816,10.413,3.126,64.070
Br62_rep2_Dep6_Tu50,39.522,5.277,1.663,2.648,2.222,0.000,1.805,1.872,0.000,6.726,4.072,1.119,33.073
Br62_rep9_Dep6_Tu10,9.308,2.746,0.335,1.126,1.862,0.000,2.716,1.747,0.000,10.501,8.508,2.964,58.187
Br62_rep5_Dep6_Tu0.3,0.391,1.765,0.475,0.000,1.237,0.568,2.678,4.035,0.972,11.855,8.838,2.688,64.498
Br62_rep8_Dep6_Tu50,39.613,5.670,1.429,3.801,1.861,0.000,2.076,2.678,0.158,3.284,3.487,2.304,33.639
Br62_rep4_Dep6_Tu0.3,0.159,2.271,0.232,0.000,1.244,0.208,2.499,1.358,1.389,14.816,7.832,2.675,65.316
Br62_rep7_Dep6_Tu1,0.707,1.346,0.327,0.000,2.338,0.000,2.803,3.711,0.000,12.724,7.808,2.722,65.514
Br62_rep3_Dep6_Tu0.5,0.338,1.980,0.138,0.000,0.811,0.000,2.421,2.799,2.533,11.826,9.214,2.704,65.236
Br62_rep7_Dep6_Tu40,31.940,5.202,1.365,2.571,1.815,0.000,1.258,1.356,0.000,9.007,3.715,2.301,39.469
Br62_rep2_Dep6_Tu3,3.500,2.323,0.416,0.000,1.365,0.374,2.591,3.210,0.000,11.426,9.384,2.521,62.890
Br62_rep2_Dep6_Tu0.5,0.274,2.944,0.094,0.000,1.435,0.000,2.086,2.430,0.000,13.318,8.177,3.029,66.214
Br62_rep1_Dep6_Tu50,39.739,4.419,1.192,3.359,2.042,0.000,1.727,2.178,0.000,5.521,3.603,1.555,34.665
Br62_rep3_Dep6_Tu3,2.775,3.436,0.000,0.000,1.056,0.163,2.628,3.849,0.000,12.631,7.632,2.461,63.369
Br62_rep7_Dep6_Tu3,3.106,3.946,0.272,0.000,1.202,0.527,2.588,2.002,1.410,11.468,8.443,2.149,62.887
Br62_rep3_Dep6_Tu0.3,0.135,2.743,0.348,0.000,1.141,0.000,3.025,4.140,1.290,11.142,7.620,2.365,66.051
Br62_rep8_Dep6_Tu30,24.254,3.701,1.221,1.920,2.413,0.000,2.051,1.354,0.000,8.512,6.826,1.985,45.762
Br62_rep4_Dep6_Tu30,23.974,4.312,1.197,1.738,2.089,0.000,2.023,1.679,0.091,10.082,5.076,2.156,45.585
Br62_rep6_Dep6_Tu3,3.374,2.518,0.126,0.000,1.413,0.484,3.012,2.970,1.583,11.315,8.048,1.589,63.568
Br62_rep4_Dep6_Tu0.1,0.365,2.661,0.024,0.000,0.989,0.000,3.192,4.485,0.000,11.523,8.905,2.367,65.489
Br62_rep8_Dep6_Tu5,5.173,3.129,0.180,0.000,0.876,0.052,2.578,1.766,1.602,11.134,8.750,2.499,62.260
Br62_rep10_Dep6_Tu50,39.012,7.517,1.946,3.802,0.857,0.000,1.404,0.000,0.000,7.084,3.591,1.364,33.423
Br62_rep10_Dep6_Tu0.3,0.302,1.951,0.440,0.000,1.310,0.252,2.598,4.034,0.415,11.606,9.871,2.221,64.999
Br62_rep3_Dep6_Tu20,16.085,3.275,0.601,1.002,1.410,0.000,1.778,2.788,0.000,10.182,7.070,2.013,53.796
Br62_rep1_Dep6_Tu1,1.439,2.089,0.381,0.000,1.411,0.520,3.135,0.608,3.762,11.010,9.049,2.495,64.101
Br62_rep3_Dep6_Tu1,0.832,3.153,0.149,0.000,1.609,0.359,2.539,0.527,2.969,11.197,8.999,3.039,64.628
Br62_rep9_Dep6_Tu2,1.927,2.933,0.095,0.000,1.386,0.163,2.633,3.851,0.000,12.397,8.258,2.059,64.298
Br62_rep7_Dep6_Tu50,38.745,5.345,2.038,3.647,1.912,0.000,1.177,3.893,0.000,5.883,3.737,1.115,32.510
Br62_rep7_Dep6_Tu5,4.701,2.577,0.712,0.000,1.989,0.006,1.939,4.894,0.000,10.122,9.506,1.889,61.665
Br62_rep8_Dep6_Tu2,1.917,2.822,0.000,0.210,1.527,0.257,2.222,0.521,1.272,13.034,10.240,3.131,62.848
Br62_rep5_Dep6_Tu0.1,0.128,2.324,0.080,0.000,1.515,0.023,2.427,3.637,0.034,12.100,9.409,2.744,65.577
Br62_rep6_Dep6_Tu5,4.145,2.641,0.464,0.000,1.277,0.000,2.380,3.392,0.000,11.502,8.775,2.692,62.733
Br62_rep9_Dep6_Tu20,16.733,3.656,0.896,1.042,1.265,0.000,2.712,3.091,0.863,8.226,6.826,1.726,52.965
Br62_rep2_Dep6_Tu30,25.282,3.869,0.828,1.940,1.834,0.000,1.392,1.295,0.000,9.460,4.972,2.540,46.590
Br62_rep7_Dep6_Tu10,8.693,2.966,0.405,0.495,1.952,0.231,2.110,3.598,0.000,10.323,7.344,2.329,59.554
Br62_rep6_Dep6_Tu0.1,0.610,1.721,0.152,0.000,1.092,0.363,2.901,2.157,2.504,13.007,8.111,2.130,65.253
Br62_rep5_Dep6_Tu50,39.162,7.511,1.160,3.500,1.422,0.000,0.682,0.404,0.000,6.360,5.239,1.127,33.434
Br62_rep10_Dep6_Tu1,0.989,3.823,0.190,0.000,1.167,0.041,2.887,0.539,3.128,11.394,9.610,2.494,63.738
Br62_rep1_Dep6_Tu30,23.877,4.518,0.977,2.424,1.360,0.000,1.766,2.941,0.000,7.263,5.689,2.370,46.816
Br62_rep7_Dep6_Tu0.3,0.589,2.758,0.128,0.000,1.159,0.343,2.665,2.374,0.000,12.532,9.220,2.574,65.658
Br62_rep2_Dep6_Tu10,9.188,2.216,0.793,0.418,2.191,0.000,2.103,3.677,0.000,10.853,7.447,2.177,58.937
Br62_rep9_Dep6_Tu0.1,0.273,3.593,0.190,0.000,1.099,0.390,3.052,2.591,1.355,11.381,9.222,2.849,64.006
Br62_rep3_Dep6_Tu10,9.502,3.165,0.241,0.000,1.191,0.000,3.224,4.032,0.151,10.009,8.405,1.867,58.213
Br62_rep4_Dep6_Tu5,4.766,3.317,0.271,0.000,0.945,0.359,2.730,4.114,0.000,10.623,8.880,2.394,61.600
Br62_rep8_Dep6_Tu20,15.973,5.288,0.303,1.591,1.273,0.000,1.552,1.617,3.707,8.199,6.313,1.400,52.783
Br62_rep1_Dep6_Tu2,2.136,2.461,0.189,0.061,1.507,0.247,2.076,2.027,2.624,11.569,8.703,2.702,63.697
Br62_rep10_Dep6_Tu5,4.564,3.284,0.000,0.520,1.643,0.070,1.905,0.000,5.650,11.067,7.495,2.538,61.265
Br62_rep10_Dep6_Tu30,24.622,3.121,1.139,1.881,2.657,0.000,1.817,2.728,0.921,8.336,4.661,1.827,46.290
Br62_rep6_Dep6_Tu2,1.983,1.926,0.506,0.000,1.329,0.264,2.790,4.151,0.035,11.240,9.602,2.256,63.918
Br62_rep4_Dep6_Tu3,3.140,3.141,0.087,0.512,1.273,0.122,1.817,3.481,0.477,11.460,8.466,2.812,63.214
Br66_rep4_Dep6_Tu50,45.484,2.934,0.086,3.972,0.805,0.000,1.903,0.000,0.000,3.818,5.670,2.312,33.016
Br66_rep3_Dep6_Tu0.5,0.237,2.087,0.158,0.000,0.775,0.000,2.377,2.714,2.415,11.741,9.471,2.739,65.284
Br66_rep2_Dep6_Tu3,3.463,2.328,0.315,0.000,1.099,0.424,2.480,3.032,0.000,11.767,9.514,2.296,63.281
Br66_rep6_Dep6_Tu40,35.918,3.366,0.066,3.339,0.656,0.000,0.540,0.000,0.000,8.647,7.004,1.482,38.983
Br66_rep9_Dep6_Tu0.1,0.263,3.553,0.265,0.000,1.043,0.423,3.019,2.763,1.127,11.346,9.365,2.899,63.935
Br66_rep9_Dep6_Tu5,5.361,2.564,0.227,0.000,1.274,0.040,2.697,3.137,0.098,10.994,9.601,2.589,61.419
Br66_rep10_Dep6_Tu1,1.219,3.671,0.000,0.000,1.400,0.067,2.045,1.321,1.441,12.909,8.241,2.995,64.691
Br66_rep6_Dep6_Tu20,19.450,2.467,0.818,0.833,1.043,0.000,1.818,3.027,0.000,8.930,5.868,2.243,53.502
Br66_rep10_Dep6_Tu30,27.797,3.544,0.334,1.947,0.841,0.000,1.965,1.379,0.429,7.708,6.392,1.600,46.062
Br66_rep10_Dep6_Tu5,4.633,2.737,0.036,0.000,1.726,0.327,2.855,2.633,0.000,11.909,8.673,2.301,62.168
Br66_rep7_Dep6_Tu1,0.734,1.606,0.192,0.000,2.287,0.000,2.644,3.278,0.000,13.068,7.780,2.737,65.674
Br66_rep6_Dep6_Tu0.3,0.053,1.945,0.245,0.000,0.754,0.000,2.379,2.770,2.578,11.764,9.287,2.746,65.480
Br66_rep1_Dep6_Tu30,27.648,3.074,0.739,2.033,1.239,0.000,1.967,1.259,0.000,7.462,5.781,2.678,46.118
Br66_rep3_Dep6_Tu1,1.031,2.987,0.099,0.000,1.502,0.345,2.511,0.387,2.922,11.382,9.102,3.064,64.669
Br66_rep3_Dep6_Tu30,27.436,3.319,0.000,1.978,1.229,0.000,1.891,1.321,0.000,9.344,6.261,1.441,45.779
Br66_rep9_Dep6_Tu1,1.869,2.050,0.156,0.000,1.775,0.315,2.341,1.685,1.945,11.459,9.264,2.699,64.442
Br66_rep9_Dep6_Tu40,36.479,3.255,0.000,3.647,1.241,0.000,1.077,0.000,0.707,6.072,5.456,2.390,39.677
Br66_rep5_Dep6_Tu1,1.224,2.575,0.429,0.000,1.090,0.175,2.551,2.970,0.000,12.032,10.393,2.693,63.868
Br66_rep2_Dep6_Tu5,5.024,3.464,0.208,0.000,1.121,0.308,2.287,2.772,0.000,11.971,7.522,2.878,62.445
Br66_rep5_Dep6_Tu30,27.708,3.175,0.157,1.859,1.108,0.000,2.116,0.724,0.000,8.788,7.278,2.102,44.985
Br66_rep7_Dep6_Tu50,45.123,3.373,0.093,4.066,0.661,0.000,1.147,0.000,0.000,4.890,6.022,1.998,32.628
Br66_rep4_Dep6_Tu40,36.374,3.023,0.141,2.794,1.182,0.000,1.859,0.689,0.000,7.145,6.585,1.277,38.931
Br66_rep8_Dep6_Tu5,5.304,2.986,0.000,0.000,0.912,0.133,2.606,2.986,0.902,10.312,8.917,2.425,62.516
Br66_rep9_Dep6_Tu2,2.385,2.559,0.230,0.000,1.392,0.288,2.582,3.269,0.000,12.419,8.685,1.996,64.194
Br66_rep6_Dep6_Tu30,28.072,3.513,0.262,1.741,0.525,0.341,1.812,2.652,0.369,6.121,6.424,2.482,45.686
Br66_rep4_Dep6_Tu0.1,0.424,2.572,0.044,0.000,1.049,0.000,3.226,4.470,0.000,11.498,8.997,2.307,65.415
Br66_rep5_Dep6_Tu10,9.287,3.556,0.000,0.429,1.127,0.000,2.169,0.866,0.000,11.017,9.328,2.471,59.749
Br66_rep3_Dep6_Tu40,36.597,4.108,0.431,2.930,0.052,0.000,0.942,0.478,0.000,6.110,6.809,2.116,39.427
Br66_rep9_Dep6_Tu0.5,0.420,1.073,0.515,0.000,2.064,0.528,2.247,4.361,0.000,12.039,8.889,2.699,65.165
Br66_rep8_Dep6_Tu2,2.119,2.871,0.000,0.256,1.788,0.266,2.367,0.064,0.880,12.983,9.970,3.309,63.128
Br66_rep10_Dep6_Tu2,1.591,3.189,0.391,0.000,1.404,0.000,2.661,3.006,0.000,11.443,8.645,2.803,64.866
Br66_rep6_Dep6_Tu0.1,0.621,1.638,0.141,0.000,1.028,0.361,2.840,2.577,2.206,13.053,8.248,2.088,65.200
Br66_rep5_Dep6_Tu0.5,0.745,1.907,0.147,0.000,1.848,0.347,2.579,2.543,0.000,12.151,8.551,3.336,65.845
Br66_rep2_Dep6_Tu20,18.658,2.151,0.590,0.710,1.264,0.000,1.977,2.456,0.000,9.563,7.561,2.514,52.555
Br66_rep4_Dep6_Tu0.5,0.908,2.712,0.159,0.000,1.488,0.606,3.084,1.817,2.009,11.390,9.383,2.330,64.114
Br66_rep4_Dep6_Tu5,5.366,2.485,0.434,0.326,1.016,0.445,2.897,3.968,0.000,10.554,8.881,2.552,61.076
Br66_rep8_Dep6_Tu0.5,0.555,2.577,0.351,0.000,1.115,0.000,3.044,4.404,0.834,11.189,7.623,2.380,65.926
Br66_rep5_Dep6_Tu20,19.103,4.697,0.042,0.373,1.006,0.392,2.001,2.243,0.065,6.766,8.511,2.775,52.025
Br66_rep1_Dep6_Tu3,2.844,2.421,0.197,0.000,0.719,0.324,2.981,2.818,0.000,11.941,9.956,2.347,63.452
Br66_rep10_Dep6_Tu10,9.687,3.887,0.000,0.000,1.212,0.002,2.598,2.454,0.000,10.936,7.954,2.456,58.814
Br66_rep3_Dep6_Tu10,9.433,2.845,0.096,0.292,0.834,0.000,2.919,5.632,0.000,8.877,8.423,1.958,58.690
Br66_rep10_Dep6_Tu40,36.774,2.938,0.156,3.101,1.793,0.000,2.445,0.541,1.330,4.609,3.762,1.806,40.745
Br66_rep1_Dep6_Tu50,44.528,3.020,0.000,3.968,1.419,0.000,1.270,0.191,0.000,5.547,4.874,1.781,33.402
Br66_rep10_Dep6_Tu0.5,0.332,2.622,0.412,0.000,1.691,0.322,2.978,1.738,0.000,13.267,9.074,2.912,64.650
Br66_rep1_Dep6_Tu0.3,0.000,2.337,0.394,0.000,1.188,0.187,2.881,3.085,0.000,11.824,10.947,2.762,64.395
Br66_rep10_Dep6_Tu0.1,0.360,2.756,0.000,0.000,1.173,0.142,2.699,3.092,0.000,12.640,9.057,2.916,65.165
Br66_rep8_Dep6_Tu40,36.001,1.989,0.726,3.327,1.019,0.000,1.855,0.000,0.000,7.539,5.433,2.239,39.872
Br66_rep3_Dep6_Tu20,18.799,3.499,0.178,1.240,0.863,0.000,2.001,0.393,0.000,9.843,7.000,2.666,53.518
Br66_rep9_Dep6_Tu0.3,0.428,2.120,0.062,0.000,1.343,0.038,2.630,2.680,0.000,13.297,8.160,2.572,66.669
Br66_rep7_Dep6_Tu0.3,0.648,2.644,0.180,0.000,1.126,0.400,2.641,2.129,0.000,12.678,9.277,2.570,65.706
Br66_rep5_Dep6_Tu2,1.849,2.593,0.359,0.000,0.939,0.106,2.501,2.196,0.908,13.286,8.498,2.239,64.525
Br66_rep5_Dep6_Tu0.3,0.467,1.673,0.560,0.000,1.189,0.643,2.763,3.998,1.140,11.432,8.885,2.638,64.614
Br66_rep6_Dep6_Tu5,4.718,2.538,0.191,0.000,1.111,0.000,2.273,2.875,0.000,11.950,8.984,2.764,62.597
Br66_rep5_Dep6_Tu3,2.642,2.493,0.291,0.343,1.145,0.100,2.139,3.167,0.000,12.773,8.157,2.884,63.866
Br66_rep1_Dep6_Tu5,4.741,2.171,0.280,0.000,1.525,0.475,2.514,3.700,1.988,9.952,7.896,2.354,62.403
Br66_rep6_Dep6_Tu10,9.180,3.973,0.017,0.609,1.006,0.400,2.284,0.000,0.564,11.600,8.445,2.927,58.994
Br66_rep3_Dep6_Tu5,5.629,2.685,0.207,0.000,1.998,0.057,2.641,2.859,0.000,11.297,7.780,3.400,61.447
Br66_rep1_Dep6_Tu1,1.556,2.050,0.394,0.000,1.277,0.464,3.096,0.673,3.554,10.901,9.118,2.480,64.438
Br66_rep4_Dep6_Tu30,27.500,2.515,0.399,2.042,1.628,0.000,1.587,0.000,0.000,9.976,6.410,2.504,45.439
Br66_rep8_Dep6_Tu20,18.467,3.494,0.000,1.624,0.885,0.000,1.516,1.418,1.850,8.985,7.099,1.959,52.703
Br66_rep4_Dep6_Tu10,9.905,3.083,0.548,0.300,1.388,0.556,2.744,0.000,0.000,11.353,9.886,1.980,58.255
Br66_rep2_Dep6_Tu1,0.645,3.061,0.114,0.000,0.628,0.000,2.657,3.579,0.106,12.547,9.872,2.186,64.607
Br66_rep6_Dep6_Tu2,1.860,2.363,0.389,0.000,1.123,0.304,2.462,3.826,0.722,11.131,9.727,2.200,63.893
Br66_rep6_Dep6_Tu0.5,1.393,2.573,0.245,0.000,1.332,0.469,3.341,1.510,1.945,10.957,8.260,2.577,65.398
Br66_rep5_Dep6_Tu0.1,0.248,2.262,0.083,0.000,1.493,0.011,2.487,3.231,0.257,12.206,9.543,2.646,65.532
Br66_rep2_Dep6_Tu2,2.430,2.092,0.295,0.000,1.705,0.540,2.862,2.881,0.000,11.716,9.926,2.430,63.124
Br66_rep10_Dep6_Tu50,44.153,4.016,0.287,4.042,0.987,0.000,1.102,0.000,0.000,6.352,4.924,1.048,33.089
Br66_rep7_Dep6_Tu3,3.286,2.924,0.457,0.018,1.352,0.743,2.764,3.035,0.477,11.175,8.734,2.156,62.878
Br66_rep7_Dep6_Tu10,9.913,1.920,0.192,0.789,1.299,0.260,2.296,3.810,0.000,10.649,7.884,1.910,59.078
Br66_rep2_Dep6_Tu0.5,0.415,2.665,0.111,0.000,1.498,0.000,2.073,2.517,0.000,13.399,8.174,3.004,66.143
Br66_rep5_Dep6_Tu50,44.919,3.298,0.000,4.357,0.810,0.000,0.744,0.000,0.000,4.861,5.658,1.710,33.643
Br66_rep9_Dep6_Tu20,19.367,1.461,0.362,1.532,1.096,0.000,2.650,3.070,0.034,8.719,7.094,2.166,52.448
Br66_rep8_Dep6_Tu3,3.208,3.504,0.067,0.156,1.319,0.119,2.178,0.862,1.338,12.489,8.526,2.978,63.255
Br66_rep9_Dep6_Tu10,9.392,2.887,0.068,0.707,1.732,0.000,2.772,0.376,0.000,11.338,8.931,3.131,58.668
Br66_rep7_Dep6_Tu2,2.250,2.314,0.329,0.000,0.950,0.000,2.567,2.530,0.000,12.457,9.187,2.831,64.584
Br66_rep6_Dep6_Tu3,3.658,2.619,0.099,0.000,1.219,0.552,2.985,3.393,0.206,11.081,8.150,2.105,63.934
Br66_rep1_Dep6_Tu0.5,0.381,2.055,0.608,0.000,1.347,0.000,3.137,4.109,0.359,11.753,9.183,2.070,64.998
Br66_rep2_Dep6_Tu40,36.520,5.701,0.000,2.638,0.241,0.000,1.166,0.595,0.000,4.071,5.886,2.499,40.682
Br66_rep1_Dep6_Tu2,2.319,2.456,0.119,0.000,1.692,0.353,2.168,1.309,2.293,11.450,8.698,3.023,64.119
Br66_rep8_Dep6_Tu1,1.612,2.858,0.000,0.000,1.442,0.241,2.165,2.455,0.402,11.592,10.088,2.547,64.597
Br66_rep4_Dep6_Tu3,3.396,2.637,0.094,0.440,1.273,0.217,1.655,3.928,0.000,11.359,8.476,3.261,63.263
Br66_rep7_Dep6_Tu40,36.160,3.828,0.130,2.385,0.973,0.000,1.408,0.000,0.000,8.180,5.685,2.266,38.986
Br66_rep7_Dep6_Tu0.5,0.875,2.932,0.430,0.000,1.254,0.300,2.700,4.488,1.339,10.503,6.937,2.420,65.824
Br66_rep2_Dep6_Tu30,26.800,2.868,0.000,2.639,1.063,0.000,1.865,0.538,0.000,9.455,5.524,2.600,46.646
Br66_rep2_Dep6_Tu0.1,0.000,2.368,0.422,0.032,1.586,0.252,1.889,0.460,3.485,12.832,9.302,2.997,64.373
Br66_rep7_Dep6_Tu0.1,0.343,2.215,0.041,0.000,1.679,0.368,2.460,3.400,0.000,12.396,9.184,2.130,65.784
Br66_rep1_Dep6_Tu40,36.255,3.347,0.000,3.453,0.637,0.000,1.220,0.368,0.000,7.250,4.589,2.083,40.798
Br66_rep7_Dep6_Tu5,5.190,1.332,0.703,0.000,1.553,0.114,2.266,4.211,0.000,10.606,10.309,2.003,61.712
Br66_rep4_Dep6_Tu1,1.336,3.501,0.250,0.000,1.204,0.399,2.655,1.734,0.733,10.586,10.661,2.909,64.031
Br66_rep8_Dep6_Tu0.1,0.447,3.234,0.289,0.000,1.365,0.095,2.765,3.413,0.000,12.317,9.983,2.702,63.390
Br66_rep4_Dep6_Tu2,2.191,2.807,0.000,0.083,1.891,0.657,2.037,0.795,3.224,10.080,9.463,2.913,63.858
Br66_rep1_Dep6_Tu0.1,0.277,2.503,0.155,0.000,1.302,0.000,2.032,2.275,1.293,12.813,8.693,2.718,65.937
Br66_rep2_Dep6_Tu10,9.333,2.763,0.417,0.608,1.771,0.000,2.295,3.684,0.000,10.460,7.454,2.533,58.684
Br66_rep4_Dep6_Tu20,19.047,3.862,0.072,0.919,0.934,0.000,2.141,2.376,0.000,9.534,6.043,2.604,52.469
Br66_rep4_Dep6_Tu0.3,0.302,2.209,0.200,0.000,1.361,0.294,2.504,1.500,1.060,14.914,7.839,2.660,65.156
Br66_rep10_Dep6_Tu3,3.414,3.076,0.066,0.000,1.356,0.321,2.859,3.311,0.000,11.447,7.722,2.288,64.140
Br66_rep1_Dep6_Tu20,19.351,2.576,0.160,0.870,1.108,0.000,1.731,0.000,1.547,10.056,7.844,2.408,52.349
Br66_rep6_Dep6_Tu1,0.835,2.557,0.186,0.000,1.609,0.000,2.169,2.361,0.000,13.808,8.643,3.074,64.759
Br66_rep6_Dep6_Tu50,44.212,2.431,0.555,4.727,0.329,0.051,0.711,0.000,0.000,7.302,4.104,1.642,33.935
Br66_rep9_Dep6_Tu3,2.748,2.586,0.198,0.387,0.963,0.000,2.781,0.559,3.370,12.370,8.575,2.225,63.237
Br66_rep3_Dep6_Tu50,44.399,4.369,0.495,3.700,0.403,0.000,1.084,0.000,0.000,5.763,6.306,0.744,32.736
Br66_rep8_Dep6_Tu30,27.316,3.420,0.000,1.736,1.313,0.000,2.044,0.749,0.000,7.782,6.849,2.115,46.676
Br66_rep7_Dep6_Tu20,18.871,2.082,0.253,1.199,1.459,0.000,1.357,3.397,0.382,9.149,7.352,2.068,52.432
Br66_rep3_Dep6_Tu2,2.225,2.094,0.506,0.000,1.761,0.439,3.190,1.827,2.463,10.096,9.274,2.249,63.876
Br66_rep8_Dep6_Tu50,45.467,5.122,0.015,3.681,0.000,0.000,2.266,0.090,0.000,3.306,4.968,2.239,32.846
Br66_rep3_Dep6_Tu3,2.941,2.988,0.000,0.000,1.062,0.217,2.687,2.850,0.000,12.836,8.152,2.535,63.731
Br66_rep3_Dep6_Tu0.3,0.393,2.757,0.352,0.000,1.055,0.000,3.011,4.088,1.051,11.266,7.682,2.329,66.017
Br66_rep8_Dep6_Tu0.3,0.393,2.063,0.047,0.000,1.357,0.033,2.654,2.503,0.000,13.426,8.378,2.629,66.517
Br66_rep3_Dep6_Tu0.1,0.335,3.601,0.000,0.000,1.773,0.275,2.140,1.890,0.575,11.764,10.439,3.138,64.071
Br66_rep10_Dep6_Tu0.3,0.477,2.585,0.123,0.000,1.072,0.001,2.298,4.772,0.000,12.256,8.119,2.654,65.643
Br66_rep2_Dep6_Tu50,44.885,3.318,0.539,4.036,0.407,0.000,0.857,0.000,0.000,5.887,5.492,1.420,33.158
Br66_rep5_Dep6_Tu5,5.430,3.370,0.454,0.000,0.771,0.380,2.356,3.798,0.000,10.392,8.323,2.343,62.383
Br66_rep10_Dep6_Tu20,18.756,3.813,0.082,0.952,0.998,0.247,1.882,1.536,0.000,9.499,7.729,2.569,51.938
Br66_rep7_Dep6_Tu30,27.391,2.647,0.357,1.874,0.906,0.000,1.864,1.589,0.000,8.627,6.099,2.340,46.305
Br66_rep9_Dep6_Tu30,27.712,3.587,0.108,1.456,1.159,0.000,1.432,0.000,0.000,9.292,6.622,2.769,45.863
Br66_rep5_Dep6_Tu40,37.578,2.451,0.009,2.222,1.009,0.073,2.514,1.548,0.000,6.084,5.336,2.120,39.056
Br66_rep8_Dep6_Tu10,9.655,3.663,0.000,0.000,0.487,0.327,2.427,0.716,3.672,9.491,9.030,2.135,58.396
Br66_rep9_Dep6_Tu50,44.823,3.380,0.476,4.547,0.822,0.000,1.133,0.000,0.000,4.810,4.456,1.683,33.872
Br66_rep2_Dep6_Tu0.3,0.857,3.784,0.147,0.000,0.888,0.198,2.228,2.901,0.000,12.689,8.272,2.930,65.107
Br66_rep1_Dep6_Tu10,9.343,3.572,0.307,0.749,0.965,0.240,2.639,1.708,1.034,9.420,8.747,2.457,58.819
Cer77_rep9_Dep6_Tu3,0.615,3.226,1.013,1.878,1.967,0.000,2.812,0.984,2.524,12.300,8.264,2.851,61.566
Cer77_rep5_Dep6_Tu30,5.208,9.363,6.066,9.145,7.805,1.377,4.082,5.300,0.000,4.624,4.684,3.759,38.587
Cer77_rep3_Dep6_Tu30,5.032,11.411,5.903,9.396,8.050,1.189,3.804,3.395,0.000,5.726,4.166,2.480,39.448
Cer77_rep8_Dep6_Tu50,7.878,13.633,8.553,13.417,10.198,2.176,4.347,6.951,0.000,0.000,2.893,3.897,26.057
Cer77_rep1_Dep6_Tu1,0.813,2.879,0.490,0.000,1.498,0.634,3.098,0.509,3.875,10.804,8.977,2.780,63.642
Cer77_rep7_Dep6_Tu3,1.309,4.452,1.091,0.692,2.147,0.886,2.856,2.345,0.637,10.971,8.254,2.640,61.720
Cer77_rep10_Dep6_Tu2,0.123,3.397,0.781,0.757,2.207,0.052,2.861,3.453,0.000,10.862,8.559,2.755,64.192
Cer77_rep2_Dep6_Tu0.5,0.020,2.830,0.204,0.000,1.609,0.000,2.142,2.569,0.000,13.543,8.103,3.086,65.894
Cer77_rep3_Dep6_Tu20,3.688,7.719,4.430,6.867,6.376,0.819,3.440,3.456,0.000,7.544,5.422,3.227,47.012
Cer77_rep1_Dep6_Tu2,0.872,3.252,0.712,0.435,2.196,0.706,2.445,0.746,2.338,11.472,8.477,3.196,63.154
Cer77_rep2_Dep6_Tu5,1.518,5.499,1.246,2.182,2.476,0.350,2.400,3.061,0.000,10.895,7.172,2.848,60.354
Cer77_rep5_Dep6_Tu0.5,0.293,2.089,0.316,0.000,1.869,0.470,2.581,2.671,0.000,12.163,8.594,3.269,65.686
Cer77_rep2_Dep6_Tu50,6.852,14.692,8.782,13.583,11.424,1.697,3.027,6.689,0.000,0.269,3.877,3.544,25.564
Cer77_rep9_Dep6_Tu0.5,0.035,1.447,0.640,0.000,2.071,0.570,2.262,4.574,0.000,12.098,8.775,2.591,64.937
Cer77_rep4_Dep6_Tu10,2.940,5.037,2.863,3.478,3.872,1.063,2.830,3.115,0.000,8.952,9.042,2.399,54.409
Cer77_rep9_Dep6_Tu20,3.452,6.462,4.626,6.806,6.428,1.137,4.105,5.259,0.000,6.425,4.920,3.060,47.321
Cer77_rep3_Dep6_Tu10,2.537,6.314,2.373,2.848,3.609,0.691,3.778,5.115,0.000,8.106,6.984,2.498,55.147
Cer77_rep6_Dep6_Tu5,1.423,3.891,1.736,1.030,2.668,0.600,2.872,3.813,0.000,10.681,8.028,2.689,60.569
Cer77_rep5_Dep6_Tu1,0.539,2.810,0.638,0.000,1.427,0.323,2.603,3.106,0.000,11.999,10.291,2.746,63.518
Cer77_rep5_Dep6_Tu0.3,0.251,1.850,0.578,0.000,1.241,0.664,2.775,4.137,1.058,11.378,8.817,2.640,64.614
Cer77_rep4_Dep6_Tu50,7.649,13.158,8.707,13.516,11.315,1.902,4.183,7.004,0.000,0.000,3.524,3.337,25.705
Cer77_rep6_Dep6_Tu0.3,0.002,2.058,0.326,0.000,0.818,0.000,2.355,2.836,2.753,11.636,9.256,2.723,65.235
Cer77_rep4_Dep6_Tu40,6.114,12.657,7.201,11.715,10.314,1.740,3.629,5.347,0.000,2.488,3.940,3.039,31.817
Cer77_rep10_Dep6_Tu5,1.550,4.790,1.490,1.254,3.124,0.756,3.385,3.175,0.000,10.518,8.023,2.293,59.644
Cer77_rep3_Dep6_Tu1,0.276,3.233,0.395,0.221,1.948,0.553,2.713,0.874,2.529,10.942,8.991,3.212,64.113
Cer77_rep8_Dep6_Tu40,6.501,9.584,7.851,11.575,10.579,2.266,3.838,7.074,0.000,1.656,3.759,3.147,32.170
Cer77_rep7_Dep6_Tu0.3,0.533,2.563,0.283,0.000,1.236,0.445,2.694,2.337,0.071,12.538,9.197,2.499,65.604
Cer77_rep3_Dep6_Tu0.1,0.281,3.800,0.000,0.000,1.735,0.255,2.127,1.893,0.582,11.740,10.433,3.139,64.015
Cer77_rep4_Dep6_Tu0.3,0.130,2.257,0.369,0.000,1.471,0.347,2.674,1.437,0.980,14.698,7.861,2.668,65.107
Cer77_rep6_Dep6_Tu2,0.537,3.074,0.865,0.000,1.712,0.593,2.662,4.210,0.657,10.822,9.419,2.272,63.177
Cer77_rep6_Dep6_Tu20,3.771,9.214,4.890,6.446,5.896,1.086,3.205,5.001,0.000,5.932,3.745,2.843,47.968
Cer77_rep9_Dep6_Tu40,6.492,11.114,7.566,12.665,9.623,1.806,3.566,5.824,0.000,1.323,3.648,3.601,32.773
Cer77_rep6_Dep6_Tu40,6.427,11.559,7.813,11.875,9.482,1.692,3.762,4.467,0.000,2.896,3.072,3.247,33.708
Cer77_rep8_Dep6_Tu5,1.890,4.058,1.581,0.422,2.262,1.088,3.368,3.500,0.534,9.291,8.753,2.877,60.377
Cer77_rep5_Dep6_Tu50,8.071,13.624,8.595,13.319,10.752,2.159,3.491,5.286,0.000,1.253,3.352,3.298,26.800
Cer77_rep1_Dep6_Tu30,5.102,10.514,6.396,10.765,7.393,1.375,3.346,5.400,0.000,3.114,4.041,3.375,39.178
Cer77_rep2_Dep6_Tu20,3.754,8.054,4.498,6.438,5.802,0.705,3.877,4.211,0.000,7.452,5.611,2.905,46.693
Cer77_rep4_Dep6_Tu0.5,0.699,2.648,0.324,0.000,1.674,0.709,3.082,1.827,1.839,11.473,9.303,2.420,64.002
