Sample,BRCA,CEAD,CESC,COAD,OV,READ,bcell,cd4tcell,cd8tcell,erythroblast,monocyte,naturalkillercell,neutrophil
Colo_rep2_Dep6_Tu0.5,1.428,0.566,1.379,0.000,3.117,2.222,2.688,0.000,0.000,11.785,7.199,3.828,65.788
Colo_rep2_Dep6_Tu50,1.689,4.197,1.567,3.124,4.312,30.323,2.497,1.057,0.000,5.930,7.826,3.932,33.546
Colo_rep6_Dep6_Tu1,1.292,0.294,1.562,0.000,3.328,2.574,2.785,0.000,0.000,12.101,7.759,4.036,64.269
Colo_rep3_Dep6_Tu2,1.510,0.862,1.603,0.000,3.316,3.345,4.011,0.000,0.000,9.638,8.750,3.474,63.492
Colo_rep7_Dep6_Tu2,1.780,0.000,1.578,0.000,2.819,3.236,3.270,0.000,0.000,11.145,8.297,3.539,64.335
Colo_rep8_Dep6_Tu0.1,1.546,1.641,1.375,0.000,2.788,1.817,3.367,0.000,0.000,11.542,9.234,3.545,63.146
Colo_rep10_Dep6_Tu2,1.600,1.620,1.418,0.000,2.991,3.014,3.187,0.000,0.000,11.214,7.588,3.664,63.703
Colo_rep6_Dep6_Tu3,1.837,0.647,1.250,0.000,3.221,4.199,3.799,0.000,0.000,10.546,7.942,3.135,63.424
Colo_rep9_Dep6_Tu30,1.504,3.610,1.317,0.080,4.611,19.700,3.044,0.000,0.000,8.497,8.075,4.120,45.442
Colo_rep9_Dep6_Tu0.5,1.234,0.000,1.484,0.000,3.447,2.500,3.017,0.000,0.000,11.609,8.176,3.618,64.915
Colo_rep6_Dep6_Tu20,2.295,2.475,1.460,0.000,3.131,14.153,2.777,1.761,0.877,7.202,7.510,3.637,52.723
Colo_rep8_Dep6_Tu30,1.484,3.062,1.445,0.267,5.316,19.581,2.885,0.000,0.000,7.280,9.636,3.807,45.236
Colo_rep3_Dep6_Tu5,1.591,1.861,1.051,0.000,3.477,5.076,3.036,0.000,0.000,10.460,7.437,4.340,61.673
Colo_rep4_Dep6_Tu3,1.840,1.106,1.504,0.000,3.082,3.952,2.507,0.000,0.000,10.627,7.975,4.054,63.354
Colo_rep2_Dep6_Tu10,2.157,1.609,1.595,0.000,3.877,7.791,3.098,0.000,0.000,10.062,8.196,3.414,58.201
Colo_rep3_Dep6_Tu40,1.228,3.385,1.435,0.782,4.679,25.745,2.936,0.984,0.000,6.896,8.895,3.742,39.295
Colo_rep3_Dep6_Tu30,1.695,3.289,1.256,0.322,4.434,19.629,3.432,0.000,0.000,8.203,8.607,3.405,45.727
Colo_rep6_Dep6_Tu30,1.070,3.413,1.143,0.307,4.398,20.551,3.887,1.852,1.423,5.990,7.178,3.289,45.502
Colo_rep4_Dep6_Tu50,1.485,3.976,1.323,2.458,4.879,30.500,3.211,1.885,1.298,4.362,7.038,3.171,34.413
Colo_rep5_Dep6_Tu50,1.230,3.345,1.423,0.932,5.415,30.937,2.335,2.010,0.000,6.752,8.921,3.858,32.843
Colo_rep6_Dep6_Tu2,1.618,0.449,1.694,0.000,2.923,3.409,3.344,0.000,0.000,10.587,9.078,3.395,63.503
Colo_rep10_Dep6_Tu50,2.012,3.522,1.727,1.356,4.619,30.980,3.145,1.280,0.000,6.424,8.455,3.593,32.886
Colo_rep7_Dep6_Tu50,1.503,3.615,1.717,1.627,5.293,30.940,2.642,3.317,0.000,3.742,7.969,3.554,34.081
Colo_rep9_Dep6_Tu40,2.050,5.189,0.798,1.906,4.484,24.640,2.586,0.000,0.841,6.104,7.594,3.261,40.548
Colo_rep8_Dep6_Tu5,2.027,0.762,1.398,0.000,2.823,5.126,3.506,0.000,0.000,9.912,8.435,3.843,62.167
Colo_rep1_Dep6_Tu20,1.652,2.529,1.164,0.000,3.518,14.352,2.442,0.000,0.000,9.479,8.828,3.745,52.293
Colo_rep9_Dep6_Tu2,1.651,1.310,1.238,0.000,3.146,3.132,3.206,0.000,0.000,11.641,7.774,2.955,63.948
Colo_rep5_Dep6_Tu30,2.042,2.587,1.324,0.274,4.064,19.770,3.698,1.509,0.000,7.521,8.511,4.255,44.445
Colo_rep4_Dep6_Tu0.1,1.992,0.600,1.385,0.000,2.799,2.096,4.007,0.000,0.000,10.523,8.122,3.368,65.107
Colo_rep5_Dep6_Tu0.1,1.716,0.108,1.452,0.000,3.221,2.151,3.199,0.000,0.000,10.871,8.401,3.651,65.230
Colo_rep9_Dep6_Tu3,1.575,1.018,1.497,0.000,3.075,3.825,3.264,0.000,0.000,11.349,8.189,3.806,62.402
Colo_rep2_Dep6_Tu0.1,1.260,0.723,1.525,0.000,3.022,2.044,2.558,0.000,0.000,11.984,8.463,4.312,64.109
Colo_rep8_Dep6_Tu10,1.794,1.948,1.316,0.000,2.799,8.340,3.653,0.000,0.000,8.847,8.775,4.143,58.385
Colo_rep4_Dep6_Tu30,1.485,2.414,1.035,0.333,4.417,19.684,2.983,0.852,0.000,10.657,7.146,3.794,45.200
Colo_rep2_Dep6_Tu2,1.836,0.888,1.208,0.000,2.947,3.590,3.487,0.000,0.000,10.631,9.403,3.326,62.684
Colo_rep1_Dep6_Tu5,1.624,1.810,1.309,0.000,3.376,5.123,3.422,0.000,0.000,9.689,8.231,3.751,61.666
Colo_rep8_Dep6_Tu50,2.290,3.365,1.560,2.099,4.821,30.717,3.334,3.005,0.270,4.322,7.377,3.777,33.063
Colo_rep5_Dep6_Tu5,1.359,1.764,1.525,0.000,3.018,5.290,3.397,0.000,0.000,10.111,8.231,3.652,61.653
Colo_rep6_Dep6_Tu50,1.618,3.691,1.533,1.076,4.050,31.487,2.609,0.000,0.876,7.174,8.777,2.889,34.220
Colo_rep5_Dep6_Tu0.5,1.528,0.000,1.342,0.000,3.360,2.475,3.079,0.000,0.000,10.887,7.664,4.068,65.597
Colo_rep4_Dep6_Tu20,1.101,3.484,0.946,0.000,4.202,13.869,3.616,0.000,0.000,8.906,7.065,4.370,52.441
Colo_rep8_Dep6_Tu40,2.016,2.890,1.678,0.942,4.651,25.806,2.987,1.006,0.000,6.635,8.089,3.761,39.539
Colo_rep7_Dep6_Tu0.3,1.816,0.467,1.493,0.000,2.648,2.507,3.129,0.000,0.000,11.144,8.274,3.221,65.303
Colo_rep7_Dep6_Tu30,1.790,2.463,1.584,0.665,4.378,19.585,3.211,1.070,0.000,7.939,8.380,3.553,45.381
Colo_rep10_Dep6_Tu20,2.102,2.526,1.363,0.000,3.343,14.020,3.962,0.817,0.627,6.889,8.380,4.078,51.893
Colo_rep9_Dep6_Tu10,1.639,1.635,1.582,0.042,3.810,7.979,3.523,0.000,0.000,9.362,8.333,4.087,58.007
Colo_rep9_Dep6_Tu0.1,1.526,1.969,1.355,0.000,2.511,2.184,3.668,0.000,0.000,10.627,8.545,3.922,63.693
Colo_rep10_Dep6_Tu0.3,1.553,0.374,1.652,0.000,2.877,2.295,3.436,0.000,0.000,10.653,9.179,3.365,64.615
Colo_rep8_Dep6_Tu20,1.271,2.835,1.143,1.142,4.169,13.670,2.607,0.000,0.635,8.951,7.161,4.067,52.350
Colo_rep3_Dep6_Tu3,1.678,1.436,1.175,0.000,2.604,4.029,3.219,0.000,0.000,11.636,7.523,3.570,63.131
Colo_rep4_Dep6_Tu2,1.490,1.868,0.950,0.000,3.465,3.594,2.786,0.000,0.000,9.515,8.501,4.219,63.612
Colo_rep10_Dep6_Tu0.1,1.667,1.237,1.625,0.000,2.589,2.412,3.506,0.000,0.000,9.969,8.756,3.821,64.417
Colo_rep4_Dep6_Tu0.3,1.238,0.447,1.352,0.000,2.720,2.125,3.087,0.000,0.000,13.558,7.025,3.449,64.999
Colo_rep9_Dep6_Tu0.3,1.587,0.000,1.305,0.000,3.073,2.252,3.169,0.000,0.000,11.906,7.135,3.399,66.174
Colo_rep1_Dep6_Tu10,1.428,1.928,1.444,0.000,3.213,8.330,3.274,0.000,0.000,9.660,9.193,4.009,57.520
Colo_rep6_Dep6_Tu0.3,1.509,0.066,1.575,0.000,2.615,2.153,3.220,0.000,0.000,11.039,8.470,4.255,65.098
Colo_rep6_Dep6_Tu0.5,2.150,1.163,1.214,0.000,2.671,2.337,3.952,0.000,0.000,10.179,7.345,3.639,65.348
Colo_rep10_Dep6_Tu10,1.624,1.806,1.419,0.000,3.395,7.877,4.091,0.000,0.000,9.122,9.179,4.163,57.324
Colo_rep10_Dep6_Tu1,1.518,1.787,1.366,0.000,2.775,2.561,3.671,0.000,0.000,9.922,9.060,3.873,63.468
Colo_rep10_Dep6_Tu5,1.189,2.288,0.901,0.000,3.414,5.046,2.953,0.000,0.000,10.930,7.796,4.243,61.240
Colo_rep10_Dep6_Tu40,1.367,5.445,1.381,1.702,4.129,24.959,2.327,0.000,1.069,6.132,7.854,3.823,39.812
Colo_rep10_Dep6_Tu0.5,1.550,1.182,1.502,0.000,2.927,2.503,3.570,0.000,0.000,9.896,9.056,3.697,64.117
Colo_rep1_Dep6_Tu1,1.773,0.559,1.397,0.000,2.630,2.768,3.828,0.000,0.000,10.436,8.570,3.897,64.141
Colo_rep7_Dep6_Tu20,2.017,2.329,1.344,0.000,3.584,14.246,3.326,0.109,0.000,9.398,9.179,3.046,51.422
Colo_rep6_Dep6_Tu10,1.044,2.185,1.155,0.000,3.142,8.507,2.723,0.000,0.000,9.887,8.024,4.304,59.029
Colo_rep10_Dep6_Tu3,1.397,0.800,1.375,0.000,3.116,3.524,2.980,0.000,0.000,12.125,7.534,3.683,63.467
Colo_rep1_Dep6_Tu30,1.667,3.281,1.840,1.013,4.217,19.746,3.047,0.990,0.000,6.766,7.201,4.388,45.843
Colo_rep1_Dep6_Tu0.1,1.727,0.299,1.473,0.000,3.021,2.040,2.744,0.000,0.000,11.609,7.705,3.792,65.590
Colo_rep7_Dep6_Tu5,2.141,0.000,1.857,0.000,3.911,5.112,3.223,0.000,0.000,9.491,9.759,3.344,61.160
Colo_rep7_Dep6_Tu0.1,1.648,0.315,1.251,0.000,3.232,2.263,3.101,0.000,0.000,11.388,8.244,3.009,65.550
Colo_rep6_Dep6_Tu40,1.633,2.678,1.648,1.073,4.595,25.350,2.518,0.069,1.707,7.709,9.165,3.260,38.595
Colo_rep8_Dep6_Tu2,1.389,0.332,1.218,0.000,3.360,3.514,2.834,0.000,0.000,11.454,9.304,3.900,62.694
Colo_rep7_Dep6_Tu0.5,1.644,1.855,1.422,0.000,2.683,2.206,3.385,0.000,0.000,10.815,6.537,3.836,65.619
Colo_rep5_Dep6_Tu20,1.561,3.403,0.997,0.000,4.601,13.900,3.531,0.000,0.000,7.051,9.307,4.527,51.122
Colo_rep8_Dep6_Tu0.3,1.579,0.000,1.328,0.000,3.016,2.237,3.247,0.000,0.000,11.801,7.141,3.441,66.209
Colo_rep4_Dep6_Tu5,1.878,1.415,1.377,0.000,2.665,5.308,3.653,0.000,0.000,10.145,8.658,3.552,61.349
Colo_rep9_Dep6_Tu1,2.051,0.000,1.420,0.000,3.363,2.722,3.022,0.000,0.000,10.608,8.564,3.970,64.279
Colo_rep1_Dep6_Tu0.5,1.483,0.271,1.841,0.000,3.133,2.009,3.887,0.000,0.000,11.057,8.540,3.213,64.566
Colo_rep8_Dep6_Tu3,1.632,1.597,1.104,0.000,2.886,3.931,2.862,0.000,0.000,11.727,7.521,3.753,62.987
Colo_rep5_Dep6_Tu0.3,1.486,0.297,1.563,0.000,2.759,2.511,3.573,0.000,0.000,11.225,8.352,3.950,64.284
Colo_rep2_Dep6_Tu30,1.627,1.827,1.147,0.508,4.728,19.683,3.085,0.669,0.000,8.463,7.720,3.901,46.643
Colo_rep7_Dep6_Tu10,1.391,0.905,1.421,0.000,3.676,8.265,3.052,0.000,0.000,9.763,8.898,3.826,58.802
Colo_rep2_Dep6_Tu40,1.736,4.621,1.303,0.808,4.886,25.541,3.185,2.523,0.000,4.236,6.599,4.011,40.550
Colo_rep3_Dep6_Tu0.1,1.609,1.635,1.171,0.000,3.280,2.156,2.665,0.000,0.000,10.357,9.419,3.902,63.805
Colo_rep3_Dep6_Tu1,1.334,0.807,1.357,0.000,3.228,2.925,3.242,0.000,0.000,9.962,8.401,4.307,64.440
Colo_rep8_Dep6_Tu1,1.962,1.102,1.098,0.000,3.234,2.771,2.741,0.000,0.000,10.388,9.131,3.371,64.203
Colo_rep4_Dep6_Tu1,1.688,1.666,1.407,0.000,2.855,2.781,3.140,0.000,0.000,9.279,9.612,3.790,63.782
Colo_rep5_Dep6_Tu40,1.972,2.463,1.983,0.459,4.179,25.452,3.653,3.572,0.000,5.158,7.297,4.220,39.592
Colo_rep5_Dep6_Tu10,1.464,2.940,1.010,0.000,3.651,8.141,3.167,0.000,0.000,8.472,8.734,3.722,58.698
Colo_rep2_Dep6_Tu0.3,1.720,1.943,1.255,0.000,2.476,2.091,2.808,0.000,0.000,11.748,7.459,3.681,64.818
Colo_rep10_Dep6_Tu30,1.313,2.573,1.572,2.260,4.590,19.546,3.072,0.765,0.000,7.244,7.088,3.668,46.309
Colo_rep1_Dep6_Tu40,1.371,5.167,1.002,0.733,4.855,25.266,3.358,0.611,0.885,6.640,7.128,3.169,39.815
Colo_rep6_Dep6_Tu0.1,1.976,0.000,1.319,0.000,2.607,2.227,3.533,0.000,0.000,12.441,7.474,3.428,64.995
Colo_rep7_Dep6_Tu40,1.202,3.031,1.196,2.823,4.888,24.954,2.901,0.185,0.000,8.314,6.998,3.860,39.648
Colo_rep1_Dep6_Tu50,1.242,4.438,1.464,2.479,4.797,30.815,3.256,3.402,0.000,4.986,6.413,3.337,33.373
Colo_rep1_Dep6_Tu0.3,1.111,0.167,1.729,0.000,2.993,2.465,3.507,0.000,0.000,10.320,10.156,3.558,63.995
Colo_rep9_Dep6_Tu20,1.521,1.938,1.085,0.000,3.644,14.375,3.893,0.920,0.000,9.217,7.422,3.258,52.728
Colo_rep4_Dep6_Tu10,1.633,1.404,1.482,0.000,3.102,8.387,3.331,0.000,0.000,10.443,8.880,3.037,58.302
Colo_rep6_Dep6_Tu5,1.738,0.267,1.517,0.000,2.955,5.008,3.347,0.000,0.000,10.979,8.566,3.704,61.918
Colo_rep9_Dep6_Tu5,1.937,0.584,1.605,0.000,3.111,4.985,3.291,0.000,0.000,10.242,9.373,3.776,61.097
Colo_rep3_Dep6_Tu50,2.784,4.119,1.302,1.762,3.993,31.275,2.954,1.765,0.000,4.799,8.250,3.454,33.541
Colo_rep5_Dep6_Tu1,1.707,0.703,1.593,0.000,2.714,2.799,3.178,0.000,0.000,10.728,9.561,3.451,63.565
Colo_rep5_Dep6_Tu3,1.091,1.176,1.429,0.000,2.868,3.900,2.990,0.000,0.000,11.634,7.468,3.843,63.601
Colo_rep2_Dep6_Tu1,1.490,0.524,1.620,0.000,2.494,2.737,3.496,0.000,0.000,11.468,9.043,3.163,63.967
Colo_rep7_Dep6_Tu1,1.252,0.000,1.468,0.000,3.958,2.321,3.422,0.000,0.000,11.762,7.057,3.571,65.189
Colo_rep5_Dep6_Tu2,1.515,0.505,1.599,0.000,2.688,3.244,3.000,0.000,0.000,11.994,7.705,3.473,64.278
Colo_rep4_Dep6_Tu40,2.003,2.884,1.557,1.163,4.774,25.185,3.591,1.774,0.000,7.483,8.085,3.015,38.485
Colo_rep2_Dep6_Tu20,1.342,1.277,1.370,0.000,4.155,14.036,3.756,0.695,0.000,9.454,7.650,3.608,52.656
Colo_rep4_Dep6_Tu0.5,1.735,1.138,1.157,0.000,3.027,2.566,3.695,0.000,0.000,10.667,8.460,3.548,64.006
Colo_rep2_Dep6_Tu5,1.979,3.059,0.961,0.000,2.624,4.926,2.608,0.000,0.000,11.148,6.951,3.729,62.015
Colo_rep2_Dep6_Tu3,1.473,0.834,1.451,0.000,3.001,4.081,3.272,0.000,0.000,10.491,9.198,3.419,62.780
Colo_rep3_Dep6_Tu10,2.102,1.626,1.531,0.000,3.068,8.317,4.418,0.000,0.000,9.218,8.333,3.285,58.103
Colo_rep8_Dep6_Tu0.5,1.462,1.073,1.594,0.000,2.762,2.089,3.855,0.000,0.000,10.842,7.140,3.656,65.527
Colo_rep7_Dep6_Tu3,1.629,2.364,1.319,0.000,2.880,3.956,3.261,0.000,0.000,10.541,8.138,3.211,62.701
Colo_rep3_Dep6_Tu0.5,1.563,0.205,1.545,0.000,2.595,2.302,3.266,0.000,0.000,10.957,8.406,4.312,64.849
Colo_rep3_Dep6_Tu20,1.274,2.554,1.276,0.139,3.001,14.078,3.196,0.000,0.000,9.736,7.012,3.555,54.178
Colo_rep1_Dep6_Tu2,1.834,0.760,1.293,0.000,3.063,3.569,2.912,0.000,0.000,10.422,8.317,4.241,63.591
Colo_rep9_Dep6_Tu50,1.906,3.282,1.794,1.680,4.745,31.131,2.991,1.025,0.000,6.485,8.513,2.784,33.665
Colo_rep3_Dep6_Tu0.3,1.503,1.075,1.512,0.000,2.716,1.973,3.783,0.000,0.000,10.982,7.110,3.691,65.657
Colo_rep1_Dep6_Tu3,1.363,1.015,1.528,0.000,2.575,3.933,3.575,0.000,0.000,10.384,9.040,3.411,63.176
Br62_rep5_Dep6_Tu0.5,2.045,0.000,1.375,0.000,3.372,2.178,3.010,0.000,0.000,10.721,7.822,3.988,65.490
Br62_rep5_Dep6_Tu3,3.965,1.299,1.318,0.000,2.805,1.799,2.737,0.000,0.000,11.798,6.930,3.490,63.859
Br62_rep6_Dep6_Tu30,24.929,3.403,1.534,1.763,1.853,0.676,2.872,2.333,0.000,7.458,5.218,2.368,45.592
Br62_rep7_Dep6_Tu20,18.204,2.695,1.175,0.426,2.389,1.037,2.484,0.000,0.000,10.323,6.974,2.373,51.920
Br62_rep2_Dep6_Tu40,32.538,5.375,1.246,3.035,2.228,0.000,1.162,2.978,0.000,4.823,4.042,2.145,40.429
Br62_rep8_Dep6_Tu0.5,1.981,1.031,1.478,0.000,2.801,1.751,3.834,0.000,0.000,10.918,7.030,3.749,65.426
Br62_rep5_Dep6_Tu2,3.216,0.808,1.511,0.000,2.428,1.878,3.095,0.000,0.000,11.974,7.814,3.172,64.105
Br62_rep4_Dep6_Tu50,39.373,4.539,1.602,3.962,1.658,0.000,1.598,4.107,0.000,3.807,4.381,1.021,33.952
Br62_rep8_Dep6_Tu40,33.016,4.093,1.298,2.648,1.680,0.000,1.722,1.874,0.000,7.485,4.140,1.520,40.525
Br62_rep7_Dep6_Tu2,3.668,0.242,1.606,0.000,2.651,1.851,3.172,0.000,0.000,10.884,8.274,3.511,64.142
Br62_rep9_Dep6_Tu40,33.150,5.172,0.949,2.619,2.141,0.000,1.284,0.807,0.000,6.291,4.828,2.214,40.546
Br62_rep10_Dep6_Tu2,3.297,1.806,1.385,0.000,3.046,1.742,2.956,0.000,0.000,11.101,7.166,3.609,63.892
Br62_rep6_Dep6_Tu10,9.423,3.380,1.140,0.089,2.493,1.618,2.510,0.000,0.000,10.350,7.179,3.400,58.420
Br62_rep2_Dep6_Tu2,3.442,1.142,1.357,0.000,2.982,2.103,3.328,0.000,0.000,10.575,8.830,3.115,63.126
Br62_rep9_Dep6_Tu5,6.344,0.766,1.695,0.000,2.830,1.741,3.019,0.000,0.000,10.292,8.831,3.242,61.239
Br62_rep6_Dep6_Tu40,32.485,4.973,1.363,2.221,2.044,0.000,0.961,1.499,0.000,8.484,4.956,1.332,39.683
Br62_rep4_Dep6_Tu20,17.856,3.843,1.041,1.128,1.907,0.471,2.566,0.000,0.000,9.776,6.513,2.720,52.179
Br62_rep9_Dep6_Tu1,3.008,0.484,1.337,0.000,3.325,2.053,2.841,0.000,0.000,10.568,8.338,3.838,64.206
Br62_rep1_Dep6_Tu0.3,1.341,0.150,1.799,0.000,2.933,2.261,3.629,0.000,0.000,10.474,9.822,3.655,63.936
Br62_rep3_Dep6_Tu5,5.529,1.464,1.137,0.000,3.498,1.634,3.300,0.000,0.000,10.651,6.957,4.146,61.684
Br62_rep9_Dep6_Tu50,39.014,4.167,2.245,3.703,1.453,0.000,1.682,3.191,0.000,5.953,3.616,1.040,33.936
Br62_rep5_Dep6_Tu30,25.001,4.096,1.250,1.490,2.394,0.000,2.480,0.754,0.000,9.595,5.261,2.267,45.413
Br62_rep9_Dep6_Tu0.5,1.767,0.000,1.455,0.000,3.419,2.146,2.982,0.000,0.000,11.559,8.107,3.699,64.866
Br62_rep1_Dep6_Tu20,18.061,2.544,1.258,0.973,2.665,0.602,2.192,0.000,0.000,9.921,6.617,2.347,52.820
Br62_rep4_Dep6_Tu2,3.261,1.534,0.963,0.000,3.313,2.215,2.495,0.000,0.000,10.062,8.551,4.058,63.547
Br62_rep8_Dep6_Tu3,4.044,2.104,1.296,0.000,2.784,1.692,2.627,0.000,0.000,11.438,7.157,3.610,63.249
Br62_rep2_Dep6_Tu5,6.334,2.410,1.140,0.000,2.414,1.587,2.555,0.000,0.000,11.367,6.563,3.492,62.138
Br62_rep2_Dep6_Tu1,2.626,0.504,1.593,0.000,2.446,2.078,3.347,0.000,0.000,11.438,8.723,3.164,64.081
Br62_rep8_Dep6_Tu1,3.015,0.976,1.107,0.000,3.151,2.094,2.837,0.000,0.000,10.477,8.593,3.364,64.387
Br62_rep10_Dep6_Tu0.1,1.714,1.128,1.599,0.000,2.676,2.345,3.540,0.000,0.000,10.011,8.653,3.828,64.506
Br62_rep3_Dep6_Tu40,32.943,5.681,1.163,2.402,1.532,0.000,1.613,1.424,0.000,6.349,3.946,2.953,39.994
Br62_rep8_Dep6_Tu0.3,1.808,0.000,1.395,0.000,3.119,2.053,3.214,0.000,0.000,11.609,7.111,3.405,66.287
Br62_rep4_Dep6_Tu0.5,2.237,1.146,1.132,0.000,2.985,2.224,3.665,0.000,0.000,10.511,8.542,3.552,64.005
Br62_rep6_Dep6_Tu50,38.447,4.646,1.854,3.839,1.100,0.000,1.459,2.294,0.000,8.024,3.208,1.068,34.062
Br62_rep7_Dep6_Tu0.1,1.725,0.304,1.263,0.000,3.281,2.175,3.195,0.000,0.000,11.379,8.049,3.048,65.582
Br62_rep9_Dep6_Tu30,25.280,5.464,0.898,1.730,2.121,0.000,1.859,0.000,0.000,9.769,4.528,2.386,45.964
Br62_rep6_Dep6_Tu20,17.558,2.873,1.538,1.566,1.949,0.493,2.421,1.152,0.000,9.504,5.226,2.982,52.738
Br62_rep5_Dep6_Tu5,5.993,1.674,1.581,0.000,2.524,1.683,3.192,0.000,0.000,11.343,7.586,3.044,61.380
Br62_rep4_Dep6_Tu40,32.007,3.523,1.330,2.564,1.970,0.000,2.479,2.082,0.000,8.993,4.898,1.249,38.906
Br62_rep8_Dep6_Tu0.1,1.654,1.527,1.347,0.000,2.886,1.742,3.408,0.000,0.000,11.524,9.162,3.534,63.216
Br62_rep1_Dep6_Tu40,32.096,5.097,0.870,3.335,1.785,0.000,1.185,2.088,0.000,7.605,4.161,1.719,40.058
Br62_rep3_Dep6_Tu30,25.249,4.918,0.814,1.708,2.667,0.000,2.126,0.000,0.000,10.884,3.747,1.809,46.077
Br62_rep7_Dep6_Tu0.5,2.060,2.027,1.378,0.000,2.683,1.856,3.364,0.000,0.000,10.734,6.548,3.740,65.608
Br62_rep1_Dep6_Tu10,9.721,2.637,1.455,0.000,2.493,1.504,3.405,0.000,0.000,9.704,7.437,3.095,58.547
Br62_rep10_Dep6_Tu20,18.397,3.419,1.253,0.853,2.065,1.056,2.858,0.871,0.000,7.476,7.092,2.929,51.732
Br62_rep1_Dep6_Tu5,5.797,1.931,1.301,0.000,3.125,1.678,2.824,0.000,0.000,10.421,7.530,3.635,61.758
Br62_rep3_Dep6_Tu50,38.799,4.202,2.038,4.059,1.724,0.000,1.885,3.533,0.000,5.689,4.302,0.931,32.838
Br62_rep1_Dep6_Tu3,3.807,0.825,1.567,0.000,2.454,2.035,3.508,0.000,0.000,10.397,8.707,3.475,63.227
Br62_rep7_Dep6_Tu30,25.296,4.646,1.310,1.955,1.603,0.000,1.791,0.668,0.000,9.063,5.304,2.356,46.007
Br62_rep6_Dep6_Tu1,2.179,0.403,1.505,0.000,3.406,1.846,2.750,0.000,0.000,12.428,7.301,3.849,64.332
Br62_rep1_Dep6_Tu0.5,1.976,0.455,1.779,0.000,2.958,1.724,3.898,0.000,0.000,11.097,8.479,3.082,64.554
Br62_rep1_Dep6_Tu0.1,1.795,0.360,1.491,0.000,3.046,1.986,2.736,0.000,0.000,11.543,7.542,3.881,65.620
Br62_rep9_Dep6_Tu3,4.158,1.383,1.423,0.048,2.652,1.863,3.315,0.000,0.000,10.966,7.643,3.719,62.830
Br62_rep5_Dep6_Tu40,31.818,3.802,1.574,2.976,1.979,0.000,1.940,3.738,0.000,5.921,4.359,2.378,39.515
Br62_rep10_Dep6_Tu3,3.990,1.143,1.472,0.000,3.077,1.422,2.735,0.000,0.000,12.052,7.130,3.487,63.491
Br62_rep2_Dep6_Tu0.3,2.026,2.010,1.279,0.000,2.528,1.897,2.834,0.000,0.000,11.596,7.376,3.681,64.773
Br62_rep10_Dep6_Tu40,31.051,6.174,1.087,2.602,2.311,0.000,1.535,2.173,0.000,7.926,4.166,2.118,38.858
Br62_rep3_Dep6_Tu2,2.915,0.571,1.730,0.000,3.245,2.108,4.105,0.000,0.000,9.655,8.491,3.649,63.531
Br62_rep5_Dep6_Tu1,2.771,0.411,1.658,0.000,2.739,2.061,3.144,0.000,0.000,10.754,9.305,3.581,63.574
Br62_rep4_Dep6_Tu1,2.399,1.565,1.464,0.000,2.832,2.187,3.208,0.000,0.000,9.238,9.681,3.742,63.684
Br62_rep10_Dep6_Tu0.5,1.924,1.065,1.514,0.000,2.951,2.189,3.639,0.000,0.000,10.092,8.854,3.696,64.076
Br62_rep5_Dep6_Tu20,18.069,4.517,1.215,0.898,2.732,0.552,2.489,0.000,0.000,7.923,6.453,3.066,52.086
Br62_rep6_Dep6_Tu0.3,1.732,0.155,1.460,0.000,2.649,1.971,3.251,0.000,0.000,11.069,8.474,4.234,65.006
Br62_rep9_Dep6_Tu0.3,1.803,0.000,1.374,0.000,3.023,2.061,3.166,0.000,0.000,11.743,7.228,3.425,66.177
Br62_rep2_Dep6_Tu20,17.815,1.889,1.479,0.731,2.678,0.564,2.929,0.000,0.000,10.265,6.559,2.367,52.723
Br62_rep6_Dep6_Tu0.5,2.358,1.308,1.167,0.000,2.727,2.008,3.910,0.000,0.000,10.122,7.334,3.688,65.376
Br62_rep8_Dep6_Tu10,10.224,2.641,1.073,0.000,2.448,1.525,3.055,0.000,0.000,9.365,7.238,3.690,58.740
Br62_rep2_Dep6_Tu0.1,1.355,0.769,1.515,0.000,3.087,1.980,2.539,0.000,0.000,11.840,8.447,4.295,64.174
Br62_rep5_Dep6_Tu10,10.058,1.086,1.550,0.000,2.918,1.612,2.743,0.000,0.000,10.141,7.622,2.951,59.319
Br62_rep10_Dep6_Tu10,10.259,2.041,1.403,0.117,2.816,1.305,3.465,0.000,0.000,8.552,8.591,3.562,57.889
Br62_rep4_Dep6_Tu10,10.139,2.685,1.349,0.000,2.258,1.591,2.827,0.000,0.000,9.979,8.088,2.866,58.219
Br62_rep3_Dep6_Tu0.1,1.662,1.600,1.183,0.000,3.305,2.095,2.678,0.000,0.000,10.401,9.365,3.932,63.779
Br62_rep2_Dep6_Tu50,39.372,5.363,1.544,2.431,1.964,0.000,1.682,3.078,0.000,6.483,4.125,0.920,33.039
Br62_rep9_Dep6_Tu10,10.281,1.284,1.276,0.742,3.038,1.451,3.150,0.000,0.000,9.486,7.736,3.503,58.054
Br62_rep5_Dep6_Tu0.3,1.806,0.278,1.589,0.000,2.741,2.259,3.434,0.000,0.000,11.501,8.255,3.896,64.241
Br62_rep8_Dep6_Tu50,39.448,5.758,1.297,3.562,1.576,0.000,1.936,3.780,0.463,2.998,3.542,2.040,33.601
Br62_rep4_Dep6_Tu0.3,1.449,0.394,1.372,0.000,2.696,1.946,3.061,0.000,0.000,13.540,6.929,3.582,65.030
Br62_rep7_Dep6_Tu1,2.143,0.000,1.454,0.000,3.875,1.697,3.423,0.000,0.000,11.744,6.883,3.582,65.200
Br62_rep3_Dep6_Tu0.5,1.996,0.107,1.477,0.000,2.606,1.971,3.259,0.000,0.000,11.118,8.356,4.195,64.915
Br62_rep7_Dep6_Tu40,31.959,5.194,1.377,2.595,1.841,0.000,1.271,1.229,0.000,9.032,3.710,2.322,39.471
Br62_rep2_Dep6_Tu3,4.659,0.802,1.418,0.000,2.682,1.901,3.163,0.000,0.000,10.699,8.702,3.303,62.671
Br62_rep2_Dep6_Tu0.5,1.758,0.755,1.398,0.000,3.117,1.891,2.670,0.000,0.000,11.766,7.043,3.744,65.859
Br62_rep1_Dep6_Tu50,39.591,4.501,1.072,3.146,1.786,0.000,1.605,3.370,0.000,5.279,3.655,1.360,34.635
Br62_rep3_Dep6_Tu3,4.100,1.994,0.923,0.000,2.526,1.822,3.269,0.000,0.000,11.954,6.936,3.354,63.121
Br62_rep7_Dep6_Tu3,4.156,2.636,1.165,0.000,2.379,1.881,3.139,0.000,0.000,10.948,7.889,3.106,62.701
Br62_rep3_Dep6_Tu0.3,1.684,1.126,1.558,0.000,2.784,1.805,3.834,0.000,0.000,10.775,6.987,3.702,65.744
Br62_rep8_Dep6_Tu30,24.688,3.158,1.583,2.397,3.066,0.113,2.226,0.000,0.000,8.403,6.394,2.229,45.742
Br62_rep4_Dep6_Tu30,24.132,4.245,1.298,1.924,2.305,0.000,2.127,0.735,0.000,10.280,5.029,2.334,45.589
Br62_rep6_Dep6_Tu3,4.575,1.212,1.109,0.000,2.730,1.970,3.683,0.000,0.000,11.031,7.551,2.780,63.358
Br62_rep4_Dep6_Tu0.1,1.986,0.686,1.361,0.000,2.761,1.997,3.954,0.000,0.000,10.649,8.022,3.435,65.149
Br62_rep8_Dep6_Tu5,6.405,1.362,1.303,0.000,2.331,1.764,3.188,0.000,0.000,10.159,7.930,3.527,62.031
Br62_rep10_Dep6_Tu50,38.808,7.678,1.778,3.503,0.498,0.000,1.252,1.446,0.000,6.833,3.698,1.125,33.381
Br62_rep10_Dep6_Tu0.3,1.825,0.120,1.687,0.000,2.962,2.155,3.347,0.000,0.000,10.832,9.061,3.319,64.692
Br62_rep3_Dep6_Tu20,16.817,2.464,1.247,0.982,2.341,0.834,2.207,0.000,0.000,10.066,6.682,2.616,53.743
Br62_rep1_Dep6_Tu1,2.650,0.679,1.388,0.000,2.730,2.049,3.783,0.000,0.000,10.495,8.429,3.908,63.888
Br62_rep3_Dep6_Tu1,2.185,1.254,1.338,0.000,3.118,2.166,3.172,0.000,0.000,10.071,8.087,4.258,64.353
Br62_rep9_Dep6_Tu2,3.264,1.259,1.221,0.000,2.867,1.873,3.294,0.000,0.000,11.659,7.549,2.982,64.031
Br62_rep7_Dep6_Tu50,38.609,5.421,1.932,3.453,1.680,0.000,1.066,4.977,0.000,5.665,3.784,0.937,32.478
Br62_rep7_Dep6_Tu5,6.011,1.156,1.781,0.000,3.437,1.643,2.692,0.000,0.000,9.887,8.966,2.968,61.458
Br62_rep8_Dep6_Tu2,3.226,0.752,1.178,0.000,3.043,2.168,2.733,0.000,0.000,11.328,9.093,3.895,62.584
Br62_rep5_Dep6_Tu0.1,1.721,0.150,1.451,0.000,3.280,2.109,3.143,0.000,0.000,10.841,8.387,3.695,65.223
Br62_rep6_Dep6_Tu5,5.472,0.887,1.611,0.000,2.804,1.679,3.005,0.000,0.000,10.601,7.933,3.528,62.481
Br62_rep9_Dep6_Tu20,17.382,3.218,1.408,1.048,2.050,0.665,3.187,0.128,0.000,8.677,6.716,2.570,52.951
Br62_rep2_Dep6_Tu30,25.500,3.748,0.974,2.203,2.143,0.000,1.526,0.000,0.000,9.685,4.883,2.750,46.587
Br62_rep7_Dep6_Tu10,9.719,1.858,1.297,0.079,3.109,1.660,2.711,0.000,0.000,10.053,6.916,3.164,59.432
Br62_rep6_Dep6_Tu0.1,2.060,0.000,1.354,0.000,2.670,2.186,3.637,0.000,0.000,12.266,7.364,3.496,64.967
Br62_rep5_Dep6_Tu50,39.036,7.586,1.059,3.321,1.205,0.000,0.577,1.403,0.000,6.158,5.286,0.961,33.406
Br62_rep10_Dep6_Tu1,2.329,1.975,1.358,0.000,2.664,1.821,3.523,0.000,0.000,10.354,8.730,3.762,63.483
Br62_rep1_Dep6_Tu30,24.332,4.320,1.269,2.947,1.986,0.000,2.062,0.040,0.000,7.838,5.548,2.841,46.818
Br62_rep7_Dep6_Tu0.3,2.012,0.551,1.415,0.000,2.790,2.301,3.238,0.000,0.000,10.956,8.120,3.297,65.320
Br62_rep2_Dep6_Tu10,10.205,1.204,1.626,0.287,3.355,1.160,2.671,0.000,0.000,10.710,6.989,2.980,58.813
Br62_rep9_Dep6_Tu0.1,1.617,1.916,1.308,0.000,2.567,2.088,3.706,0.000,0.000,10.632,8.482,3.933,63.752
Br62_rep3_Dep6_Tu10,10.683,1.872,1.234,0.000,2.588,1.343,3.855,0.000,0.000,9.751,7.803,2.803,58.068
Br62_rep4_Dep6_Tu5,5.990,1.852,1.307,0.000,2.335,1.931,3.389,0.000,0.000,10.175,8.295,3.329,61.398
Br62_rep8_Dep6_Tu20,16.824,4.685,0.940,1.989,2.329,0.552,2.124,0.000,0.348,8.727,6.020,2.708,52.752
Br62_rep1_Dep6_Tu2,3.545,0.772,1.376,0.000,3.054,2.060,2.824,0.000,0.000,10.888,7.965,4.069,63.446
Br62_rep10_Dep6_Tu5,5.844,2.350,0.785,0.204,2.994,1.661,2.675,0.000,0.000,10.977,7.014,4.374,61.121
Br62_rep10_Dep6_Tu30,25.012,2.967,1.391,2.344,3.191,0.000,2.082,0.649,0.334,8.850,4.552,2.331,46.297
Br62_rep6_Dep6_Tu2,3.360,0.276,1.647,0.000,2.847,2.003,3.484,0.000,0.000,10.599,8.891,3.238,63.654
Br62_rep4_Dep6_Tu3,4.494,1.613,1.233,0.000,2.737,1.948,2.527,0.000,0.000,10.830,7.799,3.825,62.995
Br66_rep4_Dep6_Tu50,46.062,1.073,1.082,4.060,2.154,1.137,2.154,0.000,0.000,2.193,4.440,2.525,33.120
Br66_rep3_Dep6_Tu0.5,1.889,0.158,1.507,0.000,2.574,2.001,3.202,0.000,0.000,10.943,8.579,4.188,64.959
Br66_rep2_Dep6_Tu3,4.737,0.519,1.451,0.000,2.573,2.151,3.075,0.000,0.000,10.722,8.661,3.088,63.023
Br66_rep6_Dep6_Tu40,36.725,1.200,1.224,3.461,2.229,1.313,0.847,0.000,0.000,6.691,5.552,1.739,39.021
Br66_rep9_Dep6_Tu0.1,1.605,1.874,1.382,0.000,2.510,2.118,3.669,0.000,0.000,10.592,8.622,3.946,63.682
Br66_rep9_Dep6_Tu5,6.740,0.513,1.498,0.000,2.913,1.978,3.342,0.000,0.000,9.775,8.622,3.456,61.163
Br66_rep10_Dep6_Tu1,2.517,1.797,1.107,0.000,2.874,1.829,2.614,0.000,0.000,11.638,7.307,3.906,64.410
Br66_rep6_Dep6_Tu20,20.390,1.106,1.804,0.358,2.310,1.590,2.402,0.000,0.000,8.302,5.280,3.017,53.441
Br66_rep10_Dep6_Tu30,28.625,1.842,1.406,1.428,2.166,1.706,2.456,0.000,0.000,6.496,5.532,2.262,46.080
Br66_rep10_Dep6_Tu5,5.877,0.837,1.190,0.000,3.194,2.079,3.412,0.000,0.000,10.691,7.764,3.035,61.922
Br66_rep7_Dep6_Tu1,2.152,0.000,1.361,0.000,3.835,1.771,3.247,0.000,0.000,11.910,6.822,3.549,65.353
Br66_rep6_Dep6_Tu0.3,1.721,0.070,1.586,0.000,2.558,1.971,3.218,0.000,0.000,11.057,8.421,4.243,65.154
Br66_rep1_Dep6_Tu30,28.510,1.267,1.811,1.814,2.640,1.487,2.385,0.000,0.000,6.088,4.745,3.149,46.104
Br66_rep3_Dep6_Tu1,2.393,1.015,1.314,0.000,3.039,2.190,3.135,0.000,0.000,10.140,8.136,4.253,64.385
Br66_rep3_Dep6_Tu30,28.409,1.521,1.003,2.217,2.807,1.207,2.275,0.000,0.000,7.931,5.011,1.882,45.738
Br66_rep9_Dep6_Tu1,3.205,0.243,1.325,0.000,3.274,2.092,2.987,0.000,0.000,10.470,8.414,3.820,64.170
Br66_rep9_Dep6_Tu40,37.301,1.586,0.787,3.838,2.770,1.222,1.397,0.000,0.000,4.472,4.130,2.791,39.706
Br66_rep5_Dep6_Tu1,2.649,0.508,1.685,0.000,2.710,2.094,3.172,0.000,0.000,10.728,9.382,3.502,63.570
Br66_rep2_Dep6_Tu5,6.156,1.812,1.238,0.000,2.458,1.875,2.831,0.000,0.000,11.032,6.783,3.592,62.223
Br66_rep5_Dep6_Tu30,28.477,1.500,1.117,1.797,2.378,1.224,2.437,0.000,0.000,7.414,6.237,2.448,44.971
Br66_rep7_Dep6_Tu50,45.786,1.122,1.316,3.782,2.210,1.680,1.502,0.000,0.000,2.859,4.649,2.313,32.782
Br66_rep4_Dep6_Tu40,37.024,1.323,1.123,2.524,2.426,1.394,2.205,0.000,0.000,5.732,5.593,1.655,39.001
Br66_rep8_Dep6_Tu5,6.703,1.219,1.106,0.000,2.542,2.010,3.288,0.000,0.000,9.370,8.034,3.473,62.254
Br66_rep9_Dep6_Tu2,3.683,0.795,1.361,0.000,2.862,2.007,3.194,0.000,0.000,11.460,7.884,2.829,63.924
Br66_rep6_Dep6_Tu30,29.007,1.824,1.424,1.156,1.991,2.206,2.447,0.000,0.000,5.217,5.651,3.345,45.730
Br66_rep4_Dep6_Tu0.1,2.044,0.564,1.390,0.000,2.824,2.035,3.991,0.000,0.000,10.588,8.110,3.380,65.074
Br66_rep5_Dep6_Tu10,10.712,1.174,1.308,0.140,2.942,1.981,2.638,0.000,0.000,8.863,7.796,2.963,59.482
Br66_rep3_Dep6_Tu40,37.379,1.924,1.654,2.489,1.580,1.812,1.361,0.000,0.000,4.218,5.551,2.529,39.503
Br66_rep9_Dep6_Tu0.5,1.733,0.000,1.516,0.000,3.434,2.142,2.911,0.000,0.000,11.492,8.229,3.648,64.896
Br66_rep8_Dep6_Tu2,3.391,0.613,1.240,0.000,3.291,2.220,2.813,0.000,0.000,10.964,8.715,3.899,62.853
Br66_rep10_Dep6_Tu2,3.119,1.013,1.722,0.000,3.143,1.942,3.296,0.000,0.000,10.069,7.545,3.621,64.529
Br66_rep6_Dep6_Tu0.1,2.080,0.000,1.335,0.000,2.610,2.188,3.585,0.000,0.000,12.348,7.507,3.435,64.912
Br66_rep5_Dep6_Tu0.5,2.091,0.000,1.337,0.000,3.364,2.182,3.138,0.000,0.000,10.767,7.553,4.045,65.524
Br66_rep2_Dep6_Tu20,19.708,0.575,1.621,0.804,2.726,1.230,2.465,0.000,0.000,8.672,6.611,3.132,52.456
Br66_rep4_Dep6_Tu0.5,2.196,1.079,1.250,0.000,2.904,2.256,3.716,0.000,0.000,10.616,8.640,3.473,63.869
Br66_rep4_Dep6_Tu5,6.617,1.056,1.501,0.000,2.416,2.123,3.565,0.000,0.000,10.064,8.277,3.486,60.894
Br66_rep8_Dep6_Tu0.5,2.070,0.953,1.550,0.000,2.733,1.815,3.838,0.000,0.000,10.785,7.000,3.634,65.622
Br66_rep5_Dep6_Tu20,20.139,2.809,1.215,0.000,2.467,2.237,2.564,0.000,0.000,5.554,7.586,3.479,51.950
Br66_rep1_Dep6_Tu3,4.255,0.288,1.482,0.000,2.370,2.279,3.589,0.000,0.000,10.536,8.903,3.144,63.154
Br66_rep10_Dep6_Tu10,10.959,1.744,1.230,0.000,2.836,1.947,3.173,0.000,0.000,9.440,6.891,3.188,58.593
Br66_rep3_Dep6_Tu10,11.050,1.122,1.471,0.000,2.725,1.955,3.800,0.000,0.000,8.532,7.633,3.217,58.497
Br66_rep10_Dep6_Tu40,37.453,1.465,1.076,3.145,3.055,1.105,2.839,0.000,0.000,3.692,2.897,2.475,40.799
Br66_rep1_Dep6_Tu50,45.129,1.308,0.856,3.609,2.743,1.566,1.593,0.000,0.000,3.832,3.742,2.090,33.531
Br66_rep10_Dep6_Tu0.5,1.561,0.637,1.538,0.000,3.104,2.042,3.447,0.000,0.000,11.751,8.066,3.488,64.365
Br66_rep1_Dep6_Tu0.3,1.347,0.192,1.740,0.000,2.927,2.235,3.530,0.000,0.000,10.479,9.863,3.614,64.071
Br66_rep10_Dep6_Tu0.1,1.845,0.781,1.172,0.000,2.832,2.087,3.326,0.000,0.000,11.338,8.044,3.736,64.838
Br66_rep8_Dep6_Tu40,36.709,0.000,1.830,2.961,2.395,1.616,2.178,0.000,0.000,5.633,4.220,2.535,39.924
Br66_rep3_Dep6_Tu20,19.777,1.418,1.353,0.734,2.284,1.813,2.392,0.000,0.000,7.951,5.822,3.056,53.401
Br66_rep9_Dep6_Tu0.3,1.894,0.000,1.362,0.000,3.001,2.040,3.232,0.000,0.000,11.745,7.075,3.344,66.306
Br66_rep7_Dep6_Tu0.3,2.033,0.449,1.443,0.000,2.720,2.321,3.186,0.000,0.000,11.056,8.169,3.249,65.373
Br66_rep5_Dep6_Tu2,3.229,0.594,1.587,0.000,2.520,1.980,3.121,0.000,0.000,12.018,7.546,3.176,64.228
Br66_rep5_Dep6_Tu0.3,1.862,0.252,1.648,0.000,2.666,2.294,3.523,0.000,0.000,11.169,8.343,3.881,64.362
Br66_rep6_Dep6_Tu5,6.088,0.441,1.461,0.000,2.741,1.934,2.894,0.000,0.000,10.595,7.970,3.559,62.317
Br66_rep5_Dep6_Tu3,4.058,0.597,1.539,0.000,2.731,2.062,2.798,0.000,0.000,11.624,7.264,3.734,63.594
Br66_rep1_Dep6_Tu5,6.027,0.941,1.307,0.000,2.928,2.028,3.302,0.000,0.000,9.990,7.496,3.771,62.209
Br66_rep6_Dep6_Tu10,10.200,2.056,1.114,0.037,2.296,2.168,2.671,0.000,0.000,9.847,7.384,3.401,58.825
Br66_rep3_Dep6_Tu5,6.780,1.013,1.260,0.000,3.351,1.662,3.194,0.000,0.000,10.355,7.022,4.126,61.235
Br66_rep1_Dep6_Tu1,2.785,0.571,1.427,0.000,2.628,2.034,3.740,0.000,0.000,10.298,8.454,3.853,64.211
Br66_rep4_Dep6_Tu30,28.192,0.897,1.264,2.137,2.794,0.993,1.809,0.000,0.000,8.496,5.331,2.688,45.401
Br66_rep8_Dep6_Tu20,19.652,1.844,1.062,1.494,2.501,1.600,2.127,0.000,0.000,8.015,6.108,2.988,52.609
Br66_rep4_Dep6_Tu10,10.823,1.136,1.574,0.000,2.606,2.181,3.046,0.000,0.000,9.489,8.781,2.279,58.085
Br66_rep2_Dep6_Tu1,2.300,0.748,1.549,0.000,2.494,2.174,3.387,0.000,0.000,11.158,8.760,3.174,64.254
Br66_rep6_Dep6_Tu2,3.321,0.609,1.601,0.000,2.733,2.151,3.210,0.000,0.000,10.451,8.966,3.340,63.617
Br66_rep6_Dep6_Tu0.5,2.584,1.023,1.266,0.000,2.657,2.020,3.918,0.000,0.000,10.188,7.561,3.633,65.150
Br66_rep5_Dep6_Tu0.1,1.827,0.055,1.454,0.000,3.252,2.100,3.186,0.000,0.000,10.863,8.486,3.597,65.180
Br66_rep2_Dep6_Tu2,3.675,0.336,1.395,0.000,3.122,2.211,3.426,0.000,0.000,10.685,9.087,3.187,62.876
Br66_rep10_Dep6_Tu50,44.772,1.971,1.389,3.847,2.398,1.471,1.418,0.000,0.000,4.503,3.676,1.336,33.219
Br66_rep7_Dep6_Tu3,4.392,1.580,1.388,0.000,2.587,2.158,3.339,0.000,0.000,10.673,8.172,3.030,62.681
Br66_rep7_Dep6_Tu10,11.175,0.378,1.353,0.230,2.780,2.119,2.995,0.000,0.000,9.983,7.204,2.862,58.920
Br66_rep2_Dep6_Tu0.5,1.871,0.521,1.394,0.000,3.147,1.888,2.662,0.000,0.000,11.903,7.086,3.731,65.796
Br66_rep5_Dep6_Tu50,45.664,1.377,0.883,4.677,2.456,1.187,1.014,0.000,0.000,2.965,4.120,1.922,33.737
Br66_rep9_Dep6_Tu20,20.370,0.036,1.393,1.201,2.459,1.529,3.225,0.000,0.000,8.058,6.395,2.947,52.387
Br66_rep8_Dep6_Tu3,4.415,1.605,1.199,0.000,2.726,1.870,2.701,0.000,0.000,11.111,7.569,3.793,63.011
Br66_rep9_Dep6_Tu10,10.613,0.602,1.356,0.213,3.290,1.948,3.179,0.000,0.000,9.225,7.583,3.537,58.456
Br66_rep7_Dep6_Tu2,3.641,0.223,1.581,0.000,2.568,1.867,3.143,0.000,0.000,11.023,8.123,3.559,64.272
Br66_rep6_Dep6_Tu3,4.875,1.064,1.148,0.000,2.600,2.140,3.596,0.000,0.000,10.409,7.488,2.991,63.691
Br66_rep1_Dep6_Tu0.5,1.966,0.296,1.855,0.000,3.057,1.751,3.864,0.000,0.000,11.060,8.319,3.144,64.688
Br66_rep2_Dep6_Tu40,37.411,3.667,0.979,2.179,1.912,1.982,1.600,0.000,0.000,2.087,4.517,2.929,40.737
Br66_rep1_Dep6_Tu2,3.665,0.591,1.309,0.000,3.216,2.162,2.821,0.000,0.000,10.391,7.817,4.179,63.849
Br66_rep8_Dep6_Tu1,3.044,0.872,1.155,0.000,3.069,2.165,2.774,0.000,0.000,10.229,9.029,3.379,64.283
Br66_rep4_Dep6_Tu3,4.811,0.965,1.305,0.000,2.826,2.130,2.384,0.000,0.000,10.606,7.735,4.218,63.021
Br66_rep7_Dep6_Tu40,36.953,1.580,1.346,2.157,2.517,1.648,1.755,0.000,0.000,6.114,4.312,2.572,39.047
Br66_rep7_Dep6_Tu0.5,2.247,1.704,1.462,0.000,2.681,1.867,3.505,0.000,0.000,10.601,6.576,3.784,65.572
Br66_rep2_Dep6_Tu30,27.689,1.272,0.754,2.421,2.472,1.516,2.199,0.000,0.000,7.783,4.351,2.936,46.604
Br66_rep2_Dep6_Tu0.1,1.310,0.657,1.560,0.000,3.049,1.991,2.557,0.000,0.000,11.923,8.491,4.339,64.122
Br66_rep7_Dep6_Tu0.1,1.753,0.331,1.247,0.000,3.235,2.196,3.106,0.000,0.000,11.348,8.312,3.001,65.470
Br66_rep1_Dep6_Tu40,37.043,1.608,0.831,3.270,2.110,1.527,1.556,0.000,0.000,5.482,3.342,2.405,40.828
Br66_rep7_Dep6_Tu5,6.612,0.000,1.889,0.000,3.168,2.077,2.960,0.000,0.000,9.548,9.318,2.983,61.444
Br66_rep4_Dep6_Tu1,2.650,1.471,1.442,0.000,2.717,2.214,3.206,0.000,0.000,9.212,9.637,3.704,63.747
Br66_rep8_Dep6_Tu0.1,1.735,1.583,1.366,0.000,2.776,1.737,3.373,0.000,0.000,11.511,9.240,3.533,63.146
Br66_rep4_Dep6_Tu2,3.519,1.279,0.992,0.000,3.348,2.374,2.700,0.000,0.000,9.288,8.660,4.223,63.616
Br66_rep1_Dep6_Tu0.1,1.809,0.400,1.477,0.000,3.008,1.985,2.724,0.000,0.000,11.540,7.677,3.785,65.596
Br66_rep2_Dep6_Tu10,10.641,1.154,1.579,0.295,3.315,1.693,2.961,0.000,0.000,9.753,6.669,3.426,58.513
Br66_rep4_Dep6_Tu20,20.063,2.192,1.168,0.528,2.338,1.648,2.679,0.000,0.000,8.496,5.210,3.281,52.395
Br66_rep4_Dep6_Tu0.3,1.540,0.397,1.297,0.000,2.756,1.965,3.038,0.000,0.000,13.671,6.966,3.487,64.882
Br66_rep10_Dep6_Tu3,4.762,1.178,1.266,0.000,2.907,2.141,3.488,0.000,0.000,10.394,6.870,3.140,63.855
Br66_rep1_Dep6_Tu20,20.287,0.800,1.248,0.425,2.440,1.685,2.194,0.000,0.000,8.636,6.866,3.145,52.274
Br66_rep6_Dep6_Tu1,2.274,0.337,1.484,0.000,3.255,1.958,2.751,0.000,0.000,12.196,7.527,3.786,64.432
Br66_rep6_Dep6_Tu50,44.781,0.418,1.671,4.071,1.646,1.872,1.079,0.000,0.000,5.388,3.010,1.984,34.080
Br66_rep9_Dep6_Tu3,4.282,0.669,1.522,0.022,2.676,1.953,3.489,0.000,0.000,11.248,7.558,3.606,62.976
Br66_rep3_Dep6_Tu50,45.031,2.207,1.662,3.334,1.864,1.682,1.435,0.000,0.000,3.800,5.023,1.075,32.886
Br66_rep8_Dep6_Tu30,28.310,1.346,1.119,1.450,2.926,1.773,2.460,0.000,0.000,5.905,5.521,2.553,46.637
Br66_rep7_Dep6_Tu20,19.981,0.568,1.382,0.806,2.938,1.701,2.041,0.000,0.000,8.536,6.644,3.029,52.374
Br66_rep3_Dep6_Tu2,3.534,0.494,1.610,0.000,3.206,2.120,3.864,0.000,0.000,9.450,8.562,3.526,63.635
Br66_rep8_Dep6_Tu50,46.113,3.003,1.196,3.373,1.360,1.652,2.612,0.000,0.000,1.427,3.694,2.558,33.013
Br66_rep3_Dep6_Tu3,4.279,1.052,1.168,0.000,2.613,2.045,3.277,0.000,0.000,11.588,7.220,3.309,63.449
Br66_rep3_Dep6_Tu0.3,1.899,1.129,1.544,0.000,2.667,1.794,3.793,0.000,0.000,10.830,7.039,3.591,65.713
Br66_rep8_Dep6_Tu0.3,1.851,0.000,1.341,0.000,3.008,2.051,3.233,0.000,0.000,11.761,7.235,3.368,66.152
Br66_rep3_Dep6_Tu0.1,1.674,1.569,1.194,0.000,3.285,2.098,2.702,0.000,0.000,10.371,9.414,3.910,63.785
Br66_rep10_Dep6_Tu0.3,2.003,0.837,1.358,0.000,2.719,1.877,3.077,0.000,0.000,11.645,7.414,3.741,65.329
Br66_rep2_Dep6_Tu50,45.463,1.384,1.583,3.835,1.750,1.411,1.162,0.000,0.000,4.134,4.306,1.692,33.282
Br66_rep5_Dep6_Tu5,6.705,1.685,1.573,0.000,2.258,2.084,3.016,0.000,0.000,9.672,7.606,3.252,62.148
Br66_rep10_Dep6_Tu20,19.683,2.103,1.146,0.403,2.290,1.960,2.354,0.000,0.000,8.210,6.852,3.124,51.875
Br66_rep7_Dep6_Tu30,28.333,0.704,1.545,1.504,2.424,1.735,2.356,0.000,0.000,7.160,5.028,2.913,46.299
Br66_rep9_Dep6_Tu30,28.677,1.328,1.310,1.669,2.802,1.319,1.734,0.000,0.000,7.255,5.098,3.011,45.798
Br66_rep5_Dep6_Tu40,38.226,0.853,1.022,1.687,2.242,1.705,2.963,0.000,0.000,4.933,4.543,2.668,39.161
Br66_rep8_Dep6_Tu10,11.027,1.793,1.170,0.000,2.187,2.294,3.159,0.000,0.000,8.477,8.075,3.610,58.208
Br66_rep9_Dep6_Tu50,45.411,1.360,1.574,4.181,2.188,1.590,1.463,0.000,0.000,2.973,3.275,1.985,34.000
Br66_rep2_Dep6_Tu0.3,2.138,1.983,1.262,0.000,2.331,1.892,2.807,0.000,0.000,11.627,7.448,3.685,64.826
Br66_rep1_Dep6_Tu10,10.491,1.933,1.413,0.213,2.342,2.017,3.215,0.000,0.000,8.426,7.942,3.339,58.669
Cer77_rep9_Dep6_Tu3,1.727,2.052,1.888,1.687,3.142,1.263,3.358,0.000,0.000,11.856,7.679,3.935,61.414
Cer77_rep5_Dep6_Tu30,3.342,10.541,4.948,9.062,5.968,0.000,2.994,14.402,0.000,3.372,4.961,2.075,38.335
Cer77_rep3_Dep6_Tu30,3.140,12.583,4.806,9.094,6.182,0.000,2.721,12.638,0.000,4.379,4.460,0.772,39.224
Cer77_rep8_Dep6_Tu50,4.258,15.763,6.573,12.710,6.607,0.000,2.256,22.945,0.000,0.000,3.178,0.673,25.036
Cer77_rep1_Dep6_Tu1,1.922,1.683,1.383,0.000,2.681,1.989,3.717,0.000,0.000,10.504,8.480,4.177,63.464
Cer77_rep7_Dep6_Tu3,2.081,3.779,1.676,0.434,2.926,1.822,3.298,0.000,0.000,10.970,8.026,3.362,61.627
Cer77_rep10_Dep6_Tu2,1.506,1.806,1.920,0.199,3.646,1.894,3.515,0.000,0.000,10.090,7.836,3.634,63.955
Cer77_rep2_Dep6_Tu0.5,1.428,0.758,1.442,0.000,3.190,1.864,2.726,0.000,0.000,12.124,7.089,3.815,65.565
Cer77_rep3_Dep6_Tu20,2.777,8.314,3.849,6.966,5.489,0.000,2.893,7.755,0.000,7.048,5.545,2.395,46.969
Cer77_rep1_Dep6_Tu2,1.930,2.027,1.599,0.040,3.308,2.126,2.981,0.000,0.000,10.874,7.906,4.216,62.993
Cer77_rep2_Dep6_Tu5,2.176,5.047,1.711,1.969,3.119,1.097,2.812,0.096,0.000,11.135,7.091,3.456,60.291
Cer77_rep5_Dep6_Tu0.5,1.619,0.176,1.478,0.000,3.352,2.239,3.149,0.000,0.000,10.931,7.678,3.997,65.381
Cer77_rep2_Dep6_Tu50,3.281,16.676,6.938,12.424,7.935,0.000,0.987,22.491,0.000,0.000,4.250,0.436,24.582
Cer77_rep9_Dep6_Tu0.5,1.356,0.087,1.665,0.000,3.454,2.130,2.968,0.000,0.000,11.801,8.255,3.595,64.688
Cer77_rep4_Dep6_Tu10,3.064,4.951,2.950,3.436,3.992,1.205,2.909,2.547,0.000,9.002,9.024,2.515,54.406
Cer77_rep9_Dep6_Tu20,2.537,7.116,4.001,7.158,5.555,0.084,3.537,9.499,0.000,6.036,5.011,2.197,47.270
Cer77_rep3_Dep6_Tu10,2.908,6.052,2.633,2.724,3.971,1.115,4.007,3.415,0.000,8.255,6.939,2.847,55.133
Cer77_rep6_Dep6_Tu5,2.207,3.367,2.285,0.787,3.432,1.487,3.358,0.278,0.000,10.969,7.923,3.414,60.493
Cer77_rep5_Dep6_Tu1,1.870,0.990,1.776,0.000,2.907,2.064,3.203,0.000,0.000,10.962,9.427,3.546,63.255
Cer77_rep5_Dep6_Tu0.3,1.631,0.483,1.642,0.000,2.692,2.279,3.532,0.000,0.000,11.187,8.310,3.877,64.368
Cer77_rep4_Dep6_Tu50,4.002,15.178,6.780,12.486,7.733,0.000,2.111,23.053,0.000,0.000,3.858,0.114,24.686
Cer77_rep6_Dep6_Tu0.3,1.637,0.259,1.634,0.000,2.574,1.961,3.210,0.000,0.000,11.050,8.472,4.277,64.925
Cer77_rep4_Dep6_Tu40,3.283,14.462,5.589,11.287,7.554,0.000,1.986,19.427,0.000,0.323,4.383,0.475,31.233
Cer77_rep10_Dep6_Tu5,2.176,4.367,1.930,1.058,3.730,1.463,3.770,0.356,0.000,10.748,7.939,2.874,59.590
Cer77_rep3_Dep6_Tu1,1.520,1.656,1.453,0.000,3.284,2.200,3.311,0.000,0.000,10.099,8.246,4.341,63.890
Cer77_rep8_Dep6_Tu40,3.704,11.426,6.174,11.729,7.885,0.000,2.153,20.716,0.000,0.000,4.108,0.545,31.561
Cer77_rep7_Dep6_Tu0.3,1.886,0.510,1.494,0.000,2.777,2.289,3.249,0.000,0.000,11.108,8.181,3.218,65.288
Cer77_rep3_Dep6_Tu0.1,1.621,1.774,1.188,0.000,3.246,2.077,2.689,0.000,0.000,10.352,9.410,3.914,63.730
Cer77_rep4_Dep6_Tu0.3,1.311,0.527,1.412,0.000,2.798,1.937,3.179,0.000,0.000,13.512,7.028,3.449,64.847
Cer77_rep6_Dep6_Tu2,1.770,1.906,1.796,0.000,2.993,2.012,3.360,0.000,0.000,10.788,9.013,3.381,62.982
Cer77_rep6_Dep6_Tu20,2.771,9.942,4.221,6.753,4.929,0.000,2.581,9.672,0.000,5.464,3.841,1.903,47.923
Cer77_rep9_Dep6_Tu40,3.548,12.866,5.914,12.194,6.722,0.000,1.854,19.737,0.000,0.000,4.015,0.968,32.183
Cer77_rep6_Dep6_Tu40,3.588,13.319,6.221,11.383,6.672,0.000,2.121,18.636,0.000,0.698,3.495,0.681,33.186
Cer77_rep8_Dep6_Tu5,2.661,3.550,2.124,0.196,3.019,1.957,3.852,0.403,0.000,9.607,8.648,3.677,60.306
Cer77_rep5_Dep6_Tu50,4.530,15.827,6.627,12.709,7.245,0.000,1.398,21.991,0.000,0.000,3.761,0.076,25.836
Cer77_rep1_Dep6_Tu30,3.170,11.743,5.255,10.662,5.480,0.000,2.210,14.836,0.000,1.761,4.319,1.631,38.934
Cer77_rep2_Dep6_Tu20,2.767,8.646,3.902,6.345,4.822,0.000,3.311,8.945,0.000,6.822,5.767,2.020,46.653
Cer77_rep4_Dep6_Tu0.5,1.903,1.156,1.331,0.000,2.986,2.236,3.678,0.000,0.000,10.802,8.634,3.496,63.777
