Sample,BRCA,CEAD,CESC,COAD,OV,READ,bcell,cd4tcell,cd8tcell,erythroblast,monocyte,naturalkillercell,neutrophil
Breast-GC1002975,0.273,37.868,3.375,0.001,3.541,1.073,1.753,1.033,3.519,5.605,13.180,3.623,25.155
Breast-GC1002976,2.586,29.350,7.373,0.004,6.431,5.193,3.830,4.080,1.473,3.130,5.631,4.432,26.487
Breast-GC1002977,0.055,20.148,1.068,0.000,1.466,0.343,7.993,0.127,0.344,0.372,4.082,15.135,48.868
Breast-GC1002978,1.884,37.681,3.318,0.001,5.874,1.453,1.747,3.295,2.204,2.769,19.123,3.423,17.226
Breast-GC1002979,4.355,24.868,2.711,0.625,3.499,0.741,1.974,3.548,4.954,3.354,8.678,2.029,38.665
Breast-GC1002980,0.012,42.615,1.395,0.000,2.543,0.038,1.240,5.244,7.197,5.075,12.588,1.972,20.080
Breast-GC1002981,0.193,32.998,3.167,0.000,3.128,1.195,1.468,2.186,3.795,5.823,15.279,2.225,28.542
Breast-GC1003967,0.141,41.593,3.506,0.011,4.581,1.485,1.650,1.662,3.402,7.570,14.917,3.353,16.128
Breast-GC1003968,1.501,36.299,5.550,0.318,5.582,3.004,2.162,3.708,4.322,5.545,8.176,3.215,20.619
Breast-GC1003970,1.317,21.154,3.103,0.003,3.793,1.881,2.377,1.876,3.075,4.906,29.648,3.365,23.501
Breast-GC1003971,0.605,36.322,4.012,0.341,4.245,2.173,1.878,7.378,0.041,7.836,18.278,7.869,9.021
Breast-GC1003972,1.153,42.233,3.952,0.776,4.361,1.569,1.337,5.475,0.527,6.043,18.860,4.438,9.275
Breast-GC1003974,0.487,28.570,3.465,0.963,3.219,1.676,2.026,1.377,1.996,1.169,11.324,3.392,40.336
Breast-GC1002311,0.107,41.072,1.964,0.000,2.853,0.701,1.219,4.740,3.336,7.543,15.846,2.383,18.236
Breast-GC1004006,0.039,33.912,4.064,0.000,4.131,1.171,3.001,2.345,3.398,5.825,13.303,4.478,24.333
Breast-GC1004007,0.840,45.965,4.445,0.013,4.830,2.050,2.096,0.908,6.124,8.537,12.117,3.390,8.686
Breast-GC1004008,0.083,31.525,2.483,0.172,2.942,0.642,2.836,0.340,8.111,5.899,5.523,0.531,38.913
Breast-GC1004009,1.198,27.922,4.793,0.043,5.814,2.507,1.283,2.993,0.967,1.052,9.927,1.524,39.978
Breast-GC110693,0.444,26.040,6.563,0.029,6.733,3.546,3.129,0.104,1.791,1.941,7.813,3.712,38.155
Breast-GC110694,0.411,36.416,2.929,0.001,3.602,1.279,2.091,0.301,7.565,4.892,14.130,2.759,23.624
Breast-GC110695,0.931,43.261,5.880,0.000,6.876,3.540,3.075,1.691,1.347,5.477,9.308,5.968,12.647
Breast-GC110696,0.059,38.039,3.002,0.000,3.961,1.069,4.607,1.021,6.919,7.267,11.508,3.982,18.564
Breast-GC116960,0.527,30.293,4.227,0.177,4.493,2.018,4.025,3.282,4.099,3.986,18.469,4.528,19.877
Breast-GC116963,0.007,25.290,1.933,0.034,2.239,0.147,1.001,4.103,0.693,1.129,6.368,1.548,55.509
Breast-GC116964,0.275,39.242,7.459,0.000,8.984,5.081,3.452,0.025,0.090,4.087,14.188,6.775,10.342
Breast-GC116965,0.398,51.751,3.122,0.000,4.923,1.253,1.181,4.395,6.544,9.575,9.160,3.705,3.993
Breast-GC116966,0.044,51.205,1.996,0.000,2.660,0.108,1.703,2.676,6.327,7.783,18.264,3.669,3.564
Breast-GC116967,0.389,39.193,6.053,0.000,6.611,3.396,2.432,1.258,2.496,2.477,14.673,5.830,15.191
Breast-GC116968,0.390,34.889,3.020,0.041,2.756,0.793,1.168,3.637,1.921,4.468,6.534,2.168,38.215
Breast-GC116969,0.064,28.933,2.694,0.000,3.267,0.492,1.762,2.927,0.905,4.034,7.829,2.639,44.454
Breast-GC116970,0.366,31.817,3.913,0.187,4.132,1.764,1.820,4.201,3.672,3.353,12.456,2.489,29.830
Breast-GC116971,0.373,38.657,3.302,0.093,3.207,0.657,3.204,5.077,7.715,6.483,12.274,3.331,15.627
Breast-GC110676,0.087,41.218,3.499,0.312,4.184,1.058,2.874,2.273,2.307,5.156,10.029,3.846,23.157
Breast-GC110678,1.050,27.503,4.760,0.900,4.727,2.443,2.533,7.267,3.194,0.081,23.239,4.479,17.825
Breast-GC110679,12.633,32.247,4.854,1.145,4.680,1.875,2.434,2.618,3.272,4.527,10.154,2.898,16.664
Breast-GC110680,0.079,36.841,4.420,0.000,5.402,2.125,1.689,0.621,2.986,6.398,9.495,1.999,27.945
Breast-GC110681,7.863,30.295,11.338,0.000,19.815,14.113,0.266,0.001,0.018,1.246,0.493,2.402,12.150
Breast-GC110682,0.433,28.479,6.749,0.000,8.191,4.109,4.847,0.219,2.563,2.005,10.606,5.425,26.374
Breast-GC110683,1.026,35.881,8.331,0.000,9.112,5.497,3.587,0.028,0.433,4.024,6.744,6.596,18.739
Breast-GC110684,0.187,27.663,5.382,0.055,5.309,2.785,3.697,1.047,1.255,4.585,12.772,3.920,31.343
Breast-GC110685,0.766,27.554,3.979,0.003,4.515,2.060,4.174,3.271,11.444,7.562,18.146,5.895,10.632
Ovarian-GC110686,0.003,46.744,0.126,0.086,0.963,0.000,1.392,10.826,10.712,7.911,12.578,1.775,6.884
Ovarian-GC114179,0.146,37.528,1.743,0.311,4.380,0.661,1.793,11.773,2.607,5.776,17.736,2.987,12.560
Ovarian-GC114180,0.096,37.977,0.523,0.637,0.897,0.002,2.373,16.397,2.927,6.973,17.036,3.362,10.801
Ovarian-GC114181,4.762,31.756,3.240,0.969,4.314,1.039,1.231,11.222,6.727,11.512,9.006,1.637,12.584
Ovarian-GC114182,4.168,4.084,7.881,0.005,43.588,9.542,0.281,0.251,0.493,3.855,5.483,1.471,18.899
Ovarian-GC116977,0.424,40.928,4.174,0.072,5.539,2.085,2.241,2.015,2.549,7.184,13.324,5.130,14.336
Ovarian-GC116979,1.056,21.832,1.907,0.786,17.723,0.152,1.526,8.860,5.196,3.975,12.375,1.110,23.503
Ovarian-GC116982,0.684,23.155,3.305,0.001,16.816,1.731,1.226,8.482,5.612,7.816,10.234,6.134,14.804
Ovarian-GC116990,0.826,27.724,5.246,0.085,5.046,2.223,2.362,2.825,3.532,1.808,14.984,3.743,29.596
Ovarian-GC119363,1.041,33.809,1.362,0.648,11.917,0.539,1.511,1.471,15.555,10.766,9.742,1.236,10.405
Ovarian-GC119364,0.151,28.831,3.069,0.046,3.229,1.076,3.035,4.941,7.310,1.763,18.721,3.114,24.714
Ovarian-GC119365,0.732,0.000,0.020,0.023,92.420,2.640,0.572,0.964,1.319,1.203,0.021,0.086,0.000
Ovarian-GC119366,3.096,38.236,1.608,1.388,2.755,1.010,1.169,15.802,9.817,13.421,10.226,0.815,0.659
Colorectal-GC121326,0.357,30.361,3.714,0.042,4.823,2.125,1.526,3.724,4.088,16.735,1.895,1.007,29.603
Colorectal-GC121327,1.843,32.661,1.584,15.038,0.299,0.000,0.908,24.028,2.933,1.484,13.413,0.891,4.919
Colorectal-GC121328,0.392,34.188,4.140,0.002,5.014,2.901,2.115,1.429,1.242,37.151,7.052,3.788,0.586
Colorectal-GC121329,0.210,17.762,3.631,0.163,6.391,22.889,1.573,20.431,1.882,14.731,8.745,1.150,0.444
Colorectal-GC121330,8.107,32.983,8.139,0.436,6.387,7.031,0.481,5.555,3.457,6.870,5.596,1.222,13.736
Colorectal-GC1003994,0.055,38.718,0.872,0.345,2.586,0.010,1.114,8.408,7.890,10.864,12.937,0.984,15.219
Colorectal-GC1003995,0.663,23.534,4.558,21.493,4.950,12.617,3.422,4.257,4.515,0.050,9.158,0.786,9.997
Colorectal-GC1003996,0.658,29.942,3.831,2.144,2.979,1.078,3.090,2.178,3.938,4.185,11.352,3.071,31.554
Colorectal-GC1003997,0.136,39.659,0.706,0.099,0.857,0.000,0.759,8.959,7.929,6.304,14.314,1.990,18.286
Colorectal-GC1003998,0.384,35.343,3.323,2.053,4.314,1.961,2.523,5.764,2.265,7.883,12.871,5.595,15.722
Colorectal-GC1003999,4.997,42.871,5.741,0.007,4.431,4.610,0.419,12.219,5.329,6.201,6.003,1.548,5.624
Colorectal-GC1004000,1.303,17.723,8.162,3.358,9.375,38.318,0.992,2.284,2.033,0.901,0.456,2.380,12.716
Colorectal-GC1004001,0.116,34.284,2.261,0.170,1.907,0.234,1.568,6.156,2.143,6.459,11.809,3.557,29.335
Colorectal-GC1004002,0.365,37.814,2.292,0.859,2.689,1.162,2.562,4.585,5.242,11.267,7.684,3.639,19.840
Colorectal-GC1004003,1.899,36.164,3.677,0.277,6.042,2.753,1.557,2.376,5.312,13.062,14.797,2.717,9.366
Colorectal-GC137538,1.727,26.792,8.939,0.001,7.340,4.968,6.088,0.998,3.095,4.549,13.013,9.407,13.082
Colorectal-GC137539,0.883,23.683,3.958,0.188,3.801,2.329,2.554,8.630,1.938,5.592,20.418,2.636,23.391
Colorectal-GC137540,0.015,46.294,1.227,0.002,1.903,0.008,0.794,4.699,7.144,10.917,11.794,2.017,13.186
Colorectal-GC137541,0.467,31.022,4.543,0.000,4.941,2.448,2.244,4.244,1.236,12.476,7.621,4.753,24.006
Colorectal-GC137542,0.009,40.790,1.218,0.102,2.156,0.027,1.328,8.897,4.488,9.319,10.281,3.228,18.154
Colorectal-GC137543,0.501,38.245,3.682,0.110,5.030,5.906,3.040,4.972,4.323,7.483,12.038,3.330,11.340
Colorectal-GC137544,0.061,39.525,1.712,0.009,2.945,0.308,2.963,0.576,7.991,9.516,11.352,2.682,20.360
Colorectal-GC137545,0.027,45.845,2.072,0.000,2.775,0.206,1.228,10.008,5.261,11.045,15.219,2.140,4.175
Colorectal-GC137546,0.069,35.342,1.874,0.017,2.417,0.447,1.768,9.857,1.047,6.209,12.066,3.777,25.109
Colorectal-GC137547,0.542,36.148,3.374,0.005,4.002,1.246,1.702,3.740,5.289,6.087,21.032,3.509,13.325
Colorectal-GC137548,0.021,31.046,2.769,0.003,3.493,0.734,2.042,2.921,0.327,0.752,3.385,6.839,45.670
Colorectal-GC137549,0.075,24.814,3.570,0.000,5.084,16.532,2.996,5.888,3.270,6.690,7.563,3.975,19.543
Colorectal-GC137550,0.910,30.809,4.323,0.000,4.181,2.329,7.169,2.248,1.925,4.144,7.032,9.460,25.470
Colorectal-GC137551,0.046,28.411,4.838,0.000,4.704,2.603,3.226,0.024,0.321,1.051,16.829,3.747,34.199
Colorectal-GC137552,0.080,42.888,4.077,0.002,6.677,1.643,2.274,0.932,1.178,6.949,11.514,4.709,17.077
Colorectal-GC137553,1.505,25.276,8.455,0.117,7.717,5.867,18.097,0.255,0.853,7.159,9.558,7.735,7.406
Colorectal-GC137554,1.730,33.878,6.579,0.003,7.094,5.691,3.681,1.336,2.431,9.429,10.696,4.559,12.894
Colorectal-GC137555,0.002,41.149,2.670,0.000,3.107,0.732,2.278,2.369,4.361,5.768,13.922,4.075,19.567
Colorectal-GC137556,0.214,37.579,3.792,0.000,3.944,1.412,2.109,1.545,1.144,8.875,10.878,5.036,23.472
Colorectal-GC137557,0.008,28.547,1.439,0.397,2.686,0.327,1.552,3.034,3.346,1.702,11.923,1.508,43.531
Cervical-GC1002983,0.666,22.800,8.211,0.000,7.771,4.600,2.333,0.977,0.738,2.273,11.714,3.147,34.768
Cervical-GC1002984,0.059,35.796,3.656,0.194,4.790,0.731,1.565,0.043,6.283,7.045,25.124,2.225,12.491
Cervical-GC114187,0.237,38.030,6.639,0.000,9.624,3.629,3.521,0.917,0.812,5.494,13.930,6.697,10.470
Cervical-GC114188,0.421,32.838,4.457,0.096,7.213,1.391,1.952,7.664,0.448,6.953,15.770,3.718,17.080
Control-GC1003986,0.172,23.491,4.700,0.005,4.039,2.048,2.690,1.841,2.687,1.482,7.865,3.696,45.283
Control-GC1003988,0.022,40.004,2.871,0.000,4.167,1.190,1.844,3.086,3.008,3.983,12.531,3.824,23.470
Control-GC110675,0.036,22.271,2.821,0.211,2.741,0.212,1.036,0.833,3.227,2.531,7.480,1.087,55.515
Control-GC112864,0.093,33.951,5.301,0.000,5.812,1.615,2.950,0.386,1.157,4.712,11.172,4.106,28.744
Control-GC112894,3.605,35.035,10.278,0.022,10.140,7.061,3.496,0.324,1.238,3.123,5.759,4.956,14.964
Control-GC112895,0.823,32.314,6.644,0.001,7.026,4.472,7.103,0.854,3.696,5.831,6.880,3.350,21.004
Control-GC112897,0.981,33.591,7.343,0.006,7.387,3.907,3.758,0.557,0.748,1.780,5.445,4.897,29.599
Control-GC119350,0.019,44.018,3.412,0.000,4.825,1.079,2.837,0.085,2.430,7.517,10.701,4.792,18.285
Control-GC119351,0.083,33.146,2.805,0.014,3.806,1.083,2.620,0.499,1.646,6.348,7.774,3.476,36.699
Control-GC119352,0.107,41.030,2.349,0.007,3.233,0.956,1.420,2.976,7.289,8.101,13.920,2.198,16.414
Control-GC119353,1.199,37.606,6.207,0.000,6.626,3.704,2.422,3.213,3.587,5.385,15.497,5.207,9.347
Control-GC119354,0.402,39.822,3.359,0.011,5.045,1.314,3.546,6.559,0.569,8.071,15.053,5.135,11.116
Control-GC119356,0.043,31.423,3.120,0.013,4.554,0.831,1.739,0.540,4.662,3.287,10.209,2.969,36.608
Control-GRP-GC114128,0.338,49.771,4.052,0.001,3.828,0.457,2.358,3.202,3.719,7.400,11.975,3.378,9.522
Control-GRP-GC114130,0.163,38.513,0.305,0.008,0.606,0.001,0.575,18.493,5.653,4.753,17.230,1.362,12.337
Control-GRP-GC114131,0.194,41.639,3.452,0.336,3.866,1.060,2.263,4.327,2.693,6.110,7.161,4.023,22.877
Control-GRP-GC114132,0.829,28.941,0.544,0.259,0.994,0.082,1.125,9.644,15.940,5.257,18.810,1.569,16.007
Control-GRP-GC114133,0.180,41.543,3.513,0.003,4.347,2.002,4.286,2.846,1.050,6.034,19.166,3.953,11.076
Control-GRP-GC114134,0.024,40.165,0.777,0.016,0.968,0.033,1.503,10.509,5.679,5.963,18.590,2.923,12.850
Control-GRP-GC114136,0.219,31.833,2.424,0.549,2.524,0.701,1.321,3.476,5.072,4.546,12.027,3.151,32.157
Control-GRP-GC114137,0.012,31.975,0.386,0.005,0.452,0.000,1.659,11.637,6.456,5.677,13.217,1.367,27.157
Control-GRP-GC114139,0.162,42.526,3.857,0.003,3.447,1.302,2.611,2.810,1.726,6.870,10.208,4.331,20.146
Control-GRP-GC114140,0.368,27.748,6.740,0.002,6.840,3.485,2.733,0.030,0.100,0.718,5.535,3.513,42.190
Control-GRP-GC114141,0.960,29.951,2.762,0.778,2.999,1.539,1.266,7.846,4.768,5.666,12.623,2.195,26.647
Control-GRP-GC114142,0.023,31.415,2.448,0.020,2.809,0.813,1.607,5.767,2.022,4.860,13.929,2.580,31.707
Control-GRP-GC114183,0.010,29.515,1.118,0.031,0.753,0.005,1.416,14.899,1.510,3.257,11.084,2.661,33.740
Control-GRP-GC114185,0.173,33.554,3.913,0.072,3.740,1.810,2.229,0.929,1.003,1.118,12.766,3.806,34.887
Control-GRP-GC114186,0.118,37.494,2.626,0.401,3.290,0.765,1.784,4.985,0.805,4.486,11.681,3.561,28.003
Control-GRP-GC118464,0.978,31.582,3.937,0.019,3.573,1.788,1.089,4.123,7.724,4.647,13.319,3.042,24.179
Control-GRP-GC118466,0.132,37.240,2.074,0.000,2.193,0.553,1.586,3.581,10.662,7.330,16.028,1.968,16.653
Control-GRP-GC118474,0.099,33.930,1.204,0.000,1.489,0.026,1.314,1.825,14.218,7.465,16.987,0.099,21.343
Control-GRP-GC118476,0.219,41.543,1.022,0.001,1.284,0.273,0.458,15.728,3.637,7.112,17.395,2.220,9.109
Control-GRP-GC118478,0.012,35.733,1.341,0.000,2.330,0.142,2.963,2.788,8.429,7.001,19.497,2.750,17.014
Control-GRP-GC118484,0.002,28.178,0.313,0.011,0.608,0.000,1.530,10.846,4.094,2.972,10.530,1.920,38.998
Control-GRP-GC118485,0.018,33.906,0.285,0.000,0.870,0.000,1.525,11.182,4.281,3.598,16.196,2.342,25.797
Control-GRP-GC118486,0.005,21.210,0.392,0.003,0.358,0.000,1.152,6.088,8.879,1.119,6.083,0.284,54.427
Control-GRP-GC118489,0.171,26.569,1.807,0.228,2.031,0.192,1.877,5.413,4.289,1.740,16.149,2.437,37.096
Control-GRP-GC118490,0.242,31.325,4.205,0.042,3.752,1.789,3.153,8.284,2.228,4.338,9.038,3.748,27.857
Control-GRP-GC118491,0.010,39.258,0.951,0.009,1.158,0.005,1.090,11.354,9.606,8.926,14.644,1.269,11.720
Control-GRP-GC118494,0.017,29.836,2.932,0.003,2.906,0.647,2.160,4.229,5.081,4.320,21.621,2.127,24.121
Control-GRP-GC118496,0.002,22.675,0.928,0.021,1.587,0.013,0.687,4.953,1.505,1.186,6.799,0.923,58.722
Control-GRP-GC118497,0.004,34.091,0.264,0.001,0.382,0.000,1.001,9.415,7.441,3.417,13.680,1.678,28.626
Control-GRP-GC118499,0.155,28.726,1.575,0.030,1.836,0.204,1.381,8.142,3.616,3.102,12.093,1.639,37.500
Control-GRP-GC119340,0.040,35.658,0.622,0.000,1.486,0.004,1.308,10.975,7.057,6.475,21.715,2.124,12.535
Control-GRP-GC119343,0.001,46.876,0.018,0.000,0.144,0.000,0.691,7.332,12.611,11.195,16.626,2.045,2.460
Control-GRP-GC119367,0.096,37.153,3.642,0.355,3.169,1.127,1.085,5.960,4.177,6.195,19.964,4.033,13.045
Control-GRP-GC119369,0.017,27.513,0.730,0.004,0.818,0.000,1.478,7.432,6.833,3.043,16.292,1.339,34.503
Control-GRP-GC119370,0.034,28.002,1.576,0.082,2.197,0.320,2.945,7.111,4.888,4.875,21.377,2.567,24.027
Control-GRP-GC119374,0.025,30.292,1.458,0.000,1.904,0.086,1.526,6.942,3.441,3.703,22.650,3.923,24.049
Control-GRP-GC119375,0.064,35.327,2.821,0.004,4.361,1.702,1.580,3.848,8.480,8.165,15.752,1.782,16.116
Control-GRP-GC119377,0.236,36.200,1.627,0.008,1.599,0.335,2.386,13.594,4.419,4.898,16.063,1.855,16.779
Control-GRP-GC119383,0.046,44.191,0.644,0.000,1.037,0.001,1.513,5.206,9.357,6.317,17.467,1.245,12.975
Control-GRP-GC119384,0.025,32.969,1.141,0.021,1.535,0.017,1.532,13.042,3.234,5.448,17.700,1.942,21.394
Control-GRP-GC119386,0.354,31.864,0.655,2.896,0.927,0.000,1.717,11.701,7.685,1.257,14.807,0.820,25.316
Control-GRP-GC119388,0.060,37.456,2.317,0.227,2.973,0.422,2.480,1.545,4.361,6.009,19.591,4.185,18.375
Control-GRP-GC119389,0.015,35.350,0.016,0.118,0.099,0.000,0.666,15.542,9.181,3.914,15.422,1.596,18.081
Control-GRP-GC119390,0.139,41.038,1.400,1.400,1.707,0.005,1.843,9.484,2.308,5.409,18.019,2.767,14.481
Control-GRP-GC119391,0.035,38.000,0.396,0.003,1.216,0.001,1.417,14.754,9.600,4.781,12.875,5.099,11.825
Control-GRP-GC119394,0.004,39.123,0.252,0.000,1.084,0.000,1.755,8.899,9.760,6.169,12.120,2.235,18.599
Control-GRP-GC119395,0.055,41.294,1.487,0.386,2.060,0.100,1.089,7.525,7.401,7.284,17.532,2.257,11.530
Control-GRP-GC119397,0.097,32.586,1.315,0.416,1.247,0.024,1.246,0.658,13.846,3.912,17.156,1.108,26.390
Control-GRP-GC119398,0.040,27.124,0.350,0.104,0.619,0.000,0.980,3.953,9.206,2.248,14.459,1.057,39.861
Control-GRP-GC119399,0.047,36.873,0.374,0.022,0.678,0.000,1.016,12.535,8.546,2.825,15.191,0.689,21.204
Control-GRP-GC119400,0.565,29.809,1.886,0.390,1.463,0.316,0.842,12.977,3.918,3.520,11.940,0.921,31.453
Control-GRP-GC119401,0.041,37.750,0.316,0.006,0.810,0.002,1.110,1.790,18.206,5.756,16.718,0.982,16.511
Control-GRP-GC119402,0.145,33.665,1.693,0.205,3.070,0.471,2.608,2.446,9.427,6.927,13.771,1.998,23.576
Control-GRP-GC119403,0.084,31.247,1.175,0.049,1.436,0.035,1.725,10.237,4.803,1.282,11.917,1.976,34.034
Control-GRP-GC119405,0.248,33.571,2.372,0.005,2.831,1.024,1.974,4.263,5.061,2.602,15.208,3.251,27.590
Control-GRP-GC119410,0.012,33.844,0.062,0.016,0.110,0.000,0.459,20.577,6.283,2.590,13.256,0.960,21.831
Control-GRP-GC119411,0.065,33.874,1.297,0.033,1.300,0.007,1.374,10.758,4.728,3.798,16.083,1.872,24.811
Control-GRP-GC119415,0.002,35.459,0.202,0.000,1.008,0.001,0.769,9.636,2.242,6.906,18.008,3.446,22.324
Control-GRP-GC119416,1.270,34.392,2.282,0.092,1.684,0.776,1.062,8.207,8.251,6.940,12.652,2.357,20.037
Control-GRP-GC119417,0.019,33.846,1.344,0.465,1.194,0.014,1.454,8.917,5.715,1.520,14.326,1.872,29.314
Control-GRP-GC119419,0.064,27.316,2.690,0.710,2.939,0.473,3.165,3.509,5.096,2.036,8.604,4.109,39.289
Control-GRP-GC119420,0.041,27.668,1.650,0.075,1.952,0.117,1.252,5.083,3.488,3.683,9.032,1.334,44.625
Control-GRP-GC119421,0.301,35.051,4.735,0.021,4.176,2.057,3.280,1.953,3.643,5.172,9.360,2.941,27.309
Control-GRP-GC119422,0.034,37.518,0.643,0.005,0.479,0.000,1.002,15.619,4.838,5.559,17.775,2.593,13.936
Control-GRP-GC119426,0.490,31.503,2.971,0.495,2.461,0.626,2.380,5.509,5.345,4.463,15.193,3.493,25.071
Control-GRP-GC119430,0.103,48.004,0.843,0.209,1.765,0.000,2.508,10.099,8.328,8.337,9.426,3.242,7.135
Control-GRP-GC121331,0.094,35.143,0.416,0.685,0.654,0.000,1.249,15.617,3.979,6.186,15.513,2.088,18.376
Control-GRP-GC121332,0.407,27.067,3.142,0.152,4.194,1.870,2.092,2.371,4.168,3.181,5.508,2.290,43.558
Control-GRP-GC121336,0.000,46.052,0.002,0.000,0.046,0.000,0.441,12.598,10.555,4.528,17.671,1.564,6.541
Control-GRP-GC121337,0.010,44.517,0.232,0.001,0.995,0.003,1.463,11.114,2.342,9.549,17.111,3.307,9.355
Control-GRP-GC121338,0.005,36.300,0.072,0.016,0.507,0.000,1.285,4.138,11.961,4.553,14.157,1.499,25.507
Control-GRP-GC121339,0.058,34.687,1.464,0.328,1.693,0.055,1.311,4.229,5.816,3.262,11.351,1.667,34.077
Control-GRP-GC121340,0.019,34.206,0.217,0.039,0.728,0.000,1.006,9.224,5.936,3.043,11.109,1.061,33.410
Control-GRP-GC121341,0.309,28.716,2.262,0.958,4.021,0.912,1.996,7.269,1.155,5.785,18.596,2.498,25.523
Control-GRP-GC121342,0.785,30.891,1.818,0.115,2.493,1.143,0.493,4.737,7.041,7.953,12.557,0.675,29.299
Control-GRP-GC121343,0.755,40.291,1.502,0.169,2.100,0.024,1.541,6.836,9.700,8.512,10.243,2.131,16.197
Control-GRP-GC121346,0.000,27.423,0.428,0.000,0.595,0.007,1.352,4.050,5.364,1.829,16.704,2.126,40.121
Control-GRP-GC121347,1.079,33.499,2.591,0.216,2.137,1.216,1.667,12.878,2.493,5.947,13.161,1.090,22.028
Control-GRP-GC121348,0.168,26.468,1.565,0.174,1.988,0.253,1.210,2.865,5.514,1.257,8.094,1.374,49.069
Control-GRP-GC121349,0.011,26.365,0.024,0.011,0.108,0.000,0.770,16.193,3.312,2.206,11.324,0.784,38.893
