Sample,BRCA,CEAD,CESC,COAD,OV,READ,bcell,cd4tcell,cd8tcell,erythroblast,monocyte,naturalkillercell,neutrophil,Unknown-1
Breast-GC1002975,0.000,0.000,0.000,0.000,0.000,0.000,0.714,0.000,0.000,7.786,13.454,2.123,37.646,38.277
Breast-GC1002976,2.418,0.000,0.000,2.064,0.144,0.255,2.420,0.000,0.000,8.119,4.550,1.405,34.723,43.903
Breast-GC1002977,0.000,0.000,0.000,0.000,0.000,0.000,9.477,0.000,0.000,0.000,9.813,16.512,53.404,10.794
Breast-GC1002978,1.208,0.000,0.000,0.000,1.524,0.000,0.519,0.000,0.000,6.715,20.248,2.222,29.119,38.445
Breast-GC1002979,5.670,0.106,0.000,0.000,0.137,0.407,1.029,0.000,0.000,5.659,11.460,1.633,46.669,27.229
Breast-GC1002980,0.000,0.000,0.000,0.000,0.223,0.000,0.892,0.000,0.000,11.137,12.111,1.976,33.717,39.944
Breast-GC1002981,0.000,0.000,0.000,0.000,0.000,0.000,0.688,0.000,0.000,9.335,15.289,1.360,39.370,33.958
Breast-GC1003967,0.000,0.000,0.000,0.000,0.000,0.000,0.256,0.000,0.000,9.874,15.986,2.240,28.382,43.261
Breast-GC1003968,0.902,0.000,0.000,0.603,0.752,0.246,0.849,0.000,0.000,11.005,8.629,1.745,31.640,43.630
Breast-GC1003970,0.336,0.000,0.000,0.115,0.038,0.000,1.629,0.000,0.000,5.708,30.893,1.568,31.605,28.108
Breast-GC1003971,0.000,0.000,0.000,0.428,0.000,0.236,0.790,0.000,0.000,12.776,17.945,5.988,19.249,42.587
Breast-GC1003972,0.599,0.000,0.000,0.000,0.234,0.167,0.199,0.000,0.000,10.854,18.416,2.385,22.971,44.175
Breast-GC1003974,0.000,0.334,0.000,0.000,0.000,0.667,0.943,0.000,0.000,4.711,13.560,1.757,50.748,27.279
Breast-GC1002311,0.000,0.000,0.000,0.015,0.192,0.000,0.426,0.000,0.000,12.688,16.309,1.682,30.809,37.878
Breast-GC1004006,0.000,0.000,0.000,0.000,0.039,0.000,1.933,0.000,0.000,9.314,12.550,2.796,34.065,39.303
Breast-GC1004007,0.258,0.000,0.000,0.000,0.343,0.000,0.304,0.000,0.000,14.784,10.943,2.303,23.608,47.456
Breast-GC1004008,0.000,0.000,0.000,0.000,0.403,0.000,1.610,0.000,0.000,8.545,8.855,1.038,48.127,31.421
Breast-GC1004009,0.594,0.000,0.000,0.769,1.288,0.000,0.000,0.000,0.000,3.137,8.227,0.000,49.427,36.558
Breast-GC110693,0.000,0.000,0.000,0.000,0.384,0.000,1.608,0.000,0.000,4.289,12.128,1.346,48.716,31.530
Breast-GC110694,0.000,0.000,0.000,0.000,0.000,0.000,1.370,0.000,0.000,9.185,13.443,2.474,35.411,38.116
Breast-GC110695,0.091,0.000,0.000,0.000,0.804,0.000,1.428,0.000,0.000,11.995,13.522,3.452,25.772,42.936
Breast-GC110696,0.000,0.000,0.000,0.000,0.000,0.000,4.044,0.000,0.000,11.509,13.209,3.336,30.150,37.752
Breast-GC116960,0.000,0.000,0.000,0.000,0.387,0.392,3.198,0.000,0.000,7.880,21.214,3.569,29.373,33.986
Breast-GC116963,0.000,0.000,0.000,0.000,0.083,0.000,0.411,0.000,0.000,2.984,5.108,0.663,65.502,25.248
Breast-GC116964,0.000,0.000,0.000,0.000,0.219,0.000,2.267,0.000,0.000,11.994,24.832,4.181,22.466,34.040
Breast-GC116965,0.000,0.000,0.000,0.000,0.000,0.000,0.000,0.000,0.000,16.213,10.974,3.171,17.891,51.750
Breast-GC116966,0.000,0.000,0.000,0.000,0.000,0.000,0.888,0.000,0.000,13.281,14.940,3.446,22.234,45.210
Breast-GC116967,0.000,0.000,0.000,0.000,0.595,0.000,0.978,0.000,0.000,9.073,20.567,3.501,26.404,38.881
Breast-GC116968,0.000,0.000,0.000,0.000,0.000,0.000,0.180,0.000,0.000,6.818,5.925,0.886,49.958,36.233
Breast-GC116969,0.000,0.000,0.000,0.000,0.000,0.000,1.098,0.000,0.000,5.947,8.815,1.586,55.984,26.568
Breast-GC116970,0.000,0.000,0.000,0.000,0.694,0.000,0.914,0.000,0.000,9.079,10.811,1.353,40.792,36.354
Breast-GC116971,0.000,0.000,0.000,0.000,0.000,0.000,2.771,0.000,0.000,12.258,10.747,3.246,27.782,43.195
Breast-GC110676,0.000,0.000,0.000,0.000,0.110,0.000,2.004,0.000,0.000,8.748,10.756,2.863,36.153,39.366
Breast-GC110678,0.000,0.504,0.000,0.111,0.373,1.457,1.297,0.000,0.000,10.261,22.239,3.082,26.838,33.837
Breast-GC110679,17.178,0.000,0.000,0.000,0.189,0.788,0.753,0.000,0.000,7.891,10.238,1.383,26.869,34.708
Breast-GC110680,0.000,0.000,0.000,0.201,0.367,0.000,0.580,0.000,0.000,10.608,10.940,0.264,40.202,36.839
Breast-GC110681,9.654,0.000,0.265,8.419,4.947,0.000,0.000,0.000,0.000,9.136,0.530,0.000,25.910,41.137
Breast-GC110682,0.000,0.315,0.000,0.000,0.602,0.000,4.033,0.000,0.000,7.440,14.748,2.848,34.764,35.250
Breast-GC110683,0.000,0.000,0.000,0.000,0.540,0.000,1.713,0.000,0.000,10.577,13.308,3.691,30.387,39.783
Breast-GC110684,0.000,0.000,0.000,0.000,0.532,0.000,2.983,0.000,0.000,8.366,16.791,2.025,40.001,29.301
Breast-GC110685,0.458,0.000,0.000,1.045,0.498,0.000,3.140,0.000,0.000,9.665,17.230,6.570,18.821,42.573
Ovarian-GC110686,0.000,0.000,0.000,0.000,0.157,0.000,1.124,0.000,0.000,22.414,6.986,3.795,22.548,42.976
Ovarian-GC114179,0.000,0.000,0.000,0.209,1.598,0.000,0.615,0.000,0.000,15.011,13.373,2.171,24.367,42.655
Ovarian-GC114180,0.000,0.000,0.000,0.000,0.000,0.000,2.472,0.000,0.000,14.864,14.033,3.901,23.350,41.380
Ovarian-GC114181,5.269,2.186,0.111,1.047,1.824,0.168,0.466,0.000,0.000,16.951,7.357,1.757,22.600,40.263
Ovarian-GC114182,4.686,0.000,1.021,7.126,25.030,0.000,0.000,0.000,0.000,11.213,4.088,0.000,22.831,24.005
Ovarian-GC116977,0.000,0.000,0.000,0.000,0.598,0.000,0.710,0.000,0.000,12.481,15.988,3.460,26.829,39.932
Ovarian-GC116979,1.446,0.000,0.000,0.576,10.739,0.091,1.412,0.000,0.000,8.971,9.942,1.389,32.675,32.759
Ovarian-GC116982,1.138,0.000,0.000,1.563,10.313,0.000,0.283,0.000,0.000,12.143,7.653,6.486,22.535,37.884
Ovarian-GC116990,0.389,0.000,0.000,0.910,0.798,0.351,1.233,0.000,0.000,2.752,15.320,2.527,38.450,37.269
Ovarian-GC119363,2.391,0.000,0.000,1.229,6.964,0.009,0.981,0.000,0.000,18.630,5.909,2.710,22.027,39.150
Ovarian-GC119364,0.000,0.000,0.000,0.000,0.000,0.000,2.275,0.000,0.000,4.724,20.127,2.764,33.124,36.985
Ovarian-GC119365,0.404,0.000,0.000,2.752,70.679,0.000,0.000,0.000,0.000,4.111,0.000,0.000,1.513,20.540
Ovarian-GC119366,4.666,0.000,0.000,1.785,0.874,0.298,0.685,0.000,0.000,22.335,8.618,1.909,9.783,49.045
Colorectal-GC121326,0.000,0.000,0.000,0.518,0.266,0.035,0.000,0.000,0.000,19.384,3.838,0.039,38.309,37.609
Colorectal-GC121327,0.697,6.862,0.132,0.000,0.520,9.132,1.003,0.000,0.000,14.140,11.964,3.139,16.399,36.010
Colorectal-GC121328,0.000,0.000,0.000,0.402,0.000,0.000,0.870,0.000,0.000,44.038,9.871,1.588,9.385,33.846
Colorectal-GC121329,0.000,0.000,0.000,27.154,0.537,0.071,0.044,0.475,4.994,17.013,7.585,0.000,3.094,39.034
Colorectal-GC121330,11.546,0.000,0.000,7.172,0.825,0.158,0.000,0.000,0.000,9.473,2.003,0.000,19.695,49.127
Colorectal-GC1003994,0.000,0.000,0.000,0.000,0.599,0.000,0.654,0.000,0.000,17.469,11.474,1.578,27.910,40.316
Colorectal-GC1003995,0.045,0.843,0.103,7.468,0.706,39.732,2.287,0.000,0.000,2.832,5.044,0.120,16.466,24.353
Colorectal-GC1003996,0.000,0.007,0.000,0.000,0.000,1.481,1.966,0.000,0.000,7.744,10.458,1.920,41.711,34.712
Colorectal-GC1003997,0.000,0.000,0.000,0.000,0.000,0.000,0.370,0.000,0.000,14.496,11.212,2.952,31.441,39.527
Colorectal-GC1003998,0.000,0.000,0.000,1.193,0.334,0.624,1.332,0.000,0.000,12.113,10.818,3.954,26.396,43.235
Colorectal-GC1003999,7.454,0.000,0.000,4.049,0.395,0.000,0.000,0.000,0.000,11.851,2.649,0.648,16.360,56.593
Colorectal-GC1004000,0.187,1.107,0.000,46.279,1.284,1.607,0.000,0.000,0.000,1.266,4.064,0.000,15.336,28.871
Colorectal-GC1004001,0.000,0.000,0.000,0.000,0.000,0.000,0.868,0.000,0.000,9.804,10.838,2.489,40.778,35.222
Colorectal-GC1004002,0.000,0.000,0.000,0.024,0.000,0.246,1.549,0.000,0.000,18.676,6.496,3.053,31.397,38.558
Colorectal-GC1004003,0.862,0.000,0.000,2.054,1.727,0.000,0.132,0.000,0.000,17.459,13.340,1.528,19.759,43.138
Colorectal-GC137538,0.018,0.696,0.000,0.000,0.000,0.000,3.803,5.616,0.000,5.610,18.075,5.787,18.245,42.149
Colorectal-GC137539,0.581,0.000,0.000,2.114,1.082,0.000,1.396,0.000,0.000,7.122,18.753,1.558,30.249,37.143
Colorectal-GC137540,0.000,0.000,0.000,0.000,0.000,0.000,0.234,0.000,0.000,18.972,10.309,2.482,27.466,40.537
Colorectal-GC137541,0.000,0.000,0.000,0.732,0.372,0.000,0.140,0.000,0.000,12.224,14.225,2.217,31.197,38.891
Colorectal-GC137542,0.000,0.000,0.000,0.000,0.000,0.000,0.328,0.000,0.000,16.305,8.788,3.688,30.578,40.313
Colorectal-GC137543,0.000,0.000,0.000,5.617,0.358,0.252,1.777,0.000,0.000,13.202,9.230,2.180,23.473,43.909
Colorectal-GC137544,0.000,0.000,0.000,0.000,0.103,0.000,2.399,0.000,0.000,14.392,11.137,2.926,32.622,36.421
Colorectal-GC137545,0.000,0.000,0.000,0.000,0.000,0.000,0.560,0.000,0.000,19.046,12.195,1.687,18.407,48.105
Colorectal-GC137546,0.000,0.000,0.000,0.000,0.169,0.000,0.741,0.000,0.000,11.130,9.997,3.533,36.546,37.883
Colorectal-GC137547,0.000,0.000,0.000,0.000,0.498,0.000,0.756,0.000,0.000,9.188,19.267,2.628,25.126,42.536
Colorectal-GC137548,0.000,0.000,0.000,0.000,0.000,0.000,0.847,0.000,0.000,2.777,6.761,5.684,55.995,27.935
Colorectal-GC137549,0.000,0.000,0.000,20.014,0.556,0.000,2.731,0.000,0.000,9.542,7.289,3.084,26.042,30.741
Colorectal-GC137550,0.366,0.000,0.000,0.000,0.000,0.000,6.571,0.000,0.000,6.209,8.261,8.260,34.481,35.851
Colorectal-GC137551,0.000,0.000,0.000,0.000,0.000,0.000,2.184,0.000,0.000,2.524,20.757,2.067,45.362,27.105
Colorectal-GC137552,0.000,0.000,0.000,0.000,0.954,0.000,1.053,0.000,0.000,11.902,13.655,3.079,30.392,38.964
Colorectal-GC137553,0.000,0.000,0.676,1.087,0.313,0.735,20.536,0.000,0.000,11.977,13.232,4.367,13.557,33.520
Colorectal-GC137554,0.773,0.000,0.000,3.073,0.149,0.271,1.597,0.000,0.000,13.417,12.403,1.501,22.434,44.382
Colorectal-GC137555,0.000,0.000,0.000,0.000,0.000,0.000,1.573,0.000,0.000,11.711,15.243,3.999,32.321,35.152
Colorectal-GC137556,0.000,0.000,0.000,0.000,0.000,0.000,0.899,0.000,0.000,10.415,11.217,3.212,35.315,38.941
Colorectal-GC137557,0.000,0.000,0.000,0.000,0.025,0.000,0.343,0.000,0.000,2.435,8.517,0.930,53.990,33.759
Cervical-GC1002983,0.048,1.153,0.000,1.075,0.981,0.000,0.482,0.000,0.000,5.748,14.093,0.000,42.189,34.229
Cervical-GC1002984,0.000,0.000,0.000,0.000,1.400,0.000,0.583,0.000,0.000,10.255,25.151,1.466,24.073,37.071
Cervical-GC114187,0.000,0.000,0.000,0.000,1.798,0.000,2.351,0.000,0.000,11.537,17.521,4.148,22.657,39.987
Cervical-GC114188,0.000,0.000,0.000,0.000,3.099,0.000,0.828,0.000,0.000,10.458,16.238,2.133,26.990,40.254
Control-GC1003986,0.000,0.000,0.000,0.000,0.000,0.000,1.911,0.000,0.000,1.157,9.441,1.186,54.964,31.341
Control-GC1003988,0.000,0.000,0.000,0.000,0.000,0.000,0.776,0.000,0.000,13.250,12.433,2.286,36.661,34.593
Control-GC110675,0.000,0.000,0.000,0.000,0.000,0.000,0.605,0.000,0.000,4.233,7.921,0.801,64.658,21.780
Control-GC112864,0.000,0.000,0.000,0.000,0.213,0.000,1.896,0.000,0.000,7.482,14.367,2.192,41.279,32.571
Control-GC112894,3.140,0.000,0.000,1.341,1.552,0.288,0.707,0.000,0.000,8.543,13.117,1.438,24.539,45.335
Control-GC112895,0.278,0.000,0.000,1.072,0.236,0.256,6.016,0.000,0.000,10.953,11.622,1.013,29.822,38.732
Control-GC112897,0.164,0.000,0.000,0.000,0.625,0.000,2.309,0.000,0.000,9.379,10.417,2.378,40.603,34.122
Control-GC119350,0.000,0.000,0.000,0.000,0.140,0.000,2.041,0.000,0.000,11.692,14.780,3.435,32.960,34.951
Control-GC119351,0.000,0.000,0.000,0.000,0.000,0.000,1.775,0.000,0.000,9.075,8.441,1.936,48.211,30.561
Control-GC119352,0.000,0.000,0.000,0.195,0.269,0.000,0.523,0.000,0.000,14.192,12.637,2.159,29.969,40.057
Control-GC119353,0.765,0.000,0.000,1.621,0.488,0.000,0.952,0.000,0.000,11.300,16.799,2.862,20.034,45.178
Control-GC119354,0.000,0.000,0.000,0.000,0.796,0.000,2.277,0.000,0.000,14.637,15.360,3.287,23.735,39.908
Control-GC119356,0.000,0.000,0.000,0.000,0.902,0.000,1.018,0.000,0.000,5.630,12.124,2.234,47.540,30.552
Control-GRP-GC114128,0.231,0.000,0.000,0.000,0.577,0.000,1.510,0.000,0.000,15.728,11.730,2.838,24.740,42.644
Control-GRP-GC114130,0.249,0.000,0.000,0.000,0.000,0.000,0.728,0.000,0.000,16.282,11.856,2.866,26.048,41.970
Control-GRP-GC114131,0.000,0.000,0.000,0.000,0.300,0.000,0.730,0.000,0.000,11.765,9.800,3.095,35.582,38.727
Control-GRP-GC114132,1.887,0.000,0.000,0.851,0.717,0.110,1.245,0.222,0.000,12.470,14.396,4.599,26.229,37.274
Control-GRP-GC114133,0.000,0.000,0.000,0.000,0.000,0.000,3.185,0.000,0.000,11.425,19.932,1.746,24.315,39.396
Control-GRP-GC114134,0.000,0.000,0.000,0.000,0.000,0.000,0.935,0.000,0.000,16.472,14.470,3.499,26.665,37.957
Control-GRP-GC114136,0.000,0.000,0.000,0.000,0.000,0.107,0.549,0.000,0.000,7.372,10.173,2.355,42.920,36.523
Control-GRP-GC114137,0.000,0.000,0.000,0.000,0.000,0.000,1.920,0.000,0.000,14.519,10.675,2.536,38.181,32.168
Control-GRP-GC114139,0.000,0.000,0.000,0.000,0.000,0.000,1.832,0.000,0.000,11.367,11.855,3.387,33.247,38.311
Control-GRP-GC114140,0.000,0.000,0.000,0.000,0.286,0.000,1.135,0.000,0.000,1.398,12.026,0.927,53.169,31.058
Control-GRP-GC114141,0.925,0.000,0.000,1.237,0.411,0.076,0.381,0.000,0.000,8.434,9.647,1.304,37.428,40.156
Control-GRP-GC114142,0.000,0.000,0.000,0.000,0.081,0.000,0.891,0.000,0.000,8.658,12.078,1.537,42.315,34.440
Control-GRP-GC114183,0.000,0.000,0.000,0.000,0.000,0.000,1.103,0.000,0.000,8.921,11.271,3.517,43.417,31.769
Control-GRP-GC114185,0.000,0.000,0.000,0.000,0.000,0.000,0.937,0.000,0.000,3.475,14.937,2.031,47.034,31.586
Control-GRP-GC114186,0.000,0.000,0.000,0.000,0.000,0.000,0.817,0.000,0.000,9.659,10.493,2.347,40.423,36.262
Control-GRP-GC118464,0.953,0.000,0.000,0.858,0.363,0.089,0.000,0.000,0.000,8.110,11.355,2.550,33.936,41.786
Control-GRP-GC118466,0.000,0.000,0.000,0.000,0.000,0.000,1.490,0.000,0.000,13.216,13.852,3.050,28.151,40.240
Control-GRP-GC118474,0.000,0.000,0.000,0.000,0.000,0.000,1.159,0.000,0.000,12.379,13.763,2.815,33.352,36.532
Control-GRP-GC118476,0.000,0.000,0.000,0.422,0.000,0.000,0.000,0.000,0.000,16.576,13.540,3.181,22.667,43.614
Control-GRP-GC118478,0.000,0.000,0.000,0.000,0.166,0.000,3.095,0.000,0.000,10.161,18.964,2.994,29.016,35.604
Control-GRP-GC118484,0.000,0.000,0.000,0.330,0.000,0.000,1.679,0.000,0.000,7.934,10.647,2.432,46.968,30.008
Control-GRP-GC118485,0.000,0.000,0.000,0.000,0.003,0.000,1.717,0.000,0.000,10.526,13.111,3.313,37.204,34.126
Control-GRP-GC118486,0.000,0.000,0.000,0.000,0.000,0.000,0.747,0.000,0.000,4.407,7.209,1.047,61.264,25.326
Control-GRP-GC118489,0.000,0.000,0.000,0.000,0.176,0.000,1.912,0.000,0.000,2.524,15.758,2.899,45.983,30.747
Control-GRP-GC118490,0.000,0.000,0.000,0.000,0.253,0.285,1.827,0.000,0.000,6.221,16.070,2.201,35.451,37.691
Control-GRP-GC118491,0.000,0.000,0.000,0.000,0.000,0.000,0.863,0.000,0.000,16.179,13.383,3.113,24.105,42.357
Control-GRP-GC118494,0.000,0.000,0.000,0.000,0.000,0.000,1.489,0.000,0.000,6.180,19.813,1.655,34.689,36.173
Control-GRP-GC118496,0.000,0.000,0.000,0.000,0.000,0.000,0.110,0.000,0.000,4.168,3.259,0.414,67.607,24.441
Control-GRP-GC118497,0.000,0.000,0.000,0.000,0.000,0.000,1.142,0.000,0.000,10.028,11.202,3.285,40.620,33.723
Control-GRP-GC118499,0.000,0.000,0.000,0.000,0.101,0.000,0.748,0.000,0.000,8.084,9.153,1.555,47.642,32.717
Control-GRP-GC119340,0.000,0.000,0.000,0.000,0.000,0.000,1.628,0.000,0.000,15.303,15.797,3.383,26.977,36.911
Control-GRP-GC119343,0.000,0.000,0.000,0.000,0.000,0.000,0.543,0.000,0.000,26.181,10.645,3.909,17.555,41.166
Control-GRP-GC119367,0.000,0.000,0.000,0.000,0.000,0.115,0.162,0.000,0.000,9.933,18.011,3.634,24.637,43.508
Control-GRP-GC119369,0.000,0.000,0.000,0.000,0.086,0.000,1.113,0.000,0.000,8.098,12.812,2.146,46.169,29.576
Control-GRP-GC119370,0.000,0.000,0.000,0.000,0.020,0.000,2.491,0.000,0.000,7.563,18.940,2.848,33.394,34.744
Control-GRP-GC119374,0.000,0.000,0.000,0.000,0.093,0.000,0.979,0.000,0.000,6.772,21.451,3.779,34.323,32.603
Control-GRP-GC119375,0.000,0.000,0.000,0.852,0.711,0.000,0.428,0.000,0.000,11.066,13.386,1.592,27.403,44.561
Control-GRP-GC119377,0.000,0.000,0.000,0.000,0.000,0.000,1.830,0.000,0.000,11.869,13.226,2.034,29.002,42.037
Control-GRP-GC119383,0.000,0.000,0.000,0.000,0.000,0.000,0.993,0.000,0.000,14.679,14.769,2.217,26.417,40.924
Control-GRP-GC119384,0.000,0.000,0.000,0.000,0.018,0.000,1.459,0.000,0.000,10.946,14.482,2.338,33.059,37.698
Control-GRP-GC119386,0.607,0.545,0.000,0.000,0.382,1.475,1.439,0.000,0.000,7.415,15.593,2.591,35.274,34.680
Control-GRP-GC119388,0.000,0.000,0.000,0.000,0.000,0.000,1.395,0.000,0.000,8.722,20.602,3.846,30.328,35.107
Control-GRP-GC119389,0.000,0.000,0.000,0.000,0.000,0.000,0.859,0.000,0.000,15.822,10.214,4.073,30.861,38.170
Control-GRP-GC119390,0.000,0.000,0.000,0.000,0.414,0.671,1.018,0.000,0.000,9.506,15.004,3.130,27.796,42.460
Control-GRP-GC119391,0.000,0.000,0.000,0.000,0.312,0.000,1.261,0.000,0.000,16.049,9.498,7.286,24.334,41.259
Control-GRP-GC119394,0.000,0.000,0.000,0.000,0.000,0.000,1.216,0.000,0.000,13.548,10.534,3.413,31.373,39.915
Control-GRP-GC119395,0.000,0.000,0.000,0.000,0.414,0.000,0.520,0.000,0.000,14.053,14.080,2.798,25.655,42.478
Control-GRP-GC119397,0.000,0.000,0.000,0.000,0.000,0.905,0.904,0.000,0.000,7.328,12.697,2.105,37.765,38.296
Control-GRP-GC119398,0.000,0.000,0.000,0.000,0.000,0.000,0.925,0.000,0.000,6.340,10.315,2.011,50.645,29.763
Control-GRP-GC119399,0.000,0.000,0.000,0.000,0.000,0.000,1.135,0.000,0.000,10.681,13.751,2.380,33.096,38.957
Control-GRP-GC119400,1.167,0.000,0.000,0.881,0.010,0.124,0.446,0.000,0.000,8.475,8.187,1.177,41.501,38.032
Control-GRP-GC119401,0.000,0.000,0.000,0.000,0.000,0.000,0.844,0.000,0.000,16.496,10.840,3.157,30.045,38.617
Control-GRP-GC119402,0.000,0.000,0.000,0.000,0.408,0.000,2.475,0.000,0.000,11.097,9.785,2.646,35.547,38.041
Control-GRP-GC119403,0.000,0.000,0.000,0.000,0.036,0.000,1.337,0.000,0.000,6.324,10.072,2.358,44.863,35.009
Control-GRP-GC119405,0.000,0.000,0.000,0.000,0.000,0.000,1.149,0.000,0.000,6.217,15.029,2.499,38.998,36.106
Control-GRP-GC119410,0.000,0.000,0.000,0.000,0.000,0.000,0.884,0.000,0.000,13.874,9.828,3.315,34.451,37.648
Control-GRP-GC119411,0.000,0.000,0.000,0.000,0.000,0.000,0.854,0.000,0.000,9.285,14.186,2.428,36.770,36.476
Control-GRP-GC119415,0.000,0.000,0.000,0.000,0.000,0.000,0.389,0.000,0.000,12.044,14.389,3.481,34.670,35.027
Control-GRP-GC119416,2.021,0.000,0.000,0.715,0.000,0.000,0.524,0.000,0.000,10.839,8.130,2.950,31.904,42.917
Control-GRP-GC119417,0.000,0.000,0.000,0.000,0.000,0.000,1.064,0.000,0.000,5.774,11.940,2.462,40.974,37.787
Control-GRP-GC119419,0.000,0.000,0.000,0.000,0.000,0.372,2.181,0.000,0.000,3.038,10.597,3.531,49.253,31.028
Control-GRP-GC119420,0.000,0.000,0.000,0.000,0.000,0.000,0.451,0.000,0.000,5.693,6.892,0.930,54.998,31.036
Control-GRP-GC119421,0.000,0.000,0.000,0.000,0.000,0.000,2.239,0.000,0.000,8.055,11.521,1.652,37.382,39.150
Control-GRP-GC119422,0.000,0.000,0.000,0.000,0.000,0.000,1.040,0.000,0.000,13.539,13.098,4.811,26.982,40.529
Control-GRP-GC119426,0.000,0.000,0.000,0.000,0.000,0.118,1.696,0.000,0.000,6.310,15.133,2.916,35.598,38.230
Control-GRP-GC119430,0.000,0.000,0.000,0.000,0.000,0.000,1.990,0.000,0.000,15.932,10.028,3.961,20.597,47.492
Control-GRP-GC121331,0.000,0.000,0.000,0.000,0.108,0.026,1.402,0.000,0.000,13.442,13.840,2.733,29.214,39.233
Control-GRP-GC121332,0.000,0.000,0.000,0.287,0.538,0.075,1.073,0.000,0.000,5.632,4.718,1.535,54.669,31.473
Control-GRP-GC121336,0.000,0.000,0.000,0.000,0.000,0.000,0.811,0.000,0.000,17.748,11.584,3.835,22.973,43.048
Control-GRP-GC121337,0.000,0.000,0.000,0.000,0.000,0.000,1.074,0.000,0.000,17.179,12.224,3.468,24.357,41.697
Control-GRP-GC121338,0.000,0.000,0.000,0.000,0.348,0.000,1.511,0.000,0.000,10.552,9.022,2.673,37.740,38.154
Control-GRP-GC121339,0.000,0.000,0.000,0.000,0.000,0.000,1.093,0.000,0.000,8.303,9.095,1.689,45.805,34.013
Control-GRP-GC121340,0.000,0.000,0.000,0.000,0.000,0.000,0.596,0.000,0.000,9.192,8.901,1.630,44.720,34.960
Control-GRP-GC121341,0.000,0.000,0.000,0.000,0.000,0.280,0.915,0.000,0.000,8.830,17.277,1.074,35.877,35.746
Control-GRP-GC121342,1.577,0.000,0.000,1.658,0.000,0.000,0.000,0.000,0.000,12.351,9.116,0.445,39.316,35.536
Control-GRP-GC121343,0.483,0.000,0.000,0.000,0.156,0.000,0.986,0.000,0.000,17.549,8.533,2.755,28.404,41.133
Control-GRP-GC121346,0.000,0.000,0.000,0.000,0.000,0.000,1.544,0.000,0.000,6.472,13.680,2.647,50.904,24.753
Control-GRP-GC121347,0.717,0.000,0.000,1.718,0.000,0.000,1.583,0.000,0.000,10.883,8.627,0.583,31.625,44.263
Control-GRP-GC121348,0.000,0.000,0.000,0.000,0.000,0.000,0.685,0.000,0.000,3.075,4.388,0.943,58.261,32.648
Control-GRP-GC121349,0.000,0.000,0.000,0.000,0.000,0.000,0.895,0.000,0.000,10.120,7.510,2.232,49.684,29.558
