Sample,BRCA,CEAD,CESC,COAD,OV,READ,bcell,cd4tcell,cd8tcell,erythroblast,monocyte,naturalkillercell,neutrophil,Unknown-1
Colo9345_rep1_Dep6_Tu5,1.281,1.842,0.806,1.032,37.727,0.000,0.441,0.325,0.439,2.167,5.107,0.007,30.391,18.432
Colo9345_rep8_Dep6_Tu30,1.125,0.027,1.202,0.000,38.959,0.013,0.201,0.022,0.062,0.462,4.712,0.162,22.494,30.558
Colo9345_rep5_Dep6_Tu1,0.000,0.050,0.001,0.000,47.391,0.000,0.072,0.296,0.601,4.706,5.389,0.322,37.568,3.604
Colo9345_rep5_Dep6_Tu20,2.821,2.180,5.239,8.121,12.228,0.293,1.254,0.164,2.267,2.915,4.941,0.231,14.660,42.686
Colo9345_rep7_Dep6_Tu20,3.209,2.481,4.911,5.501,20.418,0.317,1.408,1.809,0.101,1.681,1.553,0.327,12.325,43.961
Colo9345_rep6_Dep6_Tu2,0.223,0.000,0.012,0.095,45.737,0.176,0.029,0.015,0.961,2.198,2.803,0.076,41.196,6.478
Colo9345_rep10_Dep6_Tu10,0.000,1.147,0.000,0.000,43.027,0.000,0.000,0.014,0.021,3.990,4.343,0.503,36.115,10.840
Colo9345_rep1_Dep6_Tu10,0.000,2.086,0.125,4.854,28.542,1.576,3.278,1.106,0.236,1.913,4.979,0.992,18.869,31.444
Colo9345_rep3_Dep6_Tu30,4.830,3.265,6.282,4.505,11.246,0.809,1.108,0.118,0.512,0.458,2.883,0.418,5.998,57.567
Colo9345_rep6_Dep6_Tu1,0.000,0.873,0.000,0.262,47.148,0.000,0.003,0.013,0.000,1.972,1.165,0.305,47.043,1.216
Colo9345_rep2_Dep6_Tu10,1.654,1.963,0.974,2.216,35.380,0.740,0.000,0.049,0.056,0.397,5.776,0.034,19.649,31.113
Colo9345_rep6_Dep6_Tu5,0.000,0.243,0.000,4.098,41.491,0.319,0.805,0.001,0.013,0.588,1.852,0.000,32.494,18.094
Colo9345_rep5_Dep6_Tu10,3.094,2.709,1.547,0.622,30.275,0.000,0.151,0.275,0.056,3.632,4.740,0.017,20.367,32.515
Colo9345_rep5_Dep6_Tu40,2.719,1.890,8.946,9.220,0.409,2.569,1.531,2.579,0.375,1.570,4.236,0.568,1.325,62.063
Colo9345_rep1_Dep6_Tu0.1,0.000,0.000,0.000,0.000,34.529,0.000,0.002,0.002,0.002,4.220,5.207,0.035,56.003,0.000
Colo9345_rep3_Dep6_Tu10,1.676,5.936,1.797,1.231,33.722,0.052,0.012,0.189,0.003,0.049,4.647,0.002,21.001,29.683
Colo9345_rep4_Dep6_Tu2,0.000,0.000,0.000,0.000,42.644,0.134,0.000,0.002,0.022,0.413,6.106,0.721,41.239,8.718
Colo9345_rep2_Dep6_Tu20,1.729,7.238,7.642,5.138,15.442,1.102,0.726,0.044,0.629,0.005,3.283,0.002,11.016,46.005
Colo9345_rep3_Dep6_Tu50,4.419,5.372,10.192,8.664,0.001,1.523,1.603,0.722,0.476,0.106,0.014,0.222,0.001,66.685
Colo9345_rep6_Dep6_Tu0.1,0.000,0.000,0.000,0.000,45.724,0.000,0.029,0.014,0.145,0.347,9.631,0.001,44.109,0.000
Colo9345_rep3_Dep6_Tu40,6.667,5.722,7.387,5.758,0.293,2.899,1.819,1.350,0.270,0.258,0.418,1.491,4.250,61.417
Colo9345_rep6_Dep6_Tu3,1.384,0.258,0.134,1.051,45.152,0.585,0.438,0.010,0.043,0.149,7.431,0.000,35.755,7.608
Colo9345_rep9_Dep6_Tu50,1.182,0.010,2.328,6.681,28.188,2.651,0.033,0.017,0.045,2.473,3.580,0.009,10.753,42.052
Colo9345_rep1_Dep6_Tu3,0.000,0.189,0.000,0.039,43.727,1.530,0.001,0.043,0.002,0.308,8.088,0.580,31.673,13.820
Colo9345_rep6_Dep6_Tu30,2.285,7.889,4.559,4.735,6.500,2.131,0.333,0.514,1.958,1.579,1.795,1.847,7.463,56.414
Colo9345_rep1_Dep6_Tu20,0.441,8.692,5.891,5.230,15.503,0.847,0.379,0.170,0.517,0.682,2.336,1.795,11.241,46.276
Colo9345_rep4_Dep6_Tu0.5,0.801,0.086,0.007,0.000,47.300,0.046,0.026,0.009,0.021,1.948,6.704,0.038,43.014,0.000
Colo9345_rep9_Dep6_Tu10,0.000,1.784,0.001,2.381,41.066,0.000,0.026,0.005,0.000,0.491,7.071,0.001,38.458,8.715
Colo9345_rep3_Dep6_Tu1,0.000,1.129,0.000,0.000,48.740,0.000,0.001,0.001,0.001,0.480,6.787,0.384,41.211,1.266
Colo9345_rep7_Dep6_Tu0.1,0.000,0.000,0.000,0.000,48.044,0.000,0.000,0.000,0.000,0.766,7.366,0.001,43.822,0.000
Colo9345_rep4_Dep6_Tu20,1.019,2.621,6.826,3.766,17.395,0.119,2.118,0.321,1.212,0.003,2.784,1.774,11.453,48.589
Colo9345_rep7_Dep6_Tu5,0.000,4.990,0.000,2.543,35.722,0.006,1.048,0.261,0.081,2.004,2.396,0.307,33.972,16.670
Colo9345_rep10_Dep6_Tu50,5.015,0.143,6.104,8.695,18.794,0.487,0.031,1.786,0.097,0.366,6.393,0.001,14.944,37.144
Colo9345_rep2_Dep6_Tu50,3.091,3.605,9.755,8.651,0.862,4.718,0.740,0.499,0.365,1.291,1.053,0.128,0.019,65.224
Colo9345_rep10_Dep6_Tu40,1.920,3.335,4.851,5.206,22.565,0.130,2.955,0.248,1.340,0.456,0.799,0.406,21.626,34.161
Colo9345_rep9_Dep6_Tu20,1.549,2.411,0.866,0.933,44.050,0.000,0.431,0.041,0.535,0.245,2.153,0.005,28.855,17.926
Colo9345_rep8_Dep6_Tu3,0.000,0.000,0.000,1.086,42.493,0.000,0.000,0.001,0.002,6.278,2.194,0.072,47.875,0.000
Colo9345_rep5_Dep6_Tu3,1.637,4.452,0.000,0.435,43.887,0.002,0.000,0.017,0.001,3.490,2.967,0.091,35.482,7.539
Colo9345_rep1_Dep6_Tu40,2.861,3.503,8.369,8.591,0.537,4.100,0.815,0.339,1.838,2.212,2.013,0.609,2.944,61.269
Colo9345_rep9_Dep6_Tu0.3,0.000,0.000,0.000,0.000,39.780,0.000,0.000,0.000,0.000,1.199,6.011,0.001,53.009,0.000
Colo9345_rep4_Dep6_Tu1,0.000,0.000,0.000,0.264,52.003,0.000,0.571,0.009,0.148,2.586,7.586,0.094,34.915,1.824
Colo9345_rep10_Dep6_Tu20,0.131,0.361,0.184,0.470,34.273,2.423,0.002,2.179,0.559,1.110,3.293,1.003,32.611,21.400
Colo9345_rep1_Dep6_Tu1,0.002,0.008,1.438,1.073,41.280,0.000,0.018,0.131,0.779,3.694,6.617,0.970,43.967,0.026
Colo9345_rep6_Dep6_Tu50,0.000,82.438,0.000,0.000,0.000,0.000,0.000,0.000,0.000,0.000,0.000,0.000,17.561,0.001
Colo9345_rep7_Dep6_Tu0.5,0.000,0.000,0.000,1.275,46.840,2.034,0.000,0.001,0.012,3.352,4.816,0.007,41.664,0.000
Colo9345_rep10_Dep6_Tu0.3,0.000,0.000,0.000,0.000,41.136,0.000,0.000,0.001,0.132,0.351,10.297,0.403,47.680,0.000
Colo9345_rep9_Dep6_Tu3,0.016,0.000,0.000,0.000,48.952,0.000,0.000,2.051,0.047,1.133,5.546,0.352,39.937,1.965
Colo9345_rep3_Dep6_Tu0.1,0.000,0.000,0.000,0.000,43.977,0.003,0.000,0.001,0.000,1.888,8.800,0.041,45.291,0.000
Colo9345_rep6_Dep6_Tu20,2.182,0.304,6.554,7.127,17.404,0.542,0.115,1.896,1.791,3.357,3.050,0.240,12.813,42.625
Colo9345_rep8_Dep6_Tu0.5,0.000,0.000,0.000,0.000,49.718,0.000,0.181,0.000,0.003,0.365,7.729,0.000,42.003,0.000
Colo9345_rep9_Dep6_Tu0.5,0.000,0.000,0.000,0.000,48.275,0.000,0.000,0.009,0.001,0.176,8.398,0.085,43.056,0.000
Colo9345_rep9_Dep6_Tu2,0.000,0.000,0.000,0.074,56.947,0.001,0.001,0.000,0.001,1.477,2.937,0.025,38.499,0.038
Colo9345_rep8_Dep6_Tu0.3,0.000,0.000,0.000,0.000,40.391,0.000,0.000,0.000,0.000,1.125,5.826,0.001,52.657,0.000
Colo9345_rep6_Dep6_Tu0.5,0.000,0.000,0.000,0.995,43.839,0.011,0.101,0.083,0.891,2.863,5.999,0.190,45.029,0.000
Colo9345_rep4_Dep6_Tu0.1,0.000,0.000,0.000,0.000,44.868,0.000,0.000,0.000,0.000,1.424,6.105,0.001,47.603,0.000
Colo9345_rep1_Dep6_Tu0.3,0.000,0.000,0.000,0.000,43.276,0.554,0.033,0.048,0.041,0.459,9.338,0.384,45.867,0.000
Colo9345_rep5_Dep6_Tu30,0.204,2.988,9.948,7.508,9.420,3.693,1.646,0.740,0.646,3.362,1.177,0.045,4.649,53.974
Colo9345_rep2_Dep6_Tu2,0.489,0.087,0.258,0.240,45.907,0.759,0.011,0.002,0.005,2.660,5.498,0.002,39.592,4.489
Colo9345_rep4_Dep6_Tu40,4.686,3.260,7.764,7.574,5.071,1.114,0.929,0.252,0.421,4.775,2.086,0.098,0.086,61.884
Colo9345_rep7_Dep6_Tu30,2.882,2.996,7.663,7.923,7.801,1.566,1.162,1.256,0.046,2.999,0.369,0.219,8.393,54.725
Colo9345_rep5_Dep6_Tu0.3,0.000,0.001,0.000,0.000,50.437,0.000,0.000,0.004,0.058,0.632,7.460,1.775,39.628,0.005
Colo9345_rep5_Dep6_Tu0.5,1.198,0.000,0.000,0.007,46.602,0.000,0.000,0.000,0.000,0.023,7.578,0.000,44.591,0.000
Colo9345_rep2_Dep6_Tu1,0.000,1.724,0.087,0.000,45.588,0.000,0.000,0.317,0.099,0.379,7.237,0.200,40.660,3.708
Colo9345_rep2_Dep6_Tu3,0.000,0.411,0.000,0.012,34.636,0.000,0.000,0.541,0.025,5.297,7.023,0.736,37.102,14.217
Colo9345_rep4_Dep6_Tu30,1.469,2.225,9.954,7.054,13.258,2.647,0.301,0.202,0.090,1.971,1.872,0.004,4.337,54.616
Colo9345_rep7_Dep6_Tu2,0.000,0.144,0.000,0.698,47.450,0.030,0.163,0.001,0.000,1.419,3.280,0.000,38.960,7.856
Colo9345_rep8_Dep6_Tu40,0.018,1.218,1.155,4.232,30.587,3.050,0.487,0.390,0.730,0.775,6.369,0.575,13.749,36.666
Colo9345_rep10_Dep6_Tu3,0.000,0.000,0.000,0.186,46.528,0.000,0.136,0.023,0.007,1.141,7.922,0.172,43.551,0.335
Colo9345_rep3_Dep6_Tu0.3,0.000,0.000,0.000,0.011,50.666,0.002,1.324,0.001,0.013,0.131,6.615,0.000,39.826,1.411
Colo9345_rep5_Dep6_Tu0.1,0.000,0.000,0.000,0.000,44.925,0.000,0.007,0.000,0.000,1.329,6.856,0.002,46.880,0.000
Colo9345_rep2_Dep6_Tu0.5,0.000,0.212,0.000,0.000,46.194,0.002,0.000,0.000,0.000,1.615,7.119,0.001,44.857,0.000
Colo9345_rep6_Dep6_Tu10,0.475,0.071,1.239,5.981,31.375,1.066,0.803,0.037,0.097,1.396,5.442,1.568,23.284,27.165
Colo9345_rep9_Dep6_Tu0.1,0.000,0.000,0.000,0.000,42.756,0.000,0.024,0.026,0.326,4.728,6.251,0.853,45.037,0.000
Colo9345_rep7_Dep6_Tu10,0.019,7.773,0.576,1.447,32.444,0.031,0.009,0.042,0.037,0.177,4.180,0.022,20.910,32.334
Colo9345_rep10_Dep6_Tu2,0.000,0.000,0.000,0.039,46.770,1.158,0.013,0.005,0.001,2.362,3.300,0.002,46.017,0.333
Colo9345_rep7_Dep6_Tu40,0.000,73.190,0.000,0.000,0.007,0.000,0.000,0.000,0.000,0.000,0.000,0.000,23.279,3.524
Colo9345_rep8_Dep6_Tu20,2.483,2.001,1.581,2.235,39.149,0.001,0.011,0.308,0.853,0.817,0.964,0.586,32.866,16.146
Colo9345_rep3_Dep6_Tu5,0.207,0.523,0.010,4.961,34.897,2.891,0.006,0.018,0.010,1.952,1.970,0.028,36.139,16.387
Colo9345_rep5_Dep6_Tu2,0.000,3.832,0.000,0.004,45.412,0.000,0.002,0.382,0.460,0.802,2.282,1.554,39.403,5.868
Colo9345_rep1_Dep6_Tu30,1.975,1.976,8.480,8.770,4.564,3.340,1.246,0.498,0.439,4.029,2.518,0.069,6.957,55.138
Colo9345_rep10_Dep6_Tu1,0.000,0.000,0.000,0.000,44.745,0.000,0.000,0.000,0.003,4.271,3.111,0.103,47.765,0.000
Colo9345_rep4_Dep6_Tu10,2.468,0.192,1.619,4.475,32.247,0.002,0.134,0.012,0.071,2.463,5.968,0.053,20.914,29.382
Colo9345_rep3_Dep6_Tu3,0.000,0.005,0.000,4.450,45.529,0.001,0.010,0.037,0.027,3.791,4.070,0.242,32.522,9.317
Colo9345_rep5_Dep6_Tu50,2.247,3.990,12.852,10.842,0.006,3.742,2.257,0.990,0.046,0.159,0.006,0.002,0.002,62.859
Colo9345_rep2_Dep6_Tu40,4.596,2.031,9.075,8.537,0.099,1.228,1.932,1.696,0.666,2.286,2.187,0.475,3.140,62.051
Colo9345_rep1_Dep6_Tu2,0.000,0.000,0.487,0.000,46.207,0.000,0.003,0.002,0.001,0.537,3.616,0.001,40.539,8.608
Colo9345_rep2_Dep6_Tu5,0.079,2.380,0.001,0.056,41.650,0.029,0.000,0.012,0.005,4.671,1.782,0.011,32.947,16.377
Colo9345_rep2_Dep6_Tu0.1,0.000,0.000,0.000,0.000,41.268,0.000,0.000,0.095,0.867,4.142,5.949,1.298,46.381,0.000
Colo9345_rep10_Dep6_Tu5,0.000,3.739,0.000,2.165,44.215,0.000,0.002,0.116,0.017,1.610,6.456,0.084,41.517,0.079
Colo9345_rep1_Dep6_Tu0.5,0.000,0.000,0.000,0.000,46.739,0.282,0.009,0.022,0.028,1.797,5.893,0.000,43.849,1.382
Colo9345_rep8_Dep6_Tu10,0.000,0.481,0.001,3.435,33.875,0.481,1.668,0.965,0.919,0.835,5.069,0.629,44.370,7.271
Colo9345_rep9_Dep6_Tu5,0.000,0.000,0.000,0.000,43.826,0.000,0.103,0.228,0.357,4.238,4.576,0.393,38.950,7.329
Colo9345_rep7_Dep6_Tu1,0.000,0.000,0.606,0.853,47.392,0.000,0.000,0.001,0.002,0.029,8.471,0.037,39.983,2.626
Colo9345_rep5_Dep6_Tu5,0.850,2.409,1.396,0.005,42.049,0.000,0.082,0.831,0.960,3.343,4.161,0.437,27.470,16.007
Colo9345_rep7_Dep6_Tu50,3.270,0.872,9.984,11.718,0.000,3.149,2.108,0.880,0.682,2.465,1.199,0.014,0.000,63.658
Colo9345_rep3_Dep6_Tu20,2.997,6.176,6.284,3.473,15.728,0.001,0.005,0.200,0.298,0.388,0.958,0.127,14.794,48.572
Colo9345_rep8_Dep6_Tu1,0.000,0.000,0.000,0.000,44.099,0.000,0.000,0.000,0.000,1.671,6.281,1.612,46.337,0.000
Colo9345_rep4_Dep6_Tu5,1.798,0.491,0.000,0.000,36.171,0.001,0.002,0.284,0.881,2.597,3.473,1.070,32.351,20.881
Colo9345_rep10_Dep6_Tu30,2.913,9.683,1.553,1.389,28.981,2.626,0.238,0.025,0.037,0.675,3.169,0.004,23.185,25.523
Colo9345_rep10_Dep6_Tu0.5,0.000,0.000,0.000,0.000,42.795,0.000,0.008,0.000,0.000,2.009,7.966,0.070,47.153,0.000
Colo9345_rep8_Dep6_Tu2,0.000,2.918,0.000,0.000,42.457,0.000,0.007,0.003,0.003,0.609,6.863,0.632,45.552,0.955
Colo9345_rep7_Dep6_Tu0.3,0.000,0.000,0.000,0.001,49.071,0.000,0.000,0.000,0.000,2.467,5.100,0.002,42.651,0.708
Colo9345_rep4_Dep6_Tu3,0.000,0.012,0.000,0.000,39.261,0.001,0.026,0.154,0.186,2.650,4.074,0.062,39.831,13.742
Colo9345_rep3_Dep6_Tu0.5,0.000,0.169,0.000,0.000,42.780,0.000,0.003,0.046,1.104,2.809,9.696,0.872,42.521,0.000
Colo9345_rep8_Dep6_Tu50,4.928,1.082,0.961,5.198,15.167,0.106,1.410,1.666,0.077,3.627,5.825,1.589,11.579,46.783
Colo9345_rep2_Dep6_Tu30,4.681,6.836,5.807,7.048,6.931,0.551,0.356,0.153,0.077,0.266,3.245,0.688,8.980,54.383
Colo9345_rep8_Dep6_Tu5,0.000,0.000,0.000,0.004,45.967,2.598,0.036,0.001,0.096,1.452,7.166,0.870,37.778,4.032
Colo9345_rep1_Dep6_Tu50,3.620,3.935,9.778,9.543,0.000,3.752,1.455,1.080,0.847,1.945,0.003,0.028,0.001,64.014
Colo9345_rep8_Dep6_Tu0.1,0.000,0.000,0.000,0.000,43.739,0.000,0.163,0.777,0.064,0.690,5.275,1.439,47.853,0.000
Colo9345_rep6_Dep6_Tu0.3,0.000,0.016,0.000,0.071,42.916,0.000,0.015,0.002,0.143,2.766,10.567,1.063,42.440,0.000
Colo9345_rep9_Dep6_Tu1,0.000,0.000,0.000,0.000,44.959,0.000,0.030,0.003,0.004,1.628,7.227,0.013,46.136,0.000
Colo9345_rep7_Dep6_Tu3,0.000,0.655,0.000,0.000,47.251,0.180,0.005,0.012,0.144,0.629,5.524,0.947,29.416,15.236
Colo9345_rep9_Dep6_Tu40,3.306,6.370,1.591,0.743,19.417,1.895,0.220,0.720,0.020,3.200,2.671,0.004,21.229,38.614
Colo9345_rep3_Dep6_Tu2,0.000,0.061,0.000,0.000,45.604,0.007,0.003,0.001,0.002,0.061,7.807,0.484,35.981,9.989
Colo9345_rep2_Dep6_Tu0.3,0.000,0.014,0.000,0.000,46.299,0.002,0.000,0.003,0.010,4.078,1.808,0.008,47.779,0.000
Colo9345_rep4_Dep6_Tu0.3,0.000,0.000,0.000,0.000,52.866,0.000,0.000,0.000,0.000,0.240,4.372,0.024,42.498,0.000
Colo9345_rep9_Dep6_Tu30,0.000,1.879,0.030,0.078,32.222,0.332,0.102,0.067,0.003,0.498,5.316,2.702,25.426,31.345
Colo9345_rep6_Dep6_Tu40,3.089,4.352,9.311,8.157,0.224,2.590,0.759,1.333,0.093,1.309,3.427,1.037,1.577,62.741
Colo9345_rep10_Dep6_Tu0.1,0.000,0.000,0.000,0.000,43.554,0.000,0.000,0.014,0.029,2.733,7.430,1.920,44.320,0.000
Colo9345_rep4_Dep6_Tu50,2.200,3.045,9.246,9.332,0.000,4.978,1.714,1.094,1.478,0.220,0.010,0.094,0.000,66.589
