Sample,BRCA,CEAD,CESC,COAD,OV,READ,bcell,cd4tcell,cd8tcell,erythroblast,monocyte,naturalkillercell,neutrophil
Colo9345_rep1_Dep6_Tu5,0.108,6.350,21.168,1.024,35.473,0.000,0.048,0.058,0.204,1.390,4.335,0.000,29.841
Colo9345_rep8_Dep6_Tu30,0.000,0.625,37.908,0.000,35.646,0.001,0.001,0.000,0.002,0.063,3.799,0.003,21.952
Colo9345_rep5_Dep6_Tu1,0.000,0.461,3.865,0.000,47.548,0.000,0.169,0.147,0.662,4.606,5.145,0.341,37.057
Colo9345_rep5_Dep6_Tu20,0.175,7.776,54.202,7.676,10.373,0.018,0.115,0.048,0.932,1.089,3.889,0.046,13.662
Colo9345_rep7_Dep6_Tu20,0.239,8.560,55.737,4.917,17.272,0.013,0.296,0.247,0.015,0.629,0.543,0.018,11.513
Colo9345_rep6_Dep6_Tu2,0.018,0.004,7.659,0.178,45.651,0.128,0.013,0.200,0.736,2.018,2.597,0.067,40.731
Colo9345_rep10_Dep6_Tu10,0.000,3.659,11.680,0.000,41.951,0.000,0.000,0.004,0.000,3.253,3.743,0.234,35.473
Colo9345_rep1_Dep6_Tu10,0.000,4.256,38.197,4.234,26.244,0.535,1.977,0.199,0.070,1.130,4.249,0.411,18.498
Colo9345_rep3_Dep6_Tu30,0.238,9.034,74.046,3.785,6.491,0.012,0.007,0.000,0.005,0.002,1.522,0.001,4.855
Colo9345_rep6_Dep6_Tu1,0.000,2.235,0.009,0.643,47.431,0.000,0.005,0.007,0.002,2.037,1.014,0.315,46.301
Colo9345_rep2_Dep6_Tu10,0.003,5.544,38.037,1.723,30.908,0.102,0.000,0.000,0.001,0.048,4.421,0.000,19.212
Colo9345_rep6_Dep6_Tu5,0.000,2.484,20.230,4.311,39.236,0.207,0.121,0.000,0.000,0.219,1.270,0.000,31.921
Colo9345_rep5_Dep6_Tu10,0.186,6.797,40.064,0.487,27.175,0.000,0.001,0.021,0.002,1.962,3.607,0.000,19.697
Colo9345_rep5_Dep6_Tu40,0.025,7.780,80.445,8.945,0.020,0.201,0.057,0.243,0.041,0.079,2.068,0.011,0.084
Colo9345_rep1_Dep6_Tu0.1,0.000,0.000,0.000,0.000,34.640,0.000,0.001,0.002,0.005,4.329,5.207,0.054,55.763
Colo9345_rep3_Dep6_Tu10,0.044,8.555,36.544,1.021,29.877,0.008,0.000,0.002,0.000,0.012,3.576,0.000,20.361
Colo9345_rep4_Dep6_Tu2,0.000,0.016,9.930,0.001,42.955,0.270,0.000,0.001,0.022,0.238,5.605,0.446,40.517
Colo9345_rep2_Dep6_Tu20,0.108,12.189,58.734,5.177,11.332,0.182,0.013,0.002,0.009,0.000,2.068,0.000,10.186
Colo9345_rep3_Dep6_Tu50,0.057,4.901,86.386,8.655,0.000,0.000,0.000,0.000,0.000,0.000,0.000,0.000,0.000
Colo9345_rep6_Dep6_Tu0.1,0.000,0.000,0.000,0.000,45.771,0.000,0.027,0.026,0.256,0.409,9.684,0.003,43.823
Colo9345_rep3_Dep6_Tu40,2.060,11.963,79.666,5.607,0.007,0.279,0.024,0.073,0.002,0.000,0.010,0.171,0.137
Colo9345_rep6_Dep6_Tu3,0.895,1.301,8.988,1.086,44.203,0.571,0.213,0.068,0.020,0.119,7.154,0.000,35.380
Colo9345_rep9_Dep6_Tu50,0.000,0.903,54.253,5.779,25.049,0.541,0.000,0.000,0.001,0.592,2.465,0.000,10.416
Colo9345_rep1_Dep6_Tu3,0.000,2.526,14.824,0.350,42.348,1.429,0.000,0.004,0.000,0.101,7.222,0.075,31.121
Colo9345_rep6_Dep6_Tu30,0.002,13.284,71.246,4.170,2.186,0.288,0.000,0.056,0.390,0.170,0.482,0.996,6.731
Colo9345_rep1_Dep6_Tu20,0.000,13.568,57.506,5.163,11.092,0.122,0.002,0.007,0.052,0.069,1.231,0.628,10.559
Colo9345_rep4_Dep6_Tu0.5,0.923,0.032,0.000,0.000,47.035,0.032,0.041,0.021,0.001,2.257,6.763,0.126,42.769
Colo9345_rep9_Dep6_Tu10,0.000,5.302,7.833,2.887,39.378,0.000,0.004,0.002,0.000,0.316,6.267,0.000,38.011
Colo9345_rep3_Dep6_Tu1,0.000,3.433,0.013,0.000,48.822,0.000,0.003,0.001,0.002,0.545,6.391,0.399,40.390
Colo9345_rep7_Dep6_Tu0.1,0.000,0.000,0.000,0.000,48.175,0.000,0.000,0.000,0.000,0.943,7.396,0.004,43.483
Colo9345_rep4_Dep6_Tu20,0.003,9.322,60.448,3.499,12.054,0.002,0.626,0.034,0.252,0.002,1.767,0.998,10.993
Colo9345_rep7_Dep6_Tu5,0.000,8.881,17.404,3.113,34.004,0.019,0.194,0.060,0.053,1.311,1.724,0.018,33.217
Colo9345_rep10_Dep6_Tu50,3.009,3.141,48.448,8.475,16.470,0.069,0.001,0.490,0.013,0.068,5.393,0.000,14.422
Colo9345_rep2_Dep6_Tu50,0.008,5.649,85.601,8.679,0.000,0.064,0.000,0.000,0.000,0.000,0.000,0.000,0.000
Colo9345_rep10_Dep6_Tu40,0.294,8.245,42.735,5.132,19.805,0.027,1.777,0.105,0.412,0.328,0.392,0.106,20.642
Colo9345_rep9_Dep6_Tu20,0.199,5.533,21.396,0.881,42.046,0.000,0.051,0.002,0.185,0.114,1.600,0.001,27.993
Colo9345_rep8_Dep6_Tu3,0.000,0.011,0.000,1.010,42.709,0.000,0.000,0.001,0.004,6.443,2.184,0.140,47.498
Colo9345_rep5_Dep6_Tu3,1.498,6.619,7.294,0.860,43.264,0.005,0.000,0.012,0.001,3.165,2.549,0.038,34.695
Colo9345_rep1_Dep6_Tu40,0.023,10.295,79.243,8.234,0.009,1.193,0.002,0.003,0.273,0.086,0.039,0.000,0.598
Colo9345_rep9_Dep6_Tu0.3,0.000,0.000,0.000,0.000,39.794,0.000,0.000,0.000,0.000,1.392,6.034,0.003,52.777
Colo9345_rep4_Dep6_Tu1,0.000,0.154,0.630,0.964,53.532,0.000,0.546,0.023,0.187,2.507,7.265,0.083,34.110
Colo9345_rep10_Dep6_Tu20,0.000,2.830,25.246,0.604,32.772,1.132,0.000,1.110,0.217,0.604,2.442,0.567,32.477
Colo9345_rep1_Dep6_Tu1,0.311,0.000,0.296,1.208,41.786,0.000,0.026,0.160,1.167,3.791,6.636,1.103,43.515
Colo9345_rep6_Dep6_Tu50,0.000,85.944,0.000,0.000,0.000,0.000,0.000,0.000,0.000,0.000,0.000,0.000,14.056
Colo9345_rep7_Dep6_Tu0.5,0.000,0.000,0.000,1.179,47.562,2.007,0.000,0.001,0.012,3.350,4.741,0.011,41.136
Colo9345_rep10_Dep6_Tu0.3,0.000,0.000,0.000,0.000,40.995,0.000,0.000,0.029,0.186,0.444,10.309,0.538,47.498
Colo9345_rep9_Dep6_Tu3,0.157,0.025,1.878,0.000,49.605,0.000,0.000,2.163,0.080,1.114,5.332,0.366,39.280
Colo9345_rep3_Dep6_Tu0.1,0.000,0.000,0.000,0.000,43.791,0.000,0.000,0.001,0.000,2.223,8.841,0.085,45.059
Colo9345_rep6_Dep6_Tu20,0.177,3.650,55.487,6.791,15.392,0.046,0.001,1.200,0.668,2.252,2.035,0.066,12.235
Colo9345_rep8_Dep6_Tu0.5,0.000,0.000,0.000,0.000,49.661,0.000,0.221,0.001,0.009,0.501,7.826,0.000,41.781
Colo9345_rep9_Dep6_Tu0.5,0.000,0.000,0.000,0.000,48.366,0.000,0.000,0.009,0.005,0.257,8.463,0.166,42.734
Colo9345_rep9_Dep6_Tu2,0.000,0.000,0.000,0.001,57.207,0.000,0.001,0.001,0.002,1.776,2.935,0.067,38.010
Colo9345_rep8_Dep6_Tu0.3,0.000,0.000,0.000,0.000,40.413,0.000,0.000,0.000,0.000,1.307,5.855,0.002,52.423
Colo9345_rep6_Dep6_Tu0.5,0.000,0.000,0.000,0.898,43.722,0.002,0.124,0.029,1.536,2.938,5.955,0.120,44.676
Colo9345_rep4_Dep6_Tu0.1,0.000,0.000,0.000,0.000,45.010,0.000,0.000,0.001,0.000,1.545,6.151,0.002,47.291
Colo9345_rep1_Dep6_Tu0.3,0.000,0.000,0.000,0.000,43.461,0.325,0.033,0.066,0.078,0.531,9.379,0.584,45.543
Colo9345_rep5_Dep6_Tu30,0.001,8.777,69.360,7.566,6.817,1.579,0.168,0.096,0.069,1.517,0.470,0.000,3.580
Colo9345_rep2_Dep6_Tu2,0.418,0.836,4.929,0.374,45.715,0.720,0.003,0.002,0.007,2.596,5.247,0.002,39.151
Colo9345_rep4_Dep6_Tu40,0.448,8.290,81.212,6.606,0.935,0.012,0.016,0.004,0.006,2.388,0.028,0.000,0.054
Colo9345_rep7_Dep6_Tu30,0.113,8.541,70.913,7.455,4.309,0.117,0.020,0.048,0.000,1.103,0.053,0.016,7.311
Colo9345_rep5_Dep6_Tu0.3,0.000,0.031,0.000,0.000,50.331,0.000,0.000,0.012,0.111,0.744,7.481,1.991,39.298
Colo9345_rep5_Dep6_Tu0.5,1.300,0.000,0.000,0.000,46.728,0.000,0.000,0.001,0.000,0.037,7.615,0.001,44.318
Colo9345_rep2_Dep6_Tu1,0.000,3.825,3.304,0.001,45.079,0.000,0.000,0.226,0.153,0.356,6.827,0.157,40.072
Colo9345_rep2_Dep6_Tu3,0.000,3.546,15.222,0.145,33.488,0.000,0.000,0.193,0.005,4.377,6.209,0.198,36.619
Colo9345_rep4_Dep6_Tu30,0.016,8.009,70.898,6.744,9.191,0.474,0.001,0.001,0.001,0.318,0.636,0.000,3.712
Colo9345_rep7_Dep6_Tu2,0.000,2.178,7.230,1.389,47.083,0.064,0.043,0.000,0.000,1.007,2.656,0.000,38.350
Colo9345_rep8_Dep6_Tu40,0.000,3.954,45.097,3.696,27.085,1.151,0.003,0.056,0.060,0.145,5.201,0.034,13.517
Colo9345_rep10_Dep6_Tu3,0.000,0.001,0.002,0.295,47.310,0.000,0.092,0.062,0.012,1.125,7.877,0.290,42.934
Colo9345_rep3_Dep6_Tu0.3,0.000,0.000,0.566,0.415,51.979,0.013,1.538,0.002,0.013,0.112,6.277,0.000,39.086
Colo9345_rep5_Dep6_Tu0.1,0.000,0.000,0.000,0.000,44.743,0.000,0.011,0.001,0.000,1.577,6.947,0.006,46.715
Colo9345_rep2_Dep6_Tu0.5,0.000,0.208,0.000,0.000,45.964,0.008,0.000,0.002,0.000,1.981,7.181,0.005,44.652
Colo9345_rep6_Dep6_Tu10,0.000,1.694,33.788,5.574,29.120,0.318,0.099,0.003,0.035,0.843,4.632,0.903,22.990
Colo9345_rep9_Dep6_Tu0.1,0.000,0.000,0.000,0.000,42.267,0.000,0.029,0.024,0.323,5.077,6.313,1.088,44.878
Colo9345_rep7_Dep6_Tu10,0.000,8.805,38.786,1.166,27.915,0.001,0.000,0.000,0.000,0.006,2.960,0.000,20.361
Colo9345_rep10_Dep6_Tu2,0.000,0.000,0.008,0.013,47.631,1.324,0.013,0.006,0.004,2.419,3.224,0.004,45.354
Colo9345_rep7_Dep6_Tu40,0.000,80.584,0.000,0.000,0.006,0.000,0.000,0.000,0.000,0.000,0.000,0.000,19.409
Colo9345_rep8_Dep6_Tu20,1.315,5.537,19.243,2.353,37.326,0.001,0.003,0.170,0.267,0.636,0.602,0.362,32.187
Colo9345_rep3_Dep6_Tu5,0.005,1.908,19.774,4.561,33.069,2.397,0.000,0.001,0.000,1.024,1.348,0.002,35.913
Colo9345_rep5_Dep6_Tu2,0.000,7.784,3.953,0.683,45.776,0.008,0.001,0.181,0.254,0.388,1.546,1.042,38.384
Colo9345_rep1_Dep6_Tu30,0.018,6.806,72.038,8.352,2.398,1.142,0.041,0.018,0.009,1.696,1.386,0.001,6.095
Colo9345_rep10_Dep6_Tu1,0.000,0.000,0.000,0.000,44.491,0.000,0.000,0.001,0.007,4.641,3.144,0.170,47.547
Colo9345_rep4_Dep6_Tu10,0.092,2.047,37.414,3.890,30.002,0.000,0.004,0.001,0.004,1.195,5.065,0.002,20.284
Colo9345_rep3_Dep6_Tu3,0.000,0.365,10.187,4.894,45.289,0.001,0.002,0.026,0.036,3.455,3.644,0.089,32.012
Colo9345_rep5_Dep6_Tu50,0.063,5.930,82.407,11.508,0.000,0.090,0.001,0.000,0.000,0.000,0.000,0.000,0.000
Colo9345_rep2_Dep6_Tu40,0.499,9.540,80.579,8.041,0.007,0.023,0.148,0.138,0.074,0.262,0.476,0.012,0.201
Colo9345_rep1_Dep6_Tu2,0.000,0.400,10.229,0.000,45.840,0.001,0.001,0.000,0.001,0.266,3.198,0.000,40.064
Colo9345_rep2_Dep6_Tu5,0.000,6.023,17.555,0.235,39.214,0.005,0.000,0.001,0.001,3.466,1.170,0.001,32.329
Colo9345_rep2_Dep6_Tu0.1,0.000,0.000,0.000,0.000,40.899,0.000,0.000,0.083,1.063,4.430,5.949,1.417,46.158
Colo9345_rep10_Dep6_Tu5,0.000,5.357,0.000,1.755,43.833,0.000,0.002,0.141,0.039,1.602,6.244,0.129,40.900
Colo9345_rep1_Dep6_Tu0.5,0.000,0.000,1.323,0.000,47.312,0.351,0.002,0.047,0.072,1.834,5.772,0.000,43.286
Colo9345_rep8_Dep6_Tu10,0.000,2.854,6.726,4.029,33.956,0.539,1.168,0.931,0.442,0.617,4.605,0.375,43.757
Colo9345_rep9_Dep6_Tu5,0.000,0.201,8.277,0.063,44.329,0.000,0.038,0.213,0.292,3.876,4.205,0.216,38.289
Colo9345_rep7_Dep6_Tu1,0.000,0.000,2.956,1.096,48.147,0.000,0.000,0.002,0.002,0.035,8.278,0.053,39.432
Colo9345_rep5_Dep6_Tu5,0.101,5.983,18.757,0.043,40.411,0.000,0.040,0.566,0.451,2.895,3.542,0.307,26.904
Colo9345_rep7_Dep6_Tu50,0.160,4.234,83.803,11.588,0.000,0.154,0.008,0.004,0.010,0.037,0.002,0.000,0.000
Colo9345_rep3_Dep6_Tu20,0.110,12.074,61.111,3.135,9.722,0.000,0.000,0.001,0.001,0.007,0.172,0.000,13.666
Colo9345_rep8_Dep6_Tu1,0.000,0.000,0.000,0.000,44.085,0.000,0.000,0.000,0.000,1.767,6.282,1.812,46.054
Colo9345_rep4_Dep6_Tu5,0.004,4.214,24.346,0.000,34.909,0.000,0.000,0.132,0.118,1.595,2.475,0.562,31.645
Colo9345_rep10_Dep6_Tu30,1.017,12.906,31.747,1.274,26.282,1.737,0.021,0.004,0.003,0.288,2.345,0.000,22.376
Colo9345_rep10_Dep6_Tu0.5,0.000,0.000,0.000,0.000,42.714,0.000,0.009,0.000,0.000,2.211,8.018,0.145,46.903
Colo9345_rep8_Dep6_Tu2,0.002,4.391,0.327,0.000,42.356,0.000,0.013,0.001,0.006,0.688,6.612,0.711,44.893
Colo9345_rep7_Dep6_Tu0.3,0.000,0.000,0.139,0.072,50.940,0.000,0.000,0.000,0.000,2.307,4.871,0.004,41.667
Colo9345_rep4_Dep6_Tu3,0.000,1.339,15.669,0.000,38.444,0.001,0.003,0.035,0.028,1.808,3.453,0.009,39.212
Colo9345_rep3_Dep6_Tu0.5,0.000,0.005,0.000,0.000,42.490,0.000,0.010,0.061,1.300,3.071,9.745,1.037,42.283
Colo9345_rep8_Dep6_Tu50,0.073,5.593,59.582,3.905,12.344,0.004,0.068,0.495,0.044,1.930,4.771,0.671,10.520
Colo9345_rep2_Dep6_Tu30,0.547,10.955,70.299,6.264,2.249,0.012,0.000,0.001,0.000,0.003,1.794,0.001,7.875
Colo9345_rep8_Dep6_Tu5,0.000,0.011,4.120,0.113,46.668,3.007,0.016,0.005,0.067,1.324,6.861,0.743,37.065
Colo9345_rep1_Dep6_Tu50,0.130,6.183,83.821,9.787,0.000,0.068,0.000,0.010,0.000,0.001,0.000,0.000,0.000
Colo9345_rep8_Dep6_Tu0.1,0.000,0.000,0.000,0.000,43.354,0.000,0.201,0.872,0.181,0.863,5.318,1.614,47.597
Colo9345_rep6_Dep6_Tu0.3,0.000,0.000,0.000,0.040,42.495,0.000,0.041,0.000,0.206,3.070,10.628,1.263,42.257
Colo9345_rep9_Dep6_Tu1,0.000,0.000,0.000,0.000,44.819,0.000,0.046,0.009,0.006,1.898,7.259,0.028,45.935
Colo9345_rep7_Dep6_Tu3,0.000,3.112,16.956,0.003,45.653,0.187,0.000,0.002,0.017,0.270,4.659,0.374,28.767
Colo9345_rep9_Dep6_Tu40,0.173,10.346,48.457,0.528,15.988,0.560,0.003,0.022,0.000,1.590,1.592,0.000,20.741
Colo9345_rep3_Dep6_Tu2,0.000,1.522,11.004,0.001,44.705,0.030,0.001,0.000,0.002,0.019,7.148,0.145,35.423
Colo9345_rep2_Dep6_Tu0.3,0.000,0.000,0.000,0.000,46.061,0.000,0.000,0.002,0.025,4.506,1.842,0.018,47.545
Colo9345_rep4_Dep6_Tu0.3,0.000,0.000,0.000,0.000,52.950,0.000,0.000,0.000,0.000,0.330,4.482,0.063,42.176
Colo9345_rep9_Dep6_Tu30,0.000,6.291,35.443,0.186,28.223,0.018,0.000,0.001,0.000,0.038,3.711,1.131,24.958
Colo9345_rep6_Dep6_Tu40,0.065,9.122,81.996,7.843,0.011,0.074,0.001,0.021,0.001,0.017,0.805,0.017,0.026
Colo9345_rep10_Dep6_Tu0.1,0.000,0.000,0.000,0.000,43.514,0.000,0.000,0.023,0.047,2.844,7.456,2.111,44.005
Colo9345_rep4_Dep6_Tu50,0.002,3.649,86.662,9.519,0.000,0.167,0.000,0.001,0.000,0.000,0.000,0.000,0.000
