Sample,BRCA,CEAD,CESC,COAD,OV,READ,bcell,cd4tcell,cd8tcell,erythroblast,monocyte,naturalkillercell,neutrophil,Unknown-1
Colo9345_rep1_Dep6_Tu5,6.039,42.393,0.000,16.798,24.850,0.000,0.000,0.000,0.000,2.997,6.923,0.000,0.000,0.000
Colo9345_rep8_Dep6_Tu30,19.316,40.259,0.000,17.594,13.253,2.694,0.000,0.000,0.000,1.443,5.440,0.000,0.000,0.000
Colo9345_rep5_Dep6_Tu1,1.837,49.758,0.579,1.163,23.276,0.000,0.000,0.000,0.000,16.337,7.050,0.000,0.000,0.000
Colo9345_rep5_Dep6_Tu20,19.236,20.245,0.000,39.582,4.219,8.551,0.000,0.000,0.000,4.259,3.906,0.000,0.000,0.000
Colo9345_rep7_Dep6_Tu20,16.456,19.310,0.000,32.811,13.467,6.780,0.000,0.000,0.000,2.263,0.296,0.000,0.000,8.616
Colo9345_rep6_Dep6_Tu2,0.524,52.184,0.000,3.892,21.921,0.050,0.000,0.000,0.000,9.760,6.914,0.000,4.755,0.000
Colo9345_rep10_Dep6_Tu10,3.488,49.244,0.000,6.407,16.857,0.055,0.000,0.000,0.000,11.558,12.392,0.000,0.000,0.000
Colo9345_rep1_Dep6_Tu10,9.808,27.173,0.000,25.585,9.648,5.153,12.217,0.000,0.000,6.138,4.278,0.000,0.000,0.000
Colo9345_rep3_Dep6_Tu30,23.488,11.547,0.000,42.484,5.127,7.790,0.000,0.000,0.000,0.000,1.125,0.000,0.000,8.438
Colo9345_rep6_Dep6_Tu1,1.480,64.715,0.000,0.742,8.359,0.000,0.000,0.000,0.000,14.698,10.005,0.000,0.000,0.000
Colo9345_rep2_Dep6_Tu10,17.776,34.400,0.000,22.951,9.259,2.757,0.000,0.000,0.000,4.581,8.276,0.000,0.000,0.000
Colo9345_rep6_Dep6_Tu5,4.487,46.773,0.000,15.696,16.428,5.930,0.000,0.000,0.000,5.415,5.270,0.000,0.000,0.000
Colo9345_rep5_Dep6_Tu10,15.363,34.510,0.000,23.847,5.455,0.923,0.000,0.000,0.000,11.035,5.066,0.000,0.515,3.285
Colo9345_rep5_Dep6_Tu40,17.837,6.028,0.000,48.174,0.000,12.619,0.000,0.000,0.000,1.459,1.299,0.000,0.000,12.583
Colo9345_rep1_Dep6_Tu0.1,0.000,72.241,0.000,0.019,4.718,0.000,0.000,0.000,0.000,13.084,9.937,0.000,0.000,0.000
Colo9345_rep3_Dep6_Tu10,13.401,31.782,0.000,23.874,18.383,2.136,0.000,0.000,0.000,2.848,7.576,0.000,0.000,0.000
Colo9345_rep4_Dep6_Tu2,0.109,51.538,0.000,6.455,8.776,0.028,0.000,0.000,0.000,7.822,11.350,12.685,1.237,0.000
Colo9345_rep2_Dep6_Tu20,14.459,17.780,0.000,32.845,0.000,12.306,0.000,0.000,0.000,2.565,3.959,0.000,0.000,16.086
Colo9345_rep3_Dep6_Tu50,23.252,1.330,0.000,52.324,0.000,13.565,0.000,0.000,0.000,0.000,0.000,0.000,0.000,9.528
Colo9345_rep6_Dep6_Tu0.1,0.000,53.651,0.000,0.000,16.426,0.000,0.000,0.000,0.000,6.210,23.713,0.000,0.000,0.000
Colo9345_rep3_Dep6_Tu40,27.091,7.329,0.000,47.952,0.000,15.673,0.000,0.000,0.000,1.954,0.000,0.000,0.000,0.000
Colo9345_rep6_Dep6_Tu3,1.745,46.329,0.000,5.094,20.960,1.507,0.000,0.000,0.000,3.346,17.992,0.000,3.028,0.000
Colo9345_rep9_Dep6_Tu50,20.261,19.454,0.000,27.502,12.111,12.061,0.000,0.000,0.000,3.955,4.655,0.000,0.000,0.000
Colo9345_rep1_Dep6_Tu3,2.135,47.594,0.000,8.836,14.239,5.630,0.000,0.000,0.000,5.991,15.573,0.000,0.000,0.000
Colo9345_rep6_Dep6_Tu30,22.120,8.747,0.000,44.605,11.155,12.486,0.000,0.000,0.000,0.445,0.444,0.000,0.000,0.000
Colo9345_rep1_Dep6_Tu20,11.040,15.325,8.155,35.075,9.268,10.879,0.000,0.000,0.000,4.298,0.953,0.000,0.000,5.009
Colo9345_rep4_Dep6_Tu0.5,0.215,56.061,0.000,0.000,6.227,0.000,16.384,0.000,0.000,11.387,9.726,0.000,0.000,0.000
Colo9345_rep9_Dep6_Tu10,0.024,56.500,2.085,12.472,7.682,0.086,0.000,0.000,0.000,12.788,8.362,0.000,0.000,0.000
Colo9345_rep3_Dep6_Tu1,0.000,58.531,0.000,0.278,6.751,0.000,3.042,0.000,0.000,14.767,9.843,0.000,6.788,0.000
Colo9345_rep7_Dep6_Tu0.1,0.000,63.142,0.000,0.000,11.605,0.000,0.000,0.000,0.000,10.861,14.195,0.000,0.196,0.000
Colo9345_rep4_Dep6_Tu20,15.899,15.297,2.778,42.461,16.823,5.897,0.000,0.000,0.000,0.000,0.844,0.000,0.000,0.000
Colo9345_rep7_Dep6_Tu5,2.424,40.888,0.000,14.423,15.484,4.978,0.000,0.000,0.000,5.403,6.890,0.000,9.508,0.000
Colo9345_rep10_Dep6_Tu50,15.568,18.654,1.095,37.921,8.855,6.898,0.000,0.000,0.000,0.000,10.504,0.000,0.000,0.504
Colo9345_rep2_Dep6_Tu50,24.232,3.389,0.000,49.635,0.000,17.617,0.000,0.000,0.000,0.000,0.000,0.000,0.000,5.126
Colo9345_rep10_Dep6_Tu40,13.161,24.211,4.822,26.883,5.595,7.496,13.107,0.000,0.000,2.095,2.088,0.000,0.000,0.542
Colo9345_rep9_Dep6_Tu20,3.641,43.692,0.000,16.756,18.078,0.861,0.000,0.000,0.000,5.923,3.826,0.000,7.223,0.000
Colo9345_rep8_Dep6_Tu3,0.000,62.803,0.000,0.772,3.805,0.000,0.000,0.000,0.000,27.256,4.469,0.000,0.895,0.000
Colo9345_rep5_Dep6_Tu3,5.911,53.895,0.000,4.376,18.458,0.170,0.000,0.000,0.000,9.195,2.921,0.000,5.072,0.000
Colo9345_rep1_Dep6_Tu40,20.093,5.620,0.000,46.993,0.000,16.362,0.000,0.000,0.000,1.399,0.000,0.000,0.000,9.532
Colo9345_rep9_Dep6_Tu0.3,0.000,70.904,0.000,0.000,6.038,0.000,0.000,0.000,0.000,11.249,11.682,0.000,0.127,0.000
Colo9345_rep4_Dep6_Tu1,0.000,49.540,0.000,0.773,10.963,0.000,14.163,0.000,0.000,15.316,9.244,0.000,0.000,0.000
Colo9345_rep10_Dep6_Tu20,4.873,35.875,0.000,10.357,20.898,9.271,0.000,0.000,0.000,7.258,6.111,0.000,5.356,0.000
Colo9345_rep1_Dep6_Tu1,0.044,52.111,0.000,0.641,7.956,0.000,0.000,0.000,0.000,15.527,17.046,6.674,0.000,0.000
Colo9345_rep6_Dep6_Tu50,0.000,21.865,0.000,1.406,0.000,3.275,0.000,0.000,0.000,6.295,0.000,0.000,66.509,0.649
Colo9345_rep7_Dep6_Tu0.5,0.000,60.114,0.000,0.316,22.336,0.000,0.000,0.000,0.000,8.790,8.290,0.000,0.153,0.000
Colo9345_rep10_Dep6_Tu0.3,0.000,61.150,0.000,0.000,10.372,0.000,0.000,0.000,0.000,5.763,14.480,8.234,0.000,0.000
Colo9345_rep9_Dep6_Tu3,0.124,50.982,0.000,0.029,1.880,0.000,0.000,26.598,0.000,9.795,7.889,1.503,1.200,0.000
Colo9345_rep3_Dep6_Tu0.1,0.000,61.180,0.000,0.011,2.487,0.000,0.000,0.000,0.000,19.254,14.229,0.000,2.839,0.000
Colo9345_rep6_Dep6_Tu20,14.837,17.926,0.000,39.577,13.558,9.377,0.000,0.000,0.000,2.465,2.259,0.000,0.000,0.000
Colo9345_rep8_Dep6_Tu0.5,0.000,60.569,0.000,0.000,9.691,0.000,10.301,0.000,0.000,7.518,11.828,0.000,0.093,0.000
Colo9345_rep9_Dep6_Tu0.5,0.000,63.808,0.000,0.000,12.428,0.000,0.000,0.000,0.000,10.136,12.814,0.000,0.813,0.000
Colo9345_rep9_Dep6_Tu2,0.000,60.505,0.000,0.127,7.855,0.000,0.000,0.000,0.000,17.156,13.628,0.000,0.729,0.000
Colo9345_rep8_Dep6_Tu0.3,0.000,70.629,0.000,0.000,6.116,0.000,0.000,0.000,0.000,11.461,11.680,0.000,0.113,0.000
Colo9345_rep6_Dep6_Tu0.5,0.000,56.024,0.000,0.098,2.791,0.000,16.162,0.000,6.666,7.638,9.697,0.808,0.117,0.000
Colo9345_rep4_Dep6_Tu0.1,0.000,62.276,0.000,0.000,9.139,0.000,0.000,0.000,0.000,10.541,18.044,0.000,0.000,0.000
Colo9345_rep1_Dep6_Tu0.3,0.000,60.661,0.000,0.011,11.147,0.000,0.063,0.000,0.000,6.843,21.274,0.000,0.000,0.000
Colo9345_rep5_Dep6_Tu30,14.863,10.779,8.021,40.268,0.000,15.374,0.000,0.000,0.000,5.368,0.565,0.000,0.000,4.762
Colo9345_rep2_Dep6_Tu2,1.648,49.895,6.461,1.733,12.743,0.382,0.000,0.000,0.000,10.019,17.023,0.000,0.097,0.000
Colo9345_rep4_Dep6_Tu40,21.450,4.434,0.000,45.478,0.000,11.917,0.000,0.000,0.000,4.523,2.791,0.000,0.000,9.406
Colo9345_rep7_Dep6_Tu30,20.727,13.753,0.000,40.275,1.135,13.967,0.000,0.000,0.000,3.093,0.000,0.000,0.000,7.050
Colo9345_rep5_Dep6_Tu0.3,0.000,51.448,0.000,0.000,12.510,0.000,0.000,0.000,0.000,10.939,13.366,11.345,0.391,0.000
Colo9345_rep5_Dep6_Tu0.5,1.807,65.953,0.000,0.000,10.702,0.000,0.000,0.000,0.000,8.848,11.849,0.000,0.840,0.000
Colo9345_rep2_Dep6_Tu1,0.355,58.394,0.000,3.918,16.625,0.000,0.000,0.000,0.000,8.811,11.451,0.000,0.445,0.000
Colo9345_rep2_Dep6_Tu3,3.059,52.324,0.000,11.225,13.444,1.577,0.000,0.000,0.000,9.320,7.521,0.000,1.528,0.000
Colo9345_rep4_Dep6_Tu30,15.883,11.015,12.884,39.414,0.000,10.629,0.000,0.000,0.000,3.651,1.056,0.000,0.000,5.469
Colo9345_rep7_Dep6_Tu2,0.000,55.531,0.082,7.511,17.472,0.000,0.000,0.000,0.000,8.218,10.888,0.000,0.298,0.000
Colo9345_rep8_Dep6_Tu40,11.057,23.414,0.000,29.198,25.320,5.697,0.000,0.000,0.000,1.058,3.659,0.000,0.596,0.000
Colo9345_rep10_Dep6_Tu3,0.000,60.416,0.000,0.507,10.731,0.000,0.000,0.000,0.000,17.470,10.875,0.000,0.000,0.000
Colo9345_rep3_Dep6_Tu0.3,0.000,58.929,0.000,0.155,13.348,0.000,10.300,0.000,0.000,6.967,10.300,0.000,0.000,0.000
Colo9345_rep5_Dep6_Tu0.1,0.000,67.213,0.000,0.000,4.673,0.000,1.057,0.000,0.000,11.847,15.209,0.000,0.000,0.000
Colo9345_rep2_Dep6_Tu0.5,0.000,67.463,0.051,0.024,9.034,0.000,0.000,0.000,0.000,11.535,11.261,0.000,0.631,0.000
Colo9345_rep6_Dep6_Tu10,10.349,34.570,8.508,23.485,7.339,5.388,0.000,0.000,0.000,6.686,3.675,0.000,0.000,0.000
Colo9345_rep9_Dep6_Tu0.1,0.000,55.155,0.000,0.000,3.853,0.000,16.199,0.000,0.000,13.357,11.302,0.000,0.133,0.000
Colo9345_rep7_Dep6_Tu10,8.812,29.950,0.000,22.820,12.152,2.766,0.000,0.000,0.000,2.965,5.497,0.000,6.908,8.128
Colo9345_rep10_Dep6_Tu2,0.000,60.791,0.000,0.017,12.992,0.000,0.000,0.000,0.000,18.117,8.082,0.000,0.000,0.000
Colo9345_rep7_Dep6_Tu40,0.316,28.337,0.000,4.520,0.000,1.425,0.000,0.000,0.000,4.936,0.000,0.000,60.465,0.000
Colo9345_rep8_Dep6_Tu20,6.412,44.264,0.409,11.914,19.909,2.789,0.000,0.000,0.000,8.415,1.470,0.000,4.419,0.000
Colo9345_rep3_Dep6_Tu5,4.647,50.690,0.000,18.944,9.430,1.238,0.000,0.000,0.000,10.622,4.427,0.000,0.000,0.000
Colo9345_rep5_Dep6_Tu2,0.000,46.498,0.000,1.816,24.623,0.000,0.000,0.000,0.000,11.999,4.610,0.000,10.454,0.000
Colo9345_rep1_Dep6_Tu30,18.759,11.066,0.000,42.714,0.000,15.126,0.000,0.000,0.000,3.826,2.360,0.000,0.000,6.148
Colo9345_rep10_Dep6_Tu1,0.000,62.221,0.000,0.000,5.371,0.000,0.000,0.000,0.000,21.692,4.762,5.541,0.413,0.000
Colo9345_rep4_Dep6_Tu10,15.919,33.864,0.000,27.008,6.916,3.608,0.000,0.000,0.000,6.760,5.924,0.000,0.000,0.000
Colo9345_rep3_Dep6_Tu3,0.920,47.574,0.000,10.389,32.704,0.000,0.000,0.000,0.000,4.901,3.512,0.000,0.000,0.000
Colo9345_rep5_Dep6_Tu50,20.409,2.385,6.186,50.853,0.000,15.631,0.000,0.000,0.000,0.000,0.743,0.000,0.000,3.793
Colo9345_rep2_Dep6_Tu40,23.316,6.617,0.000,50.919,0.000,12.160,0.000,0.000,0.000,2.385,0.954,0.000,0.000,3.649
Colo9345_rep1_Dep6_Tu2,1.241,59.434,6.707,1.111,11.006,0.000,0.000,0.000,0.000,9.762,6.724,0.000,0.336,3.680
Colo9345_rep2_Dep6_Tu5,6.174,47.211,0.000,13.149,5.077,1.873,0.000,0.000,0.000,19.861,4.514,0.000,2.140,0.000
Colo9345_rep2_Dep6_Tu0.1,0.000,55.600,0.000,0.000,1.835,0.000,0.000,0.000,19.646,13.047,8.186,1.637,0.050,0.000
Colo9345_rep10_Dep6_Tu5,0.000,53.666,0.000,2.750,18.850,0.000,0.000,0.000,0.000,6.627,18.106,0.000,0.000,0.000
Colo9345_rep1_Dep6_Tu0.5,0.000,57.212,0.000,0.082,17.134,0.000,0.000,0.000,0.000,8.862,15.400,0.000,1.310,0.000
Colo9345_rep8_Dep6_Tu10,0.137,50.488,0.000,4.922,7.319,4.708,15.720,0.000,0.000,1.626,4.475,6.926,0.000,3.678
Colo9345_rep9_Dep6_Tu5,1.809,51.515,0.000,3.355,11.881,0.000,7.933,0.000,0.000,15.006,8.499,0.000,0.000,0.000
Colo9345_rep7_Dep6_Tu1,0.095,60.201,2.320,0.918,18.488,0.000,0.000,0.000,0.000,6.282,11.694,0.000,0.000,0.000
Colo9345_rep5_Dep6_Tu5,4.856,35.529,0.000,11.807,25.464,2.099,0.000,0.000,0.000,11.909,8.046,0.000,0.289,0.000
Colo9345_rep7_Dep6_Tu50,22.365,0.536,0.000,52.971,0.000,15.694,0.000,0.000,0.000,2.165,2.388,0.000,0.000,3.881
Colo9345_rep3_Dep6_Tu20,14.732,21.497,0.000,37.100,8.457,3.665,0.000,0.000,0.000,1.634,0.000,0.000,0.000,12.915
Colo9345_rep8_Dep6_Tu1,0.000,61.080,0.000,0.085,3.427,0.000,0.000,0.000,0.000,13.709,10.421,11.279,0.000,0.000
Colo9345_rep4_Dep6_Tu5,7.509,34.798,0.000,14.522,14.579,2.906,0.000,0.000,0.000,12.162,8.176,0.000,5.348,0.000
Colo9345_rep10_Dep6_Tu30,11.406,31.384,0.000,11.686,9.697,8.878,0.000,0.000,0.000,4.730,5.498,0.000,6.456,10.266
Colo9345_rep10_Dep6_Tu0.5,0.000,61.576,0.000,0.000,3.517,0.000,2.486,0.000,0.000,12.595,16.631,3.169,0.025,0.000
Colo9345_rep8_Dep6_Tu2,0.296,56.989,0.000,0.291,4.928,0.000,1.921,0.000,0.000,11.046,12.382,11.231,0.917,0.000
Colo9345_rep7_Dep6_Tu0.3,0.000,62.865,0.000,0.278,5.747,0.000,0.000,0.000,0.000,16.128,14.980,0.000,0.000,0.000
Colo9345_rep4_Dep6_Tu3,5.757,51.515,0.000,10.834,6.007,0.247,0.000,0.000,0.000,19.709,5.932,0.000,0.000,0.000
Colo9345_rep3_Dep6_Tu0.5,0.000,54.228,0.000,0.000,4.606,0.000,0.532,0.000,0.000,9.132,11.379,20.124,0.000,0.000
Colo9345_rep8_Dep6_Tu50,17.631,16.999,0.000,35.654,7.847,10.103,0.000,0.000,0.000,3.418,8.347,0.000,0.000,0.000
Colo9345_rep2_Dep6_Tu30,24.113,14.804,0.000,43.758,0.460,10.737,0.000,0.000,0.000,0.560,2.124,0.000,0.000,3.443
Colo9345_rep8_Dep6_Tu5,0.000,47.010,0.000,1.870,18.791,1.235,0.000,0.000,0.000,11.067,13.474,5.188,1.364,0.000
Colo9345_rep1_Dep6_Tu50,24.894,3.219,0.000,50.902,0.000,16.304,0.000,0.000,0.000,0.000,0.000,0.000,0.000,4.681
Colo9345_rep8_Dep6_Tu0.1,0.000,58.567,0.000,0.000,6.565,0.000,13.495,0.000,0.000,6.330,7.639,7.379,0.026,0.000
Colo9345_rep6_Dep6_Tu0.3,0.000,54.362,0.000,0.000,4.204,0.000,0.744,0.000,0.000,9.208,11.416,20.006,0.060,0.000
Colo9345_rep9_Dep6_Tu1,0.000,67.094,0.000,0.000,5.203,0.000,1.617,0.000,0.000,12.501,13.584,0.000,0.000,0.000
Colo9345_rep7_Dep6_Tu3,0.228,37.467,0.000,6.015,11.028,9.484,0.000,0.000,0.000,10.881,11.892,0.000,13.004,0.000
Colo9345_rep9_Dep6_Tu40,14.344,28.855,0.000,24.330,0.124,9.188,0.000,0.000,0.000,9.153,2.054,0.000,1.999,9.954
Colo9345_rep3_Dep6_Tu2,0.000,49.214,0.000,8.150,12.805,1.850,0.000,0.000,0.000,4.170,20.493,0.000,3.318,0.000
Colo9345_rep2_Dep6_Tu0.3,0.000,63.492,0.000,0.006,8.152,0.000,0.000,0.000,0.000,24.442,3.459,0.000,0.449,0.000
Colo9345_rep4_Dep6_Tu0.3,0.000,60.465,0.000,0.000,8.745,0.000,0.000,0.000,0.000,15.092,15.697,0.000,0.000,0.000
Colo9345_rep9_Dep6_Tu30,6.136,37.823,0.000,15.204,7.298,8.038,0.000,0.000,0.000,7.967,6.074,0.000,0.421,11.038
Colo9345_rep6_Dep6_Tu40,20.048,6.087,0.000,48.191,0.118,12.419,0.000,0.000,0.000,0.000,1.233,0.000,0.000,11.902
Colo9345_rep10_Dep6_Tu0.1,0.000,58.859,0.000,0.000,11.063,0.000,0.000,0.000,0.000,12.054,15.536,2.487,0.000,0.000
Colo9345_rep4_Dep6_Tu50,22.637,1.688,0.000,52.962,0.000,20.079,0.000,0.000,0.000,0.000,0.318,0.000,0.000,2.315
