Sample,BRCA,CEAD,CESC,COAD,OV,READ,bcell,cd4tcell,cd8tcell,erythroblast,monocyte,naturalkillercell,neutrophil,Unknown-1,Unknown-2,Unknown-3,Unknown-4,Unknown-5,Unknown-6,Unknown-7,Unknown-8,Unknown-9,Unknown-10
Colo9345_rep1_Dep6_Tu5,12.963,0.000,0.000,12.608,0.000,0.000,0.000,47.633,0.000,0.000,5.695,0.000,0.000,0.000,0.000,0.000,0.000,0.000,0.000,15.401,0.000,0.000,5.699
Colo9345_rep8_Dep6_Tu30,11.283,0.000,0.000,8.644,0.000,5.842,0.000,31.907,0.000,0.000,2.004,0.000,0.000,0.000,0.000,0.000,0.000,0.000,0.000,0.198,0.000,38.270,1.850
Colo9345_rep5_Dep6_Tu1,3.241,0.000,0.000,0.114,22.184,0.225,0.000,55.699,0.000,0.000,7.196,0.000,0.000,0.000,0.000,0.000,4.680,0.000,0.000,0.000,0.000,0.000,6.661
Colo9345_rep5_Dep6_Tu20,21.114,0.000,0.000,30.760,0.000,13.066,0.000,22.577,0.000,0.000,3.839,0.000,0.000,0.000,3.902,0.000,0.000,0.000,0.000,0.000,0.000,0.000,4.740
Colo9345_rep7_Dep6_Tu20,22.075,3.529,0.069,35.778,0.000,7.063,0.000,19.892,0.000,0.000,0.000,0.000,0.000,0.000,1.029,0.000,1.648,0.000,0.309,0.000,0.000,0.000,8.607
Colo9345_rep6_Dep6_Tu2,1.967,0.000,0.000,1.811,9.161,0.000,0.000,50.693,0.000,0.000,9.375,0.000,0.000,0.000,0.000,1.191,20.132,0.000,0.000,0.000,0.000,0.000,5.668
Colo9345_rep10_Dep6_Tu10,5.731,0.000,0.638,6.534,16.601,0.285,0.000,46.290,0.000,0.000,11.588,0.000,0.000,0.000,0.000,0.000,0.000,0.000,0.000,0.000,0.000,0.000,12.331
Colo9345_rep1_Dep6_Tu10,11.954,0.000,0.000,15.719,0.000,7.403,1.761,27.438,0.000,0.000,2.298,0.000,0.000,0.000,0.000,0.000,26.830,0.000,0.000,0.000,0.000,0.000,6.595
Colo9345_rep3_Dep6_Tu30,27.887,3.558,0.599,35.161,0.000,12.616,0.000,11.769,0.000,0.000,0.876,0.000,0.000,0.000,3.475,0.000,0.000,0.000,0.000,0.000,0.000,0.000,4.058
Colo9345_rep6_Dep6_Tu1,3.533,0.000,0.000,0.580,0.000,0.000,2.938,48.187,0.000,0.000,9.863,0.000,0.000,0.000,0.000,0.000,0.000,0.000,0.000,0.000,27.210,0.000,7.688
Colo9345_rep2_Dep6_Tu10,14.431,0.000,2.320,13.813,0.000,4.116,0.000,26.568,0.000,0.000,5.501,0.000,0.000,0.000,0.000,0.000,0.000,0.197,0.000,0.000,0.000,27.083,5.969
Colo9345_rep6_Dep6_Tu5,14.781,0.000,0.000,9.838,13.473,1.876,0.000,42.126,0.000,0.000,4.439,0.000,0.000,0.000,0.000,0.000,0.000,0.000,0.000,0.000,0.189,0.000,13.278
Colo9345_rep5_Dep6_Tu10,19.491,0.000,0.476,18.540,0.000,4.958,0.000,30.147,0.000,0.000,6.871,0.000,0.000,0.000,0.754,0.000,0.000,0.000,0.000,12.366,0.000,0.000,6.396
Colo9345_rep5_Dep6_Tu40,25.688,0.000,2.739,36.735,0.000,14.130,0.000,5.126,0.000,0.000,0.889,0.000,0.000,0.000,12.289,0.000,0.000,0.000,0.000,0.000,0.000,0.000,2.403
Colo9345_rep1_Dep6_Tu0.1,0.000,0.000,0.000,0.218,0.000,0.000,5.944,61.835,0.000,0.000,9.640,0.000,0.000,0.000,0.000,0.945,0.000,7.463,0.000,0.000,0.000,0.000,13.955
Colo9345_rep3_Dep6_Tu10,13.764,0.000,0.000,15.486,0.000,4.251,0.000,30.322,0.000,0.000,9.039,0.000,0.000,0.000,0.000,0.000,0.000,0.000,16.622,0.000,0.000,2.819,7.696
Colo9345_rep4_Dep6_Tu2,1.504,0.000,0.339,1.789,0.000,6.721,0.000,49.525,0.000,0.000,11.626,0.000,0.000,0.000,0.000,0.000,0.000,25.126,0.000,0.000,0.000,0.000,3.369
Colo9345_rep2_Dep6_Tu20,19.656,0.000,0.019,27.802,0.000,7.990,0.000,12.740,0.000,27.945,1.052,0.000,0.000,0.000,0.000,0.000,0.000,0.000,0.000,0.000,0.000,0.000,2.795
Colo9345_rep3_Dep6_Tu50,24.400,0.000,0.000,45.025,0.000,17.019,0.000,1.359,0.000,0.000,0.000,0.000,0.000,0.000,11.727,0.000,0.000,0.000,0.000,0.000,0.000,0.000,0.470
Colo9345_rep6_Dep6_Tu0.1,0.000,0.000,0.000,0.000,25.894,0.000,0.000,52.682,0.000,0.000,12.355,0.000,0.000,0.000,0.000,1.027,0.000,1.797,0.000,0.000,0.000,0.000,6.244
Colo9345_rep3_Dep6_Tu40,30.122,0.000,0.905,40.068,0.000,17.933,0.000,5.073,0.000,0.000,0.000,0.000,0.000,0.000,2.457,0.000,1.154,0.000,0.000,0.000,0.000,0.000,2.287
Colo9345_rep6_Dep6_Tu3,4.664,0.000,0.000,2.907,32.211,0.210,0.007,48.790,0.000,0.000,8.315,0.000,0.000,0.305,0.000,0.000,0.000,0.000,0.000,0.000,0.000,0.000,2.590
Colo9345_rep9_Dep6_Tu50,12.461,2.725,0.000,24.430,0.000,7.777,0.000,13.659,0.000,0.000,5.171,0.000,0.000,30.948,0.030,0.000,0.000,0.000,0.000,0.000,0.000,0.000,2.797
Colo9345_rep1_Dep6_Tu3,1.818,15.609,0.000,3.440,0.000,5.699,0.000,40.280,0.000,9.973,14.999,0.000,0.000,0.000,0.000,0.000,0.000,0.000,0.000,0.000,0.000,0.000,8.181
Colo9345_rep6_Dep6_Tu30,21.579,0.000,2.170,35.265,0.000,14.988,0.000,7.550,0.000,0.000,0.513,0.000,0.000,0.000,1.163,0.000,15.283,0.000,0.000,0.000,0.000,0.000,1.489
Colo9345_rep1_Dep6_Tu20,25.379,0.000,0.000,28.204,0.000,17.301,0.000,15.553,0.000,0.000,4.657,0.000,0.000,0.000,0.000,0.000,0.000,0.000,0.000,0.000,0.000,0.000,8.905
Colo9345_rep4_Dep6_Tu0.5,0.000,6.313,0.000,0.036,0.000,0.000,15.838,60.424,0.000,0.000,8.502,0.000,0.000,0.046,0.000,0.000,0.000,0.000,0.000,0.000,0.000,1.855,6.985
Colo9345_rep9_Dep6_Tu10,0.432,0.000,0.000,5.872,0.000,3.631,5.665,57.014,0.000,0.000,10.487,0.000,0.000,0.011,0.000,0.000,8.960,0.000,0.000,0.000,0.000,0.000,7.928
Colo9345_rep3_Dep6_Tu1,0.006,7.398,0.000,0.321,0.000,0.000,6.555,55.443,0.000,0.000,13.582,0.000,0.000,0.185,0.000,0.000,0.000,5.694,0.000,5.786,0.000,0.000,5.028
Colo9345_rep7_Dep6_Tu0.1,0.000,0.000,0.000,0.000,0.000,0.000,0.000,53.655,0.000,0.514,11.303,0.000,0.000,0.000,0.000,0.000,0.000,0.000,0.000,0.000,24.670,0.000,9.856
Colo9345_rep4_Dep6_Tu20,22.894,0.000,0.440,30.938,0.000,7.853,0.000,17.180,0.000,0.000,0.511,0.000,0.000,0.000,0.000,0.000,18.658,0.000,0.000,0.000,0.000,0.000,1.523
Colo9345_rep7_Dep6_Tu5,3.335,18.386,0.000,8.474,0.000,6.230,5.747,44.326,0.000,0.000,3.461,0.000,0.000,1.185,0.000,0.000,0.000,0.000,0.000,0.000,0.000,0.000,8.854
Colo9345_rep10_Dep6_Tu50,19.950,0.000,0.000,32.618,0.000,18.621,0.000,20.205,0.000,0.000,4.695,0.000,0.000,0.000,0.000,0.000,0.000,0.000,0.000,0.000,0.000,0.000,3.909
Colo9345_rep2_Dep6_Tu50,23.629,0.000,6.222,44.182,0.000,20.998,0.000,0.000,0.000,0.000,0.000,0.000,0.000,0.000,3.269,0.000,0.000,0.000,0.000,0.000,0.000,0.000,1.699
Colo9345_rep10_Dep6_Tu40,14.474,0.000,0.000,20.249,0.000,8.233,0.000,22.936,0.000,0.000,0.151,0.000,0.000,0.000,4.035,0.000,25.965,0.000,0.000,0.000,0.000,0.000,3.954
Colo9345_rep9_Dep6_Tu20,6.374,32.875,0.000,10.599,0.000,5.350,0.000,32.733,0.000,0.000,5.344,0.000,0.000,0.000,0.000,0.000,0.000,0.000,0.000,0.000,0.000,0.000,6.724
Colo9345_rep8_Dep6_Tu3,0.000,0.000,0.041,0.619,0.000,0.000,0.000,57.497,0.000,0.000,7.186,0.000,0.000,0.299,0.000,0.000,0.000,0.000,0.000,24.827,0.000,0.000,9.530
Colo9345_rep5_Dep6_Tu3,4.751,0.000,0.000,4.717,0.000,0.352,0.000,45.452,0.000,0.000,6.373,0.000,0.000,11.768,0.000,0.000,0.000,16.602,0.000,0.000,0.000,0.000,9.984
Colo9345_rep1_Dep6_Tu40,23.812,0.000,1.724,38.951,0.000,15.153,0.000,6.168,0.000,0.000,0.000,0.000,0.000,0.000,11.480,0.000,0.000,0.000,0.000,0.000,0.000,0.000,2.711
Colo9345_rep9_Dep6_Tu0.3,0.000,0.000,0.008,0.040,4.307,0.000,0.000,60.133,0.000,0.000,13.315,0.000,0.000,0.000,0.000,0.000,0.000,11.476,0.000,0.000,0.000,0.000,10.720
Colo9345_rep4_Dep6_Tu1,0.318,0.000,0.000,0.333,0.000,0.068,0.527,50.621,0.000,0.000,9.248,0.000,0.000,0.000,0.000,0.000,5.351,0.000,0.000,27.347,0.000,0.000,6.187
Colo9345_rep10_Dep6_Tu20,6.469,0.000,0.000,7.715,0.000,6.852,0.000,37.943,0.000,0.000,3.297,0.000,0.000,0.000,0.000,0.000,32.510,0.000,0.000,0.000,0.000,0.000,5.213
Colo9345_rep1_Dep6_Tu1,0.000,0.000,0.000,0.797,0.000,0.000,0.000,54.757,0.000,0.000,11.308,0.000,0.000,0.000,0.000,0.000,0.000,0.000,0.000,24.237,0.000,0.000,8.900
Colo9345_rep6_Dep6_Tu50,0.000,0.000,0.620,1.639,0.000,0.476,0.000,25.780,0.000,0.000,1.495,0.000,62.576,0.000,0.173,0.000,0.000,0.000,0.000,0.000,0.000,0.000,7.240
Colo9345_rep7_Dep6_Tu0.5,0.000,0.000,0.000,0.033,23.705,0.000,0.000,56.087,0.000,0.000,6.510,0.000,0.000,0.000,0.000,2.362,0.000,0.000,0.000,0.000,0.000,2.218,9.084
Colo9345_rep10_Dep6_Tu0.3,0.000,0.000,0.000,0.000,0.000,0.000,0.000,59.425,0.000,0.000,16.289,0.000,0.000,0.000,0.000,4.556,0.000,10.096,0.000,0.000,0.000,0.000,9.632
Colo9345_rep9_Dep6_Tu3,0.316,0.947,0.000,0.021,0.000,0.000,2.570,52.271,0.000,0.000,6.680,0.000,0.000,0.000,0.000,0.000,0.000,30.705,0.000,0.000,0.000,0.000,6.490
Colo9345_rep3_Dep6_Tu0.1,0.000,0.000,0.000,0.031,2.848,0.000,2.554,60.275,0.000,0.000,12.489,0.000,0.000,0.083,0.000,0.000,0.000,13.153,0.000,1.005,0.000,0.000,7.561
Colo9345_rep6_Dep6_Tu20,23.155,0.000,0.853,30.005,0.000,10.170,0.000,20.133,0.000,0.000,0.846,0.000,0.000,0.000,0.923,0.000,8.512,0.000,0.000,0.000,0.000,0.000,5.402
Colo9345_rep8_Dep6_Tu0.5,0.000,0.000,0.000,0.000,23.016,0.000,5.667,53.963,0.000,0.000,7.242,0.000,0.000,0.000,0.000,2.332,0.000,0.000,0.000,0.000,0.000,0.000,7.778
Colo9345_rep9_Dep6_Tu0.5,0.000,0.000,0.000,0.010,0.000,0.000,0.053,52.395,0.000,1.726,11.463,0.000,0.000,0.000,0.000,1.241,0.000,0.000,0.000,0.000,24.175,0.000,8.935
Colo9345_rep9_Dep6_Tu2,0.000,0.000,0.256,0.018,0.000,0.000,0.000,52.098,0.000,0.000,7.997,0.000,0.000,0.079,0.000,0.089,0.000,0.000,0.000,0.000,27.835,0.000,11.627
Colo9345_rep8_Dep6_Tu0.3,0.000,0.000,0.050,0.007,5.212,0.000,0.000,59.419,0.000,0.000,14.025,0.000,0.000,0.000,0.000,0.000,0.000,10.428,0.000,0.000,0.000,0.000,10.857
Colo9345_rep6_Dep6_Tu0.5,0.000,0.000,0.000,0.310,1.950,0.000,0.725,58.715,0.000,0.000,8.216,6.913,0.000,0.000,0.000,0.000,0.000,1.294,0.000,12.920,0.000,0.000,8.955
Colo9345_rep4_Dep6_Tu0.1,0.000,0.000,0.000,0.008,21.961,0.000,0.000,57.691,0.000,0.000,9.108,0.000,0.000,0.000,0.000,0.000,1.478,0.836,0.000,0.000,0.000,0.000,8.917
Colo9345_rep1_Dep6_Tu0.3,0.000,0.000,0.000,0.000,29.275,0.202,0.278,53.695,0.000,0.000,11.360,0.184,0.000,0.000,0.000,0.000,0.000,0.000,0.000,0.000,0.000,0.000,5.004
Colo9345_rep5_Dep6_Tu30,21.590,0.000,4.344,34.341,0.000,13.216,0.000,11.778,0.000,0.000,0.000,0.000,0.000,0.000,5.851,0.000,0.000,0.000,0.000,0.000,0.000,0.000,8.878
Colo9345_rep2_Dep6_Tu2,2.864,0.000,0.145,4.164,20.860,0.000,0.000,53.659,0.000,0.000,6.361,0.000,0.000,1.120,0.000,0.000,0.000,0.000,0.000,0.000,0.000,0.000,10.825
Colo9345_rep4_Dep6_Tu40,28.575,0.000,4.461,39.631,0.000,13.947,0.000,4.526,0.000,0.000,0.000,0.000,0.000,0.000,1.082,0.000,0.000,0.000,0.000,0.000,0.000,0.000,7.778
Colo9345_rep7_Dep6_Tu30,18.702,0.000,3.195,38.007,0.000,12.436,0.000,13.389,0.000,0.000,0.000,0.000,0.000,0.000,7.610,0.000,0.000,0.000,0.000,0.000,0.000,0.000,6.660
Colo9345_rep5_Dep6_Tu0.3,0.000,0.000,0.000,0.000,7.107,0.000,0.000,52.524,0.000,0.000,13.017,12.388,0.000,0.000,0.000,0.000,3.540,0.000,0.000,6.538,0.000,0.000,4.885
Colo9345_rep5_Dep6_Tu0.5,1.226,0.000,0.000,0.269,0.000,0.000,7.304,58.446,0.000,0.000,17.638,0.000,0.000,0.903,0.000,0.000,0.000,8.371,0.000,0.000,0.000,0.000,5.843
Colo9345_rep2_Dep6_Tu1,0.458,0.000,0.084,0.751,0.000,0.000,0.000,52.328,0.000,0.000,15.049,0.000,0.000,0.000,3.232,10.453,0.000,11.648,0.000,0.000,0.000,0.000,5.996
Colo9345_rep2_Dep6_Tu3,2.675,0.000,0.000,7.640,0.000,0.000,0.000,45.902,0.000,0.000,9.385,0.000,0.000,0.196,3.462,21.534,0.000,0.000,0.000,0.000,0.000,0.000,9.205
Colo9345_rep4_Dep6_Tu30,26.581,0.000,7.183,33.509,0.000,13.375,0.000,10.873,0.000,0.000,0.490,0.000,0.000,0.000,2.370,0.000,0.000,0.000,0.000,0.000,0.000,0.000,5.618
Colo9345_rep7_Dep6_Tu2,2.254,0.000,0.000,1.889,0.000,0.907,0.000,52.876,0.000,0.000,8.962,0.000,0.000,0.000,1.520,0.000,17.439,0.000,0.000,0.000,0.000,0.000,14.152
Colo9345_rep8_Dep6_Tu40,15.411,5.516,0.265,26.689,0.000,6.240,0.000,27.238,0.000,0.000,6.125,0.000,0.000,0.000,0.000,0.000,1.324,0.000,2.446,0.000,0.000,0.000,8.744
Colo9345_rep10_Dep6_Tu3,0.000,0.000,0.000,0.023,0.000,0.000,7.363,55.048,0.000,0.000,12.470,0.000,0.000,0.000,0.000,0.000,0.916,0.000,1.716,0.000,14.194,0.000,8.269
Colo9345_rep3_Dep6_Tu0.3,0.000,17.503,0.000,0.060,0.000,0.000,8.364,55.792,0.000,0.000,7.519,0.000,0.000,0.000,0.000,0.000,0.000,0.000,3.180,0.000,0.000,0.767,6.814
Colo9345_rep5_Dep6_Tu0.1,0.000,0.000,0.000,0.000,0.000,0.000,8.018,61.286,0.000,0.000,16.155,0.000,0.000,0.133,0.000,0.000,0.000,4.826,0.000,0.979,0.000,0.000,8.602
Colo9345_rep2_Dep6_Tu0.5,0.000,0.000,2.979,0.152,2.320,0.000,1.505,60.141,0.000,0.000,11.124,0.000,0.000,0.000,0.000,3.188,0.000,0.000,0.000,0.000,0.000,0.000,18.591
Colo9345_rep6_Dep6_Tu10,15.327,0.000,0.000,19.732,0.000,2.109,0.000,30.610,0.000,0.000,4.660,0.000,0.000,0.000,0.000,0.000,17.260,0.000,0.000,4.392,0.000,0.000,5.908
Colo9345_rep9_Dep6_Tu0.1,0.000,0.000,0.000,0.000,0.000,0.000,0.087,55.670,0.000,0.000,10.010,17.285,0.000,0.000,0.000,0.000,0.000,0.000,0.000,9.992,0.000,0.000,6.954
Colo9345_rep7_Dep6_Tu10,12.393,0.000,0.000,20.080,0.000,1.486,0.000,32.678,0.000,0.000,8.052,0.000,0.000,0.000,9.725,0.000,1.787,0.000,2.056,0.000,0.000,0.000,11.740
Colo9345_rep10_Dep6_Tu2,0.000,0.000,0.000,0.107,0.000,0.000,4.264,60.125,0.000,0.000,10.360,0.000,0.000,0.000,0.000,2.188,5.753,0.000,0.000,4.963,0.000,0.000,12.239
Colo9345_rep7_Dep6_Tu40,0.263,0.000,0.766,23.506,0.000,1.445,0.000,60.835,0.000,0.000,0.000,0.000,0.000,0.220,0.089,0.000,0.000,0.000,0.000,0.000,0.000,0.000,12.875
Colo9345_rep8_Dep6_Tu20,3.323,3.029,0.189,7.759,0.000,5.715,0.000,39.154,0.000,0.000,2.859,0.000,0.000,0.000,0.000,0.000,0.000,0.000,0.000,0.000,0.000,34.713,3.258
Colo9345_rep3_Dep6_Tu5,8.366,0.000,2.181,9.195,12.094,1.183,0.618,48.107,0.000,0.000,1.348,0.000,0.000,0.000,0.000,6.006,0.000,0.000,0.000,2.987,0.000,0.000,7.914
Colo9345_rep5_Dep6_Tu2,1.617,0.000,0.000,1.989,13.007,0.437,0.000,48.382,0.000,0.000,8.924,13.707,0.000,0.000,0.000,0.268,0.000,0.000,0.000,6.181,0.000,0.000,5.487
Colo9345_rep1_Dep6_Tu30,24.217,0.000,0.000,34.071,0.000,17.385,0.000,9.832,0.000,0.000,1.125,0.000,0.000,0.000,6.983,0.000,0.000,0.000,0.000,0.000,0.000,0.000,6.386
Colo9345_rep10_Dep6_Tu1,0.000,0.000,0.000,0.044,0.000,0.000,0.000,58.452,0.000,0.000,7.311,0.000,0.000,0.184,0.000,0.000,0.000,0.000,0.000,24.828,0.000,0.000,9.180
Colo9345_rep4_Dep6_Tu10,16.869,11.215,0.000,18.198,0.000,5.068,0.000,32.619,0.000,0.000,8.231,0.000,0.000,0.000,0.000,0.000,0.000,0.000,0.000,0.000,0.000,0.000,7.799
Colo9345_rep3_Dep6_Tu3,3.086,0.000,0.137,7.477,0.000,0.000,0.000,42.623,0.000,0.000,11.117,0.000,0.000,0.000,0.000,5.098,0.000,18.830,0.000,6.174,0.000,0.000,5.457
Colo9345_rep5_Dep6_Tu50,26.291,0.000,6.755,44.678,0.000,16.363,0.000,0.000,0.000,0.000,0.000,0.000,0.000,0.000,2.431,0.000,0.000,0.000,0.000,0.000,0.000,0.000,3.481
Colo9345_rep2_Dep6_Tu40,32.494,0.000,0.634,39.022,0.000,18.634,0.000,5.762,0.000,0.000,0.000,0.000,0.000,0.000,0.959,0.000,0.000,0.000,0.000,0.000,0.000,0.000,2.493
Colo9345_rep1_Dep6_Tu2,4.223,0.000,0.010,1.303,0.000,0.024,0.000,59.149,0.000,0.000,5.941,0.000,0.000,0.000,3.033,0.000,0.000,14.500,0.000,0.000,0.000,0.000,11.815
Colo9345_rep2_Dep6_Tu5,8.011,0.000,0.000,7.244,0.000,0.110,0.000,47.684,0.000,0.000,2.782,0.000,0.000,0.000,0.000,0.000,0.000,0.000,0.000,0.000,0.000,28.239,5.929
Colo9345_rep2_Dep6_Tu0.1,0.000,0.000,0.000,0.000,1.069,0.000,1.162,59.120,21.803,0.000,10.054,0.594,0.000,0.000,0.000,0.000,0.000,0.000,0.000,0.711,0.000,0.000,5.487
Colo9345_rep10_Dep6_Tu5,0.061,0.000,0.000,2.890,22.358,0.000,0.045,48.854,0.000,0.000,8.779,0.000,0.000,0.000,0.000,0.687,0.000,0.000,0.000,8.781,0.000,0.000,7.544
Colo9345_rep1_Dep6_Tu0.5,0.055,0.000,0.000,0.009,0.000,0.000,3.124,50.052,0.000,6.063,9.270,0.000,0.000,0.000,0.000,0.000,0.000,0.000,0.000,0.000,23.420,0.000,8.006
Colo9345_rep8_Dep6_Tu10,1.352,0.000,0.000,1.943,0.000,3.656,6.234,50.414,0.000,0.000,7.004,0.000,0.000,0.000,0.000,0.000,27.572,0.000,0.000,0.000,0.000,0.000,1.823
Colo9345_rep9_Dep6_Tu5,1.106,0.000,0.000,0.465,0.000,0.385,0.000,47.845,0.000,0.000,9.068,2.775,0.000,0.000,0.000,31.995,0.000,0.000,0.000,0.000,0.000,0.000,6.360
Colo9345_rep7_Dep6_Tu1,0.000,0.000,1.594,0.695,0.000,0.000,0.000,49.521,0.000,0.000,22.321,0.000,0.000,0.000,0.000,0.000,0.000,7.935,0.000,0.000,0.000,11.422,6.510
Colo9345_rep5_Dep6_Tu5,5.208,38.216,1.624,6.680,0.000,0.000,0.000,42.306,0.000,0.000,0.753,0.000,0.000,0.000,0.000,0.000,1.309,0.000,0.000,0.000,0.000,0.000,3.902
Colo9345_rep7_Dep6_Tu50,26.147,0.000,6.804,42.457,0.000,17.792,0.000,0.000,0.000,0.000,0.000,0.000,0.000,0.000,3.388,0.000,0.000,0.000,0.000,0.000,0.000,0.000,3.410
Colo9345_rep3_Dep6_Tu20,22.274,4.895,0.000,33.065,0.000,8.169,0.000,20.895,0.000,0.000,2.795,0.000,0.000,0.000,1.819,0.000,0.000,0.000,0.000,0.000,0.000,0.000,6.086
Colo9345_rep8_Dep6_Tu1,0.000,0.000,0.000,0.090,0.008,0.000,0.000,59.760,0.000,0.000,13.085,13.131,0.000,0.000,0.000,0.696,0.000,1.886,0.000,1.297,0.000,0.000,10.046
Colo9345_rep4_Dep6_Tu5,6.491,0.000,0.000,5.948,0.000,0.404,0.000,37.116,0.000,0.000,3.804,0.000,0.000,0.000,0.000,0.000,0.000,0.000,43.137,0.000,0.000,0.000,3.099
Colo9345_rep10_Dep6_Tu30,13.571,37.186,0.000,11.444,0.000,3.892,0.000,27.543,0.000,0.000,1.466,0.000,0.000,0.000,0.887,0.000,0.000,0.000,0.000,0.000,0.000,0.000,4.010
Colo9345_rep10_Dep6_Tu0.5,0.000,0.000,0.000,0.087,0.000,0.000,10.456,62.458,0.000,0.000,10.457,0.000,0.000,0.000,0.000,0.000,0.000,1.244,0.000,0.000,0.000,2.582,12.715
Colo9345_rep8_Dep6_Tu2,0.000,0.000,0.000,0.183,0.000,0.829,3.309,56.115,0.000,0.000,12.597,14.016,1.131,0.268,0.000,0.213,0.000,0.266,0.000,3.699,0.000,0.000,7.373
Colo9345_rep7_Dep6_Tu0.3,0.000,0.000,0.000,0.239,8.341,0.000,0.000,58.996,0.000,0.000,15.653,0.000,0.000,0.000,0.000,0.000,0.000,0.000,0.000,0.000,0.000,0.000,16.770
Colo9345_rep4_Dep6_Tu3,6.179,0.000,0.000,5.458,0.000,0.098,0.110,46.774,0.000,0.000,9.281,0.000,0.000,0.000,0.000,0.000,0.000,0.000,0.000,25.053,0.000,0.000,7.045
Colo9345_rep3_Dep6_Tu0.5,0.000,0.000,0.000,0.096,1.149,0.000,1.507,44.113,0.000,0.000,11.276,0.000,0.000,0.000,0.000,0.000,0.000,36.004,0.000,0.000,0.000,0.000,5.856
Colo9345_rep8_Dep6_Tu50,26.012,18.223,0.000,22.367,0.000,6.799,0.000,20.419,0.000,0.000,4.525,0.000,0.000,0.000,0.000,0.000,0.000,0.000,0.000,0.000,0.000,0.000,1.655
Colo9345_rep2_Dep6_Tu30,29.597,0.000,3.813,33.709,0.000,12.474,0.000,13.551,0.000,0.000,1.926,0.000,0.000,0.000,0.764,0.000,0.000,0.000,0.000,0.000,0.000,0.000,4.166
Colo9345_rep8_Dep6_Tu5,0.064,1.708,0.000,1.350,0.000,0.000,0.000,48.796,0.000,0.000,13.486,6.092,0.000,0.000,0.000,0.000,12.329,0.000,9.430,0.000,0.000,0.000,6.743
Colo9345_rep1_Dep6_Tu50,27.081,0.000,3.259,42.931,0.000,18.710,0.000,1.392,0.000,0.000,0.000,0.000,0.000,0.000,3.581,0.000,0.000,0.000,0.000,0.000,0.000,0.000,3.044
Colo9345_rep8_Dep6_Tu0.1,0.000,0.000,0.000,0.000,0.000,0.000,1.549,56.827,0.000,0.000,9.452,16.988,0.000,0.000,0.000,0.000,0.000,0.000,0.000,9.567,0.000,0.000,5.617
Colo9345_rep6_Dep6_Tu0.3,0.000,0.000,0.076,0.016,0.421,0.000,1.812,45.044,0.000,0.000,11.173,0.000,0.000,0.000,0.000,0.000,0.000,35.401,0.000,0.000,0.000,0.000,6.056
Colo9345_rep9_Dep6_Tu1,0.000,0.000,0.000,0.000,0.000,0.000,5.241,63.716,0.000,0.000,9.132,0.000,0.000,0.000,0.000,0.000,0.000,9.272,0.000,0.935,0.000,0.000,11.702
Colo9345_rep7_Dep6_Tu3,1.816,0.000,0.000,3.771,0.000,0.002,0.000,43.099,0.000,0.000,7.127,0.000,0.000,0.000,0.000,32.096,7.323,0.000,0.000,0.000,0.000,0.000,4.764
Colo9345_rep9_Dep6_Tu40,15.268,4.779,0.000,21.391,0.000,0.972,0.000,30.792,0.000,0.000,1.619,0.000,0.000,0.000,18.712,0.000,0.000,0.000,0.000,0.000,0.000,0.000,6.467
Colo9345_rep3_Dep6_Tu2,1.939,0.000,0.000,1.600,0.000,1.884,0.601,48.227,0.000,0.000,9.162,0.000,0.000,0.000,0.000,0.000,31.416,0.000,0.445,0.000,0.000,0.000,4.725
Colo9345_rep2_Dep6_Tu0.3,0.000,0.000,0.014,0.000,1.673,0.000,0.073,61.397,0.000,0.000,5.177,0.000,0.000,0.029,0.000,0.442,0.000,0.000,0.000,23.340,0.000,0.000,7.854
Colo9345_rep4_Dep6_Tu0.3,0.000,0.000,0.000,0.001,9.171,0.000,10.163,58.382,0.000,0.000,14.211,0.000,0.000,0.774,0.000,0.000,0.000,0.000,0.000,0.000,0.000,0.000,7.296
Colo9345_rep9_Dep6_Tu30,16.174,0.000,0.095,13.770,0.000,4.141,0.000,42.890,0.000,0.000,7.443,0.000,0.000,0.000,5.353,0.000,0.000,0.000,0.000,7.331,0.000,0.000,2.802
Colo9345_rep6_Dep6_Tu40,25.466,0.000,0.524,38.087,0.000,18.375,0.000,4.535,0.000,0.000,1.803,0.000,0.000,0.000,9.872,0.000,0.000,0.000,0.000,0.000,0.000,0.000,1.337
Colo9345_rep10_Dep6_Tu0.1,0.000,0.000,0.000,0.000,13.094,0.000,7.519,58.401,0.000,0.000,10.215,2.343,0.000,0.000,0.000,0.000,0.000,0.000,0.000,0.000,0.000,0.471,7.956
Colo9345_rep4_Dep6_Tu50,26.413,0.000,6.172,41.429,0.000,18.806,0.000,1.127,0.000,0.000,0.000,0.000,0.000,0.000,3.996,0.000,0.000,0.000,0.000,0.000,0.000,0.000,2.056
