Sample,BRCA,CEAD,CESC,COAD,OV,READ,bcell,cd4tcell,cd8tcell,erythroblast,monocyte,naturalkillercell,neutrophil
Colo_rep2_Dep6_Tu0.5,0.000,0.000,0.000,0.000,9.333,0.000,1.455,0.000,0.378,13.795,13.994,1.513,59.532
Colo_rep2_Dep6_Tu50,0.998,0.000,2.706,0.000,9.047,24.933,2.613,0.000,0.000,16.320,6.528,5.318,31.537
Colo_rep6_Dep6_Tu1,0.000,0.000,0.000,0.000,11.758,0.000,6.029,0.000,0.227,10.676,8.930,2.258,60.123
Colo_rep3_Dep6_Tu2,0.000,0.000,0.000,0.000,7.474,1.074,7.346,0.000,0.202,8.942,11.198,2.719,61.045
Colo_rep7_Dep6_Tu2,0.000,0.000,0.000,0.000,7.613,0.657,4.990,0.000,0.000,14.443,7.620,2.087,62.591
Colo_rep8_Dep6_Tu0.1,0.000,0.000,0.000,0.000,11.740,0.000,7.052,0.127,1.499,8.797,9.653,3.021,58.111
Colo_rep10_Dep6_Tu2,0.000,0.000,0.000,0.000,11.527,0.580,2.226,0.000,0.226,12.356,14.889,2.852,55.344
Colo_rep6_Dep6_Tu3,0.000,0.000,0.000,0.000,18.483,0.000,5.299,0.000,0.004,9.013,9.806,1.469,55.925
Colo_rep9_Dep6_Tu30,0.000,0.000,0.000,0.000,10.663,13.567,4.250,0.000,0.000,14.868,10.351,3.023,43.278
Colo_rep9_Dep6_Tu0.5,0.000,0.000,0.000,0.000,16.897,0.000,1.675,0.000,0.000,9.792,11.680,4.034,55.922
Colo_rep6_Dep6_Tu20,0.000,0.000,0.573,0.000,3.354,14.969,4.341,0.000,2.861,9.464,12.551,2.949,48.937
Colo_rep8_Dep6_Tu30,0.709,0.000,0.464,0.000,19.713,11.927,2.297,0.000,0.000,10.640,7.254,4.574,42.422
Colo_rep3_Dep6_Tu5,0.000,0.000,0.000,1.253,10.893,1.975,5.760,0.000,0.000,10.085,6.947,3.304,59.782
Colo_rep4_Dep6_Tu3,0.000,0.000,0.000,0.000,14.021,0.000,3.699,0.000,0.000,6.597,10.621,7.045,58.017
Colo_rep2_Dep6_Tu10,0.000,0.000,0.000,0.000,11.277,5.959,3.505,0.000,0.293,9.642,14.095,4.261,50.968
Colo_rep3_Dep6_Tu40,0.000,2.264,0.000,0.000,14.023,21.836,4.533,3.700,0.000,8.451,6.301,3.005,35.887
Colo_rep3_Dep6_Tu30,6.737,0.000,0.000,0.000,4.686,12.104,4.369,0.965,0.000,12.350,7.971,5.428,45.391
Colo_rep6_Dep6_Tu30,0.000,0.000,0.000,0.000,20.570,15.940,1.813,0.000,2.565,8.087,7.239,4.781,39.005
Colo_rep4_Dep6_Tu50,5.045,0.000,0.483,0.000,1.870,29.786,3.205,0.000,5.051,13.346,11.905,0.332,28.978
Colo_rep5_Dep6_Tu50,3.523,0.000,2.312,0.000,4.169,28.219,2.633,0.000,0.000,12.828,10.447,6.155,29.714
Colo_rep6_Dep6_Tu2,0.000,0.000,0.000,0.000,6.698,1.618,2.238,0.000,6.868,9.776,10.040,2.168,60.595
Colo_rep10_Dep6_Tu50,0.255,0.000,0.000,0.000,14.828,30.818,3.089,0.000,0.000,14.140,12.940,2.315,21.616
Colo_rep7_Dep6_Tu50,6.594,1.209,0.000,0.000,5.791,23.183,4.095,1.455,0.000,12.260,7.859,4.794,32.759
Colo_rep9_Dep6_Tu40,3.542,2.752,2.010,0.000,9.328,18.261,3.737,0.773,0.000,11.885,10.846,1.842,35.023
Colo_rep8_Dep6_Tu5,0.615,0.000,0.000,0.000,12.561,0.000,4.951,0.000,0.433,9.906,8.689,5.596,57.250
Colo_rep1_Dep6_Tu20,1.041,0.000,0.000,0.000,12.649,8.738,0.816,0.000,4.135,8.715,10.732,5.882,47.293
Colo_rep9_Dep6_Tu2,0.000,0.000,0.000,0.000,10.841,0.000,4.098,0.000,0.000,16.467,11.529,0.546,56.519
Colo_rep5_Dep6_Tu30,0.000,0.000,0.000,0.000,11.819,16.848,6.926,0.000,0.000,16.433,7.562,0.000,40.411
Colo_rep4_Dep6_Tu0.1,0.000,0.000,0.000,0.000,6.171,0.000,3.129,0.000,0.557,14.262,11.671,0.261,63.949
Colo_rep5_Dep6_Tu0.1,0.000,0.000,0.000,0.000,13.591,0.000,3.873,0.000,0.000,10.685,10.373,0.784,60.694
Colo_rep9_Dep6_Tu3,0.000,0.000,0.000,0.000,14.083,0.205,2.713,0.000,1.386,6.375,13.157,3.734,58.347
Colo_rep2_Dep6_Tu0.1,0.000,0.000,0.000,0.000,11.752,0.000,4.377,0.000,0.000,10.112,11.399,6.262,56.097
Colo_rep8_Dep6_Tu10,1.049,0.000,0.000,0.000,7.139,1.662,8.027,0.000,3.984,11.304,6.648,0.977,59.211
Colo_rep4_Dep6_Tu30,4.338,1.952,1.360,0.000,4.145,10.676,0.599,0.000,2.656,13.125,10.125,3.856,47.168
Colo_rep2_Dep6_Tu2,0.653,0.000,0.000,0.000,9.741,0.702,4.738,0.000,1.063,12.242,10.524,1.555,58.783
Colo_rep1_Dep6_Tu5,0.000,0.000,0.000,0.000,9.909,4.069,5.280,0.000,1.646,10.400,9.866,1.574,57.257
Colo_rep8_Dep6_Tu50,4.957,0.000,1.684,0.000,12.916,25.345,2.400,0.000,1.763,9.754,7.781,5.162,28.240
Colo_rep5_Dep6_Tu5,0.000,0.000,0.000,0.000,11.431,1.780,7.309,0.000,0.023,7.510,11.086,4.984,55.877
Colo_rep6_Dep6_Tu50,0.668,0.000,1.185,0.000,13.319,25.685,0.691,0.000,0.471,14.646,11.026,5.136,27.173
Colo_rep5_Dep6_Tu0.5,0.000,0.000,0.000,0.000,8.317,0.000,4.097,0.000,0.000,10.333,7.337,4.103,65.813
Colo_rep4_Dep6_Tu20,1.507,0.000,0.000,0.000,15.283,10.939,3.910,0.000,0.000,5.411,7.970,7.304,47.675
Colo_rep8_Dep6_Tu40,3.657,0.000,2.439,0.000,12.354,15.264,4.131,0.000,0.000,11.879,6.704,7.797,35.774
Colo_rep7_Dep6_Tu0.3,0.000,0.000,0.000,0.000,8.850,0.000,0.781,0.000,0.000,13.161,11.874,3.808,61.525
Colo_rep7_Dep6_Tu30,0.980,2.097,0.000,0.000,8.705,18.172,1.208,0.000,0.000,11.065,7.340,5.253,45.180
Colo_rep10_Dep6_Tu20,2.953,0.000,0.000,0.000,11.065,9.150,7.735,0.000,2.709,8.488,8.558,1.177,48.166
Colo_rep9_Dep6_Tu10,0.000,0.000,0.000,0.000,18.531,0.988,5.451,0.000,0.000,7.704,12.391,3.165,51.770
Colo_rep9_Dep6_Tu0.1,0.000,0.000,0.000,0.000,14.794,0.000,4.772,0.000,0.794,11.012,9.990,5.112,53.526
Colo_rep10_Dep6_Tu0.3,0.000,0.000,0.000,0.000,6.771,1.352,1.960,0.000,7.214,9.378,10.141,2.216,60.968
Colo_rep8_Dep6_Tu20,0.056,0.000,0.000,0.000,19.713,8.005,5.699,0.000,3.812,4.761,6.684,2.653,48.616
Colo_rep3_Dep6_Tu3,0.000,0.000,0.560,0.000,6.952,0.803,1.811,0.000,0.432,11.515,12.812,7.659,57.456
Colo_rep4_Dep6_Tu2,0.000,0.000,0.000,0.000,15.239,0.000,4.544,0.000,1.668,4.957,13.675,4.793,55.123
Colo_rep10_Dep6_Tu0.1,0.000,0.000,0.000,0.000,10.395,0.669,6.404,0.000,2.881,6.818,8.317,2.390,62.126
Colo_rep4_Dep6_Tu0.3,0.000,0.000,0.000,0.000,6.661,0.000,4.062,0.000,2.386,10.359,12.156,3.186,61.190
Colo_rep9_Dep6_Tu0.3,0.000,0.000,0.000,0.000,5.544,0.000,2.033,0.000,0.000,13.262,14.527,1.605,63.029
Colo_rep1_Dep6_Tu10,0.000,0.000,0.000,0.000,8.578,5.293,8.546,0.000,0.878,9.972,8.943,5.703,52.087
Colo_rep6_Dep6_Tu0.3,0.000,0.000,0.000,0.000,8.298,0.000,4.222,0.000,3.573,7.733,15.725,2.772,57.676
Colo_rep6_Dep6_Tu0.5,0.000,0.000,0.000,0.000,14.010,0.000,5.689,0.000,3.691,7.246,8.087,2.276,59.001
Colo_rep10_Dep6_Tu10,0.000,0.000,0.000,0.000,15.567,5.564,7.649,1.350,0.000,9.600,8.109,3.216,48.945
Colo_rep10_Dep6_Tu1,0.000,0.000,0.000,0.000,11.742,0.000,3.759,0.000,0.000,9.543,15.174,4.750,55.032
Colo_rep10_Dep6_Tu5,0.000,0.000,0.000,0.000,14.956,2.467,4.292,0.000,1.723,7.963,9.178,5.544,53.877
Colo_rep10_Dep6_Tu40,4.204,3.155,0.000,0.000,7.939,23.734,3.331,0.000,0.000,9.337,14.649,3.260,30.390
Colo_rep10_Dep6_Tu0.5,0.000,0.000,0.000,0.000,11.191,0.647,9.144,0.000,2.382,7.685,9.038,4.423,55.491
Colo_rep1_Dep6_Tu1,0.000,0.000,0.000,0.000,15.262,0.000,5.362,0.000,1.835,7.851,8.243,2.511,58.935
Colo_rep7_Dep6_Tu20,2.315,0.976,0.579,1.318,14.281,6.187,4.082,0.000,0.137,12.984,9.836,3.835,43.471
Colo_rep6_Dep6_Tu10,0.000,0.000,0.014,1.397,12.471,1.864,3.756,0.000,0.000,8.114,14.415,6.625,51.343
Colo_rep10_Dep6_Tu3,1.974,0.000,0.140,0.425,4.497,0.000,2.860,0.000,0.000,11.968,13.027,3.111,61.998
Colo_rep1_Dep6_Tu30,1.991,0.000,0.000,0.000,10.113,12.884,1.205,0.000,2.845,10.088,12.556,5.469,42.848
Colo_rep1_Dep6_Tu0.1,0.000,0.000,0.000,0.000,8.525,0.000,3.143,0.000,2.612,10.918,8.960,0.000,65.843
Colo_rep7_Dep6_Tu5,0.371,0.000,0.000,0.000,9.373,2.318,5.633,0.664,2.583,9.708,8.704,0.390,60.256
Colo_rep7_Dep6_Tu0.1,0.000,0.000,0.000,0.000,12.512,0.000,2.867,0.000,0.000,10.824,13.083,3.501,57.213
Colo_rep6_Dep6_Tu40,2.522,0.000,0.000,0.000,8.822,23.304,0.000,0.000,1.777,12.452,7.575,3.460,40.088
Colo_rep8_Dep6_Tu2,0.000,0.000,0.000,0.000,10.108,0.000,5.315,0.000,0.302,9.931,10.867,4.253,59.225
Colo_rep7_Dep6_Tu0.5,0.000,0.000,0.000,0.000,12.584,0.000,4.467,0.000,0.314,9.244,8.904,5.232,59.255
Colo_rep5_Dep6_Tu20,0.803,0.000,0.000,0.000,15.600,9.135,6.945,0.000,2.630,6.043,5.939,5.692,47.214
Colo_rep8_Dep6_Tu0.3,0.000,0.000,0.000,0.000,5.666,0.000,1.881,0.000,0.000,13.972,13.869,1.691,62.922
Colo_rep4_Dep6_Tu5,0.000,0.000,0.000,0.000,19.279,1.623,2.589,0.000,1.595,7.966,11.387,3.901,51.660
Colo_rep9_Dep6_Tu1,0.000,0.000,0.000,0.000,12.831,0.000,4.166,0.000,0.000,10.782,11.468,1.139,59.615
Colo_rep1_Dep6_Tu0.5,0.000,0.697,0.000,0.000,12.587,0.000,1.980,0.000,2.570,10.240,11.175,0.184,60.567
Colo_rep8_Dep6_Tu3,0.000,0.000,0.000,0.000,12.026,2.621,0.394,0.000,0.618,8.626,13.003,5.887,56.825
Colo_rep5_Dep6_Tu0.3,0.000,0.000,0.000,0.000,12.621,0.775,3.027,0.000,1.574,9.176,13.377,4.878,54.572
Colo_rep2_Dep6_Tu30,1.579,0.000,0.000,0.000,15.066,14.444,0.836,1.056,0.000,9.994,9.035,1.953,46.035
Colo_rep7_Dep6_Tu10,0.000,0.000,0.000,0.000,13.865,0.107,5.361,0.000,0.000,12.857,10.119,5.149,52.542
Colo_rep2_Dep6_Tu40,3.396,0.613,1.612,0.000,8.546,17.671,9.810,0.000,0.000,10.038,7.064,5.761,35.487
Colo_rep3_Dep6_Tu0.1,0.000,2.190,0.000,0.000,12.611,0.000,1.753,0.000,0.000,8.032,15.644,4.727,55.042
Colo_rep3_Dep6_Tu1,0.000,0.000,0.000,0.000,9.696,0.000,2.706,0.000,1.101,7.193,13.776,4.997,60.530
Colo_rep8_Dep6_Tu1,0.000,0.000,0.000,0.000,9.915,0.000,2.680,0.000,0.000,11.150,10.585,4.405,61.266
Colo_rep4_Dep6_Tu1,0.000,0.000,0.000,0.000,11.085,0.000,6.985,0.000,0.167,7.404,10.354,4.408,59.596
Colo_rep5_Dep6_Tu40,0.068,0.000,0.097,1.695,10.297,17.488,4.148,0.058,0.000,13.139,6.100,8.569,38.342
Colo_rep5_Dep6_Tu10,0.000,0.428,0.000,1.156,10.571,0.000,6.374,0.000,3.049,11.074,11.188,2.257,53.903
Colo_rep2_Dep6_Tu0.3,0.000,0.475,0.065,0.000,10.098,0.000,1.764,0.000,0.000,10.430,10.309,4.173,62.687
Colo_rep10_Dep6_Tu30,1.269,2.330,0.990,0.000,10.245,9.068,4.451,0.000,2.546,10.299,7.952,4.074,46.775
Colo_rep1_Dep6_Tu40,0.000,0.000,1.652,2.183,10.914,22.759,3.969,0.000,0.470,10.477,7.286,5.260,35.030
Colo_rep6_Dep6_Tu0.1,0.000,0.000,0.000,0.000,11.020,0.000,2.445,0.000,2.367,12.181,12.165,0.762,59.060
Colo_rep7_Dep6_Tu40,2.193,0.000,0.000,0.000,9.088,19.771,6.276,0.000,0.000,12.420,7.218,3.095,39.939
Colo_rep1_Dep6_Tu50,2.956,5.975,0.000,0.000,3.013,33.071,5.044,0.000,0.000,7.927,8.923,6.930,26.160
Colo_rep1_Dep6_Tu0.3,0.000,1.530,0.000,0.000,5.377,0.000,3.774,0.057,1.033,12.357,11.247,2.148,62.477
Colo_rep9_Dep6_Tu20,0.000,0.000,0.000,0.000,11.267,10.593,4.050,0.000,0.000,15.461,9.152,1.638,47.839
Colo_rep4_Dep6_Tu10,0.000,0.000,0.000,0.259,10.160,3.309,3.442,0.000,0.000,13.804,12.633,0.702,55.691
Colo_rep6_Dep6_Tu5,0.000,0.000,0.000,0.000,5.721,4.786,4.720,0.000,0.000,14.011,10.070,1.957,58.735
Colo_rep9_Dep6_Tu5,0.000,0.000,0.000,0.000,8.821,3.749,4.916,0.000,1.410,13.502,12.983,2.506,52.113
Colo_rep3_Dep6_Tu50,2.492,0.000,0.000,0.000,12.775,26.301,4.966,0.000,0.000,10.570,11.096,3.732,28.068
Colo_rep5_Dep6_Tu1,0.000,0.000,0.000,0.000,5.839,3.291,4.494,0.000,1.365,12.643,14.349,3.818,54.202
Colo_rep5_Dep6_Tu3,0.000,0.000,0.000,0.375,8.072,0.219,3.397,0.000,0.000,13.446,11.428,4.803,58.260
Colo_rep2_Dep6_Tu1,0.000,0.000,0.000,0.000,12.854,0.000,0.000,0.000,0.000,13.910,11.034,2.864,59.338
Colo_rep7_Dep6_Tu1,0.000,0.000,0.000,0.000,9.311,0.000,3.597,0.000,0.000,10.424,13.044,1.279,62.346
Colo_rep5_Dep6_Tu2,0.000,0.000,0.000,0.000,13.048,0.198,1.847,0.000,3.493,7.048,11.372,4.457,58.536
Colo_rep4_Dep6_Tu40,0.769,0.560,0.000,0.000,14.346,21.824,4.386,0.000,0.000,10.108,10.224,4.522,33.262
Colo_rep2_Dep6_Tu20,0.000,0.000,0.000,0.000,9.923,14.538,6.103,0.000,0.161,11.469,7.933,2.232,47.640
Colo_rep4_Dep6_Tu0.5,0.000,0.000,0.000,0.000,11.380,0.727,7.744,0.000,0.000,8.274,4.920,4.588,62.367
Colo_rep2_Dep6_Tu5,0.000,0.000,1.686,0.000,9.434,1.730,2.491,0.000,0.000,11.337,8.152,6.761,58.407
Colo_rep2_Dep6_Tu3,0.000,0.000,0.000,0.000,14.792,0.000,1.603,1.367,0.000,14.631,8.287,3.450,55.871
Colo_rep3_Dep6_Tu10,0.680,0.000,0.000,0.000,1.933,5.915,4.175,0.000,0.116,17.608,11.052,0.000,58.519
Colo_rep8_Dep6_Tu0.5,0.000,0.000,0.000,0.000,12.265,0.000,6.102,0.000,0.623,10.240,8.718,0.000,62.052
Colo_rep7_Dep6_Tu3,0.000,0.000,0.000,0.000,13.077,0.890,5.608,0.000,0.000,9.318,10.068,4.061,56.978
Colo_rep3_Dep6_Tu0.5,0.000,0.000,0.000,0.000,9.103,0.000,4.510,0.000,1.705,8.393,15.245,3.374,57.670
Colo_rep3_Dep6_Tu20,0.816,3.407,0.000,0.000,6.964,4.525,2.938,0.560,0.000,15.704,11.758,2.997,50.331
Colo_rep1_Dep6_Tu2,0.000,0.000,0.000,0.000,14.787,0.000,3.043,0.000,0.000,11.935,11.075,2.911,56.248
Colo_rep9_Dep6_Tu50,2.557,0.000,2.686,0.000,4.023,29.854,0.000,0.000,0.000,14.177,11.174,3.601,31.928
Colo_rep3_Dep6_Tu0.3,0.000,0.000,0.000,0.000,12.112,0.000,5.689,0.000,0.980,10.328,8.790,0.000,62.101
Colo_rep1_Dep6_Tu3,0.598,0.000,2.636,0.000,0.000,1.348,5.490,0.000,2.157,14.351,11.035,2.356,60.028
