Sample,BRCA,CEAD,CESC,COAD,OV,READ,bcell,cd4tcell,cd8tcell,erythroblast,monocyte,naturalkillercell,neutrophil
Cer81_rep10_Dep6_Tu5,0.000,78.005,1.874,0.000,0.009,0.000,0.043,0.645,0.322,0.104,1.862,0.049,17.086
Cer81_rep8_Dep6_Tu2,0.000,80.661,0.001,0.000,0.003,0.000,0.017,0.220,0.058,0.126,2.265,0.119,16.530
Cer81_rep6_Dep6_Tu3,0.000,81.692,0.001,0.000,0.002,0.000,0.012,0.463,0.249,0.031,1.854,0.017,15.679
Cer81_rep2_Dep6_Tu3,0.000,81.213,0.237,0.000,0.005,0.000,0.006,0.349,0.275,0.037,2.304,0.030,15.544
Cer81_rep7_Dep6_Tu20,0.000,61.794,17.145,0.000,0.001,0.000,0.010,3.734,0.204,0.054,3.453,0.031,13.571
Cer81_rep5_Dep6_Tu5,0.000,78.746,1.615,0.000,0.017,0.000,0.027,0.487,0.815,0.052,1.666,0.039,16.534
Cer81_rep4_Dep6_Tu0.1,0.000,80.421,0.000,0.000,0.000,0.000,0.003,0.013,0.088,0.019,1.713,0.009,17.734
Cer81_rep9_Dep6_Tu20,0.000,60.438,16.360,0.000,0.000,0.000,0.030,4.009,0.755,0.052,4.224,0.046,14.085
Cer81_rep9_Dep6_Tu5,0.003,80.936,0.972,0.023,0.014,0.000,0.039,0.680,0.563,0.033,1.984,0.026,14.727
Cer81_rep2_Dep6_Tu1,0.000,79.994,0.000,0.000,0.000,0.000,0.002,0.158,0.129,0.030,2.067,0.010,17.611
Cer81_rep8_Dep6_Tu3,0.000,81.307,0.051,0.000,0.003,0.000,0.012,0.374,0.062,0.058,1.408,0.034,16.693
Cer81_rep8_Dep6_Tu1,0.000,80.432,0.000,0.000,0.001,0.000,0.004,0.077,0.088,0.040,1.643,0.015,17.700
Cer81_rep1_Dep6_Tu50,0.000,20.814,43.661,0.000,0.000,0.000,0.042,14.792,2.382,0.007,4.339,0.049,13.914
Cer81_rep9_Dep6_Tu1,0.000,82.631,0.000,0.000,0.000,0.000,0.005,0.272,0.125,0.049,1.467,0.015,15.435
Cer81_rep4_Dep6_Tu30,0.000,47.553,26.674,0.000,0.001,0.000,0.031,4.289,3.149,0.006,4.727,0.033,13.537
Cer81_rep5_Dep6_Tu20,0.001,57.203,17.041,0.002,0.022,0.000,0.043,4.255,0.730,0.059,4.443,0.240,15.960
Cer81_rep2_Dep6_Tu0.5,0.000,81.841,0.000,0.000,0.000,0.000,0.003,0.135,0.071,0.010,1.671,0.032,16.236
Cer81_rep2_Dep6_Tu2,0.000,80.477,0.001,0.000,0.002,0.000,0.013,0.057,0.343,0.056,1.608,0.035,17.407
Cer81_rep5_Dep6_Tu1,0.000,81.926,0.000,0.000,0.000,0.000,0.008,0.163,0.140,0.042,1.742,0.009,15.968
Cer81_rep7_Dep6_Tu0.5,0.000,80.569,0.000,0.000,0.000,0.000,0.003,0.024,0.206,0.018,1.518,0.009,17.653
Cer81_rep5_Dep6_Tu0.1,0.000,82.038,0.000,0.000,0.000,0.000,0.003,0.225,0.049,0.038,1.034,0.017,16.596
Cer81_rep8_Dep6_Tu0.1,0.000,78.760,0.000,0.000,0.000,0.000,0.018,0.343,0.293,0.012,1.906,0.037,18.629
Cer81_rep10_Dep6_Tu10,0.000,72.724,7.364,0.000,0.005,0.000,0.050,0.619,0.597,0.107,3.457,0.130,14.947
Cer81_rep2_Dep6_Tu5,0.000,79.122,1.803,0.000,0.010,0.000,0.010,0.592,0.030,0.024,1.577,0.031,16.800
Cer81_rep8_Dep6_Tu50,0.000,22.390,43.406,0.000,0.000,0.000,0.050,12.371,3.727,0.030,5.178,0.067,12.780
Cer81_rep2_Dep6_Tu40,0.001,34.514,35.183,0.000,0.001,0.000,0.037,8.336,2.016,0.027,6.369,0.172,13.344
Cer81_rep6_Dep6_Tu30,0.000,46.651,25.267,0.000,0.001,0.000,0.027,6.871,1.377,0.068,5.227,0.148,14.363
Cer81_rep4_Dep6_Tu1,0.000,80.077,0.000,0.000,0.002,0.000,0.004,0.323,0.154,0.063,1.527,0.031,17.819
Cer81_rep3_Dep6_Tu0.3,0.000,81.515,0.000,0.000,0.000,0.000,0.002,0.229,0.108,0.013,1.479,0.011,16.643
Cer81_rep9_Dep6_Tu0.1,0.000,79.852,0.000,0.000,0.000,0.000,0.005,0.203,0.137,0.022,2.154,0.025,17.602
Cer81_rep1_Dep6_Tu40,0.000,34.820,34.480,0.000,0.006,0.000,0.044,11.225,1.368,0.068,4.369,0.071,13.550
Cer81_rep10_Dep6_Tu2,0.000,80.260,0.000,0.000,0.002,0.000,0.007,0.261,0.045,0.016,1.934,0.056,17.419
Cer81_rep7_Dep6_Tu50,0.000,20.076,45.337,0.000,0.000,0.000,0.027,14.038,1.287,0.036,5.691,0.070,13.438
Cer81_rep8_Dep6_Tu0.3,0.000,81.365,0.000,0.000,0.000,0.000,0.002,0.120,0.052,0.017,1.609,0.026,16.809
Cer81_rep8_Dep6_Tu40,0.000,37.062,35.351,0.000,0.001,0.000,0.008,6.828,4.362,0.021,4.320,0.018,12.030
Cer81_rep9_Dep6_Tu40,0.000,33.340,35.417,0.000,0.001,0.000,0.020,9.851,1.212,0.079,5.378,0.106,14.596
Cer81_rep9_Dep6_Tu10,0.000,71.986,7.428,0.000,0.007,0.000,0.037,1.484,0.030,0.057,3.378,0.087,15.505
Cer81_rep2_Dep6_Tu50,0.000,23.938,43.393,0.000,0.000,0.000,0.024,12.210,2.282,0.019,6.538,0.018,11.579
Cer81_rep8_Dep6_Tu10,0.001,69.437,6.864,0.002,0.007,0.000,0.041,1.857,0.708,0.127,3.423,0.252,17.280
Cer81_rep10_Dep6_Tu0.1,0.000,80.543,0.000,0.000,0.000,0.000,0.002,0.008,0.161,0.032,1.873,0.021,17.360
Cer81_rep3_Dep6_Tu1,0.000,80.662,0.000,0.000,0.001,0.000,0.002,0.028,0.111,0.025,2.044,0.030,17.098
Cer81_rep9_Dep6_Tu50,0.000,24.162,43.813,0.000,0.000,0.000,0.011,14.494,0.834,0.028,4.568,0.140,11.950
Cer81_rep8_Dep6_Tu30,0.000,50.370,25.648,0.000,0.004,0.000,0.076,6.562,0.630,0.097,4.364,0.113,12.136
Cer81_rep4_Dep6_Tu20,0.000,57.525,16.915,0.000,0.003,0.000,0.028,4.141,1.314,0.009,3.243,0.175,16.648
Cer81_rep10_Dep6_Tu20,0.000,58.838,17.291,0.001,0.001,0.000,0.043,3.443,1.482,0.022,3.695,0.056,15.127
Cer81_rep7_Dep6_Tu3,0.000,80.500,0.053,0.000,0.004,0.000,0.006,0.282,0.350,0.056,2.212,0.004,16.533
Cer81_rep2_Dep6_Tu30,0.000,46.707,27.538,0.000,0.001,0.000,0.047,7.304,0.303,0.048,3.889,0.133,14.032
Cer81_rep1_Dep6_Tu0.1,0.000,81.004,0.000,0.000,0.000,0.000,0.001,0.037,0.100,0.025,1.590,0.015,17.229
Cer81_rep5_Dep6_Tu10,0.000,72.131,7.140,0.000,0.014,0.000,0.025,1.340,0.512,0.040,3.028,0.042,15.728
Cer81_rep7_Dep6_Tu0.1,0.000,82.076,0.000,0.000,0.000,0.000,0.001,0.235,0.025,0.019,0.730,0.004,16.910
Cer81_rep8_Dep6_Tu0.5,0.000,81.790,0.000,0.000,0.000,0.000,0.002,0.096,0.145,0.017,1.730,0.016,16.203
Cer81_rep7_Dep6_Tu1,0.000,81.999,0.000,0.000,0.000,0.000,0.002,0.142,0.077,0.020,1.377,0.017,16.366
Cer81_rep10_Dep6_Tu0.5,0.000,80.717,0.000,0.000,0.000,0.000,0.011,0.147,0.096,0.034,1.580,0.017,17.397
Cer81_rep8_Dep6_Tu20,0.000,59.991,16.673,0.000,0.001,0.000,0.032,0.253,4.190,0.046,3.641,0.060,15.113
Cer81_rep4_Dep6_Tu5,0.000,78.205,2.434,0.000,0.009,0.000,0.005,0.712,0.218,0.061,2.535,0.028,15.794
Cer81_rep3_Dep6_Tu30,0.000,47.717,26.280,0.000,0.001,0.000,0.026,5.708,1.907,0.038,5.111,0.011,13.201
Cer81_rep9_Dep6_Tu0.3,0.000,81.320,0.000,0.000,0.000,0.000,0.001,0.170,0.012,0.007,1.668,0.036,16.786
Cer81_rep4_Dep6_Tu0.3,0.000,81.684,0.000,0.000,0.000,0.000,0.003,0.162,0.042,0.017,1.409,0.032,16.652
Cer81_rep1_Dep6_Tu30,0.001,48.217,26.422,0.000,0.000,0.000,0.035,3.724,3.351,0.084,4.462,0.054,13.649
Cer81_rep1_Dep6_Tu1,0.000,78.736,0.000,0.000,0.001,0.000,0.022,0.399,0.163,0.056,2.428,0.064,18.130
Cer81_rep4_Dep6_Tu50,0.000,18.399,44.586,0.000,0.000,0.000,0.045,12.111,3.635,0.086,6.091,0.090,14.956
Cer81_rep6_Dep6_Tu0.1,0.000,80.225,0.000,0.000,0.000,0.000,0.006,0.193,0.145,0.022,1.784,0.014,17.612
Cer81_rep1_Dep6_Tu0.5,0.000,81.043,0.000,0.000,0.000,0.000,0.002,0.177,0.154,0.019,2.022,0.007,16.576
Cer81_rep3_Dep6_Tu50,0.000,21.090,44.083,0.000,0.000,0.000,0.043,13.242,2.483,0.023,6.232,0.091,12.711
Cer81_rep6_Dep6_Tu50,0.000,22.512,43.244,0.000,0.001,0.000,0.061,14.416,1.989,0.040,4.981,0.067,12.688
Cer81_rep4_Dep6_Tu40,0.000,36.958,34.383,0.000,0.001,0.000,0.072,10.376,1.912,0.016,5.529,0.037,10.717
Cer81_rep7_Dep6_Tu5,0.000,78.991,1.986,0.000,0.006,0.000,0.012,0.857,0.188,0.057,2.844,0.033,15.026
Cer81_rep9_Dep6_Tu30,0.000,45.624,27.283,0.000,0.004,0.000,0.091,3.669,2.672,0.087,5.477,0.124,14.971
Cer81_rep5_Dep6_Tu0.5,0.000,81.918,0.000,0.000,0.000,0.000,0.002,0.044,0.066,0.015,1.357,0.005,16.594
Cer81_rep5_Dep6_Tu2,0.000,79.653,0.000,0.000,0.001,0.000,0.003,0.440,0.139,0.006,1.685,0.030,18.044
Cer81_rep5_Dep6_Tu3,0.000,82.173,0.102,0.000,0.002,0.000,0.004,0.420,0.083,0.075,1.256,0.024,15.860
Cer81_rep2_Dep6_Tu0.3,0.000,80.552,0.000,0.000,0.000,0.000,0.002,0.106,0.157,0.039,0.212,0.006,18.926
Cer81_rep10_Dep6_Tu1,0.000,81.191,0.000,0.000,0.000,0.000,0.006,0.209,0.189,0.043,0.016,0.011,18.336
Cer81_rep3_Dep6_Tu20,0.000,61.042,16.761,0.000,0.000,0.000,0.014,3.911,0.920,0.027,3.213,0.056,14.056
Cer81_rep4_Dep6_Tu10,0.000,75.896,6.502,0.000,0.005,0.000,0.014,0.690,0.250,0.031,3.037,0.012,13.563
Cer81_rep4_Dep6_Tu2,0.000,80.795,0.000,0.000,0.003,0.000,0.006,0.200,0.307,0.047,1.795,0.030,16.817
Cer81_rep1_Dep6_Tu20,0.000,58.051,16.842,0.000,0.001,0.000,0.028,3.318,1.587,0.044,3.484,0.082,16.563
Cer81_rep3_Dep6_Tu40,0.000,36.464,34.802,0.000,0.001,0.000,0.014,8.090,3.099,0.022,5.456,0.079,11.973
Cer81_rep9_Dep6_Tu0.5,0.000,82.518,0.000,0.000,0.000,0.000,0.002,0.176,0.059,0.011,0.832,0.001,16.402
Cer81_rep2_Dep6_Tu10,0.000,72.816,7.377,0.002,0.005,0.000,0.031,1.306,0.703,0.085,2.715,0.026,14.936
Cer81_rep6_Dep6_Tu0.3,0.000,81.021,0.000,0.000,0.000,0.000,0.002,0.206,0.025,0.015,2.116,0.022,16.593
Cer81_rep10_Dep6_Tu30,0.000,46.031,26.551,0.001,0.002,0.000,0.066,8.406,0.071,0.052,4.511,0.071,14.237
Cer81_rep1_Dep6_Tu10,0.000,72.064,6.908,0.001,0.014,0.000,0.047,1.452,0.445,0.071,2.820,0.068,16.110
Cer81_rep7_Dep6_Tu2,0.000,81.078,0.005,0.000,0.000,0.000,0.005,0.433,0.067,0.026,1.743,0.031,16.612
Cer81_rep6_Dep6_Tu2,0.000,80.021,0.000,0.000,0.001,0.000,0.003,0.418,0.220,0.028,1.974,0.017,17.320
Cer81_rep10_Dep6_Tu40,0.000,30.928,36.154,0.000,0.002,0.000,0.055,11.135,1.003,0.022,4.947,0.065,15.690
Cer81_rep6_Dep6_Tu5,0.000,78.625,2.104,0.000,0.003,0.000,0.019,0.427,0.484,0.048,2.047,0.032,16.211
Cer81_rep5_Dep6_Tu40,0.000,31.683,35.376,0.000,0.000,0.000,0.085,6.821,4.989,0.048,6.076,0.087,14.834
Cer81_rep3_Dep6_Tu3,0.000,81.326,0.086,0.000,0.006,0.000,0.018,0.612,0.503,0.038,1.626,0.022,15.763
Cer81_rep1_Dep6_Tu2,0.000,82.668,0.000,0.000,0.003,0.000,0.001,0.087,0.311,0.012,1.783,0.020,15.116
Cer81_rep6_Dep6_Tu10,0.000,73.219,6.451,0.001,0.010,0.000,0.015,1.401,0.157,0.027,2.876,0.167,15.675
Cer81_rep9_Dep6_Tu2,0.000,83.068,0.000,0.000,0.001,0.000,0.004,0.257,0.085,0.018,1.449,0.015,15.102
Cer81_rep6_Dep6_Tu0.5,0.000,78.315,0.000,0.000,0.000,0.000,0.007,0.257,0.175,0.032,1.861,0.036,19.317
Cer81_rep1_Dep6_Tu0.3,0.000,80.028,0.000,0.000,0.000,0.000,0.008,0.145,0.135,0.028,2.518,0.054,17.082
Cer81_rep1_Dep6_Tu3,0.000,81.405,0.075,0.000,0.005,0.000,0.018,0.362,0.195,0.013,2.548,0.039,15.340
Cer81_rep2_Dep6_Tu0.1,0.000,79.978,0.000,0.000,0.000,0.000,0.001,0.172,0.131,0.027,1.948,0.012,17.730
Cer81_rep7_Dep6_Tu0.3,0.000,82.734,0.000,0.000,0.000,0.000,0.001,0.036,0.059,0.006,1.221,0.003,15.941
Cer81_rep5_Dep6_Tu30,0.000,45.250,25.506,0.000,0.001,0.000,0.083,4.728,4.265,0.285,5.018,0.042,14.822
Cer81_rep10_Dep6_Tu3,0.000,82.713,0.006,0.000,0.003,0.000,0.012,0.679,0.070,0.076,1.171,0.040,15.229
Cer81_rep6_Dep6_Tu40,0.000,36.310,34.354,0.000,0.005,0.000,0.001,9.144,2.036,0.019,6.521,0.036,11.575
Cer81_rep3_Dep6_Tu0.5,0.000,80.893,0.000,0.000,0.000,0.000,0.001,0.143,0.124,0.015,2.113,0.015,16.696
Cer81_rep8_Dep6_Tu5,0.000,77.320,2.057,0.010,0.004,0.000,0.007,0.740,0.400,0.047,2.301,0.097,17.016
Cer81_rep7_Dep6_Tu30,0.000,47.074,26.623,0.000,0.000,0.000,0.010,7.928,0.840,0.046,3.673,0.081,13.726
Cer81_rep3_Dep6_Tu2,0.000,81.058,0.000,0.000,0.002,0.000,0.013,0.521,0.217,0.030,1.943,0.027,16.190
Cer81_rep5_Dep6_Tu50,0.000,21.540,45.299,0.000,0.000,0.000,0.012,11.925,3.016,0.052,5.084,0.080,12.993
Cer81_rep2_Dep6_Tu20,0.000,59.911,16.330,0.000,0.001,0.000,0.024,3.258,2.131,0.064,3.540,0.087,14.652
Cer81_rep7_Dep6_Tu40,0.000,35.033,34.963,0.000,0.001,0.000,0.047,11.503,0.709,0.061,4.743,0.178,12.762
Cer81_rep10_Dep6_Tu0.3,0.000,79.818,0.000,0.000,0.000,0.000,0.001,0.163,0.114,0.028,1.643,0.023,18.209
Cer81_rep4_Dep6_Tu3,0.000,80.731,0.068,0.000,0.021,0.000,0.009,0.204,0.292,0.080,1.853,0.034,16.707
Cer81_rep6_Dep6_Tu1,0.000,81.422,0.000,0.000,0.000,0.000,0.004,0.177,0.067,0.024,1.449,0.008,16.849
Cer81_rep4_Dep6_Tu0.5,0.000,80.458,0.000,0.000,0.000,0.000,0.004,0.205,0.064,0.038,1.791,0.008,17.432
Cer81_rep3_Dep6_Tu0.1,0.000,79.971,0.000,0.000,0.000,0.000,0.002,0.085,0.102,0.014,2.048,0.028,17.749
Cer81_rep7_Dep6_Tu10,0.000,75.757,6.233,0.000,0.003,0.000,0.017,1.277,0.615,0.033,2.122,0.011,13.932
Cer81_rep10_Dep6_Tu50,0.000,22.187,43.309,0.000,0.000,0.000,0.099,7.766,6.232,0.040,7.022,0.005,13.341
Cer81_rep5_Dep6_Tu0.3,0.000,80.657,0.000,0.000,0.000,0.000,0.001,0.032,0.205,0.012,2.137,0.015,16.941
Cer81_rep6_Dep6_Tu20,0.000,60.766,15.529,0.000,0.001,0.000,0.077,1.400,3.361,0.087,3.277,0.027,15.475
Cer81_rep3_Dep6_Tu5,0.000,79.408,2.329,0.000,0.004,0.000,0.032,0.295,0.531,0.034,1.785,0.018,15.564
Cer81_rep3_Dep6_Tu10,0.000,73.860,6.870,0.000,0.002,0.000,0.034,1.205,0.371,0.056,2.587,0.060,14.954
Cer81_rep9_Dep6_Tu3,0.000,81.744,0.128,0.000,0.004,0.000,0.008,0.070,0.378,0.132,2.020,0.054,15.463
Cer81_rep1_Dep6_Tu5,0.000,79.311,2.307,0.000,0.006,0.000,0.019,0.904,0.156,0.036,1.751,0.031,15.480
