Sample,BRCA,CEAD,CESC,COAD,OV,READ,bcell,cd4tcell,cd8tcell,erythroblast,monocyte,naturalkillercell,neutrophil
Cer81_rep10_Dep6_Tu5,2.075,2.286,2.075,0.000,3.469,1.686,3.232,0.000,0.000,11.488,8.556,3.141,61.992
Cer81_rep8_Dep6_Tu2,1.439,0.984,1.762,0.000,3.106,2.095,2.753,0.000,0.000,12.310,8.333,4.183,63.036
Cer81_rep6_Dep6_Tu3,2.421,2.276,1.581,0.000,3.143,1.778,3.145,0.000,0.000,10.782,8.090,3.443,63.341
Cer81_rep2_Dep6_Tu3,1.856,2.265,1.991,0.000,2.657,1.846,3.351,0.000,0.000,11.272,8.688,3.576,62.497
Cer81_rep7_Dep6_Tu20,4.166,5.569,5.050,2.502,3.666,0.416,1.872,7.219,1.244,7.758,7.503,2.152,50.884
Cer81_rep5_Dep6_Tu5,2.073,2.427,2.395,0.000,3.278,1.743,3.155,0.512,0.040,10.490,8.417,3.840,61.629
Cer81_rep4_Dep6_Tu0.1,1.764,0.000,1.652,0.000,2.874,2.138,3.580,0.000,0.000,11.194,7.923,3.454,65.420
Cer81_rep9_Dep6_Tu20,4.080,5.459,4.505,2.155,3.276,0.387,2.423,6.875,2.026,7.888,7.859,2.132,50.936
Cer81_rep9_Dep6_Tu5,2.288,2.126,2.462,0.000,3.685,1.637,3.127,0.000,0.000,10.481,8.945,3.727,61.521
Cer81_rep2_Dep6_Tu1,1.437,0.885,1.737,0.000,2.813,1.949,3.219,0.000,0.000,12.290,8.782,2.855,64.033
Cer81_rep8_Dep6_Tu3,1.810,2.589,1.747,0.000,3.194,1.543,2.578,0.000,0.000,11.231,7.696,4.133,63.477
Cer81_rep8_Dep6_Tu1,1.925,0.291,1.653,0.000,3.724,2.149,2.841,0.000,0.000,10.467,8.818,3.742,64.391
Cer81_rep1_Dep6_Tu50,7.080,11.722,9.012,4.561,3.697,0.000,0.824,21.720,4.144,0.000,5.222,0.134,31.885
Cer81_rep9_Dep6_Tu1,1.903,0.040,1.949,0.000,3.663,1.985,2.814,0.000,0.000,11.604,7.867,3.901,64.275
Cer81_rep4_Dep6_Tu30,3.606,9.118,6.096,3.144,3.544,0.000,1.900,10.949,1.257,7.339,6.055,2.238,44.754
Cer81_rep5_Dep6_Tu20,4.045,7.173,4.433,2.239,4.416,0.281,2.326,6.898,0.000,6.275,7.736,3.453,50.726
Cer81_rep2_Dep6_Tu0.5,1.177,0.682,1.678,0.000,3.602,1.741,2.967,0.000,0.000,11.923,6.925,3.905,65.399
Cer81_rep2_Dep6_Tu2,1.606,1.059,1.761,0.000,3.637,1.988,3.224,0.000,0.000,10.763,9.446,3.258,63.258
Cer81_rep5_Dep6_Tu1,1.647,0.312,2.280,0.000,3.241,2.039,3.122,0.000,0.000,10.745,9.432,3.507,63.673
Cer81_rep7_Dep6_Tu0.5,1.521,1.995,1.362,0.000,3.046,1.895,3.305,0.000,0.000,10.558,6.823,3.869,65.626
Cer81_rep5_Dep6_Tu0.1,1.584,0.000,1.644,0.000,3.086,2.122,3.037,0.000,0.000,11.745,7.989,3.553,65.240
Cer81_rep8_Dep6_Tu0.1,1.316,1.473,1.539,0.000,3.012,1.700,3.442,0.000,0.000,11.201,8.573,3.828,63.917
Cer81_rep10_Dep6_Tu10,2.651,5.098,3.330,0.000,3.398,1.262,2.809,1.073,1.146,10.125,7.781,3.473,57.854
Cer81_rep2_Dep6_Tu5,2.446,3.092,2.109,0.000,3.099,1.543,2.628,0.000,0.000,10.960,8.187,4.019,61.917
Cer81_rep8_Dep6_Tu50,7.641,11.810,9.226,4.537,3.234,0.000,0.931,21.345,2.534,0.000,5.147,1.198,32.398
Cer81_rep2_Dep6_Tu40,6.586,11.897,7.849,3.413,3.019,0.000,1.086,13.819,2.462,1.648,8.139,2.253,37.831
Cer81_rep6_Dep6_Tu30,5.248,7.982,6.274,3.617,3.510,0.000,1.359,12.684,1.994,4.021,6.719,2.169,44.426
Cer81_rep4_Dep6_Tu1,1.630,1.060,1.973,0.000,3.389,2.191,3.027,0.000,0.000,9.061,9.400,3.821,64.448
Cer81_rep3_Dep6_Tu0.3,1.482,1.510,1.399,0.000,3.114,1.623,3.286,0.000,0.000,11.401,7.229,3.679,65.276
Cer81_rep9_Dep6_Tu0.1,1.284,1.209,1.742,0.000,2.862,2.131,3.266,0.000,0.000,10.443,9.171,3.967,63.926
Cer81_rep1_Dep6_Tu40,5.605,10.062,7.698,4.606,3.660,0.000,0.902,14.389,5.979,2.477,5.496,0.806,38.318
Cer81_rep10_Dep6_Tu2,1.457,0.374,2.324,0.000,3.502,1.849,3.375,0.000,0.000,10.269,8.327,3.833,64.691
Cer81_rep7_Dep6_Tu50,7.151,13.127,9.116,4.945,3.693,0.000,0.604,22.429,0.631,0.000,6.594,0.612,31.098
Cer81_rep8_Dep6_Tu0.3,1.279,0.212,1.545,0.000,3.109,1.873,3.221,0.000,0.000,12.143,7.084,3.489,66.044
Cer81_rep8_Dep6_Tu40,5.594,8.809,8.242,4.486,4.473,0.000,0.497,17.417,2.486,2.857,6.161,1.085,37.893
Cer81_rep9_Dep6_Tu40,6.326,10.605,7.588,4.387,3.841,0.000,0.513,16.159,1.393,3.097,6.443,1.420,38.227
Cer81_rep9_Dep6_Tu10,2.755,3.577,3.036,1.562,3.408,0.913,2.841,0.000,0.236,11.070,8.938,4.349,57.315
Cer81_rep2_Dep6_Tu50,6.486,11.463,9.685,4.729,4.135,0.000,0.427,21.248,1.207,0.411,7.911,1.134,31.165
Cer81_rep8_Dep6_Tu10,2.931,4.574,2.742,0.156,2.666,1.604,2.682,1.548,1.916,8.470,8.854,4.128,57.730
Cer81_rep10_Dep6_Tu0.1,1.646,0.250,1.706,0.000,2.923,2.046,3.076,0.000,0.000,11.282,8.323,3.948,64.800
Cer81_rep3_Dep6_Tu1,1.156,0.000,2.036,0.000,3.623,2.150,2.865,0.000,0.000,11.214,8.567,4.281,64.107
Cer81_rep9_Dep6_Tu50,6.755,10.840,9.797,5.200,3.988,0.000,0.086,22.186,1.529,0.000,5.647,1.262,32.711
Cer81_rep8_Dep6_Tu30,5.388,9.426,6.082,2.909,3.603,0.000,1.850,10.344,0.000,5.898,7.615,2.550,44.336
Cer81_rep4_Dep6_Tu20,3.115,6.978,4.094,2.700,3.190,0.280,1.858,5.156,2.735,7.837,7.491,3.330,51.235
Cer81_rep10_Dep6_Tu20,3.539,6.923,4.498,1.675,3.489,0.560,2.112,5.656,3.856,7.019,7.857,2.535,50.283
Cer81_rep7_Dep6_Tu3,1.924,2.233,2.157,0.000,3.043,1.885,2.927,0.000,0.000,10.577,9.382,3.183,62.689
Cer81_rep2_Dep6_Tu30,4.502,9.713,5.881,3.510,3.119,0.000,1.551,11.826,0.000,6.243,6.438,2.295,44.923
Cer81_rep1_Dep6_Tu0.1,1.438,0.414,1.521,0.000,3.235,1.964,2.730,0.000,0.000,11.957,7.294,3.769,65.678
Cer81_rep5_Dep6_Tu10,2.446,4.054,3.150,1.260,3.666,0.816,2.426,0.163,0.000,11.676,8.520,3.730,58.093
Cer81_rep7_Dep6_Tu0.1,1.344,0.000,1.641,0.000,3.640,2.014,3.062,0.000,0.000,11.830,7.704,3.020,65.745
Cer81_rep8_Dep6_Tu0.5,1.507,1.452,1.542,0.000,2.990,1.617,3.310,0.000,0.000,11.603,7.217,3.723,65.039
Cer81_rep7_Dep6_Tu1,1.210,0.092,1.825,0.000,3.750,1.748,3.089,0.000,0.000,11.825,7.222,3.852,65.386
Cer81_rep10_Dep6_Tu0.5,1.123,0.615,1.710,0.000,3.662,1.936,3.219,0.000,0.000,11.686,8.180,3.676,64.194
Cer81_rep8_Dep6_Tu20,3.449,7.576,4.898,2.913,3.089,0.000,1.609,5.105,3.084,7.659,6.034,2.578,52.006
Cer81_rep4_Dep6_Tu5,2.486,2.176,2.403,0.000,3.268,1.874,3.296,0.325,0.434,10.099,9.067,3.227,61.343
Cer81_rep3_Dep6_Tu30,4.464,8.994,5.923,3.554,3.388,0.000,2.086,11.519,0.476,6.777,6.786,1.826,44.205
Cer81_rep9_Dep6_Tu0.3,1.283,0.199,1.503,0.000,3.057,1.901,3.261,0.000,0.000,12.084,7.014,3.551,66.148
Cer81_rep4_Dep6_Tu0.3,0.862,0.883,1.628,0.000,3.083,1.838,2.866,0.000,0.000,13.749,6.910,3.556,64.625
Cer81_rep1_Dep6_Tu30,5.296,6.961,6.589,4.183,3.763,0.000,1.758,12.002,2.251,4.570,5.843,2.155,44.629
Cer81_rep1_Dep6_Tu1,1.587,0.980,1.640,0.000,3.105,1.938,3.433,0.000,0.000,10.259,9.203,4.061,63.793
Cer81_rep4_Dep6_Tu50,6.887,11.949,9.038,5.219,3.698,0.000,0.390,21.043,2.793,0.000,6.358,1.122,31.501
Cer81_rep6_Dep6_Tu0.1,1.666,0.491,1.377,0.000,2.969,2.117,3.221,0.000,0.000,11.538,8.339,3.666,64.616
Cer81_rep1_Dep6_Tu0.5,1.299,1.200,1.693,0.000,3.252,1.578,3.402,0.000,0.000,11.726,8.450,3.165,64.234
Cer81_rep3_Dep6_Tu50,7.767,12.114,9.426,4.881,2.892,0.000,0.504,22.672,0.000,0.000,6.921,1.612,31.210
Cer81_rep6_Dep6_Tu50,6.476,11.030,9.426,5.366,3.420,0.000,0.656,20.735,3.113,1.150,6.444,0.607,31.579
Cer81_rep4_Dep6_Tu40,6.446,9.684,7.774,3.794,3.597,0.000,2.070,18.122,0.204,2.938,7.219,1.148,37.004
Cer81_rep7_Dep6_Tu5,2.607,2.141,2.328,0.000,3.568,1.635,3.107,0.477,0.055,10.524,9.642,3.237,60.679
Cer81_rep9_Dep6_Tu30,4.405,8.520,6.435,3.514,4.088,0.000,1.340,8.215,3.053,5.922,7.224,2.678,44.605
Cer81_rep5_Dep6_Tu0.5,1.612,0.000,1.469,0.000,3.381,2.101,3.036,0.000,0.000,11.168,7.567,3.936,65.732
Cer81_rep5_Dep6_Tu2,1.437,1.842,1.766,0.000,2.957,1.740,3.127,0.000,0.000,11.625,7.734,3.141,64.631
Cer81_rep5_Dep6_Tu3,1.355,1.546,2.296,0.000,3.137,1.641,2.417,0.000,0.000,12.685,7.556,3.983,63.384
Cer81_rep2_Dep6_Tu0.3,1.599,1.369,1.498,0.000,3.012,1.878,2.632,0.000,0.000,11.369,7.454,3.936,65.254
Cer81_rep10_Dep6_Tu1,1.587,1.333,1.606,0.000,3.408,1.791,2.587,0.000,0.000,11.239,7.509,4.136,64.804
Cer81_rep3_Dep6_Tu20,3.663,6.257,4.625,2.270,3.304,0.312,2.375,7.698,0.000,8.600,6.335,2.758,51.803
Cer81_rep4_Dep6_Tu10,2.742,4.825,3.029,0.295,2.899,1.484,2.571,0.506,0.072,10.730,9.043,2.964,58.842
Cer81_rep4_Dep6_Tu2,1.626,2.303,1.526,0.000,3.741,2.086,2.646,0.000,0.000,9.623,8.026,4.058,64.365
Cer81_rep1_Dep6_Tu20,3.698,7.225,4.347,2.216,2.798,0.078,2.121,3.372,4.227,8.711,7.337,1.904,51.967
Cer81_rep3_Dep6_Tu40,6.050,9.238,8.181,4.493,3.815,0.000,0.959,14.760,4.097,1.950,7.469,1.529,37.459
Cer81_rep9_Dep6_Tu0.5,1.089,0.000,1.688,0.000,3.814,1.982,2.724,0.000,0.000,11.875,8.273,3.453,65.101
Cer81_rep2_Dep6_Tu10,2.417,3.557,3.515,1.129,3.584,0.901,3.075,3.198,0.000,10.829,7.477,2.894,57.424
Cer81_rep6_Dep6_Tu0.3,1.265,0.000,1.981,0.000,2.774,1.791,3.103,0.000,0.000,12.002,7.924,4.162,64.997
Cer81_rep10_Dep6_Tu30,5.244,8.222,6.441,3.336,3.328,0.000,1.597,9.240,4.353,4.839,6.904,1.788,44.707
Cer81_rep1_Dep6_Tu10,2.453,4.226,3.108,0.871,3.227,1.265,3.360,0.000,3.228,8.716,8.313,2.947,58.285
Cer81_rep7_Dep6_Tu2,1.861,1.551,1.798,0.000,2.782,1.758,2.863,0.000,0.000,11.105,8.309,3.914,64.059
Cer81_rep6_Dep6_Tu2,1.784,1.111,1.772,0.000,3.330,1.965,3.020,0.000,0.000,10.474,9.306,3.512,63.726
Cer81_rep10_Dep6_Tu40,6.303,10.975,7.783,4.132,3.919,0.000,1.261,14.901,5.413,0.011,5.573,0.730,38.999
Cer81_rep6_Dep6_Tu5,2.338,2.852,2.056,0.000,2.855,1.595,2.844,0.000,0.000,11.174,8.488,3.855,61.943
Cer81_rep5_Dep6_Tu40,6.414,10.274,7.787,3.911,3.806,0.000,1.706,18.864,0.000,0.445,6.594,2.071,38.127
Cer81_rep3_Dep6_Tu3,1.757,2.504,1.483,0.000,2.794,1.835,3.089,0.000,0.000,12.029,7.172,4.017,63.319
Cer81_rep1_Dep6_Tu2,1.863,0.686,1.913,0.000,3.324,2.058,2.765,0.000,0.000,11.287,7.875,4.368,63.861
Cer81_rep6_Dep6_Tu10,1.947,4.467,3.035,0.000,3.124,1.483,2.176,0.000,1.830,11.473,8.193,3.667,58.604
Cer81_rep9_Dep6_Tu2,1.493,0.843,1.810,0.000,3.692,1.765,3.396,0.000,0.000,12.203,7.742,2.980,64.076
Cer81_rep6_Dep6_Tu0.5,1.834,0.743,1.533,0.000,2.920,1.972,3.519,0.000,0.000,10.354,7.828,3.786,65.510
Cer81_rep1_Dep6_Tu0.3,0.832,0.867,1.832,0.000,2.923,2.176,3.325,0.000,0.000,10.811,9.797,3.672,63.766
Cer81_rep1_Dep6_Tu3,1.464,2.644,2.072,0.000,2.634,1.803,3.141,0.000,0.000,10.756,9.370,3.249,62.866
Cer81_rep2_Dep6_Tu0.1,1.077,0.576,1.727,0.000,3.779,1.864,2.491,0.000,0.000,11.160,8.773,4.235,64.318
Cer81_rep7_Dep6_Tu0.3,1.403,0.973,1.644,0.000,3.136,2.239,2.889,0.000,0.000,10.827,7.960,3.129,65.800
Cer81_rep5_Dep6_Tu30,4.846,7.979,6.302,3.007,3.628,0.000,1.983,13.163,0.741,6.025,6.668,1.522,44.136
Cer81_rep10_Dep6_Tu3,2.309,2.020,1.827,0.000,3.187,1.834,3.156,0.000,0.000,11.206,7.264,3.179,64.017
Cer81_rep6_Dep6_Tu40,6.427,9.272,8.303,3.592,3.605,0.000,0.634,15.198,2.592,4.164,7.875,0.830,37.507
Cer81_rep3_Dep6_Tu0.5,1.357,0.019,2.017,0.000,2.735,1.742,3.120,0.000,0.000,12.119,7.907,4.092,64.893
Cer81_rep8_Dep6_Tu5,2.577,2.987,1.953,0.000,2.917,1.598,3.173,0.000,0.895,10.100,8.295,3.839,61.665
Cer81_rep7_Dep6_Tu30,4.887,8.510,6.376,3.154,3.568,0.000,1.030,12.413,0.000,5.915,7.433,2.357,44.355
Cer81_rep3_Dep6_Tu2,1.656,1.466,2.049,0.000,3.384,1.923,3.813,0.000,0.000,9.946,8.786,3.355,63.623
Cer81_rep5_Dep6_Tu50,7.038,12.696,9.580,4.619,3.909,0.000,0.232,21.951,1.101,0.284,5.961,1.047,31.583
Cer81_rep2_Dep6_Tu20,3.715,6.745,4.328,2.191,3.300,0.000,2.217,6.103,0.893,9.046,7.502,3.012,50.947
Cer81_rep7_Dep6_Tu40,5.592,10.165,7.745,4.072,3.698,0.000,1.194,17.379,0.000,4.253,5.488,2.334,38.080
Cer81_rep10_Dep6_Tu0.3,1.537,0.274,1.471,0.000,3.142,1.819,2.929,0.000,0.000,12.261,7.102,3.769,65.697
Cer81_rep4_Dep6_Tu3,2.147,1.229,2.231,0.000,3.525,1.816,2.643,0.000,0.000,10.538,8.326,4.473,63.071
Cer81_rep6_Dep6_Tu1,1.085,0.795,1.782,0.000,3.649,1.939,2.621,0.000,0.000,11.787,7.584,3.930,64.829
Cer81_rep4_Dep6_Tu0.5,1.769,0.961,1.379,0.000,3.200,2.334,3.273,0.000,0.000,10.209,8.607,3.584,64.683
Cer81_rep3_Dep6_Tu0.1,1.291,0.641,1.662,0.000,3.653,2.044,2.693,0.000,0.000,10.469,9.450,3.941,64.155
Cer81_rep7_Dep6_Tu10,2.181,2.920,2.980,0.413,3.807,1.432,2.819,2.533,0.843,10.367,8.050,3.064,58.591
Cer81_rep10_Dep6_Tu50,6.705,12.836,9.269,4.573,3.534,0.000,0.942,20.132,3.780,0.000,5.948,0.000,32.282
Cer81_rep5_Dep6_Tu0.3,1.423,0.000,1.853,0.000,2.875,2.232,3.431,0.000,0.000,11.098,8.910,3.791,64.386
Cer81_rep6_Dep6_Tu20,3.781,7.018,4.681,1.359,2.951,0.871,2.287,6.757,1.787,6.768,7.074,2.559,52.107
Cer81_rep3_Dep6_Tu5,1.972,3.444,2.118,0.000,3.618,1.285,2.979,0.000,0.000,11.223,7.218,4.281,61.862
Cer81_rep3_Dep6_Tu10,3.140,4.169,2.976,0.000,3.366,1.298,3.273,2.531,0.015,10.462,8.014,3.124,57.632
Cer81_rep9_Dep6_Tu3,1.771,1.156,2.347,0.000,3.329,1.610,2.727,0.000,0.000,12.680,7.774,3.903,62.702
Cer81_rep1_Dep6_Tu5,2.172,2.965,2.206,0.000,3.462,1.572,3.081,0.000,0.208,10.542,7.520,4.194,62.078
