Sample,BRCA,CEAD,CESC,COAD,OV,READ,bcell,cd4tcell,cd8tcell,erythroblast,monocyte,naturalkillercell,neutrophil
Breast-GC1002975,1.983,0.000,0.000,0.850,3.567,0.000,2.648,2.313,3.631,25.826,15.820,4.202,39.161
Breast-GC1002976,7.042,0.360,0.000,2.971,3.299,0.035,4.203,2.627,7.381,25.490,6.042,2.458,38.092
Breast-GC1002977,0.000,0.000,0.000,0.000,0.000,0.000,10.304,3.083,4.720,0.000,13.444,15.277,53.170
Breast-GC1002978,2.097,0.000,0.000,0.806,6.994,0.000,3.115,5.505,0.159,24.352,22.099,4.655,30.216
Breast-GC1002979,4.983,1.213,0.000,1.063,2.941,0.044,3.985,0.189,3.196,16.436,14.469,4.263,47.217
Breast-GC1002980,0.000,0.000,0.000,0.000,4.441,0.000,3.148,7.690,0.000,30.885,14.245,3.785,35.805
Breast-GC1002981,2.234,0.000,0.000,1.525,3.132,0.000,2.893,3.754,0.159,24.122,17.266,3.553,41.363
Breast-GC1003967,0.820,0.000,0.000,0.609,3.338,0.000,1.214,4.937,0.000,33.635,18.824,4.558,32.064
Breast-GC1003968,4.401,0.000,0.000,2.303,4.744,0.015,2.212,2.342,7.239,28.619,10.886,2.289,34.949
Breast-GC1003970,0.420,0.174,0.000,1.990,2.968,0.000,2.980,0.000,3.981,19.097,32.020,3.007,33.363
Breast-GC1003971,1.282,1.098,0.000,0.960,4.005,0.021,1.766,9.496,1.979,29.039,21.839,7.870,20.645
Breast-GC1003972,3.159,0.646,0.000,1.062,4.430,0.073,3.137,0.074,5.421,30.936,22.166,3.624,25.272
Breast-GC1003974,0.854,0.641,0.161,0.000,3.472,0.730,1.349,1.595,1.420,18.752,16.729,2.763,51.535
Breast-GC1002311,0.918,0.000,0.000,0.994,3.572,0.000,2.385,4.701,0.775,30.322,19.197,4.069,33.066
Breast-GC1004006,0.359,0.000,0.000,0.166,2.799,0.000,5.534,6.343,0.000,27.733,17.431,4.168,35.467
Breast-GC1004007,1.766,0.750,0.000,1.705,3.799,0.000,3.851,5.592,0.000,34.517,15.036,6.268,26.715
Breast-GC1004008,0.176,0.281,0.000,1.560,4.098,0.004,4.141,1.879,0.000,22.479,11.331,3.927,50.124
Breast-GC1004009,3.328,0.000,0.000,1.355,5.335,0.000,1.785,0.000,0.479,24.030,11.378,1.996,50.315
Breast-GC110693,0.171,0.000,0.000,0.479,3.425,0.113,2.477,0.000,8.093,16.395,16.033,2.485,50.329
Breast-GC110694,0.780,0.528,0.000,0.316,3.774,0.000,3.782,2.769,3.221,28.438,15.509,2.915,37.967
Breast-GC110695,2.195,0.535,0.000,0.279,5.616,0.000,3.264,9.381,0.000,28.734,16.310,6.114,27.572
Breast-GC110696,0.044,0.530,0.000,0.350,3.488,0.000,6.131,7.393,0.000,28.361,16.349,4.756,32.597
Breast-GC116960,1.642,0.896,0.000,1.377,3.276,0.069,6.308,6.037,1.173,19.691,21.915,5.535,32.079
Breast-GC116963,0.043,0.827,0.000,0.000,2.716,0.000,1.384,3.928,0.000,16.228,6.714,2.239,65.921
Breast-GC116964,0.422,0.166,0.000,0.545,4.020,0.000,4.907,3.968,2.198,26.664,25.994,6.248,24.868
Breast-GC116965,2.092,0.195,0.000,1.110,4.369,0.000,2.171,6.442,1.350,40.639,14.401,5.186,22.045
Breast-GC116966,0.376,0.425,0.000,0.295,4.375,0.000,3.432,7.708,0.000,35.943,17.053,5.152,25.241
Breast-GC116967,1.824,1.357,0.000,1.132,4.421,0.000,2.958,5.490,0.000,26.032,21.585,5.620,29.581
Breast-GC116968,2.166,0.063,0.000,0.423,3.311,0.000,2.436,3.819,0.000,25.169,8.866,2.160,51.587
Breast-GC116969,0.419,0.229,0.012,0.235,2.954,0.000,2.276,1.260,4.116,19.142,10.107,2.352,56.897
Breast-GC116970,1.905,0.000,0.000,2.034,5.389,0.000,2.381,4.065,1.690,22.618,13.859,4.145,41.914
Breast-GC116971,2.875,0.609,0.000,1.534,3.123,0.000,5.854,2.987,0.820,32.186,12.666,5.997,31.350
Breast-GC110676,0.707,0.000,0.000,0.735,4.216,0.000,4.857,6.425,0.292,26.176,13.670,4.779,38.144
Breast-GC110678,2.706,1.461,0.128,1.904,3.726,0.486,2.720,3.080,5.657,20.280,24.030,4.657,29.163
Breast-GC110679,12.242,0.529,0.118,0.876,4.711,0.454,3.634,1.543,4.195,24.743,14.160,3.100,29.694
Breast-GC110680,0.572,0.000,0.000,0.678,2.538,0.000,2.944,0.000,6.334,28.293,15.845,0.686,42.110
Breast-GC110681,7.091,0.000,0.000,9.266,10.349,0.000,0.998,0.873,0.000,35.778,3.502,3.522,28.621
Breast-GC110682,1.179,0.636,0.000,1.154,4.720,0.000,5.053,5.539,3.098,22.560,16.433,3.289,36.339
Breast-GC110683,2.169,0.549,0.000,1.424,3.462,0.000,5.435,4.933,2.778,26.192,14.990,5.507,32.561
Breast-GC110684,0.052,1.110,0.000,0.546,4.341,0.122,4.980,1.279,1.796,21.348,18.235,3.592,42.600
Breast-GC110685,3.511,0.302,0.000,2.474,4.407,0.000,5.010,10.693,1.699,23.474,19.396,7.339,21.695
Ovarian-GC110686,0.000,0.000,0.000,0.700,4.854,0.000,2.486,2.595,2.627,45.630,10.205,5.187,25.717
Ovarian-GC114179,0.490,0.672,0.009,1.309,6.021,0.000,2.438,3.744,0.710,35.818,15.995,4.522,28.272
Ovarian-GC114180,1.277,0.493,0.000,0.908,4.270,0.019,4.424,7.047,0.000,32.731,18.030,5.882,24.919
Ovarian-GC114181,5.667,5.311,0.457,2.247,4.845,0.000,3.204,1.295,0.744,35.259,10.676,4.837,25.457
Ovarian-GC114182,5.688,0.000,0.671,4.259,25.859,0.000,0.000,0.000,0.000,27.777,10.361,0.514,24.871
Ovarian-GC116977,1.806,0.280,0.000,1.328,4.517,0.061,2.997,4.148,0.000,29.849,18.915,6.509,29.589
Ovarian-GC116979,3.067,0.216,0.028,1.506,15.160,0.000,3.392,4.544,2.231,21.024,12.981,3.078,32.772
Ovarian-GC116982,3.022,0.000,0.000,2.582,14.313,0.000,2.380,5.751,1.189,26.716,10.317,8.637,25.092
Ovarian-GC116990,1.458,0.262,0.000,2.491,5.775,0.042,4.177,2.587,1.920,18.351,18.058,4.536,40.341
Ovarian-GC119363,3.670,0.000,0.000,2.389,11.332,0.000,2.848,7.699,1.507,32.658,8.386,4.814,24.698
Ovarian-GC119364,0.638,0.415,0.000,0.977,4.181,0.003,5.778,5.889,0.000,21.342,20.327,4.779,35.670
Ovarian-GC119365,1.843,0.000,0.000,1.008,73.637,0.000,1.481,0.000,0.253,16.755,2.403,0.000,2.619
Ovarian-GC119366,8.008,0.000,0.000,3.514,6.003,0.099,2.617,6.768,1.362,41.834,11.421,4.942,13.433
Colorectal-GC121326,1.429,0.000,0.000,2.975,4.787,0.000,2.079,4.260,0.000,36.119,5.170,1.095,42.085
Colorectal-GC121327,2.313,12.991,0.000,1.003,4.546,7.479,3.659,0.941,0.304,28.981,13.604,5.227,18.951
Colorectal-GC121328,0.643,0.000,0.000,0.942,4.920,0.000,2.103,2.709,0.502,56.441,14.912,4.715,12.113
Colorectal-GC121329,0.769,0.000,0.000,27.730,5.920,0.000,1.650,8.193,6.682,35.065,8.220,0.488,5.284
Colorectal-GC121330,22.879,0.155,0.000,5.227,3.506,0.071,0.000,0.424,2.884,32.748,4.962,2.073,25.072
Colorectal-GC1003994,0.293,0.000,0.000,0.000,5.955,0.000,3.734,2.962,3.249,38.337,12.305,2.424,30.742
Colorectal-GC1003995,1.733,2.409,0.253,6.782,1.875,40.718,4.254,2.459,1.068,10.258,7.413,1.112,19.665
Colorectal-GC1003996,1.720,1.088,0.000,1.144,4.475,0.584,4.161,3.437,1.465,22.250,12.185,4.090,43.401
Colorectal-GC1003997,0.646,0.209,0.000,0.604,3.796,0.000,2.862,1.555,1.595,35.942,12.627,5.682,34.481
Colorectal-GC1003998,0.166,0.326,0.199,2.479,5.614,0.217,4.293,3.937,0.000,33.333,12.795,7.821,28.820
Colorectal-GC1003999,13.053,0.000,0.000,4.180,5.554,0.000,0.327,5.805,0.000,41.015,5.466,3.547,21.052
Colorectal-GC1004000,1.406,0.478,0.021,51.761,2.615,0.763,0.000,0.000,7.685,8.374,6.970,1.993,17.933
Colorectal-GC1004001,0.074,1.711,0.102,0.000,4.029,0.000,2.425,3.967,1.647,26.446,13.466,3.642,42.492
Colorectal-GC1004002,0.587,1.381,0.000,0.879,2.787,0.060,4.973,7.810,1.701,33.600,7.472,4.367,34.384
Colorectal-GC1004003,3.035,0.179,0.000,2.045,8.630,0.000,1.364,0.355,2.963,38.593,18.359,2.849,21.629
Colorectal-GC137538,0.629,0.000,0.003,0.471,6.806,0.017,4.966,15.785,1.503,20.779,20.550,7.980,20.512
Colorectal-GC137539,1.912,0.000,0.000,2.467,6.881,0.016,3.031,3.668,2.728,24.057,18.681,3.173,33.385
Colorectal-GC137540,0.221,0.000,0.000,0.375,3.360,0.000,1.529,5.109,2.669,38.718,12.406,4.719,30.893
Colorectal-GC137541,1.362,0.062,0.000,1.736,5.673,0.000,3.276,3.556,0.658,30.187,16.580,3.635,33.275
Colorectal-GC137542,0.205,0.005,0.000,0.297,3.620,0.010,0.680,5.523,2.007,36.879,11.389,5.740,33.645
Colorectal-GC137543,1.242,0.000,0.000,8.187,5.605,0.000,3.883,2.141,3.323,33.642,12.237,3.979,25.760
Colorectal-GC137544,0.036,0.000,0.000,0.268,3.545,0.000,3.810,0.863,5.885,33.886,12.860,3.505,35.342
Colorectal-GC137545,0.217,0.000,0.000,1.127,5.333,0.000,2.735,3.869,3.366,42.629,15.059,4.071,21.595
Colorectal-GC137546,0.818,0.000,0.000,1.144,4.188,0.000,3.258,1.211,1.281,29.411,12.030,7.711,38.949
Colorectal-GC137547,1.947,0.139,0.000,1.400,3.941,0.000,2.810,5.513,1.855,27.088,22.676,4.666,27.965
Colorectal-GC137548,0.142,0.070,0.000,0.013,2.954,0.000,3.595,2.827,5.460,14.880,5.856,5.282,58.920
Colorectal-GC137549,0.451,0.000,0.000,22.795,4.054,0.000,2.819,2.784,2.296,24.415,8.439,4.354,27.592
Colorectal-GC137550,2.268,0.497,0.000,1.351,2.714,0.000,7.979,4.300,4.745,19.591,9.650,9.873,37.032
Colorectal-GC137551,0.300,0.095,0.000,0.000,4.268,0.014,4.301,0.000,3.755,13.090,22.228,4.185,47.764
Colorectal-GC137552,0.637,0.000,0.000,0.509,4.951,0.000,2.827,3.997,2.954,31.497,14.829,3.670,34.130
Colorectal-GC137553,1.549,0.523,0.861,1.917,3.060,0.205,23.700,0.000,6.849,22.797,16.276,5.835,16.427
Colorectal-GC137554,2.587,2.752,0.000,4.619,2.328,0.000,3.628,2.516,3.144,35.221,15.826,2.555,24.825
Colorectal-GC137555,0.065,0.329,0.000,0.358,1.914,0.000,3.069,5.506,0.727,29.353,18.085,6.241,34.354
Colorectal-GC137556,0.833,0.085,0.000,1.216,3.574,0.000,2.712,8.741,0.757,27.871,12.524,4.305,37.382
Colorectal-GC137557,0.145,0.000,0.000,0.086,1.699,0.011,0.516,0.025,0.000,26.703,11.588,3.674,55.551
Cervical-GC1002983,2.238,1.900,0.153,1.886,4.050,0.000,3.267,3.830,1.389,18.555,15.742,1.838,45.152
Cervical-GC1002984,0.624,0.252,0.000,1.326,5.254,0.000,2.575,4.278,0.508,27.141,28.103,3.723,26.216
Cervical-GC114187,0.000,0.000,0.000,0.245,7.966,0.000,3.959,11.829,0.000,28.890,17.415,5.202,24.492
Cervical-GC114188,1.014,0.000,0.000,0.664,6.796,0.000,3.394,6.819,1.634,28.963,17.442,4.081,29.193
Control-GC1003986,0.519,0.304,0.000,0.399,1.798,0.000,4.197,5.406,4.577,14.987,10.271,1.118,56.424
Control-GC1003988,0.131,0.000,0.000,0.308,3.439,0.000,3.363,2.551,1.480,32.671,14.091,2.996,38.971
Control-GC110675,0.000,0.000,0.005,0.000,3.174,0.000,2.135,0.000,4.787,13.683,9.959,1.604,64.653
Control-GC112864,0.135,0.000,0.000,0.000,3.866,0.000,4.151,5.310,0.000,24.539,13.722,4.958,43.318
Control-GC112894,7.778,0.911,0.000,1.793,4.439,0.252,3.230,5.926,1.715,27.477,14.993,3.734,27.753
Control-GC112895,3.131,0.200,0.000,1.706,4.520,0.000,10.132,0.000,4.076,28.128,13.381,2.582,32.145
Control-GC112897,1.814,0.894,0.000,1.391,2.019,0.000,5.647,5.086,0.937,23.354,12.695,3.696,42.468
Control-GC119350,0.000,0.000,0.000,0.000,3.740,0.000,4.548,4.976,0.000,29.310,18.395,5.477,33.554
Control-GC119351,0.511,0.000,0.000,0.889,4.144,0.000,3.752,3.360,0.000,23.417,10.128,4.270,49.530
Control-GC119352,0.908,0.000,0.000,1.608,4.791,0.000,2.369,4.719,0.635,33.347,14.227,4.509,32.887
Control-GC119353,4.361,0.000,0.000,1.943,4.414,0.000,3.926,3.489,3.460,32.769,17.478,4.844,23.316
Control-GC119354,0.686,0.066,0.000,1.528,3.692,0.000,5.923,2.635,0.000,33.667,20.794,5.592,25.418
Control-GC119356,0.831,0.027,0.000,0.948,3.065,0.000,3.916,3.344,1.615,19.801,13.581,3.665,49.207
Control-GRP-GC114128,0.210,0.000,0.000,0.061,4.625,0.000,4.296,0.867,1.493,39.073,17.528,3.821,28.025
Control-GRP-GC114130,2.243,0.794,0.000,1.570,2.072,0.000,2.658,10.632,0.188,32.800,13.893,4.071,29.079
Control-GRP-GC114131,0.673,0.671,0.000,0.548,3.894,0.140,1.630,3.559,3.769,30.410,13.085,3.665,37.955
Control-GRP-GC114132,2.743,0.924,0.000,1.666,5.305,0.000,1.740,5.908,3.631,27.869,17.727,4.871,27.616
Control-GRP-GC114133,0.858,0.000,0.077,0.847,3.465,0.002,6.158,1.659,2.462,29.817,23.738,4.105,26.813
Control-GRP-GC114134,0.624,0.000,0.000,1.020,3.438,0.000,3.350,5.959,0.000,35.021,15.411,6.028,29.149
Control-GRP-GC114136,0.917,0.599,0.000,1.094,2.772,0.044,2.876,1.666,1.480,27.625,11.085,3.887,45.954
Control-GRP-GC114137,0.384,0.190,0.000,0.281,3.356,0.000,3.243,3.949,2.439,30.648,11.841,3.581,40.088
Control-GRP-GC114139,0.181,0.586,0.004,1.119,3.035,0.000,3.371,6.108,0.000,30.016,14.265,5.150,36.164
Control-GRP-GC114140,0.135,0.492,0.000,0.000,4.027,0.000,2.005,1.024,4.467,15.339,14.574,2.675,55.261
Control-GRP-GC114141,3.031,0.000,0.000,2.887,3.283,0.018,3.580,8.146,0.000,24.279,12.841,2.895,39.040
Control-GRP-GC114142,0.363,0.000,0.000,1.032,4.482,0.000,3.428,3.946,0.110,25.308,14.440,2.987,43.904
Control-GRP-GC114183,0.244,0.242,0.016,1.069,3.726,0.000,2.989,9.047,0.000,21.294,12.198,4.347,44.827
Control-GRP-GC114185,0.690,0.076,0.087,0.743,2.669,0.091,3.870,2.707,1.492,17.333,17.506,3.279,49.457
Control-GRP-GC114186,0.283,0.443,0.000,1.385,3.467,0.075,3.901,4.626,0.000,26.127,11.981,4.610,43.102
Control-GRP-GC118464,4.552,0.113,0.000,2.343,4.436,0.000,2.623,6.987,1.797,23.755,13.525,4.169,35.699
Control-GRP-GC118466,1.489,0.231,0.000,1.666,3.575,0.000,3.119,5.985,2.122,30.615,17.312,3.208,30.679
Control-GRP-GC118474,1.217,0.067,0.000,0.488,3.362,0.000,2.459,8.016,0.668,27.329,16.926,5.058,34.409
Control-GRP-GC118476,2.312,0.235,0.000,1.888,3.372,0.000,1.177,5.380,0.254,38.160,15.703,5.425,26.094
Control-GRP-GC118478,0.637,0.000,0.000,0.419,3.658,0.000,5.446,4.222,3.696,26.761,20.720,3.950,30.490
Control-GRP-GC118484,0.355,0.000,0.000,1.291,2.097,0.000,3.455,3.254,0.948,23.976,10.856,4.179,49.588
Control-GRP-GC118485,0.000,0.141,0.000,0.763,4.088,0.000,3.251,6.545,0.990,25.839,14.902,4.565,38.918
Control-GRP-GC118486,0.872,0.774,0.000,1.243,1.878,0.000,1.597,3.391,2.115,16.105,8.751,1.633,61.640
Control-GRP-GC118489,1.467,0.166,0.000,1.455,3.355,0.017,3.911,5.382,0.000,15.746,16.903,4.499,47.100
Control-GRP-GC118490,1.193,0.801,0.000,1.775,3.825,0.024,4.269,5.697,1.243,21.284,17.987,4.384,37.517
Control-GRP-GC118491,0.662,0.000,0.000,0.958,3.322,0.000,2.925,7.815,2.141,35.493,14.879,4.472,27.333
Control-GRP-GC118494,0.639,0.000,0.000,1.567,5.524,0.000,4.236,5.905,0.946,20.330,22.124,3.430,35.299
Control-GRP-GC118496,0.009,0.118,0.000,1.114,3.518,0.000,1.303,0.000,0.000,17.893,4.724,3.122,68.199
Control-GRP-GC118497,0.191,0.438,0.000,0.463,1.367,0.000,3.187,7.541,0.000,28.131,11.910,4.017,42.754
Control-GRP-GC118499,1.581,0.000,0.000,1.035,3.360,0.000,2.266,4.521,3.384,21.175,10.727,3.102,48.849
Control-GRP-GC119340,1.581,0.000,0.000,0.751,3.008,0.000,3.229,7.536,0.000,30.912,17.414,5.925,29.644
Control-GRP-GC119343,0.228,0.000,0.000,0.543,3.120,0.000,2.678,5.020,3.153,45.256,13.278,4.910,21.814
Control-GRP-GC119367,1.827,0.147,0.000,1.966,3.244,0.037,2.185,4.526,0.000,30.404,20.662,6.623,28.379
Control-GRP-GC119369,0.546,0.000,0.000,1.000,2.344,0.000,3.054,5.247,1.755,19.581,15.052,3.533,47.886
Control-GRP-GC119370,0.529,0.000,0.000,0.834,2.833,0.000,4.664,3.906,1.273,26.225,20.328,3.673,35.736
Control-GRP-GC119374,0.458,0.011,0.000,0.619,4.092,0.000,1.892,6.103,2.140,20.212,22.949,5.604,35.918
Control-GRP-GC119375,3.163,0.000,0.000,2.851,6.459,0.000,3.295,5.092,0.000,27.607,17.450,4.282,29.800
Control-GRP-GC119377,1.549,0.263,0.000,2.276,4.189,0.000,4.338,8.150,0.923,27.733,15.432,4.019,31.129
Control-GRP-GC119383,1.144,0.000,0.000,1.005,3.986,0.000,2.759,3.582,1.495,32.726,19.238,5.339,28.725
Control-GRP-GC119384,1.264,0.000,0.000,2.092,3.395,0.000,3.997,7.965,0.076,26.012,16.124,4.549,34.526
Control-GRP-GC119386,2.236,1.980,0.000,1.606,3.552,1.411,3.474,5.117,0.928,20.811,17.960,4.285,36.640
Control-GRP-GC119388,0.293,0.095,0.000,0.581,4.006,0.000,3.729,3.424,1.539,25.732,23.047,5.399,32.155
Control-GRP-GC119389,0.875,0.072,0.000,1.216,4.027,0.000,2.368,8.419,1.441,30.802,11.159,5.400,34.221
Control-GRP-GC119390,0.642,0.222,0.000,1.046,4.766,0.362,3.339,3.386,0.675,31.959,18.215,5.297,30.093
Control-GRP-GC119391,0.987,0.126,0.000,1.010,3.914,0.000,3.768,5.312,1.008,36.427,11.231,8.035,28.182
Control-GRP-GC119394,0.317,0.000,0.000,0.294,4.218,0.000,3.807,3.099,2.757,33.551,14.161,4.323,33.471
Control-GRP-GC119395,1.365,0.220,0.000,1.153,5.446,0.006,2.998,4.685,2.055,32.059,18.240,4.684,27.090
Control-GRP-GC119397,2.558,0.180,0.000,1.440,4.007,0.029,2.957,4.038,1.803,23.530,16.453,4.492,38.513
Control-GRP-GC119398,0.926,0.101,0.000,0.696,2.749,0.030,2.435,5.796,0.865,19.715,12.173,3.250,51.264
Control-GRP-GC119399,1.124,0.332,0.000,0.759,4.449,0.000,2.734,7.227,0.769,27.516,14.758,4.552,35.780
Control-GRP-GC119400,4.612,0.628,0.000,2.141,3.050,0.000,2.073,3.809,0.878,25.841,9.754,3.463,43.751
Control-GRP-GC119401,0.702,0.000,0.000,1.098,4.196,0.000,2.852,9.362,0.699,32.111,12.440,4.302,32.238
Control-GRP-GC119402,1.264,0.000,0.000,1.754,3.595,0.000,4.582,6.710,2.008,26.177,12.837,3.814,37.258
Control-GRP-GC119403,0.653,0.210,0.031,1.483,3.113,0.000,3.047,4.553,3.042,21.294,12.619,3.895,46.059
Control-GRP-GC119405,1.189,0.341,0.000,2.105,3.450,0.000,2.977,2.816,1.093,22.564,17.788,5.651,40.027
Control-GRP-GC119410,1.570,0.312,0.000,1.346,2.164,0.000,3.387,9.880,0.583,28.291,11.173,5.286,36.008
Control-GRP-GC119411,1.858,0.000,0.000,1.828,3.756,0.000,3.157,4.056,0.269,25.636,16.453,4.861,38.126
Control-GRP-GC119415,0.054,0.000,0.000,0.330,3.374,0.000,1.574,3.626,0.630,31.038,17.308,6.244,35.820
Control-GRP-GC119416,4.937,0.199,0.000,2.500,3.182,0.000,2.436,5.693,1.357,29.321,10.854,5.443,34.077
Control-GRP-GC119417,0.349,0.346,0.000,1.203,2.715,0.077,2.693,5.519,2.528,23.973,15.183,3.914,41.501
Control-GRP-GC119419,0.366,0.177,0.000,0.374,4.599,0.275,4.258,5.524,0.000,16.659,12.702,4.603,50.463
Control-GRP-GC119420,0.255,0.114,0.192,0.867,2.769,0.000,2.419,3.005,1.863,20.829,8.734,2.700,56.251
Control-GRP-GC119421,2.831,0.000,0.000,2.006,4.366,0.000,5.090,4.888,0.000,22.712,14.781,4.515,38.809
Control-GRP-GC119422,1.169,0.000,0.127,0.742,2.867,0.000,4.222,7.653,0.000,32.153,14.843,6.296,29.927
Control-GRP-GC119426,1.476,0.477,0.000,0.922,3.875,0.103,3.475,5.412,3.766,23.190,16.037,3.820,37.447
Control-GRP-GC119430,0.838,0.021,0.000,1.187,4.093,0.000,3.924,6.342,2.819,37.404,13.559,5.667,24.146
Control-GRP-GC121331,0.570,0.000,0.000,0.939,4.417,0.031,2.626,8.468,0.000,30.074,16.188,4.689,31.997
Control-GRP-GC121332,1.350,0.072,0.000,2.207,4.163,0.000,4.725,4.331,0.034,18.757,6.166,3.573,54.622
Control-GRP-GC121336,0.000,0.000,0.000,0.128,2.435,0.000,2.501,6.891,1.514,43.948,12.360,4.814,25.408
Control-GRP-GC121337,0.350,0.065,0.000,1.171,2.739,0.000,3.162,2.933,1.201,38.778,15.793,6.512,27.296
Control-GRP-GC121338,0.265,0.000,0.000,0.423,4.082,0.000,2.510,3.990,3.002,32.122,10.446,4.064,39.097
Control-GRP-GC121339,0.617,0.186,0.104,0.846,4.934,0.000,3.352,5.669,0.000,21.620,11.172,3.748,47.753
Control-GRP-GC121340,0.084,0.245,0.000,0.282,3.826,0.000,1.772,4.829,1.905,28.218,10.096,2.896,45.846
Control-GRP-GC121341,0.817,0.251,0.000,3.284,3.010,0.111,3.338,5.779,0.000,23.090,19.407,4.264,36.650
Control-GRP-GC121342,4.684,0.000,0.000,2.505,2.744,0.000,1.480,3.163,1.003,29.111,11.095,1.942,42.273
Control-GRP-GC121343,1.660,0.177,0.000,2.535,3.240,0.000,3.646,7.625,1.544,31.446,10.977,6.517,30.634
Control-GRP-GC121346,0.000,0.000,0.025,0.291,1.667,0.000,2.748,2.519,0.463,20.619,16.222,3.940,51.507
Control-GRP-GC121347,5.914,0.000,0.000,2.378,3.075,0.000,3.881,4.288,0.029,31.698,10.658,2.658,35.421
Control-GRP-GC121348,0.762,0.269,0.000,0.479,3.134,0.000,2.169,1.391,2.631,19.140,7.833,2.849,59.344
Control-GRP-GC121349,0.725,0.555,0.000,0.525,1.380,0.000,2.269,8.570,0.074,23.879,8.202,2.721,51.099
