Sample,BRCA,CEAD,CESC,COAD,OV,READ,bcell,cd4tcell,cd8tcell,erythroblast,monocyte,naturalkillercell,neutrophil,Unknown-1
Breast-GC1002975,0.000,0.000,0.000,0.000,0.000,0.000,0.360,0.000,0.000,7.663,12.795,2.103,37.759,39.319
Breast-GC1002976,4.775,0.000,0.000,0.487,0.000,0.600,1.461,0.000,0.000,11.099,3.156,0.905,36.114,41.404
Breast-GC1002977,0.000,0.000,0.000,0.000,0.000,0.000,10.290,0.000,2.953,0.000,11.872,15.953,51.653,7.279
Breast-GC1002978,1.148,0.000,0.000,0.000,1.988,0.000,0.714,0.000,0.000,6.037,19.459,1.902,28.273,40.480
Breast-GC1002979,7.037,0.051,0.000,0.000,0.000,0.425,1.847,0.000,0.000,3.985,12.008,1.919,45.905,26.824
Breast-GC1002980,0.000,0.000,0.000,0.000,0.858,0.000,0.897,0.000,0.000,9.916,11.351,1.967,34.012,40.999
Breast-GC1002981,0.252,0.000,0.000,0.000,0.346,0.000,0.673,0.000,0.000,8.502,14.754,0.881,39.642,34.951
Breast-GC1003967,0.000,0.000,0.000,0.000,0.326,0.000,0.000,0.000,0.000,10.692,15.663,1.751,29.401,42.166
Breast-GC1003968,2.918,0.000,0.000,0.000,0.824,0.171,0.000,0.000,0.000,13.416,7.692,1.080,33.249,40.649
Breast-GC1003970,0.065,0.000,0.000,0.004,0.225,0.002,0.496,0.000,0.000,7.271,31.858,0.802,30.807,28.469
Breast-GC1003971,0.128,0.008,0.000,0.000,0.000,0.301,0.215,0.945,0.000,13.113,19.419,5.814,18.303,41.753
Breast-GC1003972,1.345,0.000,0.000,0.000,0.000,0.169,0.724,0.000,0.000,10.551,19.318,1.616,22.891,43.385
Breast-GC1003974,0.000,0.000,0.000,0.000,0.165,0.993,0.000,0.000,0.000,3.685,14.004,1.006,50.317,29.829
Breast-GC1002311,0.000,0.000,0.000,0.000,0.257,0.000,0.000,0.000,0.000,12.776,16.686,1.388,30.780,38.112
Breast-GC1004006,0.000,0.000,0.000,0.000,0.000,0.000,1.891,0.000,0.000,11.472,14.854,2.179,33.139,36.464
Breast-GC1004007,0.292,0.000,0.000,0.000,0.206,0.004,0.000,0.000,0.000,10.085,10.939,2.765,24.052,51.656
Breast-GC1004008,0.000,0.000,0.000,0.000,0.000,0.014,1.146,0.000,0.000,5.684,8.104,0.937,49.325,34.788
Breast-GC1004009,0.619,0.000,0.000,0.000,2.024,0.000,0.000,0.000,0.000,6.288,7.736,0.000,49.568,33.764
Breast-GC110693,0.000,0.000,0.000,0.000,0.645,0.077,0.918,0.000,0.202,7.389,13.756,2.003,49.074,25.935
Breast-GC110694,0.000,0.000,0.000,0.000,0.407,0.000,1.580,0.000,0.000,11.541,13.187,1.545,36.057,35.682
Breast-GC110695,0.412,0.000,0.000,0.000,1.111,0.000,0.565,0.000,0.000,10.738,13.020,3.715,25.408,45.031
Breast-GC110696,0.000,0.000,0.000,0.000,0.000,0.000,3.390,0.000,0.000,10.678,13.964,2.743,30.474,38.750
Breast-GC116960,0.525,0.000,0.000,0.000,0.000,0.291,4.595,0.000,0.000,8.019,19.608,3.617,30.027,33.317
Breast-GC116963,0.000,0.000,0.000,0.000,0.000,0.000,0.000,0.000,0.000,2.840,4.478,0.920,65.605,26.157
Breast-GC116964,0.000,0.000,0.000,0.000,0.000,0.000,2.096,0.000,0.000,12.806,24.032,4.427,22.825,33.813
Breast-GC116965,0.000,0.000,0.000,0.000,0.000,0.000,0.000,0.000,0.000,15.885,10.768,2.067,19.051,52.229
Breast-GC116966,0.000,0.000,0.000,0.000,0.000,0.000,0.551,0.000,0.000,11.510,13.874,2.640,22.663,48.762
Breast-GC116967,0.783,0.000,0.000,0.000,1.036,0.221,0.167,0.000,0.000,9.549,19.133,3.067,27.388,38.655
Breast-GC116968,0.000,0.000,0.000,0.000,0.000,0.000,0.000,0.000,0.000,6.779,6.247,0.213,50.690,36.070
Breast-GC116969,0.000,0.000,0.000,0.000,0.000,0.000,0.527,0.000,0.000,5.606,7.892,1.304,56.460,28.210
Breast-GC116970,0.000,0.000,0.000,0.000,1.189,0.881,0.267,0.000,0.000,8.772,10.999,1.537,40.618,35.735
Breast-GC116971,1.695,0.000,0.000,0.000,0.000,0.000,3.199,0.000,0.000,13.494,9.557,2.689,28.565,40.800
Breast-GC110676,0.000,0.000,0.000,0.000,0.141,0.000,1.446,0.000,0.000,6.009,10.596,1.930,36.197,43.680
Breast-GC110678,1.630,0.000,0.000,0.000,0.492,1.598,0.637,0.000,0.000,9.151,22.637,2.940,26.737,34.177
Breast-GC110679,17.444,0.000,0.000,0.000,0.405,0.537,0.751,0.000,0.000,7.262,11.164,1.139,27.258,34.039
Breast-GC110680,0.000,0.000,0.000,0.000,0.186,0.000,0.488,0.000,0.000,11.893,13.088,0.000,40.524,33.820
Breast-GC110681,5.433,0.000,0.000,7.097,4.130,0.000,0.000,0.000,0.000,13.777,0.685,0.000,26.036,42.842
Breast-GC110682,0.000,0.000,0.000,0.000,1.686,0.002,2.416,0.000,0.000,8.634,13.817,1.616,34.486,37.343
Breast-GC110683,0.439,0.000,0.000,0.000,0.402,0.261,1.894,0.000,0.000,10.296,11.981,2.806,30.191,41.729
Breast-GC110684,0.000,0.000,0.000,0.000,1.481,0.090,3.309,0.000,0.000,9.600,16.587,1.811,40.740,26.382
Breast-GC110685,1.713,0.000,0.000,0.000,0.950,0.130,3.041,2.523,0.000,9.094,16.849,5.367,18.988,41.346
Ovarian-GC110686,0.000,0.000,0.000,0.000,0.876,0.000,0.643,0.000,0.000,23.182,6.699,2.496,22.656,43.447
Ovarian-GC114179,0.000,0.000,0.000,0.000,0.729,0.000,0.000,0.000,0.000,15.438,12.841,1.677,25.808,43.507
Ovarian-GC114180,0.000,0.000,0.000,0.000,0.194,0.085,1.258,0.000,0.000,8.550,14.846,3.008,22.328,49.729
Ovarian-GC114181,7.202,1.425,0.081,0.916,1.139,0.099,0.000,0.000,0.000,17.425,7.354,1.547,23.054,39.758
Ovarian-GC114182,5.606,0.000,0.121,3.496,24.766,0.000,0.000,0.000,0.000,15.977,7.322,0.000,23.132,19.578
Ovarian-GC116977,0.000,0.000,0.000,0.000,0.941,0.242,0.165,0.000,0.000,12.140,16.381,3.374,27.194,39.562
Ovarian-GC116979,2.622,0.000,0.000,0.000,10.486,0.014,0.920,0.000,0.000,9.379,10.564,1.024,31.417,33.574
Ovarian-GC116982,1.448,0.000,0.000,0.578,9.655,0.000,0.361,0.000,0.000,13.663,7.099,5.993,22.809,38.395
Ovarian-GC116990,0.000,0.000,0.000,0.000,1.911,0.262,1.407,0.000,0.000,2.949,15.345,1.742,39.108,37.276
Ovarian-GC119363,2.413,0.000,0.000,0.000,6.236,0.662,0.373,0.000,0.000,17.030,4.754,1.969,22.261,44.301
Ovarian-GC119364,0.000,0.000,0.000,0.000,0.373,0.023,3.300,0.000,0.000,5.664,18.389,2.515,33.331,36.405
Ovarian-GC119365,1.137,0.000,0.000,0.562,73.638,0.000,0.000,0.000,0.000,3.902,0.000,0.000,1.535,19.225
Ovarian-GC119366,7.201,0.000,0.000,1.385,0.692,0.350,0.204,0.000,0.000,23.699,7.931,1.884,10.412,46.241
Colorectal-GC121326,0.209,0.000,0.000,1.520,0.538,0.119,0.000,0.000,0.000,23.379,2.611,0.000,39.405,32.218
Colorectal-GC121327,1.083,26.888,0.000,0.000,1.329,6.458,1.152,0.000,0.000,10.753,10.231,2.201,16.282,23.624
Colorectal-GC121328,0.000,0.000,0.000,0.000,0.171,0.000,0.000,0.000,0.000,43.328,10.963,1.447,8.967,35.123
Colorectal-GC121329,0.212,0.000,0.000,26.696,1.585,0.000,0.407,0.037,2.542,28.803,4.888,0.000,2.755,32.074
Colorectal-GC121330,17.419,0.000,0.000,4.412,0.153,0.224,0.000,0.000,0.000,14.314,1.426,0.000,21.817,40.233
Colorectal-GC1003994,0.000,0.000,0.000,0.000,0.966,0.000,0.523,0.000,0.000,15.184,8.931,0.914,29.058,44.423
Colorectal-GC1003995,0.552,0.900,0.142,5.873,0.070,42.566,2.333,0.000,0.000,2.249,5.019,0.000,17.381,22.917
Colorectal-GC1003996,0.357,0.000,0.000,0.000,0.000,1.409,1.824,0.000,0.000,6.735,9.582,1.727,42.036,36.331
Colorectal-GC1003997,0.000,0.000,0.000,0.000,0.000,0.000,0.311,0.000,0.000,14.157,9.689,2.766,32.010,41.066
Colorectal-GC1003998,0.000,0.000,0.000,0.000,0.160,0.556,0.994,0.000,0.000,13.995,9.670,3.383,25.991,45.250
Colorectal-GC1003999,7.227,0.000,0.000,2.425,0.454,0.000,0.000,0.000,0.000,17.787,1.467,0.000,17.568,53.072
Colorectal-GC1004000,0.753,0.000,0.000,56.362,0.931,0.829,0.000,0.000,0.000,1.266,3.893,0.000,16.540,19.425
Colorectal-GC1004001,0.000,0.000,0.000,0.000,0.000,0.000,0.364,0.000,0.000,7.920,11.099,1.988,41.151,37.478
Colorectal-GC1004002,0.040,0.000,0.000,0.000,0.000,0.130,2.903,0.000,0.000,19.861,4.904,2.824,32.351,36.986
Colorectal-GC1004003,1.078,0.000,0.000,0.146,2.253,0.000,0.000,0.000,0.000,17.409,14.714,0.023,18.596,45.781
Colorectal-GC137538,0.186,0.000,0.000,0.000,2.725,0.022,2.359,19.390,0.000,5.401,16.434,4.629,17.806,31.047
Colorectal-GC137539,0.454,0.000,0.000,0.000,2.918,0.205,0.735,0.000,0.000,10.283,15.827,1.146,31.622,36.810
Colorectal-GC137540,0.000,0.000,0.000,0.000,0.000,0.000,0.000,0.000,0.000,20.528,9.237,3.135,28.377,38.722
Colorectal-GC137541,0.154,0.000,0.000,0.000,0.009,0.000,0.000,0.000,0.000,13.159,13.496,0.651,31.384,41.147
Colorectal-GC137542,0.000,0.000,0.000,0.000,0.000,0.000,0.000,0.000,0.000,19.162,7.952,3.680,31.762,37.443
Colorectal-GC137543,0.000,0.000,0.000,5.801,1.387,0.067,0.717,0.000,0.000,12.567,8.546,1.279,23.740,45.896
Colorectal-GC137544,0.000,0.000,0.000,0.000,0.412,0.000,1.422,0.000,0.000,16.502,10.696,2.044,33.538,35.385
Colorectal-GC137545,0.000,0.000,0.000,0.000,0.000,0.000,0.228,0.000,0.000,16.437,11.348,1.930,18.397,51.659
Colorectal-GC137546,0.000,0.000,0.000,0.000,0.356,0.000,0.802,0.000,0.000,12.236,9.792,4.562,36.927,35.326
Colorectal-GC137547,0.141,0.000,0.000,0.000,0.504,0.000,0.084,0.000,0.000,10.733,19.747,1.907,25.557,41.325
Colorectal-GC137548,0.000,0.000,0.000,0.000,0.000,0.000,1.099,0.000,0.000,0.754,3.678,5.048,57.913,31.508
Colorectal-GC137549,0.000,0.000,0.000,20.488,0.652,0.000,0.000,0.000,0.000,14.104,5.880,1.168,25.249,32.460
Colorectal-GC137550,0.990,0.000,0.000,0.000,0.262,0.000,6.448,0.000,0.000,7.374,7.092,8.665,34.917,34.252
Colorectal-GC137551,0.000,0.000,0.000,0.000,0.000,0.000,2.491,0.000,0.000,1.810,20.540,3.036,46.264,25.858
Colorectal-GC137552,0.000,0.000,0.000,0.000,0.033,0.000,0.134,0.000,0.000,9.290,11.863,1.991,32.139,44.550
Colorectal-GC137553,0.787,0.000,0.026,0.353,0.000,0.646,25.775,0.000,0.000,11.235,13.274,4.504,14.098,29.304
Colorectal-GC137554,0.795,0.823,0.000,2.797,0.000,0.115,0.603,0.000,0.000,15.122,12.638,0.469,21.750,44.887
Colorectal-GC137555,0.000,0.000,0.000,0.000,0.000,0.000,1.106,0.000,0.000,12.624,16.039,4.854,32.231,33.145
Colorectal-GC137556,0.000,0.000,0.000,0.000,0.000,0.000,0.327,0.000,0.000,10.143,9.744,2.253,35.241,42.291
Colorectal-GC137557,0.000,0.000,0.000,0.000,0.000,0.000,0.000,0.000,0.000,2.722,8.116,0.331,54.823,34.008
Cervical-GC1002983,1.909,0.182,0.000,0.170,1.131,0.101,1.223,0.000,0.000,6.720,13.316,0.000,43.716,31.531
Cervical-GC1002984,0.000,0.000,0.000,0.000,1.105,0.000,0.000,0.000,0.000,10.779,26.074,1.150,23.579,37.312
Cervical-GC114187,0.000,0.000,0.000,0.000,2.966,0.000,1.748,0.000,0.000,13.207,15.149,3.833,22.421,40.675
Cervical-GC114188,0.000,0.000,0.000,0.000,2.521,0.000,1.208,0.000,0.000,13.241,15.436,2.344,27.071,38.180
Control-GC1003986,0.000,0.000,0.000,0.000,0.000,0.000,1.888,0.000,0.000,1.492,7.049,0.432,54.906,34.232
Control-GC1003988,0.000,0.000,0.000,0.000,0.000,0.000,0.132,0.000,0.000,10.407,11.414,1.243,36.821,39.983
Control-GC110675,0.000,0.000,0.000,0.000,1.065,0.000,1.375,0.000,0.000,6.382,8.253,1.411,64.281,17.234
Control-GC112864,0.000,0.000,0.000,0.000,0.758,0.000,1.484,0.000,0.000,10.775,12.189,3.137,41.416,30.241
Control-GC112894,5.200,0.000,0.000,0.000,0.000,0.647,0.276,0.000,0.000,10.131,11.214,0.482,25.408,46.642
Control-GC112895,1.371,0.000,0.000,0.000,0.234,0.210,7.255,0.000,0.000,10.705,10.778,0.492,29.981,38.973
Control-GC112897,0.992,0.000,0.000,0.000,0.044,0.121,2.597,0.000,0.000,9.323,10.430,1.848,40.620,34.023
Control-GC119350,0.000,0.000,0.000,0.000,0.119,0.000,1.367,0.000,0.000,9.793,15.996,3.250,31.753,37.722
Control-GC119351,0.000,0.000,0.000,0.000,0.000,0.000,1.008,0.000,0.000,9.480,7.652,1.880,48.575,31.404
Control-GC119352,0.000,0.000,0.000,0.000,0.123,0.000,0.000,0.000,0.000,13.049,10.577,1.424,30.858,43.970
Control-GC119353,2.214,0.000,0.000,0.000,0.785,0.000,1.121,0.000,0.000,14.406,14.402,1.694,20.246,45.132
Control-GC119354,0.000,0.000,0.000,0.000,0.131,0.000,2.599,0.000,0.000,14.310,18.689,2.927,22.274,39.069
Control-GC119356,0.000,0.000,0.000,0.000,0.000,0.000,1.281,0.000,0.000,5.789,10.978,1.749,48.016,32.187
Control-GRP-GC114128,0.000,0.000,0.000,0.000,0.077,0.000,1.749,0.000,0.000,18.956,14.879,1.692,26.014,36.633
Control-GRP-GC114130,0.595,0.000,0.000,0.064,0.000,0.000,0.480,0.000,0.000,14.152,10.830,2.060,26.352,45.466
Control-GRP-GC114131,0.000,0.000,0.000,0.000,0.000,0.212,0.000,0.000,0.000,10.521,10.084,1.944,36.441,40.797
Control-GRP-GC114132,2.864,0.000,0.000,0.000,1.387,0.060,0.175,0.000,0.000,14.594,14.990,3.730,25.578,36.621
Control-GRP-GC114133,0.000,0.000,0.000,0.000,0.000,0.000,2.671,0.000,0.000,10.178,21.008,1.827,24.220,40.095
Control-GRP-GC114134,0.000,0.000,0.000,0.000,0.000,0.000,0.624,0.000,0.000,16.666,12.740,3.428,26.437,40.104
Control-GRP-GC114136,0.000,0.000,0.000,0.000,0.000,0.152,0.288,0.000,0.000,10.626,7.946,1.617,44.458,34.913
Control-GRP-GC114137,0.000,0.000,0.000,0.000,0.097,0.000,1.149,0.000,0.000,16.790,9.394,2.448,38.296,31.825
Control-GRP-GC114139,0.000,0.000,0.000,0.000,0.000,0.000,0.438,0.000,0.000,8.562,10.836,2.422,34.292,43.449
Control-GRP-GC114140,0.000,0.000,0.000,0.000,1.222,0.000,0.235,0.000,0.000,1.203,12.258,1.757,54.225,29.100
Control-GRP-GC114141,1.003,0.000,0.000,0.867,0.030,0.083,0.610,0.000,0.000,9.682,9.512,0.788,37.483,39.942
Control-GRP-GC114142,0.000,0.000,0.000,0.000,0.425,0.000,0.933,0.000,0.000,10.663,11.687,0.886,42.570,32.836
Control-GRP-GC114183,0.000,0.000,0.000,0.000,0.000,0.000,1.018,0.000,0.000,8.489,9.711,2.776,43.676,34.328
Control-GRP-GC114185,0.000,0.000,0.000,0.000,0.000,0.000,1.194,0.000,0.000,1.864,15.214,1.169,47.941,32.617
Control-GRP-GC114186,0.000,0.000,0.000,0.000,0.000,0.275,1.286,0.000,0.000,7.088,9.230,2.024,41.575,38.522
Control-GRP-GC118464,3.900,0.000,0.000,0.091,0.273,0.039,0.000,0.000,0.000,9.139,10.092,1.421,33.753,41.291
Control-GRP-GC118466,0.000,0.000,0.000,0.000,0.000,0.000,0.859,0.000,0.000,13.695,14.279,1.343,28.534,41.289
Control-GRP-GC118474,0.000,0.000,0.000,0.000,0.000,0.000,0.354,0.000,0.000,10.828,14.417,3.254,32.555,38.591
Control-GRP-GC118476,0.370,0.000,0.000,0.370,0.000,0.000,0.000,0.000,0.000,19.598,12.405,1.974,23.523,41.760
Control-GRP-GC118478,0.000,0.000,0.000,0.000,0.000,0.000,3.430,0.000,0.000,13.447,18.684,2.693,28.214,33.532
Control-GRP-GC118484,0.000,0.000,0.000,0.000,0.000,0.000,1.145,0.000,0.000,8.499,7.978,2.016,48.123,32.238
Control-GRP-GC118485,0.000,0.000,0.000,0.000,0.489,0.000,0.966,0.000,0.000,9.473,12.144,2.688,37.304,36.936
Control-GRP-GC118486,0.000,0.000,0.000,0.000,0.000,0.001,0.223,0.000,0.000,3.878,6.245,0.214,61.219,28.220
Control-GRP-GC118489,0.145,0.000,0.000,0.000,0.000,0.043,1.758,0.000,0.000,3.416,14.612,2.387,45.702,31.937
Control-GRP-GC118490,0.000,0.000,0.000,0.000,0.768,0.364,1.943,0.000,0.000,6.720,15.054,2.066,35.865,37.221
Control-GRP-GC118491,0.000,0.000,0.000,0.000,0.169,0.000,0.806,0.000,0.000,19.939,12.159,2.894,24.605,39.428
Control-GRP-GC118494,0.000,0.000,0.000,0.000,0.370,0.000,1.750,0.000,0.000,5.647,20.225,1.131,33.609,37.267
Control-GRP-GC118496,0.000,0.000,0.000,0.000,0.547,0.000,0.000,0.000,0.000,5.137,2.407,0.481,67.917,23.510
Control-GRP-GC118497,0.000,0.000,0.000,0.000,0.000,0.000,0.842,0.000,0.000,11.699,9.296,2.308,40.738,35.116
Control-GRP-GC118499,1.016,0.000,0.000,0.000,0.000,0.000,0.346,0.000,0.000,7.805,7.987,1.336,47.899,33.610
Control-GRP-GC119340,0.402,0.000,0.000,0.000,0.000,0.000,1.294,0.000,0.000,17.002,15.471,3.725,26.946,35.159
Control-GRP-GC119343,0.000,0.000,0.000,0.000,0.000,0.000,0.175,0.000,0.000,25.456,10.243,3.077,18.876,42.174
Control-GRP-GC119367,0.168,0.000,0.000,0.000,0.000,0.150,0.000,0.000,0.000,10.962,17.616,2.674,25.606,42.823
Control-GRP-GC119369,0.000,0.000,0.000,0.000,0.081,0.000,0.681,0.000,0.000,6.582,12.685,1.733,46.536,31.702
Control-GRP-GC119370,0.000,0.000,0.000,0.000,0.055,0.000,2.040,0.000,0.000,8.269,17.823,1.609,33.754,36.449
Control-GRP-GC119374,0.000,0.000,0.000,0.000,0.000,0.000,0.000,0.000,0.000,5.206,20.942,3.956,34.222,35.672
Control-GRP-GC119375,1.531,0.000,0.000,0.098,1.194,0.000,0.016,0.000,0.000,11.066,14.592,0.590,27.516,43.396
Control-GRP-GC119377,0.432,0.000,0.000,0.000,0.000,0.006,1.631,0.000,0.000,10.188,11.985,1.264,29.254,45.240
Control-GRP-GC119383,0.000,0.000,0.000,0.000,0.103,0.000,0.000,0.000,0.000,10.590,16.604,2.159,26.410,44.133
Control-GRP-GC119384,0.000,0.000,0.000,0.000,0.250,0.000,1.250,0.000,0.000,10.618,13.419,2.047,32.461,39.954
Control-GRP-GC119386,1.906,0.142,0.000,0.000,0.152,2.105,1.144,0.000,0.000,5.963,15.797,2.033,34.859,35.898
Control-GRP-GC119388,0.000,0.000,0.000,0.000,0.000,0.000,0.938,0.000,0.000,8.331,20.962,2.727,30.024,37.018
Control-GRP-GC119389,0.000,0.000,0.000,0.000,0.000,0.088,0.232,0.000,0.000,13.547,8.299,3.596,32.067,42.170
Control-GRP-GC119390,0.000,0.000,0.000,0.000,0.959,0.716,0.548,0.000,0.000,11.479,15.156,2.156,27.614,41.371
Control-GRP-GC119391,0.000,0.000,0.000,0.000,0.000,0.000,0.766,0.000,0.000,17.760,8.002,5.555,25.421,42.496
Control-GRP-GC119394,0.000,0.000,0.000,0.000,0.000,0.000,0.972,0.000,0.000,14.993,11.649,2.520,30.914,38.951
Control-GRP-GC119395,0.000,0.000,0.000,0.000,0.503,0.040,0.293,0.000,0.000,12.074,14.627,1.859,24.990,45.613
Control-GRP-GC119397,1.020,0.000,0.000,0.000,0.000,0.638,0.514,0.000,0.000,7.784,13.595,1.713,37.072,37.663
Control-GRP-GC119398,0.000,0.000,0.000,0.000,0.000,0.000,0.440,0.000,0.000,6.639,9.755,1.636,50.390,31.140
Control-GRP-GC119399,0.000,0.000,0.000,0.000,0.253,0.000,0.540,0.000,0.000,10.216,12.068,2.288,33.867,40.767
Control-GRP-GC119400,3.638,0.000,0.000,0.000,0.000,0.103,0.000,0.000,0.000,9.858,6.074,0.769,42.467,37.090
Control-GRP-GC119401,0.000,0.000,0.000,0.000,0.000,0.000,0.589,0.000,0.000,15.204,9.596,2.264,30.400,41.946
Control-GRP-GC119402,0.000,0.000,0.000,0.000,0.000,0.000,1.995,0.000,0.000,9.667,9.582,1.698,35.606,41.451
Control-GRP-GC119403,0.058,0.000,0.000,0.000,0.018,0.025,0.669,0.000,0.000,4.942,9.113,1.837,44.853,38.483
Control-GRP-GC119405,0.389,0.000,0.000,0.000,0.000,0.000,0.394,0.000,0.000,5.936,15.288,2.880,38.352,36.760
Control-GRP-GC119410,0.420,0.000,0.000,0.000,0.000,0.000,1.189,0.000,0.000,14.076,8.756,3.702,33.787,38.070
Control-GRP-GC119411,0.182,0.000,0.000,0.000,0.000,0.000,0.472,0.000,0.000,6.896,13.646,1.780,36.663,40.360
Control-GRP-GC119415,0.000,0.000,0.000,0.000,0.000,0.000,0.000,0.000,0.000,11.249,14.783,3.468,33.702,36.797
Control-GRP-GC119416,3.394,0.000,0.000,0.838,0.000,0.047,0.077,0.000,0.000,10.655,7.310,2.620,31.957,43.101
Control-GRP-GC119417,0.000,0.000,0.000,0.000,0.000,0.190,0.000,0.000,0.000,4.969,12.332,1.841,39.850,40.815
Control-GRP-GC119419,0.000,0.000,0.000,0.000,0.379,0.263,2.261,0.000,0.000,4.154,10.204,2.848,49.453,30.437
Control-GRP-GC119420,0.000,0.000,0.000,0.000,0.000,0.000,0.083,0.000,0.000,6.014,6.081,0.801,55.490,31.531
Control-GRP-GC119421,0.000,0.000,0.000,0.000,1.709,0.000,1.962,0.000,0.000,7.674,11.350,1.182,36.638,39.483
Control-GRP-GC119422,0.059,0.000,0.000,0.000,0.000,0.000,1.145,0.000,0.000,12.667,12.583,4.192,27.084,42.268
Control-GRP-GC119426,0.466,0.000,0.000,0.000,0.441,0.292,1.663,0.000,0.000,6.620,13.393,2.268,36.002,38.856
Control-GRP-GC119430,0.000,0.000,0.000,0.000,0.000,0.000,1.079,0.000,0.000,13.867,9.368,3.097,21.726,50.864
Control-GRP-GC121331,0.000,0.000,0.000,0.000,0.914,0.018,0.609,0.000,0.000,12.270,12.656,2.570,30.071,40.892
Control-GRP-GC121332,0.570,0.000,0.000,0.556,0.906,0.000,2.289,0.000,0.000,7.142,3.857,1.031,54.043,29.605
Control-GRP-GC121336,0.000,0.000,0.000,0.000,0.000,0.000,0.222,0.000,0.000,19.188,9.393,3.052,22.695,45.449
Control-GRP-GC121337,0.000,0.000,0.000,0.000,0.000,0.000,0.218,0.000,0.000,15.235,12.419,3.135,24.281,44.712
Control-GRP-GC121338,0.000,0.000,0.000,0.000,0.050,0.000,0.162,0.000,0.000,10.461,7.082,2.421,37.593,42.229
Control-GRP-GC121339,0.000,0.000,0.000,0.000,0.000,0.000,0.473,0.000,0.000,4.045,8.308,1.232,46.580,39.362
Control-GRP-GC121340,0.000,0.000,0.000,0.000,0.138,0.000,0.141,0.000,0.000,8.216,7.270,1.075,44.351,38.808
Control-GRP-GC121341,0.000,0.000,0.000,0.000,0.277,0.388,0.778,0.000,0.000,11.235,17.486,1.281,34.595,33.959
Control-GRP-GC121342,2.623,0.000,0.000,0.000,0.000,0.262,0.000,0.000,0.000,16.294,8.130,0.079,40.561,32.050
Control-GRP-GC121343,0.224,0.000,0.000,0.031,0.000,0.018,0.631,0.000,0.000,13.988,7.236,3.670,28.403,45.800
Control-GRP-GC121346,0.000,0.000,0.000,0.000,0.000,0.000,0.705,0.000,0.000,5.607,14.246,2.012,50.071,27.358
Control-GRP-GC121347,3.695,0.000,0.000,0.366,0.000,0.026,0.221,0.000,0.000,12.503,7.692,0.225,33.226,42.046
Control-GRP-GC121348,0.102,0.000,0.000,0.000,0.000,0.000,0.000,0.000,0.000,3.818,4.935,1.001,59.201,30.942
Control-GRP-GC121349,0.000,0.000,0.000,0.000,0.000,0.000,0.584,0.000,0.000,9.762,6.078,1.428,49.340,32.807
