Sample,BRCA,CEAD,CESC,COAD,OV,READ,bcell,cd4tcell,cd8tcell,erythroblast,monocyte,naturalkillercell,neutrophil,Unknown-1
Br62_rep5_Dep6_Tu0.5,0.000,0.000,0.000,0.000,23.321,0.000,0.000,0.000,0.000,0.000,14.176,0.000,62.502,0.000
Br62_rep5_Dep6_Tu3,0.000,0.020,0.000,0.000,22.949,0.000,0.000,0.000,0.000,0.000,13.591,0.000,63.439,0.000
Br62_rep6_Dep6_Tu30,0.000,9.503,0.000,0.000,26.820,0.000,0.000,0.000,0.000,0.000,0.548,0.000,36.406,26.722
Br62_rep7_Dep6_Tu20,0.009,0.644,0.000,0.000,18.583,0.000,0.000,0.000,0.000,0.000,6.096,0.000,44.956,29.711
Br62_rep2_Dep6_Tu40,0.000,12.844,0.000,0.000,24.419,0.000,0.000,0.000,0.000,0.000,0.482,0.000,29.526,32.730
Br62_rep8_Dep6_Tu0.5,0.000,0.000,0.000,0.000,31.684,0.000,0.000,0.000,0.000,0.000,12.255,0.000,56.060,0.000
Br62_rep5_Dep6_Tu2,0.000,0.000,0.000,0.000,37.180,0.000,0.000,0.000,0.000,0.000,1.041,0.000,61.778,0.000
Br62_rep4_Dep6_Tu50,2.210,15.408,0.000,0.000,16.353,0.000,0.000,0.000,0.000,0.000,0.173,0.000,24.737,41.119
Br62_rep8_Dep6_Tu40,0.342,4.111,0.000,0.000,15.113,0.000,0.000,0.000,0.000,0.000,0.325,0.000,31.335,48.774
Br62_rep7_Dep6_Tu2,0.000,0.000,0.000,0.000,31.205,0.000,0.000,0.000,0.000,0.000,12.490,0.000,56.305,0.000
Br62_rep9_Dep6_Tu40,0.513,4.920,0.000,0.000,16.552,0.000,0.000,0.000,0.000,0.000,0.142,0.000,31.677,46.197
Br62_rep10_Dep6_Tu2,0.000,0.000,0.000,0.000,26.187,0.000,0.000,0.000,0.000,0.000,14.025,0.000,59.788,0.000
Br62_rep6_Dep6_Tu10,0.602,0.252,0.000,0.000,28.291,0.000,0.000,0.000,0.000,0.000,0.894,0.000,55.250,14.711
Br62_rep2_Dep6_Tu2,0.000,0.000,0.000,0.000,31.729,0.000,0.000,0.000,0.000,0.000,12.357,0.000,55.913,0.000
Br62_rep9_Dep6_Tu5,0.433,0.351,0.000,0.000,34.493,0.000,0.000,0.000,0.000,0.000,4.000,0.000,60.212,0.511
Br62_rep6_Dep6_Tu40,0.393,5.706,0.000,0.000,15.494,0.000,0.000,0.000,0.000,0.000,1.483,0.000,31.700,45.222
Br62_rep4_Dep6_Tu20,0.000,2.156,0.000,0.000,27.818,0.000,0.000,0.000,0.000,0.000,0.586,0.000,42.203,27.237
Br62_rep9_Dep6_Tu1,0.000,0.000,0.000,0.000,25.957,0.000,0.000,0.000,0.000,0.000,14.216,0.000,59.826,0.000
Br62_rep1_Dep6_Tu0.3,0.000,0.000,0.000,0.000,32.329,0.000,0.000,0.000,0.000,0.000,13.381,0.000,54.289,0.000
Br62_rep3_Dep6_Tu5,0.000,0.081,0.000,0.000,29.837,0.000,0.000,0.000,0.000,0.000,5.814,0.000,64.268,0.000
Br62_rep9_Dep6_Tu50,0.026,12.667,0.000,0.000,11.263,0.000,0.000,0.000,0.000,0.000,0.000,0.000,25.536,50.507
Br62_rep5_Dep6_Tu30,0.330,6.167,0.000,0.000,24.095,0.000,0.000,0.000,0.000,0.000,3.084,0.000,34.842,31.483
Br62_rep9_Dep6_Tu0.5,0.000,0.000,0.000,0.000,22.293,0.000,0.000,0.000,0.000,0.000,13.966,0.000,63.741,0.000
Br62_rep1_Dep6_Tu20,0.000,8.218,0.000,0.000,29.679,0.000,0.000,0.000,0.000,0.000,0.361,0.000,44.303,17.439
Br62_rep4_Dep6_Tu2,0.000,0.000,0.000,0.000,31.487,0.000,0.000,0.000,0.000,0.000,3.491,0.000,65.021,0.000
Br62_rep8_Dep6_Tu3,0.000,0.000,0.000,0.000,30.589,0.000,0.000,0.000,0.000,0.000,1.253,0.000,68.157,0.000
Br62_rep2_Dep6_Tu5,0.000,0.238,0.000,0.000,29.365,0.000,0.000,0.000,0.000,0.000,0.936,0.000,65.975,3.486
Br62_rep2_Dep6_Tu1,0.000,0.000,0.000,0.000,29.227,0.000,0.000,0.000,0.000,0.000,10.300,0.000,60.472,0.000
Br62_rep8_Dep6_Tu1,0.000,0.000,0.000,0.000,30.711,0.000,0.000,0.000,0.000,0.000,2.939,0.000,66.349,0.000
Br62_rep10_Dep6_Tu0.1,0.000,0.000,0.000,0.000,40.407,0.000,0.000,0.000,0.000,0.000,1.578,0.000,58.014,0.000
Br62_rep3_Dep6_Tu40,0.000,6.560,0.000,0.000,18.681,0.000,0.000,0.000,0.000,0.000,0.141,0.000,30.786,43.831
Br62_rep8_Dep6_Tu0.3,0.000,0.000,0.000,0.000,23.350,0.000,0.000,0.000,0.000,0.000,14.865,0.000,61.785,0.000
Br62_rep4_Dep6_Tu0.5,0.000,0.000,0.000,0.000,39.582,0.000,0.000,0.000,0.000,0.000,1.037,0.000,59.380,0.000
Br62_rep6_Dep6_Tu50,8.648,14.240,0.000,0.000,15.889,0.000,0.000,0.000,0.000,0.000,0.188,0.000,24.769,36.266
Br62_rep7_Dep6_Tu0.1,0.000,0.000,0.000,0.000,22.219,0.000,0.000,0.000,0.000,0.000,13.526,0.000,64.255,0.000
Br62_rep9_Dep6_Tu30,6.936,1.959,0.000,0.000,19.491,0.000,0.000,0.000,0.000,0.000,0.627,0.000,37.398,33.589
Br62_rep6_Dep6_Tu20,0.000,4.231,0.000,0.000,27.311,0.000,0.000,0.000,0.000,0.000,6.020,0.000,42.319,20.119
Br62_rep5_Dep6_Tu5,0.000,0.307,0.000,0.000,39.792,0.000,0.000,0.000,0.000,0.000,0.782,0.000,58.982,0.137
Br62_rep4_Dep6_Tu40,0.183,4.352,0.000,0.000,19.249,0.000,0.000,0.000,0.000,0.000,1.352,0.000,29.999,44.864
Br62_rep8_Dep6_Tu0.1,0.000,0.000,0.000,0.000,36.842,0.000,0.000,0.000,0.000,0.000,1.966,0.000,61.192,0.000
Br62_rep1_Dep6_Tu40,0.003,10.691,0.000,0.000,18.524,0.000,0.000,0.000,0.000,0.000,0.090,0.000,32.252,38.438
Br62_rep3_Dep6_Tu30,0.090,3.006,0.000,0.000,19.945,0.000,0.000,0.000,0.000,0.000,2.637,0.000,35.447,38.875
Br62_rep7_Dep6_Tu0.5,0.000,0.000,0.000,0.000,30.739,0.000,0.000,0.000,0.000,0.000,12.683,0.000,56.577,0.000
Br62_rep1_Dep6_Tu10,1.287,1.991,0.000,0.000,39.879,0.000,0.000,0.000,0.000,0.000,0.662,0.000,54.611,1.568
Br62_rep10_Dep6_Tu20,0.074,3.080,0.000,0.000,31.017,0.000,0.000,0.000,0.000,0.000,0.617,0.000,43.974,21.238
Br62_rep1_Dep6_Tu5,0.000,0.414,0.000,0.000,32.744,0.000,0.000,0.000,0.000,0.000,11.159,0.000,55.063,0.619
Br62_rep3_Dep6_Tu50,5.810,12.036,0.000,0.000,16.633,0.000,0.000,0.000,0.000,0.000,2.212,0.000,24.510,38.799
Br62_rep1_Dep6_Tu3,0.000,0.012,0.000,0.000,31.924,0.000,0.000,0.000,0.000,0.000,12.859,0.000,55.204,0.000
Br62_rep7_Dep6_Tu30,0.055,5.843,0.000,0.000,13.905,0.000,0.000,0.000,0.000,0.000,3.594,0.000,38.391,38.211
Br62_rep6_Dep6_Tu1,0.000,0.000,0.000,0.000,27.639,0.000,0.000,0.000,0.000,0.000,9.762,0.000,62.599,0.000
Br62_rep1_Dep6_Tu0.5,0.000,0.000,0.000,0.000,32.072,0.000,0.000,0.000,0.000,0.000,12.008,0.000,55.919,0.000
Br62_rep1_Dep6_Tu0.1,0.000,0.000,0.000,0.000,23.240,0.000,0.000,0.000,0.000,0.000,14.535,0.000,62.224,0.000
Br62_rep9_Dep6_Tu3,0.000,0.000,0.000,0.000,31.636,0.000,0.000,0.000,0.000,0.000,3.124,0.000,65.239,0.000
Br62_rep5_Dep6_Tu40,0.000,11.142,0.000,0.000,21.300,0.000,0.000,0.000,0.000,0.000,0.135,0.000,30.341,37.080
Br62_rep10_Dep6_Tu3,0.000,0.000,0.000,0.000,24.042,0.000,0.000,0.000,0.000,0.000,14.426,0.000,61.532,0.000
Br62_rep2_Dep6_Tu0.3,0.000,0.000,0.000,0.000,29.753,0.000,0.000,0.000,0.000,0.000,1.641,0.000,68.605,0.000
Br62_rep10_Dep6_Tu40,0.071,3.150,0.000,0.000,19.433,0.000,0.000,0.000,0.000,0.000,0.889,0.000,28.961,47.495
Br62_rep3_Dep6_Tu2,0.000,0.000,0.000,0.000,33.265,0.000,0.000,0.000,0.000,0.000,12.930,0.000,53.804,0.000
Br62_rep5_Dep6_Tu1,0.000,0.000,0.000,0.000,34.312,0.000,0.000,0.000,0.000,0.000,3.993,0.000,61.694,0.000
Br62_rep4_Dep6_Tu1,0.000,0.000,0.000,0.000,40.108,0.000,0.000,0.000,0.000,0.000,1.092,0.000,58.799,0.000
Br62_rep10_Dep6_Tu0.5,0.000,0.000,0.000,0.000,39.827,0.000,0.000,0.000,0.000,0.000,1.010,0.000,59.162,0.000
Br62_rep5_Dep6_Tu20,1.984,4.652,0.000,0.000,32.447,0.000,0.000,0.000,0.000,0.000,0.563,0.000,42.126,18.228
Br62_rep6_Dep6_Tu0.3,0.000,0.000,0.000,0.000,31.083,0.000,0.000,0.000,0.000,0.000,3.461,0.000,65.455,0.000
Br62_rep9_Dep6_Tu0.3,0.000,0.000,0.000,0.000,23.350,0.000,0.000,0.000,0.000,0.000,14.865,0.000,61.785,0.000
Br62_rep2_Dep6_Tu20,0.000,0.874,0.000,0.000,26.733,0.000,0.000,0.000,0.000,0.000,3.223,0.000,41.254,27.916
Br62_rep6_Dep6_Tu0.5,0.000,0.000,0.000,0.000,40.034,0.000,0.000,0.000,0.000,0.000,1.665,0.000,58.300,0.000
Br62_rep8_Dep6_Tu10,0.000,0.507,0.000,0.000,35.953,0.000,0.000,0.000,0.000,0.000,0.942,0.000,52.005,10.592
Br62_rep2_Dep6_Tu0.1,0.000,0.000,0.000,0.000,31.115,0.000,0.000,0.000,0.000,0.000,2.161,0.000,66.723,0.000
Br62_rep5_Dep6_Tu10,0.000,0.491,0.000,0.000,29.054,0.000,0.000,0.000,0.000,0.000,1.477,0.000,56.253,12.724
Br62_rep10_Dep6_Tu10,0.000,0.319,0.000,0.000,35.328,0.000,0.000,0.000,0.000,0.000,0.744,0.000,53.852,9.755
Br62_rep4_Dep6_Tu10,0.018,0.515,0.000,0.000,23.504,0.000,0.000,0.000,0.000,0.000,9.475,0.000,53.694,12.793
Br62_rep3_Dep6_Tu0.1,0.000,0.000,0.000,0.000,31.184,0.000,0.000,0.000,0.000,0.000,2.905,0.000,65.910,0.000
Br62_rep2_Dep6_Tu50,0.243,6.395,0.000,0.000,12.517,0.000,0.000,0.000,0.000,0.000,0.000,0.000,25.956,54.888
Br62_rep9_Dep6_Tu10,0.000,0.874,0.000,0.000,28.151,0.000,0.000,0.000,0.000,0.000,1.154,0.000,55.416,14.404
Br62_rep5_Dep6_Tu0.3,0.000,0.000,0.000,0.000,38.381,0.000,0.000,0.000,0.000,0.000,1.737,0.000,59.882,0.000
Br62_rep8_Dep6_Tu50,0.645,15.678,0.000,0.000,20.683,0.000,0.000,0.000,0.000,0.000,0.000,0.000,24.084,38.908
Br62_rep4_Dep6_Tu0.3,0.000,0.000,0.000,0.000,27.911,0.000,0.000,0.000,0.000,0.000,9.650,0.000,62.438,0.000
Br62_rep7_Dep6_Tu1,0.000,0.000,0.000,0.000,24.221,0.000,0.000,0.000,0.000,0.000,13.337,0.000,62.440,0.000
Br62_rep3_Dep6_Tu0.5,0.000,0.000,0.000,0.000,31.081,0.000,0.000,0.000,0.000,0.000,3.474,0.000,65.444,0.000
Br62_rep7_Dep6_Tu40,2.820,4.645,0.000,0.000,20.781,0.000,0.000,0.000,0.000,0.000,0.019,0.000,29.397,42.339
Br62_rep2_Dep6_Tu3,0.000,0.000,0.000,0.000,31.063,0.000,0.000,0.000,0.000,0.000,9.757,0.000,59.180,0.000
Br62_rep2_Dep6_Tu0.5,0.000,0.000,0.000,0.000,23.569,0.000,0.000,0.000,0.000,0.000,14.432,0.000,61.998,0.000
Br62_rep1_Dep6_Tu50,1.203,12.153,0.000,0.000,17.499,0.000,0.000,0.000,0.000,0.000,0.000,0.000,26.110,43.035
Br62_rep3_Dep6_Tu3,0.000,0.000,0.000,0.000,30.892,0.000,0.000,0.000,0.000,0.000,9.962,0.000,59.146,0.000
Br62_rep7_Dep6_Tu3,0.000,0.046,0.000,0.000,39.778,0.000,0.000,0.000,0.000,0.000,1.086,0.000,59.089,0.000
Br62_rep3_Dep6_Tu0.3,0.000,0.000,0.000,0.000,31.704,0.000,0.000,0.000,0.000,0.000,12.233,0.000,56.063,0.000
Br62_rep8_Dep6_Tu30,1.277,1.153,0.000,0.000,19.229,0.000,0.000,0.000,0.068,0.000,1.369,0.000,35.410,41.493
Br62_rep4_Dep6_Tu30,0.000,1.775,0.000,0.000,17.434,0.000,0.000,0.000,0.000,0.000,1.858,0.000,35.407,43.526
Br62_rep6_Dep6_Tu3,0.000,0.043,0.000,0.000,31.743,0.000,0.000,0.000,0.000,0.000,12.072,0.000,56.141,0.000
Br62_rep4_Dep6_Tu0.1,0.000,0.000,0.000,0.000,30.695,0.000,0.000,0.000,0.000,0.000,12.962,0.000,56.343,0.000
Br62_rep8_Dep6_Tu5,0.053,0.419,0.000,0.000,39.187,0.000,0.000,0.000,0.000,0.000,0.693,0.000,59.647,0.000
Br62_rep10_Dep6_Tu50,22.993,5.787,0.000,0.000,13.125,0.000,0.000,0.000,0.000,0.000,0.000,0.000,24.089,34.006
Br62_rep10_Dep6_Tu0.3,0.000,0.000,0.000,0.000,36.132,0.000,0.000,0.000,0.000,0.000,1.591,0.000,62.276,0.000
Br62_rep3_Dep6_Tu20,0.000,0.547,0.000,0.000,18.931,0.000,0.000,0.000,0.000,0.000,6.455,0.000,44.209,29.858
Br62_rep1_Dep6_Tu1,0.000,0.000,0.000,0.000,40.393,0.000,0.000,0.000,0.000,0.000,2.197,0.000,57.409,0.000
Br62_rep3_Dep6_Tu1,0.000,0.000,0.000,0.000,30.565,0.000,0.000,0.000,0.000,0.000,3.302,0.000,66.133,0.000
Br62_rep9_Dep6_Tu2,0.000,0.000,0.000,0.000,25.542,0.000,0.000,0.000,0.000,0.000,12.426,0.000,62.031,0.000
Br62_rep7_Dep6_Tu50,1.418,14.046,0.000,0.000,17.353,0.000,0.000,0.000,0.000,0.000,1.317,0.000,23.084,42.782
Br62_rep7_Dep6_Tu5,0.000,0.243,0.000,0.000,32.740,0.000,0.000,0.000,0.000,0.000,12.145,0.000,54.841,0.030
Br62_rep8_Dep6_Tu2,0.000,0.000,0.000,0.000,32.141,0.000,0.000,0.000,0.000,0.000,3.203,0.000,64.655,0.000
Br62_rep5_Dep6_Tu0.1,0.000,0.000,0.000,0.000,25.636,0.000,0.000,0.000,0.000,0.000,14.027,0.000,60.337,0.000
Br62_rep6_Dep6_Tu5,0.000,0.156,0.000,0.000,31.605,0.000,0.000,0.000,0.000,0.000,12.942,0.000,55.296,0.000
Br62_rep9_Dep6_Tu20,0.000,1.489,0.000,0.000,27.367,0.000,0.000,0.000,0.000,0.000,5.284,0.000,41.412,24.447
Br62_rep2_Dep6_Tu30,0.007,3.222,0.000,0.000,15.484,0.000,0.000,0.000,0.000,0.000,4.146,0.000,36.657,40.484
Br62_rep7_Dep6_Tu10,0.000,0.469,0.000,0.000,19.692,0.000,0.000,0.000,0.000,0.000,10.186,0.000,54.698,14.954
Br62_rep6_Dep6_Tu0.1,0.000,0.000,0.000,0.000,30.833,0.000,0.000,0.000,0.000,0.000,12.763,0.000,56.403,0.000
Br62_rep5_Dep6_Tu50,6.562,5.431,0.000,0.000,11.721,0.000,0.000,0.000,0.000,0.000,1.309,0.000,24.405,50.572
Br62_rep10_Dep6_Tu1,0.000,0.000,0.000,0.000,39.540,0.000,0.000,0.000,0.000,0.000,1.750,0.000,58.709,0.000
Br62_rep1_Dep6_Tu30,0.000,1.526,0.000,0.000,20.708,0.000,0.000,0.000,0.000,0.000,3.145,0.000,35.163,39.458
Br62_rep7_Dep6_Tu0.3,0.000,0.000,0.000,0.000,24.482,0.000,0.000,0.000,0.000,0.000,12.446,0.000,63.071,0.000
Br62_rep2_Dep6_Tu10,0.000,0.405,0.000,0.000,23.637,0.000,0.000,0.000,0.000,0.000,10.055,0.000,51.863,14.040
Br62_rep9_Dep6_Tu0.1,0.000,0.000,0.000,0.000,39.332,0.000,0.000,0.000,0.000,0.000,1.561,0.000,59.106,0.000
Br62_rep3_Dep6_Tu10,0.000,1.030,0.000,0.000,30.253,0.000,0.000,0.000,0.000,0.000,10.322,0.000,49.062,9.332
Br62_rep4_Dep6_Tu5,0.000,1.203,0.000,0.000,38.924,0.000,0.000,0.000,0.000,0.000,1.407,0.000,58.320,0.145
Br62_rep8_Dep6_Tu20,3.284,2.323,0.000,0.000,23.065,0.000,0.000,0.000,0.000,0.000,0.611,0.000,45.880,24.837
Br62_rep1_Dep6_Tu2,0.000,0.000,0.000,0.000,26.099,0.000,0.000,0.000,0.000,0.000,14.365,0.000,59.535,0.000
Br62_rep10_Dep6_Tu5,0.000,0.088,0.000,0.000,31.379,0.000,0.000,0.000,0.000,0.000,1.792,0.000,62.097,4.645
Br62_rep10_Dep6_Tu30,0.063,3.971,0.000,0.000,18.208,0.000,0.000,0.000,0.000,0.000,3.431,0.000,37.173,37.153
Br62_rep6_Dep6_Tu2,0.000,0.000,0.000,0.000,36.190,0.000,0.000,0.000,0.000,0.000,1.605,0.000,62.204,0.000
Br62_rep4_Dep6_Tu3,0.000,0.030,0.000,0.000,31.473,0.000,0.000,0.000,0.000,0.000,2.108,0.000,66.389,0.000
