Sample,BRCA,CEAD,CESC,COAD,OV,READ,bcell,cd4tcell,cd8tcell,erythroblast,monocyte,naturalkillercell,neutrophil
Br62_rep5_Dep6_Tu0.5,0.000,0.000,0.000,0.000,25.815,0.000,1.951,0.000,1.452,2.518,6.064,0.029,62.171
Br62_rep5_Dep6_Tu3,0.123,0.071,0.000,2.773,26.352,0.000,0.690,0.000,1.069,1.939,5.251,0.085,61.647
Br62_rep6_Dep6_Tu30,10.227,6.888,0.000,31.838,4.280,0.000,0.738,0.000,2.621,0.000,4.405,0.366,38.636
Br62_rep7_Dep6_Tu20,0.845,0.080,0.000,26.764,20.038,0.000,0.260,0.000,0.901,1.979,3.701,0.146,45.285
Br62_rep2_Dep6_Tu40,9.197,2.585,0.000,36.212,1.361,0.000,2.825,0.000,1.166,10.934,3.553,1.619,30.547
Br62_rep8_Dep6_Tu0.5,0.000,0.038,0.000,0.000,16.055,0.000,2.743,0.000,6.273,6.551,6.209,0.584,61.547
Br62_rep5_Dep6_Tu2,0.085,0.113,0.000,0.000,8.567,0.000,0.037,0.000,2.966,21.754,6.857,2.500,57.121
Br62_rep4_Dep6_Tu50,15.018,1.968,0.000,45.764,1.564,0.000,1.423,0.000,0.000,0.000,2.653,6.956,24.653
Br62_rep8_Dep6_Tu40,5.785,1.100,0.000,47.688,9.217,0.000,0.574,0.000,0.000,0.584,2.333,0.796,31.922
Br62_rep7_Dep6_Tu2,0.011,0.123,0.000,0.047,14.199,0.000,0.193,0.000,12.876,5.884,7.014,0.007,59.646
Br62_rep9_Dep6_Tu40,4.700,1.624,0.000,45.980,2.689,0.000,0.952,0.000,0.000,7.334,1.828,2.850,32.042
Br62_rep10_Dep6_Tu2,0.000,0.117,0.000,0.142,21.902,0.000,5.488,0.000,3.151,2.499,6.540,0.156,60.006
Br62_rep6_Dep6_Tu10,0.227,1.159,0.000,12.834,10.787,0.000,1.134,0.000,1.615,15.901,4.458,0.563,51.321
Br62_rep2_Dep6_Tu2,0.071,0.036,0.000,0.193,16.570,0.000,1.318,0.000,6.703,7.348,6.013,0.041,61.708
Br62_rep9_Dep6_Tu5,0.120,0.795,0.000,2.218,13.538,0.000,0.291,0.000,2.081,17.619,9.159,0.240,53.939
Br62_rep6_Dep6_Tu40,7.807,1.498,0.000,45.289,6.898,0.000,1.233,0.000,0.000,0.000,3.763,0.578,32.934
Br62_rep4_Dep6_Tu20,2.969,0.143,0.000,27.199,4.807,0.000,0.953,0.000,3.113,11.808,3.111,1.072,44.825
Br62_rep9_Dep6_Tu1,0.012,0.112,0.000,0.000,20.632,0.000,10.562,0.000,1.836,2.792,5.298,0.000,58.755
Br62_rep1_Dep6_Tu0.3,0.004,0.036,0.000,0.000,16.049,0.000,2.178,0.042,3.852,6.308,11.879,2.129,57.524
Br62_rep3_Dep6_Tu5,0.119,0.079,0.000,3.506,20.755,0.000,0.418,0.000,1.874,9.160,2.613,0.618,60.859
Br62_rep9_Dep6_Tu50,12.468,0.537,0.000,52.584,5.056,0.000,1.380,0.000,0.000,0.000,1.242,0.618,26.116
Br62_rep5_Dep6_Tu30,9.343,1.356,0.000,27.237,9.163,0.000,3.813,0.000,3.274,3.040,4.490,0.453,37.831
Br62_rep9_Dep6_Tu0.5,0.000,0.073,0.000,0.000,28.711,0.000,0.101,0.000,1.605,1.723,5.734,0.044,62.008
Br62_rep1_Dep6_Tu20,6.093,0.218,0.000,20.479,5.090,0.000,0.000,0.000,0.982,14.153,4.813,4.410,43.761
Br62_rep4_Dep6_Tu2,0.031,0.026,0.011,0.097,13.337,0.000,1.440,0.000,1.701,19.003,7.564,0.000,56.790
Br62_rep8_Dep6_Tu3,0.030,0.130,0.000,0.890,12.985,0.000,0.109,0.000,2.456,20.930,3.383,0.000,59.086
Br62_rep2_Dep6_Tu5,0.157,0.081,0.000,5.486,12.553,0.000,0.091,0.000,1.537,19.259,2.791,0.010,58.036
Br62_rep2_Dep6_Tu1,0.000,0.052,0.000,0.088,18.077,0.000,0.381,0.000,2.112,9.944,11.393,0.176,57.777
Br62_rep8_Dep6_Tu1,0.000,0.000,0.000,0.040,12.730,0.000,0.713,0.000,1.238,19.989,6.472,0.061,58.757
Br62_rep10_Dep6_Tu0.1,0.000,0.038,0.000,0.000,4.654,0.000,3.890,0.000,4.660,22.101,7.335,0.635,56.686
Br62_rep3_Dep6_Tu40,5.658,0.188,0.000,42.427,2.429,0.000,1.443,2.061,0.000,7.427,1.715,5.445,31.206
Br62_rep8_Dep6_Tu0.3,0.000,0.025,0.000,0.000,21.444,0.000,1.755,0.000,2.762,0.661,11.529,0.558,61.267
Br62_rep4_Dep6_Tu0.5,0.003,0.047,0.000,0.000,7.836,0.000,0.988,0.000,2.135,25.337,5.634,0.084,57.935
Br62_rep6_Dep6_Tu50,12.203,14.005,0.000,40.104,3.307,0.000,0.156,0.000,0.000,0.000,2.817,2.362,25.046
Br62_rep7_Dep6_Tu0.1,0.000,0.025,0.000,0.000,28.422,0.000,0.170,0.024,1.256,2.324,5.651,0.000,62.128
Br62_rep9_Dep6_Tu30,1.554,10.266,0.000,30.646,5.715,0.000,0.329,0.000,0.003,8.035,3.762,3.488,36.202
Br62_rep6_Dep6_Tu20,4.222,0.067,0.000,21.570,6.633,0.000,1.213,0.000,12.692,4.773,3.376,0.049,45.404
Br62_rep5_Dep6_Tu5,0.352,0.088,0.000,2.451,8.629,0.000,0.102,0.000,3.901,23.606,5.442,0.054,55.374
Br62_rep4_Dep6_Tu40,4.889,0.561,0.000,46.371,9.685,0.000,0.566,0.000,0.000,2.973,4.562,0.495,29.898
Br62_rep8_Dep6_Tu0.1,0.000,0.010,0.000,0.000,8.148,0.000,0.653,0.000,4.126,19.900,6.380,3.160,57.623
Br62_rep1_Dep6_Tu40,6.637,0.123,0.000,43.749,1.917,0.000,0.526,0.216,0.938,11.884,1.474,0.359,32.176
Br62_rep3_Dep6_Tu30,5.116,0.545,0.000,35.396,12.145,0.000,1.724,0.000,0.000,2.851,4.687,0.467,37.069
Br62_rep7_Dep6_Tu0.5,0.000,0.000,0.007,0.000,14.158,0.000,1.166,0.000,12.491,6.563,5.013,0.037,60.566
Br62_rep1_Dep6_Tu10,1.767,0.651,0.000,5.150,8.595,0.000,0.978,0.000,3.227,23.085,4.423,0.568,51.555
Br62_rep10_Dep6_Tu20,1.232,1.240,0.000,21.786,1.988,0.000,2.744,0.549,5.387,16.919,4.305,0.595,43.255
Br62_rep1_Dep6_Tu5,0.550,0.061,0.000,3.184,14.210,0.000,1.247,0.000,12.242,6.855,5.656,0.000,55.995
Br62_rep3_Dep6_Tu50,11.162,4.378,0.000,44.602,4.353,0.000,1.269,0.000,0.000,1.194,4.349,2.814,25.879
Br62_rep1_Dep6_Tu3,0.086,0.049,0.000,0.925,16.150,0.000,3.446,0.000,2.174,5.996,9.580,4.122,57.472
Br62_rep7_Dep6_Tu30,5.666,0.343,0.000,35.719,14.479,0.000,0.530,0.000,0.000,0.000,3.262,0.857,39.143
Br62_rep6_Dep6_Tu1,0.000,0.015,1.137,0.000,18.455,0.000,0.658,0.000,1.774,9.048,7.954,0.309,60.650
Br62_rep1_Dep6_Tu0.5,0.000,0.050,0.000,0.000,16.208,0.000,1.340,0.000,5.478,8.730,8.846,0.326,59.022
Br62_rep1_Dep6_Tu0.1,0.000,0.000,0.000,0.000,21.517,0.000,5.434,0.185,1.802,1.335,7.173,0.144,62.410
Br62_rep9_Dep6_Tu3,0.035,0.204,0.000,1.035,13.038,0.000,0.576,0.167,1.355,18.962,8.774,0.858,54.996
Br62_rep5_Dep6_Tu40,10.553,0.089,0.000,40.144,1.737,0.000,1.955,0.000,0.426,7.261,2.405,3.039,32.391
Br62_rep10_Dep6_Tu3,0.029,0.048,0.000,1.268,22.776,0.000,0.715,0.000,3.218,1.710,8.663,0.906,60.667
Br62_rep2_Dep6_Tu0.3,0.000,0.013,0.000,0.000,13.483,0.000,0.313,0.000,1.762,19.753,3.408,0.000,61.267
Br62_rep10_Dep6_Tu40,4.987,1.760,0.000,41.747,8.385,0.000,9.594,0.000,1.579,0.000,2.015,0.250,29.682
Br62_rep3_Dep6_Tu2,0.067,0.227,0.000,0.139,15.897,0.000,2.033,0.000,5.726,6.535,8.623,2.794,57.959
Br62_rep5_Dep6_Tu1,0.000,0.178,0.000,0.021,13.773,0.000,0.165,0.000,1.793,18.190,9.272,0.276,56.331
Br62_rep4_Dep6_Tu1,0.019,0.060,0.103,0.000,8.938,0.000,0.602,0.000,2.746,25.124,5.682,0.078,56.649
Br62_rep10_Dep6_Tu0.5,0.000,0.041,0.000,0.000,8.091,0.000,0.420,0.000,3.140,25.638,5.293,0.198,57.178
Br62_rep5_Dep6_Tu20,3.114,3.496,0.000,19.024,2.099,0.000,5.203,0.000,1.365,15.754,3.891,1.797,44.255
Br62_rep6_Dep6_Tu0.3,0.000,0.106,0.000,0.000,12.499,0.000,0.504,0.000,1.228,19.818,11.331,0.080,54.434
Br62_rep9_Dep6_Tu0.3,0.000,0.006,0.000,0.000,21.449,0.000,1.755,0.000,2.773,0.666,11.533,0.548,61.271
Br62_rep2_Dep6_Tu20,1.724,0.037,0.000,26.303,8.963,0.000,5.732,0.000,1.267,4.222,4.306,0.987,46.460
Br62_rep6_Dep6_Tu0.5,0.000,0.083,0.000,0.000,5.719,0.000,1.086,0.000,5.945,22.922,7.715,0.108,56.423
Br62_rep8_Dep6_Tu10,0.342,0.061,0.000,11.375,2.945,0.000,2.727,0.000,7.360,19.565,4.553,0.000,51.072
Br62_rep2_Dep6_Tu0.1,0.000,0.010,0.000,0.000,13.497,0.000,0.342,0.000,2.587,20.048,5.488,0.020,58.007
Br62_rep5_Dep6_Tu10,0.428,0.069,0.000,12.106,10.587,0.000,0.688,0.000,0.760,17.784,6.752,0.339,50.488
Br62_rep10_Dep6_Tu10,0.232,0.125,0.000,12.100,5.877,0.000,0.418,0.000,3.717,18.136,4.497,3.484,51.414
Br62_rep4_Dep6_Tu10,0.826,0.263,0.000,9.400,23.813,0.000,2.077,0.000,0.787,3.157,6.728,0.000,52.949
Br62_rep3_Dep6_Tu0.1,0.000,0.004,0.000,0.005,14.316,0.000,1.695,0.511,0.163,18.500,6.418,1.711,56.675
Br62_rep2_Dep6_Tu50,7.799,0.668,0.000,56.993,3.461,0.000,0.964,0.000,0.000,0.338,2.126,0.557,27.093
Br62_rep9_Dep6_Tu10,0.710,0.100,0.000,8.954,10.870,0.000,0.943,0.979,0.197,15.360,3.750,6.614,51.524
Br62_rep5_Dep6_Tu0.3,0.000,0.066,0.000,0.000,9.225,0.000,0.128,0.000,2.822,22.853,8.194,0.022,56.689
Br62_rep8_Dep6_Tu50,16.597,4.821,0.000,42.709,3.567,0.000,1.770,0.000,0.000,0.000,1.992,1.123,27.421
Br62_rep4_Dep6_Tu0.3,0.000,0.020,0.000,0.000,17.825,0.000,1.907,0.000,2.483,9.891,7.464,0.199,60.210
Br62_rep7_Dep6_Tu1,0.000,0.000,0.000,0.000,25.699,0.000,0.512,0.000,1.547,3.649,7.719,0.214,60.661
Br62_rep3_Dep6_Tu0.5,0.000,0.097,0.000,0.000,12.480,0.000,0.464,0.000,1.269,19.878,11.352,0.038,54.421
Br62_rep7_Dep6_Tu40,4.282,2.984,0.000,40.975,4.324,0.000,2.078,0.000,0.094,8.118,1.565,5.948,29.632
Br62_rep2_Dep6_Tu3,0.145,0.174,0.000,0.378,19.325,0.000,0.501,0.000,1.514,10.258,11.345,0.856,55.504
Br62_rep2_Dep6_Tu0.5,0.000,0.028,0.035,0.000,23.192,0.000,0.516,0.000,2.380,1.726,8.890,1.577,61.656
Br62_rep1_Dep6_Tu50,10.991,4.688,0.000,43.054,4.148,0.000,1.389,0.000,0.332,4.937,2.328,1.460,26.674
Br62_rep3_Dep6_Tu3,0.027,0.253,2.706,1.099,17.499,0.000,1.190,0.000,3.709,9.181,6.755,0.058,57.522
Br62_rep7_Dep6_Tu3,0.087,0.093,0.000,0.508,9.496,0.000,0.107,0.000,2.879,24.399,6.255,0.384,55.792
Br62_rep3_Dep6_Tu0.3,0.000,0.063,0.000,0.000,16.214,0.000,2.516,0.000,6.048,6.676,6.288,0.596,61.599
Br62_rep8_Dep6_Tu30,2.277,2.932,0.000,35.051,7.755,0.000,10.799,0.000,0.409,1.320,1.672,0.102,37.681
Br62_rep4_Dep6_Tu30,2.756,0.140,0.000,41.874,8.672,0.000,2.008,0.000,0.374,0.909,2.880,1.948,38.439
Br62_rep6_Dep6_Tu3,0.247,0.000,0.000,0.270,14.695,0.000,2.798,0.000,8.243,7.754,7.458,0.050,58.485
Br62_rep4_Dep6_Tu0.1,0.000,0.037,0.000,0.022,16.048,0.000,1.474,0.000,3.708,6.072,9.817,1.181,61.642
Br62_rep8_Dep6_Tu5,0.245,0.163,0.000,1.753,8.732,0.000,0.105,0.000,3.607,22.865,5.378,0.694,56.456
Br62_rep10_Dep6_Tu50,6.051,23.067,0.000,38.497,2.600,0.000,0.714,0.000,0.000,1.958,1.752,0.780,24.580
Br62_rep10_Dep6_Tu0.3,0.001,0.051,0.000,0.000,7.234,16.130,0.370,0.000,0.940,11.158,6.923,1.105,56.086
Br62_rep3_Dep6_Tu20,0.811,0.483,0.000,29.225,12.502,0.000,2.451,0.000,0.823,0.959,7.322,0.084,45.340
Br62_rep1_Dep6_Tu1,0.001,0.055,0.000,0.000,5.712,0.000,1.218,0.000,5.668,22.870,8.090,1.048,55.337
Br62_rep3_Dep6_Tu1,0.000,0.007,0.000,0.004,13.384,0.000,1.540,0.000,0.399,17.810,7.584,2.311,56.962
Br62_rep9_Dep6_Tu2,0.096,0.163,0.000,0.431,25.347,0.000,0.380,0.000,1.171,4.833,7.716,0.317,59.544
Br62_rep7_Dep6_Tu50,12.703,2.887,0.000,47.521,5.505,0.000,2.268,0.000,0.000,1.473,3.545,0.278,23.821
Br62_rep7_Dep6_Tu5,0.605,0.145,0.000,1.904,17.527,0.000,2.301,0.000,2.311,6.834,7.259,3.116,57.999
Br62_rep8_Dep6_Tu2,0.026,0.038,0.000,0.879,12.836,0.000,0.705,0.841,0.312,17.112,6.976,5.019,55.256
Br62_rep5_Dep6_Tu0.1,0.000,0.022,0.000,0.000,20.085,0.000,10.242,0.000,1.586,2.553,5.474,0.062,59.975
Br62_rep6_Dep6_Tu5,0.364,0.112,0.000,1.860,13.821,0.000,0.402,0.000,13.119,5.177,7.102,0.000,58.043
Br62_rep9_Dep6_Tu20,2.327,0.026,0.000,24.578,9.790,0.000,3.707,0.000,2.512,5.655,5.152,0.995,45.257
Br62_rep2_Dep6_Tu30,4.586,0.279,0.000,41.064,8.777,0.000,0.545,0.000,0.932,0.000,4.877,0.640,38.300
Br62_rep7_Dep6_Tu10,0.887,0.118,0.000,9.947,25.309,0.000,0.130,2.149,0.703,1.321,4.660,0.054,54.721
Br62_rep6_Dep6_Tu0.1,0.000,0.000,0.000,0.000,15.301,0.000,1.381,0.000,7.907,7.273,8.930,0.000,59.207
Br62_rep5_Dep6_Tu50,5.107,6.014,0.000,53.453,2.053,0.000,4.874,0.000,0.000,0.000,2.721,0.722,25.056
Br62_rep10_Dep6_Tu1,0.020,0.062,0.000,0.000,7.195,0.000,0.480,0.000,4.096,22.583,7.866,1.503,56.196
Br62_rep1_Dep6_Tu30,2.301,0.037,0.000,38.066,9.398,0.000,4.897,0.000,1.172,1.997,3.630,1.709,36.792
Br62_rep7_Dep6_Tu0.3,0.000,0.030,0.314,0.000,25.350,0.000,1.352,0.000,0.995,4.056,6.975,0.039,60.889
Br62_rep2_Dep6_Tu10,0.933,0.000,0.000,10.476,18.714,0.000,5.241,0.045,2.604,2.636,5.013,0.457,53.881
Br62_rep9_Dep6_Tu0.1,0.000,0.175,0.000,0.000,5.785,0.000,0.410,0.000,5.663,23.101,7.828,0.300,56.738
Br62_rep3_Dep6_Tu10,1.091,0.077,0.000,11.050,12.602,0.000,3.260,0.000,3.284,5.361,7.156,1.886,54.232
Br62_rep4_Dep6_Tu5,0.444,0.167,0.000,1.936,9.016,0.000,0.154,1.145,1.538,22.870,8.220,0.076,54.436
Br62_rep8_Dep6_Tu20,2.751,2.827,0.000,21.649,6.881,0.000,2.398,0.000,0.565,12.092,3.314,3.773,43.750
Br62_rep1_Dep6_Tu2,0.020,0.042,0.000,0.413,21.014,0.000,10.680,0.000,2.479,2.178,4.059,0.000,59.115
Br62_rep10_Dep6_Tu5,0.083,0.009,0.061,4.534,11.836,0.000,0.604,0.000,3.295,19.685,5.612,0.000,54.282
Br62_rep10_Dep6_Tu30,4.912,0.312,0.000,34.765,13.074,0.000,0.766,0.000,3.039,1.436,4.514,0.088,37.094
Br62_rep6_Dep6_Tu2,0.068,0.251,0.000,0.018,9.922,0.000,0.162,0.000,0.984,20.265,9.010,1.543,57.778
Br62_rep4_Dep6_Tu3,0.106,0.262,0.000,0.263,14.058,0.000,0.551,0.000,1.418,19.940,5.279,0.000,58.123
