Sample,BRCA,CEAD,CESC,COAD,OV,READ,bcell,cd4tcell,cd8tcell,erythroblast,monocyte,naturalkillercell,neutrophil
Cer77_rep9_Dep6_Tu3,0.000,1.492,5.629,0.006,0.084,0.000,9.571,2.850,2.415,13.557,1.400,50.839,12.157
Cer77_rep5_Dep6_Tu30,0.166,20.518,10.726,0.287,9.428,9.826,2.207,9.176,0.217,5.418,0.984,22.811,8.236
Cer77_rep3_Dep6_Tu30,0.622,32.376,14.036,0.537,18.355,0.000,1.595,0.000,0.000,0.803,0.475,27.003,4.198
Cer77_rep8_Dep6_Tu50,0.444,29.638,7.629,1.525,23.483,9.348,8.048,6.520,0.000,0.000,1.285,9.960,2.119
Cer77_rep1_Dep6_Tu1,0.000,0.137,0.000,0.000,0.000,0.000,5.724,0.000,8.133,8.208,7.208,58.776,11.813
Cer77_rep7_Dep6_Tu3,0.000,2.687,0.000,0.001,0.000,0.039,3.456,0.000,18.688,10.853,0.761,51.962,11.553
Cer77_rep10_Dep6_Tu2,0.000,5.936,0.000,0.448,0.000,0.000,0.626,0.000,10.769,14.776,2.029,58.486,6.929
Cer77_rep2_Dep6_Tu0.5,0.000,1.110,0.014,0.007,0.000,0.000,0.477,0.000,0.000,18.116,0.000,65.526,14.748
Cer77_rep3_Dep6_Tu20,0.065,10.730,5.606,0.088,17.086,12.702,1.411,0.000,0.000,8.260,0.000,36.077,7.975
Cer77_rep1_Dep6_Tu2,0.251,0.981,4.313,0.000,0.300,0.000,1.526,0.000,0.022,19.121,1.705,60.193,11.589
Cer77_rep2_Dep6_Tu5,0.000,7.382,0.000,0.104,7.276,0.000,11.866,0.000,0.000,14.651,0.269,56.189,2.264
Cer77_rep5_Dep6_Tu0.5,0.029,0.434,0.000,0.000,0.000,0.000,1.070,0.000,0.000,15.037,0.574,65.828,17.028
Cer77_rep2_Dep6_Tu50,0.310,43.746,24.135,2.616,5.778,0.000,2.454,0.000,0.000,0.000,0.487,19.887,0.587
Cer77_rep9_Dep6_Tu0.5,0.000,1.913,0.000,0.000,0.000,0.000,0.355,7.866,0.323,14.743,0.000,61.002,13.797
Cer77_rep4_Dep6_Tu10,0.000,6.799,0.000,0.110,15.048,0.000,0.000,0.422,0.000,16.040,1.003,48.203,12.376
Cer77_rep9_Dep6_Tu20,0.023,13.136,5.638,0.176,10.023,9.869,1.106,5.778,0.000,7.806,8.275,30.335,7.834
Cer77_rep3_Dep6_Tu10,0.000,22.135,0.000,0.450,8.855,0.000,0.982,1.600,0.000,8.652,4.176,42.616,10.534
Cer77_rep6_Dep6_Tu5,0.000,1.645,3.944,0.016,1.685,0.636,0.166,0.060,5.068,14.572,6.118,58.834,7.257
Cer77_rep5_Dep6_Tu1,0.026,0.340,0.000,0.000,0.000,0.000,0.669,0.661,8.166,19.938,6.167,53.528,10.506
Cer77_rep5_Dep6_Tu0.3,0.000,0.481,0.000,0.000,0.000,0.000,2.512,0.000,18.359,10.585,0.000,54.954,13.108
Cer77_rep4_Dep6_Tu50,3.768,31.138,14.558,0.454,18.528,3.125,6.261,6.234,0.000,0.000,3.684,9.039,3.212
Cer77_rep6_Dep6_Tu0.3,0.000,0.069,0.000,0.000,0.000,0.000,9.274,0.000,5.351,14.315,0.634,58.740,11.616
Cer77_rep4_Dep6_Tu40,0.091,40.134,16.752,0.285,8.227,5.395,1.083,0.000,0.000,4.728,0.492,18.754,4.061
Cer77_rep10_Dep6_Tu5,0.025,11.713,0.000,0.263,2.592,0.000,2.073,0.000,0.000,11.836,7.454,49.048,14.995
Cer77_rep3_Dep6_Tu1,0.000,0.546,0.552,0.000,0.000,0.000,10.144,0.000,0.000,12.934,3.079,55.263,17.482
Cer77_rep8_Dep6_Tu40,0.014,33.363,16.716,0.335,11.873,0.639,3.621,9.776,0.000,0.000,1.915,17.727,4.020
Cer77_rep7_Dep6_Tu0.3,0.000,0.612,0.000,0.626,0.000,0.000,0.000,0.000,0.000,23.328,0.000,58.370,17.063
Cer77_rep3_Dep6_Tu0.1,0.000,0.502,0.000,0.000,0.000,0.000,9.140,0.000,0.000,15.327,0.549,57.546,16.936
Cer77_rep4_Dep6_Tu0.3,0.000,0.402,0.000,0.000,0.000,0.000,0.784,0.000,0.000,18.066,6.425,61.878,12.445
Cer77_rep6_Dep6_Tu2,0.000,5.117,0.000,0.013,0.018,0.000,0.305,0.000,18.962,9.626,0.422,54.610,10.926
Cer77_rep6_Dep6_Tu20,0.000,13.552,5.502,0.752,24.666,0.000,0.514,4.134,5.991,4.645,0.490,34.509,5.245
Cer77_rep9_Dep6_Tu40,0.089,37.467,18.708,0.420,10.926,0.000,0.000,3.178,0.000,1.400,4.375,20.119,3.318
Cer77_rep6_Dep6_Tu40,0.377,26.846,15.893,1.032,19.779,0.821,5.140,0.096,0.000,5.098,0.965,17.208,6.745
Cer77_rep8_Dep6_Tu5,0.000,6.671,0.121,2.222,1.062,0.000,3.579,0.523,11.146,8.230,5.887,50.849,9.709
Cer77_rep5_Dep6_Tu50,0.000,27.222,17.945,0.336,17.887,9.751,2.612,0.000,0.000,0.000,1.819,15.512,6.915
Cer77_rep1_Dep6_Tu30,0.129,34.299,8.392,0.358,17.088,1.065,3.499,0.000,1.797,2.436,0.232,27.912,2.795
Cer77_rep2_Dep6_Tu20,2.473,17.962,6.427,0.196,16.082,0.754,0.058,0.000,6.185,5.931,4.207,30.944,8.780
Cer77_rep4_Dep6_Tu0.5,0.000,0.128,0.000,0.000,0.000,0.000,8.593,0.000,0.000,13.472,12.195,56.309,9.302
Cer77_rep2_Dep6_Tu40,0.000,10.655,8.381,0.382,23.148,21.738,5.474,0.000,0.000,0.695,6.509,19.867,3.152
Cer77_rep8_Dep6_Tu30,0.024,23.863,9.683,0.245,23.359,0.000,3.003,1.253,0.000,3.140,2.578,28.077,4.775
Cer77_rep3_Dep6_Tu40,6.406,19.923,7.435,0.531,14.801,16.188,5.464,0.000,0.000,0.000,2.176,23.584,3.491
Cer77_rep4_Dep6_Tu0.1,0.000,0.096,0.000,0.000,0.000,0.000,2.218,0.457,0.000,13.040,1.929,63.075,19.185
Cer77_rep2_Dep6_Tu1,0.000,2.686,0.000,0.000,0.000,0.000,3.591,0.858,6.996,14.788,0.000,55.232,15.849
Cer77_rep3_Dep6_Tu3,0.000,1.231,6.431,0.058,0.958,0.000,3.335,0.000,0.331,14.179,0.246,58.217,15.014
Cer77_rep2_Dep6_Tu30,2.734,22.979,13.422,1.706,16.925,3.039,4.613,0.000,0.000,1.395,0.000,27.802,5.385
Cer77_rep9_Dep6_Tu30,0.055,23.712,14.615,0.178,7.110,9.812,7.366,0.000,0.000,3.193,3.023,23.114,7.823
Cer77_rep7_Dep6_Tu20,0.075,23.953,12.065,0.214,4.958,0.000,0.816,9.451,0.000,7.817,1.366,31.221,8.063
Cer77_rep6_Dep6_Tu1,0.038,0.142,1.357,0.000,0.055,0.000,0.994,0.000,0.000,17.422,8.516,61.469,10.006
Cer77_rep7_Dep6_Tu50,0.348,27.303,19.201,2.675,24.041,0.000,4.963,0.872,0.000,4.352,1.764,11.649,2.831
Cer77_rep3_Dep6_Tu5,0.711,10.208,0.000,0.160,0.000,3.199,0.819,2.859,0.206,15.447,1.600,56.621,8.170
Cer77_rep8_Dep6_Tu0.5,0.000,0.392,0.000,0.000,0.000,0.000,0.000,0.000,1.964,15.054,10.705,58.600,13.284
Cer77_rep9_Dep6_Tu0.3,0.000,0.300,0.000,0.018,0.000,0.000,1.711,0.000,0.000,14.772,0.000,70.070,13.129
Cer77_rep6_Dep6_Tu0.5,0.000,0.183,0.000,0.000,0.000,0.000,1.962,0.000,14.656,7.534,6.523,59.075,10.066
Cer77_rep7_Dep6_Tu1,0.000,0.197,0.000,0.039,0.000,0.000,1.480,0.000,0.426,16.263,1.880,63.124,16.591
Cer77_rep5_Dep6_Tu3,0.000,10.001,0.000,0.007,0.404,0.000,0.590,3.985,0.000,19.742,0.000,54.522,10.748
Cer77_rep10_Dep6_Tu3,0.000,0.679,0.000,0.073,0.000,0.000,5.799,0.017,2.847,12.222,4.429,59.657,14.276
Cer77_rep9_Dep6_Tu5,0.121,4.359,5.791,0.038,0.000,0.000,1.530,0.886,7.020,15.456,5.974,49.735,9.089
Cer77_rep10_Dep6_Tu20,0.000,27.512,17.326,1.606,1.674,0.000,0.752,0.000,13.775,2.847,0.323,29.576,4.608
Cer77_rep1_Dep6_Tu3,0.000,4.675,0.000,0.087,1.086,3.679,2.615,0.000,0.000,10.561,6.764,50.039,20.495
Cer77_rep5_Dep6_Tu2,0.000,1.726,1.237,0.000,0.000,0.003,1.501,0.000,20.167,8.963,0.000,55.428,10.975
Cer77_rep5_Dep6_Tu5,0.000,8.671,0.612,0.000,0.585,0.009,3.721,2.031,14.024,10.520,2.435,45.956,11.437
Cer77_rep8_Dep6_Tu2,0.000,0.356,0.000,0.106,0.172,11.255,10.128,0.000,0.000,9.934,2.141,52.658,13.250
Cer77_rep8_Dep6_Tu10,0.000,9.094,0.000,0.388,13.230,0.000,6.853,0.000,5.546,1.709,8.978,51.342,2.859
Cer77_rep10_Dep6_Tu30,0.274,29.379,14.838,0.457,15.699,2.040,0.552,0.000,5.333,4.092,0.242,24.030,3.064
Cer77_rep10_Dep6_Tu0.1,0.000,0.078,0.000,0.000,0.000,0.000,1.079,0.287,5.973,14.756,3.149,56.605,18.072
Cer77_rep6_Dep6_Tu3,0.000,4.258,0.000,0.374,0.000,0.000,0.000,0.061,2.024,11.739,9.006,56.339,16.197
Cer77_rep7_Dep6_Tu10,0.000,17.897,4.002,0.247,0.768,0.000,0.588,9.445,0.000,13.173,0.200,42.036,11.645
Cer77_rep1_Dep6_Tu0.1,0.000,0.127,0.000,0.011,0.000,0.000,0.218,0.000,0.000,15.531,1.761,71.464,10.887
Cer77_rep10_Dep6_Tu50,0.030,26.511,16.180,0.884,27.886,5.460,3.823,0.000,0.000,0.000,0.627,13.570,5.030
Cer77_rep3_Dep6_Tu2,0.000,1.460,2.257,0.006,0.000,2.738,0.828,0.000,4.547,8.346,7.771,50.721,21.326
Cer77_rep2_Dep6_Tu10,0.004,14.936,0.000,0.125,15.112,0.000,0.789,0.000,0.000,11.052,0.000,47.894,10.088
Cer77_rep4_Dep6_Tu5,0.000,6.081,0.000,0.121,0.074,8.195,10.249,14.003,0.000,9.326,0.515,42.986,8.450
Cer77_rep4_Dep6_Tu2,0.000,0.969,0.000,0.024,0.000,0.000,7.682,0.000,6.211,13.704,0.962,54.469,15.979
Cer77_rep8_Dep6_Tu3,2.060,3.780,0.000,0.240,0.229,0.000,13.527,0.000,0.000,16.241,0.000,60.086,3.835
Cer77_rep7_Dep6_Tu5,0.051,7.692,2.667,0.253,0.016,0.000,1.079,3.144,0.867,11.003,8.351,53.113,11.764
Cer77_rep4_Dep6_Tu3,0.069,7.047,0.000,0.015,1.902,0.000,12.061,0.000,0.877,13.950,1.218,58.172,4.689
Cer77_rep7_Dep6_Tu2,0.000,0.218,1.505,0.025,0.000,0.620,0.965,0.000,0.661,14.828,10.115,63.977,7.087
Cer77_rep10_Dep6_Tu40,0.513,25.632,8.983,0.553,19.137,9.163,5.679,0.000,0.797,0.615,6.497,20.045,2.386
Cer77_rep6_Dep6_Tu10,0.059,18.786,2.913,0.303,3.781,0.000,11.527,0.000,0.000,9.778,1.746,42.190,8.919
Cer77_rep6_Dep6_Tu50,0.654,30.822,26.271,0.824,11.454,0.000,4.620,11.682,0.000,0.000,0.510,10.594,2.568
Cer77_rep2_Dep6_Tu2,0.004,4.010,0.000,0.103,0.000,0.111,0.588,0.000,6.294,13.598,6.474,54.540,14.277
Cer77_rep1_Dep6_Tu5,0.872,0.574,1.963,0.021,3.928,0.000,0.452,8.381,1.382,14.006,4.105,52.982,11.334
Cer77_rep5_Dep6_Tu0.1,0.000,0.086,0.107,0.005,0.024,0.000,0.000,0.000,0.000,17.732,3.032,64.617,14.395
Cer77_rep9_Dep6_Tu50,0.362,38.732,16.146,0.618,10.714,8.425,1.961,0.000,0.000,1.247,0.558,20.669,0.570
Cer77_rep10_Dep6_Tu0.3,0.000,0.277,0.000,0.000,0.000,0.000,3.529,0.011,6.195,10.315,0.000,60.421,19.252
Cer77_rep3_Dep6_Tu0.3,0.000,0.398,0.002,0.000,0.000,0.051,0.000,0.000,2.420,14.776,10.622,58.319,13.412
Cer77_rep1_Dep6_Tu0.5,0.000,0.437,0.000,0.000,0.000,0.000,0.006,0.605,3.157,14.921,9.105,56.645,15.124
Cer77_rep4_Dep6_Tu1,0.000,0.353,0.000,0.000,0.000,0.000,2.173,0.000,12.092,12.178,7.435,52.619,13.148
Cer77_rep2_Dep6_Tu0.3,0.000,0.281,0.000,0.000,0.000,0.000,10.999,0.000,2.161,17.749,0.005,64.883,3.922
Cer77_rep10_Dep6_Tu10,0.199,16.593,0.000,0.184,7.788,0.000,2.329,0.000,8.391,10.303,2.931,41.490,9.792
Cer77_rep3_Dep6_Tu50,0.262,36.253,15.508,0.504,20.572,0.000,4.920,0.000,0.000,0.000,3.093,17.522,1.366
Cer77_rep3_Dep6_Tu0.5,0.000,0.086,0.000,0.000,0.000,0.000,9.116,0.000,5.273,14.386,0.542,58.681,11.914
Cer77_rep5_Dep6_Tu40,0.015,19.627,9.788,0.270,18.477,16.257,4.102,6.241,0.000,0.000,0.317,19.835,5.071
Cer77_rep9_Dep6_Tu2,0.000,8.909,0.000,0.367,0.000,0.000,2.489,0.000,0.000,21.473,0.000,53.024,13.737
Cer77_rep8_Dep6_Tu20,0.000,12.700,18.986,0.061,4.458,1.933,0.503,10.853,2.641,9.043,0.426,31.378,7.019
Cer77_rep7_Dep6_Tu0.5,0.000,0.345,0.000,0.000,0.000,0.000,0.139,0.000,6.725,18.242,2.573,60.987,10.989
Cer77_rep1_Dep6_Tu50,0.000,26.548,16.538,0.464,20.348,4.700,4.487,8.266,0.000,1.214,1.266,15.549,0.619
Cer77_rep10_Dep6_Tu1,0.051,0.747,0.000,0.000,0.000,0.000,13.145,0.000,0.000,16.942,0.000,65.562,3.553
Cer77_rep8_Dep6_Tu0.3,0.000,0.215,0.000,0.049,0.000,0.000,1.743,0.000,0.000,14.738,0.000,70.126,13.128
Cer77_rep4_Dep6_Tu20,0.000,18.984,6.291,0.192,9.772,8.614,7.336,4.445,0.027,1.827,2.908,29.905,9.699
Cer77_rep7_Dep6_Tu30,2.050,35.815,11.888,0.366,10.341,0.000,2.193,0.000,0.031,6.229,0.389,27.744,2.954
Cer77_rep7_Dep6_Tu40,0.084,38.421,11.761,1.465,17.527,0.000,6.662,0.000,0.000,2.852,0.790,16.995,3.443
Cer77_rep9_Dep6_Tu0.1,0.000,0.288,0.000,0.000,0.000,0.000,2.341,0.041,15.390,10.835,4.469,54.740,11.895
Cer77_rep5_Dep6_Tu20,1.105,2.023,7.803,0.147,17.630,13.495,8.182,2.039,0.000,1.304,8.458,32.522,5.292
Cer77_rep8_Dep6_Tu1,0.000,1.560,0.000,0.131,0.000,0.000,13.566,0.000,0.000,13.205,0.000,59.726,11.813
Cer77_rep6_Dep6_Tu0.1,0.000,0.137,0.000,0.000,0.000,0.013,0.000,0.017,4.859,10.566,7.891,58.069,18.447
Cer77_rep2_Dep6_Tu3,0.000,3.881,0.050,0.169,0.000,5.704,7.289,0.968,0.000,14.322,0.000,51.184,16.433
Cer77_rep1_Dep6_Tu0.3,0.000,0.040,0.030,0.000,0.000,0.000,0.337,1.198,2.963,10.792,8.239,53.649,22.751
Cer77_rep1_Dep6_Tu40,0.000,29.132,20.024,1.135,12.330,0.342,8.307,0.413,0.000,5.890,0.101,19.379,2.945
Cer77_rep6_Dep6_Tu30,0.000,27.773,16.085,0.758,8.226,2.296,6.141,0.152,7.728,3.594,0.165,21.387,5.694
Cer77_rep2_Dep6_Tu0.1,0.000,0.178,0.000,0.000,0.000,0.000,3.356,0.000,8.157,18.137,0.037,62.556,7.578
Cer77_rep1_Dep6_Tu20,0.000,22.199,7.419,0.350,8.673,2.407,3.116,2.033,9.062,6.287,1.549,31.992,4.912
Cer77_rep4_Dep6_Tu30,0.652,35.012,0.000,0.557,21.655,0.000,2.229,3.330,0.243,4.493,0.144,29.904,1.780
Cer77_rep10_Dep6_Tu0.5,0.000,0.179,0.000,0.000,0.000,0.000,5.763,0.000,0.000,13.722,2.444,59.767,18.125
Cer77_rep5_Dep6_Tu10,0.000,20.385,0.000,0.161,5.661,0.000,10.235,0.757,0.000,11.429,2.863,41.415,7.094
Cer77_rep9_Dep6_Tu1,0.281,0.013,2.429,0.000,0.000,0.000,1.127,0.000,0.000,16.500,4.250,63.486,11.914
Cer77_rep1_Dep6_Tu10,0.000,11.642,0.000,0.707,1.795,0.000,6.595,0.000,3.160,12.815,12.218,40.795,10.273
Cer77_rep8_Dep6_Tu0.1,0.000,0.208,0.000,0.000,0.000,0.006,4.315,0.884,13.337,8.220,3.010,61.759,8.260
Cer77_rep9_Dep6_Tu10,0.073,7.889,7.867,0.055,1.368,14.284,7.203,0.449,0.000,7.157,3.431,39.752,10.472
Cer77_rep7_Dep6_Tu0.1,0.000,0.537,0.000,0.000,0.000,0.000,0.132,5.162,0.000,19.972,0.201,58.295,15.701
