Sample,BRCA,CEAD,CESC,COAD,OV,READ,bcell,cd4tcell,cd8tcell,erythroblast,monocyte,naturalkillercell,neutrophil,Unknown-1,Unknown-2,Unknown-3,Unknown-4,Unknown-5,Unknown-6,Unknown-7,Unknown-8,Unknown-9,Unknown-10
Ov9433_rep10_Dep6_Tu5,0.106,2.131,0.970,0.102,1.381,1.955,1.940,3.489,0.318,1.995,4.822,2.638,5.932,6.416,6.164,8.215,6.037,0.365,10.119,8.960,9.295,11.990,4.660
Ov9433_rep6_Dep6_Tu20,1.354,3.849,1.242,3.541,4.345,2.249,0.468,2.223,1.484,2.644,6.411,2.554,6.897,0.973,12.437,3.224,3.712,13.570,4.069,9.300,4.983,2.203,6.268
Ov9433_rep8_Dep6_Tu5,0.074,1.818,1.453,0.566,1.234,1.510,2.212,2.925,1.331,3.592,4.182,3.643,11.477,6.025,7.908,12.033,0.853,6.155,10.327,7.236,11.981,1.104,0.361
Ov9433_rep2_Dep6_Tu5,0.013,0.786,0.796,0.209,2.061,1.100,2.174,1.710,1.732,5.765,1.948,1.863,12.793,5.810,6.418,6.356,10.955,7.649,7.910,9.103,0.234,8.264,4.353
Ov9433_rep5_Dep6_Tu0.5,0.124,0.101,0.910,0.001,1.258,0.390,2.042,1.445,0.916,2.973,3.748,1.265,15.420,7.181,4.393,7.832,11.706,8.817,6.509,8.745,2.251,10.574,1.397
Ov9433_rep5_Dep6_Tu5,0.029,0.641,0.472,0.022,4.227,1.022,2.499,3.288,1.798,1.693,6.080,2.845,6.613,1.603,4.326,12.842,10.040,10.811,1.563,1.876,10.878,13.161,1.673
Ov9433_rep8_Dep6_Tu30,4.871,7.170,0.714,5.406,2.998,1.781,2.451,1.113,1.027,2.557,1.951,1.290,2.984,2.315,2.410,7.808,7.651,8.599,2.438,13.439,5.450,0.800,12.776
Ov9433_rep6_Dep6_Tu0.3,0.030,0.392,0.527,0.002,2.021,0.141,1.801,1.626,3.023,3.410,11.648,2.026,1.544,13.695,1.831,3.554,21.546,12.327,7.085,5.667,2.443,2.647,1.013
Ov9433_rep1_Dep6_Tu0.3,0.030,0.312,0.052,0.009,0.867,0.227,2.896,4.028,2.843,2.644,8.572,1.490,5.804,17.027,0.110,0.054,13.480,12.387,2.482,12.307,0.582,8.983,2.814
Ov9433_rep2_Dep6_Tu10,0.384,1.853,0.498,1.166,3.073,2.233,1.616,1.180,2.231,1.213,6.056,2.241,9.947,1.336,13.654,1.334,9.738,5.595,9.916,8.273,5.835,7.094,3.534
Ov9433_rep4_Dep6_Tu20,4.243,1.311,1.092,1.828,1.622,0.046,2.942,0.541,2.959,2.630,6.377,3.785,9.343,10.828,8.150,8.571,1.206,0.836,7.970,6.762,3.196,3.052,10.709
Ov9433_rep3_Dep6_Tu10,1.328,1.425,1.303,0.794,1.509,0.983,2.984,0.151,1.120,7.497,3.397,2.056,1.431,0.147,2.304,5.512,0.456,11.406,9.007,21.126,17.363,1.418,5.283
Ov9433_rep4_Dep6_Tu0.3,0.089,0.972,0.312,0.003,0.165,0.712,2.440,2.421,2.663,1.901,6.328,2.119,12.576,13.122,5.499,0.075,13.397,4.270,8.747,3.850,6.141,11.267,0.930
Ov9433_rep9_Dep6_Tu0.1,0.004,0.685,0.253,0.000,2.916,0.213,1.327,3.249,2.077,3.235,6.926,4.042,11.107,4.944,2.970,10.655,6.378,2.752,4.712,0.027,21.910,8.307,1.311
Ov9433_rep10_Dep6_Tu0.5,0.035,0.481,0.577,0.003,0.748,0.264,3.453,1.179,1.721,2.640,8.312,2.404,8.847,9.822,5.807,3.508,9.178,8.459,3.975,12.509,5.156,9.802,1.121
Ov9433_rep6_Dep6_Tu30,1.589,3.975,0.961,4.922,7.910,1.243,1.988,2.813,0.629,4.442,4.529,2.188,5.915,5.545,2.316,7.455,4.917,2.844,6.976,3.793,3.669,0.542,18.837
Ov9433_rep1_Dep6_Tu2,0.114,1.453,0.597,0.002,1.265,1.340,0.607,2.255,2.321,2.264,6.444,1.940,0.975,12.501,4.314,3.576,3.220,6.894,6.084,21.778,11.033,8.563,0.461
Ov9433_rep1_Dep6_Tu5,0.276,0.468,0.986,0.022,3.464,0.715,1.920,1.719,3.153,5.885,4.165,0.608,9.204,1.339,5.743,12.251,6.837,2.673,2.765,12.465,10.273,11.263,1.806
Ov9433_rep5_Dep6_Tu1,0.009,0.961,0.849,0.000,1.323,0.436,2.652,2.847,0.553,5.768,8.949,3.301,0.146,5.672,3.046,6.667,18.838,7.712,9.890,5.775,10.897,1.949,1.759
Ov9433_rep9_Dep6_Tu5,0.277,1.156,0.090,0.754,4.136,0.316,2.972,1.918,2.928,5.826,0.848,2.775,9.246,2.585,5.586,11.763,10.951,16.082,2.012,5.531,9.692,1.963,0.593
Ov9433_rep9_Dep6_Tu0.3,0.031,0.290,0.634,0.000,1.080,1.147,0.338,1.595,2.122,1.557,8.376,1.595,4.575,14.145,7.609,5.547,15.847,5.046,12.767,8.775,0.103,6.087,0.736
Ov9433_rep4_Dep6_Tu10,2.618,1.382,0.717,0.227,2.742,2.110,1.691,0.301,1.897,3.745,8.849,1.559,3.069,10.498,4.373,6.395,4.640,9.515,6.736,16.310,1.745,1.432,7.447
Ov9433_rep1_Dep6_Tu3,0.066,0.795,0.471,0.010,1.300,1.060,2.181,0.934,0.452,4.604,9.617,2.585,15.445,16.672,2.747,11.496,1.508,0.727,6.069,7.938,5.145,5.290,2.891
Ov9433_rep4_Dep6_Tu50,16.676,0.607,0.516,10.134,4.523,1.396,2.547,1.282,0.915,2.732,2.411,1.140,1.886,3.359,10.045,11.390,1.998,1.256,1.452,1.265,1.992,0.805,19.674
Ov9433_rep9_Dep6_Tu30,2.845,6.481,0.590,4.267,1.314,0.083,2.437,1.197,0.038,4.305,5.790,3.147,4.300,11.249,0.989,4.741,0.081,7.461,0.814,7.559,5.137,1.719,23.456
Ov9433_rep4_Dep6_Tu2,0.020,0.483,0.357,0.096,1.948,0.436,2.094,1.720,2.856,1.138,12.498,2.589,1.776,6.510,6.278,5.429,8.968,2.359,4.891,11.036,12.329,10.892,3.297
Ov9433_rep7_Dep6_Tu3,0.192,1.813,0.733,0.006,0.046,0.939,3.034,3.017,0.253,4.401,6.332,2.980,0.129,4.351,4.169,3.989,5.389,9.015,8.741,7.983,14.632,16.853,1.003
Ov9433_rep8_Dep6_Tu1,0.038,0.568,0.594,0.001,2.595,0.764,0.135,1.119,1.938,4.091,6.835,4.440,8.616,5.294,5.213,6.074,5.888,5.439,12.990,14.209,6.961,5.209,0.991
Ov9433_rep2_Dep6_Tu30,13.011,4.812,0.521,3.027,2.471,1.218,0.450,1.309,0.380,2.485,2.279,1.173,1.649,0.273,24.726,1.283,0.379,5.704,2.352,12.532,6.130,0.167,11.668
Ov9433_rep7_Dep6_Tu1,0.017,0.252,0.416,0.010,1.450,0.535,1.450,1.632,0.855,3.422,6.861,2.096,7.545,1.532,12.394,3.194,11.828,6.888,1.675,15.053,10.953,9.842,0.099
Ov9433_rep6_Dep6_Tu3,0.087,0.284,0.641,0.066,0.303,0.965,3.309,1.797,1.274,4.351,5.821,1.766,11.239,0.812,2.216,12.822,8.726,4.587,3.478,3.420,10.286,18.701,3.049
Ov9433_rep8_Dep6_Tu0.3,0.057,0.149,0.702,0.002,0.047,1.077,0.858,2.466,1.035,2.037,9.640,1.638,9.290,14.245,3.902,1.831,7.860,4.325,8.462,21.409,2.608,4.603,1.762
Ov9433_rep5_Dep6_Tu3,0.254,0.909,0.637,0.017,2.076,1.275,1.223,1.384,1.634,3.407,6.663,3.576,13.419,6.811,8.545,0.275,0.099,16.176,0.560,17.002,1.312,10.894,1.851
Ov9433_rep4_Dep6_Tu0.1,0.016,0.209,0.444,0.001,1.252,0.681,1.469,1.842,1.461,4.911,2.080,1.664,17.366,2.737,5.820,8.091,6.951,6.026,13.676,7.094,4.371,11.623,0.215
Ov9433_rep2_Dep6_Tu40,12.527,2.168,1.375,5.043,0.351,1.382,2.534,1.743,2.613,1.275,5.829,0.348,0.964,2.906,0.772,20.324,0.746,4.036,1.479,4.084,2.260,0.628,24.614
Ov9433_rep2_Dep6_Tu20,3.894,2.871,1.789,1.704,0.742,2.149,4.106,3.268,1.118,0.208,4.493,1.986,4.238,7.086,10.539,12.728,2.386,6.543,2.591,5.570,8.209,0.750,11.032
Ov9433_rep10_Dep6_Tu3,0.056,0.331,0.433,0.541,0.396,0.514,1.187,2.977,0.836,4.740,9.012,2.988,12.597,6.080,2.166,4.943,6.454,10.705,1.015,8.623,12.013,7.434,3.958
Ov9433_rep4_Dep6_Tu3,0.009,1.048,1.078,0.007,3.472,0.419,1.222,2.255,2.345,3.784,2.658,2.890,7.768,6.888,5.120,2.782,2.534,11.353,12.552,7.392,15.178,4.924,2.323
Ov9433_rep2_Dep6_Tu3,0.029,0.719,0.255,0.129,4.843,0.849,1.233,1.818,0.933,7.626,6.979,2.039,8.871,1.914,8.291,7.061,4.432,0.606,5.657,15.797,10.086,7.427,2.403
Ov9433_rep3_Dep6_Tu50,13.760,4.136,1.715,8.695,1.918,0.740,0.894,1.025,0.267,1.849,1.268,0.812,0.498,3.740,15.058,0.438,1.456,1.214,7.954,4.232,2.683,4.348,21.299
Ov9433_rep6_Dep6_Tu2,0.009,0.368,0.495,0.032,2.371,0.549,1.498,0.149,3.820,3.524,5.371,2.814,15.497,10.591,5.637,12.909,10.528,1.680,10.131,0.484,1.699,8.786,1.060
Ov9433_rep1_Dep6_Tu30,3.522,6.460,0.253,3.543,2.253,3.582,3.148,0.316,2.020,2.206,2.217,0.193,5.436,3.835,17.060,6.891,4.502,8.848,7.344,0.949,2.762,1.742,10.917
Ov9433_rep9_Dep6_Tu40,11.192,5.554,1.989,8.549,1.468,0.445,1.430,1.729,1.479,2.471,3.402,0.844,2.521,2.747,10.297,3.164,4.932,8.006,5.925,4.347,4.048,1.865,11.598
Ov9433_rep8_Dep6_Tu0.1,0.006,0.095,0.189,0.000,2.944,0.926,2.819,1.018,1.975,3.868,8.715,3.147,11.420,4.737,5.857,5.006,3.383,5.018,18.276,2.244,0.743,16.770,0.841
Ov9433_rep7_Dep6_Tu0.5,0.012,0.156,0.373,0.001,3.456,0.365,1.640,2.390,2.364,4.708,6.613,1.065,13.747,1.227,5.866,2.933,10.335,8.426,13.344,9.673,5.079,6.074,0.153
Ov9433_rep7_Dep6_Tu0.1,0.013,0.049,0.362,0.000,1.990,0.275,0.862,2.832,1.689,2.840,9.662,2.674,11.599,8.755,11.773,0.157,3.066,4.475,7.166,17.982,2.927,7.464,1.386
Ov9433_rep9_Dep6_Tu2,0.207,0.512,0.077,0.026,3.921,0.781,1.755,0.649,2.197,3.039,6.767,3.171,9.044,10.382,11.050,4.201,9.033,11.856,4.616,1.902,7.398,6.468,0.949
Ov9433_rep3_Dep6_Tu2,0.017,0.613,0.249,0.003,1.907,0.598,2.337,2.787,1.030,2.844,9.911,2.364,12.483,1.861,6.668,0.285,2.658,3.082,4.322,10.931,16.770,13.130,3.149
Ov9433_rep4_Dep6_Tu40,9.801,1.888,2.476,6.812,6.246,0.992,0.674,0.403,1.210,4.537,2.337,0.838,4.056,5.482,3.594,0.713,3.750,10.994,2.533,2.869,0.493,10.913,16.389
Ov9433_rep9_Dep6_Tu10,0.722,1.001,0.722,0.272,3.832,1.981,2.340,1.822,0.889,3.684,7.287,2.227,6.852,5.692,5.436,2.928,14.036,9.019,4.029,7.865,2.411,5.031,9.921
Ov9433_rep9_Dep6_Tu50,14.270,6.713,0.368,10.549,2.685,1.826,0.731,0.259,0.775,2.328,1.713,0.347,0.556,0.108,9.729,0.785,0.868,12.867,6.059,3.626,0.408,5.048,17.381
Ov9433_rep2_Dep6_Tu1,0.015,0.189,0.749,0.000,2.945,0.623,1.124,1.559,2.825,3.508,7.854,1.063,5.687,12.981,8.049,8.075,9.149,2.355,9.006,2.257,15.401,4.165,0.421
Ov9433_rep8_Dep6_Tu3,0.148,1.318,1.740,0.006,2.313,1.133,0.804,2.155,1.918,0.990,6.587,2.368,6.416,13.048,3.669,4.685,3.478,4.942,16.350,10.168,8.258,5.589,1.918
Ov9433_rep3_Dep6_Tu40,8.070,6.974,0.350,5.377,0.037,2.160,3.389,2.345,2.655,0.484,3.749,2.839,0.856,4.770,11.903,2.222,0.309,1.436,4.406,2.254,8.063,0.524,24.829
Ov9433_rep6_Dep6_Tu40,11.504,2.571,2.490,8.425,1.409,1.212,0.842,1.418,1.424,2.589,2.949,1.988,1.614,2.715,12.772,1.218,3.670,10.830,6.349,0.756,2.798,3.459,14.998
Ov9433_rep6_Dep6_Tu50,11.614,7.916,0.721,8.782,2.997,2.600,2.255,1.224,1.234,2.141,2.536,1.441,1.879,3.486,7.782,4.715,0.582,3.518,7.036,0.109,0.028,2.424,22.979
Ov9433_rep5_Dep6_Tu2,0.015,0.288,0.364,0.000,3.093,0.829,0.948,1.579,4.532,3.646,8.509,1.902,11.106,0.586,3.477,8.577,11.896,3.846,0.045,1.310,13.018,17.206,3.229
Ov9433_rep9_Dep6_Tu3,0.538,0.631,1.202,0.016,3.620,0.199,1.434,1.779,2.339,2.816,5.865,2.661,10.052,13.573,7.956,1.605,15.959,5.499,6.579,0.880,9.089,5.220,0.487
Ov9433_rep10_Dep6_Tu40,5.087,6.176,1.166,7.524,7.624,1.198,2.438,2.042,1.493,3.871,1.979,0.324,0.417,1.253,8.354,7.216,0.828,3.119,5.657,4.021,3.638,2.091,22.484
Ov9433_rep1_Dep6_Tu50,8.660,9.673,1.077,9.916,4.383,1.972,2.058,0.294,1.710,2.202,1.687,1.590,0.888,2.033,4.955,3.643,2.828,9.484,5.096,1.479,1.399,1.320,21.654
Ov9433_rep6_Dep6_Tu5,0.249,0.110,0.970,0.264,2.500,1.387,1.708,1.247,1.819,3.557,5.325,0.319,5.427,1.553,9.741,13.343,3.175,1.216,5.634,13.104,13.674,11.743,1.932
Ov9433_rep2_Dep6_Tu2,0.164,0.720,0.872,0.002,0.601,1.319,2.652,0.699,1.899,3.949,0.023,2.313,2.573,7.316,7.662,11.619,5.494,3.145,15.219,4.095,5.111,20.646,1.907
Ov9433_rep9_Dep6_Tu0.5,0.013,0.320,0.686,0.001,1.664,0.646,1.564,1.435,0.215,4.436,9.255,3.148,9.159,6.782,5.739,6.658,3.226,13.232,0.472,8.030,6.415,16.301,0.604
Ov9433_rep3_Dep6_Tu5,0.095,1.798,1.232,0.107,0.943,0.776,1.377,0.419,2.179,2.330,6.860,2.435,12.472,9.507,7.876,4.031,14.043,7.037,1.775,1.341,9.489,8.147,3.731
Ov9433_rep4_Dep6_Tu1,0.020,0.579,0.506,0.011,1.037,1.014,3.857,2.009,1.759,1.493,7.790,2.996,10.449,9.260,0.357,1.352,2.423,6.049,7.577,4.835,12.548,18.831,3.248
Ov9433_rep3_Dep6_Tu1,0.039,0.954,0.101,0.000,1.432,0.131,3.340,1.479,3.886,0.374,2.094,2.075,15.349,16.210,4.687,6.224,11.112,11.623,0.506,8.023,4.732,5.003,0.627
Ov9433_rep1_Dep6_Tu0.5,0.050,0.676,0.556,0.001,0.937,0.857,1.483,2.801,3.155,3.930,8.612,1.542,9.809,7.835,2.690,0.872,0.308,10.413,10.363,9.876,14.909,6.311,2.012
Ov9433_rep5_Dep6_Tu0.1,0.026,1.093,0.667,0.001,0.797,1.004,1.472,1.935,1.439,2.885,7.012,1.356,15.429,1.178,0.164,6.311,15.166,1.376,6.450,2.766,18.443,11.692,1.337
Ov9433_rep7_Dep6_Tu0.3,0.028,0.390,0.710,0.010,3.390,0.820,0.784,0.209,2.502,1.951,4.350,3.383,4.796,11.075,3.586,1.802,8.058,4.591,4.119,20.268,9.465,11.743,1.971
Ov9433_rep1_Dep6_Tu40,6.593,7.252,0.810,8.299,5.298,1.096,0.462,1.973,1.349,0.781,2.496,1.615,3.366,4.132,14.745,7.093,3.105,2.730,3.317,2.807,1.272,6.466,12.943
Ov9433_rep8_Dep6_Tu2,0.099,1.516,0.375,0.000,1.831,0.977,2.198,2.248,0.311,3.851,7.857,3.038,15.912,8.861,4.065,7.592,5.666,4.636,8.220,1.207,8.590,7.842,3.110
Ov9433_rep2_Dep6_Tu0.3,0.013,0.471,0.796,0.000,2.740,0.468,1.569,1.995,0.554,6.931,4.298,1.250,8.725,0.817,5.792,9.388,16.253,0.335,10.424,18.410,4.854,2.110,1.808
Ov9433_rep7_Dep6_Tu20,4.519,3.677,0.256,4.196,3.739,0.752,2.400,0.553,1.021,0.543,2.590,2.104,6.114,6.561,23.656,6.467,6.611,12.592,0.283,1.335,6.377,1.640,2.013
Ov9433_rep6_Dep6_Tu0.5,0.011,0.457,1.404,0.003,1.452,0.761,1.839,3.292,0.466,3.007,4.588,2.476,10.936,8.126,0.772,12.821,2.430,3.567,14.590,2.881,17.299,5.775,1.048
Ov9433_rep8_Dep6_Tu40,11.314,6.234,1.782,5.756,2.475,0.165,1.976,1.409,1.560,2.726,1.756,0.801,0.178,0.713,11.437,7.200,3.110,10.421,5.439,1.995,2.298,0.857,18.398
Ov9433_rep10_Dep6_Tu30,11.599,0.862,0.610,3.578,6.478,1.478,2.675,1.051,2.575,1.654,3.991,0.007,6.517,8.258,5.704,7.548,3.286,14.475,7.648,0.910,0.946,0.586,7.565
Ov9433_rep7_Dep6_Tu50,15.652,2.487,1.522,9.952,2.956,1.858,2.706,0.023,1.142,4.122,1.403,0.354,3.115,1.067,16.263,4.275,1.459,1.336,7.625,1.065,0.343,1.242,18.034
Ov9433_rep1_Dep6_Tu1,0.007,0.535,1.002,0.000,0.463,0.324,1.724,1.806,2.234,3.927,5.262,2.800,15.406,1.931,1.900,10.287,0.124,2.713,6.562,4.503,15.428,19.944,1.118
Ov9433_rep2_Dep6_Tu0.5,0.004,0.426,0.554,0.000,1.581,1.170,0.712,1.425,0.427,4.466,8.013,2.342,10.633,5.051,8.660,3.798,15.539,0.078,7.258,9.193,5.589,12.254,0.829
Ov9433_rep1_Dep6_Tu10,0.216,3.322,1.202,0.897,2.801,0.936,2.216,1.312,3.878,2.575,5.916,2.961,2.507,8.523,0.370,5.943,0.365,5.218,7.162,4.976,17.056,9.963,9.687
Ov9433_rep5_Dep6_Tu0.3,0.021,0.574,0.087,0.000,1.605,0.398,1.074,2.816,2.567,4.516,9.517,2.864,10.446,13.584,2.445,4.414,8.515,2.631,9.722,8.583,9.463,2.605,1.553
Ov9433_rep7_Dep6_Tu40,9.775,0.542,0.352,4.862,5.498,2.058,4.284,0.946,0.193,4.758,0.151,2.473,0.636,0.040,4.669,1.095,7.236,14.333,2.688,0.173,0.149,7.636,25.452
Ov9433_rep8_Dep6_Tu50,14.570,2.729,0.710,9.899,4.172,1.630,2.791,1.250,1.453,1.684,3.096,1.292,0.590,4.038,0.452,3.811,1.382,9.608,5.981,0.194,3.085,1.189,24.394
Ov9433_rep5_Dep6_Tu50,18.535,3.067,0.463,10.669,0.322,0.699,0.575,0.261,1.519,0.056,2.816,1.083,2.520,3.053,18.310,5.913,0.166,4.934,1.299,4.321,0.336,2.789,16.294
Ov9433_rep4_Dep6_Tu5,0.253,1.247,0.197,0.005,3.176,2.372,0.590,3.464,2.318,3.987,9.323,3.085,13.601,1.459,3.657,4.170,2.732,0.358,1.058,9.165,20.051,8.180,5.553
Ov9433_rep3_Dep6_Tu3,0.022,0.994,0.749,0.002,1.192,0.440,1.936,2.347,3.135,2.545,6.718,3.451,8.874,14.425,5.563,2.219,3.364,9.967,4.613,18.891,1.968,3.122,3.462
Ov9433_rep8_Dep6_Tu0.5,0.016,0.133,0.028,0.001,3.709,0.990,3.797,3.681,2.203,2.518,2.669,0.954,9.087,12.555,0.521,10.166,5.554,11.722,15.572,5.874,1.568,3.877,2.804
Ov9433_rep9_Dep6_Tu20,0.939,5.557,0.397,1.619,3.542,3.304,2.823,3.181,0.046,3.822,4.950,1.178,4.280,5.403,5.052,2.770,3.192,6.440,6.651,8.440,6.062,5.269,15.081
Ov9433_rep10_Dep6_Tu0.3,0.016,0.207,0.201,0.003,1.590,0.708,1.354,1.270,3.052,4.259,9.383,2.745,2.370,17.091,7.051,5.551,3.659,7.735,5.936,17.987,4.379,1.859,1.594
Ov9433_rep5_Dep6_Tu40,9.795,4.222,2.231,7.063,0.965,1.142,1.704,3.843,0.916,1.128,1.368,1.890,2.540,3.183,1.089,9.677,1.308,5.383,8.459,5.154,3.113,4.865,18.961
Ov9433_rep2_Dep6_Tu50,18.415,2.885,0.734,11.427,1.243,1.229,0.805,0.567,0.334,3.422,1.176,0.675,1.469,2.583,4.111,0.575,1.105,19.312,7.796,6.542,2.104,1.880,9.610
Ov9433_rep1_Dep6_Tu20,2.391,0.243,1.068,2.720,5.944,0.868,2.583,2.958,2.724,2.103,5.269,2.412,5.431,8.551,13.068,1.256,6.134,1.096,7.891,3.424,4.944,7.562,9.361
Ov9433_rep3_Dep6_Tu0.1,0.042,0.832,0.538,0.002,0.784,0.148,1.261,2.310,1.333,3.488,10.049,3.201,14.463,0.837,3.399,2.499,13.872,15.353,4.397,9.722,7.140,2.967,1.364
Ov9433_rep5_Dep6_Tu20,2.553,2.888,1.562,1.893,2.698,1.269,3.885,1.138,2.648,0.778,4.650,0.718,10.261,4.478,2.383,13.745,3.726,0.843,7.425,3.072,8.635,2.333,16.418
Ov9433_rep3_Dep6_Tu30,8.516,0.295,0.635,5.605,4.309,0.341,1.794,0.472,1.113,4.508,3.964,1.314,5.255,3.494,17.026,1.744,6.198,7.074,1.231,7.037,8.346,0.889,8.839
Ov9433_rep6_Dep6_Tu0.1,0.019,0.416,0.278,0.000,1.290,0.731,2.076,1.283,2.543,3.840,7.267,1.357,0.900,9.569,6.590,18.992,6.840,1.361,6.929,7.298,2.756,17.560,0.103
Ov9433_rep5_Dep6_Tu30,3.895,8.776,1.908,4.568,3.103,3.069,1.893,1.747,0.478,3.151,3.347,0.469,0.498,0.872,1.102,14.162,0.191,10.496,3.117,2.321,6.179,8.192,16.467
Ov9433_rep3_Dep6_Tu0.3,0.018,0.365,0.346,0.001,2.105,1.152,2.222,3.235,2.398,0.749,7.426,1.607,13.986,18.749,7.800,5.169,0.654,10.933,3.109,5.185,4.292,8.484,0.015
Ov9433_rep9_Dep6_Tu1,0.005,0.930,0.110,0.002,2.554,0.579,3.023,0.615,2.171,3.865,4.803,0.483,9.012,7.073,4.694,2.404,18.299,8.099,3.622,20.836,4.881,0.616,1.326
Ov9433_rep6_Dep6_Tu1,0.003,0.804,0.314,0.002,2.718,1.060,2.637,2.674,0.510,3.247,0.505,1.543,3.313,12.160,3.972,9.714,26.484,6.556,5.258,5.295,5.750,3.848,1.633
Ov9433_rep10_Dep6_Tu1,0.005,0.117,1.146,0.109,3.073,0.990,1.588,0.172,1.503,6.151,4.623,2.554,0.021,10.773,1.653,0.743,14.161,1.792,24.317,18.389,4.564,0.493,1.062
Ov9433_rep7_Dep6_Tu5,0.502,0.790,2.278,0.081,2.302,1.562,0.935,2.593,2.859,4.396,4.666,1.826,15.216,0.050,6.883,8.411,8.254,0.050,9.891,9.127,8.451,3.897,4.981
Ov9433_rep3_Dep6_Tu0.5,0.021,0.323,0.384,0.000,1.108,0.498,2.497,2.792,0.856,3.474,4.805,2.912,16.372,16.680,4.855,0.788,19.910,4.522,1.187,2.250,8.612,2.974,2.181
Ov9433_rep4_Dep6_Tu30,10.021,1.859,1.928,3.776,4.785,2.482,0.598,0.960,1.599,1.422,1.321,0.603,6.284,1.171,8.798,5.487,7.895,0.510,8.059,9.656,1.995,7.548,11.244
Ov9433_rep4_Dep6_Tu0.5,0.004,0.411,0.156,0.000,2.805,0.504,2.429,1.895,3.056,2.232,0.662,1.420,1.512,9.240,0.605,7.563,2.828,12.224,4.865,3.123,25.907,13.606,2.953
Ov9433_rep3_Dep6_Tu20,2.387,2.092,1.128,3.107,5.119,1.367,2.129,0.055,2.223,2.793,5.555,0.101,4.461,5.830,15.464,9.293,5.462,9.990,5.110,9.090,0.817,0.942,5.485
Ov9433_rep6_Dep6_Tu10,0.266,1.118,1.684,0.431,0.617,0.524,1.598,1.250,0.880,1.309,7.251,5.438,6.944,10.742,9.573,3.584,4.949,2.317,6.902,10.334,2.830,11.641,7.818
Ov9433_rep5_Dep6_Tu10,1.364,4.194,2.470,1.685,0.774,0.524,2.913,1.618,2.643,0.703,3.769,2.335,8.041,13.646,10.497,6.164,9.604,6.163,3.918,3.262,11.013,0.405,2.294
Ov9433_rep8_Dep6_Tu10,0.647,2.710,0.140,0.943,2.324,0.738,3.336,1.200,3.332,2.656,6.808,0.879,10.338,0.678,2.646,11.745,9.826,3.121,8.263,4.023,9.866,5.879,7.900
Ov9433_rep7_Dep6_Tu2,0.114,0.075,0.680,0.003,2.754,1.934,2.082,1.314,0.645,4.404,4.203,2.134,7.850,0.759,7.160,11.650,8.928,1.664,13.039,11.561,13.224,1.883,1.938
Ov9433_rep10_Dep6_Tu2,0.136,0.570,0.805,0.002,0.883,0.214,2.500,0.951,2.371,4.431,5.976,2.133,12.440,10.492,1.682,0.477,6.901,2.976,11.929,10.721,8.651,8.822,3.939
Ov9433_rep7_Dep6_Tu30,10.003,4.014,0.953,4.113,1.284,2.347,1.841,1.812,0.470,3.730,2.150,0.973,1.576,3.842,20.295,1.757,5.044,13.867,6.995,2.159,1.539,1.799,7.438
Ov9433_rep1_Dep6_Tu0.1,0.045,0.221,0.438,0.009,2.274,1.010,0.774,1.883,0.388,4.195,6.614,2.268,3.330,5.431,4.856,4.400,16.338,6.547,7.090,16.499,11.078,3.231,1.082
Ov9433_rep8_Dep6_Tu20,3.691,4.078,1.038,1.629,1.923,0.877,3.624,3.247,2.654,1.341,2.185,2.900,7.963,7.664,3.760,0.046,5.912,13.347,6.444,6.057,6.867,0.099,12.655
Ov9433_rep10_Dep6_Tu0.1,0.006,0.262,0.184,0.000,1.245,0.455,2.574,1.268,1.314,5.355,7.790,3.554,8.033,14.043,2.678,14.153,15.151,1.904,7.275,5.166,3.913,2.161,1.514
Ov9433_rep7_Dep6_Tu10,4.100,3.217,1.231,0.864,2.686,1.085,0.527,1.033,1.878,0.667,5.040,3.566,10.289,6.474,19.476,1.029,4.051,11.113,2.745,9.520,5.511,2.746,1.154
Ov9433_rep10_Dep6_Tu50,14.431,6.223,1.918,7.732,2.415,0.254,2.706,0.310,0.201,3.305,0.762,0.378,2.589,0.694,17.051,6.878,1.181,1.182,0.965,2.816,1.535,2.782,21.690
Ov9433_rep2_Dep6_Tu0.1,0.071,0.717,0.591,0.000,2.654,0.080,0.679,2.521,0.809,3.571,8.527,4.232,10.184,11.057,2.996,6.434,10.420,6.843,0.760,7.164,7.650,11.316,0.724
Ov9433_rep10_Dep6_Tu10,1.606,2.551,0.550,0.515,2.415,0.844,1.887,2.840,2.214,2.080,6.247,4.093,3.141,3.773,6.385,22.368,7.246,17.019,4.051,6.770,0.144,0.608,0.654
Ov9433_rep10_Dep6_Tu20,1.268,3.133,3.350,1.510,2.815,1.823,0.983,3.070,3.247,5.080,4.594,1.904,9.413,0.052,7.922,0.852,5.172,2.167,11.981,5.979,7.361,3.064,13.260
