Sample,BRCA,CEAD,CESC,COAD,OV,READ,bcell,cd4tcell,cd8tcell,erythroblast,monocyte,naturalkillercell,neutrophil
Ov9433_rep10_Dep6_Tu5,0.000,0.000,0.000,0.000,11.747,0.000,3.158,0.000,0.000,15.331,12.506,2.359,54.899
Ov9433_rep6_Dep6_Tu20,4.920,0.000,2.037,3.493,9.005,0.000,2.372,0.000,1.261,11.595,10.484,1.706,53.127
Ov9433_rep8_Dep6_Tu5,2.631,0.000,0.000,0.000,10.361,0.000,4.101,0.000,0.312,11.633,7.348,4.022,59.592
Ov9433_rep2_Dep6_Tu5,0.000,0.000,0.000,2.057,9.452,0.000,1.820,0.000,0.000,14.298,8.778,2.740,60.854
Ov9433_rep5_Dep6_Tu0.5,0.000,0.000,0.000,0.000,7.139,0.000,3.894,0.000,0.000,12.148,6.903,3.151,66.765
Ov9433_rep5_Dep6_Tu5,0.000,0.000,0.000,0.000,14.270,0.000,6.845,0.000,0.000,8.617,9.664,5.047,55.557
Ov9433_rep8_Dep6_Tu30,5.294,0.647,0.000,4.834,23.089,0.000,0.725,0.000,0.000,15.683,5.172,0.000,44.556
Ov9433_rep6_Dep6_Tu0.3,0.000,0.000,0.000,0.000,8.276,0.000,4.410,0.000,1.174,9.629,15.652,3.058,57.799
Ov9433_rep1_Dep6_Tu0.3,0.000,2.574,0.000,0.000,4.576,0.000,3.509,0.227,0.000,13.886,10.787,1.756,62.685
Ov9433_rep2_Dep6_Tu10,0.000,0.000,0.000,2.886,13.572,0.000,0.371,0.000,1.517,13.370,12.817,1.005,54.462
Ov9433_rep4_Dep6_Tu20,7.319,0.000,0.000,0.304,11.612,0.000,3.439,0.000,0.000,9.686,13.181,3.903,50.556
Ov9433_rep3_Dep6_Tu10,3.466,0.000,0.000,0.000,4.287,0.000,2.070,0.000,0.000,19.381,10.381,0.000,60.415
Ov9433_rep4_Dep6_Tu0.3,0.000,0.000,0.000,0.000,6.171,0.000,3.881,0.000,1.973,11.685,11.874,3.019,61.397
Ov9433_rep9_Dep6_Tu0.1,0.000,0.000,0.000,0.000,14.795,0.000,4.778,0.000,0.378,11.829,9.771,4.959,53.491
Ov9433_rep10_Dep6_Tu0.5,0.000,0.000,0.000,0.000,8.941,0.000,5.307,0.000,0.000,13.275,10.722,1.441,60.314
Ov9433_rep6_Dep6_Tu30,4.646,0.000,0.000,5.605,24.876,0.000,2.622,0.000,0.000,9.355,7.117,0.793,44.986
Ov9433_rep1_Dep6_Tu2,0.000,0.000,0.000,0.000,13.776,0.000,2.535,0.000,0.000,12.943,10.625,2.377,57.745
Ov9433_rep1_Dep6_Tu5,0.000,0.000,0.000,0.000,10.432,0.000,3.659,0.000,1.833,13.350,11.109,2.027,57.590
Ov9433_rep5_Dep6_Tu1,0.000,0.000,0.373,0.000,6.676,1.264,4.564,0.000,1.402,13.879,13.097,3.141,55.604
Ov9433_rep9_Dep6_Tu5,3.898,0.000,0.000,0.000,7.259,0.000,4.559,0.000,0.000,15.237,11.782,2.850,54.416
Ov9433_rep9_Dep6_Tu0.3,0.000,0.410,0.000,0.000,4.915,0.000,1.731,0.000,0.000,13.929,14.321,1.379,63.314
Ov9433_rep4_Dep6_Tu10,2.595,0.000,0.000,0.004,11.236,0.000,0.593,0.000,0.000,14.149,14.235,0.000,57.187
Ov9433_rep1_Dep6_Tu3,3.473,0.000,1.500,0.000,0.132,0.000,4.006,0.000,2.164,14.943,12.309,2.069,59.404
Ov9433_rep4_Dep6_Tu50,17.653,0.000,0.000,10.028,12.310,0.000,0.000,0.000,0.000,14.727,11.641,0.000,33.641
Ov9433_rep9_Dep6_Tu30,9.072,0.000,0.000,5.733,14.869,0.000,3.200,0.000,0.000,12.707,9.595,0.000,44.825
Ov9433_rep4_Dep6_Tu2,0.000,0.000,0.000,0.028,15.568,0.000,4.391,0.000,1.277,5.003,13.544,4.402,55.787
Ov9433_rep7_Dep6_Tu3,0.428,0.000,0.000,0.000,11.789,0.000,5.733,0.000,0.000,10.594,11.281,4.236,55.938
Ov9433_rep8_Dep6_Tu1,0.000,0.000,0.000,0.000,9.056,0.000,1.885,0.000,0.000,13.944,9.950,3.173,61.992
Ov9433_rep2_Dep6_Tu30,14.948,0.000,0.000,3.174,13.825,0.000,0.000,0.000,0.000,10.251,5.804,0.000,51.998
Ov9433_rep7_Dep6_Tu1,0.000,0.000,0.000,0.000,8.482,0.000,3.879,0.000,0.000,12.063,12.167,0.198,63.212
Ov9433_rep6_Dep6_Tu3,0.000,0.000,0.000,0.000,17.018,0.000,3.530,0.000,0.000,12.051,9.423,0.877,57.101
Ov9433_rep8_Dep6_Tu0.3,0.000,0.441,0.000,0.000,5.067,0.000,1.763,0.000,0.000,14.089,14.146,1.188,63.307
Ov9433_rep5_Dep6_Tu3,0.000,0.230,0.000,0.969,8.015,0.000,2.797,0.000,0.000,14.023,9.227,4.462,60.277
Ov9433_rep4_Dep6_Tu0.1,0.050,0.000,0.000,0.000,4.872,0.000,2.741,0.000,0.000,16.459,11.214,0.000,64.664
Ov9433_rep2_Dep6_Tu40,16.591,0.000,0.000,5.919,8.129,0.000,5.174,0.000,0.000,12.091,5.244,0.000,46.852
Ov9433_rep2_Dep6_Tu20,1.220,0.000,0.242,1.314,19.354,0.000,4.201,0.000,0.000,14.867,5.454,0.000,53.348
Ov9433_rep10_Dep6_Tu3,0.000,0.000,0.000,0.000,19.450,0.000,1.562,0.000,0.000,10.326,10.226,2.033,56.404
Ov9433_rep4_Dep6_Tu3,0.000,0.000,0.000,0.000,14.723,0.000,2.879,0.000,0.000,8.337,10.601,5.764,57.696
Ov9433_rep2_Dep6_Tu3,0.000,0.000,0.000,0.000,15.348,0.000,1.365,1.230,0.000,14.658,8.375,3.188,55.836
Ov9433_rep3_Dep6_Tu50,13.853,0.000,0.000,9.053,22.864,0.000,0.000,0.000,0.000,7.425,6.835,0.000,39.970
Ov9433_rep6_Dep6_Tu2,1.193,0.000,0.000,0.000,7.558,0.000,1.666,0.000,6.369,10.521,9.632,1.842,61.219
Ov9433_rep1_Dep6_Tu30,8.786,0.000,0.000,4.687,11.655,0.286,3.882,0.000,0.000,12.779,8.568,0.000,49.356
Ov9433_rep9_Dep6_Tu40,9.701,1.942,0.000,9.087,16.417,0.000,0.000,0.000,0.000,12.518,10.852,0.000,39.483
Ov9433_rep8_Dep6_Tu0.1,0.000,0.000,0.000,0.000,11.801,0.000,6.923,0.259,0.972,9.829,9.376,2.768,58.072
Ov9433_rep7_Dep6_Tu0.5,0.000,0.000,0.000,0.000,12.444,0.000,4.023,0.000,0.053,10.491,9.109,4.939,58.939
Ov9433_rep7_Dep6_Tu0.1,0.000,0.000,0.000,0.000,11.806,0.000,2.273,0.000,0.000,12.099,13.118,3.357,57.346
Ov9433_rep9_Dep6_Tu2,0.000,0.000,0.000,0.000,10.214,0.000,3.243,0.008,0.000,18.021,11.365,0.000,57.149
Ov9433_rep3_Dep6_Tu2,0.000,0.000,0.000,0.000,7.191,0.000,7.061,0.000,0.000,10.301,10.634,2.507,62.305
Ov9433_rep4_Dep6_Tu40,7.688,3.389,0.000,8.495,17.834,0.000,0.000,0.000,0.000,12.512,8.101,0.000,41.982
Ov9433_rep9_Dep6_Tu10,0.000,0.000,0.000,0.910,15.212,0.000,4.586,0.000,0.000,10.628,13.946,0.105,54.612
Ov9433_rep9_Dep6_Tu50,15.577,0.100,1.693,12.784,11.128,0.000,0.000,0.000,0.000,15.914,4.935,0.000,37.868
Ov9433_rep2_Dep6_Tu1,0.000,0.000,0.000,0.000,10.381,0.000,0.000,0.000,0.000,16.042,10.681,1.699,61.197
Ov9433_rep8_Dep6_Tu3,0.000,0.000,0.437,1.217,10.793,0.000,0.000,0.000,0.000,11.477,11.637,4.823,59.616
Ov9433_rep3_Dep6_Tu40,7.282,1.776,0.000,9.863,19.579,0.000,3.347,0.000,0.000,11.638,4.719,1.077,40.718
Ov9433_rep6_Dep6_Tu40,11.489,5.085,0.000,7.570,13.169,0.000,0.000,0.000,0.000,13.403,6.617,0.000,42.667
Ov9433_rep6_Dep6_Tu50,14.986,0.000,0.907,6.886,25.617,0.000,0.000,0.000,0.000,12.135,7.429,0.000,32.041
Ov9433_rep5_Dep6_Tu2,0.000,0.000,0.000,0.000,12.392,0.000,1.550,0.000,2.537,8.362,11.552,4.406,59.200
Ov9433_rep9_Dep6_Tu3,0.000,0.000,0.000,0.000,12.367,0.000,2.872,0.000,1.090,11.090,11.500,1.728,59.353
Ov9433_rep10_Dep6_Tu40,7.850,0.000,0.000,6.511,20.783,0.000,3.065,0.000,0.000,16.198,5.824,0.000,39.769
Ov9433_rep1_Dep6_Tu50,14.826,0.000,0.000,12.767,15.501,0.000,0.622,0.000,0.000,14.078,5.950,0.000,36.256
Ov9433_rep6_Dep6_Tu5,0.000,0.000,0.688,0.000,6.977,0.031,4.739,0.000,0.000,15.606,8.101,1.400,62.459
Ov9433_rep2_Dep6_Tu2,0.606,0.000,0.000,0.000,7.766,0.000,3.914,0.000,0.125,15.284,10.793,1.310,60.202
Ov9433_rep9_Dep6_Tu0.5,0.000,0.000,0.000,0.000,16.021,0.000,1.220,0.000,0.000,11.799,11.175,3.347,56.438
Ov9433_rep3_Dep6_Tu5,0.000,0.000,0.000,2.019,8.252,0.000,3.602,0.000,0.000,14.040,8.175,2.384,61.529
Ov9433_rep4_Dep6_Tu1,0.000,0.000,0.000,0.000,10.594,0.000,6.480,0.000,0.000,9.588,10.758,3.226,59.354
Ov9433_rep3_Dep6_Tu1,0.000,0.000,0.000,0.000,9.021,0.000,2.635,0.000,0.262,9.381,13.999,4.172,60.529
Ov9433_rep1_Dep6_Tu0.5,0.000,2.335,0.000,0.000,10.288,0.000,1.985,0.000,1.839,11.460,10.927,0.316,60.849
Ov9433_rep5_Dep6_Tu0.1,0.000,0.000,0.000,0.000,12.409,0.000,3.587,0.000,0.000,12.762,9.990,0.000,61.252
Ov9433_rep7_Dep6_Tu0.3,0.000,0.000,0.000,0.000,8.009,0.000,0.619,0.000,0.000,15.227,11.332,2.822,61.992
Ov9433_rep1_Dep6_Tu40,4.588,3.817,0.210,14.207,20.352,0.000,0.000,0.000,0.000,10.664,4.218,0.000,41.944
Ov9433_rep8_Dep6_Tu2,0.000,0.000,0.000,0.335,9.617,0.000,4.782,0.000,0.000,13.122,10.628,2.629,58.887
Ov9433_rep2_Dep6_Tu0.3,0.000,1.127,0.158,0.217,9.406,0.000,0.954,0.000,0.000,11.548,9.813,3.266,63.510
Ov9433_rep7_Dep6_Tu20,6.317,0.000,0.000,2.873,15.237,0.000,0.036,0.000,0.000,15.243,10.037,0.435,49.822
Ov9433_rep6_Dep6_Tu0.5,0.000,0.000,0.000,0.000,14.223,0.000,5.544,0.000,3.354,7.711,8.047,2.078,59.044
Ov9433_rep8_Dep6_Tu40,10.570,0.000,0.000,5.243,30.205,0.000,1.511,0.000,0.000,8.142,3.155,0.000,41.174
Ov9433_rep10_Dep6_Tu30,11.232,0.000,0.000,3.222,13.181,0.000,0.000,0.000,0.000,13.872,8.684,0.000,49.809
Ov9433_rep7_Dep6_Tu50,14.849,2.228,0.000,11.445,13.557,0.000,0.746,0.000,0.000,16.288,4.212,0.000,36.674
Ov9433_rep1_Dep6_Tu1,0.000,0.000,0.000,0.000,15.546,0.000,4.898,0.000,1.393,8.107,8.446,2.477,59.133
Ov9433_rep2_Dep6_Tu0.5,0.000,0.000,0.000,0.000,9.498,0.000,1.481,0.000,0.000,14.782,13.427,1.063,59.750
Ov9433_rep1_Dep6_Tu10,0.493,0.755,0.000,0.643,12.470,0.000,10.408,0.000,0.000,12.948,5.289,2.737,54.257
Ov9433_rep5_Dep6_Tu0.3,0.000,0.000,0.000,0.000,12.481,0.223,2.963,0.000,1.142,9.899,13.214,5.123,54.955
Ov9433_rep7_Dep6_Tu40,10.899,0.000,0.000,7.588,19.108,0.000,4.434,0.000,0.000,7.036,6.714,0.000,44.221
Ov9433_rep8_Dep6_Tu50,16.748,0.000,0.000,11.373,20.759,0.000,1.104,0.000,0.000,12.198,4.668,0.000,33.150
Ov9433_rep5_Dep6_Tu50,18.574,0.000,3.641,7.609,14.715,0.000,0.000,0.000,0.000,12.524,6.815,0.000,36.122
Ov9433_rep4_Dep6_Tu5,0.000,0.000,0.000,0.000,19.099,1.557,2.667,0.000,0.000,9.841,11.828,3.976,51.032
Ov9433_rep3_Dep6_Tu3,0.000,0.000,0.913,0.000,5.605,0.000,1.939,0.000,0.000,14.089,11.640,7.668,58.147
Ov9433_rep8_Dep6_Tu0.5,0.000,0.000,0.000,0.000,11.325,0.000,5.664,0.000,0.000,12.003,8.311,0.000,62.697
Ov9433_rep9_Dep6_Tu20,5.611,0.000,0.000,4.029,13.466,0.000,2.641,0.000,0.000,13.566,8.240,0.000,52.447
Ov9433_rep10_Dep6_Tu0.3,0.000,0.000,0.000,0.000,6.149,0.000,0.098,0.000,4.523,13.253,10.023,3.308,62.646
Ov9433_rep5_Dep6_Tu40,10.350,0.000,0.000,7.873,21.231,0.000,0.000,0.000,0.000,13.861,5.850,0.027,40.809
Ov9433_rep2_Dep6_Tu50,16.519,0.000,0.000,11.717,9.912,0.000,0.000,0.000,0.000,17.037,5.420,0.000,39.395
Ov9433_rep1_Dep6_Tu20,7.735,0.000,0.000,1.067,15.480,0.000,0.000,0.000,5.158,9.956,9.943,0.000,50.662
Ov9433_rep3_Dep6_Tu0.1,0.000,1.817,0.000,0.000,12.977,0.000,1.410,0.000,0.000,9.477,15.564,4.118,54.637
Ov9433_rep5_Dep6_Tu20,6.334,0.000,0.000,3.754,14.406,0.000,7.374,0.000,0.304,8.684,4.305,0.000,54.839
Ov9433_rep3_Dep6_Tu30,6.742,0.038,0.000,5.353,13.990,0.000,0.157,0.000,0.000,18.612,6.813,0.000,48.296
Ov9433_rep6_Dep6_Tu0.1,0.000,0.000,0.000,0.000,9.845,0.000,2.413,0.000,1.734,14.131,11.903,0.528,59.446
Ov9433_rep5_Dep6_Tu30,3.178,0.000,0.000,4.194,16.693,0.700,1.673,0.000,0.000,19.810,7.578,0.000,46.174
Ov9433_rep3_Dep6_Tu0.3,0.000,0.000,0.000,0.000,10.999,0.000,5.607,0.000,0.000,12.124,8.772,0.000,62.498
Ov9433_rep9_Dep6_Tu1,0.000,0.000,0.000,0.000,12.760,0.000,3.879,0.000,0.000,12.125,10.718,0.077,60.441
Ov9433_rep6_Dep6_Tu1,0.000,0.832,0.000,0.000,10.679,0.000,5.169,0.000,0.000,10.855,8.375,1.845,62.244
Ov9433_rep10_Dep6_Tu1,0.000,0.000,0.022,0.947,10.715,0.000,0.000,0.000,0.000,10.789,12.602,5.002,59.923
Ov9433_rep7_Dep6_Tu5,3.261,0.000,0.000,0.592,6.796,0.000,5.757,0.000,3.489,9.894,8.669,0.302,61.239
Ov9433_rep3_Dep6_Tu0.5,0.000,0.000,0.000,0.000,8.425,0.000,4.594,0.000,1.005,9.169,15.432,3.358,58.016
Ov9433_rep4_Dep6_Tu30,14.267,0.000,0.000,3.308,9.098,0.000,0.793,0.000,0.000,13.005,10.476,0.000,49.054
Ov9433_rep4_Dep6_Tu0.5,0.000,0.000,0.000,0.000,10.655,0.000,7.461,0.000,0.000,9.729,5.247,3.984,62.925
Ov9433_rep3_Dep6_Tu20,5.533,0.000,0.000,2.274,8.834,0.000,1.815,0.000,0.000,13.701,12.485,0.000,55.356
Ov9433_rep6_Dep6_Tu10,0.000,0.000,0.000,2.417,12.089,0.000,2.941,0.000,0.000,8.587,12.816,5.508,55.643
Ov9433_rep5_Dep6_Tu10,0.000,1.695,0.000,1.097,13.135,0.000,5.773,0.000,1.183,12.354,10.826,0.565,53.372
Ov9433_rep8_Dep6_Tu10,3.818,0.000,0.000,0.794,9.056,0.000,7.119,0.000,2.654,9.244,7.161,0.172,59.981
Ov9433_rep7_Dep6_Tu2,0.000,0.000,0.074,0.000,8.733,0.091,4.634,0.000,0.000,14.563,7.082,1.250,63.574
Ov9433_rep10_Dep6_Tu2,0.000,0.000,0.000,0.000,13.700,0.000,2.891,0.000,0.000,13.038,11.526,1.008,57.838
Ov9433_rep7_Dep6_Tu30,13.693,0.000,1.365,4.401,5.000,0.000,0.000,0.000,0.000,19.394,3.571,0.000,52.576
Ov9433_rep1_Dep6_Tu0.1,0.000,0.000,0.000,0.000,7.910,0.000,2.887,0.000,1.805,12.645,8.586,0.000,66.166
Ov9433_rep8_Dep6_Tu20,8.742,0.000,0.000,1.466,17.897,0.000,5.058,0.000,1.559,8.130,4.122,0.000,53.026
Ov9433_rep10_Dep6_Tu0.1,0.000,0.000,0.710,0.000,5.220,0.000,4.912,0.000,0.761,13.069,9.380,4.607,61.340
Ov9433_rep7_Dep6_Tu10,1.722,0.000,0.000,0.219,19.968,0.000,1.397,0.000,0.000,10.578,11.983,2.944,51.188
Ov9433_rep10_Dep6_Tu50,17.279,0.000,2.378,10.042,16.205,0.000,1.037,0.000,0.000,8.695,4.488,0.000,39.875
Ov9433_rep2_Dep6_Tu0.1,0.000,0.000,0.000,0.000,12.361,0.000,4.410,0.000,0.000,9.481,11.257,6.496,55.996
Ov9433_rep10_Dep6_Tu10,3.682,0.000,1.896,0.000,8.153,0.000,2.817,0.000,0.342,15.167,9.067,4.240,54.636
Ov9433_rep10_Dep6_Tu20,5.795,0.000,0.000,3.606,11.574,0.000,0.533,0.000,2.654,11.694,7.803,2.269,54.073
