Sample,BRCA,CEAD,CESC,COAD,OV,READ,bcell,cd4tcell,cd8tcell,erythroblast,monocyte,naturalkillercell,neutrophil
Ov9433_rep10_Dep6_Tu5,0.000,0.000,0.000,0.000,12.170,0.000,3.260,0.000,0.270,14.338,12.667,2.564,54.730
Ov9433_rep6_Dep6_Tu20,4.288,0.000,1.345,3.042,10.165,1.100,2.493,0.000,2.060,10.123,10.820,1.894,52.671
Ov9433_rep8_Dep6_Tu5,1.676,0.000,0.000,0.000,11.661,0.000,4.269,0.000,1.206,9.959,7.770,4.293,59.168
Ov9433_rep2_Dep6_Tu5,0.000,0.000,0.000,1.655,10.518,0.000,2.185,0.000,0.000,12.625,9.153,3.442,60.422
Ov9433_rep5_Dep6_Tu0.5,0.000,0.000,0.000,0.000,8.163,0.000,4.170,0.000,0.000,10.381,7.312,3.809,66.164
Ov9433_rep5_Dep6_Tu5,0.000,0.000,0.000,0.000,14.503,0.000,6.905,0.000,0.000,8.155,9.766,5.217,55.454
Ov9433_rep8_Dep6_Tu30,4.296,0.000,0.000,4.871,25.282,0.000,1.797,0.000,0.000,13.440,5.969,0.000,44.345
Ov9433_rep6_Dep6_Tu0.3,0.000,0.000,0.000,0.000,8.723,0.000,4.470,0.000,1.563,8.690,15.775,3.178,57.602
Ov9433_rep1_Dep6_Tu0.3,0.000,1.371,0.000,0.000,6.038,0.000,3.767,0.042,0.822,12.433,11.169,2.174,62.183
Ov9433_rep2_Dep6_Tu10,0.000,0.000,0.000,2.138,14.199,0.698,0.553,0.000,2.213,11.774,13.106,1.216,54.103
Ov9433_rep4_Dep6_Tu20,6.512,0.000,0.000,0.253,12.803,0.000,3.744,0.000,0.000,8.370,13.429,4.559,50.331
Ov9433_rep3_Dep6_Tu10,2.200,0.000,0.000,0.000,6.748,0.000,2.794,0.000,0.725,16.827,10.968,0.000,59.738
Ov9433_rep4_Dep6_Tu0.3,0.000,0.000,0.000,0.000,6.655,0.000,3.948,0.000,2.365,10.692,12.044,3.143,61.152
Ov9433_rep9_Dep6_Tu0.1,0.000,0.000,0.000,0.000,15.123,0.000,4.826,0.000,0.723,10.992,9.933,5.046,53.358
Ov9433_rep10_Dep6_Tu0.5,0.000,0.000,0.000,0.000,9.597,0.000,5.471,0.000,0.000,12.083,10.940,1.903,60.005
Ov9433_rep6_Dep6_Tu30,3.448,0.000,0.000,5.130,26.102,0.569,2.948,0.000,0.596,7.370,7.654,1.463,44.720
Ov9433_rep1_Dep6_Tu2,0.000,0.000,0.000,0.000,14.247,0.000,2.696,0.000,0.000,12.001,10.798,2.731,57.527
Ov9433_rep1_Dep6_Tu5,0.000,0.000,0.000,0.000,11.250,0.000,3.787,0.000,2.575,11.449,11.447,2.282,57.210
Ov9433_rep5_Dep6_Tu1,0.000,0.000,0.000,0.000,7.154,1.990,4.558,0.000,1.845,12.731,13.273,3.197,55.251
Ov9433_rep9_Dep6_Tu5,3.199,0.000,0.000,0.000,8.257,0.000,4.699,0.000,0.520,14.008,12.012,3.125,54.182
Ov9433_rep9_Dep6_Tu0.3,0.000,0.000,0.000,0.000,5.527,0.000,1.898,0.000,0.000,13.337,14.440,1.702,63.095
Ov9433_rep4_Dep6_Tu10,1.731,0.000,0.000,0.049,13.000,0.000,1.306,0.000,0.118,12.471,14.574,0.000,56.751
Ov9433_rep1_Dep6_Tu3,3.257,0.000,1.208,0.000,0.795,0.000,4.076,0.000,2.507,14.287,12.437,2.191,59.242
Ov9433_rep4_Dep6_Tu50,15.795,0.000,0.000,9.934,15.685,0.000,0.000,0.000,0.000,12.401,12.481,0.000,33.704
Ov9433_rep9_Dep6_Tu30,8.184,0.000,0.000,5.595,16.095,0.000,3.549,0.000,0.000,11.263,9.935,0.693,44.687
Ov9433_rep4_Dep6_Tu2,0.000,0.000,0.000,0.000,15.613,0.000,4.405,0.000,1.318,4.920,13.558,4.413,55.774
Ov9433_rep7_Dep6_Tu3,0.000,0.000,0.000,0.000,12.233,0.641,5.802,0.000,0.000,9.763,11.434,4.500,55.628
Ov9433_rep8_Dep6_Tu1,0.000,0.000,0.000,0.000,10.104,0.000,2.225,0.000,0.000,12.021,10.316,3.874,61.460
Ov9433_rep2_Dep6_Tu30,13.253,0.000,0.000,3.154,16.377,0.000,1.104,0.000,0.000,7.961,6.614,0.000,51.537
Ov9433_rep7_Dep6_Tu1,0.000,0.000,0.000,0.000,9.306,0.000,4.106,0.000,0.000,10.590,12.416,0.807,62.775
Ov9433_rep6_Dep6_Tu3,0.000,0.000,0.000,0.000,17.487,0.000,3.694,0.000,0.000,11.036,9.629,1.283,56.871
Ov9433_rep8_Dep6_Tu0.3,0.000,0.000,0.000,0.000,5.688,0.000,1.938,0.000,0.000,13.508,14.262,1.509,63.094
Ov9433_rep5_Dep6_Tu3,0.000,0.000,0.000,0.831,8.719,0.000,3.004,0.000,0.000,13.121,9.445,4.858,60.022
Ov9433_rep4_Dep6_Tu0.1,0.000,0.000,0.000,0.000,6.148,0.000,3.065,0.000,0.439,14.240,11.609,0.479,64.020
Ov9433_rep2_Dep6_Tu40,15.471,0.000,0.000,5.839,9.878,0.000,5.776,0.000,0.000,10.583,5.774,0.000,46.679
Ov9433_rep2_Dep6_Tu20,0.323,0.000,0.000,0.941,20.922,1.137,4.838,0.000,0.000,12.999,6.070,0.000,52.770
Ov9433_rep10_Dep6_Tu3,0.000,0.000,0.000,0.000,20.176,0.000,1.864,0.000,0.000,8.699,10.541,2.678,56.043
Ov9433_rep4_Dep6_Tu3,0.000,0.000,0.000,0.000,15.491,0.000,3.143,0.000,0.000,6.838,10.895,6.300,57.334
Ov9433_rep2_Dep6_Tu3,0.000,0.000,0.000,0.000,15.860,0.000,1.564,1.219,0.000,13.557,8.604,3.586,55.610
Ov9433_rep3_Dep6_Tu50,12.460,0.000,0.000,9.010,25.276,0.000,0.000,0.000,0.000,5.761,7.673,0.000,39.819
Ov9433_rep6_Dep6_Tu2,0.120,0.000,0.000,0.000,8.800,0.493,1.825,0.000,7.123,8.871,9.999,2.101,60.670
Ov9433_rep1_Dep6_Tu30,7.766,0.000,0.000,3.880,12.724,2.185,4.287,0.000,0.000,11.362,8.973,0.000,48.824
Ov9433_rep9_Dep6_Tu40,9.112,1.186,0.000,9.196,18.438,0.000,0.000,0.000,0.000,11.344,11.387,0.000,39.337
Ov9433_rep8_Dep6_Tu0.1,0.000,0.000,0.000,0.000,12.182,0.000,6.962,0.019,1.452,9.057,9.541,2.889,57.898
Ov9433_rep7_Dep6_Tu0.5,0.000,0.000,0.000,0.000,12.797,0.000,4.080,0.000,0.409,9.650,9.282,5.029,58.754
Ov9433_rep7_Dep6_Tu0.1,0.000,0.000,0.000,0.000,12.259,0.000,2.411,0.000,0.000,11.235,13.258,3.685,57.152
Ov9433_rep9_Dep6_Tu2,0.000,0.000,0.000,0.000,11.690,0.000,3.801,0.335,0.000,15.456,11.835,0.260,56.622
Ov9433_rep3_Dep6_Tu2,0.000,0.000,0.000,0.000,7.918,0.000,7.169,0.000,0.282,8.951,10.885,2.857,61.939
Ov9433_rep4_Dep6_Tu40,6.690,2.039,0.000,8.473,21.123,0.556,0.000,0.000,0.000,10.451,9.123,0.000,41.545
Ov9433_rep9_Dep6_Tu10,0.000,0.000,0.000,0.447,16.016,0.278,4.854,0.000,0.000,9.145,14.201,0.775,54.285
Ov9433_rep9_Dep6_Tu50,14.639,0.000,0.630,12.762,14.117,0.261,0.000,0.000,0.000,14.050,5.829,0.000,37.711
Ov9433_rep2_Dep6_Tu1,0.000,0.000,0.000,0.000,12.032,0.000,0.000,0.000,0.000,13.460,11.243,2.839,60.425
Ov9433_rep8_Dep6_Tu3,0.000,0.000,0.000,0.805,12.385,0.000,0.000,0.000,1.128,9.279,12.140,5.208,59.055
Ov9433_rep3_Dep6_Tu40,5.966,0.000,0.000,9.591,22.419,0.000,4.043,0.000,0.730,8.494,5.757,2.487,40.513
Ov9433_rep6_Dep6_Tu40,10.330,3.439,0.000,7.762,16.830,0.000,0.000,0.000,0.519,11.091,7.740,0.000,42.289
Ov9433_rep6_Dep6_Tu50,13.959,0.000,0.000,7.012,28.113,0.228,0.000,0.000,0.000,10.361,8.243,0.000,32.084
Ov9433_rep5_Dep6_Tu2,0.000,0.000,0.000,0.000,12.930,0.000,1.669,0.000,3.037,7.126,11.776,4.547,58.915
Ov9433_rep9_Dep6_Tu3,0.000,0.000,0.000,0.000,12.829,0.000,2.957,0.000,1.535,10.000,11.693,1.879,59.106
Ov9433_rep10_Dep6_Tu40,6.596,0.000,0.000,6.384,22.771,0.000,3.952,0.000,0.000,14.011,6.527,0.000,39.758
Ov9433_rep1_Dep6_Tu50,13.293,0.000,0.000,12.370,17.683,0.160,1.602,0.000,0.000,11.891,6.670,0.000,36.331
Ov9433_rep6_Dep6_Tu5,0.000,0.000,0.000,0.000,7.892,1.363,4.872,0.000,0.000,13.773,8.472,1.935,61.693
Ov9433_rep2_Dep6_Tu2,0.000,0.000,0.000,0.000,8.955,0.000,4.070,0.000,0.974,13.476,11.141,1.615,59.769
Ov9433_rep9_Dep6_Tu0.5,0.000,0.000,0.000,0.000,16.624,0.000,1.461,0.000,0.000,10.531,11.406,3.817,56.161
Ov9433_rep3_Dep6_Tu5,0.000,0.000,0.000,1.980,8.364,0.000,3.636,0.000,0.000,13.854,8.224,2.459,61.484
Ov9433_rep4_Dep6_Tu1,0.000,0.000,0.000,0.000,11.595,0.000,6.718,0.000,0.000,7.783,11.101,3.916,58.887
Ov9433_rep3_Dep6_Tu1,0.000,0.000,0.000,0.000,10.103,0.000,2.813,0.000,1.241,7.085,14.353,4.440,59.965
Ov9433_rep1_Dep6_Tu0.5,0.000,1.292,0.000,0.000,11.392,0.000,2.190,0.000,2.558,10.275,11.238,0.584,60.472
Ov9433_rep5_Dep6_Tu0.1,0.000,0.000,0.000,0.000,13.457,0.000,3.914,0.000,0.000,10.727,10.384,0.819,60.699
Ov9433_rep7_Dep6_Tu0.3,0.000,0.000,0.000,0.000,8.936,0.000,0.939,0.000,0.000,13.538,11.623,3.434,61.531
Ov9433_rep1_Dep6_Tu40,3.897,2.597,0.000,14.133,23.092,0.000,0.656,0.000,0.000,8.738,5.168,0.000,41.720
Ov9433_rep8_Dep6_Tu2,0.000,0.000,0.000,0.030,10.422,0.000,4.986,0.000,0.188,11.804,10.898,3.083,58.589
Ov9433_rep2_Dep6_Tu0.3,0.000,0.137,0.000,0.253,10.882,0.000,1.385,0.000,0.000,10.159,10.188,4.025,62.971
Ov9433_rep7_Dep6_Tu20,5.559,0.000,0.000,2.780,16.317,0.000,0.388,0.000,0.000,13.884,10.329,1.123,49.619
Ov9433_rep6_Dep6_Tu0.5,0.000,0.000,0.000,0.000,14.492,0.000,5.582,0.000,3.614,7.063,8.187,2.168,58.894
Ov9433_rep8_Dep6_Tu40,9.293,0.000,0.000,5.161,31.799,0.000,2.406,0.000,0.000,6.312,3.904,0.000,41.125
Ov9433_rep10_Dep6_Tu30,9.856,0.000,0.000,3.306,15.826,0.050,0.305,0.000,0.000,11.868,9.429,0.000,49.360
Ov9433_rep7_Dep6_Tu50,13.609,0.627,0.000,11.373,16.698,0.000,2.058,0.000,0.000,13.724,5.222,0.000,36.688
Ov9433_rep1_Dep6_Tu1,0.000,0.000,0.000,0.000,15.817,0.000,4.941,0.000,1.677,7.424,8.592,2.570,58.979
Ov9433_rep2_Dep6_Tu0.5,0.000,0.000,0.000,0.000,9.809,0.000,1.568,0.000,0.204,14.094,13.524,1.200,59.601
Ov9433_rep1_Dep6_Tu10,0.000,0.000,0.000,0.000,13.930,1.704,10.602,0.000,0.000,10.698,5.955,3.649,53.462
Ov9433_rep5_Dep6_Tu0.3,0.000,0.000,0.000,0.000,12.656,0.753,2.972,0.000,1.464,8.971,13.345,5.145,54.694
Ov9433_rep7_Dep6_Tu40,10.014,0.000,0.000,7.277,20.241,0.534,4.914,0.000,0.000,5.854,7.125,0.000,44.041
Ov9433_rep8_Dep6_Tu50,15.486,0.000,0.000,11.139,22.403,0.000,1.892,0.000,0.000,10.497,5.268,0.000,33.315
Ov9433_rep5_Dep6_Tu50,17.167,0.000,2.050,7.934,18.718,0.000,0.000,0.000,0.000,10.143,7.940,0.000,36.049
Ov9433_rep4_Dep6_Tu5,0.000,0.000,0.000,0.000,19.214,2.017,2.710,0.000,0.105,9.075,11.947,4.097,50.834
Ov9433_rep3_Dep6_Tu3,0.000,0.000,0.492,0.000,6.307,0.000,2.083,0.000,0.137,13.340,11.788,7.890,57.962
Ov9433_rep8_Dep6_Tu0.5,0.000,0.000,0.000,0.000,12.251,0.000,5.876,0.000,0.698,10.241,8.716,0.000,62.218
Ov9433_rep9_Dep6_Tu20,4.422,0.000,0.000,3.583,15.287,1.006,3.375,0.000,0.000,11.605,8.825,0.000,51.897
Ov9433_rep10_Dep6_Tu0.3,0.000,0.000,0.000,0.000,6.822,0.000,0.252,0.000,5.027,11.845,10.288,3.479,62.288
Ov9433_rep5_Dep6_Tu40,9.245,0.000,0.000,7.698,22.752,0.000,0.000,0.000,0.000,12.144,6.404,1.076,40.681
Ov9433_rep2_Dep6_Tu50,14.713,0.000,0.000,11.557,13.366,0.000,0.000,0.000,0.000,14.632,6.500,0.000,39.231
Ov9433_rep1_Dep6_Tu20,6.735,0.000,0.000,0.962,16.764,0.000,0.236,0.000,6.118,8.356,10.335,0.070,50.425
Ov9433_rep3_Dep6_Tu0.1,0.000,1.344,0.000,0.000,13.570,0.000,1.588,0.000,0.000,8.903,15.678,4.438,54.478
Ov9433_rep5_Dep6_Tu20,5.649,0.000,0.000,3.627,15.301,0.000,7.480,0.000,1.078,7.573,4.674,0.000,54.618
Ov9433_rep3_Dep6_Tu30,5.488,0.000,0.000,5.267,16.290,0.000,1.179,0.000,0.000,16.262,7.513,0.000,48.001
Ov9433_rep6_Dep6_Tu0.1,0.000,0.000,0.000,0.000,10.552,0.000,2.545,0.000,2.364,12.507,12.173,0.769,59.091
Ov9433_rep5_Dep6_Tu30,1.804,0.000,0.000,2.979,18.166,3.579,2.348,0.000,0.000,17.432,8.235,0.000,45.457
Ov9433_rep3_Dep6_Tu0.3,0.000,0.000,0.000,0.000,11.882,0.000,5.772,0.000,0.778,10.377,9.161,0.000,62.031
Ov9433_rep9_Dep6_Tu1,0.000,0.000,0.000,0.000,13.481,0.000,4.097,0.000,0.000,10.719,10.981,0.651,60.071
Ov9433_rep6_Dep6_Tu1,0.000,0.075,0.000,0.000,11.670,0.000,5.411,0.000,0.000,9.904,8.661,2.396,61.883
Ov9433_rep10_Dep6_Tu1,0.000,0.000,0.000,0.419,12.039,0.000,0.053,0.000,0.937,8.705,13.046,5.402,59.398
Ov9433_rep7_Dep6_Tu5,2.524,0.000,0.000,0.132,7.601,0.941,5.808,0.000,4.084,8.711,8.965,0.474,60.760
Ov9433_rep3_Dep6_Tu0.5,0.000,0.000,0.000,0.000,8.819,0.000,4.651,0.000,1.350,8.324,15.551,3.459,57.845
Ov9433_rep4_Dep6_Tu30,12.817,0.000,0.000,3.232,11.298,0.000,1.602,0.000,0.361,10.912,11.015,0.000,48.765
Ov9433_rep4_Dep6_Tu0.5,0.000,0.000,0.000,0.000,11.241,0.633,7.542,0.000,0.113,8.096,5.642,4.393,62.340
Ov9433_rep3_Dep6_Tu20,4.780,0.000,0.000,2.276,10.332,0.000,2.418,0.000,0.000,12.358,12.800,0.000,55.037
Ov9433_rep6_Dep6_Tu10,0.000,0.000,0.000,2.099,12.877,0.000,3.211,0.000,0.000,7.355,13.046,6.020,55.393
Ov9433_rep5_Dep6_Tu10,0.000,1.100,0.000,1.074,13.756,0.000,5.859,0.000,1.611,11.650,11.011,0.723,53.216
Ov9433_rep8_Dep6_Tu10,3.423,0.000,0.000,0.737,9.627,0.000,7.171,0.000,3.019,8.556,7.342,0.323,59.802
Ov9433_rep7_Dep6_Tu2,0.000,0.000,0.000,0.000,9.200,1.069,4.725,0.000,0.000,13.001,7.396,1.656,62.952
Ov9433_rep10_Dep6_Tu2,0.000,0.000,0.000,0.000,14.117,0.000,3.031,0.000,0.000,12.195,11.672,1.340,57.645
Ov9433_rep7_Dep6_Tu30,12.311,0.000,0.000,3.740,8.167,2.375,0.606,0.000,0.000,16.616,4.620,0.000,51.564
Ov9433_rep1_Dep6_Tu0.1,0.000,0.000,0.000,0.000,8.683,0.000,3.044,0.000,2.576,11.060,8.926,0.000,65.712
Ov9433_rep8_Dep6_Tu20,7.464,0.000,0.000,1.294,19.380,0.000,5.286,0.000,2.811,6.153,4.745,0.183,52.684
Ov9433_rep10_Dep6_Tu0.1,0.000,0.000,0.263,0.000,5.903,0.000,4.980,0.000,1.164,12.284,9.558,4.717,61.132
Ov9433_rep7_Dep6_Tu10,1.059,0.000,0.000,0.173,20.943,0.000,1.721,0.000,0.000,9.327,12.238,3.574,50.966
Ov9433_rep10_Dep6_Tu50,16.566,0.000,1.606,10.042,17.849,0.000,1.682,0.000,0.000,7.413,4.994,0.000,39.848
Ov9433_rep2_Dep6_Tu0.1,0.000,0.000,0.000,0.000,12.473,0.000,4.438,0.000,0.000,9.274,11.300,6.564,55.951
Ov9433_rep10_Dep6_Tu10,3.351,0.000,1.448,0.000,9.066,0.000,2.937,0.000,0.884,14.169,9.299,4.400,54.446
Ov9433_rep10_Dep6_Tu20,4.952,0.000,0.000,3.443,12.699,0.000,0.748,0.000,3.395,10.244,8.166,2.546,53.806
