Sample,BRCA,CEAD,CESC,COAD,OV,READ,bcell,cd4tcell,cd8tcell,erythroblast,monocyte,naturalkillercell,neutrophil,Unknown-1
Cer77_rep9_Dep6_Tu3,0.000,3.678,2.436,0.000,0.004,0.000,0.013,0.168,1.813,0.245,3.533,0.009,9.996,78.105
Cer77_rep5_Dep6_Tu30,0.001,0.019,44.762,0.000,0.006,0.000,0.212,7.844,0.312,0.160,3.775,0.337,7.114,35.458
Cer77_rep3_Dep6_Tu30,0.000,0.015,47.074,0.000,0.001,0.000,0.153,6.053,0.783,0.049,3.247,0.130,6.726,35.768
Cer77_rep8_Dep6_Tu50,0.000,0.002,65.072,0.000,0.001,0.000,0.084,8.826,3.542,0.067,3.788,0.126,4.153,14.339
Cer77_rep1_Dep6_Tu1,0.000,2.825,0.000,0.000,0.001,0.000,0.059,1.328,1.293,0.107,3.364,0.184,12.644,78.195
Cer77_rep7_Dep6_Tu3,0.000,4.214,1.759,0.014,0.003,0.000,0.071,1.734,0.925,0.179,2.495,0.046,11.719,76.842
Cer77_rep10_Dep6_Tu2,0.000,2.811,1.657,0.000,0.007,0.000,0.169,1.282,0.466,0.204,2.471,0.161,11.956,78.815
Cer77_rep2_Dep6_Tu0.5,0.000,0.778,0.000,0.000,0.002,0.000,0.038,0.896,0.438,0.510,3.391,0.224,10.450,83.273
Cer77_rep3_Dep6_Tu20,0.001,0.067,32.830,0.000,0.010,0.000,0.124,3.818,1.523,0.046,3.469,0.107,8.181,49.824
Cer77_rep1_Dep6_Tu2,0.001,3.378,0.431,0.000,0.014,0.000,0.060,1.698,0.310,0.430,2.888,0.141,9.517,81.131
Cer77_rep2_Dep6_Tu5,0.000,4.913,5.821,0.000,0.000,0.000,0.012,1.790,0.037,0.122,1.927,0.036,12.445,72.896
Cer77_rep5_Dep6_Tu0.5,0.000,1.063,0.000,0.000,0.003,0.000,0.057,0.604,0.483,0.289,3.166,0.120,10.134,84.080
Cer77_rep2_Dep6_Tu50,0.000,0.002,66.664,0.000,0.000,0.000,0.059,10.460,0.059,0.020,3.234,0.181,3.341,15.980
Cer77_rep9_Dep6_Tu0.5,0.000,0.875,0.000,0.000,0.009,0.000,0.035,1.271,0.614,0.408,2.314,0.016,10.128,84.330
Cer77_rep4_Dep6_Tu10,0.002,0.582,17.506,0.000,0.029,0.000,0.083,2.654,0.462,0.060,3.874,0.018,8.108,66.621
Cer77_rep9_Dep6_Tu20,0.000,0.017,32.413,0.000,0.006,0.000,0.174,6.068,0.237,0.167,3.339,0.185,7.708,49.686
Cer77_rep3_Dep6_Tu10,0.011,0.061,16.928,0.004,0.080,0.000,0.265,2.675,1.016,0.536,3.244,0.176,9.743,65.260
Cer77_rep6_Dep6_Tu5,0.013,0.211,8.557,0.001,0.206,0.000,0.141,2.356,0.831,0.466,3.204,0.107,11.086,72.820
Cer77_rep5_Dep6_Tu1,0.000,2.119,0.000,0.000,0.001,0.000,0.039,1.403,0.063,0.203,3.561,0.078,9.694,82.839
Cer77_rep5_Dep6_Tu0.3,0.000,1.427,0.000,0.000,0.001,0.000,0.036,1.639,0.135,0.252,3.409,0.110,10.689,82.302
Cer77_rep4_Dep6_Tu50,0.001,0.005,65.941,0.000,0.003,0.000,0.123,9.082,2.653,0.065,3.606,0.136,4.382,14.003
Cer77_rep6_Dep6_Tu0.3,0.000,1.351,0.000,0.000,0.000,0.000,0.024,0.008,1.048,0.203,4.105,0.117,10.952,82.193
Cer77_rep4_Dep6_Tu40,0.000,0.005,56.948,0.000,0.000,0.000,0.110,8.273,1.387,0.077,2.459,0.063,5.157,25.521
Cer77_rep10_Dep6_Tu5,0.003,1.229,8.212,0.002,0.023,0.000,0.021,3.271,1.453,0.533,0.014,0.098,12.286,72.856
Cer77_rep3_Dep6_Tu1,0.000,2.516,0.000,0.000,0.002,0.000,0.042,0.737,0.180,0.307,3.660,0.158,11.434,80.963
Cer77_rep8_Dep6_Tu40,0.000,0.004,55.801,0.000,0.003,0.000,0.105,8.731,1.327,0.040,2.403,0.080,4.439,27.064
Cer77_rep7_Dep6_Tu0.3,0.000,0.894,0.000,0.000,0.001,0.000,0.036,0.877,0.387,0.223,2.826,0.050,9.444,85.261
Cer77_rep3_Dep6_Tu0.1,0.000,1.578,0.000,0.000,0.001,0.000,0.003,1.169,0.243,0.145,3.667,0.095,11.446,81.652
Cer77_rep4_Dep6_Tu0.3,0.000,0.973,0.000,0.000,0.004,0.000,0.061,1.455,0.716,0.205,2.476,0.043,10.936,83.131
Cer77_rep6_Dep6_Tu2,0.000,2.726,2.208,0.000,0.005,0.000,0.058,1.753,0.473,0.078,2.753,0.055,11.821,78.071
Cer77_rep6_Dep6_Tu20,0.000,0.150,32.842,0.001,0.024,0.000,0.271,2.866,2.641,0.079,2.729,0.051,9.797,48.547
Cer77_rep9_Dep6_Tu40,0.000,0.022,56.338,0.001,0.002,0.000,0.098,8.517,1.526,0.019,3.181,0.138,7.002,23.157
Cer77_rep6_Dep6_Tu40,0.000,0.009,55.889,0.000,0.004,0.000,0.071,7.932,1.305,0.107,3.362,0.085,6.057,25.180
Cer77_rep8_Dep6_Tu5,0.001,2.635,7.371,0.002,0.012,0.000,0.092,2.427,0.106,0.035,2.748,0.222,12.601,71.748
Cer77_rep5_Dep6_Tu50,0.000,0.002,65.341,0.000,0.003,0.000,0.070,7.669,2.810,0.122,4.143,0.113,5.227,14.499
Cer77_rep1_Dep6_Tu30,0.000,0.025,46.396,0.000,0.001,0.000,0.072,4.726,2.557,0.057,2.762,0.215,6.579,36.610
Cer77_rep2_Dep6_Tu20,0.000,0.047,32.100,0.001,0.008,0.000,0.183,1.922,3.703,0.366,3.964,0.073,8.331,49.302
Cer77_rep4_Dep6_Tu0.5,0.000,2.190,0.000,0.000,0.003,0.000,0.042,1.088,0.633,0.215,3.100,0.038,11.233,81.457
Cer77_rep2_Dep6_Tu40,0.000,0.097,55.794,0.001,0.004,0.000,0.187,9.142,0.273,0.039,4.236,0.255,4.797,25.174
Cer77_rep8_Dep6_Tu30,0.000,0.026,46.043,0.000,0.009,0.000,0.367,5.710,1.405,0.069,2.987,0.281,5.483,37.621
Cer77_rep3_Dep6_Tu40,0.000,0.013,56.544,0.000,0.003,0.000,0.056,7.254,1.974,0.040,3.110,0.240,5.902,24.862
Cer77_rep4_Dep6_Tu0.1,0.000,0.421,0.000,0.000,0.004,0.000,0.113,1.501,0.292,0.559,2.961,0.194,11.242,82.712
Cer77_rep2_Dep6_Tu1,0.001,1.778,0.030,0.000,0.018,0.000,0.058,0.953,0.550,0.243,3.729,0.100,11.132,81.409
Cer77_rep3_Dep6_Tu3,0.001,3.084,3.578,0.000,0.009,0.000,0.062,1.549,0.815,0.009,3.114,0.108,10.924,76.748
Cer77_rep2_Dep6_Tu30,0.000,0.018,45.379,0.001,0.002,0.000,0.085,6.136,2.105,0.189,2.661,0.345,7.095,35.984
Cer77_rep9_Dep6_Tu30,0.000,0.096,46.464,0.000,0.004,0.000,0.125,6.212,0.291,0.161,3.820,0.498,8.495,33.834
Cer77_rep7_Dep6_Tu20,0.000,0.051,33.059,0.000,0.003,0.000,0.062,4.362,1.258,0.070,3.211,0.069,7.073,50.783
Cer77_rep6_Dep6_Tu1,0.000,2.371,0.000,0.000,0.007,0.000,0.042,0.830,0.702,0.247,2.938,0.061,10.989,81.815
Cer77_rep7_Dep6_Tu50,0.000,0.002,65.180,0.000,0.003,0.000,0.068,5.674,5.078,0.103,5.016,0.092,3.932,14.853
Cer77_rep3_Dep6_Tu5,0.000,1.963,6.596,0.000,0.027,0.000,0.119,1.283,1.404,0.394,2.985,0.129,10.130,74.970
Cer77_rep8_Dep6_Tu0.5,0.000,1.072,0.001,0.000,0.017,0.000,0.075,2.267,0.425,0.349,1.834,0.068,10.126,83.767
Cer77_rep9_Dep6_Tu0.3,0.000,0.540,0.000,0.000,0.001,0.000,0.059,0.864,0.499,0.420,3.421,0.200,10.436,83.559
Cer77_rep6_Dep6_Tu0.5,0.000,2.057,0.000,0.000,0.001,0.000,0.059,1.282,0.500,0.248,3.310,0.122,12.911,79.510
Cer77_rep7_Dep6_Tu1,0.000,1.414,0.001,0.000,0.016,0.000,0.102,0.713,0.859,0.493,2.458,0.090,10.517,83.336
Cer77_rep5_Dep6_Tu3,0.000,1.247,4.157,0.000,0.015,0.000,0.012,1.545,0.390,0.480,2.477,0.067,10.448,79.160
Cer77_rep10_Dep6_Tu3,0.000,3.290,2.292,0.000,0.002,0.000,0.057,1.215,0.762,0.271,2.934,0.034,9.390,79.753
Cer77_rep9_Dep6_Tu5,0.000,1.643,7.799,0.003,0.036,0.000,0.139,2.200,0.586,0.230,2.903,0.110,9.771,74.578
Cer77_rep10_Dep6_Tu20,0.000,0.428,33.006,0.004,0.005,0.000,0.137,4.539,1.603,0.091,3.088,0.079,8.774,48.246
Cer77_rep1_Dep6_Tu3,0.001,1.186,4.094,0.002,0.061,0.000,0.139,1.701,1.035,0.164,3.815,0.103,9.963,77.736
Cer77_rep5_Dep6_Tu2,0.000,3.934,0.497,0.000,0.005,0.000,0.039,0.006,1.314,0.162,3.308,0.061,12.448,78.227
Cer77_rep5_Dep6_Tu5,0.001,3.178,6.463,0.001,0.007,0.000,0.110,1.048,1.001,0.419,3.379,0.113,11.256,73.022
Cer77_rep8_Dep6_Tu2,0.000,4.033,0.881,0.000,0.008,0.000,0.037,0.527,0.663,0.221,3.627,0.173,10.647,79.181
Cer77_rep8_Dep6_Tu10,0.001,2.706,16.132,0.000,0.005,0.000,0.086,3.081,0.634,0.107,3.057,0.232,12.141,61.819
Cer77_rep10_Dep6_Tu30,0.001,0.012,45.747,0.001,0.011,0.000,0.165,6.174,2.290,0.138,2.862,0.058,7.850,34.691
Cer77_rep10_Dep6_Tu0.1,0.000,0.549,0.000,0.000,0.002,0.000,0.049,0.881,0.616,0.647,3.491,0.132,10.735,82.898
Cer77_rep6_Dep6_Tu3,0.003,1.678,3.567,0.004,0.042,0.000,0.114,0.551,2.040,0.270,2.606,0.027,10.458,78.640
Cer77_rep7_Dep6_Tu10,0.000,0.296,17.519,0.004,0.020,0.000,0.123,3.258,0.335,0.217,2.548,0.076,8.953,66.652
Cer77_rep1_Dep6_Tu0.1,0.000,0.530,0.000,0.000,0.004,0.000,0.031,0.685,0.761,0.414,3.343,0.163,10.972,83.097
Cer77_rep10_Dep6_Tu50,0.000,0.007,65.010,0.001,0.003,0.000,0.031,10.364,0.944,0.060,3.776,0.154,3.795,15.855
Cer77_rep3_Dep6_Tu2,0.002,1.365,2.180,0.000,0.052,0.000,0.130,1.601,1.288,0.349,3.538,0.090,10.386,79.019
Cer77_rep2_Dep6_Tu10,0.001,0.820,16.772,0.000,0.013,0.000,0.207,2.708,0.843,0.077,3.090,0.111,9.506,65.852
Cer77_rep4_Dep6_Tu5,0.000,2.031,8.094,0.002,0.006,0.000,0.059,2.045,0.815,0.100,3.166,0.073,10.464,73.143
Cer77_rep4_Dep6_Tu2,0.000,4.775,0.097,0.000,0.014,0.000,0.026,1.233,0.537,0.152,3.219,0.044,11.188,78.715
Cer77_rep8_Dep6_Tu3,0.000,5.266,1.951,0.000,0.001,0.000,0.046,1.696,0.364,0.073,0.832,0.039,12.094,77.638
Cer77_rep7_Dep6_Tu5,0.007,0.630,7.923,0.015,0.041,0.000,0.075,0.814,2.010,0.812,3.866,0.081,10.493,73.232
Cer77_rep4_Dep6_Tu3,0.000,5.212,2.377,0.000,0.001,0.000,0.011,0.817,0.549,0.043,2.500,0.034,11.969,76.487
Cer77_rep7_Dep6_Tu2,0.003,1.747,1.639,0.000,0.016,0.000,0.033,0.981,1.169,0.547,3.339,0.054,11.307,79.165
Cer77_rep10_Dep6_Tu40,0.000,0.042,55.767,0.000,0.002,0.000,0.176,0.910,8.250,0.195,3.931,0.069,7.813,22.844
Cer77_rep6_Dep6_Tu10,0.000,1.865,16.483,0.000,0.010,0.000,0.120,0.404,2.707,0.265,2.069,0.130,10.658,65.287
Cer77_rep6_Dep6_Tu50,0.000,0.002,66.059,0.000,0.000,0.000,0.081,6.501,3.478,0.004,4.674,0.061,5.130,14.010
Cer77_rep2_Dep6_Tu2,0.001,2.330,0.817,0.001,0.090,0.000,0.117,1.923,0.523,0.474,3.129,0.169,11.411,79.013
Cer77_rep1_Dep6_Tu5,0.002,2.049,6.260,0.000,0.046,0.000,0.119,2.896,1.018,0.180,2.725,0.114,9.489,75.103
Cer77_rep5_Dep6_Tu0.1,0.000,0.802,0.000,0.000,0.002,0.000,0.048,0.880,0.671,0.233,3.286,0.107,10.159,83.813
Cer77_rep9_Dep6_Tu50,0.000,0.000,65.893,0.000,0.001,0.000,0.099,9.107,3.114,0.025,0.101,0.047,5.156,16.456
Cer77_rep10_Dep6_Tu0.3,0.000,0.710,0.000,0.000,0.010,0.000,0.034,1.005,0.952,0.492,3.041,0.152,11.769,81.836
Cer77_rep3_Dep6_Tu0.3,0.000,0.779,0.000,0.000,0.006,0.000,0.061,1.654,0.606,0.365,2.536,0.094,10.106,83.793
Cer77_rep1_Dep6_Tu0.5,0.000,0.912,0.000,0.000,0.010,0.000,0.041,1.238,0.825,0.401,3.435,0.072,10.187,82.878
Cer77_rep4_Dep6_Tu1,0.000,2.751,0.000,0.000,0.003,0.000,0.071,0.611,0.461,0.369,3.886,0.164,11.986,79.697
Cer77_rep2_Dep6_Tu0.3,0.000,2.244,0.000,0.000,0.000,0.000,0.006,0.527,0.502,0.200,2.534,0.049,12.738,81.201
Cer77_rep10_Dep6_Tu10,0.000,0.515,17.291,0.000,0.049,0.000,0.061,3.632,0.046,0.373,3.207,0.300,9.092,65.435
Cer77_rep3_Dep6_Tu50,0.000,0.001,65.654,0.000,0.001,0.000,0.058,8.866,2.259,0.036,4.349,0.070,3.261,15.445
Cer77_rep3_Dep6_Tu0.5,0.000,1.710,0.000,0.000,0.000,0.000,0.016,0.801,0.546,0.191,3.748,0.088,10.690,82.210
Cer77_rep5_Dep6_Tu40,0.000,0.005,56.465,0.000,0.001,0.000,0.113,8.314,2.214,0.095,3.362,0.315,5.815,23.301
Cer77_rep9_Dep6_Tu2,0.000,2.293,0.390,0.000,0.007,0.000,0.075,1.232,0.996,0.292,2.454,0.043,9.395,82.822
Cer77_rep8_Dep6_Tu20,0.000,0.404,32.786,0.000,0.007,0.000,0.058,4.961,0.525,0.245,3.371,0.176,8.877,48.589
Cer77_rep7_Dep6_Tu0.5,0.000,1.052,0.000,0.000,0.019,0.000,0.022,1.405,1.070,0.484,2.606,0.022,11.451,81.868
Cer77_rep1_Dep6_Tu50,0.000,0.000,65.663,0.000,0.000,0.000,0.103,8.822,3.282,0.055,3.956,0.060,3.982,14.076
Cer77_rep10_Dep6_Tu1,0.000,2.985,0.000,0.000,0.000,0.000,0.010,0.918,0.471,0.139,2.134,0.011,12.066,81.265
Cer77_rep8_Dep6_Tu0.3,0.001,0.445,0.000,0.000,0.010,0.000,0.099,0.682,0.520,0.725,3.266,0.211,10.450,83.591
Cer77_rep4_Dep6_Tu20,0.001,0.419,33.288,0.000,0.008,0.000,0.199,3.759,2.449,0.135,2.628,0.211,10.940,45.963
Cer77_rep7_Dep6_Tu30,0.000,0.012,45.381,0.000,0.002,0.000,0.109,5.230,2.133,0.015,4.003,0.109,5.184,37.822
Cer77_rep7_Dep6_Tu40,0.000,0.025,57.502,0.000,0.005,0.000,0.177,6.428,2.638,0.008,3.835,0.100,6.313,22.970
Cer77_rep9_Dep6_Tu0.1,0.000,1.609,0.000,0.000,0.001,0.000,0.034,1.026,0.653,0.352,3.699,0.115,11.589,80.922
Cer77_rep5_Dep6_Tu20,0.003,0.733,33.305,0.001,0.042,0.000,0.204,3.747,1.843,0.165,3.760,0.101,9.292,46.804
Cer77_rep8_Dep6_Tu1,0.000,2.989,0.000,0.000,0.003,0.000,0.045,0.849,0.434,0.123,3.272,0.061,12.071,80.153
Cer77_rep6_Dep6_Tu0.1,0.000,0.437,0.000,0.000,0.008,0.000,0.123,1.684,0.682,0.773,2.666,0.082,11.168,82.377
Cer77_rep2_Dep6_Tu3,0.000,2.115,3.670,0.001,0.016,0.000,0.050,1.358,0.590,0.190,3.209,0.054,10.782,77.965
Cer77_rep1_Dep6_Tu0.3,0.000,0.561,0.000,0.000,0.038,0.000,0.149,1.416,0.901,0.494,3.835,0.175,10.583,81.847
Cer77_rep1_Dep6_Tu40,0.000,0.089,55.165,0.000,0.001,0.000,0.060,7.237,1.492,0.257,3.693,0.229,6.140,25.636
Cer77_rep6_Dep6_Tu30,0.000,0.041,44.758,0.001,0.002,0.000,0.046,4.602,3.628,0.263,2.949,0.073,8.038,35.600
Cer77_rep2_Dep6_Tu0.1,0.000,1.663,0.000,0.000,0.000,0.000,0.013,1.093,0.621,0.157,3.082,0.113,11.680,81.577
Cer77_rep1_Dep6_Tu20,0.000,0.304,33.599,0.002,0.015,0.000,0.179,3.158,2.160,0.113,3.579,0.208,10.244,46.439
Cer77_rep4_Dep6_Tu30,0.000,0.056,44.997,0.000,0.003,0.000,0.068,6.144,1.670,0.127,3.537,0.163,6.713,36.522
Cer77_rep10_Dep6_Tu0.5,0.000,1.636,0.000,0.000,0.001,0.000,0.091,1.179,0.364,0.434,2.997,0.034,11.266,82.000
Cer77_rep5_Dep6_Tu10,0.000,1.507,16.412,0.000,0.005,0.000,0.022,2.102,0.683,0.157,3.224,0.275,10.256,65.357
Cer77_rep9_Dep6_Tu1,0.001,2.212,0.001,0.000,0.008,0.000,0.050,1.124,0.924,0.205,3.167,0.069,8.905,83.335
Cer77_rep1_Dep6_Tu10,0.003,2.987,15.896,0.005,0.050,0.000,0.063,1.753,1.625,0.179,3.647,0.059,11.139,62.594
Cer77_rep8_Dep6_Tu0.1,0.000,1.384,0.000,0.000,0.000,0.000,0.081,0.522,1.380,0.398,3.848,0.109,12.347,79.929
Cer77_rep9_Dep6_Tu10,0.000,1.850,16.876,0.000,0.011,0.000,0.054,2.579,0.369,0.228,4.329,0.194,9.721,63.789
Cer77_rep7_Dep6_Tu0.1,0.000,0.522,0.000,0.000,0.010,0.000,0.020,1.078,0.535,0.345,2.830,0.023,10.234,84.403
