Sample,BRCA,CEAD,CESC,COAD,OV,READ,bcell,cd4tcell,cd8tcell,erythroblast,monocyte,naturalkillercell,neutrophil
Cer77_rep9_Dep6_Tu3,0.031,0.934,0.157,0.093,2.515,0.000,0.524,0.341,22.264,0.625,6.530,1.163,64.823
Cer77_rep5_Dep6_Tu30,8.323,12.513,4.274,2.173,7.271,11.612,0.000,7.400,6.074,3.067,4.178,2.911,30.204
Cer77_rep3_Dep6_Tu30,8.652,14.197,4.269,2.066,10.711,14.259,0.000,3.677,4.222,2.660,3.172,3.130,28.985
Cer77_rep8_Dep6_Tu50,5.939,16.814,5.224,5.622,12.777,15.995,0.000,11.238,0.000,3.308,2.247,3.234,17.602
Cer77_rep1_Dep6_Tu1,0.012,0.740,0.024,0.000,0.446,0.000,3.085,0.272,20.876,1.147,8.208,0.698,64.492
Cer77_rep7_Dep6_Tu3,0.077,1.154,0.090,0.044,0.859,2.711,1.467,0.392,19.456,1.217,7.584,0.362,64.589
Cer77_rep10_Dep6_Tu2,0.012,0.890,0.083,0.065,0.865,0.000,0.402,0.419,26.019,1.176,4.910,0.660,64.500
Cer77_rep2_Dep6_Tu0.5,0.000,0.488,0.012,0.000,0.645,0.000,0.091,0.185,30.452,0.475,3.411,0.882,63.358
Cer77_rep3_Dep6_Tu20,5.884,10.976,2.779,1.067,9.014,3.705,0.000,2.544,15.717,1.825,3.733,2.650,40.106
Cer77_rep1_Dep6_Tu2,0.114,0.811,0.057,0.014,1.288,0.146,0.603,0.000,30.305,0.597,4.104,0.750,61.213
Cer77_rep2_Dep6_Tu5,0.278,2.644,0.377,0.164,3.688,0.527,0.079,0.640,20.703,0.764,2.197,0.847,67.092
Cer77_rep5_Dep6_Tu0.5,0.000,0.215,0.013,0.000,0.517,0.237,0.156,0.223,30.450,0.571,3.177,0.533,63.907
Cer77_rep2_Dep6_Tu50,10.141,17.562,7.055,5.411,13.721,14.789,0.000,5.830,0.000,2.602,2.082,3.370,17.437
Cer77_rep9_Dep6_Tu0.5,0.000,0.193,0.040,0.000,0.954,0.400,0.123,0.326,30.371,0.393,3.054,0.387,63.759
Cer77_rep4_Dep6_Tu10,2.055,4.682,1.463,0.306,4.984,4.497,0.000,1.178,22.843,1.208,4.462,0.770,51.550
Cer77_rep9_Dep6_Tu20,4.471,11.778,2.414,0.964,4.788,7.848,0.000,4.986,13.564,2.902,3.392,2.394,40.499
Cer77_rep3_Dep6_Tu10,2.553,5.105,1.275,0.321,1.808,3.798,0.000,2.189,21.878,2.273,5.945,1.083,51.772
Cer77_rep6_Dep6_Tu5,0.497,3.019,0.521,0.057,0.746,1.020,0.747,0.771,26.654,1.660,3.953,0.399,59.956
Cer77_rep5_Dep6_Tu1,0.000,0.561,0.051,0.000,0.542,0.000,0.448,0.363,24.687,0.845,6.974,0.339,65.190
Cer77_rep5_Dep6_Tu0.3,0.000,0.139,0.019,0.000,0.255,1.073,1.477,0.479,21.150,0.817,7.743,0.284,66.565
Cer77_rep4_Dep6_Tu50,6.717,18.791,5.551,4.610,12.746,12.863,0.000,12.386,0.000,3.362,2.268,3.796,16.908
Cer77_rep6_Dep6_Tu0.3,0.000,0.212,0.025,0.000,0.644,0.000,0.656,0.226,23.250,0.625,6.459,0.709,67.196
Cer77_rep4_Dep6_Tu40,10.458,17.526,4.816,3.440,12.492,15.768,0.000,4.168,0.000,3.224,2.466,2.913,22.728
Cer77_rep10_Dep6_Tu5,0.563,2.974,0.453,0.137,0.946,1.511,0.000,1.119,26.249,1.858,4.786,0.727,58.677
Cer77_rep3_Dep6_Tu1,0.000,0.186,0.044,0.022,1.864,0.553,0.582,0.022,22.892,0.668,6.492,0.905,65.770
Cer77_rep8_Dep6_Tu40,9.135,14.597,5.617,3.050,15.352,14.943,0.000,8.267,0.000,2.827,1.841,2.778,21.593
Cer77_rep7_Dep6_Tu0.3,0.000,0.281,0.000,0.000,0.494,0.348,0.268,0.100,30.230,0.471,3.661,0.307,63.841
Cer77_rep3_Dep6_Tu0.1,0.000,0.214,0.002,0.000,1.214,0.000,0.207,0.250,23.113,0.468,6.319,0.906,67.307
Cer77_rep4_Dep6_Tu0.3,0.000,0.244,0.009,0.000,0.487,0.260,0.628,0.062,27.826,0.643,4.490,0.551,64.799
Cer77_rep6_Dep6_Tu2,0.012,0.733,0.089,0.036,0.721,1.327,0.703,0.619,20.765,1.098,7.018,0.523,66.358
Cer77_rep6_Dep6_Tu20,4.373,15.354,2.268,1.249,4.198,5.687,0.000,3.824,13.566,2.965,2.086,1.475,42.953
Cer77_rep9_Dep6_Tu40,7.561,11.998,5.636,4.661,14.385,14.170,0.000,8.457,0.000,2.994,3.202,3.515,23.419
Cer77_rep6_Dep6_Tu40,9.973,14.792,6.253,3.347,13.515,14.470,0.000,6.256,0.000,3.078,2.483,2.874,22.957
Cer77_rep8_Dep6_Tu5,0.323,2.594,0.310,0.098,1.825,3.027,0.765,1.258,18.230,1.488,5.769,1.027,63.286
Cer77_rep5_Dep6_Tu50,11.387,16.905,6.652,5.794,15.034,10.885,0.000,7.440,0.000,3.140,2.594,3.327,16.842
Cer77_rep1_Dep6_Tu30,9.380,11.314,4.993,2.091,10.262,11.916,0.000,4.357,5.787,3.085,2.913,4.358,29.546
Cer77_rep2_Dep6_Tu20,5.423,11.247,2.737,1.222,3.938,7.717,0.000,3.087,13.657,3.528,4.335,2.238,40.871
Cer77_rep4_Dep6_Tu0.5,0.000,0.230,0.010,0.000,0.337,0.642,1.268,0.233,21.250,1.229,7.470,0.210,67.121
Cer77_rep2_Dep6_Tu40,4.980,19.058,5.075,3.894,11.295,11.113,0.000,10.113,0.000,3.227,4.716,3.162,23.368
Cer77_rep8_Dep6_Tu30,9.326,11.291,5.001,1.844,12.046,8.815,0.000,4.507,7.502,3.899,3.982,3.253,28.532
Cer77_rep3_Dep6_Tu40,7.472,11.383,5.507,4.231,14.988,14.734,0.000,6.937,0.000,3.347,3.000,4.455,23.946
Cer77_rep4_Dep6_Tu0.1,0.000,0.183,0.007,0.000,0.108,0.000,0.106,0.529,29.187,1.024,6.241,0.406,62.207
Cer77_rep2_Dep6_Tu1,0.006,0.571,0.042,0.000,0.595,0.000,0.419,0.328,26.921,0.900,5.080,0.638,64.500
Cer77_rep3_Dep6_Tu3,0.245,1.614,0.069,0.029,1.267,0.706,0.585,0.327,26.231,1.182,4.275,1.091,62.379
Cer77_rep2_Dep6_Tu30,9.305,14.661,4.108,2.950,11.835,7.230,0.000,4.841,5.962,2.078,2.971,4.743,29.316
Cer77_rep9_Dep6_Tu30,5.574,10.213,5.527,2.270,13.856,14.397,0.000,3.844,2.350,2.825,5.124,4.767,29.254
Cer77_rep7_Dep6_Tu20,5.274,7.641,2.942,0.888,9.146,9.664,0.000,3.293,14.845,1.250,3.197,2.095,39.765
Cer77_rep6_Dep6_Tu1,0.000,0.518,0.027,0.000,0.633,0.217,0.110,0.331,28.023,0.682,4.674,0.544,64.242
Cer77_rep7_Dep6_Tu50,9.504,18.707,6.488,4.405,11.653,12.699,0.000,12.910,0.000,2.220,2.585,2.591,16.238
Cer77_rep3_Dep6_Tu5,0.231,1.900,0.394,0.096,2.681,1.570,0.277,0.699,25.813,1.100,4.723,0.929,59.586
Cer77_rep8_Dep6_Tu0.5,0.000,0.845,0.024,0.000,0.248,0.000,0.774,0.405,28.640,0.985,3.610,0.495,63.975
Cer77_rep9_Dep6_Tu0.3,0.000,0.320,0.010,0.000,0.645,0.000,0.081,0.300,30.649,0.523,3.423,0.854,63.196
Cer77_rep6_Dep6_Tu0.5,0.020,0.507,0.030,0.000,0.374,0.000,2.790,0.225,20.809,1.228,7.542,0.560,65.915
Cer77_rep7_Dep6_Tu1,0.000,0.276,0.030,0.000,0.770,0.000,0.185,0.235,30.131,0.632,3.292,0.541,63.908
Cer77_rep5_Dep6_Tu3,0.020,1.306,0.105,0.082,1.789,0.000,0.000,0.458,29.695,0.425,3.112,0.561,62.447
Cer77_rep10_Dep6_Tu3,0.131,0.961,0.068,0.015,1.391,0.536,0.442,0.481,24.756,1.053,5.208,0.553,64.405
Cer77_rep9_Dep6_Tu5,0.232,2.209,0.483,0.100,2.067,1.800,0.143,0.889,22.248,1.320,7.519,0.841,60.149
Cer77_rep10_Dep6_Tu20,2.731,12.468,2.561,1.387,6.437,11.656,0.000,3.644,6.912,2.737,4.836,2.578,42.053
Cer77_rep1_Dep6_Tu3,0.061,1.420,0.105,0.066,0.561,0.842,0.428,0.565,27.820,1.252,7.752,0.637,58.492
Cer77_rep5_Dep6_Tu2,0.020,0.814,0.161,0.005,0.727,1.838,0.609,0.358,19.816,1.135,6.976,0.710,66.830
Cer77_rep5_Dep6_Tu5,0.133,2.101,0.277,0.084,1.498,4.501,1.267,1.807,17.719,1.531,6.294,0.523,62.264
Cer77_rep8_Dep6_Tu2,0.040,0.345,0.057,0.050,2.218,0.768,0.181,0.133,22.592,0.722,8.134,1.462,63.298
Cer77_rep8_Dep6_Tu10,1.265,6.913,1.175,0.600,3.559,2.047,0.955,1.696,15.731,2.087,6.409,2.289,55.273
Cer77_rep10_Dep6_Tu30,8.754,14.506,4.386,1.704,7.873,12.945,0.000,6.031,3.325,3.752,2.838,3.154,30.733
Cer77_rep10_Dep6_Tu0.1,0.000,0.223,0.001,0.000,0.243,0.000,0.326,0.413,27.802,0.793,5.553,0.421,64.223
Cer77_rep6_Dep6_Tu3,0.093,1.361,0.085,0.065,0.674,0.652,0.694,0.519,27.790,1.424,4.247,0.269,62.128
Cer77_rep7_Dep6_Tu10,2.417,3.705,1.172,0.295,5.277,4.730,0.000,1.454,23.316,0.967,2.378,0.803,53.486
Cer77_rep1_Dep6_Tu0.1,0.000,0.267,0.004,0.000,0.553,0.000,0.292,0.182,30.885,0.621,3.542,0.503,63.151
Cer77_rep10_Dep6_Tu50,6.883,22.856,5.632,6.510,12.213,11.517,0.000,9.779,0.000,2.276,2.616,2.744,16.975
Cer77_rep3_Dep6_Tu2,0.066,0.802,0.101,0.017,0.439,0.811,1.220,0.387,28.237,1.568,6.633,0.518,59.199
Cer77_rep2_Dep6_Tu10,2.550,4.936,1.491,0.308,5.182,2.856,0.000,1.468,22.806,1.774,3.904,1.196,51.529
Cer77_rep4_Dep6_Tu5,0.215,2.021,0.485,0.149,1.779,3.954,0.559,1.152,18.246,1.413,8.230,0.775,61.023
Cer77_rep4_Dep6_Tu2,0.000,0.637,0.042,0.030,2.563,0.476,1.655,0.095,22.699,0.649,5.329,0.713,65.112
Cer77_rep8_Dep6_Tu3,0.255,1.358,0.113,0.030,2.839,0.381,0.558,0.197,21.302,0.697,2.683,0.992,68.596
Cer77_rep7_Dep6_Tu5,0.504,1.737,0.544,0.075,0.891,2.028,0.150,1.381,26.301,1.273,7.793,0.643,56.679
Cer77_rep4_Dep6_Tu3,0.216,1.331,0.289,0.048,3.109,0.570,0.063,0.749,21.404,0.674,3.567,0.995,66.985
Cer77_rep7_Dep6_Tu2,0.029,0.851,0.111,0.000,0.306,0.357,0.415,0.475,28.537,1.158,4.632,0.376,62.752
Cer77_rep10_Dep6_Tu40,7.293,14.732,5.436,4.338,10.605,10.189,0.000,12.733,0.000,4.505,2.347,3.189,24.631
Cer77_rep6_Dep6_Tu10,0.806,5.753,0.913,0.532,7.503,3.106,0.847,0.359,17.146,1.557,4.812,2.059,54.609
Cer77_rep6_Dep6_Tu50,5.186,18.257,6.672,5.478,12.460,16.237,0.000,8.279,0.000,2.375,3.317,3.161,18.579
Cer77_rep2_Dep6_Tu2,0.074,0.923,0.067,0.004,0.563,0.616,0.731,0.467,28.119,1.076,5.184,0.408,61.768
Cer77_rep1_Dep6_Tu5,0.555,3.422,0.249,0.046,0.641,0.704,1.711,0.542,26.479,1.413,3.579,0.376,60.284
Cer77_rep5_Dep6_Tu0.1,0.000,0.212,0.006,0.000,0.362,0.000,0.229,0.212,30.956,0.519,4.131,0.475,62.897
Cer77_rep9_Dep6_Tu50,12.637,14.973,6.892,4.983,13.176,15.092,0.000,5.984,0.000,3.265,1.735,3.106,18.157
Cer77_rep10_Dep6_Tu0.3,0.000,0.202,0.008,0.000,0.411,0.000,0.608,0.311,27.439,0.573,4.233,0.768,65.445
Cer77_rep3_Dep6_Tu0.3,0.000,0.756,0.015,0.000,0.200,0.000,0.687,0.417,28.711,0.972,3.650,0.498,64.095
Cer77_rep1_Dep6_Tu0.5,0.000,0.546,0.050,0.000,0.178,0.000,0.417,0.522,28.610,1.020,4.752,0.442,63.463
Cer77_rep4_Dep6_Tu1,0.000,0.365,0.018,0.000,0.526,1.172,1.988,0.132,20.496,1.079,8.004,0.302,65.918
Cer77_rep2_Dep6_Tu0.3,0.004,0.451,0.011,0.000,0.865,0.000,0.291,0.276,22.883,0.461,2.608,0.555,71.595
Cer77_rep10_Dep6_Tu10,1.398,5.784,1.251,0.365,4.673,3.918,0.485,1.259,19.956,2.098,6.382,1.327,51.103
Cer77_rep3_Dep6_Tu50,11.239,19.135,5.565,4.056,9.841,15.061,0.000,8.798,0.000,3.077,2.445,3.269,17.512
Cer77_rep3_Dep6_Tu0.5,0.000,0.248,0.027,0.000,0.687,0.000,0.693,0.228,23.169,0.657,6.459,0.714,67.119
Cer77_rep5_Dep6_Tu40,7.301,15.003,4.768,3.032,12.510,14.832,0.000,9.482,0.000,3.289,2.461,4.591,22.730
Cer77_rep9_Dep6_Tu2,0.035,0.476,0.063,0.022,1.063,0.713,0.007,0.514,29.270,0.534,3.843,0.511,62.948
Cer77_rep8_Dep6_Tu20,3.638,8.357,3.198,1.466,11.104,8.332,0.584,3.736,9.333,1.896,4.790,2.522,41.043
Cer77_rep7_Dep6_Tu0.5,0.000,0.809,0.000,0.000,0.189,0.000,1.166,0.416,28.346,1.113,2.479,0.212,65.268
Cer77_rep1_Dep6_Tu50,7.033,14.999,6.364,6.267,14.948,12.818,0.000,13.151,0.000,2.764,1.933,3.003,16.723
Cer77_rep10_Dep6_Tu1,0.041,0.523,0.017,0.000,1.372,0.000,0.560,0.191,22.607,0.469,2.659,0.664,70.897
Cer77_rep8_Dep6_Tu0.3,0.000,0.280,0.012,0.000,0.629,0.000,0.092,0.282,30.680,0.509,3.461,0.846,63.209
Cer77_rep4_Dep6_Tu20,4.953,9.918,2.782,1.237,7.477,11.317,0.000,2.755,7.487,3.655,4.012,3.090,41.317
Cer77_rep7_Dep6_Tu30,9.299,11.606,4.857,1.637,11.223,12.655,0.000,4.233,6.330,2.734,2.861,3.047,29.518
Cer77_rep7_Dep6_Tu40,6.520,12.769,5.711,4.187,15.481,15.160,0.000,5.620,0.000,4.107,3.836,3.954,22.656
Cer77_rep9_Dep6_Tu0.1,0.000,0.462,0.009,0.000,0.368,0.000,1.918,0.271,21.342,0.728,8.160,0.449,66.292
Cer77_rep5_Dep6_Tu20,2.975,12.418,2.972,1.341,6.783,7.022,0.000,5.248,7.450,4.108,7.035,2.155,40.493
Cer77_rep8_Dep6_Tu1,0.000,0.278,0.004,0.000,1.456,0.000,0.707,0.112,23.144,0.564,5.950,0.521,67.263
Cer77_rep6_Dep6_Tu0.1,0.000,0.320,0.000,0.000,0.121,0.000,0.968,0.235,29.297,1.016,3.986,0.277,63.780
Cer77_rep2_Dep6_Tu3,0.109,1.169,0.107,0.024,1.269,0.817,0.133,0.339,26.507,0.835,5.230,0.680,62.779
Cer77_rep1_Dep6_Tu0.3,0.000,0.248,0.021,0.000,0.209,0.480,0.298,0.334,28.987,1.125,7.445,0.481,60.370
Cer77_rep1_Dep6_Tu40,6.272,16.788,4.157,2.849,14.151,13.591,0.000,10.604,0.000,1.790,1.913,2.692,25.192
Cer77_rep6_Dep6_Tu30,4.835,12.510,3.469,1.772,9.231,16.684,0.000,11.152,1.004,1.904,3.810,2.212,31.417
Cer77_rep2_Dep6_Tu0.1,0.000,0.217,0.018,0.000,1.182,0.000,1.245,0.092,23.086,0.476,3.828,0.660,69.195
Cer77_rep1_Dep6_Tu20,2.457,10.624,3.469,1.337,6.447,12.452,0.000,3.412,6.621,2.688,4.740,2.656,43.096
Cer77_rep4_Dep6_Tu30,7.326,16.513,3.849,2.546,11.319,7.555,0.000,3.425,7.671,2.146,3.130,4.049,30.470
Cer77_rep10_Dep6_Tu0.5,0.000,0.277,0.021,0.000,0.504,0.184,0.000,0.394,25.723,0.883,5.349,0.597,66.069
Cer77_rep5_Dep6_Tu10,0.977,3.523,1.435,0.414,7.411,3.586,0.000,1.301,17.099,1.336,5.782,2.295,54.840
Cer77_rep9_Dep6_Tu1,0.039,0.557,0.026,0.022,1.162,0.000,0.646,0.041,30.562,0.635,4.568,0.475,61.265
Cer77_rep1_Dep6_Tu10,0.777,5.655,1.053,0.554,3.693,7.015,1.806,1.288,14.189,1.888,7.548,0.769,53.765
Cer77_rep8_Dep6_Tu0.1,0.000,0.281,0.014,0.000,0.467,0.000,0.728,0.591,21.968,1.051,6.716,0.691,67.494
Cer77_rep9_Dep6_Tu10,1.105,2.535,1.818,0.424,8.142,5.685,0.000,0.851,16.087,1.790,7.139,2.991,51.433
Cer77_rep7_Dep6_Tu0.1,0.000,0.181,0.006,0.000,0.824,0.000,0.085,0.331,30.639,0.318,2.866,0.325,64.426
