Sample,BRCA,CEAD,CESC,COAD,OV,READ,bcell,cd4tcell,cd8tcell,erythroblast,monocyte,naturalkillercell,neutrophil
Cer77_rep9_Dep6_Tu3,0.584,3.316,1.042,1.781,1.998,0.000,2.850,0.867,2.571,12.326,8.253,2.882,61.528
Cer77_rep5_Dep6_Tu30,5.148,9.354,6.090,9.128,7.844,1.344,4.094,5.297,0.000,4.639,4.673,3.769,38.619
Cer77_rep3_Dep6_Tu30,4.976,11.459,5.901,9.378,8.091,1.164,3.821,3.358,0.000,5.724,4.147,2.500,39.480
Cer77_rep8_Dep6_Tu50,7.828,13.662,8.563,13.410,10.209,2.149,4.359,6.938,0.000,0.000,2.903,3.905,26.074
Cer77_rep1_Dep6_Tu1,0.774,2.909,0.541,0.000,1.555,0.580,3.130,0.381,3.845,10.867,8.948,2.845,63.624
Cer77_rep7_Dep6_Tu3,1.251,4.523,1.113,0.740,2.191,0.807,2.879,2.211,0.650,11.032,8.199,2.680,61.724
Cer77_rep10_Dep6_Tu2,0.081,3.451,0.820,0.707,2.262,0.018,2.907,3.305,0.000,10.893,8.536,2.795,64.225
Cer77_rep2_Dep6_Tu0.5,0.000,2.817,0.233,0.000,1.673,0.000,2.198,2.421,0.000,13.550,8.067,3.136,65.903
Cer77_rep3_Dep6_Tu20,3.637,7.805,4.452,6.829,6.411,0.785,3.470,3.359,0.000,7.572,5.380,3.251,47.050
Cer77_rep1_Dep6_Tu2,0.818,3.386,0.722,0.411,2.271,0.641,2.465,0.629,2.308,11.518,8.466,3.242,63.124
Cer77_rep2_Dep6_Tu5,1.464,5.550,1.263,2.170,2.532,0.292,2.424,2.973,0.000,10.955,7.160,2.875,60.342
Cer77_rep5_Dep6_Tu0.5,0.236,2.209,0.350,0.000,1.911,0.386,2.603,2.636,0.000,12.176,8.538,3.281,65.674
Cer77_rep2_Dep6_Tu50,6.796,14.714,8.789,13.570,11.458,1.676,3.029,6.651,0.000,0.276,3.875,3.561,25.605
Cer77_rep9_Dep6_Tu0.5,0.000,1.482,0.640,0.000,2.150,0.471,2.327,4.486,0.000,12.173,8.725,2.622,64.924
Cer77_rep4_Dep6_Tu10,2.895,5.101,2.894,3.419,3.908,1.021,2.857,3.034,0.000,8.992,9.020,2.418,54.439
Cer77_rep9_Dep6_Tu20,3.396,6.521,4.643,6.786,6.441,1.099,4.109,5.254,0.000,6.433,4.892,3.058,47.367
Cer77_rep3_Dep6_Tu10,2.468,6.417,2.393,2.781,3.634,0.641,3.790,5.116,0.000,8.135,6.967,2.523,55.135
Cer77_rep6_Dep6_Tu5,1.359,3.984,1.738,0.997,2.697,0.528,2.869,3.783,0.000,10.728,7.995,2.724,60.597
Cer77_rep5_Dep6_Tu1,0.494,2.879,0.665,0.000,1.462,0.243,2.622,3.080,0.000,12.007,10.237,2.768,63.541
Cer77_rep5_Dep6_Tu0.3,0.200,1.923,0.626,0.000,1.285,0.606,2.790,4.001,1.120,11.417,8.772,2.660,64.601
Cer77_rep4_Dep6_Tu50,7.588,13.189,8.716,13.513,11.332,1.875,4.197,6.979,0.000,0.000,3.517,3.351,25.742
Cer77_rep6_Dep6_Tu0.3,0.000,2.125,0.396,0.000,0.839,0.000,2.399,2.621,2.703,11.651,9.237,2.802,65.227
Cer77_rep4_Dep6_Tu40,6.065,12.695,7.192,11.686,10.340,1.707,3.626,5.350,0.000,2.523,3.910,3.049,31.856
Cer77_rep10_Dep6_Tu5,1.482,4.878,1.502,1.218,3.145,0.694,3.411,3.131,0.000,10.596,8.011,2.328,59.605
Cer77_rep3_Dep6_Tu1,0.232,3.270,0.434,0.187,2.033,0.502,2.772,0.797,2.432,10.971,8.974,3.285,64.111
Cer77_rep8_Dep6_Tu40,6.442,9.598,7.857,11.579,10.621,2.236,3.851,7.045,0.000,1.655,3.756,3.160,32.201
Cer77_rep7_Dep6_Tu0.3,0.480,2.656,0.356,0.000,1.288,0.354,2.731,2.263,0.000,12.563,9.168,2.554,65.586
Cer77_rep3_Dep6_Tu0.1,0.201,3.944,0.027,0.000,1.796,0.183,2.157,1.780,0.556,11.771,10.402,3.178,64.007
Cer77_rep4_Dep6_Tu0.3,0.084,2.428,0.428,0.000,1.522,0.263,2.699,1.301,0.893,14.730,7.816,2.731,65.106
Cer77_rep6_Dep6_Tu2,0.509,3.034,0.934,0.000,1.743,0.544,2.702,4.115,0.666,10.855,9.426,2.303,63.168
Cer77_rep6_Dep6_Tu20,3.712,9.248,4.893,6.421,5.936,1.046,3.228,4.988,0.000,5.969,3.715,2.867,47.977
Cer77_rep9_Dep6_Tu40,6.446,11.245,7.568,12.595,9.642,1.782,3.578,5.765,0.000,1.321,3.634,3.615,32.809
Cer77_rep6_Dep6_Tu40,6.377,11.570,7.823,11.862,9.505,1.666,3.776,4.439,0.000,2.904,3.040,3.261,33.778
Cer77_rep8_Dep6_Tu5,1.823,4.124,1.607,0.413,2.299,1.040,3.379,3.497,0.487,9.315,8.719,2.911,60.387
Cer77_rep5_Dep6_Tu50,8.020,13.656,8.609,13.293,10.785,2.132,3.500,5.235,0.000,1.269,3.340,3.314,26.847
Cer77_rep1_Dep6_Tu30,5.037,10.523,6.405,10.751,7.433,1.333,3.358,5.412,0.000,3.128,3.996,3.385,39.239
Cer77_rep2_Dep6_Tu20,3.727,8.072,4.518,6.445,5.846,0.667,3.887,4.138,0.000,7.454,5.601,2.925,46.722
Cer77_rep4_Dep6_Tu0.5,0.630,2.663,0.372,0.000,1.726,0.649,3.112,1.651,1.927,11.534,9.281,2.477,63.979
Cer77_rep2_Dep6_Tu40,6.527,13.271,7.693,11.342,8.419,1.798,4.052,6.708,0.000,0.413,3.846,3.215,32.719
Cer77_rep8_Dep6_Tu30,5.573,10.263,6.185,9.397,8.232,1.189,3.917,4.059,0.000,4.240,5.197,3.361,38.388
Cer77_rep3_Dep6_Tu40,6.936,12.463,7.298,11.331,8.682,1.875,3.340,5.215,0.000,1.939,4.092,3.694,33.136
Cer77_rep4_Dep6_Tu0.1,0.228,2.742,0.135,0.000,1.041,0.000,3.256,4.434,0.000,11.452,9.027,2.319,65.367
Cer77_rep2_Dep6_Tu1,0.047,3.142,0.635,0.000,1.069,0.186,2.840,3.291,0.000,12.435,9.952,2.473,63.931
Cer77_rep3_Dep6_Tu3,1.005,4.745,0.865,0.356,1.609,0.488,2.853,3.157,0.000,11.595,7.873,2.824,62.630
Cer77_rep2_Dep6_Tu30,5.300,10.016,5.738,9.805,7.334,1.171,2.626,4.588,0.000,5.821,4.550,4.051,39.001
Cer77_rep9_Dep6_Tu30,4.476,10.396,6.305,9.208,8.019,1.541,3.391,3.423,0.000,5.526,5.257,3.809,38.650
Cer77_rep7_Dep6_Tu20,3.964,8.204,4.308,6.119,6.443,1.415,2.648,4.656,0.000,6.629,6.884,2.978,45.751
Cer77_rep6_Dep6_Tu1,0.009,2.954,0.627,0.000,2.040,0.151,2.358,2.554,0.000,13.024,8.633,3.203,64.448
Cer77_rep7_Dep6_Tu50,7.410,12.706,8.658,13.791,10.646,1.457,3.487,7.994,0.000,1.407,3.319,3.200,25.924
Cer77_rep3_Dep6_Tu5,0.897,3.882,1.394,1.908,3.364,0.415,2.784,3.509,0.524,10.720,7.496,3.429,59.678
Cer77_rep8_Dep6_Tu0.5,0.236,2.910,0.656,0.000,1.298,0.000,3.058,3.725,1.232,11.170,7.470,2.434,65.810
Cer77_rep9_Dep6_Tu0.3,0.132,2.433,0.171,0.000,1.428,0.033,2.759,2.407,0.000,13.355,8.202,2.677,66.403
Cer77_rep6_Dep6_Tu0.5,0.834,2.980,0.386,0.000,1.382,0.412,3.264,1.810,1.849,11.072,8.066,2.627,65.318
Cer77_rep7_Dep6_Tu1,0.000,2.047,0.518,0.169,2.670,0.000,2.944,3.692,0.000,12.564,7.765,2.666,64.965
Cer77_rep5_Dep6_Tu3,0.247,3.771,1.094,1.099,2.039,0.233,2.204,3.000,0.000,12.541,7.835,2.907,63.030
Cer77_rep10_Dep6_Tu3,1.441,4.113,0.973,0.161,2.073,0.669,3.342,3.122,0.000,11.198,7.544,2.660,62.704
Cer77_rep9_Dep6_Tu5,1.392,3.899,1.708,1.247,2.775,0.654,3.067,3.744,0.000,10.017,8.795,3.029,59.675
Cer77_rep10_Dep6_Tu20,3.334,8.931,4.468,6.600,6.697,1.495,3.268,3.512,0.000,7.266,5.334,3.329,45.766
Cer77_rep1_Dep6_Tu3,0.640,3.922,1.151,0.274,1.523,0.610,3.250,3.128,0.000,11.179,9.871,2.790,61.663
Cer77_rep5_Dep6_Tu2,0.545,3.594,1.157,0.155,1.603,0.259,2.693,2.419,0.000,12.613,8.572,2.532,63.858
Cer77_rep5_Dep6_Tu5,1.096,4.316,1.715,1.047,2.346,0.834,3.108,5.905,0.000,10.095,7.526,2.351,59.662
Cer77_rep8_Dep6_Tu2,0.630,3.180,0.691,0.556,2.314,0.568,2.623,0.576,0.357,12.862,9.815,3.564,62.264
Cer77_rep8_Dep6_Tu10,2.473,5.901,2.555,3.968,3.548,0.765,3.185,3.329,0.811,8.025,7.416,2.904,55.121
Cer77_rep10_Dep6_Tu30,5.094,11.332,6.145,9.131,7.269,1.388,3.691,5.433,0.000,3.604,3.903,3.360,39.649
Cer77_rep10_Dep6_Tu0.1,0.255,3.007,0.000,0.000,1.243,0.031,2.708,3.096,0.000,12.686,9.010,2.936,65.027
Cer77_rep6_Dep6_Tu3,1.299,2.777,1.021,0.699,2.344,0.866,2.992,4.349,0.000,10.884,8.040,2.111,62.617
Cer77_rep7_Dep6_Tu10,1.580,5.126,2.823,3.376,4.223,0.899,3.329,4.769,0.000,8.579,6.559,2.805,55.931
Cer77_rep1_Dep6_Tu0.1,0.186,2.600,0.215,0.000,1.441,0.000,2.123,2.159,1.005,12.888,8.644,2.903,65.835
Cer77_rep10_Dep6_Tu50,6.692,14.256,8.717,13.920,11.077,1.604,3.378,5.891,0.000,1.974,3.308,3.039,26.144
Cer77_rep3_Dep6_Tu2,0.828,2.630,1.352,0.006,2.518,0.877,3.648,2.523,2.026,9.368,8.893,2.222,63.112
Cer77_rep2_Dep6_Tu10,2.158,6.324,2.596,3.575,4.281,0.118,2.994,4.504,0.000,9.767,6.607,2.147,54.929
Cer77_rep4_Dep6_Tu5,1.613,4.301,1.707,1.527,2.619,0.945,3.141,3.682,0.000,10.132,8.315,2.635,59.385
Cer77_rep4_Dep6_Tu2,0.430,4.003,0.492,0.690,2.742,0.592,2.246,1.311,2.540,10.285,8.975,2.926,62.768
Cer77_rep8_Dep6_Tu3,1.093,4.455,0.950,0.991,2.435,0.484,2.626,1.834,0.354,12.005,7.687,3.065,62.022
Cer77_rep7_Dep6_Tu5,1.633,3.617,1.973,1.077,2.815,0.543,2.346,5.313,0.000,9.495,9.235,2.281,59.672
Cer77_rep4_Dep6_Tu3,1.081,4.018,0.885,1.147,2.244,0.371,1.987,4.148,0.000,10.617,8.237,3.235,62.029
Cer77_rep7_Dep6_Tu2,0.614,2.897,0.879,0.000,1.723,0.305,2.652,3.069,0.000,12.438,8.919,2.749,63.756
Cer77_rep10_Dep6_Tu40,7.430,12.126,7.559,11.262,9.525,1.934,4.132,5.981,0.000,1.487,2.359,3.541,32.663
Cer77_rep6_Dep6_Tu10,2.141,5.925,2.411,4.079,4.186,1.047,3.205,0.363,1.316,9.639,6.344,3.620,55.726
Cer77_rep6_Dep6_Tu50,6.740,13.994,8.786,14.157,10.470,1.608,3.224,5.832,0.000,1.820,2.751,3.152,27.466
Cer77_rep2_Dep6_Tu2,1.004,3.045,0.781,0.000,2.209,0.794,2.814,3.359,0.000,11.359,9.743,2.617,62.277
Cer77_rep1_Dep6_Tu5,1.441,4.016,1.636,0.649,3.000,1.041,2.849,3.594,2.256,9.315,7.534,2.688,59.981
Cer77_rep5_Dep6_Tu0.1,0.171,2.459,0.193,0.000,1.557,0.000,2.538,3.176,0.000,12.237,9.491,2.792,65.385
Cer77_rep9_Dep6_Tu50,7.455,13.111,9.249,14.253,11.426,1.896,3.538,4.913,0.000,0.000,3.284,3.831,27.044
Cer77_rep10_Dep6_Tu0.3,0.171,2.553,0.362,0.000,1.316,0.000,2.369,4.814,0.000,12.090,8.047,2.796,65.483
Cer77_rep3_Dep6_Tu0.3,0.090,2.774,0.468,0.000,1.224,0.000,3.160,4.007,1.148,11.317,7.514,2.396,65.904
Cer77_rep1_Dep6_Tu0.5,0.000,2.286,0.785,0.000,1.358,0.000,3.179,4.362,0.000,11.887,9.234,2.215,64.696
Cer77_rep4_Dep6_Tu1,0.514,3.636,0.631,0.000,1.723,0.464,2.731,1.086,1.681,10.622,10.186,2.824,63.903
Cer77_rep2_Dep6_Tu0.3,0.571,4.061,0.354,0.000,1.084,0.258,2.357,2.473,0.000,12.783,8.066,3.095,64.897
Cer77_rep10_Dep6_Tu10,1.793,5.542,2.605,3.262,4.591,0.696,2.999,4.545,0.000,9.251,6.984,2.856,54.875
Cer77_rep3_Dep6_Tu50,7.931,13.390,8.759,12.964,11.470,2.326,4.034,5.798,0.000,0.553,3.254,3.413,26.107
Cer77_rep3_Dep6_Tu0.5,0.000,2.259,0.463,0.000,0.968,0.000,2.425,2.630,2.475,11.603,9.363,2.812,65.002
Cer77_rep5_Dep6_Tu40,6.709,11.969,7.019,11.442,9.449,1.975,4.010,6.695,0.000,1.627,3.643,3.906,31.556
Cer77_rep9_Dep6_Tu2,0.882,3.182,0.721,0.344,1.985,0.408,2.740,3.498,0.000,12.201,8.390,2.144,63.504
Cer77_rep8_Dep6_Tu20,3.251,8.545,4.574,7.634,5.748,0.962,2.654,4.467,0.724,5.957,5.546,3.158,46.780
Cer77_rep7_Dep6_Tu0.5,0.273,3.374,0.608,0.000,1.402,0.334,2.701,4.423,1.487,10.511,6.788,2.477,65.621
Cer77_rep1_Dep6_Tu50,7.533,12.899,8.851,14.014,10.310,1.908,4.096,8.122,0.000,0.155,2.683,2.694,26.735
Cer77_rep10_Dep6_Tu1,0.528,3.561,0.442,0.218,1.871,0.200,2.169,1.773,0.929,12.575,8.217,3.252,64.264
Cer77_rep8_Dep6_Tu0.3,0.092,2.339,0.145,0.000,1.308,0.002,2.733,2.551,0.000,13.484,8.290,2.660,66.396
Cer77_rep4_Dep6_Tu20,3.907,8.082,4.563,7.369,5.759,1.169,3.757,4.355,0.000,5.913,5.593,2.995,46.537
Cer77_rep7_Dep6_Tu30,4.917,10.257,6.499,9.091,7.178,1.303,3.812,5.393,0.000,4.385,4.621,3.514,39.028
Cer77_rep7_Dep6_Tu40,6.365,11.887,7.985,12.164,9.674,1.830,3.961,4.428,0.000,2.522,3.128,3.643,32.413
Cer77_rep9_Dep6_Tu0.1,0.184,3.607,0.341,0.000,1.106,0.374,3.104,2.776,1.015,11.375,9.184,2.953,63.981
Cer77_rep5_Dep6_Tu20,3.843,9.119,4.826,6.919,6.069,1.262,3.274,5.313,0.000,4.620,6.552,2.843,45.361
Cer77_rep8_Dep6_Tu1,0.638,3.411,0.162,0.000,1.793,0.304,2.332,2.733,0.284,11.693,9.886,2.598,64.166
Cer77_rep6_Dep6_Tu0.1,0.473,1.805,0.177,0.000,1.116,0.294,2.835,2.572,2.085,13.018,8.327,2.145,65.154
Cer77_rep2_Dep6_Tu3,1.125,4.066,0.940,0.000,2.238,1.004,2.628,2.787,0.000,11.370,8.944,2.603,62.295
Cer77_rep1_Dep6_Tu0.3,0.000,2.462,0.580,0.000,1.210,0.216,3.058,2.848,0.000,11.713,10.973,2.769,64.171
Cer77_rep1_Dep6_Tu40,6.928,13.093,6.996,10.892,9.310,1.802,3.458,5.294,0.000,2.781,2.932,3.310,33.204
Cer77_rep6_Dep6_Tu30,5.484,9.938,6.165,8.133,7.489,2.175,3.457,7.197,0.000,3.205,4.202,3.166,39.388
Cer77_rep2_Dep6_Tu0.1,0.000,2.460,0.504,0.049,1.685,0.163,1.959,0.522,3.362,12.829,9.174,3.008,64.283
Cer77_rep1_Dep6_Tu20,3.513,8.712,4.866,7.026,5.948,1.020,3.042,2.962,0.000,7.101,5.766,3.049,46.995
Cer77_rep4_Dep6_Tu30,5.080,10.814,5.684,8.962,8.684,1.475,3.292,3.088,0.000,6.352,4.485,3.610,38.474
Cer77_rep10_Dep6_Tu0.5,0.024,2.985,0.653,0.000,1.785,0.349,2.975,1.664,0.000,13.152,8.810,3.032,64.570
Cer77_rep5_Dep6_Tu10,1.440,5.627,2.472,4.325,4.040,0.000,2.708,3.499,0.000,8.902,7.856,3.116,56.015
Cer77_rep9_Dep6_Tu1,0.977,2.397,0.622,0.395,2.224,0.411,2.380,1.985,1.327,11.314,9.137,2.946,63.885
Cer77_rep1_Dep6_Tu10,2.461,7.128,2.844,3.858,3.810,0.909,2.899,1.886,0.498,8.155,7.769,2.816,54.966
Cer77_rep8_Dep6_Tu0.1,0.215,3.367,0.390,0.000,1.409,0.029,2.815,3.383,0.000,12.333,9.964,2.736,63.359
Cer77_rep9_Dep6_Tu10,1.945,6.358,2.570,3.569,4.304,0.993,3.195,2.102,0.000,9.014,8.040,3.615,54.296
Cer77_rep7_Dep6_Tu0.1,0.192,2.225,0.128,0.000,1.782,0.314,2.536,3.263,0.000,12.472,9.162,2.189,65.737
