Sample,BRCA,CEAD,CESC,COAD,OV,READ,bcell,cd4tcell,cd8tcell,erythroblast,monocyte,naturalkillercell,neutrophil
Br66_rep4_Dep6_Tu50,3.126,7.502,62.477,0.000,0.175,0.001,0.028,0.254,0.627,0.002,1.465,0.047,24.297
Br66_rep3_Dep6_Tu0.5,0.000,49.872,0.000,0.000,0.000,0.000,0.000,0.045,0.012,0.016,1.950,0.001,48.102
Br66_rep2_Dep6_Tu3,0.000,53.522,0.000,0.000,0.029,0.000,0.002,0.029,0.007,0.041,1.082,0.009,45.278
Br66_rep6_Dep6_Tu40,0.756,20.552,50.159,0.043,0.272,0.000,0.000,0.033,0.033,0.027,1.945,0.013,26.167
Br66_rep9_Dep6_Tu0.1,0.000,50.171,0.000,0.000,0.000,0.000,0.001,0.010,0.079,0.033,1.693,0.016,47.998
Br66_rep9_Dep6_Tu5,0.000,52.074,3.510,0.005,0.023,0.000,0.003,0.018,0.018,0.012,0.780,0.001,43.556
Br66_rep10_Dep6_Tu1,0.000,49.680,0.000,0.000,0.001,0.000,0.002,0.020,0.018,0.031,0.650,0.006,49.593
Br66_rep6_Dep6_Tu20,0.138,36.081,24.778,0.078,0.209,0.000,0.008,0.060,0.065,0.037,0.509,0.037,38.000
Br66_rep10_Dep6_Tu30,1.194,28.921,35.571,0.007,0.224,0.000,0.066,0.117,0.136,0.139,1.356,0.047,32.224
Br66_rep10_Dep6_Tu5,0.005,51.020,2.522,0.000,0.026,0.000,0.019,0.116,0.075,0.052,1.061,0.037,45.066
Br66_rep7_Dep6_Tu1,0.000,51.489,0.000,0.000,0.000,0.000,0.000,0.002,0.001,0.004,0.540,0.001,47.962
Br66_rep6_Dep6_Tu0.3,0.000,49.542,0.000,0.000,0.000,0.000,0.000,0.037,0.011,0.014,1.948,0.002,48.444
Br66_rep1_Dep6_Tu30,0.153,27.617,38.973,0.000,0.195,0.000,0.012,0.088,0.008,0.080,0.560,0.052,32.262
Br66_rep3_Dep6_Tu1,0.000,50.760,0.000,0.000,0.000,0.000,0.001,0.005,0.004,0.007,1.189,0.005,48.030
Br66_rep3_Dep6_Tu30,0.581,28.841,37.356,0.003,0.269,0.000,0.003,0.053,0.077,0.043,1.062,0.006,31.708
Br66_rep9_Dep6_Tu1,0.000,51.366,0.000,0.000,0.002,0.000,0.006,0.007,0.007,0.068,1.170,0.002,47.372
Br66_rep9_Dep6_Tu40,1.157,18.625,50.776,0.012,0.423,0.000,0.017,0.114,0.054,0.028,0.914,0.031,27.849
Br66_rep5_Dep6_Tu1,0.000,52.202,0.000,0.000,0.001,0.000,0.000,0.010,0.005,0.004,1.010,0.001,46.767
Br66_rep2_Dep6_Tu5,0.001,50.643,1.672,0.001,0.020,0.000,0.003,0.007,0.077,0.230,0.435,0.007,46.905
Br66_rep5_Dep6_Tu30,0.333,28.577,36.474,0.003,0.610,0.000,0.003,0.411,0.069,0.306,1.934,0.044,31.237
Br66_rep7_Dep6_Tu50,3.069,10.779,60.869,0.001,0.456,0.001,0.004,0.087,0.088,0.069,1.955,0.005,22.616
Br66_rep4_Dep6_Tu40,0.775,20.954,49.733,0.003,0.100,0.000,0.027,0.010,0.030,0.299,1.627,0.028,26.414
Br66_rep8_Dep6_Tu5,0.061,50.631,2.793,0.000,0.088,0.000,0.003,0.046,0.005,0.037,0.682,0.044,45.610
Br66_rep9_Dep6_Tu2,0.000,53.100,0.000,0.000,0.001,0.000,0.000,0.004,0.000,0.007,0.211,0.002,46.675
Br66_rep6_Dep6_Tu30,0.309,27.765,37.128,0.000,0.081,0.000,0.002,0.379,0.293,0.109,2.060,0.017,31.858
Br66_rep4_Dep6_Tu0.1,0.000,49.253,0.000,0.000,0.000,0.000,0.001,0.005,0.001,0.008,1.021,0.020,49.691
Br66_rep5_Dep6_Tu10,0.007,43.187,11.596,0.000,0.020,0.000,0.000,0.036,0.084,0.039,1.419,0.006,43.605
Br66_rep3_Dep6_Tu40,1.829,16.402,51.526,0.025,0.393,0.000,0.003,0.042,0.019,0.052,1.475,0.022,28.211
Br66_rep9_Dep6_Tu0.5,0.000,50.983,0.000,0.000,0.000,0.000,0.000,0.009,0.004,0.000,0.396,0.000,48.606
Br66_rep8_Dep6_Tu2,0.000,52.204,0.001,0.000,0.002,0.000,0.002,0.016,0.012,0.029,1.205,0.015,46.516
Br66_rep10_Dep6_Tu2,0.000,51.131,0.001,0.000,0.004,0.000,0.002,0.016,0.023,0.028,1.093,0.025,47.677
Br66_rep6_Dep6_Tu0.1,0.000,49.851,0.000,0.000,0.000,0.000,0.005,0.047,0.051,0.029,1.354,0.001,48.662
Br66_rep5_Dep6_Tu0.5,0.000,51.000,0.000,0.000,0.000,0.000,0.000,0.005,0.000,0.006,0.682,0.001,48.306
Br66_rep2_Dep6_Tu20,0.136,36.817,24.964,0.000,0.068,0.000,0.019,0.213,0.143,0.013,0.956,0.009,36.662
Br66_rep4_Dep6_Tu0.5,0.000,50.085,0.000,0.000,0.002,0.000,0.001,0.014,0.013,0.038,1.166,0.002,48.680
Br66_rep4_Dep6_Tu5,0.004,52.408,2.138,0.000,0.012,0.000,0.001,0.118,0.049,0.026,1.653,0.004,43.588
Br66_rep8_Dep6_Tu0.5,0.000,50.901,0.000,0.000,0.000,0.000,0.003,0.063,0.002,0.019,0.661,0.022,48.329
Br66_rep5_Dep6_Tu20,1.092,36.324,22.411,0.000,0.179,0.000,0.044,0.086,0.170,0.100,2.539,0.209,36.847
Br66_rep1_Dep6_Tu3,0.000,52.179,0.184,0.000,0.007,0.000,0.001,0.057,0.026,0.004,1.692,0.011,45.839
Br66_rep10_Dep6_Tu10,0.009,46.493,10.004,0.001,0.047,0.000,0.023,0.039,0.051,0.041,1.129,0.016,42.146
Br66_rep3_Dep6_Tu10,0.002,45.964,9.164,0.000,0.033,0.000,0.017,0.229,0.026,0.046,0.853,0.357,43.308
Br66_rep10_Dep6_Tu40,1.201,17.836,49.831,0.049,0.437,0.000,0.020,0.123,0.243,0.010,1.122,0.169,28.960
Br66_rep1_Dep6_Tu50,3.520,6.334,64.016,0.007,0.234,0.001,0.019,0.115,0.173,0.149,1.854,0.010,23.567
Br66_rep10_Dep6_Tu0.5,0.000,50.439,0.000,0.000,0.000,0.000,0.014,0.013,0.003,0.045,1.115,0.001,48.370
Br66_rep1_Dep6_Tu0.3,0.000,50.718,0.000,0.000,0.000,0.000,0.000,0.018,0.012,0.009,2.027,0.010,47.206
Br66_rep10_Dep6_Tu0.1,0.000,50.056,0.000,0.000,0.000,0.000,0.000,0.002,0.016,0.009,1.614,0.007,48.297
Br66_rep8_Dep6_Tu40,0.410,21.393,51.186,0.000,0.225,0.000,0.008,0.018,0.011,0.021,0.276,0.001,26.450
Br66_rep3_Dep6_Tu20,0.122,38.855,23.061,0.000,0.104,0.000,0.015,0.056,0.039,0.035,1.100,0.029,36.584
Br66_rep9_Dep6_Tu0.3,0.000,50.271,0.000,0.000,0.000,0.000,0.001,0.000,0.003,0.020,1.128,0.021,48.556
Br66_rep7_Dep6_Tu0.3,0.000,49.851,0.000,0.000,0.000,0.000,0.000,0.005,0.001,0.002,0.746,0.001,49.395
Br66_rep5_Dep6_Tu2,0.000,51.216,0.000,0.000,0.003,0.000,0.003,0.172,0.001,0.035,0.846,0.003,47.721
Br66_rep5_Dep6_Tu0.3,0.000,50.313,0.000,0.000,0.000,0.000,0.000,0.045,0.023,0.011,1.824,0.004,47.779
Br66_rep6_Dep6_Tu5,0.009,49.879,3.134,0.000,0.013,0.000,0.004,0.059,0.037,0.030,0.903,0.009,45.924
Br66_rep5_Dep6_Tu3,0.000,52.528,0.031,0.000,0.002,0.000,0.005,0.007,0.011,0.021,0.552,0.005,46.839
Br66_rep1_Dep6_Tu5,0.013,53.071,1.321,0.135,0.007,0.000,0.040,0.056,0.050,0.106,0.751,0.003,44.447
Br66_rep6_Dep6_Tu10,0.001,46.272,9.828,0.000,0.205,0.000,0.000,0.035,0.006,0.021,1.130,0.007,42.494
Br66_rep3_Dep6_Tu5,0.000,52.345,2.830,0.000,0.046,0.000,0.008,0.005,0.027,0.001,0.297,0.002,44.441
Br66_rep1_Dep6_Tu1,0.000,50.321,0.000,0.000,0.001,0.000,0.004,0.043,0.006,0.064,1.712,0.071,47.778
Br66_rep4_Dep6_Tu30,0.149,30.217,37.405,0.001,0.252,0.000,0.051,0.013,0.130,0.057,1.242,0.041,30.442
Br66_rep8_Dep6_Tu20,0.048,38.010,24.155,0.000,0.104,0.000,0.004,0.054,0.015,0.065,0.374,0.045,37.127
Br66_rep4_Dep6_Tu10,0.008,46.024,10.605,0.000,0.016,0.000,0.001,0.004,0.003,0.005,1.204,0.000,42.129
Br66_rep2_Dep6_Tu1,0.000,49.540,0.000,0.000,0.000,0.000,0.000,0.022,0.003,0.004,1.407,0.002,49.021
Br66_rep6_Dep6_Tu2,0.000,51.590,0.000,0.000,0.001,0.000,0.002,0.055,0.014,0.016,1.380,0.008,46.933
Br66_rep6_Dep6_Tu0.5,0.000,49.661,0.000,0.000,0.001,0.000,0.001,0.026,0.030,0.026,1.306,0.004,48.945
Br66_rep5_Dep6_Tu0.1,0.000,50.531,0.000,0.000,0.000,0.000,0.002,0.009,0.003,0.028,1.049,0.006,48.372
Br66_rep2_Dep6_Tu2,0.000,52.496,0.009,0.000,0.003,0.000,0.008,0.012,0.015,0.028,0.662,0.003,46.766
Br66_rep10_Dep6_Tu50,4.305,10.680,59.655,0.050,1.081,0.006,0.017,0.051,0.167,0.118,1.137,0.031,22.703
Br66_rep7_Dep6_Tu3,0.000,53.328,0.078,0.000,0.002,0.000,0.000,0.066,0.010,0.005,0.929,0.001,45.580
Br66_rep7_Dep6_Tu10,0.001,47.229,10.223,0.000,0.016,0.000,0.000,0.031,0.011,0.001,0.283,0.000,42.206
Br66_rep2_Dep6_Tu0.5,0.000,51.010,0.000,0.000,0.000,0.000,0.000,0.007,0.003,0.005,1.007,0.007,47.961
Br66_rep5_Dep6_Tu50,1.638,9.946,63.942,0.191,0.525,0.007,0.018,0.052,0.079,0.081,1.564,0.027,21.929
Br66_rep9_Dep6_Tu20,0.006,37.716,24.282,0.007,0.108,0.000,0.001,0.007,0.088,0.062,0.812,0.055,36.856
Br66_rep8_Dep6_Tu3,0.001,52.309,0.159,0.000,0.012,0.000,0.001,0.035,0.021,0.058,0.529,0.003,46.872
Br66_rep9_Dep6_Tu10,0.000,46.588,9.676,0.000,0.008,0.000,0.003,0.042,0.017,0.033,1.111,0.015,42.505
Br66_rep7_Dep6_Tu2,0.000,50.740,0.000,0.000,0.002,0.000,0.002,0.023,0.015,0.079,1.046,0.006,48.088
Br66_rep6_Dep6_Tu3,0.000,53.673,0.014,0.000,0.021,0.000,0.042,0.024,0.032,0.023,0.559,0.001,45.611
Br66_rep1_Dep6_Tu0.5,0.000,50.459,0.000,0.000,0.000,0.000,0.002,0.007,0.049,0.014,1.293,0.000,48.176
Br66_rep2_Dep6_Tu40,2.791,17.073,48.483,0.003,0.279,0.004,0.186,0.040,0.041,0.097,2.309,0.199,28.497
Br66_rep1_Dep6_Tu2,0.000,52.430,0.000,0.000,0.004,0.000,0.009,0.044,0.009,0.103,0.789,0.013,46.599
Br66_rep8_Dep6_Tu1,0.000,50.030,0.000,0.000,0.000,0.000,0.001,0.008,0.002,0.009,0.986,0.006,48.959
Br66_rep4_Dep6_Tu3,0.000,53.019,0.059,0.000,0.021,0.000,0.001,0.023,0.007,0.022,0.709,0.001,46.137
Br66_rep7_Dep6_Tu40,0.509,19.142,51.799,0.013,0.435,0.000,0.060,0.072,0.045,0.089,1.157,0.186,26.493
Br66_rep7_Dep6_Tu0.5,0.000,50.150,0.000,0.000,0.001,0.000,0.001,0.010,0.035,0.033,0.618,0.007,49.146
Br66_rep2_Dep6_Tu30,0.540,26.165,40.198,0.019,0.063,0.000,0.013,0.003,0.050,0.091,0.876,0.002,31.980
Br66_rep2_Dep6_Tu0.1,0.000,50.482,0.000,0.000,0.000,0.000,0.000,0.044,0.030,0.006,1.293,0.003,48.141
Br66_rep7_Dep6_Tu0.1,0.000,49.891,0.000,0.000,0.000,0.000,0.000,0.022,0.004,0.009,0.538,0.000,49.537
Br66_rep1_Dep6_Tu40,2.137,19.419,47.712,0.153,0.650,0.001,0.012,0.216,0.083,0.211,1.182,0.051,28.170
Br66_rep7_Dep6_Tu5,0.000,52.447,1.998,0.002,0.006,0.000,0.021,0.013,0.031,0.039,0.972,0.009,44.462
Br66_rep4_Dep6_Tu1,0.000,50.580,0.000,0.000,0.001,0.000,0.000,0.003,0.031,0.005,1.420,0.001,47.957
Br66_rep8_Dep6_Tu0.1,0.000,49.647,0.000,0.000,0.000,0.000,0.005,0.185,0.033,0.056,1.404,0.013,48.658
Br66_rep4_Dep6_Tu2,0.000,52.261,0.000,0.000,0.008,0.000,0.002,0.013,0.003,0.011,0.914,0.000,46.788
Br66_rep1_Dep6_Tu0.1,0.000,49.017,0.000,0.000,0.000,0.000,0.005,0.005,0.009,0.006,1.111,0.008,49.838
Br66_rep2_Dep6_Tu10,0.104,47.035,10.259,0.000,0.015,0.000,0.018,0.021,0.026,0.007,0.559,0.020,41.935
Br66_rep4_Dep6_Tu20,0.093,35.383,25.799,0.000,0.121,0.000,0.007,0.163,0.113,0.060,0.938,0.059,37.264
Br66_rep4_Dep6_Tu0.3,0.000,51.087,0.000,0.000,0.000,0.000,0.001,0.018,0.002,0.013,0.824,0.015,48.040
Br66_rep10_Dep6_Tu3,0.000,54.550,0.109,0.000,0.011,0.000,0.005,0.072,0.002,0.016,0.383,0.003,44.849
Br66_rep1_Dep6_Tu20,0.046,36.515,23.763,0.001,0.106,0.000,0.001,0.041,0.390,0.076,1.469,0.021,37.572
Br66_rep6_Dep6_Tu1,0.000,50.800,0.000,0.000,0.002,0.000,0.000,0.005,0.003,0.002,0.659,0.002,48.527
Br66_rep6_Dep6_Tu50,3.738,10.044,60.549,0.018,0.436,0.007,0.005,0.078,0.102,0.042,1.413,0.006,23.562
Br66_rep9_Dep6_Tu3,0.004,51.819,0.526,0.000,0.028,0.000,0.001,0.188,0.016,0.060,1.185,0.015,46.159
Br66_rep3_Dep6_Tu50,2.729,11.180,60.634,0.001,0.330,0.001,0.042,0.046,0.130,0.151,2.429,0.123,22.204
Br66_rep8_Dep6_Tu30,0.279,30.003,36.360,0.000,0.560,0.000,0.033,0.059,0.036,0.006,0.879,0.066,31.719
Br66_rep7_Dep6_Tu20,0.219,39.167,22.973,0.000,0.020,0.000,0.000,0.092,0.025,0.044,0.452,0.003,37.004
Br66_rep3_Dep6_Tu2,0.000,52.945,0.001,0.000,0.003,0.000,0.002,0.035,0.023,0.013,1.022,0.032,45.925
Br66_rep8_Dep6_Tu50,3.634,10.311,61.209,0.001,0.260,0.000,0.004,0.085,0.042,0.056,1.613,0.041,22.743
Br66_rep3_Dep6_Tu3,0.000,53.545,0.218,0.000,0.003,0.000,0.009,0.089,0.099,0.055,0.712,0.010,45.261
Br66_rep3_Dep6_Tu0.3,0.000,50.823,0.000,0.000,0.001,0.000,0.001,0.033,0.025,0.012,0.724,0.010,48.370
Br66_rep8_Dep6_Tu0.3,0.000,50.194,0.000,0.000,0.000,0.000,0.001,0.007,0.008,0.016,1.168,0.018,48.588
Br66_rep3_Dep6_Tu0.1,0.000,49.824,0.000,0.000,0.000,0.000,0.000,0.011,0.004,0.005,1.574,0.003,48.578
Br66_rep10_Dep6_Tu0.3,0.000,49.487,0.000,0.000,0.000,0.000,0.000,0.058,0.016,0.024,1.302,0.013,49.100
Br66_rep2_Dep6_Tu50,0.914,7.362,66.300,0.000,0.437,0.000,0.037,0.048,0.065,0.030,2.090,0.023,22.693
Br66_rep5_Dep6_Tu5,0.001,51.677,2.581,0.000,0.020,0.000,0.001,0.026,0.033,0.008,0.588,0.006,45.060
Br66_rep10_Dep6_Tu20,0.804,38.353,21.233,0.017,0.163,0.000,0.012,0.004,0.039,0.217,1.428,0.087,37.645
Br66_rep7_Dep6_Tu30,0.659,27.950,37.785,0.000,0.134,0.000,0.025,0.165,0.033,0.003,0.587,0.008,32.652
Br66_rep9_Dep6_Tu30,0.154,24.677,39.667,0.000,0.049,0.000,0.017,0.092,0.040,0.070,1.989,0.111,33.134
Br66_rep5_Dep6_Tu40,2.013,19.118,48.027,0.000,0.469,0.004,0.207,0.331,0.183,0.038,1.677,0.092,27.841
Br66_rep8_Dep6_Tu10,0.032,42.850,11.424,0.000,0.048,0.000,0.018,0.185,0.046,0.207,2.132,0.046,43.012
Br66_rep9_Dep6_Tu50,0.682,10.262,65.225,0.001,0.385,0.000,0.008,0.009,0.009,0.022,0.701,0.047,22.649
Br66_rep2_Dep6_Tu0.3,0.000,49.047,0.000,0.000,0.000,0.000,0.000,0.025,0.010,0.039,0.647,0.001,50.231
Br66_rep1_Dep6_Tu10,0.017,47.132,9.332,0.017,0.058,0.000,0.005,0.073,0.069,0.054,0.648,0.012,42.582
