Sample,BRCA,CEAD,CESC,COAD,OV,READ,bcell,cd4tcell,cd8tcell,erythroblast,monocyte,naturalkillercell,neutrophil
Br66_rep4_Dep6_Tu50,0.000,3.629,0.374,0.000,0.967,60.994,0.454,0.000,1.266,0.000,3.215,0.337,28.763
Br66_rep3_Dep6_Tu0.5,0.000,0.000,0.044,0.000,9.381,0.000,0.739,0.000,0.640,24.271,5.823,0.507,58.595
Br66_rep2_Dep6_Tu3,0.000,0.023,0.106,0.000,20.605,0.134,0.271,0.000,0.766,11.038,8.568,0.933,57.556
Br66_rep6_Dep6_Tu40,0.000,6.843,0.232,0.000,5.944,44.444,0.000,0.000,0.000,2.311,3.675,1.913,34.637
Br66_rep9_Dep6_Tu0.1,0.000,0.000,0.032,0.000,6.347,0.000,0.449,0.000,4.393,21.929,7.503,0.589,58.758
Br66_rep9_Dep6_Tu5,0.000,0.061,0.416,0.000,12.570,2.423,0.743,0.000,1.314,16.529,7.295,0.668,57.980
Br66_rep10_Dep6_Tu1,0.000,0.000,0.054,0.000,13.015,0.000,0.125,0.000,1.176,24.467,1.985,0.141,59.036
Br66_rep6_Dep6_Tu20,0.000,1.422,0.708,0.000,11.759,26.887,0.443,0.000,5.337,1.931,2.114,0.559,48.841
Br66_rep10_Dep6_Tu30,0.000,0.763,0.158,0.000,6.765,40.139,0.986,0.000,1.302,2.665,3.459,1.491,42.273
Br66_rep10_Dep6_Tu5,0.000,0.075,0.056,0.000,21.656,4.468,1.485,0.000,2.675,2.406,6.986,1.069,59.123
Br66_rep7_Dep6_Tu1,0.000,0.000,0.006,0.000,25.938,0.000,0.731,0.000,0.404,4.830,3.653,0.468,63.970
Br66_rep6_Dep6_Tu0.3,0.000,0.000,0.050,0.000,9.386,0.000,0.746,0.000,0.675,24.251,5.815,0.490,58.586
Br66_rep1_Dep6_Tu30,0.000,3.641,0.086,0.000,10.223,36.831,0.319,0.170,0.014,1.924,1.119,4.916,40.756
Br66_rep3_Dep6_Tu1,0.000,0.000,0.004,0.000,9.135,0.036,1.917,0.000,0.163,22.665,5.776,1.210,59.094
Br66_rep3_Dep6_Tu30,0.000,4.292,0.106,0.000,10.519,35.793,0.333,0.000,0.176,2.545,3.131,1.752,41.353
Br66_rep9_Dep6_Tu1,0.000,0.000,0.052,0.000,23.980,0.015,6.839,0.000,0.286,3.741,3.474,0.288,61.326
Br66_rep9_Dep6_Tu40,0.000,10.010,0.126,0.000,1.042,36.627,0.185,0.000,0.000,12.661,2.588,1.962,34.799
Br66_rep5_Dep6_Tu1,0.000,0.000,0.109,0.000,12.510,0.000,0.637,0.000,0.982,17.406,7.517,0.491,60.348
Br66_rep2_Dep6_Tu5,0.000,0.013,0.158,0.000,13.115,0.823,0.168,0.000,0.885,24.291,2.124,0.303,58.120
Br66_rep5_Dep6_Tu30,0.000,2.514,0.422,0.000,9.565,38.423,0.479,0.000,0.169,1.696,5.970,1.957,38.806
Br66_rep7_Dep6_Tu50,0.000,3.909,0.447,0.000,2.491,59.377,0.000,0.000,0.212,0.435,3.306,0.265,29.558
Br66_rep4_Dep6_Tu40,0.000,6.282,1.342,0.000,7.236,44.914,0.094,0.000,0.000,1.397,4.060,0.514,34.161
Br66_rep8_Dep6_Tu5,0.000,0.036,0.035,0.000,6.802,1.815,0.163,0.000,5.773,21.195,5.515,0.474,58.191
Br66_rep9_Dep6_Tu2,0.000,0.020,0.030,0.000,24.158,0.068,0.194,0.245,0.295,6.542,5.125,0.715,62.610
Br66_rep6_Dep6_Tu30,0.000,2.588,0.922,0.000,2.237,32.745,0.151,1.079,3.100,12.551,6.074,0.275,38.277
Br66_rep4_Dep6_Tu0.1,0.000,0.000,0.013,0.000,18.810,0.000,2.200,0.000,1.463,3.142,8.972,1.719,63.681
Br66_rep5_Dep6_Tu10,0.000,0.139,0.669,0.000,7.518,11.425,0.204,0.108,0.369,20.590,4.710,0.449,53.820
Br66_rep3_Dep6_Tu40,0.000,7.799,4.245,0.000,0.795,37.397,0.121,0.000,0.000,10.962,3.027,0.964,34.689
Br66_rep9_Dep6_Tu0.5,0.000,0.000,0.010,0.000,27.924,0.000,0.157,0.000,0.833,3.482,2.881,0.153,64.560
Br66_rep8_Dep6_Tu2,0.000,0.003,0.006,0.000,9.814,0.400,0.803,0.000,0.100,22.798,6.549,2.883,56.643
Br66_rep10_Dep6_Tu2,0.000,0.017,0.021,0.000,15.876,0.246,1.704,0.000,0.977,11.821,6.447,1.288,61.603
Br66_rep6_Dep6_Tu0.1,0.000,0.000,0.000,0.000,19.822,0.000,2.987,0.000,5.139,3.301,6.420,0.084,62.246
Br66_rep5_Dep6_Tu0.5,0.000,0.000,0.000,0.000,26.621,0.000,1.600,0.000,0.303,3.997,3.950,0.302,63.226
Br66_rep2_Dep6_Tu20,0.000,0.456,0.204,0.000,11.691,27.482,0.559,0.000,2.268,1.711,4.682,2.094,48.853
Br66_rep4_Dep6_Tu0.5,0.000,0.002,0.019,0.000,6.360,0.011,0.813,0.000,2.627,22.622,7.943,0.219,59.384
Br66_rep4_Dep6_Tu5,0.000,0.068,0.023,0.000,7.530,2.670,0.111,1.454,2.812,21.596,9.112,0.249,54.374
Br66_rep8_Dep6_Tu0.5,0.000,0.000,0.094,0.000,19.483,0.000,1.605,0.000,4.327,3.640,4.430,1.267,65.154
Br66_rep5_Dep6_Tu20,0.000,0.207,0.081,0.000,2.262,22.828,4.197,0.000,1.684,15.857,6.622,1.758,44.505
Br66_rep1_Dep6_Tu3,0.000,0.041,0.055,0.000,17.321,0.635,4.040,0.000,1.422,4.014,10.150,1.814,60.508
Br66_rep10_Dep6_Tu10,0.000,0.192,0.296,0.000,12.444,11.394,2.640,0.000,1.069,9.935,6.470,1.834,53.726
Br66_rep3_Dep6_Tu10,0.000,0.159,0.067,0.000,14.711,11.779,2.386,0.073,1.070,2.489,5.896,3.163,58.207
Br66_rep10_Dep6_Tu40,0.000,3.793,0.257,0.000,0.996,43.187,0.241,0.000,1.065,9.956,3.350,2.196,34.960
Br66_rep1_Dep6_Tu50,0.000,7.884,1.527,0.000,0.682,52.359,0.099,0.000,0.031,6.349,2.657,0.357,28.055
Br66_rep10_Dep6_Tu0.5,0.000,0.000,0.021,0.000,14.722,0.039,3.235,0.021,0.387,15.015,6.294,0.239,60.028
Br66_rep1_Dep6_Tu0.3,0.000,0.000,0.031,0.000,17.321,0.000,3.185,0.142,1.106,3.239,11.839,1.637,61.500
Br66_rep10_Dep6_Tu0.1,0.000,0.000,0.000,0.000,15.849,0.000,2.054,0.000,0.926,9.789,7.953,1.804,61.626
Br66_rep8_Dep6_Tu40,0.000,9.136,5.514,0.000,7.456,38.705,0.245,0.000,0.000,0.983,1.723,0.118,36.118
Br66_rep3_Dep6_Tu20,0.000,0.381,0.169,0.000,18.759,24.910,3.091,0.000,0.000,1.461,3.042,1.459,46.728
Br66_rep9_Dep6_Tu0.3,0.000,0.000,0.002,0.000,28.200,0.000,2.382,0.089,0.203,1.454,3.700,1.834,62.136
Br66_rep7_Dep6_Tu0.3,0.021,0.000,0.018,0.000,24.354,0.000,0.976,0.000,0.385,5.958,5.012,0.280,62.995
Br66_rep5_Dep6_Tu2,0.000,0.002,0.237,0.000,6.924,0.000,0.088,0.000,4.680,21.802,6.895,0.527,58.843
Br66_rep5_Dep6_Tu0.3,0.000,0.000,0.042,0.000,7.672,0.000,0.247,0.000,3.956,21.690,8.878,0.156,57.359
Br66_rep6_Dep6_Tu5,0.000,0.077,0.454,0.000,21.340,3.209,0.378,0.000,7.404,0.881,4.829,0.200,61.229
Br66_rep5_Dep6_Tu3,0.000,0.083,0.000,0.000,26.047,0.598,0.607,0.828,0.504,4.081,3.299,0.186,63.767
Br66_rep1_Dep6_Tu5,0.000,0.055,0.074,0.000,20.785,1.647,2.037,0.000,6.445,3.661,4.332,0.088,60.875
Br66_rep6_Dep6_Tu10,0.163,0.134,0.216,0.000,10.276,7.315,0.587,0.000,0.785,21.706,4.236,0.431,54.152
Br66_rep3_Dep6_Tu5,0.000,0.025,0.072,0.000,18.415,3.863,1.081,0.000,0.718,10.659,2.935,0.652,61.579
Br66_rep1_Dep6_Tu1,0.000,0.000,0.035,0.000,7.092,0.000,0.924,0.000,2.255,21.133,8.164,2.941,57.455
Br66_rep4_Dep6_Tu30,0.000,3.165,0.351,0.000,14.333,35.045,1.574,0.000,0.000,1.490,2.149,1.739,40.154
Br66_rep8_Dep6_Tu20,0.000,0.876,1.032,0.000,4.696,20.405,0.430,2.528,0.000,17.839,2.542,1.159,48.493
Br66_rep4_Dep6_Tu10,0.017,0.222,0.216,0.000,21.902,10.929,1.069,0.000,0.179,4.077,5.589,0.067,55.733
Br66_rep2_Dep6_Tu1,0.000,0.000,0.000,0.000,19.799,0.028,0.302,0.000,1.458,9.659,7.411,0.614,60.729
Br66_rep6_Dep6_Tu2,0.000,0.026,0.129,0.000,9.008,0.078,0.281,0.000,2.599,20.761,8.823,0.392,57.902
Br66_rep6_Dep6_Tu0.5,0.000,0.000,0.038,0.000,6.498,0.000,0.885,0.000,4.188,21.755,7.380,1.154,58.100
Br66_rep5_Dep6_Tu0.1,0.000,0.000,0.012,0.000,23.832,0.000,6.474,0.000,0.268,3.739,3.333,0.365,61.976
Br66_rep2_Dep6_Tu2,0.001,0.030,0.000,0.000,22.123,0.288,2.112,0.000,2.409,2.692,7.699,0.296,62.350
Br66_rep10_Dep6_Tu50,0.075,3.309,0.568,0.000,3.925,58.391,0.000,0.000,0.000,1.160,2.241,0.770,29.560
Br66_rep7_Dep6_Tu3,0.000,0.033,0.029,0.000,7.007,0.198,0.088,0.000,4.469,22.602,8.053,0.547,56.974
Br66_rep7_Dep6_Tu10,0.000,0.299,0.573,0.000,24.898,9.483,0.166,0.831,0.584,2.572,2.056,0.127,58.411
Br66_rep2_Dep6_Tu0.5,0.000,0.000,0.020,0.000,26.316,0.000,1.166,0.000,0.346,3.399,3.313,2.021,63.419
Br66_rep5_Dep6_Tu50,0.000,8.794,0.370,0.000,2.158,55.092,0.147,0.000,0.337,0.650,2.804,0.173,29.473
Br66_rep9_Dep6_Tu20,0.000,0.856,0.000,0.000,12.239,26.631,0.150,0.000,0.809,2.600,4.321,3.886,48.508
Br66_rep8_Dep6_Tu3,0.000,0.004,0.054,0.000,13.163,0.385,0.137,0.000,0.995,24.359,2.036,0.159,58.708
Br66_rep9_Dep6_Tu10,0.000,0.370,0.201,0.000,7.869,6.867,1.398,0.279,0.000,21.363,4.759,3.950,52.945
Br66_rep7_Dep6_Tu2,0.000,0.000,0.235,0.000,22.171,0.000,0.438,0.000,7.437,1.470,5.068,0.233,62.948
Br66_rep6_Dep6_Tu3,0.000,0.020,0.000,0.000,19.191,0.262,3.907,0.000,5.702,4.226,4.917,0.130,61.644
Br66_rep1_Dep6_Tu0.5,0.000,0.000,0.072,0.000,20.367,0.000,0.633,0.000,4.279,4.409,6.807,0.661,62.773
Br66_rep2_Dep6_Tu40,29.124,1.109,0.508,0.000,1.243,28.581,0.408,0.000,0.000,0.000,3.054,0.994,34.979
Br66_rep1_Dep6_Tu2,0.000,0.000,0.000,0.000,25.412,0.531,5.101,0.000,0.376,3.144,3.559,0.484,61.393
Br66_rep8_Dep6_Tu1,0.000,0.000,0.000,0.000,10.061,0.023,1.607,0.000,0.509,23.416,4.538,0.416,59.429
Br66_rep4_Dep6_Tu3,0.060,0.011,0.105,0.000,13.358,0.545,0.391,0.072,0.876,22.814,3.445,0.160,58.162
Br66_rep7_Dep6_Tu40,0.000,9.051,2.240,0.000,1.768,36.042,0.506,0.000,0.000,12.044,2.635,2.620,33.093
Br66_rep7_Dep6_Tu0.5,0.000,0.000,0.002,0.000,20.889,0.000,1.301,0.000,7.831,3.150,2.723,0.127,63.977
Br66_rep2_Dep6_Tu30,0.000,3.510,0.990,0.000,13.524,36.504,0.911,0.000,0.000,0.511,2.225,1.122,40.702
Br66_rep2_Dep6_Tu0.1,0.000,0.000,0.002,0.000,12.475,0.000,0.216,0.000,1.467,23.094,3.546,0.244,58.954
Br66_rep7_Dep6_Tu0.1,0.000,0.000,0.028,0.000,27.777,0.000,0.384,0.437,0.630,3.555,2.720,0.101,64.367
Br66_rep1_Dep6_Tu40,0.000,6.087,0.083,0.000,2.495,40.672,0.120,0.000,0.398,13.048,1.808,0.710,34.579
Br66_rep7_Dep6_Tu5,0.000,0.054,0.111,0.000,18.829,2.622,2.322,0.000,0.664,3.994,9.870,1.884,59.651
Br66_rep4_Dep6_Tu1,0.020,0.002,0.056,0.000,5.974,0.000,0.486,0.000,3.975,22.970,7.845,0.243,58.429
Br66_rep8_Dep6_Tu0.1,0.000,0.000,0.009,0.000,9.115,0.000,1.110,0.038,3.459,19.796,5.813,1.255,59.405
Br66_rep4_Dep6_Tu2,0.000,0.010,0.009,0.000,11.718,0.140,1.116,0.000,1.012,22.486,4.561,0.107,58.841
Br66_rep1_Dep6_Tu0.1,0.000,0.000,0.000,0.000,24.673,0.000,5.300,0.055,0.131,2.473,2.223,0.371,64.773
Br66_rep2_Dep6_Tu10,0.000,0.055,0.087,0.000,21.029,12.474,2.503,0.000,0.253,3.323,2.410,3.148,54.718
Br66_rep4_Dep6_Tu20,0.000,0.307,2.178,0.000,5.487,26.106,0.241,0.000,1.357,12.005,5.023,1.527,45.771
Br66_rep4_Dep6_Tu0.3,0.000,0.000,0.011,0.000,18.220,0.000,1.549,0.000,1.115,11.164,5.140,1.078,61.722
Br66_rep10_Dep6_Tu3,0.000,0.019,0.000,0.000,14.637,0.700,1.475,0.000,1.416,16.714,4.531,0.365,60.142
Br66_rep1_Dep6_Tu20,0.000,1.140,3.521,0.000,3.746,20.111,0.000,0.000,3.527,15.737,6.296,0.399,45.523
Br66_rep6_Dep6_Tu1,0.000,0.000,0.026,0.000,18.611,0.000,1.468,0.000,0.454,10.322,4.372,0.532,64.216
Br66_rep6_Dep6_Tu50,0.000,3.141,18.798,0.000,0.659,41.499,0.000,0.000,0.599,3.608,3.846,0.037,27.813
Br66_rep9_Dep6_Tu3,0.000,0.000,0.033,0.000,9.856,0.515,0.457,0.000,0.708,23.844,4.749,1.194,58.645
Br66_rep3_Dep6_Tu50,0.000,1.722,10.070,0.000,1.688,51.902,1.528,0.000,0.000,0.000,4.065,0.669,28.356
Br66_rep8_Dep6_Tu30,0.000,2.648,1.057,0.000,10.655,32.689,6.809,0.000,0.049,1.886,1.491,1.682,41.033
Br66_rep7_Dep6_Tu20,0.000,0.357,0.092,0.000,19.620,25.716,0.106,0.183,0.468,1.962,1.662,0.154,49.680
Br66_rep3_Dep6_Tu2,0.000,0.022,0.047,0.000,17.459,0.389,3.222,0.000,2.290,3.577,9.697,1.717,61.580
Br66_rep8_Dep6_Tu50,0.000,4.419,12.351,0.000,0.438,48.497,0.709,0.000,0.000,0.000,3.322,0.847,29.416
Br66_rep3_Dep6_Tu3,0.000,0.007,0.267,0.000,19.748,0.244,1.840,0.000,1.839,11.138,4.717,0.505,59.695
Br66_rep3_Dep6_Tu0.3,0.000,0.000,0.084,0.000,19.442,0.000,1.578,0.000,4.354,3.688,4.413,1.275,65.165
Br66_rep8_Dep6_Tu0.3,0.000,0.000,0.005,0.000,28.223,0.000,2.384,0.110,0.203,1.399,3.697,1.832,62.147
Br66_rep3_Dep6_Tu0.1,0.000,0.000,0.002,0.000,9.050,0.013,1.354,0.208,0.047,23.985,5.624,1.152,58.565
Br66_rep10_Dep6_Tu0.3,0.000,0.000,0.000,0.000,21.058,0.000,0.286,0.002,1.071,9.969,6.624,0.463,60.526
Br66_rep2_Dep6_Tu50,0.000,15.060,1.316,0.000,1.181,48.973,0.376,0.000,0.000,0.286,2.926,0.234,29.648
Br66_rep5_Dep6_Tu5,0.000,0.047,0.179,0.000,5.858,1.323,0.095,0.000,6.322,22.284,6.288,0.649,56.956
Br66_rep10_Dep6_Tu20,0.000,0.946,0.026,0.000,5.525,21.315,0.160,0.000,0.795,16.275,7.465,0.890,46.603
Br66_rep7_Dep6_Tu30,0.000,4.344,0.804,0.000,13.059,35.599,0.747,0.000,0.250,1.206,1.487,0.532,41.972
Br66_rep9_Dep6_Tu30,0.000,1.868,1.302,0.000,2.297,34.124,0.847,0.000,0.000,14.695,4.987,1.711,38.170
Br66_rep5_Dep6_Tu40,0.000,2.708,0.146,0.000,3.666,47.074,0.701,0.000,0.279,6.216,4.060,0.762,34.389
Br66_rep8_Dep6_Tu10,0.000,0.093,0.009,0.000,4.971,10.913,2.677,0.000,4.661,18.594,5.357,0.535,52.189
Br66_rep9_Dep6_Tu50,0.000,18.238,0.486,0.000,2.341,45.662,0.140,0.000,0.000,0.445,2.445,0.774,29.470
Br66_rep2_Dep6_Tu0.3,0.000,0.000,0.008,0.000,12.961,0.000,0.193,0.000,0.760,24.337,2.110,0.219,59.412
Br66_rep1_Dep6_Tu10,0.000,0.323,0.055,0.000,5.740,8.816,0.233,0.000,2.390,20.476,6.775,0.993,54.198
