Sample,BRCA,CEAD,CESC,COAD,OV,READ,bcell,cd4tcell,cd8tcell,erythroblast,monocyte,naturalkillercell,neutrophil
Colo_rep2_Dep6_Tu0.5,0.699,17.344,5.593,0.344,18.320,0.486,0.585,5.724,5.910,10.502,14.067,6.637,13.790
Colo_rep2_Dep6_Tu50,2.620,2.969,3.094,1.995,13.890,36.971,6.749,2.272,11.302,9.892,1.684,2.669,3.893
Colo_rep6_Dep6_Tu1,0.448,6.593,12.293,0.190,18.907,0.886,4.715,2.798,7.929,12.904,16.313,3.407,12.618
Colo_rep3_Dep6_Tu2,0.692,13.873,6.022,0.269,21.390,0.946,4.595,10.474,0.902,11.904,4.274,5.612,19.045
Colo_rep7_Dep6_Tu2,0.649,25.177,7.871,0.186,8.834,2.002,4.186,3.541,12.383,3.530,10.260,5.082,16.300
Colo_rep8_Dep6_Tu0.1,0.571,21.046,4.146,0.227,18.326,0.312,3.985,8.857,5.614,11.372,2.181,7.034,16.330
Colo_rep10_Dep6_Tu2,0.976,16.713,7.760,0.212,14.113,1.475,3.159,6.532,7.248,9.831,5.671,5.706,20.605
Colo_rep6_Dep6_Tu3,1.259,12.945,9.084,0.454,14.659,2.389,2.892,9.604,4.041,8.275,14.302,1.671,18.424
Colo_rep9_Dep6_Tu30,3.015,8.605,2.065,1.337,15.226,22.085,5.812,1.725,8.724,10.181,9.158,1.238,10.831
Colo_rep9_Dep6_Tu0.5,0.455,17.536,9.504,0.162,21.052,0.532,4.909,8.854,8.542,9.475,10.227,3.719,5.034
Colo_rep6_Dep6_Tu20,0.932,6.923,5.994,0.703,23.346,15.050,5.296,9.287,9.852,3.700,13.102,0.098,5.717
Colo_rep8_Dep6_Tu30,2.863,10.178,7.315,0.798,11.080,22.049,3.393,8.281,0.283,11.038,7.048,6.732,8.942
Colo_rep3_Dep6_Tu5,1.372,7.212,11.455,0.433,19.141,4.664,3.487,15.214,1.948,0.576,15.756,0.219,18.523
Colo_rep4_Dep6_Tu3,0.516,15.563,13.963,0.436,4.408,3.399,1.487,6.562,10.265,3.999,5.280,8.312,25.811
Colo_rep2_Dep6_Tu10,0.889,14.121,8.135,0.892,13.898,7.604,4.296,5.775,0.681,6.974,13.297,6.594,16.843
Colo_rep3_Dep6_Tu40,2.344,6.665,7.619,1.079,9.546,30.666,3.945,7.099,6.729,5.368,8.386,4.550,6.003
Colo_rep3_Dep6_Tu30,2.307,12.174,7.760,1.372,6.964,22.370,4.315,1.831,4.635,8.544,9.493,6.723,11.514
Colo_rep6_Dep6_Tu30,1.936,0.797,9.509,0.769,11.577,22.962,5.493,2.915,4.379,10.373,0.826,7.687,20.779
Colo_rep4_Dep6_Tu50,2.373,2.432,11.508,1.326,1.922,37.906,5.394,8.288,5.533,10.235,6.783,3.389,2.910
Colo_rep5_Dep6_Tu50,1.988,1.330,8.657,1.300,6.093,38.241,0.698,7.756,5.353,9.275,6.305,6.781,6.223
Colo_rep6_Dep6_Tu2,1.383,20.218,10.872,0.513,4.606,0.817,4.756,2.079,7.193,9.185,13.812,3.930,20.636
Colo_rep10_Dep6_Tu50,3.447,7.041,3.568,1.913,8.004,37.436,5.636,5.153,5.673,5.319,3.861,6.041,6.908
Colo_rep7_Dep6_Tu50,2.606,7.442,7.102,1.824,3.723,37.922,4.154,8.215,7.042,1.855,6.652,4.248,7.216
Colo_rep9_Dep6_Tu40,0.339,8.183,8.378,1.961,7.683,29.949,4.147,2.375,0.858,9.408,14.911,8.268,3.541
Colo_rep8_Dep6_Tu5,0.606,1.879,9.203,0.209,25.198,3.793,2.010,1.267,12.501,6.254,17.341,6.415,13.324
Colo_rep1_Dep6_Tu20,0.952,15.352,6.402,1.060,12.266,15.500,4.731,8.593,9.676,1.325,3.691,6.417,14.034
Colo_rep9_Dep6_Tu2,0.652,26.948,6.212,0.266,15.941,1.477,2.936,6.221,8.601,6.467,14.673,7.140,2.466
Colo_rep5_Dep6_Tu30,0.939,8.094,8.905,1.473,5.909,22.503,5.420,1.995,9.290,11.832,7.505,4.643,11.493
Colo_rep4_Dep6_Tu0.1,0.606,1.905,8.196,0.106,31.685,0.512,1.872,6.449,11.115,9.067,10.473,6.470,11.544
Colo_rep5_Dep6_Tu0.1,0.572,4.260,8.615,0.114,25.876,0.496,3.629,6.506,2.351,11.649,14.833,5.870,15.230
Colo_rep9_Dep6_Tu3,0.851,18.634,14.074,0.042,1.834,2.950,4.448,7.937,1.313,11.475,17.259,4.691,14.491
Colo_rep2_Dep6_Tu0.1,0.684,20.401,7.366,0.197,15.086,0.155,3.643,7.562,2.939,10.931,12.387,5.844,12.805
Colo_rep8_Dep6_Tu10,0.308,2.929,8.337,0.754,24.552,6.703,4.694,2.469,5.868,13.239,21.477,3.686,4.985
Colo_rep4_Dep6_Tu30,1.958,8.500,6.895,0.671,14.610,21.864,7.107,3.081,10.365,11.736,7.885,2.251,3.077
Colo_rep2_Dep6_Tu2,0.833,20.335,3.590,0.394,22.657,1.687,5.056,11.240,5.831,1.085,18.145,2.013,7.133
Colo_rep1_Dep6_Tu5,1.010,14.694,10.766,0.321,11.749,3.869,2.825,7.729,6.246,6.634,14.630,5.019,14.508
Colo_rep8_Dep6_Tu50,3.022,9.871,5.428,1.833,0.039,38.673,5.905,8.191,9.405,1.949,4.519,0.488,10.677
Colo_rep5_Dep6_Tu5,1.181,24.720,5.095,0.526,13.133,3.633,6.395,11.926,3.210,2.496,2.741,4.178,20.766
Colo_rep6_Dep6_Tu50,1.033,5.447,4.226,2.371,8.954,37.866,1.289,4.000,8.472,7.688,6.571,4.518,7.565
Colo_rep5_Dep6_Tu0.5,0.932,29.891,10.171,0.153,0.522,0.958,2.112,4.477,11.848,9.896,10.561,1.050,17.430
Colo_rep4_Dep6_Tu20,1.857,9.654,7.314,0.970,13.288,14.888,5.370,6.942,10.877,8.160,3.617,1.056,16.007
Colo_rep8_Dep6_Tu40,2.044,4.164,8.312,1.350,12.521,30.346,5.285,6.921,5.945,3.532,9.009,6.399,4.172
Colo_rep7_Dep6_Tu0.3,0.595,26.691,7.563,0.260,14.830,0.698,2.982,10.075,5.019,2.264,11.335,7.757,9.933
Colo_rep7_Dep6_Tu30,1.438,8.404,7.781,1.148,13.704,22.446,5.710,3.474,10.305,8.976,13.252,1.443,1.919
Colo_rep10_Dep6_Tu20,1.826,13.570,6.617,0.829,10.254,14.870,5.314,7.053,0.001,6.474,9.238,8.805,15.149
Colo_rep9_Dep6_Tu10,1.674,18.264,9.447,0.842,7.480,7.640,1.385,4.146,3.096,6.332,14.731,9.758,15.205
Colo_rep9_Dep6_Tu0.1,0.505,6.033,9.995,0.051,23.963,0.793,2.723,8.255,10.384,9.768,15.731,1.511,10.287
Colo_rep10_Dep6_Tu0.3,0.820,23.157,4.900,0.204,15.478,0.503,4.362,1.244,13.191,6.950,8.943,6.062,14.185
Colo_rep8_Dep6_Tu20,1.940,14.209,9.080,0.616,11.938,15.319,3.112,8.467,3.409,0.300,9.798,10.855,10.958
Colo_rep3_Dep6_Tu3,1.047,20.253,6.553,0.441,18.525,2.496,3.694,5.106,17.452,2.183,14.386,2.039,5.827
Colo_rep4_Dep6_Tu2,0.231,28.475,5.419,0.339,7.831,1.551,2.284,4.823,8.378,11.492,5.300,6.153,17.724
Colo_rep10_Dep6_Tu0.1,0.380,16.869,9.075,0.165,15.319,1.089,4.149,8.584,1.007,3.923,21.804,8.604,9.033
Colo_rep4_Dep6_Tu0.3,0.205,21.912,7.906,0.216,10.866,0.476,4.737,0.115,8.837,10.989,8.781,5.876,19.083
Colo_rep9_Dep6_Tu0.3,0.885,7.833,14.179,0.167,17.575,0.700,3.853,5.637,8.029,9.324,20.870,4.723,6.224
Colo_rep1_Dep6_Tu10,0.842,2.793,7.196,0.689,24.748,7.578,4.444,7.659,7.243,7.200,14.232,2.345,13.030
Colo_rep6_Dep6_Tu0.3,0.593,1.973,13.661,0.109,16.779,0.673,5.060,5.821,1.928,12.712,6.910,6.917,26.865
Colo_rep6_Dep6_Tu0.5,1.050,15.432,7.590,0.217,17.543,0.846,4.461,8.338,8.071,0.502,7.552,6.047,22.352
Colo_rep10_Dep6_Tu10,1.192,14.395,8.920,0.519,11.883,7.600,4.672,5.346,10.679,4.239,10.594,4.634,15.326
Colo_rep10_Dep6_Tu1,0.704,8.301,6.571,0.339,20.792,0.719,4.056,2.645,6.128,12.784,12.103,5.700,19.157
Colo_rep10_Dep6_Tu5,1.534,20.965,4.267,0.701,11.604,2.911,3.493,0.145,2.272,14.654,13.796,7.035,16.624
Colo_rep10_Dep6_Tu40,1.810,9.047,12.182,1.245,0.366,30.711,3.432,2.398,4.202,9.353,13.264,8.643,3.347
Colo_rep10_Dep6_Tu0.5,0.320,17.630,3.787,0.423,24.115,0.334,4.387,4.775,14.411,11.988,6.567,1.268,9.996
Colo_rep1_Dep6_Tu1,1.022,15.243,6.448,0.163,18.109,0.843,4.272,5.736,2.414,7.740,16.024,6.988,14.998
Colo_rep7_Dep6_Tu20,1.038,18.208,9.885,1.034,5.490,14.617,5.182,3.532,3.645,12.425,7.453,6.146,11.344
Colo_rep6_Dep6_Tu10,1.404,9.886,16.812,0.647,1.342,8.513,4.518,3.187,10.775,7.363,13.197,4.072,18.284
Colo_rep10_Dep6_Tu3,0.896,26.776,7.912,0.354,11.318,1.412,4.723,0.750,13.460,10.103,1.156,8.523,12.617
Colo_rep1_Dep6_Tu30,0.806,3.147,9.309,1.316,12.011,23.155,2.396,6.520,7.133,11.286,3.462,3.716,15.744
Colo_rep1_Dep6_Tu0.1,0.343,22.297,13.700,0.128,2.352,0.854,5.297,10.738,1.219,9.242,6.937,4.507,22.387
Colo_rep7_Dep6_Tu5,1.256,20.176,6.529,0.220,14.596,3.445,4.755,9.965,4.998,8.531,8.778,1.592,15.159
Colo_rep7_Dep6_Tu0.1,0.246,22.157,9.126,0.308,10.287,0.473,3.462,6.109,4.027,9.240,13.288,4.203,17.076
Colo_rep6_Dep6_Tu40,2.791,10.374,7.431,1.596,3.397,30.299,2.575,7.741,3.870,9.177,7.583,4.410,8.755
Colo_rep8_Dep6_Tu2,1.241,34.121,5.379,0.246,5.905,2.056,5.281,2.158,10.954,1.103,14.711,8.330,8.514
Colo_rep7_Dep6_Tu0.5,0.558,19.415,7.265,0.191,22.379,0.453,4.332,7.779,16.491,8.761,4.121,2.669,5.587
Colo_rep5_Dep6_Tu20,2.291,7.684,3.061,0.996,20.043,14.810,3.220,5.485,9.651,6.491,11.983,1.302,12.984
Colo_rep8_Dep6_Tu0.3,0.431,31.709,9.213,0.218,3.365,1.004,4.513,11.913,3.634,1.696,4.770,7.072,20.463
Colo_rep4_Dep6_Tu5,1.032,23.812,4.468,0.443,14.187,3.819,4.714,8.509,5.902,3.717,10.094,6.808,12.495
Colo_rep9_Dep6_Tu1,0.856,10.055,10.966,0.211,16.564,1.091,1.638,0.617,11.385,10.799,18.630,3.644,13.544
Colo_rep1_Dep6_Tu0.5,1.111,13.503,3.964,0.122,23.234,0.613,3.669,7.372,3.007,5.677,11.097,6.894,19.736
Colo_rep8_Dep6_Tu3,1.272,19.142,8.282,0.294,18.000,2.336,2.655,1.056,8.726,4.577,22.600,8.853,2.206
Colo_rep5_Dep6_Tu0.3,0.666,21.054,2.345,0.304,22.255,0.381,3.069,10.997,2.005,11.128,13.602,4.663,7.531
Colo_rep2_Dep6_Tu30,0.394,17.261,5.673,1.632,9.103,22.697,6.259,1.577,9.728,5.475,13.880,5.255,1.067
Colo_rep7_Dep6_Tu10,0.412,26.965,6.117,0.500,8.462,7.711,5.331,2.803,10.826,3.610,8.865,6.443,11.955
Colo_rep2_Dep6_Tu40,3.036,4.438,8.052,1.222,5.038,30.631,2.573,5.276,8.292,9.403,6.605,2.810,12.624
Colo_rep3_Dep6_Tu0.1,0.746,13.378,11.236,0.055,10.647,0.978,1.924,5.861,5.533,10.609,12.235,6.598,20.201
Colo_rep3_Dep6_Tu1,0.313,13.946,7.971,0.168,19.564,0.766,4.827,10.226,0.131,11.159,1.213,8.289,21.428
Colo_rep8_Dep6_Tu1,0.667,20.541,8.382,0.285,18.534,0.912,2.773,6.713,10.767,8.573,15.857,4.924,1.071
Colo_rep4_Dep6_Tu1,0.600,27.072,9.255,0.126,2.173,2.076,4.465,8.093,8.362,1.886,9.667,5.622,20.602
Colo_rep5_Dep6_Tu40,3.184,8.218,3.734,1.624,8.497,29.741,5.156,4.799,1.843,7.028,7.186,7.729,11.263
Colo_rep5_Dep6_Tu10,2.099,28.418,0.989,0.762,6.429,7.829,3.613,7.104,2.636,6.133,12.039,6.822,15.126
Colo_rep2_Dep6_Tu0.3,0.195,25.429,8.313,0.125,13.287,0.511,2.918,7.577,6.010,11.128,1.416,9.336,13.754
Colo_rep10_Dep6_Tu30,1.915,10.611,10.087,1.407,5.395,22.857,5.198,4.072,5.093,8.755,8.367,7.025,9.218
Colo_rep1_Dep6_Tu40,2.656,3.270,9.542,1.425,13.882,29.613,6.188,8.170,5.421,7.824,4.039,7.024,0.947
Colo_rep6_Dep6_Tu0.1,0.157,22.290,7.072,0.239,15.885,0.795,3.182,7.073,13.762,1.893,10.924,5.278,11.452
Colo_rep7_Dep6_Tu40,2.307,14.625,9.182,1.470,0.221,30.779,3.837,9.671,3.172,6.865,5.959,7.659,4.252
Colo_rep1_Dep6_Tu50,2.235,1.945,4.101,1.918,8.526,39.084,3.707,9.307,7.190,0.595,8.326,4.342,8.724
Colo_rep1_Dep6_Tu0.3,0.545,16.078,5.820,0.208,17.934,0.578,3.634,4.003,10.316,9.031,6.280,4.622,20.951
Colo_rep9_Dep6_Tu20,1.851,12.323,8.975,0.658,7.819,15.144,4.434,7.104,7.877,7.970,7.818,2.915,15.112
Colo_rep4_Dep6_Tu10,1.622,26.396,6.030,0.776,12.086,7.672,0.471,10.419,7.437,5.164,15.634,3.183,3.109
Colo_rep6_Dep6_Tu5,1.283,15.346,5.998,0.481,18.330,2.776,2.971,7.702,2.530,13.591,9.637,2.374,16.981
Colo_rep9_Dep6_Tu5,1.250,20.856,4.592,0.547,19.114,3.355,5.610,9.398,9.907,1.138,4.676,4.388,15.168
Colo_rep3_Dep6_Tu50,2.401,8.382,2.506,2.556,10.923,36.445,5.731,2.248,7.661,15.756,2.116,3.134,0.140
Colo_rep5_Dep6_Tu1,1.230,20.868,9.406,0.274,8.623,1.171,2.859,4.747,7.722,4.102,8.104,7.430,23.463
Colo_rep5_Dep6_Tu3,0.894,10.263,11.108,0.029,15.947,2.421,3.285,5.465,6.940,10.166,11.194,4.068,18.220
Colo_rep2_Dep6_Tu1,0.992,28.923,3.791,0.064,17.374,0.836,4.881,11.494,7.501,6.482,12.045,4.003,1.615
Colo_rep7_Dep6_Tu1,0.352,28.581,1.243,0.387,19.226,1.160,0.691,3.160,16.491,3.336,17.561,5.390,2.423
Colo_rep5_Dep6_Tu2,0.901,22.095,4.244,0.344,21.397,1.336,4.666,9.127,2.302,5.251,18.673,8.096,1.569
Colo_rep4_Dep6_Tu40,2.422,5.416,9.662,1.423,8.387,30.549,6.712,4.000,8.193,4.548,8.187,6.411,4.090
Colo_rep2_Dep6_Tu20,1.439,16.534,4.932,0.656,10.175,15.233,4.608,7.409,3.558,7.485,10.881,4.571,12.520
Colo_rep4_Dep6_Tu0.5,0.472,27.811,6.222,0.253,8.381,0.570,2.562,9.625,0.736,14.690,7.234,6.501,14.945
Colo_rep2_Dep6_Tu5,1.561,20.423,1.520,0.490,17.222,3.397,4.822,1.544,11.315,8.676,6.822,2.314,19.894
Colo_rep2_Dep6_Tu3,1.389,22.709,6.922,0.370,15.474,1.968,5.328,8.439,12.068,2.096,6.850,2.532,13.855
Colo_rep3_Dep6_Tu10,0.642,22.188,9.081,0.607,2.522,8.173,2.868,7.059,3.459,11.952,9.205,4.579,17.666
Colo_rep8_Dep6_Tu0.5,0.652,14.025,2.968,0.165,28.729,0.363,1.402,8.424,1.482,11.259,14.193,8.841,7.496
Colo_rep7_Dep6_Tu3,1.060,17.566,2.204,0.330,20.103,1.999,3.230,5.986,4.281,8.871,8.582,5.911,19.876
Colo_rep3_Dep6_Tu0.5,0.213,19.230,6.299,0.222,16.204,0.794,3.094,6.607,4.885,8.727,14.230,5.111,14.384
Colo_rep3_Dep6_Tu20,2.179,10.441,10.412,1.158,12.779,14.101,6.708,1.487,3.040,11.280,16.091,5.323,5.003
Colo_rep1_Dep6_Tu2,1.007,31.740,8.236,0.336,3.251,1.345,3.847,2.420,5.982,15.321,17.590,6.633,2.295
Colo_rep9_Dep6_Tu50,2.575,7.461,6.520,1.716,7.713,37.677,7.905,0.356,8.729,6.846,4.974,2.539,4.989
Colo_rep3_Dep6_Tu0.3,0.874,22.119,7.393,0.126,10.023,0.645,1.841,2.697,12.288,10.461,13.265,1.926,16.342
Colo_rep1_Dep6_Tu3,1.240,26.827,6.280,0.616,10.662,1.219,6.060,4.081,10.633,9.982,7.045,3.270,12.085
Br62_rep5_Dep6_Tu0.5,0.016,23.038,9.700,0.027,7.247,1.066,3.562,6.049,4.175,8.651,11.000,6.593,18.876
Br62_rep5_Dep6_Tu3,1.396,18.744,8.873,0.948,17.375,0.158,1.259,2.459,12.841,16.013,9.855,3.843,6.236
Br62_rep6_Dep6_Tu30,26.058,20.948,5.287,5.839,0.870,0.760,2.781,7.638,4.802,3.210,8.397,3.288,10.122
Br62_rep7_Dep6_Tu20,17.038,17.438,9.507,3.786,9.471,0.542,1.417,6.806,1.178,5.072,9.248,8.304,10.192
Br62_rep2_Dep6_Tu40,33.575,10.468,6.639,8.277,9.520,0.377,2.215,0.551,13.369,8.965,0.068,3.276,2.699
Br62_rep8_Dep6_Tu0.5,0.961,9.534,8.083,0.158,24.009,0.395,4.476,10.842,3.513,6.963,12.093,3.473,15.498
Br62_rep5_Dep6_Tu2,0.890,12.866,5.369,0.604,24.907,0.441,3.656,8.465,5.268,11.075,9.948,5.557,10.954
Br62_rep4_Dep6_Tu50,43.153,0.615,10.123,9.467,5.237,0.465,0.983,6.093,3.321,6.307,5.487,3.926,4.824
Br62_rep8_Dep6_Tu40,34.598,13.699,7.531,7.719,3.912,0.688,0.463,4.221,5.859,5.158,5.658,4.539,5.953
Br62_rep7_Dep6_Tu2,0.565,16.353,7.591,0.334,18.067,1.030,4.371,3.735,10.018,1.262,13.245,6.379,17.049
Br62_rep9_Dep6_Tu40,35.187,14.616,6.104,7.792,3.521,0.598,0.303,4.830,7.558,3.785,3.090,4.277,8.341
Br62_rep10_Dep6_Tu2,0.468,18.173,14.692,0.183,5.316,1.011,4.625,10.424,1.724,12.569,12.549,3.730,14.536
Br62_rep6_Dep6_Tu10,7.267,7.206,14.260,2.121,12.250,0.673,4.083,8.340,4.750,7.087,3.632,7.236,21.095
Br62_rep2_Dep6_Tu2,0.083,25.741,4.999,1.129,15.181,0.283,1.234,8.557,11.981,3.650,3.580,6.980,16.603
Br62_rep9_Dep6_Tu5,2.394,15.960,0.315,1.468,25.195,0.592,4.770,7.141,9.610,9.766,1.426,3.252,18.111
Br62_rep6_Dep6_Tu40,33.904,9.953,9.249,6.970,6.113,0.660,3.972,6.261,0.268,7.494,5.005,3.717,6.434
Br62_rep4_Dep6_Tu20,16.736,12.905,8.799,4.174,13.396,0.436,4.774,4.746,5.283,5.458,11.469,6.026,5.798
Br62_rep9_Dep6_Tu1,1.422,16.174,7.792,0.012,16.244,0.672,4.006,4.047,5.470,8.294,12.205,5.989,17.672
Br62_rep1_Dep6_Tu0.3,0.705,26.238,6.385,0.255,13.785,0.279,4.581,6.456,5.381,12.049,6.555,8.985,8.346
Br62_rep3_Dep6_Tu5,3.153,22.323,4.836,0.918,13.836,0.712,4.376,7.800,3.480,9.650,11.816,3.127,13.973
Br62_rep9_Dep6_Tu50,42.560,12.129,7.265,9.761,2.751,0.439,2.108,1.122,6.457,4.132,5.662,4.836,0.777
Br62_rep5_Dep6_Tu30,24.493,0.659,13.429,5.383,11.814,0.750,3.809,3.037,10.711,8.495,12.458,2.532,2.430
Br62_rep9_Dep6_Tu0.5,1.104,20.553,11.729,0.282,3.394,0.796,4.527,0.218,0.597,11.228,21.562,7.665,16.345
Br62_rep1_Dep6_Tu20,15.958,24.340,10.241,3.817,3.748,0.472,2.758,8.614,6.923,9.603,7.929,5.366,0.231
Br62_rep4_Dep6_Tu2,1.739,31.441,6.315,0.041,9.878,0.741,4.377,5.670,12.516,4.899,1.398,8.452,12.533
Br62_rep8_Dep6_Tu3,0.580,21.808,8.316,1.139,15.681,0.772,5.524,2.034,6.552,1.516,14.234,8.742,13.103
Br62_rep2_Dep6_Tu5,3.358,24.497,4.667,0.948,11.949,1.073,3.918,9.562,1.681,4.797,10.416,5.860,17.274
Br62_rep2_Dep6_Tu1,1.556,38.534,4.856,0.054,0.605,0.732,2.556,6.211,9.222,8.052,5.617,6.344,15.661
Br62_rep8_Dep6_Tu1,0.416,20.646,9.556,0.179,16.879,0.595,1.957,7.591,7.024,13.016,11.303,8.174,2.663
Br62_rep10_Dep6_Tu0.1,0.020,14.692,7.108,0.207,18.521,0.602,4.431,2.641,12.838,9.623,7.613,5.186,16.519
Br62_rep3_Dep6_Tu40,34.587,16.768,7.061,8.239,0.949,0.539,2.671,9.749,5.186,1.404,2.702,0.188,9.959
Br62_rep8_Dep6_Tu0.3,0.808,27.491,8.159,0.257,3.171,0.652,4.456,3.425,3.310,8.565,8.316,8.156,23.232
Br62_rep4_Dep6_Tu0.5,0.701,10.403,6.988,0.124,23.407,0.784,4.580,2.869,9.033,6.387,16.762,4.733,13.228
Br62_rep6_Dep6_Tu50,41.388,13.493,8.481,9.521,0.343,0.616,2.688,8.845,7.035,5.161,0.411,0.334,1.684
Br62_rep7_Dep6_Tu0.1,0.953,39.117,9.067,0.148,4.654,0.566,3.267,10.181,13.833,5.865,5.365,4.887,2.098
Br62_rep9_Dep6_Tu30,26.576,17.500,4.260,4.738,5.910,0.994,3.690,6.243,7.438,5.637,2.648,3.869,10.498
Br62_rep6_Dep6_Tu20,16.321,8.493,16.842,3.609,2.595,1.020,2.082,8.038,10.284,1.427,9.522,5.315,14.452
Br62_rep5_Dep6_Tu5,2.319,7.915,11.204,1.083,20.868,0.391,3.539,5.717,11.410,12.175,10.149,3.734,9.497
Br62_rep4_Dep6_Tu40,34.060,14.536,7.506,6.990,2.032,0.547,1.958,5.724,3.274,7.853,6.214,4.398,4.909
Br62_rep8_Dep6_Tu0.1,0.809,5.928,7.151,0.091,24.932,0.539,4.027,5.130,11.889,6.368,6.702,4.888,21.547
Br62_rep1_Dep6_Tu40,33.497,12.913,9.924,7.897,0.704,0.732,2.499,0.414,9.393,6.193,1.627,5.500,8.708
Br62_rep3_Dep6_Tu30,26.396,14.309,7.855,5.759,8.014,0.629,3.696,5.197,9.305,1.353,4.571,3.058,9.858
Br62_rep7_Dep6_Tu0.5,0.849,2.140,9.502,0.241,32.492,0.342,3.312,3.209,15.588,8.757,20.648,1.799,1.120
Br62_rep1_Dep6_Tu10,5.096,11.713,9.403,2.062,19.340,0.694,3.790,8.506,8.255,11.200,2.805,6.617,10.517
Br62_rep10_Dep6_Tu20,17.236,8.781,14.307,3.636,0.843,1.056,4.936,5.862,2.591,4.411,8.640,8.085,19.617
Br62_rep1_Dep6_Tu5,4.456,18.014,5.588,1.000,17.686,0.712,1.991,8.006,13.736,2.001,2.074,2.368,22.367
Br62_rep3_Dep6_Tu50,43.665,9.552,4.976,9.467,4.910,0.497,2.179,7.530,2.724,0.205,6.142,2.778,5.375
Br62_rep1_Dep6_Tu3,2.662,18.313,2.657,1.052,19.120,0.046,5.479,0.856,0.142,9.358,13.962,8.488,17.865
Br62_rep7_Dep6_Tu30,25.125,15.863,11.004,6.229,3.948,0.447,4.147,3.659,7.051,1.872,5.205,5.831,9.618
Br62_rep6_Dep6_Tu1,0.096,22.382,7.840,0.481,11.983,0.959,4.283,6.157,9.122,4.251,11.631,3.160,17.656
Br62_rep1_Dep6_Tu0.5,0.263,3.218,8.369,0.306,30.566,0.583,4.203,8.547,10.246,1.663,10.211,4.774,17.053
Br62_rep1_Dep6_Tu0.1,0.695,11.623,19.142,0.272,1.789,1.535,4.221,9.342,0.623,0.775,13.838,8.954,27.192
Br62_rep9_Dep6_Tu3,2.301,24.668,7.306,0.733,14.460,0.552,3.139,5.212,10.560,5.431,14.626,6.902,4.113
Br62_rep5_Dep6_Tu40,33.575,11.939,6.437,7.295,6.446,0.519,1.889,7.589,4.542,6.961,3.715,4.820,4.273
Br62_rep10_Dep6_Tu3,1.756,31.209,10.111,0.482,7.578,0.525,2.929,10.270,6.789,8.398,12.609,7.006,0.338
Br62_rep2_Dep6_Tu0.3,0.858,29.694,8.604,0.238,9.352,0.481,3.534,9.431,2.397,10.126,17.325,5.735,2.224
Br62_rep10_Dep6_Tu40,34.482,15.111,2.898,7.242,8.007,0.570,3.730,6.808,3.554,5.611,4.517,4.923,2.546
Br62_rep3_Dep6_Tu2,1.078,11.505,7.702,0.548,19.780,0.329,5.404,3.348,2.162,13.625,13.014,5.951,15.554
Br62_rep5_Dep6_Tu1,1.407,10.186,15.075,0.047,15.966,1.067,3.026,7.338,9.428,4.333,19.963,6.967,5.196
Br62_rep4_Dep6_Tu1,0.832,8.740,7.398,0.494,22.947,0.967,4.359,4.825,6.462,1.595,15.712,6.563,19.107
Br62_rep10_Dep6_Tu0.5,1.020,13.244,6.137,0.165,26.448,0.382,3.998,10.752,2.828,6.378,15.045,6.871,6.734
Br62_rep5_Dep6_Tu20,17.568,12.759,6.797,4.137,16.199,0.737,3.086,9.404,11.499,1.235,6.457,1.821,8.302
Br62_rep6_Dep6_Tu0.3,0.756,21.469,5.619,0.226,11.984,0.554,4.290,4.019,8.112,9.504,5.139,5.445,22.883
Br62_rep9_Dep6_Tu0.3,0.552,24.376,6.688,0.252,16.850,0.713,4.269,6.463,14.595,1.796,13.729,2.761,6.955
Br62_rep2_Dep6_Tu20,15.927,18.281,5.982,3.972,10.430,0.546,4.238,6.619,4.854,6.826,6.714,4.526,11.086
Br62_rep6_Dep6_Tu0.5,0.663,13.089,8.616,0.307,21.017,0.611,4.759,6.847,15.803,5.042,10.156,0.442,12.646
Br62_rep8_Dep6_Tu10,8.065,19.806,0.127,2.338,18.890,0.569,4.622,8.579,5.647,8.042,10.100,4.166,9.049
Br62_rep2_Dep6_Tu0.1,0.789,13.105,11.511,0.058,18.617,0.868,4.106,6.512,14.370,0.275,8.414,6.544,14.832
Br62_rep5_Dep6_Tu10,7.972,15.192,7.805,1.778,18.836,0.748,2.649,10.821,1.886,5.474,12.890,7.985,5.964
Br62_rep10_Dep6_Tu10,6.788,19.336,7.524,2.290,14.272,0.232,5.479,3.954,9.393,9.393,5.201,7.178,8.961
Br62_rep4_Dep6_Tu10,6.512,30.363,9.722,2.012,3.981,0.778,4.464,9.976,1.521,8.835,13.995,3.908,3.931
Br62_rep3_Dep6_Tu0.1,0.745,2.698,4.933,0.095,34.765,0.213,4.766,5.065,8.328,14.814,4.973,7.323,11.283
Br62_rep2_Dep6_Tu50,42.862,8.044,10.608,8.461,0.633,0.738,2.928,2.023,7.961,4.532,2.851,2.223,6.136
Br62_rep9_Dep6_Tu10,7.027,17.912,8.515,1.998,14.122,0.686,4.327,6.779,10.619,9.884,3.236,4.282,10.614
Br62_rep5_Dep6_Tu0.3,0.843,5.858,6.248,0.304,25.531,0.364,2.984,1.368,0.547,12.115,17.577,8.356,17.904
Br62_rep8_Dep6_Tu50,43.546,11.211,1.282,10.326,6.771,0.195,1.890,0.249,8.152,4.286,0.469,5.302,6.320
Br62_rep4_Dep6_Tu0.3,1.123,34.992,7.738,0.242,1.563,0.873,6.220,12.829,1.162,0.189,3.103,6.614,23.352
Br62_rep7_Dep6_Tu1,1.118,21.468,6.042,0.097,21.098,0.487,4.027,7.411,10.826,7.894,10.057,6.111,3.364
Br62_rep3_Dep6_Tu0.5,1.262,21.908,7.226,0.360,11.735,0.579,1.605,4.438,8.519,2.187,10.351,8.099,21.732
Br62_rep7_Dep6_Tu40,34.542,21.465,4.589,7.054,0.014,0.656,4.075,1.583,2.639,9.298,5.085,6.326,2.675
Br62_rep2_Dep6_Tu3,2.134,11.878,8.665,0.582,19.253,0.572,4.684,7.192,11.454,9.005,6.750,0.172,17.658
Br62_rep2_Dep6_Tu0.5,0.801,7.495,8.007,0.003,22.180,0.728,1.478,7.616,2.078,10.375,14.342,6.482,18.415
Br62_rep1_Dep6_Tu50,41.671,11.071,8.503,8.970,0.486,0.638,3.582,6.147,1.008,7.701,5.269,3.510,1.442
Br62_rep3_Dep6_Tu3,2.049,11.143,8.852,0.704,19.519,0.503,3.873,7.371,8.826,6.380,4.421,6.480,19.879
Br62_rep7_Dep6_Tu3,1.220,20.526,9.703,0.783,7.226,1.335,2.649,1.778,12.621,5.128,14.706,4.899,17.426
Br62_rep3_Dep6_Tu0.3,1.296,22.139,4.287,0.219,18.601,0.258,4.125,3.617,7.767,6.553,18.604,3.152,9.382
Br62_rep8_Dep6_Tu30,23.622,14.450,12.624,5.589,6.742,0.650,4.967,6.137,1.721,9.230,6.434,7.515,0.320
Br62_rep4_Dep6_Tu30,25.585,8.552,13.787,4.717,3.416,0.702,4.807,1.133,11.361,8.100,0.310,4.177,13.352
Br62_rep6_Dep6_Tu3,2.075,23.154,6.125,0.768,14.845,0.758,1.160,10.366,9.009,6.778,12.975,3.278,8.709
Br62_rep4_Dep6_Tu0.1,0.765,13.445,5.561,0.243,23.175,0.095,5.286,4.860,1.614,14.130,2.885,8.033,19.909
Br62_rep8_Dep6_Tu5,3.804,26.697,6.720,0.755,11.606,1.032,3.273,8.565,10.826,2.335,14.698,4.735,4.953
Br62_rep10_Dep6_Tu50,42.993,5.396,10.701,8.652,0.822,0.905,3.978,6.971,3.149,6.927,1.086,0.594,7.825
Br62_rep10_Dep6_Tu0.3,0.559,31.356,7.404,0.237,4.668,1.017,2.624,7.336,11.791,3.565,9.600,5.477,14.364
Br62_rep3_Dep6_Tu20,15.991,16.497,13.725,2.850,4.571,0.770,3.572,6.014,11.790,3.896,0.286,6.205,13.833
Br62_rep1_Dep6_Tu1,1.596,25.381,4.578,0.234,10.741,0.835,1.554,7.047,2.996,6.509,17.509,8.194,12.827
Br62_rep3_Dep6_Tu1,0.040,14.635,8.504,0.373,16.555,0.785,4.083,5.729,5.445,8.978,13.487,4.906,16.481
Br62_rep9_Dep6_Tu2,1.757,19.912,4.185,0.640,15.390,0.625,2.983,1.521,9.969,8.236,12.494,4.715,17.573
Br62_rep7_Dep6_Tu50,43.475,2.972,9.618,9.243,6.217,0.412,2.690,2.497,9.603,2.155,4.005,2.573,4.539
Br62_rep7_Dep6_Tu5,1.670,23.228,10.283,1.039,5.546,1.007,3.833,1.637,10.880,10.977,7.940,6.176,15.783
Br62_rep8_Dep6_Tu2,1.011,24.701,7.820,0.650,6.146,0.715,0.201,4.029,5.277,13.201,8.380,7.561,20.309
Br62_rep5_Dep6_Tu0.1,0.758,16.036,8.894,0.124,18.511,0.877,4.967,6.427,4.341,1.075,17.687,7.801,12.502
Br62_rep6_Dep6_Tu5,3.448,28.166,7.279,0.944,10.663,0.673,6.048,9.902,1.206,5.624,20.918,2.626,2.504
Br62_rep9_Dep6_Tu20,14.212,19.156,9.667,4.176,8.324,0.830,0.930,3.967,12.930,8.444,9.897,5.495,1.974
Br62_rep2_Dep6_Tu30,25.875,15.264,7.778,6.019,9.631,0.327,2.956,5.870,9.594,6.024,6.407,3.337,0.919
Br62_rep7_Dep6_Tu10,8.411,23.077,3.155,1.783,14.125,0.556,3.415,0.996,4.934,9.240,14.058,6.076,10.174
Br62_rep6_Dep6_Tu0.1,0.791,27.257,2.648,0.187,16.707,0.318,4.764,5.579,10.595,10.671,5.718,6.306,8.457
Br62_rep5_Dep6_Tu50,43.461,6.831,9.408,9.895,2.302,0.279,1.476,4.061,0.049,5.467,6.809,4.657,5.305
Br62_rep10_Dep6_Tu1,0.576,7.734,14.315,0.344,12.752,0.773,5.332,5.448,4.822,5.438,10.283,9.293,22.889
Br62_rep1_Dep6_Tu30,24.037,5.035,15.262,5.392,4.914,0.971,3.787,4.221,7.695,6.615,5.383,3.875,12.814
Br62_rep7_Dep6_Tu0.3,0.974,34.868,7.560,0.276,7.046,0.634,2.317,9.668,6.508,5.625,15.213,5.314,3.998
Br62_rep2_Dep6_Tu10,6.792,10.070,10.527,1.971,15.847,0.927,3.082,4.975,10.534,6.128,8.251,5.805,15.091
Br62_rep9_Dep6_Tu0.1,0.788,15.307,3.704,0.152,22.329,0.658,3.013,5.308,8.763,6.699,12.823,6.123,14.333
Br62_rep3_Dep6_Tu10,6.625,10.616,8.628,2.406,18.493,0.345,3.766,3.863,5.451,10.688,12.566,6.076,10.475
Br62_rep4_Dep6_Tu5,3.336,15.057,8.011,0.847,17.633,0.801,3.054,4.353,11.520,6.395,11.627,4.799,12.566
Br62_rep8_Dep6_Tu20,16.534,25.048,0.314,4.463,14.060,0.625,4.103,8.421,8.127,3.835,7.600,5.849,1.021
Br62_rep1_Dep6_Tu2,1.360,8.550,11.487,0.487,15.474,0.826,3.801,5.233,5.159,10.501,12.573,5.187,19.362
Br62_rep10_Dep6_Tu5,3.295,20.211,7.266,1.154,16.189,0.644,4.031,8.984,11.038,4.995,6.312,4.278,11.604
Br62_rep10_Dep6_Tu30,24.560,16.325,10.971,5.351,1.026,0.675,4.204,4.112,5.027,5.047,5.774,5.545,11.383
Br62_rep6_Dep6_Tu2,1.149,7.465,7.504,0.639,25.844,0.227,2.022,1.117,16.766,13.281,10.887,1.047,12.054
Br62_rep4_Dep6_Tu3,1.715,23.538,6.387,0.996,17.693,0.529,1.014,12.090,3.356,8.088,11.509,8.128,4.958
Br66_rep4_Dep6_Tu50,47.698,3.605,7.473,4.877,5.344,2.010,4.374,2.623,5.730,4.252,2.830,4.138,5.045
Br66_rep3_Dep6_Tu0.5,1.228,26.666,1.266,0.147,14.808,0.419,3.750,3.675,7.544,9.190,14.555,5.183,11.568
Br66_rep2_Dep6_Tu3,2.824,21.492,8.495,0.379,9.925,1.196,3.082,10.158,6.104,2.787,13.733,1.691,18.133
Br66_rep6_Dep6_Tu40,36.580,11.160,5.646,5.161,7.910,1.861,3.862,6.606,1.732,5.623,6.227,2.400,5.231
Br66_rep9_Dep6_Tu0.1,1.336,26.338,2.189,0.028,11.691,0.622,5.636,2.974,2.806,6.759,9.781,8.547,21.293
Br66_rep9_Dep6_Tu5,4.227,9.529,4.424,0.693,25.665,1.045,5.402,6.940,1.978,0.882,13.991,6.646,18.579
Br66_rep10_Dep6_Tu1,1.054,11.848,8.053,0.389,21.610,0.529,2.954,12.072,2.617,4.011,6.668,6.189,22.007
Br66_rep6_Dep6_Tu20,17.075,16.483,8.391,2.809,8.505,0.864,5.165,2.071,7.576,9.673,4.251,4.362,12.775
Br66_rep10_Dep6_Tu30,28.538,18.754,0.728,3.982,10.084,1.398,3.029,6.539,4.369,3.730,9.192,3.756,5.901
Br66_rep10_Dep6_Tu5,3.330,26.368,7.861,0.857,3.712,1.081,1.909,6.957,4.509,10.173,9.694,6.078,17.472
Br66_rep7_Dep6_Tu1,1.070,9.550,6.561,0.199,21.832,0.474,4.699,0.510,12.774,8.865,2.658,4.585,26.222
Br66_rep6_Dep6_Tu0.3,0.170,27.458,4.533,0.315,11.720,0.497,4.010,5.253,7.998,11.197,14.584,2.346,9.920
Br66_rep1_Dep6_Tu30,27.522,4.187,13.690,2.726,4.707,2.187,4.187,4.888,5.353,7.697,8.593,2.249,12.012
Br66_rep3_Dep6_Tu1,1.285,21.214,6.517,0.270,14.527,0.450,4.188,2.403,12.218,7.416,4.225,5.733,19.554
Br66_rep3_Dep6_Tu30,27.148,15.600,11.173,3.691,1.946,1.840,3.806,6.110,9.095,3.399,3.440,1.321,11.432
Br66_rep9_Dep6_Tu1,1.328,23.534,4.291,0.165,14.223,0.685,2.803,8.242,2.059,12.677,15.053,6.631,8.308
Br66_rep9_Dep6_Tu40,37.204,4.673,8.871,4.434,10.494,1.939,2.968,6.615,5.237,2.764,3.455,3.440,7.906
Br66_rep5_Dep6_Tu1,1.064,21.646,7.968,0.408,16.410,0.166,0.267,7.956,8.881,12.812,5.188,6.575,10.659
Br66_rep2_Dep6_Tu5,3.138,1.492,11.887,0.724,27.334,0.766,3.676,7.492,2.935,9.682,22.769,5.234,2.870
Br66_rep5_Dep6_Tu30,26.984,9.271,4.438,4.025,15.036,1.041,4.370,6.234,5.668,8.170,1.357,3.069,10.337
Br66_rep7_Dep6_Tu50,47.577,4.449,7.512,5.104,7.510,1.841,3.756,2.242,5.366,6.388,1.087,2.573,4.595
Br66_rep4_Dep6_Tu40,36.275,1.948,11.428,4.966,8.274,1.486,0.295,3.353,9.041,9.208,6.018,0.876,6.831
Br66_rep8_Dep6_Tu5,4.096,23.789,6.040,0.682,13.617,0.630,5.386,5.051,11.147,5.542,11.887,2.567,9.566
Br66_rep9_Dep6_Tu2,1.055,25.140,7.456,0.378,12.903,0.792,3.962,8.207,8.841,5.895,8.841,3.589,12.942
Br66_rep6_Dep6_Tu30,27.417,9.564,6.085,3.718,14.463,1.316,3.721,4.608,6.353,3.482,8.548,3.677,7.048
Br66_rep4_Dep6_Tu0.1,0.931,28.727,7.236,0.057,8.868,0.742,5.961,3.756,3.491,1.624,14.823,9.289,14.494
Br66_rep5_Dep6_Tu10,8.138,24.538,4.601,1.650,12.688,0.705,5.112,0.272,9.963,8.672,8.210,6.930,8.520
Br66_rep3_Dep6_Tu40,37.983,9.269,8.258,4.084,8.552,2.056,4.365,3.008,6.545,1.622,8.330,3.003,2.924
Br66_rep9_Dep6_Tu0.5,0.848,25.110,11.229,0.191,6.876,0.677,3.552,6.679,10.771,8.329,13.236,0.557,11.944
Br66_rep8_Dep6_Tu2,1.686,8.729,7.164,0.504,24.248,0.530,4.679,9.089,3.629,9.181,6.686,6.544,17.332
Br66_rep10_Dep6_Tu2,1.559,24.473,5.784,0.560,12.503,0.577,5.277,6.374,7.128,5.191,9.682,4.358,16.534
Br66_rep6_Dep6_Tu0.1,0.936,22.400,0.433,0.293,20.203,0.294,5.674,9.812,1.367,7.252,3.193,7.322,20.822
Br66_rep5_Dep6_Tu0.5,1.245,19.901,6.411,0.061,16.641,0.625,2.943,13.384,0.262,9.080,8.498,3.404,17.545
Br66_rep2_Dep6_Tu20,17.472,14.500,6.116,2.704,12.341,0.964,2.987,1.790,9.056,7.058,8.820,5.109,11.082
Br66_rep4_Dep6_Tu0.5,0.895,2.191,6.865,0.078,36.850,0.640,1.620,11.490,11.963,8.923,14.305,2.246,1.935
Br66_rep4_Dep6_Tu5,2.847,6.139,7.287,0.747,25.202,0.782,3.384,4.868,9.753,9.782,6.416,5.503,17.290
Br66_rep8_Dep6_Tu0.5,0.768,32.273,8.884,0.349,1.882,0.656,3.447,4.662,15.070,7.584,13.825,0.181,10.419
Br66_rep5_Dep6_Tu20,17.950,12.855,4.258,2.471,18.723,0.893,4.057,6.672,4.308,6.647,10.216,6.167,4.782
Br66_rep1_Dep6_Tu3,0.096,24.362,9.434,0.762,8.159,0.862,2.465,3.390,13.109,11.331,12.345,3.517,10.169
Br66_rep10_Dep6_Tu10,8.103,22.133,5.567,1.361,17.445,0.719,4.036,8.367,8.144,8.390,9.071,4.918,1.746
Br66_rep3_Dep6_Tu10,8.195,1.144,14.312,1.027,16.843,1.356,4.115,6.769,5.830,4.168,14.928,5.058,16.255
Br66_rep10_Dep6_Tu40,37.765,11.694,7.954,5.569,3.936,1.185,1.358,2.726,5.723,4.658,4.617,4.370,8.445
Br66_rep1_Dep6_Tu50,46.499,1.627,13.026,5.594,0.469,2.472,2.591,5.297,3.864,4.164,5.758,4.579,4.061
Br66_rep10_Dep6_Tu0.5,0.659,18.988,6.145,0.158,15.686,0.752,0.492,8.194,1.673,10.152,13.480,7.047,16.575
Br66_rep1_Dep6_Tu0.3,0.740,20.797,5.710,0.292,17.756,0.357,1.541,10.682,2.321,10.412,14.345,6.499,8.546
Br66_rep10_Dep6_Tu0.1,0.047,19.961,8.302,0.194,11.923,0.768,1.167,3.966,11.129,10.492,14.191,2.899,14.962
Br66_rep8_Dep6_Tu40,37.378,13.189,4.394,5.399,9.697,0.837,3.594,2.612,4.494,6.639,2.765,4.057,4.945
Br66_rep3_Dep6_Tu20,17.860,16.144,3.695,2.448,14.003,1.123,2.220,1.260,10.449,8.239,9.083,4.850,8.625
Br66_rep9_Dep6_Tu0.3,0.935,20.816,14.784,0.043,0.791,0.745,3.846,4.458,6.563,10.761,12.876,4.739,18.642
Br66_rep7_Dep6_Tu0.3,0.951,25.352,5.149,0.316,14.469,0.480,2.647,8.815,0.475,4.964,11.181,7.192,18.008
Br66_rep5_Dep6_Tu2,1.551,12.659,8.505,0.441,16.714,0.590,2.627,4.708,4.970,9.217,11.792,7.108,19.117
Br66_rep5_Dep6_Tu0.3,1.045,4.546,12.496,0.224,18.961,0.909,4.731,4.966,14.792,3.401,10.454,1.341,22.131
Br66_rep6_Dep6_Tu5,3.891,23.400,5.753,0.742,9.911,0.852,4.198,5.365,7.281,9.568,12.982,1.967,14.089
Br66_rep5_Dep6_Tu3,2.104,30.301,11.262,0.140,5.204,1.045,4.172,6.837,11.165,7.240,12.608,3.766,4.155
Br66_rep1_Dep6_Tu5,2.925,9.587,5.044,0.910,27.653,0.539,4.301,8.068,5.200,10.175,15.785,3.542,6.273
Br66_rep6_Dep6_Tu10,8.139,12.546,5.759,1.406,17.255,1.130,0.214,3.266,12.212,8.666,5.629,4.417,19.361
Br66_rep3_Dep6_Tu5,3.758,9.937,9.044,0.656,22.672,0.824,0.982,11.558,7.596,6.846,3.175,5.954,16.999
Br66_rep1_Dep6_Tu1,1.658,26.490,3.641,0.106,14.357,0.418,0.033,1.742,8.857,13.788,16.508,8.658,3.744
Br66_rep4_Dep6_Tu30,26.787,17.999,7.498,3.631,4.420,1.206,3.464,2.395,7.576,9.041,3.913,5.855,6.216
Br66_rep8_Dep6_Tu20,16.683,2.768,12.490,1.922,17.244,1.519,3.767,2.496,10.055,9.455,11.239,4.625,5.737
Br66_rep4_Dep6_Tu10,7.673,16.312,11.600,1.076,10.782,1.628,4.135,6.238,8.978,2.131,10.728,4.010,14.707
Br66_rep2_Dep6_Tu1,0.842,25.499,4.526,0.387,14.666,0.269,3.365,7.370,6.608,5.671,8.906,6.573,15.317
Br66_rep6_Dep6_Tu2,1.538,13.746,5.988,0.441,19.795,0.776,3.554,5.069,7.998,10.132,19.048,2.613,9.301
Br66_rep6_Dep6_Tu0.5,0.925,15.931,4.339,0.352,21.231,0.624,3.258,2.936,15.390,4.862,15.360,0.432,14.359
Br66_rep5_Dep6_Tu0.1,0.699,5.405,11.334,0.086,26.286,0.620,2.135,9.634,3.309,10.157,20.932,6.682,2.723
Br66_rep2_Dep6_Tu2,1.198,2.101,10.026,0.380,30.480,0.515,3.867,9.621,7.875,9.547,9.197,6.307,8.887
Br66_rep10_Dep6_Tu50,47.166,6.766,8.181,5.701,4.047,1.771,4.151,3.227,1.606,5.105,2.367,4.809,5.102
Br66_rep7_Dep6_Tu3,2.544,6.625,8.253,0.555,25.158,0.307,4.056,6.415,9.228,0.956,5.329,7.087,23.488
Br66_rep7_Dep6_Tu10,7.216,2.568,14.916,1.419,16.776,1.273,5.340,1.826,10.841,4.872,5.086,5.934,21.934
Br66_rep2_Dep6_Tu0.5,0.792,26.484,7.388,0.324,9.387,0.359,3.344,4.443,9.177,4.612,8.564,6.305,18.821
Br66_rep5_Dep6_Tu50,47.463,1.943,9.163,6.274,7.228,2.012,2.199,2.032,6.015,1.239,1.942,5.791,6.701
Br66_rep9_Dep6_Tu20,16.962,12.439,8.270,3.090,16.029,0.811,4.114,7.244,8.242,6.311,4.549,3.458,8.480
Br66_rep8_Dep6_Tu3,1.785,22.951,6.829,0.624,16.767,0.805,2.408,7.895,10.896,5.706,10.766,5.242,7.325
Br66_rep9_Dep6_Tu10,8.257,19.783,10.193,1.252,11.830,1.177,4.127,5.798,7.912,0.073,13.848,8.150,7.599
Br66_rep7_Dep6_Tu2,1.724,25.212,4.768,0.327,17.528,0.378,4.412,9.696,5.114,8.084,9.106,6.272,7.377
Br66_rep6_Dep6_Tu3,1.806,22.638,5.848,0.571,17.343,1.199,0.493,4.475,16.011,0.673,14.946,5.828,8.170
Br66_rep1_Dep6_Tu0.5,0.364,16.688,1.869,0.301,25.260,0.280,4.839,6.003,9.171,10.245,1.503,5.621,17.854
Br66_rep2_Dep6_Tu40,37.136,13.483,10.351,4.501,0.257,1.837,3.400,0.296,5.883,4.831,9.616,6.330,2.079
Br66_rep1_Dep6_Tu2,1.544,15.257,18.278,0.124,2.490,1.324,2.856,7.310,5.746,11.241,18.125,5.965,9.740
Br66_rep8_Dep6_Tu1,0.784,37.671,6.080,0.259,0.152,1.111,4.259,2.867,8.266,7.537,16.803,5.254,8.958
Br66_rep4_Dep6_Tu3,2.252,22.002,8.633,0.656,11.614,0.675,0.887,8.370,0.554,9.259,11.840,9.362,13.897
Br66_rep7_Dep6_Tu40,35.769,6.937,10.807,4.869,4.588,2.110,4.396,3.693,3.991,5.405,5.444,4.431,7.561
Br66_rep7_Dep6_Tu0.5,1.016,2.929,10.652,0.171,26.631,0.465,1.954,10.603,13.339,6.697,2.447,2.123,20.973
Br66_rep2_Dep6_Tu30,27.837,13.944,8.701,3.851,6.226,1.171,4.478,6.516,1.727,8.568,2.677,4.409,9.896
Br66_rep2_Dep6_Tu0.1,0.921,19.455,8.689,0.352,12.715,0.375,0.608,6.062,10.667,10.704,15.127,0.421,13.903
Br66_rep7_Dep6_Tu0.1,0.522,20.309,14.238,0.181,1.853,1.107,2.236,7.400,1.101,6.859,12.810,7.690,23.695
Br66_rep1_Dep6_Tu40,36.906,9.736,7.590,4.871,5.657,1.606,3.553,4.197,4.794,6.264,2.892,2.576,9.356
Br66_rep7_Dep6_Tu5,4.097,18.493,6.852,1.012,12.990,0.544,5.118,2.754,1.003,10.071,16.243,3.385,17.439
Br66_rep4_Dep6_Tu1,1.052,25.021,6.023,0.286,11.648,0.740,3.825,9.124,4.333,7.597,6.006,7.298,17.048
Br66_rep8_Dep6_Tu0.1,0.459,15.897,8.001,0.249,21.039,0.219,4.686,9.179,0.390,12.771,16.173,8.246,2.693
Br66_rep4_Dep6_Tu2,1.159,28.236,8.733,0.418,3.081,0.623,3.641,1.294,4.442,12.247,8.596,8.546,18.984
Br66_rep1_Dep6_Tu0.1,0.462,25.557,6.343,0.225,11.358,0.746,5.261,10.696,4.024,4.544,7.914,2.237,20.633
Br66_rep2_Dep6_Tu10,8.244,22.155,10.793,1.241,4.863,0.344,3.743,4.726,7.867,10.974,2.737,5.801,16.511
Br66_rep4_Dep6_Tu20,18.469,21.910,10.590,1.292,0.359,1.739,4.561,8.574,2.526,8.714,5.353,5.640,10.274
Br66_rep4_Dep6_Tu0.3,0.717,16.468,9.460,0.046,17.083,0.520,6.473,4.182,5.956,2.723,3.632,9.521,23.221
Br66_rep10_Dep6_Tu3,1.612,6.479,10.425,0.545,20.488,0.850,3.473,4.308,6.392,10.997,14.812,4.540,15.078
Br66_rep1_Dep6_Tu20,16.644,12.721,6.760,2.555,14.001,1.105,3.866,3.364,7.442,8.520,4.999,5.714,12.310
Br66_rep6_Dep6_Tu1,0.543,8.549,9.142,0.064,21.776,1.084,2.691,11.561,0.508,6.962,17.910,2.372,16.837
Br66_rep6_Dep6_Tu50,46.429,6.977,6.048,6.397,8.712,1.270,2.912,1.913,3.699,4.325,3.956,4.438,2.925
Br66_rep9_Dep6_Tu3,2.591,2.054,10.568,0.207,26.130,0.595,4.125,4.434,7.596,5.126,17.105,5.688,13.780
Br66_rep3_Dep6_Tu50,48.013,9.783,3.614,5.083,7.106,1.837,3.689,2.186,2.381,4.411,2.604,5.079,4.215
Br66_rep8_Dep6_Tu30,27.080,8.444,7.303,2.711,17.883,1.717,5.955,2.024,9.527,1.369,1.916,6.871,7.200
Br66_rep7_Dep6_Tu20,17.425,13.498,13.636,0.985,9.609,1.424,4.884,0.874,11.824,7.486,9.601,5.696,3.059
Br66_rep3_Dep6_Tu2,2.092,19.212,1.909,0.399,19.969,0.694,1.563,6.251,7.906,7.235,11.968,5.913,14.888
Br66_rep8_Dep6_Tu50,47.752,5.815,5.156,5.753,5.845,1.815,4.738,3.827,3.438,4.816,0.763,1.751,8.530
Br66_rep3_Dep6_Tu3,1.547,23.496,6.406,0.588,10.570,0.599,5.234,2.552,6.828,10.519,9.676,5.761,16.220
Br66_rep3_Dep6_Tu0.3,0.908,8.630,7.654,0.000,22.713,0.532,3.228,4.918,8.268,8.413,12.012,4.656,18.069
Br66_rep8_Dep6_Tu0.3,1.065,11.450,15.846,0.103,9.479,1.136,1.215,8.118,9.334,5.272,11.322,7.122,18.538
Br66_rep3_Dep6_Tu0.1,0.702,23.417,5.107,0.173,13.556,0.486,3.417,1.005,12.977,10.645,9.911,4.477,14.127
Br66_rep10_Dep6_Tu0.3,0.557,27.416,8.986,0.198,2.795,0.667,2.800,4.041,7.514,10.199,12.386,5.061,17.380
Br66_rep2_Dep6_Tu50,47.738,11.765,3.834,6.304,6.316,1.397,3.694,3.628,2.008,4.346,6.198,1.030,1.743
Br66_rep5_Dep6_Tu5,2.923,16.325,7.558,0.455,20.921,1.232,4.004,8.678,12.099,3.194,11.423,3.340,7.849
Br66_rep10_Dep6_Tu20,16.878,10.775,5.037,2.424,19.118,1.341,3.336,5.527,8.527,3.085,11.689,4.747,7.516
Br66_rep7_Dep6_Tu30,27.124,7.713,11.049,2.777,9.528,1.467,4.454,1.822,5.982,7.691,8.760,3.485,8.148
Br66_rep9_Dep6_Tu30,27.596,4.267,5.259,3.666,17.322,1.279,4.239,5.327,6.716,7.848,6.114,0.917,9.452
Br66_rep5_Dep6_Tu40,37.457,15.848,7.012,4.352,3.290,1.680,5.703,5.549,4.590,1.715,3.069,4.505,5.230
Br66_rep8_Dep6_Tu10,9.956,16.487,6.745,0.251,15.152,1.378,3.752,2.347,9.581,1.164,12.924,7.630,12.632
Br66_rep9_Dep6_Tu50,46.624,9.869,4.787,6.136,7.943,1.696,3.591,1.160,5.771,4.734,5.615,1.637,0.438
Br66_rep2_Dep6_Tu0.3,0.218,30.450,10.822,0.203,3.341,0.751,2.664,9.612,6.237,8.602,6.777,7.130,13.194
Br66_rep1_Dep6_Tu10,7.991,26.828,7.223,1.264,5.810,1.240,4.251,7.604,4.744,5.499,9.356,7.502,10.687
Cer77_rep9_Dep6_Tu3,1.188,5.271,12.522,0.974,20.166,0.399,5.067,3.889,9.840,10.880,3.490,6.583,19.731
Cer77_rep5_Dep6_Tu30,7.176,0.481,16.848,14.635,11.555,0.858,4.947,14.074,3.355,1.962,6.444,7.539,10.127
Cer77_rep3_Dep6_Tu30,6.067,6.685,25.412,13.756,3.194,0.822,7.408,9.943,8.543,4.272,2.656,6.854,4.388
Cer77_rep8_Dep6_Tu50,6.879,1.801,26.976,21.485,1.403,0.427,8.823,3.218,14.034,7.854,0.591,4.156,2.353
Cer77_rep1_Dep6_Tu1,1.206,18.248,6.412,0.328,21.362,0.492,4.738,13.560,8.300,1.486,6.647,6.393,10.828
Cer77_rep7_Dep6_Tu3,0.185,2.487,11.076,1.323,24.334,1.051,2.563,11.376,2.915,6.074,13.130,6.769,16.718
Cer77_rep10_Dep6_Tu2,1.469,18.666,10.766,0.618,14.925,0.674,5.649,9.023,2.456,6.056,20.168,5.064,4.466
Cer77_rep2_Dep6_Tu0.5,1.200,23.562,2.053,0.200,20.568,0.441,4.988,14.538,4.894,5.187,3.527,1.497,17.346
Cer77_rep3_Dep6_Tu20,4.801,4.833,16.088,10.481,12.671,0.559,5.110,10.212,7.903,6.696,2.432,5.766,12.447
Cer77_rep1_Dep6_Tu2,1.620,18.789,3.200,0.896,19.087,0.491,2.786,9.075,1.267,13.127,14.977,5.846,8.840
Cer77_rep2_Dep6_Tu5,1.748,24.155,6.520,2.322,15.352,0.494,4.804,5.282,15.068,10.622,0.075,5.868,7.691
Cer77_rep5_Dep6_Tu0.5,0.982,12.398,8.109,0.196,23.121,0.535,4.737,4.890,9.326,2.969,7.963,7.560,17.216
Cer77_rep2_Dep6_Tu50,8.474,1.637,30.649,19.551,0.122,1.179,3.964,21.011,2.939,0.465,4.903,3.425,1.680
Cer77_rep9_Dep6_Tu0.5,0.796,1.502,22.415,0.292,8.292,1.625,0.595,2.047,12.895,5.189,24.274,5.515,14.563
Cer77_rep4_Dep6_Tu10,1.437,14.322,21.098,4.721,4.245,0.858,5.656,0.724,12.702,6.468,13.673,5.733,8.363
Cer77_rep9_Dep6_Tu20,4.275,3.715,19.651,9.880,10.545,0.973,4.205,15.475,6.743,2.328,9.348,2.963,9.899
Cer77_rep3_Dep6_Tu10,2.716,10.191,15.794,4.762,15.122,0.081,7.335,2.600,18.650,5.921,3.682,3.837,9.309
Cer77_rep6_Dep6_Tu5,2.281,9.757,2.751,2.801,26.099,0.582,4.403,9.562,4.728,4.285,10.949,5.374,16.429
Cer77_rep5_Dep6_Tu1,0.896,21.801,2.550,0.665,22.196,0.447,1.844,4.617,18.069,6.181,4.740,3.685,12.309
Cer77_rep5_Dep6_Tu0.3,0.531,8.655,7.802,0.315,24.772,0.329,5.453,5.284,3.862,8.043,4.707,9.175,21.071
Cer77_rep4_Dep6_Tu50,6.722,1.213,27.092,21.573,2.098,0.609,8.388,8.352,4.991,7.442,4.528,5.110,1.882
Cer77_rep6_Dep6_Tu0.3,0.576,21.089,7.602,0.245,19.947,0.632,3.879,9.371,15.011,2.800,13.840,1.138,3.871
Cer77_rep4_Dep6_Tu40,6.869,3.329,25.491,18.467,3.635,0.551,3.282,20.678,0.301,5.982,2.295,5.739,3.380
Cer77_rep10_Dep6_Tu5,0.547,12.533,18.008,2.014,12.302,1.112,4.839,15.199,3.852,6.009,13.094,7.689,2.801
Cer77_rep3_Dep6_Tu1,0.991,15.577,11.781,0.285,15.593,0.675,2.539,6.351,9.559,7.450,13.652,7.636,7.913
Cer77_rep8_Dep6_Tu40,6.938,1.602,29.040,17.347,1.274,0.733,2.729,0.061,14.903,6.757,10.270,4.894,3.451
Cer77_rep7_Dep6_Tu0.3,0.703,21.459,9.044,0.053,15.837,0.529,4.574,6.378,10.851,6.385,0.386,6.697,17.106
Cer77_rep3_Dep6_Tu0.1,0.959,14.173,5.738,0.003,20.656,0.788,3.039,7.742,5.284,8.625,18.479,2.941,11.573
Cer77_rep4_Dep6_Tu0.3,0.016,24.717,8.324,0.284,13.890,0.533,5.044,0.506,18.658,9.884,13.744,1.220,3.179
Cer77_rep6_Dep6_Tu2,1.254,0.968,7.759,1.241,27.966,0.437,1.974,4.613,8.520,9.125,15.557,4.105,16.483
Cer77_rep6_Dep6_Tu20,1.591,5.558,24.241,10.093,7.270,1.094,5.754,18.603,1.984,7.555,3.598,5.291,7.368
Cer77_rep9_Dep6_Tu40,5.041,2.635,28.633,17.697,0.140,1.030,5.842,9.031,11.864,2.971,4.153,5.787,5.176
