Sample,BRCA,CEAD,CESC,COAD,OV,READ,bcell,cd4tcell,cd8tcell,erythroblast,monocyte,naturalkillercell,neutrophil,Unknown-1
Colo_rep2_Dep6_Tu0.5,0.838,11.046,0.961,0.049,22.671,0.651,4.748,7.929,6.368,4.436,4.261,5.652,20.844,9.546
Colo_rep2_Dep6_Tu50,2.628,4.237,5.698,1.921,3.284,36.602,4.584,10.056,2.589,7.707,5.493,2.532,2.953,9.716
Colo_rep6_Dep6_Tu1,0.927,17.925,4.992,0.189,20.218,0.118,3.678,10.447,5.046,2.002,16.932,6.498,1.303,9.725
Colo_rep3_Dep6_Tu2,1.054,8.595,1.849,0.174,21.532,1.668,4.378,4.259,5.763,0.845,15.195,7.402,18.234,9.051
Colo_rep7_Dep6_Tu2,0.169,13.513,5.436,0.096,12.400,1.922,2.697,7.680,7.710,6.783,6.350,5.392,20.862,8.990
Colo_rep8_Dep6_Tu0.1,1.151,29.806,1.530,0.232,15.389,0.629,0.786,11.962,2.314,4.842,8.429,5.553,16.879,0.498
Colo_rep10_Dep6_Tu2,0.326,9.071,5.774,0.178,21.987,0.997,3.214,5.502,9.219,11.584,13.927,5.286,1.466,11.469
Colo_rep6_Dep6_Tu3,0.332,19.204,3.606,0.209,17.328,2.258,4.276,8.540,4.479,7.696,12.712,0.436,14.143,4.781
Colo_rep9_Dep6_Tu30,1.607,12.891,7.728,1.056,7.292,21.577,1.861,1.650,1.470,10.261,13.863,10.650,1.463,6.631
Colo_rep9_Dep6_Tu0.5,0.979,28.328,2.268,0.103,11.734,0.786,3.399,6.763,2.340,8.950,6.753,6.235,17.910,3.452
Colo_rep6_Dep6_Tu20,2.037,8.712,4.753,0.504,14.132,14.970,2.565,7.667,5.185,4.699,16.761,3.749,8.220,6.047
Colo_rep8_Dep6_Tu30,2.384,7.576,5.437,0.819,10.485,21.932,4.544,4.976,10.072,5.831,11.150,2.660,2.610,9.522
Colo_rep3_Dep6_Tu5,1.165,13.863,5.223,0.472,17.783,3.292,3.849,10.513,1.943,4.307,1.282,5.941,23.711,6.656
Colo_rep4_Dep6_Tu3,1.389,17.086,1.899,0.251,12.417,2.282,2.187,4.578,8.041,6.664,11.775,5.587,15.854,9.989
Colo_rep2_Dep6_Tu10,0.784,10.621,4.011,0.463,13.940,7.998,4.806,4.335,14.790,1.593,4.827,1.523,19.962,10.346
Colo_rep3_Dep6_Tu40,1.844,1.375,2.651,1.161,7.204,30.059,5.616,9.472,0.324,8.794,5.526,4.180,10.695,11.099
Colo_rep3_Dep6_Tu30,2.504,7.716,3.086,0.866,9.821,22.244,2.991,3.898,9.023,5.133,5.273,4.295,14.058,9.092
Colo_rep6_Dep6_Tu30,1.388,16.373,5.465,1.075,9.690,22.340,7.149,2.415,8.043,2.757,0.566,6.654,13.156,2.929
Colo_rep4_Dep6_Tu50,2.274,5.304,3.470,1.241,2.262,37.616,5.122,6.716,7.250,3.388,8.343,5.220,3.139,8.656
Colo_rep5_Dep6_Tu50,3.492,7.222,2.014,1.556,0.781,37.566,3.949,3.361,8.033,3.557,10.478,4.274,4.834,8.880
Colo_rep6_Dep6_Tu2,0.834,2.003,5.083,0.355,23.898,1.137,3.438,1.938,5.766,9.829,6.791,6.145,27.172,5.611
Colo_rep10_Dep6_Tu50,3.498,11.285,4.217,1.695,0.066,37.104,5.211,0.574,9.464,5.005,9.720,5.001,2.156,5.006
Colo_rep7_Dep6_Tu50,3.132,5.278,4.481,0.700,1.349,37.163,4.136,1.151,8.906,7.471,9.532,4.414,4.572,7.714
Colo_rep9_Dep6_Tu40,1.064,2.796,3.156,1.272,7.142,29.269,6.040,2.388,10.783,10.801,3.220,3.467,7.653,10.948
Colo_rep8_Dep6_Tu5,0.774,26.209,3.251,0.495,9.568,3.028,2.540,7.443,12.599,10.373,5.684,0.892,10.394,6.748
Colo_rep1_Dep6_Tu20,2.037,16.205,4.806,0.772,1.659,14.995,4.856,0.141,10.692,8.470,10.094,0.818,16.071,8.384
Colo_rep9_Dep6_Tu2,0.864,18.892,6.768,0.111,1.312,1.958,2.026,9.074,3.395,6.288,12.556,4.161,18.057,14.539
Colo_rep5_Dep6_Tu30,1.118,7.577,6.114,1.169,10.642,21.823,2.402,4.674,13.155,9.311,2.087,5.863,8.326,5.739
Colo_rep4_Dep6_Tu0.1,0.008,27.837,4.176,0.084,17.660,0.393,4.143,5.844,2.312,11.222,14.077,6.613,2.437,3.195
Colo_rep5_Dep6_Tu0.1,0.670,12.553,6.596,0.018,8.903,0.512,4.681,4.197,10.208,9.842,6.894,4.903,15.559,14.464
Colo_rep9_Dep6_Tu3,0.694,4.366,5.461,0.041,25.918,1.651,4.202,2.092,8.753,9.588,13.872,5.845,8.862,8.654
Colo_rep2_Dep6_Tu0.1,0.506,22.940,4.138,0.090,1.616,1.184,4.556,3.688,12.545,1.315,12.073,4.948,17.098,13.302
Colo_rep8_Dep6_Tu10,1.377,12.293,6.140,0.573,22.127,6.288,3.636,5.202,4.342,7.674,10.765,7.138,12.039,0.408
Colo_rep4_Dep6_Tu30,2.174,14.269,3.816,0.391,0.644,22.329,4.327,13.119,2.656,9.405,6.493,5.378,1.998,13.002
Colo_rep2_Dep6_Tu2,0.646,31.752,7.029,0.230,7.261,1.116,3.259,9.346,2.367,12.464,5.190,7.059,9.760,2.521
Colo_rep1_Dep6_Tu5,0.790,3.874,5.804,0.382,25.277,3.307,0.533,8.638,5.154,5.847,11.402,4.700,18.885,5.406
Colo_rep8_Dep6_Tu50,3.117,3.591,4.057,2.058,4.015,36.833,3.589,5.155,3.388,8.316,3.826,5.380,10.224,6.450
Colo_rep5_Dep6_Tu5,0.156,4.908,7.116,0.270,6.939,4.203,3.018,8.093,11.575,11.100,2.886,2.363,22.975,14.397
Colo_rep6_Dep6_Tu50,1.898,9.485,4.279,1.350,0.114,36.961,7.348,0.777,7.239,8.167,1.658,7.366,4.657,8.703
Colo_rep5_Dep6_Tu0.5,0.501,15.040,4.750,0.220,22.478,0.387,3.811,1.945,7.550,6.543,12.281,4.677,14.281,5.536
Colo_rep4_Dep6_Tu20,1.966,14.338,0.484,0.775,13.535,14.932,4.873,8.673,6.488,3.186,4.323,5.326,15.161,5.939
Colo_rep8_Dep6_Tu40,2.763,5.936,5.865,0.490,1.543,30.009,3.454,4.494,6.005,8.174,7.048,3.822,9.979,10.421
Colo_rep7_Dep6_Tu0.3,0.970,30.562,1.519,0.167,3.101,0.831,4.917,9.132,5.143,7.587,11.076,3.888,8.134,12.972
Colo_rep7_Dep6_Tu30,2.031,12.264,4.570,0.975,2.089,22.819,1.871,10.726,6.316,5.820,10.872,1.833,5.746,12.070
Colo_rep10_Dep6_Tu20,2.457,18.184,1.004,0.685,9.784,14.284,1.850,6.208,9.667,9.780,1.861,6.153,11.881,6.202
Colo_rep9_Dep6_Tu10,0.259,17.745,4.786,0.754,6.466,7.774,3.334,5.415,7.419,4.161,12.355,6.026,12.545,10.961
Colo_rep9_Dep6_Tu0.1,1.233,31.001,1.061,0.200,9.586,0.463,3.880,3.603,4.801,5.976,9.053,6.526,19.088,3.530
Colo_rep10_Dep6_Tu0.3,0.607,4.429,6.928,0.066,19.055,0.845,2.150,7.772,5.865,6.493,8.067,7.260,22.550,7.914
Colo_rep8_Dep6_Tu20,1.808,2.840,3.333,0.769,11.869,15.241,5.061,9.007,1.252,0.806,11.680,6.790,16.832,12.711
Colo_rep3_Dep6_Tu3,0.334,9.715,3.434,0.928,25.861,0.381,4.159,8.268,1.806,12.418,6.347,5.689,15.453,5.206
Colo_rep4_Dep6_Tu2,0.400,22.548,6.416,0.108,12.206,1.443,4.336,6.966,12.478,7.176,6.873,6.671,1.940,10.438
Colo_rep10_Dep6_Tu0.1,0.064,18.933,4.760,0.208,19.013,0.572,3.525,8.334,4.031,7.999,15.280,4.387,8.783,4.110
Colo_rep4_Dep6_Tu0.3,0.478,16.565,6.027,0.079,20.051,0.546,0.829,6.838,6.497,11.551,18.363,1.128,5.918,5.129
Colo_rep9_Dep6_Tu0.3,0.991,13.888,3.199,0.123,25.041,0.675,4.265,5.172,10.773,2.026,5.194,1.733,24.045,2.877
Colo_rep1_Dep6_Tu10,0.564,29.419,6.113,0.472,7.323,6.576,4.199,5.336,11.776,12.599,3.320,5.387,0.557,6.360
Colo_rep6_Dep6_Tu0.3,0.491,18.968,2.927,0.152,21.674,0.163,5.729,6.113,9.755,8.281,6.042,7.656,1.778,10.271
Colo_rep6_Dep6_Tu0.5,0.739,17.547,3.138,0.334,21.223,0.320,3.641,0.370,9.764,10.005,3.617,5.717,22.936,0.649
Colo_rep10_Dep6_Tu10,1.311,15.542,5.247,0.529,17.713,6.259,5.276,5.602,10.614,7.235,5.492,4.963,8.747,5.469
Colo_rep10_Dep6_Tu1,0.477,30.386,4.013,0.184,6.761,0.896,3.942,6.241,13.267,8.158,2.531,2.430,14.963,5.754
Colo_rep10_Dep6_Tu5,1.046,2.742,6.850,0.223,24.760,3.374,3.993,3.817,14.868,2.296,11.311,7.088,6.920,10.712
Colo_rep10_Dep6_Tu40,2.032,4.443,5.273,2.321,17.000,29.195,3.215,0.866,4.307,1.957,15.914,9.378,0.715,3.385
Colo_rep10_Dep6_Tu0.5,0.726,22.383,3.336,0.083,17.479,0.242,4.178,10.000,2.260,10.911,9.674,6.777,4.511,7.440
Colo_rep1_Dep6_Tu1,0.828,22.264,3.797,0.269,13.764,0.282,3.132,4.407,6.550,10.769,14.865,4.441,9.216,5.416
Colo_rep7_Dep6_Tu20,2.284,23.265,6.046,0.442,6.369,15.107,5.281,4.041,8.337,6.236,7.555,3.595,10.760,0.680
Colo_rep6_Dep6_Tu10,1.538,24.971,1.262,0.649,12.400,6.887,3.041,5.722,11.347,8.377,4.823,6.610,4.671,7.703
Colo_rep10_Dep6_Tu3,0.740,14.478,5.434,0.163,19.324,1.525,4.432,3.581,5.804,9.636,7.855,6.739,14.367,5.922
Colo_rep1_Dep6_Tu30,2.416,14.597,5.199,0.555,1.258,22.921,5.538,8.855,6.413,6.689,8.719,1.201,4.929,10.711
Colo_rep1_Dep6_Tu0.1,0.608,20.359,5.338,0.259,9.848,0.083,4.193,6.581,1.464,10.006,10.334,4.526,18.562,7.840
Colo_rep7_Dep6_Tu5,1.318,4.406,4.276,0.384,18.361,2.999,3.360,4.627,5.026,10.085,15.358,5.209,13.232,11.359
Colo_rep7_Dep6_Tu0.1,0.383,6.836,5.967,0.206,28.017,0.246,1.660,1.516,2.551,12.386,7.833,7.479,21.561,3.359
Colo_rep6_Dep6_Tu40,1.346,13.603,6.519,1.352,0.552,29.525,5.787,6.160,4.281,9.079,7.307,4.834,0.765,8.889
Colo_rep8_Dep6_Tu2,0.741,17.756,3.603,0.058,1.247,2.122,2.881,6.369,10.695,11.410,13.176,2.075,11.416,16.452
Colo_rep7_Dep6_Tu0.5,0.662,29.324,2.992,0.159,4.431,0.810,3.227,7.091,6.322,9.689,10.684,4.514,11.946,8.146
Colo_rep5_Dep6_Tu20,1.656,15.954,3.739,0.829,16.549,14.427,4.882,7.613,10.499,4.074,2.540,1.960,14.343,0.934
Colo_rep8_Dep6_Tu0.3,0.826,1.420,8.990,0.226,24.797,0.631,0.715,9.748,1.471,7.170,11.669,5.291,23.205,3.843
Colo_rep4_Dep6_Tu5,1.474,43.135,1.574,0.342,2.191,3.188,3.214,7.425,4.301,10.186,8.779,7.299,2.482,4.410
Colo_rep9_Dep6_Tu1,0.543,10.086,5.336,0.129,21.653,0.863,3.733,8.359,7.205,3.621,14.618,3.907,9.968,9.979
Colo_rep1_Dep6_Tu0.5,0.636,14.199,5.375,0.193,15.389,0.351,1.353,5.393,5.355,9.696,12.089,6.263,15.152,8.558
Colo_rep8_Dep6_Tu3,1.730,24.848,1.920,0.134,19.364,1.094,5.400,5.440,3.751,8.896,6.793,6.068,10.092,4.469
Colo_rep5_Dep6_Tu0.3,1.016,38.170,5.031,0.267,4.548,0.365,2.692,5.569,11.375,2.784,3.143,6.192,15.320,3.528
Colo_rep2_Dep6_Tu30,2.117,7.806,4.351,0.922,15.599,21.519,4.113,7.488,5.606,8.945,9.724,3.915,1.643,6.251
Colo_rep7_Dep6_Tu10,0.223,11.628,6.952,0.581,19.800,7.180,3.245,7.005,7.528,4.875,9.937,3.711,13.193,4.141
Colo_rep2_Dep6_Tu40,2.603,6.555,5.304,1.179,6.000,29.533,3.737,8.259,3.458,8.386,6.996,6.653,3.620,7.717
Colo_rep3_Dep6_Tu0.1,0.955,14.138,4.700,0.129,13.148,0.040,3.044,2.815,13.217,11.513,4.257,0.226,21.667,10.150
Colo_rep3_Dep6_Tu1,0.004,16.415,5.454,0.090,13.683,1.404,2.049,10.097,5.841,3.409,5.724,6.060,21.194,8.577
Colo_rep8_Dep6_Tu1,0.993,14.170,5.578,0.245,19.099,1.011,2.035,2.441,6.629,9.802,15.332,1.899,19.798,0.967
Colo_rep4_Dep6_Tu1,0.027,20.958,4.380,0.359,16.228,0.933,0.682,8.600,8.710,9.824,5.460,1.575,18.837,3.426
Colo_rep5_Dep6_Tu40,2.173,9.559,3.120,1.894,6.629,29.535,0.023,9.259,1.202,8.504,8.356,5.751,9.087,4.910
Colo_rep5_Dep6_Tu10,1.480,16.521,0.987,0.577,6.855,7.700,4.450,8.780,10.080,3.544,0.003,6.236,18.535,14.253
Colo_rep2_Dep6_Tu0.3,1.042,18.702,4.784,0.187,19.755,0.519,5.172,4.964,3.579,6.548,6.724,0.432,26.480,1.111
Colo_rep10_Dep6_Tu30,2.033,13.564,3.512,1.347,11.298,21.773,4.993,8.808,0.035,9.584,6.129,6.482,4.801,5.640
Colo_rep1_Dep6_Tu40,3.205,10.034,5.554,0.484,4.582,30.230,2.458,1.741,9.911,2.187,6.070,7.040,10.539,5.965
Colo_rep6_Dep6_Tu0.1,0.456,10.677,4.674,0.121,24.984,0.380,3.340,6.044,10.849,8.549,14.948,0.703,8.849,5.429
Colo_rep7_Dep6_Tu40,1.020,4.678,3.050,2.064,12.312,28.967,5.449,6.001,4.441,13.251,0.005,5.350,4.900,8.511
Colo_rep1_Dep6_Tu50,3.453,1.750,2.080,2.139,7.608,36.659,4.740,4.831,1.976,9.687,5.075,6.461,6.016,7.526
Colo_rep1_Dep6_Tu0.3,0.375,14.020,7.297,0.047,1.787,1.359,2.541,11.348,9.658,6.493,2.733,3.892,24.155,14.293
Colo_rep9_Dep6_Tu20,2.243,15.090,4.537,0.258,11.453,14.717,2.926,5.122,8.401,3.526,12.078,3.620,9.848,6.181
Colo_rep4_Dep6_Tu10,0.633,8.671,6.672,0.577,23.068,6.481,3.254,6.725,5.833,10.001,4.255,4.691,14.371,4.769
Colo_rep6_Dep6_Tu5,1.679,21.131,3.143,0.439,20.553,3.197,3.520,8.701,8.311,2.089,12.179,0.501,11.934,2.625
Colo_rep9_Dep6_Tu5,0.899,27.570,4.777,0.359,15.744,2.473,4.801,11.258,4.605,11.009,1.809,3.390,7.369,3.937
Colo_rep3_Dep6_Tu50,3.050,3.505,4.836,1.653,3.058,37.727,3.238,3.869,6.555,1.816,10.249,6.910,6.301,7.233
Colo_rep5_Dep6_Tu1,0.551,28.461,4.664,0.232,14.231,0.880,3.208,5.893,8.905,6.997,3.149,3.684,18.534,0.612
Colo_rep5_Dep6_Tu3,0.714,10.013,6.527,0.317,11.270,1.513,2.865,6.608,11.852,13.044,2.962,0.078,17.643,14.595
Colo_rep2_Dep6_Tu1,0.905,20.218,4.793,0.303,17.760,0.114,2.478,8.387,3.887,13.158,8.702,3.519,10.198,5.578
Colo_rep7_Dep6_Tu1,0.667,4.355,4.298,0.010,26.833,0.574,2.716,4.325,8.366,10.130,11.985,1.603,16.022,8.117
Colo_rep5_Dep6_Tu2,0.824,19.035,5.908,0.197,16.897,1.557,2.747,2.852,7.294,4.644,16.815,4.464,14.386,2.379
Colo_rep4_Dep6_Tu40,2.137,9.330,0.037,1.363,5.377,30.879,0.336,10.841,3.958,4.306,1.863,8.679,11.480,9.414
Colo_rep2_Dep6_Tu20,1.880,14.220,1.366,1.094,11.130,14.561,5.088,7.968,4.706,4.379,5.301,6.051,14.016,8.240
Colo_rep4_Dep6_Tu0.5,0.960,26.625,4.444,0.254,9.033,0.148,4.445,4.227,6.350,12.630,1.124,2.460,23.136,4.163
Colo_rep2_Dep6_Tu5,0.468,18.299,5.370,0.371,20.888,2.666,3.512,8.449,5.313,11.306,3.918,6.936,6.170,6.335
Colo_rep2_Dep6_Tu3,0.420,13.875,5.455,0.243,18.707,1.924,2.363,3.477,7.474,10.786,10.715,3.632,16.838,4.090
Colo_rep3_Dep6_Tu10,0.997,14.814,5.089,0.341,14.579,7.632,4.094,4.027,10.478,3.442,9.361,5.940,11.737,7.468
Colo_rep8_Dep6_Tu0.5,0.687,30.338,4.349,0.177,1.754,0.744,2.882,0.102,12.616,8.114,13.181,3.510,13.777,7.769
Colo_rep7_Dep6_Tu3,1.297,34.953,2.977,0.507,12.091,2.013,2.793,2.505,10.782,1.735,15.368,6.172,5.317,1.491
Colo_rep3_Dep6_Tu0.5,0.410,7.409,5.734,0.177,22.983,0.193,4.752,11.832,4.053,5.430,6.367,7.281,11.625,11.752
Colo_rep3_Dep6_Tu20,1.778,6.957,6.600,0.694,17.551,14.243,4.763,9.856,9.171,3.023,2.148,5.328,9.254,8.633
Colo_rep1_Dep6_Tu2,1.021,5.439,5.046,0.200,12.644,1.411,3.175,0.628,13.357,7.697,6.566,6.019,22.000,14.795
Colo_rep9_Dep6_Tu50,2.941,7.113,3.417,0.914,2.730,37.575,4.221,6.510,0.146,5.784,8.030,6.959,4.674,8.985
Colo_rep3_Dep6_Tu0.3,0.742,7.149,3.807,0.022,11.721,0.498,3.014,7.009,10.640,9.492,2.951,5.235,22.196,15.522
Colo_rep1_Dep6_Tu3,0.386,24.538,5.697,0.291,6.277,1.964,2.164,8.036,4.557,7.718,11.896,7.552,9.088,9.837
Br62_rep5_Dep6_Tu0.5,0.710,16.834,4.625,0.145,15.332,0.496,0.102,2.025,3.276,12.873,18.130,5.012,12.544,7.894
Br62_rep5_Dep6_Tu3,1.472,5.144,6.732,0.504,27.947,0.196,4.177,9.009,8.700,7.440,1.077,5.853,12.391,9.358
Br62_rep6_Dep6_Tu30,23.701,11.825,4.902,5.017,5.582,0.609,3.020,5.981,5.628,7.625,1.716,5.390,8.335,10.670
Br62_rep7_Dep6_Tu20,16.374,4.717,6.787,2.207,4.423,0.736,2.446,10.067,6.373,4.988,5.304,2.144,13.976,19.458
Br62_rep2_Dep6_Tu40,33.922,10.098,0.677,8.043,6.018,0.322,4.567,0.603,6.980,7.535,6.089,2.216,3.786,9.144
Br62_rep8_Dep6_Tu0.5,0.827,32.033,4.225,0.324,5.684,0.411,3.025,0.955,8.742,5.663,1.451,9.139,22.693,4.828
Br62_rep5_Dep6_Tu2,1.295,29.158,4.706,0.396,5.516,0.581,3.944,6.975,8.940,7.167,5.157,2.662,16.908,6.596
Br62_rep4_Dep6_Tu50,42.053,2.903,3.951,8.327,1.104,0.462,2.019,3.235,8.111,2.265,4.545,3.780,3.421,13.826
Br62_rep8_Dep6_Tu40,31.435,2.123,5.266,6.788,4.533,0.566,1.576,7.653,7.357,6.321,0.783,3.953,3.247,18.399
Br62_rep7_Dep6_Tu2,1.781,24.846,3.885,0.330,13.226,0.593,1.319,6.423,10.517,5.111,3.658,3.984,19.878,4.447
Br62_rep9_Dep6_Tu40,34.819,7.256,0.795,6.714,2.997,0.488,3.704,6.530,5.766,0.921,4.559,4.313,4.552,16.585
Br62_rep10_Dep6_Tu2,0.404,13.955,5.666,0.368,19.171,0.960,2.572,8.784,8.634,4.155,12.409,0.134,16.292,6.496
Br62_rep6_Dep6_Tu10,6.870,14.298,4.932,1.268,10.623,0.816,4.256,8.469,4.620,9.383,8.357,1.699,13.434,10.975
Br62_rep2_Dep6_Tu2,1.459,8.080,6.772,0.378,27.710,0.597,2.844,6.912,8.737,4.282,15.637,5.203,7.954,3.435
Br62_rep9_Dep6_Tu5,4.440,16.209,2.833,0.947,22.333,0.080,2.220,10.915,13.765,3.118,10.036,1.435,2.172,9.497
Br62_rep6_Dep6_Tu40,33.796,6.714,3.719,6.776,5.404,0.399,4.330,1.881,2.023,3.400,4.359,5.737,8.147,13.316
Br62_rep4_Dep6_Tu20,16.058,5.738,5.480,3.248,5.870,0.545,3.604,3.873,6.105,8.182,8.393,4.562,13.549,14.794
Br62_rep9_Dep6_Tu1,1.006,9.174,5.179,0.360,28.287,0.294,3.620,1.287,1.723,10.941,2.437,8.597,26.222,0.872
Br62_rep1_Dep6_Tu0.3,0.817,27.245,4.675,0.155,7.719,0.452,4.063,4.863,11.795,4.478,11.585,5.356,8.203,8.595
Br62_rep3_Dep6_Tu5,2.212,3.053,4.418,0.315,17.601,0.806,3.754,10.841,3.738,7.634,3.084,6.637,20.795,15.113
Br62_rep9_Dep6_Tu50,42.061,3.050,2.952,6.887,1.059,0.687,2.284,7.912,3.612,1.153,3.718,4.035,2.486,18.105
Br62_rep5_Dep6_Tu30,24.393,9.142,4.913,5.290,6.100,0.102,4.163,2.670,7.258,6.954,5.375,3.743,8.174,11.722
Br62_rep9_Dep6_Tu0.5,0.704,10.493,6.938,0.187,32.422,0.199,4.583,9.696,1.079,7.346,11.315,7.731,2.812,4.495
Br62_rep1_Dep6_Tu20,16.921,11.486,5.402,2.029,4.003,0.707,3.325,3.199,12.209,5.223,12.245,1.917,5.877,15.457
Br62_rep4_Dep6_Tu2,0.573,16.241,3.342,0.498,22.986,0.961,3.794,7.664,6.883,0.192,12.408,5.084,15.458,3.918
Br62_rep8_Dep6_Tu3,1.225,9.454,5.389,0.320,22.198,0.718,4.210,2.162,13.352,3.024,11.541,5.695,10.949,9.762
Br62_rep2_Dep6_Tu5,3.839,31.783,3.948,0.708,1.467,0.776,4.396,5.011,11.107,6.250,11.647,6.032,0.667,12.370
Br62_rep2_Dep6_Tu1,0.817,8.542,4.550,0.075,19.812,0.491,1.068,3.520,8.541,8.822,11.063,5.127,18.692,8.879
Br62_rep8_Dep6_Tu1,0.206,17.118,6.739,0.088,8.998,1.041,4.536,6.982,2.310,5.683,8.248,6.955,22.472,8.623
Br62_rep10_Dep6_Tu0.1,0.841,25.145,4.054,0.159,14.650,0.599,3.225,5.590,8.111,3.559,12.935,4.733,13.017,3.382
Br62_rep3_Dep6_Tu40,33.887,6.757,2.662,6.545,2.215,0.225,3.655,7.200,5.746,6.368,2.042,1.873,4.865,15.961
Br62_rep8_Dep6_Tu0.3,1.013,10.871,1.590,0.416,30.355,0.490,1.929,5.953,2.146,0.455,17.060,8.206,16.148,3.368
Br62_rep4_Dep6_Tu0.5,0.002,26.473,4.905,0.236,5.749,0.725,1.807,8.901,6.644,10.575,2.484,3.715,20.981,6.801
Br62_rep6_Dep6_Tu50,40.785,2.819,3.241,8.768,0.585,0.370,3.496,1.375,7.336,5.007,5.215,2.087,4.669,14.248
Br62_rep7_Dep6_Tu0.1,1.075,19.247,2.285,0.260,17.314,0.635,2.143,6.657,3.134,1.453,17.995,5.589,13.924,8.289
Br62_rep9_Dep6_Tu30,25.914,7.356,4.367,4.360,5.840,0.226,1.125,3.460,2.754,9.250,6.627,5.975,8.665,14.079
Br62_rep6_Dep6_Tu20,14.245,4.551,5.136,3.287,15.594,0.160,3.777,10.369,3.729,11.383,7.575,2.347,5.460,12.388
Br62_rep5_Dep6_Tu5,3.948,24.805,3.548,0.518,9.764,0.726,1.261,2.171,12.058,4.437,13.333,5.876,10.105,7.451
Br62_rep4_Dep6_Tu40,33.820,1.099,2.361,4.855,3.675,0.670,4.183,12.115,0.458,4.630,1.688,3.864,7.007,19.574
Br62_rep8_Dep6_Tu0.1,0.552,24.728,4.177,0.303,15.141,0.277,4.776,2.021,0.418,8.592,13.923,7.052,17.001,1.038
Br62_rep1_Dep6_Tu40,34.263,7.511,2.195,7.381,3.806,0.166,3.474,0.892,7.984,4.381,6.610,4.969,2.363,14.005
Br62_rep3_Dep6_Tu30,25.121,4.822,6.811,4.496,1.668,0.692,2.481,11.119,0.783,2.528,4.508,5.959,10.990,18.022
Br62_rep7_Dep6_Tu0.5,0.915,9.882,5.935,0.115,27.529,0.465,2.287,9.215,11.340,3.807,3.488,3.670,17.847,3.505
Br62_rep1_Dep6_Tu10,6.701,20.362,3.130,1.773,12.919,0.515,4.695,8.060,10.159,6.310,11.776,1.372,2.723,9.506
Br62_rep10_Dep6_Tu20,18.061,10.799,0.141,3.263,13.827,0.538,3.501,4.596,9.241,3.504,10.039,5.040,8.702,8.746
Br62_rep1_Dep6_Tu5,3.807,27.810,3.720,1.039,18.523,0.419,0.751,11.301,5.998,6.363,4.922,6.738,6.577,2.032
Br62_rep3_Dep6_Tu50,42.270,0.402,3.669,8.233,4.864,0.377,5.168,3.835,3.322,1.280,3.957,4.788,4.906,12.930
Br62_rep1_Dep6_Tu3,2.391,22.193,2.729,0.701,10.504,0.410,2.478,0.230,4.907,10.484,13.103,6.375,16.935,6.561
Br62_rep7_Dep6_Tu30,25.019,1.057,5.354,3.960,1.673,0.627,3.808,4.364,8.747,1.417,6.327,5.666,9.454,22.526
Br62_rep6_Dep6_Tu1,0.615,9.744,5.430,0.093,19.317,0.472,3.799,4.303,8.314,8.219,7.943,5.057,17.503,9.190
Br62_rep1_Dep6_Tu0.5,0.465,22.788,6.230,0.171,6.096,0.552,3.286,7.581,9.832,10.916,3.439,0.539,20.784,7.323
Br62_rep1_Dep6_Tu0.1,1.259,5.058,2.371,0.233,20.569,0.002,0.868,12.725,0.926,10.094,1.627,4.731,27.719,11.817
Br62_rep9_Dep6_Tu3,2.974,26.082,5.442,0.435,5.378,0.416,6.218,3.584,0.257,3.633,16.731,6.760,11.994,10.095
Br62_rep5_Dep6_Tu40,32.620,5.094,5.491,6.940,2.878,0.457,2.455,1.893,4.474,6.764,7.274,5.318,9.216,9.127
Br62_rep10_Dep6_Tu3,1.899,5.549,6.910,0.283,24.664,0.504,4.045,6.815,6.215,1.267,14.271,8.017,9.344,10.217
Br62_rep2_Dep6_Tu0.3,0.652,18.615,3.827,0.097,10.855,0.579,3.261,4.216,11.457,7.322,7.813,4.168,16.420,10.717
Br62_rep10_Dep6_Tu40,33.884,4.221,1.379,6.782,5.067,0.111,4.280,6.584,0.153,7.459,5.811,2.614,7.069,14.586
Br62_rep3_Dep6_Tu2,1.917,21.821,1.805,0.286,9.302,0.589,3.254,3.030,10.483,8.381,3.442,6.462,20.472,8.754
Br62_rep5_Dep6_Tu1,1.087,26.890,1.953,0.165,17.617,0.155,3.920,11.993,5.437,12.160,8.101,1.417,2.364,6.742
Br62_rep4_Dep6_Tu1,1.007,22.248,2.458,0.476,14.250,0.668,2.212,6.277,6.180,5.424,14.328,2.764,16.190,5.519
Br62_rep10_Dep6_Tu0.5,1.184,31.607,3.099,0.498,9.624,0.148,3.243,2.977,9.467,6.986,11.874,0.982,16.048,2.265
Br62_rep5_Dep6_Tu20,17.482,19.823,3.460,4.095,6.223,0.375,3.721,0.584,10.234,4.983,5.299,5.429,11.811,6.480
Br62_rep6_Dep6_Tu0.3,0.728,4.095,3.816,0.186,21.019,0.355,4.780,8.443,5.895,2.543,6.418,5.920,23.329,12.473
Br62_rep9_Dep6_Tu0.3,0.886,18.668,0.653,0.216,7.005,0.813,3.122,3.757,4.876,8.410,10.906,6.060,22.756,11.872
Br62_rep2_Dep6_Tu20,16.118,11.448,6.355,2.248,1.449,0.624,2.187,4.389,5.707,9.639,10.953,4.714,8.850,15.317
Br62_rep6_Dep6_Tu0.5,1.012,36.940,4.313,0.336,11.788,0.263,2.707,3.887,8.865,9.150,10.721,6.918,1.947,1.153
Br62_rep8_Dep6_Tu10,10.467,21.804,0.134,1.485,0.551,0.962,0.864,6.305,3.963,8.611,14.715,1.133,19.004,10.002
Br62_rep2_Dep6_Tu0.1,1.373,19.434,1.263,0.223,20.508,0.391,0.694,3.607,0.267,5.983,12.104,10.045,20.335,3.772
Br62_rep5_Dep6_Tu10,6.688,14.367,4.192,1.658,10.873,0.444,4.975,7.201,4.096,6.630,9.541,7.050,7.667,14.618
Br62_rep10_Dep6_Tu10,7.771,20.578,3.356,1.785,8.665,0.298,4.048,8.985,2.852,9.396,12.427,3.052,7.585,9.201
Br62_rep4_Dep6_Tu10,8.174,12.977,4.621,0.478,9.643,1.013,1.278,5.173,7.703,3.364,11.632,5.757,13.586,14.602
Br62_rep3_Dep6_Tu0.1,0.441,16.944,6.867,0.100,12.519,0.516,2.422,2.597,10.162,10.627,17.059,2.999,8.336,8.410
Br62_rep2_Dep6_Tu50,42.431,0.207,1.362,6.624,1.746,0.529,2.877,6.399,2.735,5.088,3.846,3.096,3.861,19.199
Br62_rep9_Dep6_Tu10,7.465,20.755,6.625,1.250,1.252,1.019,4.041,0.683,12.473,6.279,13.787,3.615,7.899,12.857
Br62_rep5_Dep6_Tu0.3,0.423,27.837,4.453,0.203,15.897,0.501,4.604,9.070,6.808,3.982,1.368,6.367,15.872,2.616
Br62_rep8_Dep6_Tu50,41.870,2.518,1.637,8.912,5.783,0.353,1.213,5.141,3.092,6.634,4.561,4.871,2.077,11.338
Br62_rep4_Dep6_Tu0.3,0.730,23.822,4.024,0.098,15.848,0.254,2.314,1.722,9.248,11.554,7.361,6.699,10.486,5.841
Br62_rep7_Dep6_Tu1,1.079,6.021,5.796,0.055,22.673,0.749,3.246,8.942,2.067,1.504,14.744,5.030,19.366,8.730
Br62_rep3_Dep6_Tu0.5,0.187,13.002,5.408,0.219,21.152,0.825,2.863,6.455,9.447,0.659,12.049,4.611,17.777,5.346
Br62_rep7_Dep6_Tu40,34.098,9.018,3.011,6.068,0.666,0.359,5.327,1.854,4.216,7.767,2.235,3.899,6.109,15.371
Br62_rep2_Dep6_Tu3,1.704,20.490,3.951,0.775,18.177,0.507,2.675,6.277,5.103,8.460,11.230,5.117,12.604,2.930
Br62_rep2_Dep6_Tu0.5,0.601,6.553,5.784,0.017,24.232,0.464,4.201,6.556,10.528,1.872,1.715,6.509,21.920,9.049
Br62_rep1_Dep6_Tu50,41.996,7.811,5.591,8.240,1.969,0.235,2.885,5.972,3.296,5.911,0.707,1.875,6.485,7.026
Br62_rep3_Dep6_Tu3,1.967,18.163,5.673,0.365,17.242,0.380,4.301,4.180,13.611,7.232,6.895,7.355,2.987,9.647
Br62_rep7_Dep6_Tu3,0.973,30.356,3.761,0.709,9.158,0.630,4.279,1.271,14.789,8.451,0.335,2.107,20.087,3.094
Br62_rep3_Dep6_Tu0.3,1.150,25.563,1.294,0.191,10.953,0.448,0.751,8.597,7.219,7.500,12.914,7.239,5.807,10.374
Br62_rep8_Dep6_Tu30,24.951,6.396,5.027,4.262,5.971,0.499,4.026,7.874,2.668,5.536,0.807,5.930,10.280,15.775
Br62_rep4_Dep6_Tu30,25.142,6.879,5.270,4.541,6.701,0.313,3.200,7.758,8.012,2.235,5.399,4.042,4.449,16.059
Br62_rep6_Dep6_Tu3,2.747,24.119,0.754,0.268,10.122,0.906,4.017,6.732,4.738,4.889,12.622,5.421,14.756,7.908
Br62_rep4_Dep6_Tu0.1,0.360,2.300,4.694,0.262,41.780,0.245,3.744,6.595,10.719,5.291,14.028,5.324,3.304,1.356
Br62_rep8_Dep6_Tu5,3.280,5.480,5.716,1.057,23.839,0.541,3.898,1.736,12.018,1.142,7.288,6.680,22.128,5.197
Br62_rep10_Dep6_Tu50,43.097,3.189,1.029,9.167,4.175,0.382,2.484,1.539,8.821,1.631,5.257,3.111,3.622,12.496
Br62_rep10_Dep6_Tu0.3,0.964,33.940,6.025,0.126,5.359,0.500,2.701,5.719,6.429,7.805,6.196,4.653,19.081,0.504
Br62_rep3_Dep6_Tu20,16.655,13.335,2.028,2.772,7.603,0.439,2.198,5.938,7.155,6.381,8.963,5.021,7.744,13.767
Br62_rep1_Dep6_Tu1,1.169,9.672,5.409,0.065,22.598,0.085,1.484,6.064,12.010,8.422,10.153,5.746,10.299,6.825
Br62_rep3_Dep6_Tu1,0.603,11.192,3.706,0.276,17.768,0.602,2.215,1.089,10.452,7.495,18.120,5.447,10.171,10.863
Br62_rep9_Dep6_Tu2,1.436,20.058,5.027,0.374,8.244,0.424,4.011,2.470,9.477,7.145,4.066,6.125,20.001,11.140
Br62_rep7_Dep6_Tu50,43.418,1.926,4.488,7.168,1.549,0.487,3.630,0.995,9.066,0.803,5.946,4.727,0.401,15.394
Br62_rep7_Dep6_Tu5,4.173,23.966,6.089,0.568,3.898,0.968,3.193,5.165,5.811,2.510,9.942,6.734,18.876,8.109
Br62_rep8_Dep6_Tu2,1.858,22.942,5.324,0.590,13.586,0.139,4.972,1.830,1.148,11.690,6.858,8.558,17.262,3.242
Br62_rep5_Dep6_Tu0.1,0.858,11.226,3.948,0.114,24.099,0.496,1.777,4.090,6.166,7.574,8.956,4.788,21.872,4.036
Br62_rep6_Dep6_Tu5,3.061,23.284,5.337,0.987,16.111,0.490,3.878,5.891,5.430,4.440,11.212,4.240,13.896,1.744
Br62_rep9_Dep6_Tu20,15.175,13.333,4.313,2.673,4.498,0.775,0.543,6.896,6.493,11.051,10.246,4.110,5.340,14.554
Br62_rep2_Dep6_Tu30,23.787,0.071,4.019,5.382,11.785,0.586,4.010,10.292,3.529,4.134,5.053,3.203,8.297,15.851
Br62_rep7_Dep6_Tu10,8.251,11.874,1.562,1.147,15.329,0.300,0.351,8.738,10.034,9.621,5.084,2.543,10.325,14.840
Br62_rep6_Dep6_Tu0.1,0.722,35.383,4.654,0.053,11.618,0.373,4.124,0.653,12.802,11.527,9.569,3.016,5.425,0.080
Br62_rep5_Dep6_Tu50,42.446,2.412,3.344,7.558,2.798,0.460,3.854,7.701,3.947,5.483,1.311,0.676,2.225,15.785
Br62_rep10_Dep6_Tu1,1.116,25.378,4.750,0.273,11.399,0.586,3.643,5.970,7.946,2.332,11.053,5.224,15.768,4.562
Br62_rep1_Dep6_Tu30,24.482,0.221,4.087,3.411,6.589,0.992,3.270,7.223,6.340,4.647,7.494,3.591,8.245,19.407
Br62_rep7_Dep6_Tu0.3,0.962,23.748,1.806,0.204,20.898,0.200,1.637,8.384,2.189,13.197,8.042,7.952,3.598,7.182
Br62_rep2_Dep6_Tu10,4.903,11.072,5.010,2.081,19.709,0.642,1.348,2.631,7.342,10.370,15.457,6.923,2.697,9.814
Br62_rep9_Dep6_Tu0.1,0.689,26.791,5.024,0.082,14.040,0.490,4.726,6.633,6.999,4.145,12.181,5.097,8.988,4.114
Br62_rep3_Dep6_Tu10,7.095,3.376,3.383,1.742,18.657,0.158,2.270,4.285,8.435,12.090,6.434,4.999,14.729,12.344
Br62_rep4_Dep6_Tu5,3.244,6.762,2.561,0.537,23.539,0.855,4.317,10.231,2.151,5.425,11.088,6.929,13.938,8.422
Br62_rep8_Dep6_Tu20,16.351,5.813,0.815,3.952,7.994,0.281,4.249,5.209,5.474,4.579,11.848,5.017,10.417,18.001
Br62_rep1_Dep6_Tu2,1.896,17.408,4.326,0.445,22.821,0.506,3.972,1.952,8.620,6.385,10.790,5.439,14.120,1.321
Br62_rep10_Dep6_Tu5,3.418,20.774,4.817,0.242,5.349,0.857,3.320,12.308,3.468,11.628,0.466,3.882,18.464,11.006
Br62_rep10_Dep6_Tu30,24.788,8.558,2.180,4.628,9.145,0.575,4.458,3.905,7.478,2.912,4.905,4.795,8.830,12.843
Br62_rep6_Dep6_Tu2,1.763,33.603,4.359,0.540,5.641,0.539,3.520,2.586,7.784,9.367,9.763,2.131,18.087,0.317
Br62_rep4_Dep6_Tu3,1.054,6.581,5.884,0.250,15.015,0.488,3.369,7.232,5.131,9.785,7.554,5.759,18.650,13.247
Br66_rep4_Dep6_Tu50,48.002,6.902,0.970,4.852,2.690,1.324,3.778,0.938,5.961,4.270,3.851,2.551,3.331,10.580
Br66_rep3_Dep6_Tu0.5,0.775,13.447,4.659,0.170,20.133,0.476,1.741,16.407,5.616,3.736,7.701,0.880,14.770,9.490
Br66_rep2_Dep6_Tu3,1.186,23.241,5.673,0.626,18.534,0.450,4.091,8.766,5.213,9.528,1.236,5.414,13.593,2.449
Br66_rep6_Dep6_Tu40,35.996,4.446,5.153,4.391,6.696,1.289,3.661,3.293,4.996,4.681,3.898,4.601,3.813,13.086
Br66_rep9_Dep6_Tu0.1,0.594,33.192,4.512,0.197,15.769,0.296,3.960,9.901,4.155,8.852,6.828,5.350,5.862,0.531
Br66_rep9_Dep6_Tu5,3.795,18.030,3.657,0.405,12.695,0.721,2.598,1.495,13.929,10.035,6.233,1.921,16.706,7.781
Br66_rep10_Dep6_Tu1,0.748,1.272,6.704,0.228,32.507,0.618,1.406,3.240,9.509,5.703,10.811,5.064,21.505,0.683
Br66_rep6_Dep6_Tu20,15.520,6.577,4.964,2.769,9.382,1.287,3.246,3.989,9.056,9.244,8.805,1.630,11.692,11.841
Br66_rep10_Dep6_Tu30,27.252,5.813,5.052,2.607,9.807,1.372,4.284,5.475,2.747,2.952,4.133,7.325,9.175,12.007
Br66_rep10_Dep6_Tu5,3.626,19.558,2.443,0.625,15.858,0.991,4.362,9.271,4.968,1.872,7.070,5.502,17.767,6.087
Br66_rep7_Dep6_Tu1,0.804,15.114,1.173,0.199,23.670,0.419,4.481,3.439,6.309,7.718,18.528,7.015,1.100,10.031
Br66_rep6_Dep6_Tu0.3,0.061,26.282,7.124,0.257,3.855,1.206,1.494,1.649,14.190,0.084,9.615,5.548,22.448,6.187
Br66_rep1_Dep6_Tu30,27.605,6.878,6.467,2.619,0.559,1.323,3.412,4.855,6.306,3.766,7.377,4.457,7.557,16.818
Br66_rep3_Dep6_Tu1,0.535,7.199,5.587,0.274,20.742,0.521,3.834,2.430,13.540,5.775,3.962,3.636,23.779,8.186
Br66_rep3_Dep6_Tu30,27.087,1.779,6.846,2.064,8.068,1.471,3.226,4.790,8.431,5.993,9.786,0.490,4.421,15.546
Br66_rep9_Dep6_Tu1,1.167,9.008,5.720,0.199,27.401,0.278,2.924,7.832,5.903,7.115,15.496,3.407,7.533,6.019
Br66_rep9_Dep6_Tu40,36.867,0.648,4.981,3.966,7.230,1.274,4.138,2.391,7.311,2.086,5.031,4.312,5.540,14.224
Br66_rep5_Dep6_Tu1,0.076,20.009,5.965,0.146,11.929,0.615,3.082,0.575,11.216,8.826,8.335,4.813,18.021,6.391
Br66_rep2_Dep6_Tu5,1.382,17.319,4.604,0.844,15.443,1.106,4.005,8.393,5.673,3.348,8.962,3.509,17.939,7.474
Br66_rep5_Dep6_Tu30,27.927,3.445,4.746,2.014,1.896,0.815,4.952,3.254,7.482,8.659,4.800,4.881,7.466,17.664
Br66_rep7_Dep6_Tu50,48.224,2.332,4.295,2.649,4.573,2.152,4.052,3.229,2.011,3.947,3.885,3.971,3.888,10.792
Br66_rep4_Dep6_Tu40,34.885,1.675,6.250,4.050,2.950,1.740,0.078,7.989,3.884,5.093,7.032,4.620,2.948,16.804
Br66_rep8_Dep6_Tu5,3.770,6.363,5.453,0.482,21.784,1.062,2.253,16.759,0.060,0.911,11.299,4.804,16.894,8.106
Br66_rep9_Dep6_Tu2,1.461,28.356,8.893,0.191,2.782,0.749,4.380,13.591,1.056,6.150,8.359,8.844,2.453,12.735
Br66_rep6_Dep6_Tu30,27.722,15.790,4.041,1.915,6.132,1.910,4.494,6.112,6.069,1.991,10.769,2.070,1.324,9.661
Br66_rep4_Dep6_Tu0.1,0.327,22.878,4.388,0.065,18.170,0.312,4.010,4.565,5.617,10.845,3.408,6.207,16.041,3.168
Br66_rep5_Dep6_Tu10,6.730,0.169,8.461,0.758,1.578,1.834,3.645,7.270,10.201,8.818,16.615,2.775,6.611,24.534
Br66_rep3_Dep6_Tu40,36.910,7.817,5.549,4.901,7.696,0.832,4.560,2.919,3.663,3.192,6.277,3.997,1.652,10.035
Br66_rep9_Dep6_Tu0.5,0.763,5.560,3.382,0.012,23.134,0.388,1.011,6.092,10.085,9.931,11.379,5.151,9.239,13.874
Br66_rep8_Dep6_Tu2,1.822,22.578,0.971,0.335,16.384,0.447,3.511,0.871,12.093,11.526,3.641,4.641,15.830,5.349
Br66_rep10_Dep6_Tu2,2.041,27.785,2.421,0.284,15.299,0.632,2.886,6.142,11.487,1.497,6.920,7.790,8.635,6.180
Br66_rep6_Dep6_Tu0.1,1.189,24.871,0.733,0.317,17.007,0.200,4.978,0.463,17.228,5.699,0.643,0.909,22.513,3.249
Br66_rep5_Dep6_Tu0.5,0.624,9.432,3.334,0.080,15.047,0.639,2.323,6.006,6.853,9.203,11.460,3.656,18.131,13.213
Br66_rep2_Dep6_Tu20,18.234,28.172,1.217,2.859,2.894,1.106,2.846,6.739,7.218,3.860,12.083,3.278,2.547,6.947
Br66_rep4_Dep6_Tu0.5,0.959,16.398,3.576,0.265,17.513,0.469,3.974,5.783,4.666,6.725,13.272,3.436,17.373,5.591
Br66_rep4_Dep6_Tu5,3.817,26.465,5.741,0.139,2.934,1.175,2.545,7.274,12.690,5.885,14.051,3.092,2.765,11.427
Br66_rep8_Dep6_Tu0.5,1.008,12.486,7.128,0.010,23.752,0.707,1.808,9.526,10.688,2.293,6.238,4.015,18.778,1.563
Br66_rep5_Dep6_Tu20,18.120,12.756,3.720,2.422,12.869,0.782,4.287,0.056,3.183,10.619,8.868,2.091,16.729,3.499
Br66_rep1_Dep6_Tu3,1.813,29.365,6.132,0.519,1.530,0.438,3.755,7.886,5.815,9.472,10.463,3.583,10.439,8.790
Br66_rep10_Dep6_Tu10,7.140,3.120,6.324,0.730,13.358,1.482,3.408,7.410,8.956,4.603,10.601,3.310,15.013,14.545
Br66_rep3_Dep6_Tu10,5.905,14.322,7.446,1.095,21.861,0.960,5.674,2.937,12.396,1.645,9.408,8.382,1.023,6.945
Br66_rep10_Dep6_Tu40,37.154,8.991,3.284,4.935,5.638,0.955,1.285,3.809,3.533,7.941,5.181,3.634,4.679,8.982
Br66_rep1_Dep6_Tu50,45.684,0.963,5.830,5.802,5.905,0.930,2.825,2.766,3.837,4.332,4.563,3.659,2.987,9.916
Br66_rep10_Dep6_Tu0.5,0.354,11.001,3.963,0.132,23.567,0.023,3.481,9.382,10.604,10.854,0.040,4.421,12.616,9.564
Br66_rep1_Dep6_Tu0.3,0.785,19.464,4.498,0.179,15.360,0.477,2.310,5.811,2.967,8.215,14.908,5.594,14.625,4.806
Br66_rep10_Dep6_Tu0.1,0.928,27.441,3.249,0.235,18.616,0.488,2.766,6.356,10.129,4.257,10.747,3.910,10.151,0.728
Br66_rep8_Dep6_Tu40,37.895,5.200,1.994,4.848,5.854,0.615,4.788,4.426,2.691,0.158,4.606,5.393,6.293,15.239
Br66_rep3_Dep6_Tu20,11.558,1.861,8.976,2.454,14.968,1.504,5.018,9.646,0.581,12.177,8.775,3.615,5.961,12.907
Br66_rep9_Dep6_Tu0.3,0.554,17.978,3.604,0.149,24.967,0.282,3.747,9.666,3.117,10.267,3.314,7.292,10.667,4.396
Br66_rep7_Dep6_Tu0.3,0.691,17.175,5.818,0.168,13.927,0.372,2.665,4.058,3.701,8.725,15.730,6.026,11.299,9.644
Br66_rep5_Dep6_Tu2,0.714,27.575,5.646,0.117,4.299,0.710,4.496,6.466,11.386,2.673,6.589,4.686,15.293,9.351
Br66_rep5_Dep6_Tu0.3,0.783,16.346,4.696,0.047,14.190,0.545,4.498,5.822,11.286,5.664,3.286,3.189,22.161,7.485
Br66_rep6_Dep6_Tu5,3.714,25.478,4.395,0.570,14.391,0.508,2.980,5.554,9.068,7.950,3.865,4.977,13.067,3.482
Br66_rep5_Dep6_Tu3,2.743,9.158,0.010,0.007,18.137,0.884,0.578,8.094,9.640,8.329,10.643,1.894,15.843,14.041
Br66_rep1_Dep6_Tu5,2.233,21.220,4.715,0.264,13.469,1.127,5.951,6.780,5.060,1.964,10.531,6.098,13.167,7.421
Br66_rep6_Dep6_Tu10,6.906,14.686,3.535,1.104,10.022,1.414,3.838,4.119,8.549,5.161,11.621,5.574,11.808,11.662
Br66_rep3_Dep6_Tu5,3.283,13.195,7.292,0.220,4.488,1.102,4.007,8.823,4.136,7.119,10.553,6.702,12.600,16.480
Br66_rep1_Dep6_Tu1,1.431,33.735,3.718,0.312,5.360,0.480,1.247,6.700,8.127,7.706,0.903,5.761,22.087,2.434
Br66_rep4_Dep6_Tu30,26.515,2.462,3.715,2.650,0.337,1.550,2.169,1.210,9.158,9.693,11.291,4.076,4.900,20.273
Br66_rep8_Dep6_Tu20,17.003,9.500,6.237,2.010,9.965,1.201,4.790,1.959,9.837,1.355,7.900,6.113,9.479,12.650
Br66_rep4_Dep6_Tu10,6.362,0.130,5.105,1.034,15.807,0.955,4.856,2.389,11.778,10.416,8.404,0.524,15.311,16.928
Br66_rep2_Dep6_Tu1,1.241,11.728,3.694,0.016,13.686,0.626,3.474,2.562,9.482,6.383,6.342,5.529,24.745,10.492
Br66_rep6_Dep6_Tu2,1.468,28.298,4.615,0.498,12.487,0.477,4.144,9.806,3.250,1.309,6.643,7.029,15.953,4.022
Br66_rep6_Dep6_Tu0.5,1.055,32.436,4.888,0.113,5.441,0.625,2.876,1.994,8.700,5.276,16.707,6.574,8.445,4.870
Br66_rep5_Dep6_Tu0.1,0.786,5.430,4.764,0.110,24.341,0.168,3.852,0.444,11.774,6.061,5.465,7.253,19.708,9.846
Br66_rep2_Dep6_Tu2,1.806,26.414,4.860,0.386,12.069,0.212,5.704,4.044,0.949,14.001,7.716,3.191,15.488,3.160
Br66_rep10_Dep6_Tu50,47.819,3.725,4.670,5.485,5.241,1.213,4.573,6.362,0.372,0.439,3.970,1.159,6.249,8.723
Br66_rep7_Dep6_Tu3,1.359,20.197,2.829,0.405,12.836,0.624,2.958,6.446,9.007,8.306,4.252,5.783,16.925,8.072
Br66_rep7_Dep6_Tu10,7.814,7.455,4.796,0.915,21.544,1.296,4.022,9.896,5.312,0.184,7.603,3.715,17.242,8.206
Br66_rep2_Dep6_Tu0.5,0.707,16.768,6.056,0.113,20.908,0.346,0.871,9.575,11.568,9.660,6.941,2.557,6.769,7.162
Br66_rep5_Dep6_Tu50,46.358,3.226,5.242,6.259,3.259,0.092,3.562,3.004,2.551,6.009,2.911,3.070,1.494,12.962
Br66_rep9_Dep6_Tu20,16.237,8.721,7.327,2.564,18.616,0.658,2.712,3.342,10.700,7.809,6.420,5.480,2.382,7.031
Br66_rep8_Dep6_Tu3,3.001,18.793,1.424,0.552,20.445,0.564,4.458,1.603,9.023,3.552,8.706,5.265,18.917,3.698
Br66_rep9_Dep6_Tu10,7.998,14.590,6.181,0.648,15.189,0.963,4.747,11.906,0.465,3.816,4.997,4.576,16.342,7.580
Br66_rep7_Dep6_Tu2,1.718,14.665,1.459,0.390,24.252,0.345,1.101,4.131,12.025,7.477,0.731,6.741,19.907,5.059
Br66_rep6_Dep6_Tu3,2.224,21.467,4.796,0.033,23.042,0.700,3.520,17.505,2.008,2.530,9.629,6.345,0.351,5.850
Br66_rep1_Dep6_Tu0.5,0.664,5.414,5.247,0.100,25.426,0.279,3.480,6.732,10.299,8.017,12.802,4.416,6.856,10.268
Br66_rep2_Dep6_Tu40,36.456,3.610,3.574,4.392,6.854,1.385,3.380,5.495,4.725,6.169,6.486,1.952,3.756,11.766
Br66_rep1_Dep6_Tu2,0.799,1.231,5.211,0.137,30.449,0.446,4.166,1.410,9.165,10.534,5.289,4.644,21.017,5.500
Br66_rep8_Dep6_Tu1,1.614,36.889,5.330,0.042,7.936,1.045,2.416,6.888,3.774,3.684,18.077,7.195,3.543,1.568
Br66_rep4_Dep6_Tu3,2.250,9.281,5.103,0.296,18.661,0.718,4.040,3.598,7.147,5.269,14.455,4.913,15.068,9.203
Br66_rep7_Dep6_Tu40,35.467,6.893,4.763,4.050,2.610,1.739,4.484,4.974,5.852,3.953,2.459,4.066,4.071,14.618
Br66_rep7_Dep6_Tu0.5,0.808,26.240,5.294,0.164,19.268,0.483,4.219,11.072,1.073,4.219,8.394,6.996,11.305,0.465
Br66_rep2_Dep6_Tu30,27.579,8.738,2.085,4.142,12.706,0.582,4.770,1.398,5.445,8.517,5.584,5.657,1.837,10.960
Br66_rep2_Dep6_Tu0.1,0.577,23.119,5.422,0.141,16.675,0.672,1.885,9.096,11.610,4.701,16.351,1.830,1.448,6.473
Br66_rep7_Dep6_Tu0.1,0.659,15.922,5.807,0.001,17.494,0.467,2.786,9.577,7.820,5.334,14.585,5.046,1.820,12.682
Br66_rep1_Dep6_Tu40,36.682,11.193,4.247,4.532,1.306,1.211,2.260,0.274,6.884,7.066,6.758,5.180,1.461,10.947
Br66_rep7_Dep6_Tu5,3.508,18.289,1.015,0.043,15.122,0.866,4.160,5.078,9.089,9.734,2.555,5.314,16.541,8.687
Br66_rep4_Dep6_Tu1,0.859,21.166,4.056,0.307,15.559,0.484,2.315,3.277,10.479,8.575,9.909,4.946,12.975,5.094
Br66_rep8_Dep6_Tu0.1,0.690,31.662,2.661,0.199,14.188,0.431,2.960,6.345,10.709,6.310,12.725,5.850,1.287,3.983
Br66_rep4_Dep6_Tu2,1.962,26.921,1.821,0.275,5.751,1.078,4.904,1.641,11.938,3.635,12.942,2.286,16.139,8.706
Br66_rep1_Dep6_Tu0.1,0.901,19.957,4.771,0.013,15.330,0.447,3.533,3.368,9.768,10.217,10.054,2.478,13.414,5.750
Br66_rep2_Dep6_Tu10,8.237,7.425,4.399,0.241,9.905,0.803,4.100,8.061,3.056,11.336,5.379,4.239,17.426,15.393
Br66_rep4_Dep6_Tu20,17.996,11.912,6.232,1.927,10.892,1.101,3.788,7.900,4.325,2.592,8.036,6.132,7.581,9.586
Br66_rep4_Dep6_Tu0.3,0.273,21.346,5.558,0.184,17.196,0.491,4.148,0.650,10.044,7.319,15.786,2.810,10.889,3.305
Br66_rep10_Dep6_Tu3,1.916,16.139,5.470,0.459,20.426,0.614,4.038,3.190,11.863,4.751,15.071,2.963,6.721,6.377
Br66_rep1_Dep6_Tu20,17.636,7.482,3.461,2.069,11.023,1.104,4.693,10.088,1.097,5.950,10.387,1.975,11.367,11.668
Br66_rep6_Dep6_Tu1,0.799,25.764,3.777,0.231,14.302,0.242,4.650,6.050,2.076,11.458,13.212,5.846,4.185,7.406
Br66_rep6_Dep6_Tu50,46.670,6.193,4.157,5.679,3.804,1.049,4.020,4.382,0.439,1.099,6.558,2.977,2.836,10.139
Br66_rep9_Dep6_Tu3,2.324,9.024,3.088,0.226,18.928,0.802,1.874,7.767,7.879,4.558,12.400,5.332,14.441,11.357
Br66_rep3_Dep6_Tu50,47.061,7.195,1.404,5.600,1.370,1.521,4.810,2.253,2.201,2.893,5.545,5.271,0.933,11.943
Br66_rep8_Dep6_Tu30,25.357,4.443,5.137,2.972,7.571,1.335,4.537,3.746,6.385,6.352,5.734,3.248,8.581,14.601
Br66_rep7_Dep6_Tu20,17.740,0.234,2.602,1.641,12.977,0.953,3.012,9.299,7.489,5.507,2.461,2.062,16.401,17.622
Br66_rep3_Dep6_Tu2,1.554,20.772,2.744,0.331,12.373,0.815,0.471,4.274,11.706,5.072,9.475,5.886,16.481,8.047
Br66_rep8_Dep6_Tu50,47.016,8.075,4.003,5.666,4.256,1.256,2.243,0.866,5.450,3.319,3.137,4.114,3.316,7.283
Br66_rep3_Dep6_Tu3,2.378,21.472,4.303,0.442,7.108,0.632,2.560,0.322,7.566,10.673,13.909,4.797,15.986,7.853
Br66_rep3_Dep6_Tu0.3,1.086,18.757,1.495,0.089,14.915,0.529,4.186,8.193,8.785,2.089,3.561,6.231,20.652,9.432
Br66_rep8_Dep6_Tu0.3,0.776,7.084,6.492,0.078,24.853,0.559,0.578,8.954,9.208,3.920,15.345,5.728,6.511,9.913
Br66_rep3_Dep6_Tu0.1,0.609,23.093,5.212,0.209,2.253,0.125,2.821,6.562,5.985,10.447,12.665,5.383,10.929,13.705
Br66_rep10_Dep6_Tu0.3,0.685,17.209,6.055,0.006,16.994,0.444,2.524,4.419,11.341,9.827,8.792,4.944,10.498,6.262
Br66_rep2_Dep6_Tu50,46.245,3.158,2.691,5.557,2.457,0.954,3.895,4.345,3.556,6.192,1.304,0.295,4.374,14.976
Br66_rep5_Dep6_Tu5,4.812,27.880,1.668,1.220,14.180,0.042,1.010,5.473,5.626,2.512,13.182,7.056,11.449,3.891
Br66_rep10_Dep6_Tu20,16.984,23.993,4.566,2.104,2.943,0.954,3.381,6.935,1.247,8.176,7.733,4.346,10.691,5.945
Br66_rep7_Dep6_Tu30,27.070,12.095,7.770,2.926,13.614,1.220,3.435,0.015,6.880,5.260,11.555,1.841,4.335,1.984
Br66_rep9_Dep6_Tu30,27.204,9.756,6.174,2.150,2.613,1.435,3.680,4.044,5.576,5.297,2.218,5.685,10.324,13.843
Br66_rep5_Dep6_Tu40,37.171,2.996,4.415,3.193,6.502,1.541,4.633,6.058,4.712,2.311,3.815,4.419,5.953,12.281
Br66_rep8_Dep6_Tu10,9.224,27.046,3.272,1.360,8.674,1.169,1.651,5.163,6.924,3.121,12.590,4.339,12.872,2.595
Br66_rep9_Dep6_Tu50,45.674,1.149,5.718,4.901,2.876,1.386,1.871,5.250,4.255,4.680,0.376,1.920,5.050,14.894
Br66_rep2_Dep6_Tu0.3,0.818,22.880,4.545,0.216,21.222,0.398,3.212,5.205,6.202,4.283,13.152,6.728,8.072,3.066
Br66_rep1_Dep6_Tu10,5.451,13.236,4.941,1.311,5.304,1.528,3.472,3.471,8.325,9.008,10.862,5.524,14.889,12.678
Cer77_rep9_Dep6_Tu3,1.214,19.164,8.923,0.796,14.154,0.247,3.879,1.945,17.097,2.327,12.344,4.831,5.140,7.937
Cer77_rep5_Dep6_Tu30,4.033,5.233,37.142,7.924,0.917,0.882,5.531,9.783,8.634,5.953,6.620,2.875,2.245,2.227
Cer77_rep3_Dep6_Tu30,2.890,3.586,38.727,8.882,3.969,0.111,5.467,9.087,9.060,6.978,0.404,4.597,3.273,2.968
Cer77_rep8_Dep6_Tu50,5.445,0.150,45.602,12.385,1.700,0.458,5.281,5.713,7.417,3.282,4.474,5.634,1.898,0.562
Cer77_rep1_Dep6_Tu1,1.079,25.801,4.908,0.263,10.533,0.466,3.373,6.976,10.249,6.181,10.623,1.964,13.423,4.161
Cer77_rep7_Dep6_Tu3,1.104,21.832,8.720,0.304,9.636,0.805,4.527,9.076,5.877,7.637,0.955,4.609,20.807,4.110
Cer77_rep10_Dep6_Tu2,1.146,17.897,9.460,0.316,2.579,0.666,5.307,2.618,10.243,6.413,6.455,6.412,19.082,11.405
Cer77_rep2_Dep6_Tu0.5,0.735,6.916,5.203,0.068,21.815,0.388,4.349,2.134,8.724,5.430,9.756,5.000,20.691,8.791
Cer77_rep3_Dep6_Tu20,1.972,0.919,30.224,5.623,9.909,0.784,4.979,12.339,3.095,7.227,8.409,3.662,6.683,4.176
Cer77_rep1_Dep6_Tu2,1.124,17.393,4.064,0.772,19.531,0.414,3.750,0.728,12.295,8.864,11.270,4.091,10.603,5.101
Cer77_rep2_Dep6_Tu5,2.008,23.879,8.396,1.617,7.353,0.340,4.933,4.157,4.749,7.885,6.444,7.980,13.675,6.586
