Sample,BRCA,CEAD,CESC,COAD,OV,READ,bcell,cd4tcell,cd8tcell,erythroblast,monocyte,naturalkillercell,neutrophil,Unknown-1
Colo_rep2_Dep6_Tu0.5,0.000,0.000,0.000,0.000,0.000,0.000,0.000,0.000,0.000,0.000,0.206,57.197,42.597,0.000
Colo_rep2_Dep6_Tu50,0.000,0.000,0.000,51.505,0.969,0.023,0.000,0.000,0.000,0.000,1.368,24.533,21.602,0.000
Colo_rep6_Dep6_Tu1,0.000,0.000,0.000,0.000,0.000,0.000,0.000,0.000,0.000,0.000,0.312,60.168,39.520,0.000
Colo_rep3_Dep6_Tu2,0.000,0.000,0.000,0.000,0.000,0.000,0.000,0.000,0.000,0.000,0.666,55.669,43.665,0.000
Colo_rep7_Dep6_Tu2,0.000,0.000,0.000,0.000,0.000,0.000,0.000,0.000,0.000,0.000,0.336,58.664,40.999,0.000
Colo_rep8_Dep6_Tu0.1,0.000,0.000,0.000,0.000,0.000,0.000,0.000,0.000,0.000,0.000,1.343,63.803,34.853,0.000
Colo_rep10_Dep6_Tu2,0.000,0.000,0.000,0.000,0.000,0.000,0.000,0.000,0.000,0.000,0.152,56.705,43.142,0.000
Colo_rep6_Dep6_Tu3,0.000,0.000,0.000,0.000,0.000,0.000,0.000,0.000,0.000,0.000,0.225,58.978,40.796,0.000
Colo_rep9_Dep6_Tu30,0.000,0.000,0.000,33.696,0.000,0.000,0.000,0.000,0.000,0.000,3.484,37.348,25.471,0.000
Colo_rep9_Dep6_Tu0.5,0.000,0.000,0.000,0.000,0.000,0.000,0.000,0.000,0.000,0.000,0.148,57.673,42.178,0.000
Colo_rep6_Dep6_Tu20,0.000,0.000,0.000,22.079,0.000,0.000,0.000,0.000,0.000,0.000,0.436,45.174,32.311,0.000
Colo_rep8_Dep6_Tu30,0.000,0.000,0.000,32.623,0.000,0.000,0.000,0.000,0.000,0.000,0.542,35.912,30.922,0.000
Colo_rep3_Dep6_Tu5,0.000,0.000,0.000,4.018,0.000,0.000,0.000,0.000,0.000,0.000,0.170,57.171,38.640,0.000
Colo_rep4_Dep6_Tu3,0.000,0.000,0.000,0.000,0.000,0.000,0.000,0.000,0.000,0.000,0.463,65.470,34.066,0.000
Colo_rep2_Dep6_Tu10,0.000,0.000,0.000,10.515,0.000,0.000,0.000,0.000,0.000,0.000,0.191,50.030,39.263,0.000
Colo_rep3_Dep6_Tu40,0.000,0.000,0.000,43.514,0.207,0.000,0.000,0.000,0.000,0.000,4.069,29.940,22.269,0.000
Colo_rep3_Dep6_Tu30,0.000,0.000,0.000,34.249,0.000,0.000,0.000,0.000,0.000,0.000,1.006,35.416,29.329,0.000
Colo_rep6_Dep6_Tu30,0.000,0.000,0.000,33.955,0.000,0.000,0.000,0.000,0.000,0.000,5.319,36.267,24.458,0.000
Colo_rep4_Dep6_Tu50,0.000,0.000,0.000,50.961,0.861,0.020,0.000,0.000,0.000,0.000,5.153,24.307,18.698,0.000
Colo_rep5_Dep6_Tu50,0.000,0.000,0.000,51.982,1.087,0.000,0.000,0.000,0.000,0.000,2.027,23.232,21.671,0.000
Colo_rep6_Dep6_Tu2,0.000,0.000,0.000,0.000,0.000,0.000,0.000,0.000,0.000,0.000,1.146,64.154,34.699,0.000
Colo_rep10_Dep6_Tu50,0.000,0.000,0.000,51.494,0.390,0.000,0.000,0.000,0.000,0.000,5.886,23.483,18.747,0.000
Colo_rep7_Dep6_Tu50,0.000,0.000,0.000,52.009,0.480,0.000,0.000,0.000,0.000,0.000,3.129,23.393,20.989,0.000
Colo_rep9_Dep6_Tu40,0.000,0.000,0.000,43.233,0.138,0.000,0.000,0.000,0.000,0.000,3.746,30.744,22.139,0.000
Colo_rep8_Dep6_Tu5,0.000,0.000,0.000,3.661,0.000,0.000,0.000,0.000,0.000,0.000,1.178,61.868,33.291,0.000
Colo_rep1_Dep6_Tu20,0.000,0.000,0.000,22.810,0.000,0.000,0.000,0.000,0.000,0.000,3.568,46.787,26.835,0.000
Colo_rep9_Dep6_Tu2,0.000,0.000,0.000,0.000,0.000,0.000,0.000,0.000,0.000,0.000,0.136,57.787,42.076,0.000
Colo_rep5_Dep6_Tu30,0.000,0.000,0.000,32.887,0.000,0.000,0.000,0.000,0.000,0.000,2.118,35.468,29.526,0.000
Colo_rep4_Dep6_Tu0.1,0.000,0.000,0.000,0.000,0.000,0.000,0.000,0.000,0.000,0.000,0.578,56.408,43.014,0.000
Colo_rep5_Dep6_Tu0.1,0.000,0.000,0.000,0.000,0.000,0.000,0.000,0.000,0.000,0.000,0.224,56.391,43.384,0.000
Colo_rep9_Dep6_Tu3,0.000,0.000,0.000,0.000,0.000,0.000,0.000,0.000,0.000,0.000,0.866,62.738,36.394,0.000
Colo_rep2_Dep6_Tu0.1,0.000,0.000,0.000,0.000,0.000,0.000,0.000,0.000,0.000,0.000,0.544,65.002,34.453,0.000
Colo_rep8_Dep6_Tu10,0.000,0.000,0.000,9.567,0.000,0.000,0.000,0.000,0.000,0.000,2.351,56.235,31.846,0.000
Colo_rep4_Dep6_Tu30,0.000,0.000,0.000,34.259,0.042,0.000,0.000,0.000,0.000,0.000,0.513,35.727,29.458,0.000
Colo_rep2_Dep6_Tu2,0.000,0.000,0.000,0.000,0.000,0.000,0.000,0.000,0.000,0.000,0.452,58.803,40.744,0.000
Colo_rep1_Dep6_Tu5,0.000,0.000,0.000,2.426,0.000,0.000,0.000,0.000,0.000,0.000,0.228,56.905,40.440,0.000
Colo_rep8_Dep6_Tu50,0.000,0.000,0.000,51.092,0.578,0.014,0.000,0.000,0.000,0.000,6.317,23.256,18.744,0.000
Colo_rep5_Dep6_Tu5,0.000,0.000,0.000,3.435,0.000,0.000,0.000,0.000,0.000,0.000,1.095,61.492,33.977,0.000
Colo_rep6_Dep6_Tu50,0.000,0.000,0.000,51.647,0.359,0.000,0.000,0.000,0.000,0.000,5.830,23.928,18.211,0.023
Colo_rep5_Dep6_Tu0.5,0.000,0.000,0.000,0.000,0.000,0.000,0.000,0.000,0.000,0.000,0.200,57.759,42.040,0.000
Colo_rep4_Dep6_Tu20,0.000,0.000,0.000,23.992,0.000,0.000,0.000,0.000,0.000,0.000,0.878,45.674,29.455,0.000
Colo_rep8_Dep6_Tu40,0.000,0.000,0.000,43.779,0.375,0.000,0.000,0.000,0.000,0.000,0.837,29.515,25.493,0.000
Colo_rep7_Dep6_Tu0.3,0.000,0.000,0.000,0.000,0.000,0.000,0.000,0.000,0.000,0.000,0.172,57.129,42.698,0.000
Colo_rep7_Dep6_Tu30,0.000,0.000,0.000,34.483,0.000,0.000,0.000,0.000,0.000,0.000,0.368,35.831,29.318,0.000
Colo_rep10_Dep6_Tu20,0.000,0.000,0.000,21.854,0.000,0.000,0.000,0.000,0.000,0.000,3.124,47.135,27.887,0.000
Colo_rep9_Dep6_Tu10,0.000,0.000,0.000,10.242,0.000,0.000,0.000,0.000,0.000,0.000,1.820,54.834,33.104,0.000
Colo_rep9_Dep6_Tu0.1,0.000,0.000,0.000,0.000,0.000,0.000,0.000,0.000,0.000,0.000,1.502,63.339,35.158,0.000
Colo_rep10_Dep6_Tu0.3,0.000,0.000,0.000,0.000,0.000,0.000,0.000,0.000,0.000,0.000,1.274,64.105,34.621,0.000
Colo_rep8_Dep6_Tu20,0.000,0.000,0.000,23.591,0.000,0.000,0.000,0.000,0.000,0.000,0.927,46.580,28.901,0.000
Colo_rep3_Dep6_Tu3,0.000,0.000,0.000,0.000,0.000,0.000,0.000,0.000,0.000,0.000,0.181,58.601,41.218,0.000
Colo_rep4_Dep6_Tu2,0.000,0.000,0.000,0.000,0.000,0.000,0.000,0.000,0.000,0.000,0.528,64.397,35.074,0.000
Colo_rep10_Dep6_Tu0.1,0.000,0.000,0.000,0.000,0.000,0.000,0.000,0.000,0.000,0.000,1.685,63.088,35.226,0.000
Colo_rep4_Dep6_Tu0.3,0.000,0.000,0.000,0.000,0.000,0.000,0.000,0.000,0.000,0.000,0.255,59.935,39.809,0.000
Colo_rep9_Dep6_Tu0.3,0.000,0.000,0.000,0.000,0.000,0.000,0.000,0.000,0.000,0.000,0.219,56.778,43.003,0.000
Colo_rep1_Dep6_Tu10,0.000,0.000,0.000,9.816,0.000,0.000,0.000,0.000,0.000,0.000,1.895,56.731,31.557,0.000
Colo_rep6_Dep6_Tu0.3,0.000,0.000,0.000,0.000,0.000,0.000,0.000,0.000,0.000,0.000,1.052,62.719,36.229,0.000
Colo_rep6_Dep6_Tu0.5,0.000,0.000,0.000,0.000,0.000,0.000,0.000,0.000,0.000,0.000,1.497,63.563,34.939,0.000
Colo_rep10_Dep6_Tu10,0.000,0.000,0.000,10.007,0.000,0.000,0.000,0.000,0.000,0.000,1.730,56.716,31.547,0.000
Colo_rep10_Dep6_Tu1,0.000,0.000,0.000,0.000,0.000,0.000,0.000,0.000,0.000,0.000,2.079,62.435,35.484,0.000
Colo_rep10_Dep6_Tu5,0.000,0.000,0.000,5.367,0.000,0.000,0.000,0.000,0.000,0.000,0.483,61.177,32.973,0.000
Colo_rep10_Dep6_Tu40,0.000,0.000,0.000,43.103,0.060,0.000,0.000,0.000,0.000,0.000,1.219,28.835,26.782,0.000
Colo_rep10_Dep6_Tu0.5,0.000,0.000,0.000,0.000,0.000,0.000,0.000,0.000,0.000,0.000,1.039,64.244,34.716,0.000
Colo_rep1_Dep6_Tu1,0.000,0.000,0.000,0.000,0.000,0.000,0.000,0.000,0.000,0.000,2.526,62.365,35.108,0.000
Colo_rep7_Dep6_Tu20,0.000,0.000,0.000,23.739,0.000,0.000,0.000,0.000,0.000,0.000,0.259,42.607,33.394,0.000
Colo_rep6_Dep6_Tu10,0.000,0.000,0.000,10.743,0.000,0.000,0.000,0.000,0.000,0.000,0.670,57.036,31.551,0.000
Colo_rep10_Dep6_Tu3,0.000,0.000,0.000,0.000,0.000,0.000,0.000,0.000,0.000,0.000,0.190,57.155,42.654,0.000
Colo_rep1_Dep6_Tu30,0.000,0.000,0.000,34.579,0.000,0.000,0.000,0.000,0.000,0.000,0.622,34.885,29.913,0.000
Colo_rep1_Dep6_Tu0.1,0.000,0.000,0.000,0.000,0.000,0.000,0.000,0.000,0.000,0.000,0.187,57.543,42.269,0.000
Colo_rep7_Dep6_Tu5,0.000,0.000,0.000,2.669,0.000,0.000,0.000,0.000,0.000,0.000,0.694,54.483,42.154,0.000
Colo_rep7_Dep6_Tu0.1,0.000,0.000,0.000,0.000,0.000,0.000,0.000,0.000,0.000,0.000,0.123,57.809,42.067,0.000
Colo_rep6_Dep6_Tu40,0.000,0.000,0.000,43.341,0.000,0.000,0.000,0.000,0.000,0.000,1.599,29.286,25.773,0.000
Colo_rep8_Dep6_Tu2,0.000,0.000,0.000,0.000,0.000,0.000,0.000,0.000,0.000,0.000,1.428,61.706,36.865,0.000
Colo_rep7_Dep6_Tu0.5,0.000,0.000,0.000,0.000,0.000,0.000,0.000,0.000,0.000,0.000,0.108,59.487,40.404,0.000
Colo_rep5_Dep6_Tu20,0.000,0.000,0.000,20.843,0.000,0.000,0.000,0.000,0.000,0.000,6.673,43.857,28.626,0.000
Colo_rep8_Dep6_Tu0.3,0.000,0.000,0.000,0.000,0.000,0.000,0.000,0.000,0.000,0.000,0.221,56.762,43.017,0.000
Colo_rep4_Dep6_Tu5,0.000,0.000,0.000,3.323,0.000,0.000,0.000,0.000,0.000,0.000,1.691,60.658,34.328,0.000
Colo_rep9_Dep6_Tu1,0.000,0.000,0.000,0.000,0.000,0.000,0.000,0.000,0.000,0.000,0.229,56.134,43.636,0.000
Colo_rep1_Dep6_Tu0.5,0.000,0.000,0.000,0.000,0.000,0.000,0.000,0.000,0.000,0.000,0.418,56.534,43.048,0.000
Colo_rep8_Dep6_Tu3,0.000,0.000,0.000,0.000,0.000,0.000,0.000,0.000,0.000,0.000,0.265,66.073,33.661,0.000
Colo_rep5_Dep6_Tu0.3,0.000,0.000,0.000,0.000,0.000,0.000,0.000,0.000,0.000,0.000,1.677,62.992,35.330,0.000
Colo_rep2_Dep6_Tu30,0.000,0.000,0.000,33.728,0.000,0.000,0.000,0.000,0.000,0.000,0.562,35.632,30.077,0.000
Colo_rep7_Dep6_Tu10,0.000,0.000,0.000,11.504,0.000,0.000,0.000,0.000,0.000,0.000,0.116,50.288,38.091,0.000
Colo_rep2_Dep6_Tu40,0.000,0.000,0.000,41.581,0.118,0.000,0.000,0.000,0.000,0.000,7.742,28.532,22.027,0.000
Colo_rep3_Dep6_Tu0.1,0.000,0.000,0.000,0.000,0.000,0.000,0.000,0.000,0.000,0.000,0.878,63.114,36.007,0.000
Colo_rep3_Dep6_Tu1,0.000,0.000,0.000,0.000,0.000,0.000,0.000,0.000,0.000,0.000,1.017,62.396,36.587,0.000
Colo_rep8_Dep6_Tu1,0.000,0.000,0.000,0.000,0.000,0.000,0.000,0.000,0.000,0.000,0.799,64.728,34.472,0.000
Colo_rep4_Dep6_Tu1,0.000,0.000,0.000,0.000,0.000,0.000,0.000,0.000,0.000,0.000,1.563,63.708,34.729,0.000
Colo_rep5_Dep6_Tu40,0.000,0.000,0.000,43.331,0.351,0.000,0.000,0.000,0.000,0.000,3.940,30.173,22.204,0.000
Colo_rep5_Dep6_Tu10,0.000,0.000,0.000,10.233,0.000,0.000,0.000,0.000,0.000,0.000,1.569,55.161,33.036,0.000
Colo_rep2_Dep6_Tu0.3,0.000,0.000,0.000,0.000,0.000,0.000,0.000,0.000,0.000,0.000,0.213,66.002,33.784,0.000
Colo_rep10_Dep6_Tu30,0.000,0.000,0.000,35.002,0.000,0.000,0.000,0.000,0.000,0.000,0.393,36.698,27.906,0.000
Colo_rep1_Dep6_Tu40,0.000,0.000,0.000,44.142,0.209,0.000,0.000,0.000,0.000,0.000,2.011,33.366,20.272,0.000
Colo_rep6_Dep6_Tu0.1,0.000,0.000,0.000,0.000,0.000,0.000,0.000,0.000,0.000,0.000,0.299,58.772,40.928,0.000
Colo_rep7_Dep6_Tu40,0.000,0.000,0.000,43.995,1.412,0.000,0.000,0.000,0.000,0.000,3.581,29.496,21.515,0.000
Colo_rep1_Dep6_Tu50,0.000,0.000,0.000,51.983,0.957,0.018,0.000,0.000,0.000,0.000,4.144,23.946,18.952,0.000
Colo_rep1_Dep6_Tu0.3,0.000,0.000,0.000,0.000,0.000,0.000,0.000,0.000,0.000,0.000,1.103,55.210,43.687,0.000
Colo_rep9_Dep6_Tu20,0.000,0.000,0.000,20.769,0.000,0.000,0.000,0.000,0.000,0.000,0.467,43.370,35.394,0.000
Colo_rep4_Dep6_Tu10,0.000,0.000,0.000,10.214,0.000,0.000,0.000,0.000,0.000,0.000,0.301,50.561,38.923,0.000
Colo_rep6_Dep6_Tu5,0.000,0.000,0.000,3.160,0.000,0.000,0.000,0.000,0.000,0.000,0.309,56.459,40.071,0.000
Colo_rep9_Dep6_Tu5,0.000,0.000,0.000,2.908,0.000,0.000,0.000,0.000,0.000,0.000,0.728,59.981,36.382,0.000
Colo_rep3_Dep6_Tu50,0.000,0.000,0.000,51.508,0.046,0.000,0.000,0.000,0.000,0.000,3.301,23.517,21.627,0.000
Colo_rep5_Dep6_Tu1,0.000,0.000,0.000,0.000,0.000,0.000,0.000,0.000,0.000,0.000,0.825,61.928,37.247,0.000
Colo_rep5_Dep6_Tu3,0.000,0.000,0.000,0.000,0.000,0.000,0.000,0.000,0.000,0.000,0.110,57.574,42.315,0.000
Colo_rep2_Dep6_Tu1,0.000,0.000,0.000,0.000,0.000,0.000,0.000,0.000,0.000,0.000,0.499,60.268,39.232,0.000
Colo_rep7_Dep6_Tu1,0.000,0.000,0.000,0.000,0.000,0.000,0.000,0.000,0.000,0.000,0.213,58.668,41.119,0.000
Colo_rep5_Dep6_Tu2,0.000,0.000,0.000,0.000,0.000,0.000,0.000,0.000,0.000,0.000,0.837,64.802,34.360,0.000
Colo_rep4_Dep6_Tu40,0.000,0.000,0.000,43.559,0.116,0.000,0.000,0.000,0.000,0.000,1.069,29.853,25.402,0.000
Colo_rep2_Dep6_Tu20,0.000,0.000,0.000,20.987,0.000,0.000,0.000,0.000,0.000,0.000,0.813,42.890,35.310,0.000
Colo_rep4_Dep6_Tu0.5,0.000,0.000,0.000,0.000,0.000,0.000,0.000,0.000,0.000,0.000,1.259,64.067,34.673,0.000
Colo_rep2_Dep6_Tu5,0.000,0.000,0.000,4.580,0.000,0.000,0.000,0.000,0.000,0.000,0.168,63.109,32.141,0.000
Colo_rep2_Dep6_Tu3,0.000,0.000,0.000,0.000,0.000,0.000,0.000,0.000,0.000,0.000,0.491,59.404,40.104,0.000
Colo_rep3_Dep6_Tu10,0.000,0.000,0.000,9.058,0.000,0.000,0.000,0.000,0.000,0.000,0.814,50.432,39.696,0.000
Colo_rep8_Dep6_Tu0.5,0.000,0.000,0.000,0.000,0.000,0.000,0.000,0.000,0.000,0.000,0.271,56.542,43.187,0.000
Colo_rep7_Dep6_Tu3,0.000,0.000,0.000,0.000,0.000,0.000,0.000,0.000,0.000,0.000,1.133,63.758,35.108,0.000
Colo_rep3_Dep6_Tu0.5,0.000,0.000,0.000,0.000,0.000,0.000,0.000,0.000,0.000,0.000,1.018,62.784,36.197,0.000
Colo_rep3_Dep6_Tu20,0.000,0.000,0.000,22.618,0.000,0.000,0.000,0.000,0.000,0.000,0.339,42.646,34.397,0.000
Colo_rep1_Dep6_Tu2,0.000,0.000,0.000,0.000,0.000,0.000,0.000,0.000,0.000,0.000,0.196,56.108,43.694,0.000
Colo_rep9_Dep6_Tu50,0.000,0.000,0.000,52.749,0.890,0.000,0.000,0.000,0.000,0.000,0.994,23.998,21.369,0.000
Colo_rep3_Dep6_Tu0.3,0.000,0.000,0.000,0.000,0.000,0.000,0.000,0.000,0.000,0.000,0.265,56.545,43.189,0.000
Colo_rep1_Dep6_Tu3,0.000,0.000,0.000,0.000,0.000,0.000,0.000,0.000,0.000,0.000,0.929,55.367,43.703,0.000
Br62_rep5_Dep6_Tu0.5,0.000,0.000,0.000,0.000,0.000,0.000,0.000,0.000,0.000,0.000,0.180,57.766,42.054,0.000
Br62_rep5_Dep6_Tu3,0.000,0.000,0.000,0.000,0.000,0.000,0.000,0.000,0.000,0.000,0.115,57.642,42.242,0.000
Br62_rep6_Dep6_Tu30,37.416,0.000,0.000,0.000,0.000,0.725,0.000,0.000,0.000,0.000,0.467,40.154,21.238,0.000
Br62_rep7_Dep6_Tu20,24.463,0.000,0.000,0.000,0.000,0.067,0.000,0.000,0.000,0.000,0.075,43.293,32.101,0.000
Br62_rep2_Dep6_Tu40,46.568,0.000,0.360,0.000,0.081,2.000,0.000,0.000,0.000,0.000,1.201,32.750,17.039,0.000
Br62_rep8_Dep6_Tu0.5,0.000,0.000,0.000,0.000,0.000,0.000,0.000,0.000,0.000,0.000,0.266,56.559,43.174,0.000
Br62_rep5_Dep6_Tu2,0.000,0.000,0.000,0.000,0.000,0.000,0.000,0.000,0.000,0.000,1.050,64.548,34.401,0.000
Br62_rep4_Dep6_Tu50,56.996,0.000,0.600,0.000,0.123,2.571,0.000,0.000,0.000,0.000,0.679,26.182,12.848,0.000
Br62_rep8_Dep6_Tu40,47.512,0.000,0.341,0.000,0.000,1.579,0.000,0.000,0.000,0.000,0.000,29.418,21.150,0.000
Br62_rep7_Dep6_Tu2,0.000,0.000,0.000,0.000,0.000,0.000,0.000,0.000,0.000,0.000,0.363,58.613,41.024,0.000
Br62_rep9_Dep6_Tu40,49.462,0.000,0.364,0.000,0.037,1.168,0.000,0.000,0.000,0.000,0.071,32.062,16.836,0.000
Br62_rep10_Dep6_Tu2,0.000,0.000,0.000,0.000,0.000,0.000,0.000,0.000,0.000,0.000,0.134,56.710,43.155,0.000
Br62_rep6_Dep6_Tu10,11.081,0.000,0.000,0.000,0.000,0.000,0.000,0.000,0.000,0.000,0.350,57.593,30.975,0.000
Br62_rep2_Dep6_Tu2,0.000,0.000,0.000,0.000,0.000,0.000,0.000,0.000,0.000,0.000,0.430,58.683,40.887,0.000
Br62_rep9_Dep6_Tu5,1.099,0.000,0.000,0.000,0.000,0.000,0.000,0.000,0.000,0.000,0.865,60.954,37.082,0.000
Br62_rep6_Dep6_Tu40,46.677,0.000,0.271,0.000,0.000,1.103,0.000,0.000,0.000,0.000,0.119,30.112,21.717,0.000
Br62_rep4_Dep6_Tu20,27.017,0.000,0.000,0.000,0.000,0.136,0.000,0.000,0.000,0.000,0.445,45.455,26.946,0.000
Br62_rep9_Dep6_Tu1,0.000,0.000,0.000,0.000,0.000,0.000,0.000,0.000,0.000,0.000,0.238,56.160,43.601,0.000
Br62_rep1_Dep6_Tu0.3,0.000,0.000,0.000,0.000,0.000,0.000,0.000,0.000,0.000,0.000,1.132,55.158,43.709,0.000
Br62_rep3_Dep6_Tu5,0.371,0.000,0.000,0.000,0.000,0.000,0.000,0.000,0.000,0.000,0.148,59.140,40.341,0.000
Br62_rep9_Dep6_Tu50,57.202,0.000,0.809,0.000,0.144,1.975,0.000,0.000,0.000,0.000,0.000,23.565,16.306,0.000
Br62_rep5_Dep6_Tu30,36.263,0.000,0.000,0.000,0.000,0.808,0.000,0.000,0.000,0.000,0.120,36.376,26.434,0.000
Br62_rep9_Dep6_Tu0.5,0.000,0.000,0.000,0.000,0.000,0.000,0.000,0.000,0.000,0.000,0.167,57.632,42.200,0.000
Br62_rep1_Dep6_Tu20,26.415,0.000,0.000,0.000,0.000,0.217,0.000,0.000,0.000,0.000,0.750,48.502,24.116,0.000
Br62_rep4_Dep6_Tu2,0.000,0.000,0.000,0.000,0.000,0.000,0.000,0.000,0.000,0.000,0.565,64.326,35.108,0.000
Br62_rep8_Dep6_Tu3,0.000,0.000,0.000,0.000,0.000,0.000,0.000,0.000,0.000,0.000,0.218,66.064,33.717,0.000
Br62_rep2_Dep6_Tu5,2.101,0.000,0.000,0.000,0.000,0.000,0.000,0.000,0.000,0.000,0.110,64.859,32.930,0.000
Br62_rep2_Dep6_Tu1,0.000,0.000,0.000,0.000,0.000,0.000,0.000,0.000,0.000,0.000,0.494,60.308,39.197,0.000
Br62_rep8_Dep6_Tu1,0.000,0.000,0.000,0.000,0.000,0.000,0.000,0.000,0.000,0.000,0.847,64.647,34.506,0.000
Br62_rep10_Dep6_Tu0.1,0.000,0.000,0.000,0.000,0.000,0.000,0.000,0.000,0.000,0.000,1.653,63.146,35.200,0.000
Br62_rep3_Dep6_Tu40,47.921,0.000,0.188,0.000,0.009,1.736,0.000,0.000,0.000,0.000,0.000,32.339,17.806,0.000
Br62_rep8_Dep6_Tu0.3,0.000,0.000,0.000,0.000,0.000,0.000,0.000,0.000,0.000,0.000,0.237,56.789,42.973,0.000
Br62_rep4_Dep6_Tu0.5,0.000,0.000,0.000,0.000,0.000,0.000,0.000,0.000,0.000,0.000,1.246,64.030,34.723,0.000
Br62_rep6_Dep6_Tu50,55.905,0.000,0.893,0.000,0.087,2.625,0.000,0.000,0.000,0.000,0.447,27.317,12.727,0.000
Br62_rep7_Dep6_Tu0.1,0.000,0.000,0.000,0.000,0.000,0.000,0.000,0.000,0.000,0.000,0.122,57.767,42.110,0.000
Br62_rep9_Dep6_Tu30,38.373,0.000,0.103,0.000,0.000,0.396,0.000,0.000,0.000,0.000,1.119,38.221,21.787,0.000
Br62_rep6_Dep6_Tu20,23.799,0.000,0.000,0.000,0.000,0.074,0.000,0.000,0.000,0.000,0.063,45.357,30.707,0.000
Br62_rep5_Dep6_Tu5,1.702,0.000,0.000,0.000,0.000,0.000,0.000,0.000,0.000,0.000,0.867,62.944,34.486,0.000
Br62_rep4_Dep6_Tu40,46.980,0.000,0.133,0.000,0.055,1.064,0.000,0.000,0.000,0.000,0.077,30.142,21.548,0.000
Br62_rep8_Dep6_Tu0.1,0.000,0.000,0.000,0.000,0.000,0.000,0.000,0.000,0.000,0.000,1.394,63.743,34.863,0.000
Br62_rep1_Dep6_Tu40,48.153,0.000,0.353,0.000,0.109,2.086,0.000,0.000,0.000,0.000,0.000,34.297,14.818,0.185
Br62_rep3_Dep6_Tu30,36.361,0.000,0.042,0.000,0.102,0.640,0.000,0.000,0.000,0.000,0.004,36.019,26.832,0.000
Br62_rep7_Dep6_Tu0.5,0.000,0.000,0.000,0.000,0.000,0.000,0.000,0.000,0.000,0.000,0.116,59.521,40.363,0.000
Br62_rep1_Dep6_Tu10,10.261,0.000,0.000,0.000,0.000,0.000,0.000,0.000,0.000,0.000,0.826,58.114,30.798,0.000
Br62_rep10_Dep6_Tu20,24.584,0.000,0.000,0.000,0.000,0.204,0.000,0.000,0.000,0.000,2.326,47.532,25.354,0.000
Br62_rep1_Dep6_Tu5,0.819,0.000,0.000,0.000,0.000,0.000,0.000,0.000,0.000,0.000,0.228,57.779,41.174,0.000
Br62_rep3_Dep6_Tu50,54.898,0.000,0.734,0.000,0.115,2.776,0.000,0.000,0.000,0.000,0.398,24.198,16.310,0.571
Br62_rep1_Dep6_Tu3,0.000,0.000,0.000,0.000,0.000,0.000,0.000,0.000,0.000,0.000,0.781,55.503,43.715,0.000
Br62_rep7_Dep6_Tu30,36.436,0.000,0.136,0.000,0.000,0.682,0.000,0.000,0.000,0.000,0.000,36.073,26.672,0.000
Br62_rep6_Dep6_Tu1,0.000,0.000,0.000,0.000,0.000,0.000,0.000,0.000,0.000,0.000,0.294,60.264,39.441,0.000
Br62_rep1_Dep6_Tu0.5,0.000,0.000,0.000,0.000,0.000,0.000,0.000,0.000,0.000,0.000,0.469,56.471,43.059,0.000
Br62_rep1_Dep6_Tu0.1,0.000,0.000,0.000,0.000,0.000,0.000,0.000,0.000,0.000,0.000,0.180,57.580,42.240,0.000
Br62_rep9_Dep6_Tu3,0.000,0.000,0.000,0.000,0.000,0.000,0.000,0.000,0.000,0.000,0.761,62.726,36.512,0.000
Br62_rep5_Dep6_Tu40,47.177,0.000,0.390,0.000,0.000,1.151,0.000,0.000,0.000,0.000,0.000,32.809,18.472,0.000
Br62_rep10_Dep6_Tu3,0.000,0.000,0.000,0.000,0.000,0.000,0.000,0.000,0.000,0.000,0.166,57.119,42.714,0.000
Br62_rep2_Dep6_Tu0.3,0.000,0.000,0.000,0.000,0.000,0.000,0.000,0.000,0.000,0.000,0.218,65.991,33.790,0.000
Br62_rep10_Dep6_Tu40,44.989,0.000,0.242,0.000,0.131,1.591,0.000,0.000,0.000,0.000,0.015,29.570,23.422,0.039
Br62_rep3_Dep6_Tu2,0.000,0.000,0.000,0.000,0.000,0.000,0.000,0.000,0.000,0.000,0.668,55.692,43.640,0.000
Br62_rep5_Dep6_Tu1,0.000,0.000,0.000,0.000,0.000,0.000,0.000,0.000,0.000,0.000,0.876,61.859,37.265,0.000
Br62_rep4_Dep6_Tu1,0.000,0.000,0.000,0.000,0.000,0.000,0.000,0.000,0.000,0.000,1.701,63.579,34.719,0.000
Br62_rep10_Dep6_Tu0.5,0.000,0.000,0.000,0.000,0.000,0.000,0.000,0.000,0.000,0.000,1.138,64.138,34.724,0.000
Br62_rep5_Dep6_Tu20,26.095,0.000,0.017,0.000,0.000,0.157,0.000,0.000,0.000,0.000,2.084,46.269,25.377,0.000
Br62_rep6_Dep6_Tu0.3,0.000,0.000,0.000,0.000,0.000,0.000,0.000,0.000,0.000,0.000,1.064,62.759,36.176,0.000
Br62_rep9_Dep6_Tu0.3,0.000,0.000,0.000,0.000,0.000,0.000,0.000,0.000,0.000,0.000,0.224,56.778,42.998,0.000
Br62_rep2_Dep6_Tu20,22.722,0.000,0.000,0.000,0.000,0.096,0.000,0.000,0.000,0.000,0.413,43.179,33.590,0.000
Br62_rep6_Dep6_Tu0.5,0.000,0.000,0.000,0.000,0.000,0.000,0.000,0.000,0.000,0.000,1.492,63.567,34.940,0.000
Br62_rep8_Dep6_Tu10,11.697,0.000,0.000,0.000,0.000,0.000,0.000,0.000,0.000,0.000,1.347,56.403,30.552,0.000
Br62_rep2_Dep6_Tu0.1,0.000,0.000,0.000,0.000,0.000,0.000,0.000,0.000,0.000,0.000,0.535,65.038,34.426,0.000
Br62_rep5_Dep6_Tu10,11.211,0.000,0.000,0.000,0.000,0.000,0.000,0.000,0.000,0.000,0.659,55.900,32.229,0.000
Br62_rep10_Dep6_Tu10,12.133,0.000,0.000,0.000,0.000,0.000,0.000,0.000,0.000,0.000,1.244,56.470,30.153,0.000
Br62_rep4_Dep6_Tu10,9.155,0.000,0.000,0.000,0.000,0.000,0.000,0.000,0.000,0.000,0.215,51.499,39.131,0.000
Br62_rep3_Dep6_Tu0.1,0.000,0.000,0.000,0.000,0.000,0.000,0.000,0.000,0.000,0.000,0.904,63.090,36.005,0.000
Br62_rep2_Dep6_Tu50,57.707,0.000,0.811,0.000,0.468,1.817,0.000,0.000,0.000,0.000,0.000,23.354,15.843,0.000
Br62_rep9_Dep6_Tu10,11.042,0.000,0.000,0.000,0.000,0.000,0.000,0.000,0.000,0.000,0.911,55.641,32.406,0.000
Br62_rep5_Dep6_Tu0.3,0.000,0.000,0.000,0.000,0.000,0.000,0.000,0.000,0.000,0.000,1.680,62.986,35.334,0.000
Br62_rep8_Dep6_Tu50,57.035,0.000,0.663,0.000,0.086,2.549,0.000,0.000,0.000,0.000,0.000,26.238,13.427,0.000
Br62_rep4_Dep6_Tu0.3,0.000,0.000,0.000,0.000,0.000,0.000,0.000,0.000,0.000,0.000,0.275,59.968,39.757,0.000
Br62_rep7_Dep6_Tu1,0.000,0.000,0.000,0.000,0.000,0.000,0.000,0.000,0.000,0.000,0.205,58.542,41.252,0.000
Br62_rep3_Dep6_Tu0.5,0.000,0.000,0.000,0.000,0.000,0.000,0.000,0.000,0.000,0.000,1.031,62.779,36.190,0.000
Br62_rep7_Dep6_Tu40,49.022,0.000,0.797,0.000,0.216,1.005,0.000,0.000,0.000,0.000,0.000,31.868,17.093,0.000
Br62_rep2_Dep6_Tu3,0.000,0.000,0.000,0.000,0.000,0.000,0.000,0.000,0.000,0.000,0.422,59.301,40.276,0.000
Br62_rep2_Dep6_Tu0.5,0.000,0.000,0.000,0.000,0.000,0.000,0.000,0.000,0.000,0.000,0.211,57.233,42.555,0.000
Br62_rep1_Dep6_Tu50,57.200,0.000,0.806,0.000,0.156,1.880,0.000,0.000,0.000,0.000,0.000,25.989,13.970,0.000
Br62_rep3_Dep6_Tu3,0.000,0.000,0.000,0.000,0.000,0.000,0.000,0.000,0.000,0.000,0.157,58.598,41.244,0.000
Br62_rep7_Dep6_Tu3,0.000,0.000,0.000,0.000,0.000,0.000,0.000,0.000,0.000,0.000,1.353,63.537,35.109,0.000
Br62_rep3_Dep6_Tu0.3,0.000,0.000,0.000,0.000,0.000,0.000,0.000,0.000,0.000,0.000,0.260,56.564,43.175,0.000
Br62_rep8_Dep6_Tu30,34.536,0.000,0.118,0.000,0.000,0.429,0.000,0.000,0.000,0.000,0.152,36.248,28.516,0.000
Br62_rep4_Dep6_Tu30,36.478,0.000,0.049,0.000,0.000,0.728,0.000,0.000,0.000,0.000,0.016,36.043,26.685,0.000
Br62_rep6_Dep6_Tu3,0.000,0.000,0.000,0.000,0.000,0.000,0.000,0.000,0.000,0.000,0.174,58.879,40.947,0.000
Br62_rep4_Dep6_Tu0.1,0.000,0.000,0.000,0.000,0.000,0.000,0.000,0.000,0.000,0.000,0.600,56.386,43.013,0.000
Br62_rep8_Dep6_Tu5,1.705,0.000,0.000,0.000,0.000,0.000,0.000,0.000,0.000,0.000,0.982,63.401,33.911,0.000
Br62_rep10_Dep6_Tu50,56.531,0.000,0.743,0.000,0.068,2.785,0.000,0.000,0.000,0.000,0.532,25.233,12.312,1.796
Br62_rep10_Dep6_Tu0.3,0.000,0.000,0.000,0.000,0.000,0.000,0.000,0.000,0.000,0.000,1.124,64.206,34.669,0.000
Br62_rep3_Dep6_Tu20,23.975,0.000,0.000,0.000,0.000,0.038,0.000,0.000,0.000,0.000,0.123,42.838,33.026,0.000
Br62_rep1_Dep6_Tu1,0.000,0.000,0.000,0.000,0.000,0.000,0.000,0.000,0.000,0.000,2.370,62.504,35.126,0.000
Br62_rep3_Dep6_Tu1,0.000,0.000,0.000,0.000,0.000,0.000,0.000,0.000,0.000,0.000,1.126,62.327,36.546,0.000
Br62_rep9_Dep6_Tu2,0.000,0.000,0.000,0.000,0.000,0.000,0.000,0.000,0.000,0.000,0.130,57.798,42.072,0.000
Br62_rep7_Dep6_Tu50,55.961,0.000,0.638,0.000,0.174,2.481,0.000,0.000,0.000,0.000,0.074,24.263,15.544,0.865
Br62_rep7_Dep6_Tu5,0.740,0.000,0.000,0.000,0.000,0.000,0.000,0.000,0.000,0.000,0.464,55.851,42.944,0.000
Br62_rep8_Dep6_Tu2,0.000,0.000,0.000,0.000,0.000,0.000,0.000,0.000,0.000,0.000,1.354,61.752,36.893,0.000
Br62_rep5_Dep6_Tu0.1,0.000,0.000,0.000,0.000,0.000,0.000,0.000,0.000,0.000,0.000,0.231,56.406,43.363,0.000
Br62_rep6_Dep6_Tu5,0.000,0.000,0.000,0.000,0.000,0.000,0.000,0.000,0.000,0.000,0.338,58.375,41.286,0.000
Br62_rep9_Dep6_Tu20,22.467,0.000,0.000,0.000,0.000,0.109,0.000,0.000,0.000,0.000,0.173,43.519,33.732,0.000
Br62_rep2_Dep6_Tu30,36.630,0.000,0.037,0.000,0.000,0.719,0.000,0.000,0.000,0.000,0.067,35.376,27.170,0.000
Br62_rep7_Dep6_Tu10,9.768,0.000,0.000,0.000,0.000,0.000,0.000,0.000,0.000,0.000,0.048,51.702,38.481,0.000
Br62_rep6_Dep6_Tu0.1,0.000,0.000,0.000,0.000,0.000,0.000,0.000,0.000,0.000,0.000,0.284,58.803,40.912,0.000
Br62_rep5_Dep6_Tu50,56.753,0.000,0.460,0.000,0.063,2.502,0.000,0.000,0.000,0.000,0.165,22.553,16.071,1.433
Br62_rep10_Dep6_Tu1,0.000,0.000,0.000,0.000,0.000,0.000,0.000,0.000,0.000,0.000,2.378,62.186,35.435,0.000
Br62_rep1_Dep6_Tu30,35.992,0.000,0.000,0.000,0.000,0.780,0.000,0.000,0.000,0.000,0.022,35.624,27.582,0.000
Br62_rep7_Dep6_Tu0.3,0.000,0.000,0.000,0.000,0.000,0.000,0.000,0.000,0.000,0.000,0.166,57.111,42.723,0.000
Br62_rep2_Dep6_Tu10,10.315,0.000,0.000,0.000,0.000,0.000,0.000,0.000,0.000,0.000,0.102,50.726,38.856,0.000
Br62_rep9_Dep6_Tu0.1,0.000,0.000,0.000,0.000,0.000,0.000,0.000,0.000,0.000,0.000,1.471,63.358,35.170,0.000
Br62_rep3_Dep6_Tu10,10.309,0.000,0.000,0.000,0.000,0.000,0.000,0.000,0.000,0.000,0.501,50.435,38.754,0.000
Br62_rep4_Dep6_Tu5,1.650,0.000,0.000,0.000,0.000,0.000,0.000,0.000,0.000,0.000,1.488,61.972,34.889,0.000
Br62_rep8_Dep6_Tu20,25.640,0.000,0.000,0.000,0.000,0.226,0.000,0.000,0.000,0.000,0.333,47.319,26.482,0.000
Br62_rep1_Dep6_Tu2,0.000,0.000,0.000,0.000,0.000,0.000,0.000,0.000,0.000,0.000,0.187,56.091,43.721,0.000
Br62_rep10_Dep6_Tu5,1.885,0.000,0.000,0.000,0.000,0.000,0.000,0.000,0.000,0.000,0.406,63.544,34.164,0.000
Br62_rep10_Dep6_Tu30,36.208,0.000,0.073,0.000,0.000,0.492,0.000,0.000,0.000,0.000,0.008,37.209,26.009,0.000
Br62_rep6_Dep6_Tu2,0.000,0.000,0.000,0.000,0.000,0.000,0.000,0.000,0.000,0.000,1.117,64.200,34.682,0.000
Br62_rep4_Dep6_Tu3,0.000,0.000,0.000,0.000,0.000,0.000,0.000,0.000,0.000,0.000,0.408,65.450,34.141,0.000
Br66_rep4_Dep6_Tu50,60.041,0.000,0.017,0.000,0.000,0.981,0.055,0.000,0.000,0.000,2.110,25.351,11.445,0.000
Br66_rep3_Dep6_Tu0.5,0.000,0.000,0.000,0.000,0.000,0.000,0.000,0.000,0.000,0.000,1.065,62.741,36.193,0.000
Br66_rep2_Dep6_Tu3,0.000,0.000,0.000,0.000,0.000,0.000,0.000,0.000,0.000,0.000,0.512,59.248,40.239,0.000
Br66_rep6_Dep6_Tu40,46.517,0.000,0.016,0.000,0.000,0.644,0.000,0.000,0.000,0.000,0.256,30.397,22.169,0.000
Br66_rep9_Dep6_Tu0.1,0.000,0.000,0.000,0.000,0.000,0.000,0.000,0.000,0.000,0.000,1.628,63.220,35.151,0.000
Br66_rep9_Dep6_Tu5,1.464,0.000,0.000,0.000,0.000,0.000,0.000,0.000,0.000,0.000,0.717,60.840,36.979,0.000
Br66_rep10_Dep6_Tu1,0.000,0.000,0.000,0.000,0.000,0.000,0.000,0.000,0.000,0.000,0.290,65.993,33.717,0.000
Br66_rep6_Dep6_Tu20,23.349,0.000,0.000,0.000,0.000,0.021,0.000,0.000,0.000,0.000,0.098,45.702,30.829,0.000
Br66_rep10_Dep6_Tu30,35.312,0.000,0.000,0.000,0.000,0.178,0.000,0.000,0.000,0.000,0.532,36.931,27.047,0.000
Br66_rep10_Dep6_Tu5,3.178,0.000,0.000,0.000,0.000,0.000,0.000,0.000,0.000,0.000,0.245,56.208,40.368,0.000
Br66_rep7_Dep6_Tu1,0.000,0.000,0.000,0.000,0.000,0.000,0.000,0.000,0.000,0.000,0.202,58.514,41.283,0.000
Br66_rep6_Dep6_Tu0.3,0.000,0.000,0.000,0.000,0.000,0.000,0.000,0.000,0.000,0.000,1.082,62.687,36.230,0.000
Br66_rep1_Dep6_Tu30,35.861,0.000,0.000,0.000,0.000,0.272,0.000,0.000,0.000,0.000,0.087,35.987,27.792,0.000
Br66_rep3_Dep6_Tu1,0.000,0.000,0.000,0.000,0.000,0.000,0.000,0.000,0.000,0.000,1.158,62.289,36.552,0.000
Br66_rep3_Dep6_Tu30,35.194,0.000,0.000,0.000,0.000,0.201,0.000,0.000,0.000,0.000,0.205,37.103,27.296,0.000
Br66_rep9_Dep6_Tu1,0.000,0.000,0.000,0.000,0.000,0.000,0.000,0.000,0.000,0.000,0.234,56.118,43.647,0.000
Br66_rep9_Dep6_Tu40,48.304,0.000,0.000,0.000,0.000,0.556,0.000,0.000,0.000,0.000,0.308,33.748,17.084,0.000
Br66_rep5_Dep6_Tu1,0.000,0.000,0.000,0.000,0.000,0.000,0.000,0.000,0.000,0.000,0.791,61.980,37.229,0.000
Br66_rep2_Dep6_Tu5,0.434,0.000,0.000,0.000,0.000,0.000,0.000,0.000,0.000,0.000,0.167,65.839,33.560,0.000
Br66_rep5_Dep6_Tu30,36.191,0.000,0.000,0.000,0.000,0.325,0.000,0.000,0.000,0.000,0.690,36.318,26.475,0.000
Br66_rep7_Dep6_Tu50,59.608,0.000,0.035,0.000,0.000,1.269,0.000,0.000,0.000,0.000,0.770,24.001,14.316,0.000
Br66_rep4_Dep6_Tu40,47.565,0.000,0.012,0.000,0.000,0.843,0.000,0.000,0.000,0.000,0.291,30.324,20.965,0.000
Br66_rep8_Dep6_Tu5,3.063,0.000,0.000,0.000,0.000,0.000,0.000,0.000,0.000,0.000,1.113,62.521,33.303,0.000
Br66_rep9_Dep6_Tu2,0.000,0.000,0.000,0.000,0.000,0.000,0.000,0.000,0.000,0.000,0.144,57.809,42.046,0.000
Br66_rep6_Dep6_Tu30,37.012,0.000,0.000,0.000,0.000,0.199,0.000,0.000,0.000,0.000,1.952,39.690,21.146,0.000
Br66_rep4_Dep6_Tu0.1,0.000,0.000,0.000,0.000,0.000,0.000,0.000,0.000,0.000,0.000,0.571,56.410,43.018,0.000
Br66_rep5_Dep6_Tu10,10.989,0.000,0.000,0.000,0.000,0.000,0.000,0.000,0.000,0.000,1.102,55.784,32.124,0.000
Br66_rep3_Dep6_Tu40,49.115,0.000,0.058,0.000,0.000,1.228,0.000,0.000,0.000,0.000,0.839,32.030,16.729,0.000
Br66_rep9_Dep6_Tu0.5,0.000,0.000,0.000,0.000,0.000,0.000,0.000,0.000,0.000,0.000,0.150,57.671,42.178,0.000
Br66_rep8_Dep6_Tu2,0.000,0.000,0.000,0.000,0.000,0.000,0.000,0.000,0.000,0.000,1.173,61.948,36.879,0.000
Br66_rep10_Dep6_Tu2,0.000,0.000,0.000,0.000,0.000,0.000,0.000,0.000,0.000,0.000,0.458,59.973,39.568,0.000
Br66_rep6_Dep6_Tu0.1,0.000,0.000,0.000,0.000,0.000,0.000,0.000,0.000,0.000,0.000,0.297,58.808,40.894,0.000
Br66_rep5_Dep6_Tu0.5,0.000,0.000,0.000,0.000,0.000,0.000,0.000,0.000,0.000,0.000,0.178,57.795,42.026,0.000
Br66_rep2_Dep6_Tu20,20.709,0.000,0.000,0.000,0.000,0.052,0.000,0.000,0.000,0.000,0.580,44.326,34.331,0.000
Br66_rep4_Dep6_Tu0.5,0.000,0.000,0.000,0.000,0.000,0.000,0.000,0.000,0.000,0.000,1.401,63.919,34.679,0.000
Br66_rep4_Dep6_Tu5,1.259,0.000,0.000,0.000,0.000,0.000,0.000,0.000,0.000,0.000,1.494,62.152,35.094,0.000
Br66_rep8_Dep6_Tu0.5,0.000,0.000,0.000,0.000,0.000,0.000,0.000,0.000,0.000,0.000,0.267,56.535,43.197,0.000
Br66_rep5_Dep6_Tu20,24.420,0.000,0.000,0.000,0.000,0.000,0.000,0.000,0.000,0.000,4.289,45.378,25.912,0.000
Br66_rep1_Dep6_Tu3,0.000,0.000,0.000,0.000,0.000,0.000,0.000,0.000,0.000,0.000,0.924,55.342,43.733,0.000
Br66_rep10_Dep6_Tu10,9.751,0.000,0.000,0.000,0.000,0.000,0.000,0.000,0.000,0.000,0.664,52.984,36.600,0.000
Br66_rep3_Dep6_Tu10,8.854,0.000,0.000,0.000,0.000,0.000,0.000,0.000,0.000,0.000,0.479,51.371,39.295,0.000
Br66_rep10_Dep6_Tu40,47.768,0.000,0.005,0.000,0.000,0.915,0.000,0.000,0.000,0.000,0.459,34.530,16.322,0.000
Br66_rep1_Dep6_Tu50,59.757,0.000,0.017,0.000,0.000,1.835,0.000,0.000,0.000,0.000,1.521,24.837,12.033,0.000
Br66_rep10_Dep6_Tu0.5,0.000,0.000,0.000,0.000,0.000,0.000,0.000,0.000,0.000,0.000,0.507,61.414,38.079,0.000
Br66_rep1_Dep6_Tu0.3,0.000,0.000,0.000,0.000,0.000,0.000,0.000,0.000,0.000,0.000,1.115,55.188,43.696,0.000
Br66_rep10_Dep6_Tu0.1,0.000,0.000,0.000,0.000,0.000,0.000,0.000,0.000,0.000,0.000,0.463,58.708,40.828,0.000
Br66_rep8_Dep6_Tu40,47.938,0.000,0.026,0.000,0.000,0.616,0.000,0.000,0.000,0.000,0.101,30.022,21.296,0.000
Br66_rep3_Dep6_Tu20,23.645,0.000,0.000,0.000,0.000,0.000,0.000,0.000,0.000,0.000,0.206,43.142,33.006,0.000
Br66_rep9_Dep6_Tu0.3,0.000,0.000,0.000,0.000,0.000,0.000,0.000,0.000,0.000,0.000,0.221,56.767,43.011,0.000
Br66_rep7_Dep6_Tu0.3,0.000,0.000,0.000,0.000,0.000,0.000,0.000,0.000,0.000,0.000,0.170,57.121,42.708,0.000
Br66_rep5_Dep6_Tu2,0.000,0.000,0.000,0.000,0.000,0.000,0.000,0.000,0.000,0.000,1.021,64.623,34.355,0.000
Br66_rep5_Dep6_Tu0.3,0.000,0.000,0.000,0.000,0.000,0.000,0.000,0.000,0.000,0.000,1.641,63.029,35.329,0.000
Br66_rep6_Dep6_Tu5,2.971,0.000,0.000,0.000,0.000,0.000,0.000,0.000,0.000,0.000,0.299,56.819,39.910,0.000
Br66_rep5_Dep6_Tu3,0.000,0.000,0.000,0.000,0.000,0.000,0.000,0.000,0.000,0.000,0.108,57.684,42.208,0.000
Br66_rep1_Dep6_Tu5,1.673,0.000,0.000,0.000,0.000,0.000,0.000,0.000,0.000,0.000,0.237,57.522,40.567,0.000
Br66_rep6_Dep6_Tu10,10.360,0.000,0.000,0.000,0.000,0.000,0.000,0.000,0.000,0.000,0.531,57.850,31.259,0.000
Br66_rep3_Dep6_Tu5,1.492,0.000,0.000,0.000,0.000,0.000,0.000,0.000,0.000,0.000,0.156,58.503,39.849,0.000
Br66_rep1_Dep6_Tu1,0.000,0.000,0.000,0.000,0.000,0.000,0.000,0.000,0.000,0.000,2.580,62.317,35.103,0.000
Br66_rep4_Dep6_Tu30,36.259,0.000,0.000,0.000,0.000,0.139,0.000,0.000,0.000,0.000,0.290,36.596,26.715,0.000
Br66_rep8_Dep6_Tu20,24.988,0.000,0.000,0.000,0.000,0.024,0.000,0.000,0.000,0.000,0.337,47.944,26.707,0.000
Br66_rep4_Dep6_Tu10,8.607,0.000,0.000,0.000,0.000,0.000,0.000,0.000,0.000,0.000,0.276,51.880,39.237,0.000
Br66_rep2_Dep6_Tu1,0.000,0.000,0.000,0.000,0.000,0.000,0.000,0.000,0.000,0.000,0.470,60.339,39.191,0.000
Br66_rep6_Dep6_Tu2,0.000,0.000,0.000,0.000,0.000,0.000,0.000,0.000,0.000,0.000,1.102,64.190,34.707,0.000
Br66_rep6_Dep6_Tu0.5,0.000,0.000,0.000,0.000,0.000,0.000,0.000,0.000,0.000,0.000,1.693,63.362,34.944,0.000
Br66_rep5_Dep6_Tu0.1,0.000,0.000,0.000,0.000,0.000,0.000,0.000,0.000,0.000,0.000,0.233,56.384,43.382,0.000
Br66_rep2_Dep6_Tu2,0.000,0.000,0.000,0.000,0.000,0.000,0.000,0.000,0.000,0.000,0.496,58.762,40.741,0.000
Br66_rep10_Dep6_Tu50,56.995,0.000,0.052,0.000,0.000,1.307,0.000,0.000,0.000,0.000,0.305,25.883,15.255,0.203
Br66_rep7_Dep6_Tu3,0.000,0.000,0.000,0.000,0.000,0.000,0.000,0.000,0.000,0.000,1.307,63.590,35.102,0.000
Br66_rep7_Dep6_Tu10,10.160,0.000,0.000,0.000,0.000,0.000,0.000,0.000,0.000,0.000,0.050,51.541,38.248,0.000
Br66_rep2_Dep6_Tu0.5,0.000,0.000,0.000,0.000,0.000,0.000,0.000,0.000,0.000,0.000,0.205,57.209,42.585,0.000
Br66_rep5_Dep6_Tu50,59.972,0.000,0.068,0.000,0.000,1.523,0.000,0.000,0.000,0.000,0.422,22.926,14.839,0.250
Br66_rep9_Dep6_Tu20,22.408,0.000,0.000,0.000,0.000,0.051,0.000,0.000,0.000,0.000,0.249,43.610,33.682,0.000
Br66_rep8_Dep6_Tu3,0.000,0.000,0.000,0.000,0.000,0.000,0.000,0.000,0.000,0.000,0.329,65.951,33.719,0.000
Br66_rep9_Dep6_Tu10,10.327,0.000,0.000,0.000,0.000,0.000,0.000,0.000,0.000,0.000,0.993,56.222,32.458,0.000
Br66_rep7_Dep6_Tu2,0.000,0.000,0.000,0.000,0.000,0.000,0.000,0.000,0.000,0.000,0.398,58.521,41.080,0.000
Br66_rep6_Dep6_Tu3,0.000,0.000,0.000,0.000,0.000,0.000,0.000,0.000,0.000,0.000,0.210,58.942,40.846,0.000
Br66_rep1_Dep6_Tu0.5,0.000,0.000,0.000,0.000,0.000,0.000,0.000,0.000,0.000,0.000,0.421,56.517,43.061,0.000
Br66_rep2_Dep6_Tu40,46.073,0.000,0.027,0.000,0.000,0.634,0.000,0.000,0.000,0.000,4.515,31.481,16.968,0.301
Br66_rep1_Dep6_Tu2,0.000,0.000,0.000,0.000,0.000,0.000,0.000,0.000,0.000,0.000,0.213,56.072,43.714,0.000
Br66_rep8_Dep6_Tu1,0.000,0.000,0.000,0.000,0.000,0.000,0.000,0.000,0.000,0.000,0.982,64.517,34.500,0.000
Br66_rep4_Dep6_Tu3,0.000,0.000,0.000,0.000,0.000,0.000,0.000,0.000,0.000,0.000,0.484,65.429,34.086,0.000
Br66_rep7_Dep6_Tu40,48.879,0.000,0.023,0.000,0.000,0.563,0.000,0.000,0.000,0.000,0.969,32.464,17.102,0.000
Br66_rep7_Dep6_Tu0.5,0.000,0.000,0.000,0.000,0.000,0.000,0.000,0.000,0.000,0.000,0.116,59.464,40.419,0.000
Br66_rep2_Dep6_Tu30,36.226,0.000,0.000,0.000,0.000,0.334,0.000,0.000,0.000,0.000,0.113,35.963,27.363,0.000
Br66_rep2_Dep6_Tu0.1,0.000,0.000,0.000,0.000,0.000,0.000,0.000,0.000,0.000,0.000,0.541,65.006,34.452,0.000
Br66_rep7_Dep6_Tu0.1,0.000,0.000,0.000,0.000,0.000,0.000,0.000,0.000,0.000,0.000,0.120,57.758,42.121,0.000
Br66_rep1_Dep6_Tu40,49.467,0.000,0.000,0.000,0.000,1.033,0.000,0.000,0.000,0.000,0.235,34.990,14.274,0.000
Br66_rep7_Dep6_Tu5,0.853,0.000,0.000,0.000,0.000,0.000,0.000,0.000,0.000,0.000,0.668,55.498,42.981,0.000
Br66_rep4_Dep6_Tu1,0.000,0.000,0.000,0.000,0.000,0.000,0.000,0.000,0.000,0.000,1.640,63.642,34.718,0.000
Br66_rep8_Dep6_Tu0.1,0.000,0.000,0.000,0.000,0.000,0.000,0.000,0.000,0.000,0.000,1.381,63.768,34.851,0.000
Br66_rep4_Dep6_Tu2,0.000,0.000,0.000,0.000,0.000,0.000,0.000,0.000,0.000,0.000,0.518,64.381,35.100,0.000
Br66_rep1_Dep6_Tu0.1,0.000,0.000,0.000,0.000,0.000,0.000,0.000,0.000,0.000,0.000,0.186,57.561,42.252,0.000
Br66_rep2_Dep6_Tu10,9.280,0.000,0.000,0.000,0.000,0.000,0.000,0.000,0.000,0.000,0.137,51.097,39.485,0.000
Br66_rep4_Dep6_Tu20,26.217,0.000,0.000,0.000,0.000,0.021,0.000,0.000,0.000,0.000,0.534,46.172,27.054,0.000
Br66_rep4_Dep6_Tu0.3,0.000,0.000,0.000,0.000,0.000,0.000,0.000,0.000,0.000,0.000,0.268,59.906,39.825,0.000
Br66_rep10_Dep6_Tu3,0.000,0.000,0.000,0.000,0.000,0.000,0.000,0.000,0.000,0.000,0.276,61.799,37.924,0.000
Br66_rep1_Dep6_Tu20,26.526,0.000,0.000,0.000,0.000,0.013,0.000,0.000,0.000,0.000,1.876,47.678,23.906,0.000
Br66_rep6_Dep6_Tu1,0.000,0.000,0.000,0.000,0.000,0.000,0.000,0.000,0.000,0.000,0.316,60.166,39.517,0.000
Br66_rep6_Dep6_Tu50,58.254,0.000,0.207,0.000,0.000,1.812,0.000,0.000,0.000,0.000,2.404,26.199,10.860,0.263
Br66_rep9_Dep6_Tu3,0.000,0.000,0.000,0.000,0.000,0.000,0.000,0.000,0.000,0.000,0.803,62.802,36.395,0.000
Br66_rep3_Dep6_Tu50,57.502,0.000,0.144,0.000,0.000,1.797,0.000,0.000,0.000,0.000,0.925,23.791,14.984,0.856
Br66_rep8_Dep6_Tu30,33.790,0.000,0.000,0.000,0.000,0.156,0.000,0.000,0.000,0.000,0.142,36.889,29.022,0.000
Br66_rep7_Dep6_Tu20,23.596,0.000,0.000,0.000,0.000,0.000,0.000,0.000,0.000,0.000,0.057,43.958,32.388,0.000
Br66_rep3_Dep6_Tu2,0.000,0.000,0.000,0.000,0.000,0.000,0.000,0.000,0.000,0.000,0.738,55.616,43.646,0.000
Br66_rep8_Dep6_Tu50,58.807,0.000,0.063,0.000,0.000,1.741,0.000,0.000,0.000,0.000,1.107,25.902,12.379,0.000
Br66_rep3_Dep6_Tu3,0.000,0.000,0.000,0.000,0.000,0.000,0.000,0.000,0.000,0.000,0.208,58.602,41.189,0.000
Br66_rep3_Dep6_Tu0.3,0.000,0.000,0.000,0.000,0.000,0.000,0.000,0.000,0.000,0.000,0.265,56.548,43.186,0.000
Br66_rep8_Dep6_Tu0.3,0.000,0.000,0.000,0.000,0.000,0.000,0.000,0.000,0.000,0.000,0.231,56.752,43.016,0.000
Br66_rep3_Dep6_Tu0.1,0.000,0.000,0.000,0.000,0.000,0.000,0.000,0.000,0.000,0.000,0.904,63.105,35.991,0.000
Br66_rep10_Dep6_Tu0.3,0.000,0.000,0.000,0.000,0.000,0.000,0.000,0.000,0.000,0.000,0.463,60.063,39.472,0.000
Br66_rep2_Dep6_Tu50,59.792,0.000,0.053,0.000,0.000,1.545,0.000,0.000,0.000,0.000,0.299,23.457,14.853,0.000
Br66_rep5_Dep6_Tu5,2.019,0.000,0.000,0.000,0.000,0.000,0.000,0.000,0.000,0.000,1.182,62.452,34.346,0.000
Br66_rep10_Dep6_Tu20,23.961,0.000,0.000,0.000,0.000,0.035,0.000,0.000,0.000,0.000,1.033,49.703,25.267,0.000
Br66_rep7_Dep6_Tu30,36.142,0.000,0.000,0.000,0.000,0.097,0.000,0.000,0.000,0.000,0.062,36.986,26.712,0.000
Br66_rep9_Dep6_Tu30,38.744,0.000,0.023,0.000,0.000,0.110,0.000,0.000,0.000,0.000,1.603,38.160,21.360,0.000
Br66_rep5_Dep6_Tu40,48.918,0.000,0.000,0.000,0.000,0.574,0.041,0.000,0.000,0.000,0.864,32.024,17.578,0.000
Br66_rep8_Dep6_Tu10,10.382,0.000,0.000,0.000,0.000,0.000,0.000,0.000,0.000,0.000,1.885,56.857,30.876,0.000
Br66_rep9_Dep6_Tu50,59.563,0.000,0.027,0.000,0.000,1.164,0.000,0.000,0.000,0.000,0.000,23.790,15.455,0.000
Br66_rep2_Dep6_Tu0.3,0.000,0.000,0.000,0.000,0.000,0.000,0.000,0.000,0.000,0.000,0.243,65.992,33.764,0.000
Br66_rep1_Dep6_Tu10,9.371,0.000,0.000,0.000,0.000,0.000,0.000,0.000,0.000,0.000,1.084,58.575,30.969,0.000
Cer77_rep9_Dep6_Tu3,0.000,0.000,0.000,0.000,0.000,0.000,0.000,0.000,0.000,0.000,1.091,62.286,36.622,0.000
Cer77_rep5_Dep6_Tu30,1.673,0.000,3.001,0.346,5.609,1.734,1.213,0.000,0.665,0.000,1.119,27.467,26.485,30.687
Cer77_rep3_Dep6_Tu30,1.320,0.000,2.939,0.000,6.901,1.710,0.596,0.000,0.000,0.000,0.535,26.700,26.841,32.458
Cer77_rep8_Dep6_Tu50,3.204,0.000,4.486,1.024,8.123,2.961,2.516,0.000,3.026,0.000,1.701,14.468,14.660,43.831
Cer77_rep1_Dep6_Tu1,0.000,0.000,0.000,0.000,0.000,0.000,0.000,0.000,0.000,0.000,2.658,62.196,35.146,0.000
Cer77_rep7_Dep6_Tu3,0.000,0.000,0.000,0.000,0.000,0.000,0.000,0.000,0.000,0.000,1.384,63.275,35.341,0.000
Cer77_rep10_Dep6_Tu2,0.000,0.000,0.000,0.000,0.000,0.000,0.000,0.000,0.000,0.000,0.380,59.889,39.730,0.000
Cer77_rep2_Dep6_Tu0.5,0.000,0.000,0.000,0.000,0.000,0.000,0.000,0.000,0.000,0.000,0.209,57.200,42.591,0.000
Cer77_rep3_Dep6_Tu20,0.855,0.000,2.418,0.000,4.421,0.874,0.128,0.000,0.000,0.000,0.397,36.525,32.849,21.531
Cer77_rep1_Dep6_Tu2,0.000,0.000,0.000,0.000,0.000,0.000,0.000,0.000,0.000,0.000,0.163,56.203,43.633,0.000
Cer77_rep2_Dep6_Tu5,0.000,0.000,0.270,0.000,0.032,0.029,0.000,0.000,0.000,0.000,0.152,65.410,34.037,0.071
Cer77_rep5_Dep6_Tu0.5,0.000,0.000,0.000,0.000,0.000,0.000,0.000,0.000,0.000,0.000,0.159,57.796,42.045,0.000
Cer77_rep2_Dep6_Tu50,3.318,0.000,5.257,1.405,8.550,2.744,1.874,0.000,2.413,0.000,0.580,14.043,17.033,42.781
Cer77_rep9_Dep6_Tu0.5,0.000,0.000,0.000,0.000,0.000,0.000,0.000,0.000,0.000,0.000,0.152,57.646,42.201,0.000
