Sample,BRCA,CEAD,CESC,COAD,OV,READ,bcell,cd4tcell,cd8tcell,erythroblast,monocyte,naturalkillercell,neutrophil
Colo_rep2_Dep6_Tu0.5,0.000,0.630,0.000,0.111,2.216,0.000,0.589,0.158,0.139,2.410,32.390,1.574,59.782
Colo_rep2_Dep6_Tu50,0.000,0.635,0.096,49.498,2.271,0.042,0.721,4.033,0.719,4.631,9.394,1.486,26.474
Colo_rep6_Dep6_Tu1,0.000,0.567,0.000,0.318,5.835,0.000,0.590,0.232,0.262,4.182,25.438,0.399,62.176
Colo_rep3_Dep6_Tu2,0.000,1.058,0.018,1.007,0.381,0.000,2.124,0.132,2.710,9.353,24.146,0.498,58.573
Colo_rep7_Dep6_Tu2,0.000,2.209,0.008,1.069,0.356,0.000,1.426,0.207,1.553,4.648,24.840,0.250,63.434
Colo_rep8_Dep6_Tu0.1,0.000,0.379,0.019,0.000,14.195,0.000,3.239,0.445,1.685,8.098,10.135,1.691,60.113
Colo_rep10_Dep6_Tu2,0.000,0.411,0.006,0.901,2.805,0.000,1.069,0.585,0.133,2.909,31.429,0.758,58.992
Colo_rep6_Dep6_Tu3,0.000,1.839,0.000,1.553,0.501,0.000,2.134,0.199,3.365,4.062,24.259,0.233,61.855
Colo_rep9_Dep6_Tu30,0.000,0.182,0.000,29.492,11.948,0.000,1.508,2.040,0.336,8.562,6.468,4.256,35.209
Colo_rep9_Dep6_Tu0.5,0.000,0.228,0.047,0.298,2.648,0.000,0.273,0.491,0.166,1.851,32.284,0.194,61.519
Colo_rep6_Dep6_Tu20,0.000,2.247,0.000,20.143,0.302,0.000,1.196,0.962,6.478,2.466,17.990,0.247,47.968
Colo_rep8_Dep6_Tu30,0.000,0.488,0.000,28.989,1.547,0.000,0.861,1.849,0.000,4.893,20.437,2.289,38.648
Colo_rep3_Dep6_Tu5,0.000,0.528,0.000,3.986,6.334,0.000,0.754,0.339,0.637,3.214,23.982,0.589,59.636
Colo_rep4_Dep6_Tu3,0.000,0.181,0.038,1.569,18.485,0.000,0.361,0.442,0.273,2.927,14.514,0.998,60.212
Colo_rep2_Dep6_Tu10,0.000,0.304,0.010,9.072,2.841,0.000,1.126,0.929,0.291,3.388,27.816,1.285,52.939
Colo_rep3_Dep6_Tu40,0.000,0.189,0.000,40.122,10.306,0.000,1.356,3.049,0.004,7.448,3.582,3.990,29.954
Colo_rep3_Dep6_Tu30,0.000,0.590,0.000,31.240,2.094,0.000,0.481,2.407,0.565,5.442,17.895,0.723,38.563
Colo_rep6_Dep6_Tu30,0.000,0.180,0.000,32.378,9.561,0.000,1.071,2.827,5.108,9.146,1.892,0.452,37.386
Colo_rep4_Dep6_Tu50,0.000,0.606,0.000,49.559,6.197,0.035,3.692,3.610,1.579,7.230,0.654,2.196,24.642
Colo_rep5_Dep6_Tu50,0.000,0.907,0.000,49.786,1.789,0.000,1.122,3.022,0.589,4.686,9.660,4.095,24.343
Colo_rep6_Dep6_Tu2,0.000,0.467,0.028,1.244,14.936,0.000,1.401,0.304,1.183,9.170,8.706,0.492,62.069
Colo_rep10_Dep6_Tu50,0.000,0.573,0.000,49.573,6.191,0.000,2.177,3.310,2.628,9.246,1.037,1.803,23.460
Colo_rep7_Dep6_Tu50,0.000,1.282,0.000,52.361,0.743,0.000,2.796,3.575,0.533,6.396,5.269,1.431,25.614
Colo_rep9_Dep6_Tu40,0.000,0.379,0.000,39.365,10.351,0.010,0.883,3.263,0.935,7.500,3.514,3.445,30.355
Colo_rep8_Dep6_Tu5,0.016,0.399,0.007,4.076,13.876,0.000,1.144,0.504,4.169,7.503,7.909,0.706,59.692
Colo_rep1_Dep6_Tu20,0.000,0.528,0.000,21.450,12.327,0.000,1.180,0.953,1.998,9.392,3.087,0.997,48.086
Colo_rep9_Dep6_Tu2,0.000,0.392,0.000,0.998,3.419,0.000,0.338,0.418,0.196,2.705,30.299,0.218,61.017
Colo_rep5_Dep6_Tu30,0.000,1.166,0.000,31.679,0.606,0.000,3.427,1.972,1.049,7.255,12.860,1.438,38.548
Colo_rep4_Dep6_Tu0.1,0.018,0.940,0.025,0.000,0.314,0.000,2.306,0.474,0.421,8.793,24.697,0.475,61.537
Colo_rep5_Dep6_Tu0.1,0.000,0.336,0.000,0.000,1.860,0.000,0.483,0.318,0.199,3.357,33.366,0.672,59.409
Colo_rep9_Dep6_Tu3,0.000,0.204,0.017,0.905,18.269,0.000,0.460,0.241,0.364,5.896,14.327,1.338,57.980
Colo_rep2_Dep6_Tu0.1,0.000,0.189,0.022,0.000,18.297,0.000,0.363,0.093,1.537,3.249,15.068,0.914,60.268
Colo_rep8_Dep6_Tu10,0.000,0.495,0.000,8.466,12.997,0.000,2.676,0.489,3.860,8.068,7.243,3.184,52.524
Colo_rep4_Dep6_Tu30,0.000,0.662,0.000,30.718,1.895,0.000,1.691,1.346,0.621,3.158,18.394,3.527,37.988
Colo_rep2_Dep6_Tu2,0.000,1.404,0.000,1.221,0.554,0.000,1.706,0.127,2.462,5.547,24.221,0.406,62.352
Colo_rep1_Dep6_Tu5,0.000,2.671,0.000,3.361,0.379,0.000,1.141,0.218,3.980,3.361,23.990,0.123,60.777
Colo_rep8_Dep6_Tu50,0.000,0.456,0.063,49.765,6.577,0.026,1.293,3.315,3.490,9.072,0.376,0.814,24.753
Colo_rep5_Dep6_Tu5,0.000,0.355,0.000,3.831,14.215,0.000,1.047,0.427,7.046,8.036,6.654,0.265,58.125
Colo_rep6_Dep6_Tu50,0.000,0.499,0.000,50.586,5.751,0.000,1.713,3.701,1.310,9.468,0.612,1.019,25.340
Colo_rep5_Dep6_Tu0.5,0.000,0.293,0.000,0.282,2.521,0.000,0.412,0.219,0.215,2.325,32.169,0.405,61.160
Colo_rep4_Dep6_Tu20,0.000,0.522,0.000,21.524,8.495,0.000,1.445,0.596,5.113,5.610,9.120,3.137,44.438
Colo_rep8_Dep6_Tu40,0.000,0.681,0.000,40.460,1.832,0.000,0.476,4.224,0.077,4.043,14.549,1.113,32.543
Colo_rep7_Dep6_Tu0.3,0.000,0.609,0.000,0.196,3.089,0.000,0.314,0.000,0.435,2.683,31.304,0.176,61.194
Colo_rep7_Dep6_Tu30,0.000,0.491,0.000,31.248,2.030,0.000,0.909,2.319,0.201,3.204,18.987,0.960,39.653
Colo_rep10_Dep6_Tu20,0.000,0.436,0.000,19.743,11.447,0.000,2.776,1.095,3.931,7.538,4.477,3.853,44.704
Colo_rep9_Dep6_Tu10,0.000,0.100,0.014,7.794,16.225,0.000,1.048,0.492,0.076,7.715,11.506,3.839,51.191
Colo_rep9_Dep6_Tu0.1,0.000,0.609,0.016,0.022,14.443,0.000,1.576,0.113,4.538,9.942,8.718,0.664,59.357
Colo_rep10_Dep6_Tu0.3,0.000,0.334,0.027,0.366,15.067,0.000,1.318,0.239,1.251,9.119,8.987,0.430,62.861
Colo_rep8_Dep6_Tu20,0.000,0.365,0.000,19.174,14.042,0.000,0.645,0.907,1.203,5.796,10.373,2.694,44.800
Colo_rep3_Dep6_Tu3,0.000,0.642,0.000,1.991,6.180,0.000,1.010,0.365,1.013,3.629,24.274,2.097,58.799
Colo_rep4_Dep6_Tu2,0.000,0.132,0.000,0.819,17.157,0.000,0.503,0.075,1.916,4.651,15.379,0.923,58.446
Colo_rep10_Dep6_Tu0.1,0.000,0.613,0.011,0.000,14.193,0.000,1.968,0.095,5.545,10.279,8.320,1.339,57.638
Colo_rep4_Dep6_Tu0.3,0.000,0.417,0.006,0.182,6.465,0.000,0.578,0.000,0.863,4.733,24.897,0.553,61.306
Colo_rep9_Dep6_Tu0.3,0.000,0.406,0.003,0.000,2.065,0.000,0.691,0.335,0.080,2.658,33.122,1.729,58.911
Colo_rep1_Dep6_Tu10,0.000,0.411,0.000,8.759,13.977,0.000,0.749,0.284,8.492,8.594,4.825,0.212,53.696
Colo_rep6_Dep6_Tu0.3,0.000,0.172,0.024,0.000,18.163,0.000,0.679,0.246,0.482,6.429,14.775,0.871,58.160
Colo_rep6_Dep6_Tu0.5,0.013,0.600,0.022,0.000,14.147,0.000,1.955,0.052,8.081,9.091,7.951,0.928,57.159
Colo_rep10_Dep6_Tu10,0.000,0.216,0.027,9.272,13.003,0.000,3.683,1.133,1.247,7.824,7.358,2.289,53.950
Colo_rep10_Dep6_Tu1,0.000,0.512,0.029,0.581,14.290,0.000,1.950,0.060,3.909,9.993,8.930,0.782,58.963
Colo_rep10_Dep6_Tu5,0.000,0.207,0.000,3.437,17.116,0.000,0.527,0.169,2.115,3.434,14.651,1.012,57.333
Colo_rep10_Dep6_Tu40,0.000,1.109,0.000,39.483,1.349,0.006,0.619,2.070,1.606,5.403,15.508,3.073,29.773
Colo_rep10_Dep6_Tu0.5,0.000,0.468,0.014,0.480,14.708,0.000,0.835,0.034,8.180,8.393,7.170,0.183,59.535
Colo_rep1_Dep6_Tu1,0.000,0.466,0.000,0.296,13.820,0.000,2.115,0.088,8.151,9.390,8.226,1.109,56.338
Colo_rep7_Dep6_Tu20,0.000,0.399,0.000,20.548,2.278,0.000,0.473,2.066,0.184,2.602,23.622,0.337,47.491
Colo_rep6_Dep6_Tu10,0.000,0.238,0.000,8.345,16.490,0.000,0.643,0.090,0.736,4.402,12.461,2.508,54.087
Colo_rep10_Dep6_Tu3,0.000,0.568,0.000,1.221,2.472,0.000,0.628,0.307,0.156,2.387,31.590,1.645,59.026
Colo_rep1_Dep6_Tu30,0.000,0.746,0.000,31.364,1.638,0.000,1.121,1.477,1.011,4.256,18.237,2.608,37.542
Colo_rep1_Dep6_Tu0.1,0.000,0.516,0.000,0.000,1.654,0.000,0.649,0.184,0.186,2.525,33.386,0.836,60.064
Colo_rep7_Dep6_Tu5,0.000,0.881,0.015,3.484,0.466,0.000,1.989,0.652,0.252,10.085,23.703,0.520,57.953
Colo_rep7_Dep6_Tu0.1,0.000,0.264,0.022,0.000,2.977,0.000,0.260,0.525,0.148,1.703,32.090,0.175,61.835
Colo_rep6_Dep6_Tu40,0.000,0.446,0.045,40.657,2.395,0.000,0.810,3.601,1.453,5.702,13.416,0.391,31.085
Colo_rep8_Dep6_Tu2,0.000,0.068,0.019,0.892,17.037,0.000,0.741,0.044,0.259,8.134,13.871,3.067,55.867
Colo_rep7_Dep6_Tu0.5,0.000,2.716,0.000,0.000,0.439,0.000,1.167,0.197,4.347,2.419,25.389,0.165,63.162
Colo_rep5_Dep6_Tu20,0.000,0.761,0.000,19.311,11.471,0.000,2.434,0.781,4.619,11.355,3.644,2.434,43.188
Colo_rep8_Dep6_Tu0.3,0.000,0.390,0.000,0.000,2.071,0.000,0.695,0.364,0.097,2.668,33.114,1.699,58.900
Colo_rep4_Dep6_Tu5,0.000,0.314,0.012,3.826,14.110,0.000,1.115,0.596,4.130,10.260,7.287,0.278,58.073
Colo_rep9_Dep6_Tu1,0.000,0.280,0.013,0.301,2.129,0.000,0.518,0.000,0.569,3.526,33.062,0.656,58.945
Colo_rep1_Dep6_Tu0.5,0.000,2.375,0.022,0.000,0.473,0.000,1.269,0.269,1.607,6.412,25.201,0.360,62.011
Colo_rep8_Dep6_Tu3,0.000,0.207,0.000,1.062,19.852,0.000,0.368,0.198,0.458,1.824,13.749,0.738,61.543
Colo_rep5_Dep6_Tu0.3,0.000,0.238,0.022,0.564,14.356,0.000,0.922,0.327,4.680,9.785,8.421,0.186,60.499
Colo_rep2_Dep6_Tu30,0.000,0.609,0.000,29.752,1.423,0.000,1.177,2.326,0.000,3.686,19.583,3.982,37.461
Colo_rep7_Dep6_Tu10,0.000,0.195,0.012,9.389,2.685,0.000,0.215,0.763,0.279,1.790,28.591,0.173,55.908
Colo_rep2_Dep6_Tu40,0.000,0.732,0.000,39.988,7.107,0.000,2.254,2.228,2.811,10.893,1.409,2.865,29.713
Colo_rep3_Dep6_Tu0.1,0.000,0.112,0.031,0.000,17.566,0.000,0.637,0.334,0.246,6.676,14.717,1.893,57.786
Colo_rep3_Dep6_Tu1,0.000,0.027,0.029,0.369,17.278,0.000,0.624,0.000,0.410,7.313,14.471,1.871,57.608
Colo_rep8_Dep6_Tu1,0.000,0.064,0.000,0.341,18.317,0.000,0.805,0.000,0.705,4.946,14.359,0.890,59.573
Colo_rep4_Dep6_Tu1,0.000,0.390,0.000,0.707,14.820,0.000,0.758,0.000,8.167,8.493,6.979,0.173,59.512
Colo_rep5_Dep6_Tu40,0.000,0.457,0.073,42.105,6.496,0.000,2.741,3.316,1.108,6.743,2.668,3.450,30.843
Colo_rep5_Dep6_Tu10,0.000,0.221,0.000,8.136,16.444,0.000,0.381,0.414,0.248,6.944,12.317,2.305,52.589
Colo_rep2_Dep6_Tu0.3,0.000,0.314,0.011,0.000,19.820,0.000,0.353,0.164,0.290,1.993,14.214,0.562,62.278
Colo_rep10_Dep6_Tu30,0.000,0.494,0.044,31.661,2.017,0.014,0.873,2.551,0.486,3.114,17.889,1.239,39.618
Colo_rep1_Dep6_Tu40,0.000,0.338,0.000,39.872,11.829,0.000,0.959,3.296,1.654,3.763,3.458,1.625,33.206
Colo_rep6_Dep6_Tu0.1,0.000,1.569,0.000,0.068,0.310,0.000,1.841,0.080,3.383,4.604,25.162,0.283,62.700
Colo_rep7_Dep6_Tu40,0.000,0.262,0.000,40.562,10.091,0.016,1.910,2.582,0.392,7.724,3.631,4.064,28.766
Colo_rep1_Dep6_Tu50,0.000,0.370,0.012,49.435,8.303,0.033,1.408,4.867,1.472,6.973,1.500,2.066,23.561
Colo_rep1_Dep6_Tu0.3,0.000,1.036,0.023,0.426,0.293,0.000,2.165,0.264,1.220,11.025,24.483,0.591,58.472
Colo_rep9_Dep6_Tu20,0.000,2.330,0.000,20.046,0.456,0.000,1.306,0.902,1.361,6.643,17.684,0.828,48.443
Colo_rep4_Dep6_Tu10,0.000,0.656,0.000,9.564,3.390,0.000,0.381,0.368,0.306,3.535,26.886,0.186,54.728
Colo_rep6_Dep6_Tu5,0.000,2.011,0.000,3.359,0.284,0.000,1.484,0.306,2.190,4.195,24.073,0.226,61.871
Colo_rep9_Dep6_Tu5,0.000,0.589,0.056,3.249,10.808,0.000,1.075,0.490,0.655,8.789,14.525,0.192,59.571
Colo_rep3_Dep6_Tu50,0.000,0.830,0.000,51.272,0.881,0.017,2.791,3.126,0.265,7.400,5.715,2.136,25.568
Colo_rep5_Dep6_Tu1,0.000,0.605,0.049,0.516,11.070,0.000,0.974,0.264,0.638,8.454,15.360,0.193,61.876
Colo_rep5_Dep6_Tu3,0.000,0.463,0.000,1.713,3.062,0.000,0.159,0.471,0.025,1.924,31.028,0.319,60.836
Colo_rep2_Dep6_Tu1,0.000,0.569,0.021,0.417,6.076,0.000,0.802,0.311,0.662,4.649,24.543,0.635,61.315
Colo_rep7_Dep6_Tu1,0.000,0.199,0.027,0.357,2.743,0.000,0.524,0.202,0.317,2.268,31.592,0.452,61.320
Colo_rep5_Dep6_Tu2,0.000,0.832,0.024,1.607,15.111,0.000,1.553,0.203,1.817,9.155,7.336,0.463,61.898
Colo_rep4_Dep6_Tu40,0.000,0.541,0.008,41.008,2.231,0.000,1.106,3.794,0.719,4.608,13.159,0.818,32.008
Colo_rep2_Dep6_Tu20,0.000,2.268,0.000,20.502,0.375,0.000,1.700,0.892,1.610,5.995,17.198,1.018,48.442
Colo_rep4_Dep6_Tu0.5,0.000,0.395,0.000,0.413,14.750,0.000,1.302,0.143,5.914,9.163,7.717,0.152,60.050
Colo_rep2_Dep6_Tu5,0.000,0.291,0.000,2.489,19.546,0.000,0.287,0.329,0.258,1.837,13.440,0.634,60.889
Colo_rep2_Dep6_Tu3,0.000,0.550,0.010,1.881,6.679,0.000,0.973,0.174,0.568,5.476,23.591,0.526,59.572
Colo_rep3_Dep6_Tu10,0.000,0.750,0.000,8.861,0.330,0.000,3.367,0.711,0.658,9.093,20.970,0.444,54.817
Colo_rep8_Dep6_Tu0.5,0.000,3.075,0.000,0.064,0.383,0.000,0.906,0.218,1.639,4.432,25.079,0.496,63.708
Colo_rep7_Dep6_Tu3,0.000,0.538,0.011,2.196,14.667,0.000,1.026,0.210,6.762,8.551,6.872,0.181,58.984
Colo_rep3_Dep6_Tu0.5,0.000,0.156,0.031,0.192,18.147,0.000,0.674,0.234,0.468,6.414,14.696,0.931,58.057
Colo_rep3_Dep6_Tu20,0.000,0.668,0.008,19.601,1.646,0.000,0.997,1.255,0.026,3.349,24.017,3.496,44.938
Colo_rep1_Dep6_Tu2,0.000,0.368,0.000,0.655,2.064,0.000,0.437,0.029,0.669,3.162,33.005,0.916,58.694
Colo_rep9_Dep6_Tu50,0.000,0.657,0.000,50.898,2.463,0.006,0.981,3.872,0.065,4.536,8.919,1.416,26.188
Colo_rep3_Dep6_Tu0.3,0.000,3.056,0.000,0.000,0.366,0.000,0.888,0.208,1.661,4.397,25.134,0.513,63.776
Colo_rep1_Dep6_Tu3,0.000,1.467,0.000,1.200,0.393,0.000,1.792,0.162,1.397,10.085,24.332,0.523,58.650
Br62_rep5_Dep6_Tu0.5,0.089,0.367,0.000,0.000,2.611,0.000,0.413,0.232,0.204,2.312,32.135,0.388,61.248
Br62_rep5_Dep6_Tu3,1.771,0.673,0.021,0.000,2.903,0.015,0.198,0.464,0.028,1.886,31.108,0.317,60.617
Br62_rep6_Dep6_Tu30,34.742,1.061,0.293,0.000,9.051,1.077,0.722,1.392,3.905,6.633,2.701,0.146,38.277
Br62_rep7_Dep6_Tu20,22.950,0.614,0.246,0.000,1.582,0.255,0.218,1.028,0.093,1.464,24.486,0.204,46.860
Br62_rep2_Dep6_Tu40,43.805,2.786,0.205,0.000,7.206,2.233,0.791,1.219,0.000,9.043,1.179,1.714,29.818
Br62_rep8_Dep6_Tu0.5,0.030,3.039,0.000,0.000,0.372,0.000,0.910,0.219,1.700,4.373,25.111,0.522,63.722
Br62_rep5_Dep6_Tu2,0.825,0.972,0.025,0.000,14.919,0.000,1.420,0.256,2.247,8.974,7.749,0.422,62.190
Br62_rep4_Dep6_Tu50,54.914,1.956,0.610,0.000,5.427,3.077,2.571,2.067,0.000,3.359,0.941,1.204,23.873
Br62_rep8_Dep6_Tu40,45.348,1.326,0.870,0.000,0.682,1.956,0.109,1.629,0.000,0.814,15.837,0.278,31.150
Br62_rep7_Dep6_Tu2,0.942,2.479,0.019,0.000,0.284,0.000,1.312,0.235,1.429,4.496,24.955,0.249,63.599
Br62_rep9_Dep6_Tu40,45.523,0.648,0.836,0.000,9.893,1.787,0.466,0.705,0.000,2.979,4.565,2.498,30.100
Br62_rep10_Dep6_Tu2,0.788,0.502,0.022,0.000,2.763,0.000,0.981,0.650,0.077,2.894,31.457,0.804,59.061
Br62_rep6_Dep6_Tu10,8.482,0.460,0.040,0.000,16.536,0.132,0.583,0.068,0.847,3.702,12.917,2.058,54.175
Br62_rep2_Dep6_Tu2,0.885,1.663,0.020,0.000,0.539,0.000,1.588,0.018,3.320,5.077,24.344,0.341,62.206
Br62_rep9_Dep6_Tu5,3.010,0.731,0.095,0.000,10.923,0.010,1.079,0.290,0.524,8.555,14.719,0.207,59.856
Br62_rep6_Dep6_Tu40,44.801,1.992,0.553,0.000,0.639,1.509,0.015,0.902,0.000,1.841,15.254,0.230,32.264
Br62_rep4_Dep6_Tu20,25.579,1.677,0.137,0.000,8.386,0.406,0.901,0.115,4.009,4.098,9.136,1.880,43.677
Br62_rep9_Dep6_Tu1,0.213,0.407,0.017,0.000,2.208,0.000,0.467,0.011,0.636,3.575,32.958,0.648,58.860
Br62_rep1_Dep6_Tu0.3,0.000,1.053,0.018,0.325,0.310,0.000,2.203,0.297,1.179,11.045,24.473,0.616,58.482
Br62_rep3_Dep6_Tu5,3.179,0.752,0.000,0.000,6.255,0.015,0.625,0.189,0.603,2.823,24.751,0.505,60.302
Br62_rep9_Dep6_Tu50,54.842,2.032,1.816,0.000,0.686,2.626,0.280,1.041,0.000,0.925,11.193,0.410,24.149
Br62_rep5_Dep6_Tu30,35.134,2.924,0.221,0.000,0.205,1.262,2.292,0.888,0.000,4.287,13.517,0.730,38.538
Br62_rep9_Dep6_Tu0.5,0.000,0.331,0.037,0.000,2.674,0.000,0.245,0.550,0.184,1.836,32.333,0.186,61.623
Br62_rep1_Dep6_Tu20,23.803,1.696,0.093,0.000,11.550,0.810,1.458,0.435,1.134,7.393,3.230,0.638,47.761
Br62_rep4_Dep6_Tu2,0.340,0.193,0.000,0.000,17.086,0.000,0.470,0.111,2.110,4.670,15.540,0.778,58.703
Br62_rep8_Dep6_Tu3,1.275,0.344,0.009,0.000,19.765,0.000,0.323,0.091,0.565,1.824,13.697,0.707,61.399
Br62_rep2_Dep6_Tu5,3.003,0.302,0.036,0.000,19.476,0.019,0.276,0.393,0.139,1.691,13.486,0.567,60.614
Br62_rep2_Dep6_Tu1,0.269,0.673,0.038,0.000,6.213,0.000,0.798,0.262,0.662,4.632,24.394,0.630,61.428
Br62_rep8_Dep6_Tu1,0.121,0.091,0.000,0.000,18.263,0.000,0.806,0.003,0.819,4.944,14.496,0.788,59.670
Br62_rep10_Dep6_Tu0.1,0.000,0.593,0.009,0.000,14.312,0.000,2.034,0.096,5.804,10.170,8.119,1.455,57.407
Br62_rep3_Dep6_Tu40,43.186,0.906,0.415,0.000,9.775,2.681,0.556,1.949,0.000,3.445,4.707,2.523,29.856
Br62_rep8_Dep6_Tu0.3,0.000,0.393,0.019,0.000,2.040,0.000,0.681,0.433,0.059,2.652,33.104,1.726,58.893
Br62_rep4_Dep6_Tu0.5,0.019,0.503,0.000,0.284,14.726,0.000,1.285,0.112,5.908,9.130,7.832,0.146,60.055
Br62_rep6_Dep6_Tu50,53.918,2.542,0.789,0.000,5.248,3.146,1.330,1.428,0.000,4.551,1.158,0.496,25.395
Br62_rep7_Dep6_Tu0.1,0.000,0.275,0.019,0.000,2.956,0.000,0.264,0.494,0.180,1.670,32.105,0.181,61.855
Br62_rep9_Dep6_Tu30,33.710,0.539,0.531,0.000,11.723,0.798,0.622,0.379,0.000,6.445,6.933,3.523,34.796
Br62_rep6_Dep6_Tu20,20.433,3.450,0.026,0.000,0.129,0.196,0.902,0.488,5.565,1.533,18.419,0.125,48.733
Br62_rep5_Dep6_Tu5,4.043,0.446,0.023,0.000,14.573,0.015,0.901,0.438,6.990,7.925,6.391,0.135,58.119
Br62_rep4_Dep6_Tu40,45.160,1.479,0.664,0.000,0.989,1.754,0.503,1.233,0.000,1.918,14.646,0.282,31.373
Br62_rep8_Dep6_Tu0.1,0.000,0.358,0.019,0.000,14.274,0.000,3.322,0.448,1.733,8.072,10.018,1.711,60.044
Br62_rep1_Dep6_Tu40,43.821,1.411,0.389,0.000,12.023,2.624,0.492,1.517,0.000,1.058,3.496,0.872,32.296
Br62_rep3_Dep6_Tu30,35.048,2.129,0.518,0.000,1.076,1.128,0.393,0.483,0.000,1.914,18.599,0.563,38.146
Br62_rep7_Dep6_Tu0.5,0.000,2.715,0.000,0.000,0.388,0.000,1.167,0.175,4.480,2.355,25.396,0.179,63.144
Br62_rep1_Dep6_Tu10,8.460,0.734,0.035,0.000,13.524,0.140,0.865,0.371,8.565,7.696,5.367,0.154,54.089
Br62_rep10_Dep6_Tu20,20.798,1.422,0.021,0.000,11.373,0.534,2.418,0.810,3.794,6.778,4.802,2.511,44.738
Br62_rep1_Dep6_Tu5,2.949,2.752,0.018,0.000,0.355,0.010,0.978,0.296,3.774,3.330,24.216,0.164,61.159
Br62_rep3_Dep6_Tu50,54.089,3.538,0.944,0.000,0.248,3.510,1.558,0.974,0.000,2.913,6.554,0.981,24.693
Br62_rep1_Dep6_Tu3,0.948,1.690,0.008,0.000,0.430,0.024,1.763,0.105,1.276,10.142,24.371,0.571,58.671
Br62_rep7_Dep6_Tu30,33.824,1.522,0.798,0.000,0.883,1.119,0.223,0.913,0.000,1.349,20.050,0.426,38.894
Br62_rep6_Dep6_Tu1,0.004,0.741,0.000,0.000,6.028,0.000,0.540,0.253,0.308,4.065,25.353,0.350,62.359
Br62_rep1_Dep6_Tu0.5,0.000,2.348,0.025,0.000,0.453,0.000,1.251,0.301,1.723,6.345,25.182,0.359,62.014
Br62_rep1_Dep6_Tu0.1,0.000,0.531,0.000,0.000,1.642,0.000,0.641,0.192,0.201,2.523,33.371,0.851,60.048
Br62_rep9_Dep6_Tu3,0.845,0.274,0.045,0.000,18.098,0.011,0.467,0.364,0.302,5.694,14.446,1.480,57.974
Br62_rep5_Dep6_Tu40,45.434,1.948,0.967,0.000,5.077,1.851,1.860,1.560,0.647,2.734,4.862,2.213,30.847
Br62_rep10_Dep6_Tu3,1.487,0.735,0.032,0.000,2.380,0.000,0.490,0.334,0.121,2.325,31.679,1.502,58.916
Br62_rep2_Dep6_Tu0.3,0.030,0.299,0.019,0.000,19.800,0.000,0.334,0.185,0.269,1.910,14.252,0.582,62.320
Br62_rep10_Dep6_Tu40,43.409,1.803,0.421,0.000,0.663,2.234,0.450,0.610,0.000,2.004,16.856,1.295,30.255
Br62_rep3_Dep6_Tu2,0.563,1.088,0.032,0.274,0.456,0.000,2.077,0.132,2.998,9.071,24.165,0.502,58.641
Br62_rep5_Dep6_Tu1,0.190,0.665,0.049,0.000,11.170,0.000,0.983,0.232,0.661,8.380,15.431,0.190,62.050
Br62_rep4_Dep6_Tu1,0.108,0.538,0.006,0.396,14.712,0.000,0.856,0.000,8.127,8.377,7.137,0.182,59.560
Br62_rep10_Dep6_Tu0.5,0.000,0.488,0.013,0.312,14.874,0.000,0.802,0.067,8.166,8.451,7.080,0.147,59.601
Br62_rep5_Dep6_Tu20,21.263,1.688,0.095,0.000,11.252,0.415,1.524,0.259,4.816,9.888,3.702,1.836,43.263
Br62_rep6_Dep6_Tu0.3,0.000,0.174,0.025,0.000,18.175,0.000,0.679,0.250,0.422,6.474,14.724,0.941,58.134
Br62_rep9_Dep6_Tu0.3,0.000,0.402,0.018,0.000,2.055,0.000,0.696,0.375,0.091,2.659,33.102,1.723,58.879
Br62_rep2_Dep6_Tu20,22.511,4.876,0.076,0.000,0.178,0.273,1.096,0.495,0.000,4.136,17.071,0.711,48.578
Br62_rep6_Dep6_Tu0.5,0.085,0.611,0.028,0.000,14.048,0.000,1.927,0.026,8.043,9.078,8.065,0.935,57.154
Br62_rep8_Dep6_Tu10,9.492,0.810,0.000,0.000,12.814,0.075,2.293,0.410,4.040,7.612,7.101,3.097,52.257
Br62_rep2_Dep6_Tu0.1,0.000,0.187,0.020,0.000,18.296,0.000,0.361,0.099,1.610,3.214,15.083,0.855,60.274
Br62_rep5_Dep6_Tu10,9.014,0.173,0.063,0.000,16.545,0.119,0.259,0.436,0.205,5.779,12.527,1.809,53.071
Br62_rep10_Dep6_Tu10,11.268,0.837,0.058,0.000,12.996,0.076,3.392,0.805,0.578,7.178,7.267,2.034,53.511
Br62_rep4_Dep6_Tu10,9.703,0.962,0.031,0.000,2.695,0.080,0.256,0.228,0.257,3.038,27.902,0.115,54.731
Br62_rep3_Dep6_Tu0.1,0.000,0.112,0.039,0.000,17.550,0.000,0.665,0.311,0.278,6.711,14.668,1.966,57.701
Br62_rep2_Dep6_Tu50,55.591,1.675,1.746,0.000,0.673,2.536,0.363,0.484,0.000,1.104,11.046,0.428,24.355
Br62_rep9_Dep6_Tu10,8.104,0.021,0.060,0.000,16.139,0.238,0.974,0.562,0.000,6.914,11.748,3.825,51.415
Br62_rep5_Dep6_Tu0.3,0.000,0.305,0.024,0.462,14.339,0.000,0.909,0.339,4.673,9.816,8.437,0.173,60.524
Br62_rep8_Dep6_Tu50,55.072,1.561,0.858,0.000,5.190,3.335,1.085,1.958,0.786,4.597,0.738,0.752,24.067
Br62_rep4_Dep6_Tu0.3,0.000,0.487,0.000,0.000,6.433,0.000,0.553,0.038,0.888,4.630,24.993,0.538,61.441
Br62_rep7_Dep6_Tu1,0.064,0.262,0.040,0.000,2.724,0.000,0.528,0.215,0.401,2.226,31.681,0.452,61.407
Br62_rep3_Dep6_Tu0.5,0.000,0.175,0.024,0.000,18.162,0.000,0.653,0.290,0.434,6.464,14.734,0.918,58.146
Br62_rep7_Dep6_Tu40,44.320,0.713,0.895,0.000,10.234,1.626,0.502,1.406,0.000,4.308,4.416,2.657,28.923
Br62_rep2_Dep6_Tu3,1.643,0.864,0.026,0.000,6.660,0.000,0.989,0.331,0.569,5.437,23.563,0.483,59.436
Br62_rep2_Dep6_Tu0.5,0.000,0.653,0.025,0.000,2.250,0.000,0.601,0.160,0.137,2.478,32.325,1.602,59.768
Br62_rep1_Dep6_Tu50,54.457,0.756,0.811,0.000,7.289,2.590,0.717,3.401,0.000,2.685,3.329,0.440,23.526
Br62_rep3_Dep6_Tu3,1.613,1.028,0.000,0.000,5.911,0.000,1.068,0.365,1.143,3.532,24.614,1.768,58.958
Br62_rep7_Dep6_Tu3,1.632,0.580,0.000,0.617,14.827,0.026,0.999,0.124,6.711,8.361,6.814,0.151,59.157
Br62_rep3_Dep6_Tu0.3,0.000,3.023,0.010,0.000,0.374,0.000,0.905,0.218,1.653,4.411,25.127,0.514,63.765
Br62_rep8_Dep6_Tu30,32.223,1.278,0.365,0.000,0.821,0.835,0.646,0.434,0.000,2.441,21.830,0.840,38.287
Br62_rep4_Dep6_Tu30,33.474,1.701,0.496,0.000,0.998,1.130,0.863,0.373,0.082,1.348,20.124,1.738,37.673
Br62_rep6_Dep6_Tu3,1.411,2.192,0.000,0.000,0.531,0.022,1.921,0.152,3.154,3.942,24.401,0.243,62.032
Br62_rep4_Dep6_Tu0.1,0.055,0.934,0.029,0.000,0.332,0.000,2.248,0.475,0.419,8.718,24.699,0.507,61.583
Br62_rep8_Dep6_Tu5,4.127,0.741,0.022,0.000,14.124,0.018,1.021,0.338,4.616,7.301,7.562,0.599,59.532
Br62_rep10_Dep6_Tu50,55.157,3.323,0.684,0.000,4.977,3.612,1.865,0.000,0.000,4.999,1.184,1.259,22.941
Br62_rep10_Dep6_Tu0.3,0.000,0.436,0.023,0.000,15.131,0.000,1.302,0.282,1.274,9.147,9.048,0.408,62.948
Br62_rep3_Dep6_Tu20,21.275,1.246,0.274,0.000,0.891,0.182,0.552,0.736,0.000,2.077,25.635,1.909,45.222
Br62_rep1_Dep6_Tu1,0.133,0.554,0.009,0.000,13.865,0.000,2.085,0.082,8.190,9.308,8.208,1.194,56.372
Br62_rep3_Dep6_Tu1,0.075,0.089,0.034,0.000,17.421,0.000,0.611,0.000,0.497,7.306,14.467,1.720,57.780
Br62_rep9_Dep6_Tu2,0.547,0.548,0.013,0.282,3.213,0.000,0.352,0.526,0.239,2.685,30.430,0.205,60.960
Br62_rep7_Dep6_Tu50,55.448,4.589,0.636,0.000,0.265,2.870,0.617,1.910,0.000,2.091,6.526,0.141,24.906
Br62_rep7_Dep6_Tu5,3.711,1.112,0.077,0.000,0.432,0.046,1.549,0.696,0.511,9.729,23.671,0.485,57.982
Br62_rep8_Dep6_Tu2,0.630,0.099,0.015,0.000,17.005,0.024,0.717,0.120,0.308,7.962,14.090,2.945,56.084
Br62_rep5_Dep6_Tu0.1,0.000,0.341,0.000,0.000,1.901,0.000,0.499,0.339,0.188,3.355,33.305,0.691,59.381
Br62_rep6_Dep6_Tu5,3.013,2.774,0.016,0.000,0.280,0.003,1.293,0.287,1.632,4.104,24.237,0.272,62.090
Br62_rep9_Dep6_Tu20,22.065,4.020,0.066,0.000,0.212,0.299,0.969,0.367,0.636,4.191,17.737,0.473,48.965
Br62_rep2_Dep6_Tu30,32.972,1.260,0.311,0.000,0.543,1.276,0.338,0.422,0.000,1.444,21.061,3.109,37.266
Br62_rep7_Dep6_Tu10,9.144,0.631,0.209,0.000,2.245,0.078,0.182,0.954,0.019,1.361,29.299,0.166,55.713
Br62_rep6_Dep6_Tu0.1,0.000,1.539,0.000,0.020,0.324,0.000,1.867,0.064,3.588,4.540,25.150,0.271,62.637
Br62_rep5_Dep6_Tu50,54.700,3.798,0.648,0.000,0.418,3.209,0.000,0.000,0.000,1.585,11.387,1.449,22.806
Br62_rep10_Dep6_Tu1,0.037,0.640,0.028,0.000,14.316,0.000,1.835,0.122,4.066,10.026,8.908,0.729,59.293
Br62_rep1_Dep6_Tu30,34.472,1.503,0.194,0.000,0.845,1.157,0.551,0.669,0.000,2.105,19.856,1.263,37.382
Br62_rep7_Dep6_Tu0.3,0.000,0.675,0.000,0.000,3.097,0.000,0.302,0.070,0.415,2.723,31.318,0.182,61.218
Br62_rep2_Dep6_Tu10,10.256,0.450,0.065,0.000,2.452,0.082,0.947,0.608,0.198,2.566,28.497,0.531,53.349
Br62_rep9_Dep6_Tu0.1,0.000,0.578,0.017,0.000,14.405,0.000,1.580,0.115,4.605,9.911,8.807,0.655,59.325
Br62_rep3_Dep6_Tu10,10.227,1.048,0.077,0.000,0.247,0.119,2.916,0.773,0.393,8.437,20.964,0.437,54.361
Br62_rep4_Dep6_Tu5,4.281,0.611,0.033,0.000,14.284,0.040,0.818,0.629,4.059,9.911,7.256,0.228,57.851
Br62_rep8_Dep6_Tu20,20.667,0.879,0.112,0.000,14.092,0.640,0.492,0.516,0.779,4.203,10.865,1.786,44.968
Br62_rep1_Dep6_Tu2,0.689,0.497,0.000,0.000,2.016,0.000,0.431,0.000,0.775,3.083,32.966,0.951,58.591
Br62_rep10_Dep6_Tu5,3.223,0.357,0.000,0.000,17.122,0.000,0.435,0.249,2.390,3.061,14.792,0.927,57.444
Br62_rep10_Dep6_Tu30,33.611,1.117,0.430,0.000,1.002,0.906,0.441,1.229,0.000,1.201,20.116,0.517,39.433
Br62_rep6_Dep6_Tu2,0.824,0.535,0.035,0.000,15.014,0.000,1.362,0.397,1.253,9.110,8.771,0.391,62.307
Br62_rep4_Dep6_Tu3,1.995,0.268,0.053,0.000,18.441,0.000,0.369,0.590,0.283,2.920,14.335,0.930,59.817
Br66_rep4_Dep6_Tu50,63.112,1.765,0.092,0.000,0.000,2.481,2.593,0.000,0.000,4.329,1.672,1.641,22.314
Br66_rep3_Dep6_Tu0.5,0.000,0.192,0.034,0.000,18.171,0.000,0.686,0.240,0.465,6.446,14.748,0.882,58.135
Br66_rep2_Dep6_Tu3,1.279,0.896,0.017,0.000,6.307,0.000,0.935,0.264,0.482,5.704,24.042,0.470,59.602
Br66_rep6_Dep6_Tu40,44.557,2.726,0.139,0.000,0.973,0.942,0.000,0.000,0.000,3.026,15.651,0.271,31.714
Br66_rep9_Dep6_Tu0.1,0.000,0.644,0.019,0.000,14.384,0.000,1.549,0.105,4.470,9.947,8.830,0.655,59.398
Br66_rep9_Dep6_Tu5,2.990,0.875,0.045,0.000,10.674,0.000,1.138,0.297,0.656,8.621,14.907,0.192,59.604
Br66_rep10_Dep6_Tu1,0.261,0.257,0.007,0.000,19.873,0.000,0.347,0.025,0.554,1.926,14.043,0.672,62.036
Br66_rep6_Dep6_Tu20,21.130,4.993,0.048,0.000,0.125,0.133,0.945,0.145,2.513,2.029,18.224,0.232,49.482
Br66_rep10_Dep6_Tu30,33.491,3.834,0.119,0.000,0.341,0.476,0.810,0.000,1.693,4.436,14.557,0.358,39.884
Br66_rep10_Dep6_Tu5,3.940,2.278,0.031,0.000,0.523,0.019,1.939,0.203,1.320,5.159,23.648,0.658,60.281
Br66_rep7_Dep6_Tu1,0.037,0.322,0.028,0.000,2.707,0.000,0.490,0.205,0.357,2.272,31.713,0.413,61.455
Br66_rep6_Dep6_Tu0.3,0.000,0.162,0.039,0.000,18.168,0.000,0.685,0.230,0.494,6.434,14.758,0.888,58.142
Br66_rep1_Dep6_Tu30,34.523,1.391,0.044,0.000,0.726,0.462,0.584,0.214,0.000,2.084,20.756,1.123,38.092
Br66_rep3_Dep6_Tu1,0.093,0.059,0.027,0.000,17.332,0.000,0.599,0.000,0.452,7.305,14.546,1.858,57.729
Br66_rep3_Dep6_Tu30,33.347,2.348,0.043,0.000,1.390,0.486,0.230,0.000,0.242,3.045,19.396,0.322,39.151
Br66_rep9_Dep6_Tu1,0.223,0.391,0.018,0.000,2.139,0.000,0.448,0.030,0.630,3.530,33.038,0.651,58.903
Br66_rep9_Dep6_Tu40,43.422,0.662,0.052,0.000,10.870,1.101,0.126,0.000,0.000,4.920,4.779,2.898,31.170
Br66_rep5_Dep6_Tu1,0.196,0.675,0.058,0.000,11.252,0.000,0.983,0.229,0.630,8.380,15.360,0.168,62.068
Br66_rep2_Dep6_Tu5,2.255,0.260,0.036,0.000,19.739,0.000,0.363,0.135,0.360,1.821,13.477,0.625,60.928
Br66_rep5_Dep6_Tu30,34.964,3.193,0.000,0.000,0.135,0.549,2.083,0.150,0.000,4.973,14.116,0.461,39.375
Br66_rep7_Dep6_Tu50,58.632,4.755,0.079,0.000,0.082,1.699,0.524,0.000,0.000,3.638,6.318,0.236,24.037
Br66_rep4_Dep6_Tu40,45.305,1.007,0.165,0.000,0.980,1.935,0.523,0.035,0.000,2.856,15.205,0.158,31.832
Br66_rep8_Dep6_Tu5,3.678,0.799,0.000,0.000,14.210,0.000,1.082,0.301,4.608,7.421,7.607,0.626,59.666
Br66_rep9_Dep6_Tu2,0.584,0.486,0.006,0.066,3.435,0.000,0.275,0.379,0.217,2.745,30.390,0.189,61.228
Br66_rep6_Dep6_Tu30,34.128,1.058,0.077,0.000,9.348,0.543,0.696,0.800,3.311,8.484,2.429,0.208,38.918
Br66_rep4_Dep6_Tu0.1,0.058,0.928,0.028,0.000,0.325,0.000,2.307,0.463,0.392,8.777,24.671,0.490,61.560
Br66_rep5_Dep6_Tu10,8.427,0.252,0.072,0.000,16.639,0.074,0.319,0.404,0.033,6.550,12.550,1.521,53.158
Br66_rep3_Dep6_Tu40,44.484,0.729,0.192,0.000,10.420,1.858,0.176,0.000,0.000,5.414,4.888,1.686,30.153
Br66_rep9_Dep6_Tu0.5,0.000,0.273,0.066,0.006,2.678,0.000,0.245,0.504,0.192,1.815,32.354,0.186,61.681
Br66_rep8_Dep6_Tu2,0.561,0.096,0.028,0.000,17.054,0.011,0.701,0.092,0.239,8.072,14.126,2.921,56.100
Br66_rep10_Dep6_Tu2,0.584,1.055,0.074,0.000,6.284,0.000,1.172,0.273,0.707,5.982,21.441,0.971,61.456
Br66_rep6_Dep6_Tu0.1,0.000,1.558,0.000,0.030,0.302,0.000,1.810,0.085,3.311,4.628,25.201,0.289,62.786
Br66_rep5_Dep6_Tu0.5,0.065,0.361,0.000,0.000,2.593,0.000,0.386,0.210,0.216,2.279,32.190,0.383,61.316
Br66_rep2_Dep6_Tu20,20.455,5.242,0.021,0.000,0.080,0.142,0.595,0.126,0.984,4.964,17.627,0.574,49.191
Br66_rep4_Dep6_Tu0.5,0.000,0.460,0.002,0.292,14.775,0.000,1.255,0.122,5.929,9.163,7.748,0.137,60.116
Br66_rep4_Dep6_Tu5,3.711,0.463,0.031,0.000,14.354,0.026,0.883,0.590,4.133,10.139,7.342,0.224,58.104
Br66_rep8_Dep6_Tu0.5,0.049,3.070,0.010,0.000,0.388,0.000,0.949,0.252,1.544,4.363,25.067,0.519,63.789
Br66_rep5_Dep6_Tu20,21.177,2.051,0.035,0.000,11.044,0.112,1.628,0.117,3.706,10.696,4.059,1.506,43.869
Br66_rep1_Dep6_Tu3,0.886,1.667,0.000,0.000,0.412,0.017,1.913,0.137,1.136,10.170,24.308,0.488,58.866
Br66_rep10_Dep6_Tu10,10.386,2.094,0.028,0.000,3.930,0.047,1.899,0.235,0.562,6.419,19.270,0.766,54.365
Br66_rep3_Dep6_Tu10,9.004,0.928,0.025,0.000,0.275,0.039,2.441,0.728,0.282,8.344,21.544,0.520,55.871
Br66_rep10_Dep6_Tu40,42.400,1.839,0.102,0.000,7.650,1.433,1.799,0.104,4.743,7.209,1.438,1.630,29.654
Br66_rep1_Dep6_Tu50,56.091,0.933,0.117,0.000,8.647,2.865,0.567,0.000,0.000,4.935,2.382,0.726,22.737
Br66_rep10_Dep6_Tu0.5,0.000,0.378,0.011,0.000,10.451,0.000,1.201,0.374,0.125,6.619,19.619,0.636,60.585
Br66_rep1_Dep6_Tu0.3,0.000,1.066,0.019,0.325,0.293,0.000,2.216,0.261,1.256,11.085,24.499,0.569,58.412
Br66_rep10_Dep6_Tu0.1,0.000,1.043,0.022,0.000,2.519,0.000,1.367,0.398,0.774,7.273,24.349,0.585,61.671
Br66_rep8_Dep6_Tu40,45.061,1.207,0.264,0.000,0.729,1.259,0.257,0.000,0.000,1.589,16.952,0.229,32.453
Br66_rep3_Dep6_Tu20,20.798,1.063,0.078,0.000,0.756,0.071,0.533,0.265,0.000,2.603,26.179,1.744,45.912
Br66_rep9_Dep6_Tu0.3,0.000,0.424,0.019,0.000,2.086,0.000,0.697,0.324,0.096,2.644,33.097,1.705,58.909
Br66_rep7_Dep6_Tu0.3,0.000,0.664,0.000,0.000,3.089,0.000,0.306,0.013,0.417,2.702,31.374,0.180,61.255
Br66_rep5_Dep6_Tu2,0.840,0.976,0.040,0.000,15.170,0.000,1.531,0.146,2.136,8.983,7.521,0.366,62.290
Br66_rep5_Dep6_Tu0.3,0.000,0.304,0.026,0.465,14.380,0.000,0.918,0.324,4.657,9.801,8.419,0.170,60.536
Br66_rep6_Dep6_Tu5,3.251,2.783,0.020,0.000,0.279,0.000,1.258,0.104,1.797,4.098,24.123,0.241,62.046
Br66_rep5_Dep6_Tu3,1.211,0.589,0.047,0.000,3.048,0.000,0.181,0.448,0.065,1.902,31.209,0.314,60.986
Br66_rep1_Dep6_Tu5,2.556,2.866,0.016,0.000,0.332,0.000,0.973,0.237,3.538,3.429,24.420,0.146,61.486
Br66_rep6_Dep6_Tu10,8.060,0.422,0.016,0.000,16.865,0.043,0.544,0.000,0.718,4.415,12.972,1.378,54.566
Br66_rep3_Dep6_Tu5,3.593,0.662,0.000,0.000,6.309,0.000,0.740,0.374,0.376,3.003,24.482,0.495,59.965
Br66_rep1_Dep6_Tu1,0.175,0.491,0.009,0.000,13.990,0.000,2.116,0.061,8.188,9.352,8.105,1.079,56.434
Br66_rep4_Dep6_Tu30,32.691,1.585,0.074,0.000,0.883,0.377,0.717,0.000,0.000,1.914,21.344,1.600,38.814
Br66_rep8_Dep6_Tu20,20.065,0.707,0.023,0.000,14.320,0.283,0.425,0.647,0.274,4.816,11.267,1.286,45.887
Br66_rep4_Dep6_Tu10,9.004,1.117,0.040,0.000,3.004,0.061,0.258,0.050,0.155,3.246,27.915,0.106,55.044
Br66_rep2_Dep6_Tu1,0.227,0.682,0.000,0.000,6.157,0.000,0.766,0.232,0.792,4.633,24.485,0.579,61.446
Br66_rep6_Dep6_Tu2,0.818,0.524,0.030,0.000,14.983,0.000,1.258,0.374,1.201,9.142,8.890,0.418,62.363
Br66_rep6_Dep6_Tu0.5,0.117,0.593,0.033,0.000,14.148,0.000,1.955,0.008,8.059,9.107,7.944,0.932,57.104
Br66_rep5_Dep6_Tu0.1,0.000,0.330,0.003,0.000,1.895,0.000,0.480,0.310,0.186,3.382,33.342,0.663,59.408
Br66_rep2_Dep6_Tu2,0.917,1.826,0.000,0.000,0.546,0.000,1.648,0.059,2.824,5.330,24.296,0.318,62.236
Br66_rep10_Dep6_Tu50,56.301,4.093,0.159,0.000,0.179,2.124,0.460,0.000,0.000,3.062,7.324,0.593,25.705
Br66_rep7_Dep6_Tu3,1.356,0.400,0.015,0.671,14.810,0.005,1.035,0.149,6.851,8.447,6.883,0.160,59.218
Br66_rep7_Dep6_Tu10,9.397,0.572,0.055,0.000,2.330,0.033,0.262,0.479,0.113,1.276,29.408,0.138,55.938
Br66_rep2_Dep6_Tu0.5,0.000,0.636,0.030,0.000,2.257,0.000,0.604,0.150,0.127,2.387,32.415,1.562,59.832
Br66_rep5_Dep6_Tu50,55.846,3.823,0.136,0.000,0.225,2.084,0.204,0.000,0.000,2.171,11.937,0.838,22.735
Br66_rep9_Dep6_Tu20,21.620,4.692,0.024,0.000,0.191,0.200,0.637,0.061,0.814,4.778,18.020,0.464,48.498
Br66_rep8_Dep6_Tu3,1.051,0.282,0.000,0.000,19.829,0.000,0.359,0.031,0.505,1.917,13.789,0.697,61.539
Br66_rep9_Dep6_Tu10,7.472,0.077,0.065,0.000,16.393,0.083,0.922,0.272,0.000,7.378,11.741,3.706,51.891
Br66_rep7_Dep6_Tu2,0.853,2.539,0.014,0.000,0.257,0.000,1.354,0.155,1.435,4.443,25.113,0.238,63.599
Br66_rep6_Dep6_Tu3,0.971,2.085,0.000,0.063,0.503,0.000,1.911,0.082,3.209,4.127,24.475,0.229,62.345
Br66_rep1_Dep6_Tu0.5,0.000,2.358,0.038,0.000,0.500,0.000,1.258,0.333,1.576,6.298,25.159,0.403,62.078
Br66_rep2_Dep6_Tu40,43.725,3.267,0.044,0.000,7.618,1.207,1.096,0.097,0.000,9.211,1.300,1.795,30.640
Br66_rep1_Dep6_Tu2,0.567,0.466,0.000,0.000,2.085,0.000,0.435,0.000,0.643,3.166,33.006,0.941,58.691
Br66_rep8_Dep6_Tu1,0.112,0.083,0.010,0.000,18.351,0.000,0.807,0.000,0.744,4.967,14.381,0.845,59.699
Br66_rep4_Dep6_Tu3,1.677,0.197,0.048,0.000,18.504,0.000,0.419,0.500,0.222,2.972,14.383,1.040,60.038
Br66_rep7_Dep6_Tu40,43.787,0.662,0.273,0.000,10.751,1.096,0.780,0.000,0.000,6.057,4.854,2.070,29.671
Br66_rep7_Dep6_Tu0.5,0.000,2.779,0.000,0.000,0.380,0.000,1.166,0.173,4.428,2.357,25.408,0.169,63.140
Br66_rep2_Dep6_Tu30,32.330,1.448,0.052,0.000,0.496,0.944,0.510,0.151,0.000,1.758,21.733,2.843,37.734
Br66_rep2_Dep6_Tu0.1,0.000,0.178,0.024,0.000,18.312,0.000,0.340,0.083,1.584,3.157,15.069,0.929,60.324
Br66_rep7_Dep6_Tu0.1,0.000,0.278,0.027,0.000,2.962,0.000,0.257,0.511,0.155,1.691,32.103,0.179,61.837
Br66_rep1_Dep6_Tu40,43.630,0.779,0.032,0.000,12.568,2.019,0.356,0.000,0.000,1.687,4.052,0.936,33.940
Br66_rep7_Dep6_Tu5,3.273,0.929,0.050,0.000,0.355,0.000,1.826,0.613,0.235,10.184,23.940,0.400,58.194
Br66_rep4_Dep6_Tu1,0.277,0.474,0.000,0.329,14.716,0.000,0.828,0.000,8.143,8.431,7.082,0.184,59.538
Br66_rep8_Dep6_Tu0.1,0.000,0.383,0.021,0.000,14.274,0.000,3.287,0.460,1.663,8.093,10.027,1.685,60.107
Br66_rep4_Dep6_Tu2,0.500,0.165,0.000,0.000,17.086,0.000,0.515,0.054,2.003,4.613,15.540,0.827,58.698
Br66_rep1_Dep6_Tu0.1,0.000,0.520,0.000,0.000,1.614,0.000,0.645,0.186,0.185,2.538,33.424,0.826,60.061
Br66_rep2_Dep6_Tu10,9.540,0.456,0.033,0.000,2.503,0.015,1.003,0.408,0.216,2.658,28.784,0.706,53.678
Br66_rep4_Dep6_Tu20,24.250,2.136,0.019,0.000,8.758,0.104,0.875,0.225,1.766,5.199,9.346,2.546,44.776
Br66_rep4_Dep6_Tu0.3,0.000,0.474,0.000,0.046,6.473,0.000,0.545,0.023,0.819,4.738,24.945,0.544,61.393
Br66_rep10_Dep6_Tu3,1.625,0.426,0.000,0.000,11.578,0.000,0.883,0.252,1.210,5.006,18.704,0.451,59.865
Br66_rep1_Dep6_Tu20,23.613,1.593,0.054,0.000,12.009,0.181,0.956,0.000,1.612,8.086,3.254,0.437,48.206
Br66_rep6_Dep6_Tu1,0.002,0.734,0.011,0.000,5.726,0.000,0.556,0.224,0.287,4.259,25.599,0.330,62.272
Br66_rep6_Dep6_Tu50,55.202,2.045,0.267,0.000,5.943,2.437,0.389,0.000,0.000,6.561,0.760,0.310,26.085
Br66_rep9_Dep6_Tu3,0.807,0.256,0.030,0.000,18.260,0.000,0.497,0.262,0.386,5.783,14.371,1.292,58.056
Br66_rep3_Dep6_Tu50,56.094,4.997,0.193,0.000,0.064,2.597,1.142,0.000,0.000,4.063,6.283,0.427,24.140
Br66_rep8_Dep6_Tu30,32.022,1.204,0.067,0.000,0.598,0.444,0.577,0.000,0.000,2.934,22.447,1.167,38.541
Br66_rep7_Dep6_Tu20,21.731,0.412,0.054,0.000,1.520,0.091,0.191,0.636,0.081,1.359,25.468,0.222,48.235
Br66_rep3_Dep6_Tu2,0.670,1.279,0.026,0.284,0.333,0.000,1.948,0.081,2.727,9.068,24.240,0.495,58.849
Br66_rep8_Dep6_Tu50,56.658,1.650,0.193,0.000,5.824,2.426,0.779,0.160,0.000,6.650,0.604,0.548,24.508
Br66_rep3_Dep6_Tu3,1.370,0.818,0.011,0.000,6.231,0.000,1.007,0.227,1.117,3.630,24.561,1.785,59.243
Br66_rep3_Dep6_Tu0.3,0.000,3.035,0.004,0.000,0.382,0.000,0.897,0.229,1.581,4.397,25.126,0.524,63.824
Br66_rep8_Dep6_Tu0.3,0.000,0.420,0.021,0.000,2.047,0.000,0.692,0.340,0.090,2.668,33.139,1.680,58.901
Br66_rep3_Dep6_Tu0.1,0.000,0.111,0.036,0.000,17.550,0.000,0.649,0.303,0.271,6.674,14.730,1.909,57.767
Br66_rep10_Dep6_Tu0.3,0.000,0.387,0.007,0.000,6.862,0.000,0.756,0.245,1.235,4.393,24.369,1.115,60.630
Br66_rep2_Dep6_Tu50,57.210,1.516,0.589,0.000,0.411,2.236,0.187,0.000,0.000,1.825,11.666,0.256,24.103
Br66_rep5_Dep6_Tu5,3.559,0.519,0.022,0.000,14.523,0.009,0.886,0.397,7.115,8.009,6.478,0.162,58.322
Br66_rep10_Dep6_Tu20,21.653,1.431,0.026,0.000,11.340,0.164,1.335,0.368,0.776,7.850,4.964,0.992,49.101
Br66_rep7_Dep6_Tu30,33.655,1.133,0.298,0.000,1.023,0.270,0.333,0.268,0.000,1.558,20.925,0.455,40.082
Br66_rep9_Dep6_Tu30,33.343,0.232,0.360,0.000,12.404,0.323,0.778,0.000,0.000,7.274,7.330,2.388,35.567
Br66_rep5_Dep6_Tu40,46.665,1.783,0.050,0.000,5.588,1.660,1.756,0.356,0.000,4.388,5.039,1.389,31.325
Br66_rep8_Dep6_Tu10,8.914,0.764,0.000,0.000,12.829,0.034,2.534,0.227,3.779,7.878,7.561,2.458,53.023
Br66_rep9_Dep6_Tu50,56.773,1.760,0.520,0.000,0.443,2.002,0.159,0.000,0.000,1.258,11.865,0.285,24.935
Br66_rep2_Dep6_Tu0.3,0.054,0.288,0.017,0.000,19.819,0.000,0.337,0.168,0.273,1.910,14.224,0.586,62.324
Br66_rep1_Dep6_Tu10,7.309,0.610,0.007,0.000,13.847,0.079,0.810,0.224,8.458,8.034,5.587,0.205,54.829
Cer77_rep9_Dep6_Tu3,0.043,1.282,0.184,0.000,18.047,0.036,0.542,0.876,0.400,5.916,14.057,1.593,57.024
Cer77_rep5_Dep6_Tu30,2.690,33.959,3.483,1.848,2.991,1.506,2.277,19.453,0.000,3.362,0.000,1.902,26.529
Cer77_rep3_Dep6_Tu30,2.039,29.480,3.654,1.103,3.810,1.411,1.048,17.576,0.000,2.176,10.113,1.060,26.530
Cer77_rep8_Dep6_Tu50,2.584,39.126,4.354,1.093,6.021,2.556,1.652,24.782,0.000,2.140,0.000,1.247,14.444
Cer77_rep1_Dep6_Tu1,0.015,1.116,0.022,0.000,13.849,0.000,2.113,0.127,8.040,9.244,8.051,1.290,56.134
Cer77_rep7_Dep6_Tu3,0.234,2.195,0.100,0.739,14.723,0.038,1.084,0.245,6.415,8.237,6.995,0.255,58.737
Cer77_rep10_Dep6_Tu2,0.046,2.494,0.216,0.302,6.030,0.044,1.436,0.652,0.581,5.630,20.974,1.090,60.507
Cer77_rep2_Dep6_Tu0.5,0.000,0.755,0.046,0.000,2.245,0.000,0.609,0.169,0.119,2.411,32.356,1.560,59.732
Cer77_rep3_Dep6_Tu20,1.733,19.530,2.114,0.696,2.570,0.791,1.260,10.829,0.000,2.117,19.000,2.580,36.779
Cer77_rep1_Dep6_Tu2,0.136,1.375,0.112,0.187,2.122,0.009,0.508,0.000,0.649,3.006,32.495,1.302,58.100
Cer77_rep2_Dep6_Tu5,0.288,3.091,0.437,0.091,19.406,0.115,0.502,1.414,0.144,1.803,12.767,0.786,59.156
Cer77_rep5_Dep6_Tu0.5,0.000,0.493,0.023,0.199,2.560,0.000,0.452,0.291,0.203,2.276,31.999,0.463,61.041
Cer77_rep2_Dep6_Tu50,2.967,40.005,5.868,1.702,4.842,2.381,1.130,26.171,0.000,0.898,0.000,1.295,12.742
Cer77_rep9_Dep6_Tu0.5,0.000,0.459,0.142,0.187,2.625,0.000,0.294,0.527,0.182,1.896,32.168,0.222,61.297
Cer77_rep4_Dep6_Tu10,0.912,9.858,1.230,0.734,3.828,0.196,0.521,5.477,0.000,2.954,23.995,0.404,49.891
Cer77_rep9_Dep6_Tu20,1.309,24.056,1.696,0.631,1.374,0.805,1.407,9.948,0.000,3.679,12.908,1.361,40.827
Cer77_rep3_Dep6_Tu10,1.002,9.819,1.087,0.541,0.738,0.222,2.826,4.769,0.221,7.977,18.884,1.109,50.804
Cer77_rep6_Dep6_Tu5,0.393,7.901,0.322,0.315,0.487,0.045,1.425,0.723,1.824,3.521,22.841,0.372,59.829
Cer77_rep5_Dep6_Tu1,0.000,1.075,0.084,0.000,11.004,0.000,1.007,0.355,0.674,8.320,15.482,0.179,61.820
Cer77_rep5_Dep6_Tu0.3,0.000,0.335,0.035,0.501,14.258,0.000,0.969,0.389,4.586,9.787,8.497,0.186,60.455
Cer77_rep4_Dep6_Tu50,2.553,40.209,4.506,1.083,6.158,2.288,1.935,24.413,0.000,1.533,0.000,1.599,13.722
Cer77_rep6_Dep6_Tu0.3,0.000,0.210,0.049,0.000,18.165,0.000,0.675,0.251,0.483,6.416,14.727,0.911,58.113
Cer77_rep4_Dep6_Tu40,2.926,37.219,4.443,1.590,5.800,2.186,1.502,23.677,0.000,1.408,0.000,1.146,18.104
Cer77_rep10_Dep6_Tu5,0.566,7.271,0.485,0.404,0.912,0.112,2.133,1.474,0.495,5.009,22.112,0.972,58.055
Cer77_rep3_Dep6_Tu1,0.000,0.150,0.093,0.236,17.262,0.018,0.676,0.000,0.475,7.217,14.402,2.085,57.387
Cer77_rep8_Dep6_Tu40,2.667,36.324,5.068,1.918,5.654,1.827,1.194,25.187,0.000,1.136,0.000,1.321,17.702
Cer77_rep7_Dep6_Tu0.3,0.000,0.749,0.000,0.002,3.121,0.000,0.307,0.020,0.464,2.701,31.278,0.183,61.175
Cer77_rep3_Dep6_Tu0.1,0.000,0.117,0.037,0.000,17.561,0.000,0.637,0.299,0.248,6.719,14.663,1.995,57.723
Cer77_rep4_Dep6_Tu0.3,0.000,0.591,0.016,0.013,6.503,0.000,0.589,0.000,0.855,4.707,24.862,0.551,61.313
Cer77_rep6_Dep6_Tu2,0.025,1.749,0.111,0.409,14.775,0.036,1.418,0.583,1.475,8.821,8.604,0.499,61.496
Cer77_rep6_Dep6_Tu20,1.214,23.862,1.678,0.720,1.303,0.903,1.738,9.757,0.000,1.752,13.986,0.895,42.192
Cer77_rep9_Dep6_Tu40,2.140,33.442,4.136,1.256,9.482,2.114,1.377,23.027,0.000,2.473,0.000,1.859,18.694
Cer77_rep6_Dep6_Tu40,2.503,37.162,4.663,1.659,5.641,2.031,1.244,23.763,0.000,1.568,0.000,1.243,18.522
Cer77_rep8_Dep6_Tu5,0.561,5.715,0.434,0.667,14.146,0.065,1.327,1.815,3.951,6.766,6.311,0.913,57.328
Cer77_rep5_Dep6_Tu50,2.799,41.702,4.783,1.709,5.047,2.443,1.357,24.644,0.000,1.320,0.000,1.877,12.318
Cer77_rep1_Dep6_Tu30,3.087,33.180,4.029,2.323,6.037,1.342,1.724,20.518,0.000,1.881,0.000,3.102,22.776
