Sample,BRCA,CEAD,CESC,COAD,OV,READ,bcell,cd4tcell,cd8tcell,erythroblast,monocyte,naturalkillercell,neutrophil
Colo_rep2_Dep6_Tu0.5,0.000,2.787,0.199,0.000,1.997,0.314,2.294,1.500,0.905,13.103,8.214,3.117,65.570
Colo_rep2_Dep6_Tu50,0.000,4.988,0.745,2.685,3.477,29.501,1.292,8.561,0.046,4.493,8.497,2.514,33.201
Colo_rep6_Dep6_Tu1,0.000,2.877,0.220,0.000,1.856,0.627,2.036,0.818,1.201,13.127,8.789,3.270,65.179
Colo_rep3_Dep6_Tu2,0.050,2.874,0.464,0.000,1.912,1.704,2.974,0.927,4.167,10.162,9.178,1.757,63.830
Colo_rep7_Dep6_Tu2,0.168,3.006,0.005,0.000,1.259,1.478,2.368,2.646,0.162,11.834,9.347,3.020,64.708
Colo_rep8_Dep6_Tu0.1,0.083,3.269,0.338,0.000,1.601,0.281,2.815,1.428,1.869,12.139,9.283,2.778,64.117
Colo_rep10_Dep6_Tu2,0.000,2.988,0.435,0.000,1.463,1.339,2.673,5.023,0.000,11.778,7.543,2.473,64.285
Colo_rep6_Dep6_Tu3,0.303,2.679,0.000,0.000,2.084,2.618,2.650,2.301,2.214,10.577,8.623,1.936,64.017
Colo_rep9_Dep6_Tu30,0.026,4.083,0.229,0.000,3.912,18.772,2.181,4.480,2.622,6.916,8.574,2.850,45.356
Colo_rep9_Dep6_Tu0.5,0.000,1.023,0.487,0.000,2.393,0.811,2.042,3.707,0.627,12.253,8.876,2.420,65.360
Colo_rep6_Dep6_Tu20,0.305,3.586,0.256,0.000,2.068,12.898,1.966,6.629,2.924,6.333,7.548,1.933,53.554
Colo_rep8_Dep6_Tu30,0.000,4.639,0.137,0.503,3.652,18.194,1.982,6.777,0.000,7.180,9.020,2.819,45.097
Colo_rep3_Dep6_Tu5,0.000,3.808,0.127,0.000,2.292,3.378,1.967,1.194,3.028,10.829,7.963,3.016,62.397
Colo_rep4_Dep6_Tu3,0.277,1.826,0.662,0.000,2.200,2.364,1.885,3.167,0.730,10.768,9.046,3.271,63.805
Colo_rep2_Dep6_Tu10,0.378,2.615,0.590,0.000,2.585,6.458,2.683,6.064,0.000,9.861,7.596,2.339,58.829
Colo_rep3_Dep6_Tu40,0.000,4.218,0.266,0.657,3.645,24.559,1.627,7.927,0.000,6.042,9.621,2.605,38.833
Colo_rep3_Dep6_Tu30,0.000,4.535,0.044,0.175,3.229,18.328,2.251,7.524,0.335,7.114,9.017,1.737,45.712
Colo_rep6_Dep6_Tu30,0.000,3.613,0.247,0.566,3.417,19.304,2.182,6.450,5.782,3.933,8.137,1.200,45.168
Colo_rep4_Dep6_Tu50,0.000,5.586,0.256,2.588,3.529,29.776,2.109,7.198,3.640,2.365,6.429,1.726,34.797
Colo_rep5_Dep6_Tu50,0.000,5.132,0.000,0.931,4.162,30.159,1.284,7.912,1.752,4.417,9.285,2.408,32.558
Colo_rep6_Dep6_Tu2,0.006,2.614,0.239,0.000,1.682,1.642,2.174,1.788,3.625,10.477,9.796,1.950,64.007
Colo_rep10_Dep6_Tu50,0.384,4.292,0.122,1.564,4.181,29.988,1.942,5.529,2.929,5.253,9.119,2.020,32.679
Colo_rep7_Dep6_Tu50,0.000,5.933,0.040,1.529,4.473,29.830,1.661,10.662,0.000,1.656,8.004,2.234,33.977
Colo_rep9_Dep6_Tu40,0.105,6.249,0.000,1.825,2.972,23.644,1.663,6.391,1.994,4.873,8.213,2.031,40.040
Colo_rep8_Dep6_Tu5,0.441,2.738,0.019,0.000,1.791,3.419,2.445,1.321,4.274,10.018,8.735,2.348,62.451
Colo_rep1_Dep6_Tu20,0.140,3.912,0.068,0.000,2.819,12.856,1.433,2.268,4.982,7.589,9.317,1.964,52.652
Colo_rep9_Dep6_Tu2,0.000,2.595,0.164,0.000,2.318,1.440,2.589,2.736,1.026,12.450,8.250,1.789,64.642
Colo_rep5_Dep6_Tu30,0.212,4.010,0.130,0.000,3.017,18.578,3.232,9.179,0.000,6.241,8.433,2.471,44.499
Colo_rep4_Dep6_Tu0.1,0.261,1.955,0.250,0.000,1.230,0.359,2.874,3.858,0.278,11.964,8.865,2.425,65.682
Colo_rep5_Dep6_Tu0.1,0.147,1.475,0.364,0.000,1.569,0.336,2.420,3.209,0.109,12.949,9.060,2.755,65.607
Colo_rep9_Dep6_Tu3,0.000,3.187,0.307,0.000,1.732,1.901,1.885,2.134,2.859,12.280,8.592,2.313,62.810
Colo_rep2_Dep6_Tu0.1,0.000,2.536,0.410,0.000,2.181,0.211,1.777,0.469,3.570,11.902,9.537,2.814,64.591
Colo_rep8_Dep6_Tu10,0.180,3.243,0.210,0.000,1.414,6.585,2.485,3.636,3.035,8.655,8.924,2.886,58.747
Colo_rep4_Dep6_Tu30,0.000,4.283,0.000,0.117,3.602,18.498,2.333,5.957,2.604,9.286,6.595,2.110,44.613
Colo_rep2_Dep6_Tu2,0.254,2.482,0.081,0.000,2.033,1.935,2.759,1.668,1.709,11.173,10.707,2.287,62.913
Colo_rep1_Dep6_Tu5,0.197,3.305,0.112,0.000,2.090,3.584,2.612,2.477,2.311,10.374,8.259,2.718,61.961
Colo_rep8_Dep6_Tu50,0.488,4.066,0.305,2.705,4.009,29.708,1.793,8.324,4.240,1.828,7.718,1.781,33.035
Colo_rep5_Dep6_Tu5,0.000,2.838,0.432,0.000,1.725,3.621,2.253,4.299,1.922,9.494,9.054,2.223,62.141
Colo_rep6_Dep6_Tu50,0.000,4.866,0.189,1.425,3.177,30.297,1.445,5.621,3.798,5.327,8.429,1.196,34.230
Colo_rep5_Dep6_Tu0.5,0.000,2.003,0.000,0.000,1.773,0.504,2.250,2.708,0.548,12.444,8.612,3.083,66.075
Colo_rep4_Dep6_Tu20,0.000,4.328,0.000,0.000,3.589,12.848,2.662,3.489,2.171,7.174,7.707,3.291,52.742
Colo_rep8_Dep6_Tu40,0.287,4.617,0.511,0.946,3.854,24.714,1.721,7.567,0.000,5.318,8.539,2.567,39.358
Colo_rep7_Dep6_Tu0.3,0.000,3.249,0.223,0.000,1.531,0.579,2.221,0.116,2.836,12.168,9.074,1.966,66.036
Colo_rep7_Dep6_Tu30,0.000,3.770,0.495,0.551,3.221,18.631,2.102,6.799,1.296,6.673,9.001,2.203,45.259
Colo_rep10_Dep6_Tu20,0.533,3.735,0.195,0.000,2.287,12.865,2.778,6.239,2.722,5.414,8.312,3.055,51.865
Colo_rep9_Dep6_Tu10,0.223,2.489,0.319,0.389,2.865,6.564,2.582,2.283,1.052,10.478,9.074,3.280,58.401
Colo_rep9_Dep6_Tu0.1,0.000,3.315,0.435,0.000,1.323,0.514,2.584,0.591,3.414,11.214,9.887,2.596,64.126
Colo_rep10_Dep6_Tu0.3,0.000,2.570,0.204,0.000,1.646,0.427,2.146,1.621,3.594,10.972,10.026,1.864,64.930
Colo_rep8_Dep6_Tu20,0.000,4.521,0.000,1.156,2.211,11.907,1.656,3.823,3.967,8.405,7.156,2.292,52.905
Colo_rep3_Dep6_Tu3,0.016,3.069,0.000,0.000,1.470,2.424,2.317,2.970,1.471,12.035,7.890,2.919,63.420
Colo_rep4_Dep6_Tu2,0.000,3.362,0.045,0.000,2.551,1.919,2.009,0.508,4.981,9.358,8.308,2.431,64.529
Colo_rep10_Dep6_Tu0.1,0.324,2.907,0.363,0.000,1.480,0.704,2.634,0.195,4.403,10.518,9.626,2.243,64.602
Colo_rep4_Dep6_Tu0.3,0.000,2.581,0.341,0.000,1.643,0.415,2.326,0.000,3.012,14.546,7.841,2.352,64.944
Colo_rep9_Dep6_Tu0.3,0.000,2.467,0.000,0.000,1.346,0.167,2.540,3.044,0.000,13.378,8.051,2.674,66.332
Colo_rep1_Dep6_Tu10,0.000,3.034,0.534,0.000,1.896,6.928,2.345,1.015,5.726,8.324,9.797,2.004,58.398
Colo_rep6_Dep6_Tu0.3,0.000,1.916,0.404,0.000,0.952,0.061,2.234,1.624,3.678,12.634,8.685,2.440,65.370
Colo_rep6_Dep6_Tu0.5,0.466,2.626,0.143,0.000,1.502,0.585,2.824,1.123,3.102,11.061,8.472,2.407,65.688
Colo_rep10_Dep6_Tu10,0.232,3.267,0.394,0.000,2.082,6.342,3.163,5.491,0.000,8.934,9.136,3.243,57.716
Colo_rep10_Dep6_Tu1,0.000,2.986,0.747,0.000,1.807,0.852,2.462,0.000,3.880,10.789,10.206,2.480,63.789
Colo_rep10_Dep6_Tu5,0.000,3.650,0.000,0.000,2.290,3.302,2.005,0.337,6.286,10.091,8.388,2.077,61.574
Colo_rep10_Dep6_Tu40,0.000,6.844,0.000,2.154,2.650,23.772,1.244,4.703,4.065,4.922,7.873,2.046,39.726
Colo_rep10_Dep6_Tu0.5,0.033,2.710,0.347,0.000,1.442,0.721,2.769,0.000,4.986,10.015,9.695,1.832,65.450
Colo_rep1_Dep6_Tu1,0.047,2.505,0.258,0.000,1.575,1.036,2.719,0.000,4.812,10.688,9.879,2.390,64.090
Colo_rep7_Dep6_Tu20,0.325,2.789,0.668,0.000,2.563,12.772,2.214,6.382,1.478,8.683,9.383,1.478,51.266
Colo_rep6_Dep6_Tu10,0.000,3.104,0.414,0.000,2.352,6.889,1.921,0.000,2.478,11.290,8.519,3.327,59.705
Colo_rep10_Dep6_Tu3,0.000,2.922,0.069,0.000,1.908,1.746,2.548,1.808,1.315,13.249,7.929,2.843,63.662
Colo_rep1_Dep6_Tu30,0.238,4.587,0.752,0.947,3.319,18.794,2.144,5.895,1.884,5.822,6.738,2.909,45.969
Colo_rep1_Dep6_Tu0.1,0.000,2.679,0.029,0.000,1.512,0.062,2.019,0.931,2.500,13.298,8.386,2.531,66.055
Colo_rep7_Dep6_Tu5,0.372,2.140,0.423,0.000,2.450,3.498,2.523,4.960,0.000,10.115,9.885,2.365,61.270
Colo_rep7_Dep6_Tu0.1,0.060,1.789,0.423,0.000,2.196,0.468,2.413,2.824,0.732,12.557,8.414,2.063,66.059
Colo_rep6_Dep6_Tu40,0.000,3.367,0.575,1.012,3.556,24.481,1.405,6.901,2.730,6.596,9.535,1.432,38.410
Colo_rep8_Dep6_Tu2,0.000,1.934,0.118,0.000,1.924,1.747,2.153,0.000,2.713,13.725,9.321,3.134,63.231
Colo_rep7_Dep6_Tu0.5,0.000,3.623,0.067,0.000,1.459,0.579,2.492,3.117,2.453,10.644,7.073,2.413,66.079
Colo_rep5_Dep6_Tu20,0.173,5.319,0.000,0.000,3.352,12.394,2.602,3.258,2.751,6.502,9.530,3.132,50.986
Colo_rep8_Dep6_Tu0.3,0.000,2.435,0.000,0.000,1.368,0.153,2.578,3.222,0.000,13.235,7.986,2.680,66.342
Colo_rep4_Dep6_Tu5,0.311,2.174,0.608,0.000,1.544,3.929,2.672,5.203,0.817,9.257,9.496,2.273,61.715
Colo_rep9_Dep6_Tu1,0.526,1.212,0.636,0.000,2.321,1.040,2.094,1.502,2.173,12.291,8.689,2.844,64.671
Colo_rep1_Dep6_Tu0.5,0.000,3.191,0.110,0.000,1.660,0.007,2.633,2.830,1.770,12.162,9.270,1.858,64.509
Colo_rep8_Dep6_Tu3,0.062,3.010,0.004,0.000,1.850,2.258,2.053,1.685,2.509,11.900,8.234,2.796,63.638
Colo_rep5_Dep6_Tu0.3,0.000,1.488,0.522,0.000,1.233,0.750,2.534,2.944,3.690,10.878,9.291,1.962,64.707
Colo_rep2_Dep6_Tu30,0.000,3.750,0.185,0.168,3.124,18.681,2.260,8.730,0.000,6.837,7.410,2.450,46.406
Colo_rep7_Dep6_Tu10,0.000,1.728,0.444,0.000,2.555,6.728,1.744,5.082,1.338,9.575,9.326,2.269,59.211
Colo_rep2_Dep6_Tu40,0.160,5.887,0.122,1.022,3.782,24.328,2.005,8.144,0.032,3.402,8.213,3.350,39.553
Colo_rep3_Dep6_Tu0.1,0.000,2.891,0.244,0.000,2.019,0.275,1.974,1.015,2.226,11.579,10.512,2.811,64.453
Colo_rep3_Dep6_Tu1,0.000,1.161,0.596,0.000,2.140,1.174,2.277,0.000,4.526,11.606,9.208,2.689,64.624
Colo_rep8_Dep6_Tu1,0.369,2.116,0.057,0.000,2.228,0.983,2.259,0.785,2.605,11.562,9.661,2.519,64.856
Colo_rep4_Dep6_Tu1,0.210,3.084,0.306,0.000,1.717,1.049,2.209,0.000,3.796,9.928,10.295,2.476,64.929
Colo_rep5_Dep6_Tu40,0.186,3.545,1.045,0.487,3.572,24.758,2.990,10.105,0.000,2.204,8.172,3.375,39.561
Colo_rep5_Dep6_Tu10,0.000,3.726,0.000,0.435,2.503,6.223,1.841,2.965,1.672,9.918,9.492,2.742,58.484
Colo_rep2_Dep6_Tu0.3,0.217,3.393,0.145,0.000,1.456,0.322,2.069,2.658,0.000,12.537,8.569,3.141,65.491
Colo_rep10_Dep6_Tu30,0.000,3.813,0.700,1.688,3.168,18.676,2.142,6.386,1.711,5.593,7.641,2.094,46.390
Colo_rep1_Dep6_Tu40,0.000,5.219,0.000,0.316,3.747,24.646,2.132,6.875,3.377,4.730,7.815,1.448,39.696
Colo_rep6_Dep6_Tu0.1,0.252,2.232,0.058,0.000,1.462,0.475,2.464,0.000,4.969,12.268,9.009,1.940,64.871
Colo_rep7_Dep6_Tu40,0.000,4.100,0.000,2.135,3.708,24.202,2.101,6.692,1.467,6.876,7.155,1.959,39.604
Colo_rep1_Dep6_Tu50,0.000,5.068,0.587,2.521,3.873,30.129,2.057,9.860,0.799,3.504,6.633,2.126,32.843
Colo_rep1_Dep6_Tu0.3,0.000,2.767,0.345,0.000,1.224,0.560,2.626,1.708,1.471,11.617,11.059,2.593,64.029
Colo_rep9_Dep6_Tu20,0.056,3.580,0.000,0.000,2.770,13.110,2.499,5.628,1.359,8.601,7.517,2.188,52.692
Colo_rep4_Dep6_Tu10,0.000,3.916,0.157,0.000,1.760,6.709,2.549,2.866,0.939,10.627,9.457,1.976,59.044
Colo_rep6_Dep6_Tu5,0.194,2.918,0.000,0.000,1.429,3.332,2.541,2.954,1.052,11.188,9.235,2.981,62.177
Colo_rep9_Dep6_Tu5,0.041,2.351,0.629,0.000,1.975,3.264,2.396,3.671,1.389,10.220,10.150,2.432,61.482
Colo_rep3_Dep6_Tu50,0.671,6.433,0.000,1.697,2.702,30.111,1.725,8.605,1.226,3.649,8.440,1.793,32.948
Colo_rep5_Dep6_Tu1,0.000,2.524,0.653,0.000,1.518,0.956,2.418,2.400,1.371,11.182,10.530,2.390,64.060
Colo_rep5_Dep6_Tu3,0.000,3.227,0.250,0.000,1.515,2.100,1.879,1.798,0.154,13.588,8.249,3.198,64.042
Colo_rep2_Dep6_Tu1,0.000,2.878,0.091,0.000,1.185,0.589,2.505,3.260,0.578,13.138,9.701,1.771,64.303
Colo_rep7_Dep6_Tu1,0.000,1.578,0.432,0.000,2.248,0.613,2.424,2.529,1.608,12.280,7.897,2.520,65.870
Colo_rep5_Dep6_Tu2,0.000,3.462,0.040,0.000,1.404,1.273,2.243,1.110,2.326,12.754,8.320,2.100,64.967
Colo_rep4_Dep6_Tu40,0.435,3.847,0.459,1.171,3.927,24.686,2.839,7.573,0.000,5.801,8.945,1.850,38.466
Colo_rep2_Dep6_Tu20,0.000,2.946,0.000,0.249,2.784,12.852,2.458,6.056,0.713,8.615,8.220,2.445,52.662
Colo_rep4_Dep6_Tu0.5,0.087,2.776,0.000,0.000,1.725,0.919,2.513,0.000,4.821,10.983,9.276,2.033,64.868
Colo_rep2_Dep6_Tu5,0.334,4.331,0.134,0.000,1.694,3.299,1.701,2.994,0.000,11.830,7.986,3.206,62.490
Colo_rep2_Dep6_Tu3,0.000,2.793,0.392,0.000,1.553,2.349,2.843,2.680,0.236,11.604,10.138,2.761,62.653
Colo_rep3_Dep6_Tu10,0.287,2.609,0.344,0.000,1.560,6.887,3.209,5.413,1.056,9.397,8.807,1.930,58.501
Colo_rep8_Dep6_Tu0.5,0.000,3.210,0.159,0.000,1.569,0.258,2.556,2.415,2.382,11.787,7.951,2.356,65.358
Colo_rep7_Dep6_Tu3,0.093,3.251,0.563,0.000,1.823,2.605,2.279,2.286,2.666,10.063,9.543,1.796,63.032
Colo_rep3_Dep6_Tu0.5,0.000,1.902,0.415,0.000,0.995,0.200,2.256,2.099,3.626,12.316,8.535,2.465,65.192
Colo_rep3_Dep6_Tu20,0.000,4.372,0.190,0.114,1.914,12.661,2.578,5.934,0.000,8.730,7.216,2.430,53.861
Colo_rep1_Dep6_Tu2,0.277,2.001,0.249,0.000,1.889,1.962,2.156,1.221,2.782,11.865,8.795,2.961,63.841
Colo_rep9_Dep6_Tu50,0.371,4.378,0.681,1.709,3.859,30.672,2.141,7.169,0.000,4.698,8.706,1.854,33.763
Colo_rep3_Dep6_Tu0.3,0.000,3.223,0.094,0.000,1.516,0.126,2.461,2.405,2.552,11.904,7.859,2.308,65.553
Colo_rep1_Dep6_Tu3,0.000,3.522,0.100,0.000,1.153,2.067,2.506,1.430,2.990,11.131,9.651,1.911,63.540
Br62_rep5_Dep6_Tu0.5,0.516,2.272,0.000,0.000,1.748,0.188,2.212,2.504,0.518,12.281,8.747,2.935,66.080
Br62_rep5_Dep6_Tu3,2.658,3.056,0.264,0.047,1.553,0.137,1.744,2.013,0.000,13.603,7.745,2.911,64.268
Br62_rep6_Dep6_Tu30,24.774,3.571,0.955,2.226,1.532,0.000,2.022,4.815,0.799,6.145,5.702,1.689,45.770
Br62_rep7_Dep6_Tu20,17.390,2.834,0.898,0.550,1.948,0.127,1.804,2.605,1.448,10.085,6.566,1.471,52.276
Br62_rep2_Dep6_Tu40,32.475,6.267,0.915,2.455,1.743,0.000,0.629,3.728,0.727,4.536,4.788,1.879,39.859
Br62_rep8_Dep6_Tu0.5,0.464,3.296,0.072,0.000,1.581,0.000,2.527,2.321,2.485,11.887,7.866,2.313,65.189
Br62_rep5_Dep6_Tu2,1.600,3.584,0.042,0.000,1.210,0.000,2.193,0.526,3.063,12.860,8.513,1.766,64.643
Br62_rep4_Dep6_Tu50,39.533,5.211,1.741,4.221,1.833,0.000,1.689,2.499,0.000,3.737,4.089,1.216,34.230
Br62_rep8_Dep6_Tu40,32.608,4.494,1.008,2.724,1.987,0.000,0.922,3.236,0.000,7.466,3.975,1.294,40.286
Br62_rep7_Dep6_Tu2,2.148,3.338,0.000,0.000,1.010,0.099,2.317,2.276,0.344,11.697,9.323,2.896,64.553
Br62_rep9_Dep6_Tu40,33.023,5.159,1.058,2.749,1.764,0.000,1.087,0.776,0.000,6.482,4.652,2.469,40.782
Br62_rep10_Dep6_Tu2,1.586,3.081,0.444,0.000,1.574,0.000,2.557,4.882,0.000,11.830,7.202,2.412,64.432
Br62_rep6_Dep6_Tu10,8.176,4.632,0.297,0.290,1.946,0.153,1.607,0.000,2.395,11.373,7.572,2.391,59.170
Br62_rep2_Dep6_Tu2,2.007,2.914,0.259,0.000,2.070,0.485,2.658,0.786,2.195,11.122,10.074,2.050,63.380
Br62_rep9_Dep6_Tu5,4.550,2.320,0.812,0.000,1.952,0.097,2.275,2.583,1.092,10.604,10.012,2.212,61.491
Br62_rep6_Dep6_Tu40,32.351,4.310,1.439,2.108,1.695,0.000,0.560,2.997,0.000,8.596,4.855,0.944,40.146
Br62_rep4_Dep6_Tu20,17.507,3.903,0.453,0.789,1.823,0.000,1.890,1.000,1.807,9.400,6.751,2.077,52.601
Br62_rep9_Dep6_Tu1,1.485,2.043,0.460,0.000,2.165,0.311,1.902,1.410,2.297,12.213,8.399,2.693,64.623
Br62_rep1_Dep6_Tu0.3,0.000,2.981,0.332,0.000,1.202,0.283,2.637,1.874,1.577,11.896,10.778,2.572,63.868
Br62_rep3_Dep6_Tu5,4.148,3.519,0.107,0.000,2.586,0.002,2.097,0.793,2.801,11.071,7.396,2.969,62.511
Br62_rep9_Dep6_Tu50,39.214,5.390,2.049,3.697,1.498,0.000,1.188,1.530,0.000,5.768,3.742,1.432,34.492
Br62_rep5_Dep6_Tu30,24.590,4.269,0.889,1.022,1.919,0.000,2.169,4.128,0.000,9.169,4.696,1.612,45.537
Br62_rep9_Dep6_Tu0.5,0.212,1.215,0.400,0.000,2.259,0.414,2.011,3.855,0.871,12.198,8.799,2.352,65.413
Br62_rep1_Dep6_Tu20,17.417,3.997,0.545,0.517,2.056,0.000,1.515,0.419,2.284,9.262,7.617,1.488,52.882
Br62_rep4_Dep6_Tu2,1.740,2.927,0.000,0.000,2.317,0.454,1.705,0.038,5.656,10.060,8.481,2.023,64.600
Br62_rep8_Dep6_Tu3,2.684,3.739,0.256,0.000,1.632,0.000,1.841,1.033,2.742,11.400,7.886,2.716,64.072
Br62_rep2_Dep6_Tu5,5.130,3.396,0.223,0.000,1.480,0.102,1.784,3.034,0.000,11.769,7.481,2.947,62.653
Br62_rep2_Dep6_Tu1,0.771,2.858,0.087,0.000,1.109,0.000,2.406,2.854,0.990,13.253,9.469,1.717,64.486
Br62_rep8_Dep6_Tu1,1.446,2.115,0.107,0.000,2.093,0.275,2.303,0.249,2.940,11.813,9.201,2.438,65.021
Br62_rep10_Dep6_Tu0.1,0.329,2.892,0.284,0.000,1.519,0.588,2.653,0.316,4.202,10.596,9.627,2.310,64.684
Br62_rep3_Dep6_Tu40,32.740,4.382,1.125,2.865,1.108,0.000,1.320,2.879,0.971,6.359,4.122,2.574,39.555
Br62_rep8_Dep6_Tu0.3,0.000,2.490,0.013,0.000,1.436,0.000,2.481,3.378,0.000,13.213,7.942,2.588,66.459
Br62_rep4_Dep6_Tu0.5,0.648,2.833,0.000,0.000,1.677,0.637,2.542,0.000,4.510,10.855,9.413,2.022,64.864
Br62_rep6_Dep6_Tu50,38.383,5.400,1.656,3.617,1.107,0.000,1.423,2.037,0.000,7.452,3.934,1.228,33.764
Br62_rep7_Dep6_Tu0.1,0.099,1.780,0.420,0.000,2.247,0.373,2.494,2.469,1.193,12.587,8.216,2.016,66.107
Br62_rep9_Dep6_Tu30,25.017,5.900,0.744,1.672,1.651,0.000,1.614,0.000,0.007,9.471,5.255,2.550,46.121
Br62_rep6_Dep6_Tu20,16.697,4.066,0.468,0.398,1.132,0.000,1.723,4.419,1.876,8.981,5.216,1.837,53.186
Br62_rep5_Dep6_Tu5,4.658,2.898,0.620,0.000,1.502,0.131,2.136,3.909,0.797,10.696,8.582,2.111,61.960
Br62_rep4_Dep6_Tu40,31.474,4.452,1.084,2.126,1.663,0.000,2.346,3.394,0.000,8.551,5.074,0.681,39.155
Br62_rep8_Dep6_Tu0.1,0.135,3.189,0.342,0.000,1.661,0.227,2.809,1.447,2.091,11.997,9.236,2.697,64.170
Br62_rep1_Dep6_Tu40,31.912,4.666,0.765,3.712,1.615,0.000,1.160,3.113,0.000,7.270,4.248,1.504,40.036
Br62_rep3_Dep6_Tu30,25.491,4.261,0.790,1.328,2.493,0.000,1.801,2.057,0.000,10.295,3.827,1.590,46.066
Br62_rep7_Dep6_Tu0.5,0.343,3.930,0.012,0.000,1.480,0.265,2.440,2.547,2.660,10.750,7.192,2.349,66.032
Br62_rep1_Dep6_Tu10,8.602,3.551,0.424,0.290,1.222,0.000,2.547,1.257,3.554,9.513,8.243,1.389,59.410
Br62_rep10_Dep6_Tu20,17.310,4.862,0.148,0.994,0.613,0.000,1.681,5.078,1.343,6.952,7.493,2.055,51.471
Br62_rep1_Dep6_Tu5,4.499,3.461,0.251,0.000,1.875,0.260,2.008,2.237,2.265,10.913,7.859,2.520,61.852
Br62_rep3_Dep6_Tu50,38.868,4.785,1.753,3.919,1.920,0.000,1.842,2.717,0.000,6.183,4.217,0.988,32.808
Br62_rep1_Dep6_Tu3,2.216,3.675,0.231,0.000,1.169,0.097,2.410,0.099,3.123,11.771,9.661,2.110,63.440
Br62_rep7_Dep6_Tu30,24.585,5.499,0.926,1.419,1.203,0.000,1.205,2.748,0.000,8.678,5.300,1.878,46.559
Br62_rep6_Dep6_Tu1,0.409,3.048,0.179,0.000,1.944,0.000,1.959,0.516,1.953,13.462,8.413,2.886,65.232
Br62_rep1_Dep6_Tu0.5,0.142,3.253,0.133,0.000,1.524,0.000,2.571,2.744,1.904,12.170,9.324,1.806,64.428
Br62_rep1_Dep6_Tu0.1,0.000,2.776,0.032,0.000,1.490,0.008,1.965,0.907,2.772,13.196,8.196,2.531,66.127
Br62_rep9_Dep6_Tu3,2.428,3.025,0.407,0.071,1.409,0.000,1.946,2.455,2.018,12.401,8.151,2.441,63.249
Br62_rep5_Dep6_Tu40,31.527,4.061,1.453,2.920,2.327,0.000,1.855,4.153,0.000,4.877,4.097,2.326,40.403
Br62_rep10_Dep6_Tu3,2.326,3.406,0.340,0.000,1.859,0.000,2.396,1.743,0.750,12.917,7.663,2.813,63.786
Br62_rep2_Dep6_Tu0.3,0.478,3.499,0.138,0.000,1.438,0.125,2.050,2.743,0.000,12.441,8.433,3.088,65.568
Br62_rep10_Dep6_Tu40,31.306,6.453,0.774,2.677,2.309,0.000,1.258,2.757,0.000,8.181,3.640,1.669,38.975
Br62_rep3_Dep6_Tu2,1.568,2.756,0.547,0.000,1.988,0.423,2.982,0.762,4.427,10.182,8.893,1.703,63.770
Br62_rep5_Dep6_Tu1,0.937,2.116,0.762,0.000,1.644,0.268,2.378,2.375,1.011,11.439,10.367,2.631,64.071
Br62_rep4_Dep6_Tu1,0.996,3.015,0.398,0.000,1.791,0.419,2.409,0.000,2.904,10.131,10.512,2.557,64.868
Br62_rep10_Dep6_Tu0.5,0.447,2.692,0.364,0.000,1.489,0.319,2.832,0.000,4.975,10.255,9.550,1.766,65.311
Br62_rep5_Dep6_Tu20,17.313,5.093,0.695,0.774,2.067,0.000,1.729,1.089,2.039,7.960,6.845,2.584,51.811
Br62_rep6_Dep6_Tu0.3,0.000,1.900,0.316,0.000,1.010,0.000,2.228,1.848,3.596,12.644,8.720,2.421,65.316
Br62_rep9_Dep6_Tu0.3,0.000,2.535,0.040,0.000,1.344,0.000,2.482,3.436,0.000,13.196,8.049,2.633,66.285
Br62_rep2_Dep6_Tu20,17.189,3.185,0.685,0.602,1.912,0.000,2.268,2.962,0.000,10.253,6.954,1.734,52.256
Br62_rep6_Dep6_Tu0.5,0.739,2.712,0.118,0.000,1.519,0.185,2.811,0.494,3.645,11.096,8.612,2.363,65.705
Br62_rep8_Dep6_Tu10,9.043,3.943,0.028,0.019,1.147,0.000,1.880,2.135,4.243,8.742,7.942,2.194,58.684
Br62_rep2_Dep6_Tu0.1,0.000,2.583,0.418,0.000,2.249,0.184,1.758,0.319,3.882,11.762,9.478,2.694,64.674
Br62_rep5_Dep6_Tu10,8.941,1.847,0.580,0.186,1.723,0.000,1.773,1.783,0.923,12.328,8.180,2.230,59.507
Br62_rep10_Dep6_Tu10,9.207,3.518,0.531,0.417,1.628,0.000,2.911,2.992,0.000,8.991,8.394,2.908,58.502
Br62_rep4_Dep6_Tu10,8.808,5.377,0.193,0.179,1.128,0.000,2.079,0.497,1.833,10.592,8.311,1.832,59.170
Br62_rep3_Dep6_Tu0.1,0.000,2.871,0.239,0.000,2.042,0.186,1.971,0.854,2.275,11.808,10.498,2.809,64.448
Br62_rep2_Dep6_Tu50,39.702,4.619,1.763,2.909,2.265,0.000,1.210,1.988,0.000,6.623,4.077,1.251,33.593
Br62_rep9_Dep6_Tu10,9.164,2.620,0.091,0.911,1.796,0.000,2.362,1.287,0.841,11.311,8.020,2.844,58.751
Br62_rep5_Dep6_Tu0.3,0.128,1.714,0.467,0.000,1.193,0.466,2.419,2.898,3.252,11.501,9.278,1.974,64.710
Br62_rep8_Dep6_Tu50,39.903,4.377,1.527,4.205,2.094,0.000,2.010,2.484,1.545,2.372,4.055,1.798,33.631
Br62_rep4_Dep6_Tu0.3,0.000,2.643,0.320,0.000,1.557,0.195,2.262,0.000,3.236,14.662,7.742,2.347,65.036
Br62_rep7_Dep6_Tu1,0.709,1.378,0.432,0.000,2.254,0.000,2.473,2.312,1.900,12.451,7.861,2.439,65.790
Br62_rep3_Dep6_Tu0.5,0.203,1.853,0.337,0.000,0.993,0.000,2.227,1.970,3.414,12.758,8.562,2.398,65.283
Br62_rep7_Dep6_Tu40,31.846,5.575,1.262,2.258,1.718,0.000,1.023,1.940,0.336,8.803,3.632,1.939,39.668
Br62_rep2_Dep6_Tu3,3.320,2.747,0.488,0.000,1.398,0.409,2.760,2.535,0.306,11.493,9.349,2.507,62.688
Br62_rep2_Dep6_Tu0.5,0.021,3.078,0.193,0.000,1.977,0.000,2.311,1.320,1.108,13.209,8.047,3.017,65.719
Br62_rep1_Dep6_Tu50,39.477,4.447,1.315,3.220,1.689,0.000,1.415,3.166,0.000,6.196,3.581,0.955,34.538
Br62_rep3_Dep6_Tu3,2.568,3.191,0.000,0.000,1.466,0.390,2.423,2.394,1.627,12.328,7.145,2.621,63.847
Br62_rep7_Dep6_Tu3,2.904,3.616,0.393,0.000,1.367,0.561,2.376,0.716,3.513,10.707,9.116,1.699,63.034
Br62_rep3_Dep6_Tu0.3,0.202,3.278,0.171,0.000,1.572,0.000,2.532,2.463,2.395,11.752,7.758,2.272,65.604
Br62_rep8_Dep6_Tu30,24.293,3.560,1.290,1.882,2.443,0.000,2.030,1.808,0.000,9.197,6.152,1.862,45.481
Br62_rep4_Dep6_Tu30,23.902,5.214,1.101,1.337,2.339,0.000,1.955,1.251,1.302,9.952,4.305,1.808,45.535
Br62_rep6_Dep6_Tu3,3.239,3.061,0.000,0.000,1.819,0.462,2.402,1.346,2.886,11.127,8.152,1.541,63.965
Br62_rep4_Dep6_Tu0.1,0.291,2.070,0.238,0.000,1.205,0.265,2.825,3.730,0.304,12.161,8.760,2.466,65.685
Br62_rep8_Dep6_Tu5,4.962,3.552,0.000,0.000,1.418,0.031,2.208,0.000,3.733,11.105,8.601,2.257,62.132
Br62_rep10_Dep6_Tu50,38.766,6.591,2.152,3.983,0.849,0.000,1.234,0.000,0.000,7.628,3.586,1.533,33.679
Br62_rep10_Dep6_Tu0.3,0.104,2.519,0.155,0.000,1.667,0.190,2.063,1.952,3.242,11.291,9.982,1.826,65.007
Br62_rep3_Dep6_Tu20,16.114,2.938,0.791,0.810,1.668,0.000,1.903,3.273,0.399,10.238,6.422,1.965,53.480
Br62_rep1_Dep6_Tu1,0.987,2.613,0.252,0.000,1.668,0.381,2.687,0.000,4.667,10.667,9.785,2.409,63.884
Br62_rep3_Dep6_Tu1,0.556,1.739,0.550,0.000,1.971,0.392,2.139,0.000,4.562,11.855,8.968,2.652,64.615
Br62_rep9_Dep6_Tu2,1.535,2.379,0.250,0.000,2.182,0.187,2.660,2.732,1.011,12.462,8.107,1.764,64.730
Br62_rep7_Dep6_Tu50,39.012,5.998,1.624,3.541,2.002,0.000,0.880,4.717,0.000,5.134,3.645,0.782,32.666
Br62_rep7_Dep6_Tu5,4.444,2.754,0.513,0.000,2.211,0.199,1.916,4.215,0.842,10.344,9.237,1.970,61.355
Br62_rep8_Dep6_Tu2,1.832,2.484,0.031,0.000,1.640,0.304,1.938,0.000,3.020,13.568,9.169,2.991,63.024
Br62_rep5_Dep6_Tu0.1,0.155,1.507,0.366,0.000,1.585,0.289,2.385,3.472,0.000,12.856,8.986,2.758,65.642
Br62_rep6_Dep6_Tu5,4.143,3.647,0.000,0.000,1.420,0.000,2.216,2.626,0.323,11.360,8.641,2.926,62.699
Br62_rep9_Dep6_Tu20,16.671,4.279,0.545,1.123,1.470,0.000,2.198,2.176,1.647,8.417,6.572,1.800,53.103
Br62_rep2_Dep6_Tu30,25.156,3.547,0.763,2.127,1.679,0.000,1.257,2.117,0.000,9.601,4.697,2.581,46.476
Br62_rep7_Dep6_Tu10,8.336,3.078,0.475,0.028,2.397,0.318,1.830,3.559,0.704,10.382,7.234,1.951,59.709
Br62_rep6_Dep6_Tu0.1,0.343,2.333,0.064,0.000,1.525,0.422,2.537,0.000,5.035,12.139,8.881,1.928,64.791
Br62_rep5_Dep6_Tu50,39.025,8.220,1.006,3.423,1.679,0.000,0.557,0.273,0.000,5.877,4.755,1.387,33.797
Br62_rep10_Dep6_Tu1,0.670,3.470,0.670,0.000,1.545,0.050,2.328,0.000,3.491,11.441,10.014,2.477,63.845
Br62_rep1_Dep6_Tu30,23.832,5.502,0.844,2.099,1.544,0.000,1.802,1.906,1.339,7.186,4.872,1.848,47.224
Br62_rep7_Dep6_Tu0.3,0.104,3.359,0.104,0.000,1.639,0.352,2.280,0.634,2.435,12.027,8.896,2.037,66.132
Br62_rep2_Dep6_Tu10,8.793,2.433,0.821,0.185,2.027,0.000,2.424,4.648,0.049,11.049,6.551,1.789,59.231
Br62_rep9_Dep6_Tu0.1,0.000,3.211,0.389,0.000,1.416,0.402,2.585,0.412,3.711,11.273,9.880,2.543,64.179
Br62_rep3_Dep6_Tu10,9.562,2.496,0.226,0.339,1.536,0.000,2.815,3.678,1.017,10.385,8.004,1.710,58.232
Br62_rep4_Dep6_Tu5,4.599,2.763,0.612,0.000,1.453,0.532,2.439,3.168,1.460,9.999,9.250,2.303,61.422
Br62_rep8_Dep6_Tu20,15.724,5.315,0.478,1.496,1.128,0.000,1.508,2.339,2.499,8.417,6.012,1.755,53.327
Br62_rep1_Dep6_Tu2,2.010,2.084,0.302,0.000,1.818,0.350,2.018,1.751,2.840,12.043,8.271,2.751,63.762
Br62_rep10_Dep6_Tu5,4.432,3.677,0.000,0.000,1.623,0.000,1.791,0.000,6.820,10.373,7.504,1.979,61.800
Br62_rep10_Dep6_Tu30,24.617,3.258,1.167,1.623,2.732,0.000,1.603,2.426,1.958,7.669,4.610,1.581,46.756
Br62_rep6_Dep6_Tu2,1.640,2.747,0.215,0.000,1.663,0.172,2.250,2.055,2.896,10.810,9.418,1.845,64.289
Br62_rep4_Dep6_Tu3,3.024,2.414,0.376,0.000,1.837,0.252,1.734,3.569,0.528,11.057,8.317,3.071,63.821
Br66_rep4_Dep6_Tu50,45.541,3.011,0.227,3.354,0.744,0.000,2.370,0.000,0.000,4.203,5.131,2.239,33.181
Br66_rep3_Dep6_Tu0.5,0.000,1.904,0.445,0.000,0.980,0.000,2.248,1.782,3.505,12.601,8.861,2.448,65.227
Br66_rep2_Dep6_Tu3,3.238,2.763,0.340,0.000,1.017,0.394,2.750,2.760,0.000,12.140,9.329,2.309,62.961
Br66_rep6_Dep6_Tu40,35.889,4.143,0.017,2.695,0.476,0.000,0.391,0.000,0.000,8.598,7.267,1.608,38.916
Br66_rep9_Dep6_Tu0.1,0.000,3.246,0.460,0.000,1.313,0.425,2.585,0.503,3.516,11.232,10.011,2.596,64.113
Br66_rep9_Dep6_Tu5,4.987,2.260,0.457,0.000,1.952,0.111,2.629,2.263,1.524,10.506,9.787,2.225,61.301
Br66_rep10_Dep6_Tu1,1.060,3.210,0.008,0.000,1.718,0.000,1.853,0.552,3.083,12.072,8.271,2.852,65.321
Br66_rep6_Dep6_Tu20,18.860,3.555,0.562,0.305,0.934,0.040,1.783,2.335,0.185,9.303,5.794,2.260,54.082
Br66_rep10_Dep6_Tu30,27.715,3.004,0.739,1.329,1.389,0.281,1.629,0.000,2.378,7.978,6.146,1.808,45.603
Br66_rep10_Dep6_Tu5,4.620,2.627,0.000,0.000,2.022,0.407,2.710,0.462,1.981,12.109,8.457,2.226,62.380
Br66_rep7_Dep6_Tu1,0.679,1.667,0.314,0.000,2.154,0.000,2.286,1.974,1.844,12.800,7.828,2.471,65.983
Br66_rep6_Dep6_Tu0.3,0.000,1.792,0.465,0.000,0.950,0.000,2.218,1.736,3.743,12.624,8.610,2.433,65.428
Br66_rep1_Dep6_Tu30,27.625,3.925,0.420,1.796,1.151,0.000,1.862,1.514,0.000,7.533,4.277,2.841,47.054
Br66_rep3_Dep6_Tu1,0.811,1.485,0.544,0.000,1.869,0.413,2.113,0.000,4.382,12.011,9.132,2.692,64.547
Br66_rep3_Dep6_Tu30,27.783,3.267,0.000,1.687,1.356,0.000,1.797,1.486,0.000,9.056,6.150,1.384,46.032
Br66_rep9_Dep6_Tu1,1.676,1.754,0.474,0.000,2.150,0.322,1.994,1.151,2.544,12.165,8.512,2.667,64.590
Br66_rep9_Dep6_Tu40,36.454,3.370,0.000,3.130,1.231,0.000,0.869,0.000,0.000,6.693,5.331,2.810,40.112
Br66_rep5_Dep6_Tu1,0.907,2.310,0.782,0.000,1.626,0.310,2.451,2.306,1.259,11.137,10.221,2.543,64.148
Br66_rep2_Dep6_Tu5,4.716,3.155,0.230,0.000,1.414,0.209,2.022,2.684,0.000,11.654,7.844,3.064,63.009
Br66_rep5_Dep6_Tu30,27.555,3.930,0.000,1.177,1.199,0.000,2.579,0.529,0.000,9.191,6.560,2.044,45.236
Br66_rep7_Dep6_Tu50,45.401,3.587,0.019,3.163,1.158,0.000,1.148,0.000,0.000,4.848,5.802,1.765,33.109
Br66_rep4_Dep6_Tu40,36.007,3.202,0.385,2.753,0.874,0.000,1.928,0.170,0.000,7.609,6.628,0.994,39.450
Br66_rep8_Dep6_Tu5,5.177,3.075,0.000,0.000,1.450,0.131,2.298,1.205,3.050,10.258,8.431,2.320,62.604
Br66_rep9_Dep6_Tu2,1.902,2.166,0.318,0.000,2.004,0.271,2.556,2.724,0.797,12.254,8.450,1.674,64.884
Br66_rep6_Dep6_Tu30,27.867,2.684,0.518,1.616,0.935,0.205,1.709,1.800,2.331,5.943,6.951,1.664,45.778
Br66_rep4_Dep6_Tu0.1,0.344,1.918,0.266,0.000,1.281,0.312,2.870,3.763,0.212,12.076,8.845,2.480,65.633
Br66_rep5_Dep6_Tu10,9.374,2.679,0.191,0.383,1.615,0.000,1.645,1.482,0.000,11.610,8.643,2.714,59.665
Br66_rep3_Dep6_Tu40,36.702,2.908,0.735,2.892,0.541,0.000,0.904,0.099,0.000,6.870,6.996,2.027,39.324
Br66_rep9_Dep6_Tu0.5,0.255,0.901,0.567,0.000,2.418,0.454,2.006,3.525,0.959,12.216,8.949,2.374,65.374
Br66_rep8_Dep6_Tu2,1.953,2.488,0.166,0.000,1.858,0.351,2.061,0.000,2.128,13.409,9.020,3.193,63.372
Br66_rep10_Dep6_Tu2,1.668,1.918,0.858,0.000,1.727,0.181,2.588,2.071,0.617,11.434,8.973,2.917,65.048
Br66_rep6_Dep6_Tu0.1,0.337,2.260,0.088,0.000,1.419,0.432,2.495,0.000,5.031,12.189,9.064,1.933,64.751
Br66_rep5_Dep6_Tu0.5,0.576,2.114,0.000,0.000,1.768,0.215,2.216,2.432,0.602,12.415,8.579,3.053,66.032
Br66_rep2_Dep6_Tu20,18.853,3.238,0.308,0.304,1.078,0.000,1.752,1.846,0.202,9.882,7.277,2.597,52.663
Br66_rep4_Dep6_Tu0.5,0.590,2.848,0.000,0.000,1.592,0.619,2.499,0.000,4.630,10.996,9.457,1.989,64.779
Br66_rep4_Dep6_Tu5,5.150,1.709,0.729,0.000,1.528,0.653,2.587,3.642,1.224,10.069,9.114,2.395,61.201
Br66_rep8_Dep6_Tu0.5,0.525,3.130,0.168,0.000,1.536,0.000,2.566,2.660,2.055,11.719,7.738,2.372,65.531
Br66_rep5_Dep6_Tu20,19.330,4.909,0.202,0.000,0.976,0.445,1.971,0.749,0.584,7.049,8.258,3.266,52.261
Br66_rep1_Dep6_Tu3,2.575,3.096,0.000,0.000,1.101,0.238,2.538,1.021,2.234,11.880,9.909,1.921,63.488
Br66_rep10_Dep6_Tu10,9.569,3.826,0.177,0.000,1.620,0.079,2.380,1.248,1.369,10.534,8.057,2.364,58.777
Br66_rep3_Dep6_Tu10,9.521,2.575,0.095,0.361,1.156,0.029,2.676,4.906,0.000,9.804,8.104,1.914,58.859
Br66_rep10_Dep6_Tu40,36.879,2.608,0.316,2.506,2.058,0.000,2.188,0.000,1.480,5.174,4.361,1.675,40.754
Br66_rep1_Dep6_Tu50,44.513,2.835,0.000,3.884,1.522,0.000,1.330,0.000,0.000,6.068,4.579,1.902,33.367
Br66_rep10_Dep6_Tu0.5,0.000,3.093,0.217,0.000,2.055,0.118,2.697,1.700,0.000,13.383,9.267,2.965,64.506
Br66_rep1_Dep6_Tu0.3,0.000,2.999,0.303,0.000,1.136,0.280,2.615,1.928,1.638,11.736,10.803,2.562,63.999
Br66_rep10_Dep6_Tu0.1,0.243,2.508,0.312,0.000,1.256,0.203,2.348,1.979,1.809,12.245,9.253,2.803,65.040
Br66_rep8_Dep6_Tu40,35.537,3.028,0.580,2.831,1.382,0.000,1.482,0.000,0.000,7.970,5.029,1.988,40.174
Br66_rep3_Dep6_Tu20,18.583,3.976,0.221,0.619,0.888,0.000,2.189,0.683,0.000,10.529,6.712,2.557,53.043
Br66_rep9_Dep6_Tu0.3,0.011,2.575,0.040,0.000,1.368,0.000,2.554,3.103,0.000,13.311,7.970,2.601,66.465
Br66_rep7_Dep6_Tu0.3,0.128,3.215,0.197,0.000,1.587,0.394,2.275,0.400,2.472,12.144,9.002,2.083,66.103
Br66_rep5_Dep6_Tu2,1.694,3.471,0.133,0.000,1.170,0.000,2.322,0.220,3.162,12.821,8.294,1.880,64.834
Br66_rep5_Dep6_Tu0.3,0.155,1.599,0.575,0.000,1.164,0.518,2.482,2.861,3.622,10.995,9.300,1.915,64.815
Br66_rep6_Dep6_Tu5,4.865,3.240,0.000,0.000,1.233,0.065,2.075,0.862,1.418,11.616,9.093,2.917,62.617
Br66_rep5_Dep6_Tu3,2.407,2.578,0.475,0.000,1.441,0.237,1.765,2.235,0.107,13.657,8.060,3.197,63.841
Br66_rep1_Dep6_Tu5,4.778,2.666,0.174,0.000,1.763,0.487,2.557,2.304,2.016,10.503,7.702,2.785,62.265
Br66_rep6_Dep6_Tu10,8.750,3.550,0.125,0.188,1.374,0.351,1.879,0.000,1.488,11.920,8.378,2.448,59.549
Br66_rep3_Dep6_Tu5,5.019,3.181,0.252,0.000,2.319,0.009,2.303,1.231,1.655,10.939,7.725,3.225,62.141
Br66_rep1_Dep6_Tu1,1.010,2.479,0.282,0.000,1.557,0.355,2.664,0.000,4.489,10.730,9.893,2.358,64.183
Br66_rep4_Dep6_Tu30,27.090,3.551,0.388,1.391,1.644,0.000,2.101,0.089,0.000,10.163,5.671,2.273,45.640
Br66_rep8_Dep6_Tu20,18.342,3.808,0.024,0.925,0.805,0.000,1.576,1.436,2.420,9.434,6.194,1.980,53.057
Br66_rep4_Dep6_Tu10,9.444,4.095,0.589,0.029,1.639,0.588,2.299,0.354,0.000,11.036,9.305,1.947,58.676
Br66_rep2_Dep6_Tu1,0.450,3.199,0.000,0.000,1.018,0.000,2.389,2.975,1.151,12.945,9.444,1.646,64.783
Br66_rep6_Dep6_Tu2,1.789,2.698,0.140,0.000,1.464,0.240,2.034,2.351,2.767,10.793,9.534,2.006,64.186
Br66_rep6_Dep6_Tu0.5,0.954,2.580,0.194,0.000,1.443,0.225,2.821,0.708,3.192,11.119,8.768,2.399,65.598
Br66_rep5_Dep6_Tu0.1,0.252,1.475,0.345,0.000,1.586,0.253,2.411,3.188,0.099,12.985,9.124,2.709,65.572
Br66_rep2_Dep6_Tu2,2.190,2.344,0.197,0.000,2.041,0.486,2.790,1.351,1.309,11.420,10.400,2.297,63.174
Br66_rep10_Dep6_Tu50,44.934,3.758,0.263,3.474,0.683,0.000,1.357,0.000,0.000,6.249,4.374,1.283,33.626
Br66_rep7_Dep6_Tu3,2.962,2.422,0.681,0.000,1.504,0.763,2.559,1.630,2.851,10.486,9.286,1.642,63.214
Br66_rep7_Dep6_Tu10,9.480,2.597,0.098,0.186,1.640,0.348,2.212,4.114,0.000,11.043,7.239,1.805,59.238
Br66_rep2_Dep6_Tu0.5,0.134,2.958,0.212,0.000,2.003,0.000,2.242,1.497,0.983,13.269,8.022,3.007,65.673
Br66_rep5_Dep6_Tu50,44.881,4.714,0.000,3.234,1.015,0.000,0.819,0.000,0.000,4.793,5.895,1.236,33.413
Br66_rep9_Dep6_Tu20,19.282,2.630,0.292,1.292,1.301,0.000,2.281,0.231,1.874,9.104,6.955,2.158,52.599
Br66_rep8_Dep6_Tu3,3.087,3.462,0.026,0.000,1.420,0.025,1.994,0.346,2.627,11.865,8.545,2.929,63.674
Br66_rep9_Dep6_Tu10,9.345,2.656,0.000,0.390,1.872,0.000,2.527,0.295,0.000,12.121,8.215,3.227,59.352
Br66_rep7_Dep6_Tu2,2.067,3.333,0.000,0.000,0.986,0.000,2.311,2.067,0.000,12.196,9.261,3.033,64.745
Br66_rep6_Dep6_Tu3,3.389,3.058,0.000,0.000,1.614,0.555,2.578,1.308,2.112,10.883,8.313,1.974,64.217
Br66_rep1_Dep6_Tu0.5,0.204,3.069,0.222,0.000,1.579,0.000,2.542,3.059,1.668,12.052,9.157,1.903,64.543
Br66_rep2_Dep6_Tu40,36.288,5.735,0.000,2.329,0.299,0.000,1.037,0.543,0.000,3.953,7.292,2.558,39.966
Br66_rep1_Dep6_Tu2,2.238,1.915,0.274,0.000,1.899,0.508,2.098,0.861,2.914,11.870,8.233,2.913,64.278
Br66_rep8_Dep6_Tu1,1.513,1.952,0.191,0.000,2.046,0.382,2.329,0.223,2.717,11.549,9.732,2.521,64.847
Br66_rep4_Dep6_Tu3,3.426,1.703,0.470,0.000,1.681,0.352,1.789,3.547,0.196,10.942,8.630,3.570,63.695
Br66_rep7_Dep6_Tu40,36.110,3.656,0.331,2.021,1.369,0.000,1.561,0.000,0.000,8.777,5.389,2.067,38.717
Br66_rep7_Dep6_Tu0.5,0.554,3.426,0.217,0.000,1.520,0.324,2.531,2.540,2.518,10.591,7.256,2.431,66.092
Br66_rep2_Dep6_Tu30,26.784,3.103,0.054,2.465,1.183,0.000,2.038,0.856,0.000,9.627,4.375,2.637,46.878
Br66_rep2_Dep6_Tu0.1,0.000,2.474,0.474,0.000,2.242,0.187,1.783,0.261,3.791,11.859,9.569,2.812,64.548
Br66_rep7_Dep6_Tu0.1,0.167,1.818,0.423,0.000,2.203,0.393,2.417,2.466,1.048,12.572,8.541,2.028,65.925
Br66_rep1_Dep6_Tu40,36.167,2.892,0.000,3.343,0.768,0.000,1.273,0.675,0.000,7.083,4.776,2.241,40.784
Br66_rep7_Dep6_Tu5,4.917,1.689,0.553,0.000,1.742,0.276,2.144,4.464,0.000,10.616,9.770,2.042,61.787
Br66_rep4_Dep6_Tu1,1.295,3.024,0.362,0.000,1.471,0.394,2.343,0.000,3.224,10.032,10.474,2.449,64.933
Br66_rep8_Dep6_Tu0.1,0.264,3.244,0.343,0.000,1.569,0.193,2.804,1.593,1.804,12.013,9.280,2.759,64.134
Br66_rep4_Dep6_Tu2,2.075,2.835,0.038,0.000,2.295,0.638,1.922,0.237,5.151,9.194,8.697,2.305,64.612
Br66_rep1_Dep6_Tu0.1,0.000,2.753,0.013,0.000,1.489,0.013,2.009,0.938,2.511,13.301,8.378,2.521,66.073
Br66_rep2_Dep6_Tu10,9.101,2.924,0.468,0.014,1.586,0.000,2.439,4.673,0.000,10.573,6.818,2.360,59.043
Br66_rep4_Dep6_Tu20,19.052,4.168,0.000,0.298,1.414,0.000,1.935,2.007,0.000,9.655,5.886,2.837,52.749
Br66_rep4_Dep6_Tu0.3,0.000,2.713,0.307,0.000,1.678,0.249,2.257,0.000,3.011,14.750,7.777,2.403,64.855
Br66_rep10_Dep6_Tu3,3.221,3.426,0.000,0.000,1.512,0.347,2.266,2.461,2.574,10.997,7.395,1.477,64.323
Br66_rep1_Dep6_Tu20,18.975,3.430,0.093,0.411,1.266,0.000,1.459,0.000,2.036,9.516,8.020,2.064,52.730
Br66_rep6_Dep6_Tu1,0.423,3.005,0.167,0.000,1.807,0.000,1.973,0.734,1.414,13.484,8.750,2.955,65.287
Br66_rep6_Dep6_Tu50,44.036,2.439,0.532,4.235,0.706,0.000,1.103,0.000,0.000,7.084,4.379,1.282,34.202
Br66_rep9_Dep6_Tu3,2.683,2.998,0.274,0.000,1.291,0.000,2.126,1.428,2.710,12.737,8.179,2.236,63.338
Br66_rep3_Dep6_Tu50,44.861,5.402,0.112,2.851,0.353,0.000,0.979,0.000,0.000,5.727,6.514,0.733,32.467
Br66_rep8_Dep6_Tu30,27.297,3.592,0.038,1.664,1.320,0.000,1.954,0.623,0.000,9.017,5.793,2.220,46.484
Br66_rep7_Dep6_Tu20,18.705,2.014,0.635,0.868,1.785,0.029,1.419,2.785,0.466,9.751,6.659,2.148,52.736
Br66_rep3_Dep6_Tu2,2.229,2.670,0.433,0.000,1.688,0.386,2.914,0.428,3.934,10.393,9.024,1.970,63.933
Br66_rep8_Dep6_Tu50,45.991,4.554,0.000,3.938,0.236,0.000,2.070,0.312,0.000,3.046,4.847,1.861,33.145
Br66_rep3_Dep6_Tu3,2.931,2.710,0.000,0.000,1.384,0.423,2.480,2.054,0.813,12.681,7.808,2.914,63.801
Br66_rep3_Dep6_Tu0.3,0.327,3.204,0.129,0.000,1.426,0.000,2.510,2.414,2.340,11.889,7.849,2.330,65.583
Br66_rep8_Dep6_Tu0.3,0.000,2.538,0.035,0.000,1.368,0.000,2.610,2.889,0.000,13.435,8.158,2.666,66.302
Br66_rep3_Dep6_Tu0.1,0.000,2.874,0.272,0.000,2.035,0.209,2.026,0.932,2.150,11.730,10.501,2.844,64.426
Br66_rep10_Dep6_Tu0.3,0.330,2.022,0.060,0.000,1.506,0.083,2.032,3.707,1.557,12.626,7.692,2.408,65.977
Br66_rep2_Dep6_Tu50,45.178,3.486,0.469,3.294,0.844,0.000,0.906,0.000,0.000,5.874,5.425,1.265,33.259
Br66_rep5_Dep6_Tu5,5.053,3.038,0.467,0.000,1.084,0.374,2.055,3.879,0.377,9.661,8.929,2.276,62.807
Br66_rep10_Dep6_Tu20,18.816,4.178,0.000,0.657,1.066,0.183,1.645,1.142,0.403,9.006,8.110,2.714,52.079
Br66_rep7_Dep6_Tu30,27.319,2.506,0.423,1.607,1.332,0.000,1.972,1.206,0.000,8.790,5.571,2.323,46.950
Br66_rep9_Dep6_Tu30,27.605,2.705,0.731,1.342,1.284,0.000,1.819,0.000,0.000,8.947,6.711,2.747,46.108
Br66_rep5_Dep6_Tu40,37.444,1.653,0.020,2.042,1.573,0.458,2.575,1.990,0.000,5.018,4.963,2.338,39.926
Br66_rep8_Dep6_Tu10,9.791,3.318,0.000,0.000,0.621,0.254,2.279,0.098,4.431,9.467,8.917,2.467,58.358
Br66_rep9_Dep6_Tu50,44.294,3.320,0.468,4.029,1.126,0.000,0.888,0.000,0.000,5.645,4.438,1.747,34.045
Br66_rep2_Dep6_Tu0.3,0.585,3.481,0.120,0.000,1.255,0.084,2.026,2.895,0.000,12.420,8.500,3.110,65.526
Br66_rep1_Dep6_Tu10,9.315,3.092,0.376,0.337,0.512,0.322,2.559,1.805,2.421,8.830,8.773,1.789,59.869
Cer77_rep9_Dep6_Tu3,0.454,3.707,1.077,1.090,2.274,0.000,2.052,2.243,1.937,12.749,8.135,2.738,61.544
Cer77_rep5_Dep6_Tu30,4.508,10.847,6.107,8.442,7.886,1.453,3.929,6.686,0.000,4.431,4.286,2.982,38.442
Cer77_rep3_Dep6_Tu30,4.686,11.972,6.122,8.330,8.380,1.159,3.350,4.630,0.000,5.387,4.494,2.035,39.455
Cer77_rep8_Dep6_Tu50,7.353,15.053,8.507,12.291,10.864,1.933,3.887,7.830,0.000,0.000,2.900,3.453,25.928
Cer77_rep1_Dep6_Tu1,0.392,3.051,0.482,0.000,1.895,0.537,2.742,0.000,4.350,10.728,9.816,2.738,63.268
Cer77_rep7_Dep6_Tu3,0.900,4.107,1.341,0.505,2.406,0.965,2.735,1.466,2.398,10.088,9.104,2.128,61.857
Cer77_rep10_Dep6_Tu2,0.160,2.465,1.337,0.535,2.335,0.423,2.951,2.826,0.000,10.743,8.767,2.996,64.462
Cer77_rep2_Dep6_Tu0.5,0.000,2.949,0.336,0.000,2.143,0.054,2.349,1.684,0.541,13.316,7.965,3.219,65.444
Cer77_rep3_Dep6_Tu20,3.248,9.104,4.712,6.234,6.485,0.766,3.409,4.254,0.000,7.066,4.936,3.061,46.724
Cer77_rep1_Dep6_Tu2,0.684,2.990,1.009,0.039,2.485,0.910,2.364,0.935,2.102,11.975,8.065,3.179,63.262
Cer77_rep2_Dep6_Tu5,1.281,5.477,1.343,1.480,2.880,0.432,2.213,2.824,0.000,10.823,7.658,3.017,60.572
Cer77_rep5_Dep6_Tu0.5,0.085,2.485,0.091,0.000,1.798,0.358,2.373,2.724,0.578,12.258,8.394,2.976,65.880
Cer77_rep2_Dep6_Tu50,6.392,15.917,9.020,12.621,11.728,1.867,2.566,7.336,0.000,0.000,4.059,3.002,25.491
Cer77_rep9_Dep6_Tu0.5,0.000,1.172,0.746,0.000,2.514,0.569,2.024,3.722,0.843,12.089,8.823,2.389,65.109
Cer77_rep4_Dep6_Tu10,2.412,6.400,3.084,2.616,4.071,1.266,2.500,3.483,0.000,8.726,8.341,2.202,54.900
Cer77_rep9_Dep6_Tu20,3.282,7.828,4.653,6.418,6.477,1.056,3.504,5.377,0.000,6.095,5.563,2.976,46.773
Cer77_rep3_Dep6_Tu10,2.341,6.482,2.413,2.620,3.845,0.854,3.218,5.314,0.000,8.311,6.666,2.555,55.381
Cer77_rep6_Dep6_Tu5,1.314,5.134,1.536,0.542,2.519,0.719,2.689,3.201,0.363,10.292,8.028,3.028,60.636
Cer77_rep5_Dep6_Tu1,0.138,2.602,0.942,0.000,1.963,0.417,2.460,2.625,1.014,11.291,10.261,2.535,63.754
Cer77_rep5_Dep6_Tu0.3,0.000,1.783,0.622,0.000,1.207,0.539,2.465,3.105,3.370,10.900,9.271,1.938,64.800
Cer77_rep4_Dep6_Tu50,6.986,15.246,8.710,12.516,11.778,1.692,3.652,7.726,0.000,0.000,3.110,2.753,25.831
Cer77_rep6_Dep6_Tu0.3,0.000,1.942,0.546,0.000,0.997,0.000,2.237,1.615,3.803,12.545,8.579,2.510,65.227
Cer77_rep4_Dep6_Tu40,5.707,13.564,7.545,10.576,10.475,1.954,3.506,6.014,0.000,2.061,3.924,2.707,31.966
Cer77_rep10_Dep6_Tu5,1.318,5.301,1.221,1.232,3.300,0.789,3.148,2.669,0.000,10.874,7.516,2.494,60.137
Cer77_rep3_Dep6_Tu1,0.053,1.913,0.876,0.000,2.405,0.655,2.329,0.000,4.454,11.508,9.056,2.793,63.958
Cer77_rep8_Dep6_Tu40,6.156,11.546,8.099,10.302,10.935,2.346,3.218,8.010,0.000,0.678,3.850,2.821,32.037
Cer77_rep7_Dep6_Tu0.3,0.006,3.210,0.272,0.000,1.693,0.427,2.306,0.525,2.539,12.053,8.934,2.038,65.997
Cer77_rep3_Dep6_Tu0.1,0.000,2.972,0.283,0.000,1.994,0.195,2.009,0.918,2.178,11.714,10.518,2.851,64.370
Cer77_rep4_Dep6_Tu0.3,0.000,2.667,0.493,0.000,1.796,0.299,2.436,0.000,2.793,14.451,7.830,2.410,64.826
Cer77_rep6_Dep6_Tu2,0.357,3.588,0.612,0.000,2.029,0.491,2.220,2.495,3.046,10.341,9.489,1.916,63.418
Cer77_rep6_Dep6_Tu20,3.215,10.167,4.970,5.664,5.623,1.132,2.977,4.710,0.000,6.393,3.714,2.771,48.665
Cer77_rep9_Dep6_Tu40,5.779,12.647,7.596,11.630,9.366,1.698,3.177,7.699,0.000,0.811,3.393,3.114,33.091
Cer77_rep6_Dep6_Tu40,6.064,12.388,7.757,10.788,9.610,1.588,3.512,6.518,0.000,2.621,3.101,2.253,33.799
Cer77_rep8_Dep6_Tu5,1.626,4.835,1.450,0.060,2.726,1.014,3.061,1.861,2.688,9.383,8.285,2.531,60.481
Cer77_rep5_Dep6_Tu50,7.215,14.750,8.722,12.239,11.064,2.119,3.280,6.932,0.000,0.942,3.625,2.876,26.236
Cer77_rep1_Dep6_Tu30,4.640,11.444,6.743,9.445,7.768,1.471,3.437,6.398,0.000,2.731,3.469,3.070,39.384
Cer77_rep2_Dep6_Tu20,3.310,9.484,4.428,5.938,5.975,0.539,3.477,4.264,0.000,7.635,5.615,2.873,46.464
Cer77_rep4_Dep6_Tu0.5,0.321,3.006,0.000,0.000,1.772,0.689,2.483,0.000,4.596,11.064,9.471,1.997,64.602
