Sample,BRCA,CEAD,CESC,COAD,OV,READ,bcell,cd4tcell,cd8tcell,erythroblast,monocyte,naturalkillercell,neutrophil
Colo_rep2_Dep6_Tu0.5,1.156,0.416,1.565,0.000,3.635,2.243,2.899,0.000,0.000,11.734,7.152,3.946,65.254
Colo_rep2_Dep6_Tu50,1.295,3.824,1.891,2.314,4.993,30.693,2.275,1.652,0.000,5.327,8.281,3.943,33.511
Colo_rep6_Dep6_Tu1,1.004,0.330,1.686,0.000,3.604,2.683,2.634,0.000,0.000,11.528,7.580,4.096,64.854
Colo_rep3_Dep6_Tu2,1.460,1.122,1.634,0.000,3.369,3.351,3.742,0.000,0.000,9.806,8.535,3.383,63.598
Colo_rep7_Dep6_Tu2,1.690,0.530,1.388,0.000,2.935,3.424,3.021,0.000,0.000,10.510,8.288,3.824,64.390
Colo_rep8_Dep6_Tu0.1,1.360,1.381,1.459,0.000,2.972,1.878,3.422,0.000,0.000,11.327,8.514,3.810,63.877
Colo_rep10_Dep6_Tu2,1.390,1.286,1.625,0.000,3.007,3.020,3.463,0.000,0.000,11.601,7.002,3.582,64.022
Colo_rep6_Dep6_Tu3,1.661,0.980,1.117,0.000,3.494,4.189,3.366,0.000,0.000,10.191,8.003,3.219,63.781
Colo_rep9_Dep6_Tu30,1.437,2.885,1.258,0.000,5.255,19.948,3.074,0.000,0.373,7.532,8.341,4.456,45.439
Colo_rep9_Dep6_Tu0.5,1.118,0.000,1.539,0.000,3.789,2.453,2.712,0.000,0.000,11.734,8.133,3.439,65.084
Colo_rep6_Dep6_Tu20,1.883,2.304,1.392,0.000,3.600,14.298,2.975,0.743,1.175,7.121,7.347,3.658,53.504
Colo_rep8_Dep6_Tu30,1.436,3.235,1.401,0.112,5.273,19.726,2.974,0.000,0.000,7.734,8.669,4.239,45.201
Colo_rep3_Dep6_Tu5,1.238,1.952,1.323,0.000,3.759,5.022,2.681,0.000,0.000,10.245,7.248,4.352,62.180
Colo_rep4_Dep6_Tu3,1.702,0.000,1.854,0.000,3.695,4.075,2.582,0.000,0.000,10.037,8.249,4.268,63.539
Colo_rep2_Dep6_Tu10,1.850,1.213,1.689,0.000,4.040,7.934,3.542,0.000,0.000,10.191,7.270,3.595,58.676
Colo_rep3_Dep6_Tu40,0.930,3.121,1.496,0.388,5.279,25.898,2.637,0.741,0.000,6.991,9.377,4.087,39.054
Colo_rep3_Dep6_Tu30,1.624,3.156,1.304,0.000,4.893,19.802,3.322,0.012,0.000,7.939,8.762,3.377,45.809
Colo_rep6_Dep6_Tu30,0.959,2.569,1.448,0.323,5.010,20.699,3.191,0.620,4.088,4.941,7.938,2.935,45.281
Colo_rep4_Dep6_Tu50,1.397,4.442,1.367,2.228,4.974,30.920,3.077,1.619,2.033,3.227,6.267,3.370,35.078
Colo_rep5_Dep6_Tu50,1.146,4.266,0.965,0.699,5.700,31.307,2.276,2.091,0.163,5.386,9.049,4.076,32.876
Colo_rep6_Dep6_Tu2,1.578,0.637,1.548,0.000,3.314,3.481,3.024,0.000,0.000,10.029,9.058,3.592,63.738
Colo_rep10_Dep6_Tu50,1.917,3.128,1.232,1.192,5.604,31.133,2.919,0.000,1.265,6.031,8.907,3.674,32.998
Colo_rep7_Dep6_Tu50,1.464,4.692,1.215,1.142,5.983,31.040,2.659,3.524,0.000,2.520,7.789,3.689,34.280
Colo_rep9_Dep6_Tu40,1.779,5.582,0.642,1.559,4.532,24.882,2.660,0.293,0.354,5.801,7.956,3.733,40.227
Colo_rep8_Dep6_Tu5,1.919,0.966,1.242,0.000,3.318,5.101,3.278,0.000,0.000,9.761,8.114,4.069,62.233
Colo_rep1_Dep6_Tu20,1.586,2.536,1.175,0.000,4.237,14.224,2.354,0.000,0.460,7.971,8.954,3.884,52.619
Colo_rep9_Dep6_Tu2,1.343,0.545,1.436,0.000,3.879,3.225,3.285,0.000,0.000,11.644,7.435,2.847,64.360
Colo_rep5_Dep6_Tu30,1.773,2.695,1.255,0.000,4.520,19.862,4.174,2.065,0.000,6.961,8.202,3.893,44.599
Colo_rep4_Dep6_Tu0.1,1.832,0.000,1.562,0.000,2.894,2.292,3.606,0.000,0.000,11.068,7.955,3.442,65.349
Colo_rep5_Dep6_Tu0.1,1.625,0.000,1.564,0.000,3.118,2.251,3.036,0.000,0.000,11.625,7.947,3.567,65.267
Colo_rep9_Dep6_Tu3,1.490,1.031,1.702,0.000,3.467,3.852,2.730,0.000,0.000,11.613,7.763,3.811,62.543
Colo_rep2_Dep6_Tu0.1,1.122,0.581,1.676,0.000,3.730,2.003,2.494,0.000,0.000,11.153,8.702,4.209,64.329
Colo_rep8_Dep6_Tu10,1.765,1.620,1.438,0.000,3.011,8.223,3.421,0.000,0.000,8.852,8.457,4.623,58.590
Colo_rep4_Dep6_Tu30,1.094,3.388,0.920,0.000,4.945,19.664,3.194,0.882,1.160,10.021,6.433,3.588,44.710
Colo_rep2_Dep6_Tu2,1.585,0.516,1.255,0.000,3.458,3.578,3.389,0.000,0.000,10.329,9.879,3.332,62.679
Colo_rep1_Dep6_Tu5,1.544,1.681,1.214,0.000,3.474,5.100,3.345,0.000,0.000,10.131,7.710,4.038,61.763
Colo_rep8_Dep6_Tu50,2.205,2.770,1.545,2.268,5.607,30.995,2.892,2.014,2.409,2.770,7.509,3.632,33.385
Colo_rep5_Dep6_Tu5,1.352,1.251,1.667,0.000,3.340,5.318,3.157,0.000,0.000,9.655,8.565,3.772,61.922
Colo_rep6_Dep6_Tu50,1.437,3.639,1.398,1.073,4.753,31.531,2.498,0.000,1.730,6.181,8.201,3.017,34.541
Colo_rep5_Dep6_Tu0.5,1.509,0.000,1.285,0.000,3.448,2.500,2.913,0.000,0.000,11.131,7.512,3.980,65.723
Colo_rep4_Dep6_Tu20,1.037,3.454,0.790,0.000,4.787,13.956,3.406,0.000,0.000,7.704,7.479,4.675,52.712
Colo_rep8_Dep6_Tu40,1.687,3.527,1.516,0.594,5.160,25.842,2.591,1.391,0.000,5.980,8.345,3.828,39.539
Colo_rep7_Dep6_Tu0.3,1.395,0.822,1.588,0.000,3.158,2.511,2.871,0.000,0.000,10.807,7.999,3.130,65.718
Colo_rep7_Dep6_Tu30,1.475,2.662,1.553,0.208,4.602,19.911,3.034,1.259,0.000,7.393,8.800,3.743,45.360
Colo_rep10_Dep6_Tu20,2.017,2.524,1.267,0.000,3.726,14.185,3.714,0.700,1.075,6.172,8.110,4.663,51.846
Colo_rep9_Dep6_Tu10,1.566,0.695,1.479,0.000,4.244,8.197,3.228,0.000,0.000,9.761,8.334,4.240,58.256
Colo_rep9_Dep6_Tu0.1,1.334,1.299,1.672,0.000,2.841,2.270,3.283,0.000,0.000,10.420,9.050,3.959,63.872
Colo_rep10_Dep6_Tu0.3,1.471,0.539,1.553,0.000,3.325,2.337,2.988,0.000,0.000,10.435,9.230,3.482,64.640
Colo_rep8_Dep6_Tu20,1.051,3.311,1.257,0.906,3.941,13.575,2.718,0.000,0.012,9.144,6.844,4.365,52.876
Colo_rep3_Dep6_Tu3,1.433,1.422,1.037,0.000,2.945,4.038,3.036,0.000,0.000,11.590,7.237,4.083,63.179
Colo_rep4_Dep6_Tu2,1.415,1.660,1.217,0.000,3.997,3.555,2.821,0.000,0.000,9.120,7.715,4.207,64.292
Colo_rep10_Dep6_Tu0.1,1.726,1.004,1.570,0.000,2.963,2.414,3.372,0.000,0.000,9.911,8.872,3.818,64.350
Colo_rep4_Dep6_Tu0.3,0.850,0.622,1.579,0.000,3.147,2.153,2.935,0.000,0.000,13.550,6.960,3.517,64.686
Colo_rep9_Dep6_Tu0.3,1.292,0.063,1.433,0.000,3.110,2.203,3.222,0.000,0.000,12.155,7.022,3.520,65.980
Colo_rep1_Dep6_Tu10,1.439,1.575,1.675,0.000,3.360,8.446,3.251,0.000,0.000,8.557,9.351,4.072,58.273
Colo_rep6_Dep6_Tu0.3,1.330,0.000,1.813,0.000,2.746,2.109,3.090,0.000,0.000,11.970,7.806,4.083,65.054
Colo_rep6_Dep6_Tu0.5,1.916,0.573,1.408,0.000,3.052,2.377,3.548,0.000,0.000,10.290,7.661,3.777,65.399
Colo_rep10_Dep6_Tu10,1.676,1.754,1.503,0.000,3.533,7.831,3.965,0.000,0.000,9.066,8.703,4.393,57.576
Colo_rep10_Dep6_Tu1,1.199,1.064,1.944,0.000,3.270,2.547,3.137,0.000,0.000,10.028,9.384,3.874,63.553
Colo_rep10_Dep6_Tu5,1.119,2.432,1.000,0.000,3.863,4.955,2.902,0.000,0.000,10.278,7.864,4.197,61.390
Colo_rep10_Dep6_Tu40,1.533,5.636,1.095,1.797,4.176,25.083,2.257,0.000,1.355,5.657,7.615,3.867,39.928
Colo_rep10_Dep6_Tu0.5,1.597,0.553,1.701,0.000,3.099,2.639,3.578,0.000,0.000,9.277,8.823,3.581,65.153
Colo_rep1_Dep6_Tu1,1.489,0.572,1.496,0.000,3.093,2.783,3.481,0.000,0.000,10.083,9.109,4.052,63.842
Colo_rep7_Dep6_Tu20,1.802,1.599,1.725,0.000,3.989,14.085,3.151,0.775,0.000,9.377,9.163,3.078,51.256
Colo_rep6_Dep6_Tu10,0.904,1.224,1.536,0.000,3.694,8.386,2.459,0.000,0.000,10.295,7.671,4.298,59.534
Colo_rep10_Dep6_Tu3,1.094,0.875,1.330,0.000,3.446,3.501,3.180,0.000,0.000,12.291,7.063,3.817,63.404
Colo_rep1_Dep6_Tu30,1.495,3.631,1.651,0.651,4.496,19.884,2.942,1.325,0.577,6.455,6.601,4.245,46.047
Colo_rep1_Dep6_Tu0.1,1.495,0.155,1.491,0.000,3.268,2.135,2.742,0.000,0.000,11.957,7.301,3.745,65.711
Colo_rep7_Dep6_Tu5,1.895,0.310,1.653,0.000,4.015,5.203,3.323,0.000,0.000,9.835,9.246,3.474,61.046
Colo_rep7_Dep6_Tu0.1,1.427,0.000,1.579,0.000,3.634,2.152,3.059,0.000,0.000,11.746,7.622,3.014,65.767
Colo_rep6_Dep6_Tu40,1.474,2.199,1.741,0.659,5.081,25.781,2.439,1.020,1.050,7.431,9.309,3.172,38.642
Colo_rep8_Dep6_Tu2,1.160,0.000,1.378,0.000,3.449,3.585,2.736,0.000,0.000,12.318,8.218,4.190,62.966
Colo_rep7_Dep6_Tu0.5,1.435,1.875,1.299,0.000,3.030,2.321,3.333,0.000,0.000,10.484,6.518,3.914,65.791
Colo_rep5_Dep6_Tu20,1.609,3.808,1.117,0.000,4.770,13.789,3.447,0.000,0.000,6.702,9.091,4.699,50.968
Colo_rep8_Dep6_Tu0.3,1.284,0.091,1.418,0.000,3.129,2.176,3.272,0.000,0.000,12.096,6.989,3.553,65.993
Colo_rep4_Dep6_Tu5,1.791,0.711,1.731,0.000,3.032,5.479,3.530,0.000,0.000,9.498,9.088,3.627,61.513
Colo_rep9_Dep6_Tu1,1.806,0.000,1.665,0.000,3.640,2.660,2.695,0.000,0.000,11.377,7.820,3.927,64.410
Colo_rep1_Dep6_Tu0.5,1.307,1.063,1.512,0.000,3.408,1.990,3.432,0.000,0.000,11.486,8.418,3.174,64.210
Colo_rep8_Dep6_Tu3,1.496,1.020,1.240,0.000,3.366,3.981,2.780,0.000,0.000,11.189,7.468,4.075,63.386
Colo_rep5_Dep6_Tu0.3,1.415,0.000,1.767,0.000,2.867,2.543,3.461,0.000,0.000,10.962,8.750,3.791,64.441
Colo_rep2_Dep6_Tu30,1.267,2.591,1.307,0.000,4.618,19.991,3.201,1.886,0.000,7.607,7.211,3.841,46.480
Colo_rep7_Dep6_Tu10,1.054,0.412,1.636,0.000,4.136,8.302,2.661,0.000,0.000,10.027,8.943,3.772,59.056
Colo_rep2_Dep6_Tu40,1.697,4.671,1.230,0.633,5.214,25.571,2.954,1.389,0.000,4.162,8.006,4.723,39.749
Colo_rep3_Dep6_Tu0.1,1.379,0.532,1.615,0.000,3.666,2.220,2.657,0.000,0.000,10.373,9.464,3.937,64.157
Colo_rep3_Dep6_Tu1,1.138,0.000,1.730,0.000,3.599,2.943,2.961,0.000,0.000,10.774,8.279,4.219,64.356
Colo_rep8_Dep6_Tu1,1.852,0.000,1.377,0.000,3.822,2.905,2.926,0.000,0.000,10.285,8.588,3.695,64.550
Colo_rep4_Dep6_Tu1,1.696,0.792,1.645,0.000,3.326,2.940,2.923,0.000,0.000,8.861,9.306,3.876,64.637
Colo_rep5_Dep6_Tu40,1.528,2.516,2.001,0.155,4.827,25.839,3.804,4.152,0.000,2.885,7.992,4.571,39.732
Colo_rep5_Dep6_Tu10,1.405,1.829,1.317,0.005,4.199,8.159,2.670,0.000,0.000,9.375,8.680,4.045,58.316
Colo_rep2_Dep6_Tu0.3,1.657,1.050,1.450,0.000,3.037,2.178,2.690,0.000,0.000,11.289,7.588,3.883,65.177
Colo_rep10_Dep6_Tu30,1.275,2.753,1.772,1.370,4.583,19.963,3.076,1.006,0.191,6.394,7.464,3.678,46.474
Colo_rep1_Dep6_Tu40,1.489,4.141,1.055,0.001,5.243,25.904,3.130,1.067,1.718,5.592,7.614,3.148,39.898
Colo_rep6_Dep6_Tu0.1,1.712,0.296,1.313,0.000,3.001,2.250,3.247,0.000,0.000,11.661,8.254,3.657,64.609
Colo_rep7_Dep6_Tu40,1.027,3.233,1.014,1.895,5.275,25.465,3.081,0.797,0.000,7.827,6.958,3.624,39.804
Colo_rep1_Dep6_Tu50,1.034,4.064,1.633,2.228,5.252,31.196,2.943,4.165,0.000,4.333,6.474,3.545,33.130
Colo_rep1_Dep6_Tu0.3,0.891,0.563,1.757,0.000,2.962,2.537,3.299,0.000,0.000,10.585,10.025,3.639,63.742
Colo_rep9_Dep6_Tu20,1.346,2.613,0.864,0.000,4.007,14.237,3.305,0.826,0.000,9.218,7.348,3.574,52.663
Colo_rep4_Dep6_Tu10,1.298,1.753,1.500,0.000,3.419,8.500,3.268,0.000,0.000,9.801,8.570,3.047,58.843
Colo_rep6_Dep6_Tu5,1.760,0.998,1.085,0.000,3.093,5.155,3.257,0.000,0.000,10.357,8.326,4.053,61.915
Colo_rep9_Dep6_Tu5,1.643,0.320,1.948,0.000,3.640,5.099,3.226,0.000,0.000,9.745,9.392,3.744,61.243
Colo_rep3_Dep6_Tu50,2.439,5.560,0.818,1.373,4.370,31.337,2.790,1.698,0.000,4.622,8.170,3.541,33.282
Colo_rep5_Dep6_Tu1,1.444,0.191,2.055,0.000,3.248,2.944,3.155,0.000,0.000,10.160,9.530,3.515,63.759
Colo_rep5_Dep6_Tu3,1.010,0.978,1.538,0.000,3.070,3.891,2.430,0.000,0.000,12.245,7.228,3.845,63.766
Colo_rep2_Dep6_Tu1,1.361,0.471,1.584,0.000,3.035,2.691,3.271,0.000,0.000,12.084,8.678,2.847,63.979
Colo_rep7_Dep6_Tu1,1.185,0.000,1.642,0.000,3.785,2.407,3.122,0.000,0.000,11.546,7.071,3.673,65.570
Colo_rep5_Dep6_Tu2,1.369,1.147,1.405,0.000,3.056,3.186,2.934,0.000,0.000,11.613,7.343,3.279,64.667
Colo_rep4_Dep6_Tu40,1.727,2.851,1.388,0.842,5.133,25.729,3.627,1.866,0.000,6.406,8.760,3.025,38.646
Colo_rep2_Dep6_Tu20,1.226,1.974,0.996,0.000,4.174,14.180,3.342,0.256,0.000,9.332,8.027,3.853,52.639
Colo_rep4_Dep6_Tu0.5,1.622,0.840,1.175,0.000,3.342,2.767,3.289,0.000,0.000,10.254,8.414,3.710,64.586
Colo_rep2_Dep6_Tu5,1.681,2.274,1.321,0.000,3.149,4.943,2.324,0.000,0.000,10.910,7.176,3.973,62.250
Colo_rep2_Dep6_Tu3,1.330,0.680,1.617,0.000,3.054,4.065,3.452,0.000,0.000,10.595,9.241,3.561,62.404
Colo_rep3_Dep6_Tu10,1.952,0.856,1.634,0.000,3.248,8.609,4.141,0.000,0.000,9.508,8.295,3.430,58.328
Colo_rep8_Dep6_Tu0.5,1.460,1.295,1.405,0.000,3.127,2.029,3.333,0.000,0.000,11.288,7.260,3.727,65.076
Colo_rep7_Dep6_Tu3,1.448,1.644,1.659,0.000,3.213,4.138,3.031,0.000,0.000,9.861,8.986,3.201,62.821
Colo_rep3_Dep6_Tu0.5,1.379,0.000,1.825,0.000,2.797,2.232,3.152,0.000,0.000,11.832,7.732,4.171,64.881
Colo_rep3_Dep6_Tu20,0.965,3.140,1.326,0.000,3.429,14.080,3.430,0.000,0.000,9.231,6.913,3.684,53.802
Colo_rep1_Dep6_Tu2,1.665,0.053,1.454,0.000,3.363,3.651,2.853,0.000,0.000,11.118,8.018,4.233,63.593
Colo_rep9_Dep6_Tu50,1.587,3.433,1.552,1.390,4.994,31.573,2.892,1.808,0.000,5.281,8.535,2.959,33.995
Colo_rep3_Dep6_Tu0.3,1.477,1.320,1.345,0.000,3.082,1.905,3.252,0.000,0.000,11.441,7.184,3.727,65.267
Colo_rep1_Dep6_Tu3,1.187,1.468,1.452,0.000,2.834,3.941,3.270,0.000,0.000,10.443,8.797,3.331,63.277
Br62_rep5_Dep6_Tu0.5,2.072,0.000,1.321,0.000,3.443,2.198,2.874,0.000,0.000,10.914,7.642,3.808,65.728
Br62_rep5_Dep6_Tu3,3.890,0.928,1.430,0.000,2.951,1.810,2.276,0.000,0.000,12.350,6.835,3.523,64.007
Br62_rep6_Dep6_Tu30,25.267,3.160,1.381,2.330,2.192,0.472,2.418,2.267,0.117,6.612,5.604,2.382,45.799
Br62_rep7_Dep6_Tu20,18.073,2.184,1.507,0.358,2.752,1.039,2.339,0.000,0.176,10.424,6.453,2.425,52.269
Br62_rep2_Dep6_Tu40,32.741,6.115,1.111,2.825,2.158,0.000,0.838,2.073,0.325,4.973,4.696,2.260,39.883
Br62_rep8_Dep6_Tu0.5,1.933,1.456,1.290,0.000,3.122,1.686,3.291,0.000,0.000,11.446,7.176,3.684,64.914
Br62_rep5_Dep6_Tu2,3.094,1.304,1.385,0.000,2.865,1.830,2.884,0.000,0.000,11.748,7.499,3.043,64.348
Br62_rep4_Dep6_Tu50,39.313,5.354,1.563,3.888,1.448,0.000,1.507,4.301,0.000,3.342,4.174,0.921,34.188
Br62_rep8_Dep6_Tu40,32.682,4.453,1.062,2.825,2.103,0.000,0.977,2.694,0.000,7.582,3.948,1.382,40.292
Br62_rep7_Dep6_Tu2,3.617,0.952,1.286,0.000,2.672,2.042,2.940,0.000,0.000,10.331,8.238,3.683,64.240
Br62_rep9_Dep6_Tu40,33.046,5.146,1.075,2.778,1.798,0.000,1.103,0.613,0.000,6.519,4.645,2.494,40.783
Br62_rep10_Dep6_Tu2,3.046,1.308,1.632,0.000,3.106,1.705,3.337,0.000,0.000,11.564,6.642,3.498,64.162
Br62_rep6_Dep6_Tu10,9.159,2.996,1.275,0.000,3.088,1.597,2.118,0.000,0.000,10.527,6.876,3.326,59.039
Br62_rep2_Dep6_Tu2,3.228,0.987,1.378,0.000,3.415,2.073,3.237,0.000,0.000,10.202,9.249,3.080,63.152
Br62_rep9_Dep6_Tu5,5.936,0.204,2.073,0.000,3.509,1.909,2.969,0.000,0.000,9.742,9.144,3.257,61.257
Br62_rep6_Dep6_Tu40,32.500,4.226,1.547,2.313,1.929,0.000,0.673,1.904,0.000,8.824,4.803,1.123,40.157
Br62_rep4_Dep6_Tu20,18.066,3.282,0.949,0.881,2.524,0.570,2.266,0.000,0.000,9.532,6.503,2.854,52.574
Br62_rep9_Dep6_Tu1,2.839,0.060,1.659,0.000,3.627,2.022,2.580,0.000,0.000,11.386,7.603,3.863,64.360
Br62_rep1_Dep6_Tu0.3,1.083,0.693,1.768,0.000,2.972,2.307,3.344,0.000,0.000,10.843,9.738,3.679,63.575
Br62_rep3_Dep6_Tu5,5.362,1.682,1.221,0.000,3.929,1.587,2.734,0.000,0.000,10.347,6.681,4.156,62.302
Br62_rep9_Dep6_Tu50,39.039,5.504,1.909,3.433,1.192,0.000,1.043,2.953,0.000,5.461,3.809,1.200,34.460
Br62_rep5_Dep6_Tu30,24.981,4.069,1.146,1.511,2.467,0.000,2.426,1.559,0.000,9.703,4.572,2.029,45.538
Br62_rep9_Dep6_Tu0.5,1.642,0.000,1.497,0.000,3.700,2.120,2.735,0.000,0.000,11.658,8.054,3.473,65.122
Br62_rep1_Dep6_Tu20,18.125,3.031,1.187,0.851,2.995,0.587,1.899,0.000,0.000,9.113,7.082,2.311,52.820
Br62_rep4_Dep6_Tu2,3.214,1.142,1.203,0.000,3.858,2.222,2.557,0.000,0.000,9.716,7.808,3.934,64.346
Br62_rep8_Dep6_Tu3,4.064,1.655,1.501,0.000,3.156,1.756,2.534,0.000,0.000,10.524,7.043,3.957,63.810
Br62_rep2_Dep6_Tu5,6.353,1.484,1.350,0.000,2.872,1.711,2.393,0.000,0.000,10.962,6.743,3.711,62.423
Br62_rep2_Dep6_Tu1,2.456,0.356,1.568,0.000,2.952,2.049,3.166,0.000,0.000,12.091,8.386,2.825,64.151
Br62_rep8_Dep6_Tu1,2.891,0.000,1.420,0.000,3.673,2.208,2.947,0.000,0.000,10.434,8.093,3.621,64.714
Br62_rep10_Dep6_Tu0.1,1.775,0.878,1.541,0.000,3.057,2.369,3.398,0.000,0.000,9.888,8.817,3.858,64.419
Br62_rep3_Dep6_Tu40,32.941,4.272,1.274,3.145,1.426,0.000,1.476,1.624,0.665,6.686,4.054,2.862,39.575
Br62_rep8_Dep6_Tu0.3,1.497,0.076,1.453,0.000,3.218,2.006,3.193,0.000,0.000,12.057,6.919,3.482,66.098
Br62_rep4_Dep6_Tu0.5,2.136,0.945,1.119,0.000,3.259,2.452,3.281,0.000,0.000,10.082,8.537,3.603,64.586
Br62_rep6_Dep6_Tu50,38.353,5.421,1.631,3.572,1.055,0.000,1.398,2.279,0.000,7.400,3.946,1.187,33.758
Br62_rep7_Dep6_Tu0.1,1.475,0.000,1.584,0.000,3.694,2.077,3.147,0.000,0.000,11.756,7.413,3.041,65.813
Br62_rep9_Dep6_Tu30,25.272,5.347,0.993,2.112,2.089,0.000,1.643,0.000,0.000,9.106,4.808,2.547,46.082
Br62_rep6_Dep6_Tu20,17.607,3.353,1.195,0.505,2.221,0.859,2.392,0.244,0.738,9.676,5.070,2.990,53.151
Br62_rep5_Dep6_Tu5,5.975,1.247,1.733,0.000,2.935,1.730,2.883,0.000,0.000,10.465,8.032,3.252,61.750
Br62_rep4_Dep6_Tu40,31.686,4.333,1.237,2.413,1.989,0.000,2.498,1.868,0.000,8.870,4.999,0.932,39.175
Br62_rep8_Dep6_Tu0.1,1.421,1.341,1.460,0.000,3.033,1.821,3.436,0.000,0.000,11.265,8.496,3.796,63.931
Br62_rep1_Dep6_Tu40,32.014,4.607,0.839,3.848,1.774,0.000,1.235,2.376,0.000,7.426,4.213,1.624,40.043
Br62_rep3_Dep6_Tu30,25.727,4.140,0.948,1.624,2.826,0.000,1.959,0.495,0.000,10.617,3.754,1.845,46.065
Br62_rep7_Dep6_Tu0.5,1.824,2.105,1.233,0.000,3.018,1.999,3.247,0.000,0.000,10.430,6.584,3.814,65.746
Br62_rep1_Dep6_Tu10,9.815,2.040,1.514,0.000,2.579,1.598,3.288,0.000,0.000,9.299,7.700,2.892,59.273
Br62_rep10_Dep6_Tu20,18.282,4.086,0.934,1.112,1.796,0.917,2.402,0.564,0.118,7.735,7.305,3.295,51.454
Br62_rep1_Dep6_Tu5,5.737,1.852,1.322,0.000,3.220,1.786,2.717,0.000,0.000,10.610,7.309,3.786,61.661
Br62_rep3_Dep6_Tu50,38.749,4.861,1.658,3.739,1.713,0.000,1.744,3.689,0.000,5.974,4.263,0.829,32.781
Br62_rep1_Dep6_Tu3,3.624,1.336,1.552,0.000,2.753,1.977,3.067,0.000,0.000,10.538,8.643,3.338,63.172
Br62_rep7_Dep6_Tu30,24.960,5.302,1.172,1.885,1.731,0.000,1.456,0.294,0.000,9.192,5.178,2.276,46.554
Br62_rep6_Dep6_Tu1,1.961,0.424,1.617,0.000,3.673,1.962,2.587,0.000,0.000,11.844,7.181,3.853,64.897
Br62_rep1_Dep6_Tu0.5,1.774,1.235,1.462,0.000,3.253,1.714,3.340,0.000,0.000,11.578,8.418,3.094,64.132
Br62_rep1_Dep6_Tu0.1,1.607,0.239,1.495,0.000,3.246,2.086,2.711,0.000,0.000,11.889,7.129,3.817,65.781
Br62_rep9_Dep6_Tu3,4.019,0.930,1.757,0.000,3.137,1.810,2.727,0.000,0.000,11.683,7.245,3.720,62.973
Br62_rep5_Dep6_Tu40,31.569,4.038,1.483,2.977,2.390,0.000,1.886,3.852,0.000,4.944,4.079,2.374,40.407
Br62_rep10_Dep6_Tu3,3.592,1.558,1.439,0.000,3.272,1.380,2.915,0.000,0.000,12.003,6.756,3.543,63.541
Br62_rep2_Dep6_Tu0.3,1.937,1.129,1.462,0.000,3.043,2.011,2.686,0.000,0.000,11.192,7.444,3.848,65.247
Br62_rep10_Dep6_Tu40,31.306,6.454,0.774,2.677,2.308,0.000,1.257,2.760,0.000,8.181,3.641,1.668,38.976
Br62_rep3_Dep6_Tu2,2.917,1.102,1.675,0.000,3.397,2.030,3.745,0.000,0.000,9.915,8.303,3.366,63.550
Br62_rep5_Dep6_Tu1,2.446,0.000,2.081,0.000,3.281,2.220,3.053,0.000,0.000,10.229,9.305,3.616,63.768
Br62_rep4_Dep6_Tu1,2.421,0.610,1.731,0.000,3.374,2.315,3.043,0.000,0.000,8.799,9.429,3.704,64.573
Br62_rep10_Dep6_Tu0.5,1.997,0.544,1.712,0.000,3.139,2.236,3.637,0.000,0.000,9.519,8.686,3.512,65.018
Br62_rep5_Dep6_Tu20,17.986,4.284,1.296,0.917,2.920,0.670,2.158,0.000,0.000,8.040,6.495,3.454,51.780
Br62_rep6_Dep6_Tu0.3,1.595,0.000,1.697,0.000,2.800,1.915,3.084,0.000,0.000,12.041,7.821,4.051,64.997
Br62_rep9_Dep6_Tu0.3,1.543,0.129,1.461,0.000,3.099,2.000,3.196,0.000,0.000,12.055,7.053,3.532,65.931
Br62_rep2_Dep6_Tu20,17.801,2.607,1.182,0.774,2.674,0.512,2.655,0.000,0.000,10.535,6.727,2.310,52.223
Br62_rep6_Dep6_Tu0.5,2.200,0.572,1.414,0.000,3.096,2.027,3.533,0.000,0.000,10.212,7.743,3.792,65.411
Br62_rep8_Dep6_Tu10,10.307,2.613,1.097,0.000,2.552,1.493,2.745,0.000,0.000,9.059,7.576,3.999,58.558
Br62_rep2_Dep6_Tu0.1,1.193,0.625,1.680,0.000,3.790,1.972,2.489,0.000,0.000,11.032,8.655,4.152,64.412
Br62_rep5_Dep6_Tu10,10.228,0.000,1.775,0.064,3.253,1.590,2.351,0.000,0.000,11.246,7.143,3.046,59.304
Br62_rep10_Dep6_Tu10,10.213,2.178,1.430,0.264,2.789,1.222,3.433,0.000,0.000,8.660,7.832,3.603,58.375
Br62_rep4_Dep6_Tu10,9.927,3.373,1.328,0.000,2.483,1.624,2.619,0.000,0.000,9.492,7.426,2.724,59.003
Br62_rep3_Dep6_Tu0.1,1.442,0.449,1.618,0.000,3.690,2.147,2.647,0.000,0.000,10.514,9.419,3.924,64.148
Br62_rep2_Dep6_Tu50,39.533,4.728,1.625,2.649,1.970,0.000,1.068,3.376,0.000,6.325,4.144,1.024,33.558
Br62_rep9_Dep6_Tu10,10.274,0.752,1.208,0.525,3.109,1.634,2.889,0.000,0.000,10.256,7.179,3.574,58.599
Br62_rep5_Dep6_Tu0.3,1.737,0.000,1.742,0.000,2.840,2.311,3.319,0.000,0.000,11.303,8.639,3.678,64.429
Br62_rep8_Dep6_Tu50,39.774,4.455,1.421,4.007,1.868,0.000,1.899,3.385,1.765,2.130,4.103,1.589,33.604
Br62_rep4_Dep6_Tu0.3,1.086,0.573,1.583,0.000,3.085,1.981,2.902,0.000,0.000,13.604,6.840,3.579,64.766
Br62_rep7_Dep6_Tu1,2.150,0.000,1.585,0.000,3.742,1.780,3.150,0.000,0.000,11.555,6.950,3.606,65.480
Br62_rep3_Dep6_Tu0.5,1.867,0.000,1.681,0.000,2.738,1.881,3.068,0.000,0.000,12.135,7.678,3.987,64.966
Br62_rep7_Dep6_Tu40,31.959,5.512,1.344,2.414,1.892,0.000,1.110,1.248,0.168,8.978,3.595,2.100,39.679
Br62_rep2_Dep6_Tu3,4.499,0.927,1.555,0.000,2.717,1.933,3.320,0.000,0.000,10.699,8.610,3.269,62.471
Br62_rep2_Dep6_Tu0.5,1.495,0.623,1.545,0.000,3.603,1.874,2.912,0.000,0.000,11.755,6.941,3.859,65.393
Br62_rep1_Dep6_Tu50,39.420,4.483,1.269,3.134,1.590,0.000,1.368,3.631,0.000,6.096,3.603,0.880,34.527
Br62_rep3_Dep6_Tu3,3.836,1.732,0.889,0.000,2.824,1.900,3.071,0.000,0.000,11.883,6.530,3.714,63.619
Br62_rep7_Dep6_Tu3,4.110,1.983,1.444,0.000,2.674,2.054,3.045,0.000,0.000,10.274,8.503,3.078,62.835
Br62_rep3_Dep6_Tu0.3,1.695,1.405,1.405,0.000,3.134,1.720,3.308,0.000,0.000,11.303,7.067,3.645,65.319
Br62_rep8_Dep6_Tu30,24.666,3.145,1.616,2.082,2.967,0.274,2.265,0.000,0.000,9.341,5.950,2.206,45.486
Br62_rep4_Dep6_Tu30,24.041,5.144,1.190,1.510,2.531,0.000,2.049,0.490,1.116,10.143,4.265,1.985,45.535
Br62_rep6_Dep6_Tu3,4.454,1.554,0.969,0.000,3.125,1.941,3.064,0.000,0.000,10.741,7.563,2.839,63.750
Br62_rep4_Dep6_Tu0.1,1.848,0.000,1.560,0.000,2.866,2.183,3.557,0.000,0.000,11.278,7.873,3.477,65.358
Br62_rep8_Dep6_Tu5,6.234,1.645,1.121,0.000,2.860,1.715,2.867,0.000,0.000,10.262,7.780,3.601,61.916
Br62_rep10_Dep6_Tu50,38.570,6.770,1.987,3.675,0.501,0.000,1.086,1.134,0.284,7.379,3.703,1.267,33.645
Br62_rep10_Dep6_Tu0.3,1.760,0.315,1.562,0.000,3.407,2.190,2.925,0.000,0.000,10.613,9.119,3.411,64.697
Br62_rep3_Dep6_Tu20,16.849,2.215,1.423,0.733,2.543,0.854,2.416,0.000,0.000,10.527,6.229,2.764,53.447
Br62_rep1_Dep6_Tu1,2.389,0.696,1.472,0.000,3.160,2.112,3.431,0.000,0.000,10.052,9.020,4.026,63.643
Br62_rep3_Dep6_Tu1,2.013,0.000,1.782,0.000,3.500,2.229,2.876,0.000,0.000,10.970,8.063,4.227,64.339
Br62_rep9_Dep6_Tu2,2.929,0.380,1.470,0.000,3.682,1.927,3.340,0.000,0.000,11.681,7.332,2.805,64.455
Br62_rep7_Dep6_Tu50,38.925,6.056,1.554,3.410,1.851,0.000,0.808,5.424,0.000,4.981,3.679,0.665,32.646
Br62_rep7_Dep6_Tu5,5.781,1.165,1.624,0.000,3.639,1.791,2.696,0.000,0.000,10.247,8.725,3.174,61.158
Br62_rep8_Dep6_Tu2,3.221,0.168,1.339,0.000,3.193,2.158,2.580,0.000,0.000,12.267,8.152,4.157,62.765
Br62_rep5_Dep6_Tu0.1,1.652,0.000,1.579,0.000,3.152,2.212,3.021,0.000,0.000,11.596,7.901,3.587,65.301
Br62_rep6_Dep6_Tu5,5.538,1.511,1.180,0.000,3.004,1.812,2.845,0.000,0.000,10.258,7.676,3.740,62.435
Br62_rep9_Dep6_Tu20,17.305,3.754,1.053,1.261,2.238,0.558,2.651,0.000,0.149,8.862,6.414,2.680,53.076
Br62_rep2_Dep6_Tu30,25.413,3.418,0.934,2.446,2.042,0.000,1.430,0.423,0.000,9.953,4.615,2.854,46.473
Br62_rep7_Dep6_Tu10,9.399,1.783,1.394,0.000,3.577,1.638,2.486,0.000,0.000,10.340,6.850,2.963,59.570
Br62_rep6_Dep6_Tu0.1,1.802,0.411,1.315,0.000,3.061,2.194,3.323,0.000,0.000,11.558,8.139,3.664,64.532
Br62_rep5_Dep6_Tu50,38.859,8.337,0.870,3.173,1.390,0.000,0.415,1.565,0.063,5.586,4.821,1.157,33.764
Br62_rep10_Dep6_Tu1,2.054,1.303,1.921,0.000,3.056,1.840,2.990,0.000,0.000,10.395,9.082,3.772,63.588
Br62_rep1_Dep6_Tu30,24.267,5.260,1.135,2.652,2.151,0.000,2.094,0.000,0.300,7.760,4.714,2.451,47.217
Br62_rep7_Dep6_Tu0.3,1.610,0.877,1.492,0.000,3.292,2.320,2.947,0.000,0.000,10.663,7.822,3.175,65.801
Br62_rep2_Dep6_Tu10,9.896,1.370,1.707,0.032,3.228,1.229,3.103,0.000,0.000,11.300,6.248,2.781,59.106
Br62_rep9_Dep6_Tu0.1,1.417,1.156,1.638,0.000,2.940,2.179,3.296,0.000,0.000,10.455,9.035,3.963,63.920
Br62_rep3_Dep6_Tu10,10.752,1.149,1.262,0.052,2.863,1.496,3.535,0.000,0.000,10.360,7.552,2.867,58.111
Br62_rep4_Dep6_Tu5,5.865,1.178,1.686,0.000,2.830,2.067,3.159,0.000,0.000,9.783,8.705,3.496,61.232
Br62_rep8_Dep6_Tu20,16.596,4.615,1.117,2.107,2.224,0.402,2.060,0.000,0.000,9.039,5.665,2.913,53.262
Br62_rep1_Dep6_Tu2,3.433,0.164,1.533,0.000,3.341,2.102,2.780,0.000,0.000,11.454,7.548,4.134,63.511
Br62_rep10_Dep6_Tu5,5.865,2.416,0.933,0.000,3.127,1.643,2.697,0.000,0.000,10.510,7.018,4.176,61.615
Br62_rep10_Dep6_Tu30,25.031,3.063,1.438,2.144,3.305,0.000,1.889,0.127,1.392,8.262,4.483,2.113,46.753
Br62_rep6_Dep6_Tu2,3.163,0.711,1.523,0.000,3.288,2.035,3.061,0.000,0.000,10.237,8.644,3.326,64.012
Br62_rep4_Dep6_Tu3,4.418,0.488,1.587,0.000,3.352,1.981,2.461,0.000,0.000,10.464,7.604,4.087,63.560
Br66_rep4_Dep6_Tu50,46.101,1.046,1.208,3.504,2.013,1.066,2.617,0.000,0.000,2.758,3.987,2.425,33.274
Br66_rep3_Dep6_Tu0.5,1.621,0.000,1.806,0.000,2.728,1.950,3.087,0.000,0.000,11.898,7.958,4.042,64.910
Br66_rep2_Dep6_Tu3,4.580,0.574,1.582,0.000,2.539,2.165,3.353,0.000,0.000,11.032,8.407,3.066,62.701
Br66_rep6_Dep6_Tu40,36.780,1.500,1.332,2.909,2.177,1.422,0.750,0.000,0.000,6.604,5.705,1.865,38.955
Br66_rep9_Dep6_Tu0.1,1.426,1.167,1.711,0.000,2.842,2.205,3.290,0.000,0.000,10.380,9.149,3.977,63.853
Br66_rep9_Dep6_Tu5,6.461,0.000,1.818,0.000,3.620,2.075,3.351,0.000,0.000,9.463,8.803,3.359,61.050
Br66_rep10_Dep6_Tu1,2.561,0.866,1.373,0.000,3.363,1.920,2.566,0.000,0.000,10.924,7.278,4.136,65.012
Br66_rep6_Dep6_Tu20,19.920,1.530,1.754,0.000,2.371,1.803,2.380,0.000,0.000,8.285,4.973,3.004,53.981
Br66_rep10_Dep6_Tu30,28.519,1.279,1.778,0.944,2.606,1.833,2.161,0.000,0.000,7.075,5.408,2.764,45.634
Br66_rep10_Dep6_Tu5,5.879,0.580,1.081,0.000,3.471,2.124,3.257,0.000,0.000,10.842,7.471,3.153,62.141
Br66_rep7_Dep6_Tu1,2.130,0.000,1.529,0.000,3.681,1.851,2.956,0.000,0.000,11.730,6.868,3.592,65.664
Br66_rep6_Dep6_Tu0.3,1.545,0.000,1.815,0.000,2.706,1.913,3.067,0.000,0.000,12.031,7.731,4.081,65.112
Br66_rep1_Dep6_Tu30,28.534,1.903,1.543,1.780,2.592,1.375,2.310,0.000,0.000,6.360,3.260,3.321,47.023
Br66_rep3_Dep6_Tu1,2.239,0.000,1.728,0.000,3.362,2.248,2.812,0.000,0.000,10.997,8.154,4.194,64.267
Br66_rep3_Dep6_Tu30,28.807,1.241,1.031,2.000,2.995,1.258,2.221,0.000,0.000,7.746,4.873,1.842,45.984
Br66_rep9_Dep6_Tu1,2.999,0.000,1.625,0.000,3.570,2.013,2.648,0.000,0.000,11.289,7.682,3.846,64.329
Br66_rep9_Dep6_Tu40,37.284,1.194,0.976,3.139,2.773,1.477,1.199,0.000,0.000,4.839,3.940,3.042,40.136
Br66_rep5_Dep6_Tu1,2.426,0.000,2.128,0.000,3.279,2.240,3.157,0.000,0.000,10.073,9.240,3.605,63.851
Br66_rep2_Dep6_Tu5,6.024,0.961,1.467,0.000,2.921,1.973,2.628,0.000,0.000,10.539,6.943,3.795,62.749
Br66_rep5_Dep6_Tu30,28.369,2.103,0.878,0.975,2.485,1.444,2.918,0.000,0.000,7.728,5.504,2.374,45.222
Br66_rep7_Dep6_Tu50,46.118,1.009,1.316,3.156,2.765,1.549,1.512,0.000,0.000,2.924,4.365,2.044,33.243
Br66_rep4_Dep6_Tu40,36.672,1.198,1.412,2.614,2.119,1.326,2.238,0.000,0.000,6.102,5.552,1.270,39.496
Br66_rep8_Dep6_Tu5,6.624,1.311,0.980,0.000,3.069,1.959,3.016,0.000,0.000,9.478,7.542,3.669,62.351
Br66_rep9_Dep6_Tu2,3.330,0.026,1.591,0.000,3.562,2.086,3.235,0.000,0.000,11.320,7.592,2.668,64.592
Br66_rep6_Dep6_Tu30,28.929,0.708,1.823,1.131,2.517,2.153,2.480,0.000,0.000,5.284,6.177,2.969,45.830
Br66_rep4_Dep6_Tu0.1,1.888,0.000,1.558,0.000,2.919,2.226,3.582,0.000,0.000,11.141,7.925,3.457,65.304
Br66_rep5_Dep6_Tu10,10.837,0.000,1.683,0.116,3.423,2.009,2.218,0.000,0.000,9.766,7.236,3.299,59.413
Br66_rep3_Dep6_Tu40,37.491,0.435,1.999,2.570,2.036,1.740,1.304,0.000,0.000,4.973,5.705,2.356,39.390
Br66_rep9_Dep6_Tu0.5,1.615,0.000,1.576,0.000,3.770,2.104,2.673,0.000,0.000,11.578,8.157,3.437,65.090
Br66_rep8_Dep6_Tu2,3.313,0.012,1.491,0.000,3.409,2.231,2.632,0.000,0.000,11.812,7.892,4.109,63.097
Br66_rep10_Dep6_Tu2,3.078,0.000,2.101,0.000,3.275,2.081,3.170,0.000,0.000,10.002,7.852,3.711,64.730
Br66_rep6_Dep6_Tu0.1,1.796,0.337,1.340,0.000,2.957,2.205,3.283,0.000,0.000,11.606,8.317,3.668,64.491
Br66_rep5_Dep6_Tu0.5,2.108,0.000,1.269,0.000,3.429,2.195,2.864,0.000,0.000,11.051,7.476,3.923,65.684
Br66_rep2_Dep6_Tu20,19.946,1.228,1.460,0.446,2.608,1.320,2.242,0.000,0.000,8.818,6.202,3.179,52.548
Br66_rep4_Dep6_Tu0.5,2.098,0.792,1.257,0.000,3.202,2.481,3.267,0.000,0.000,10.201,8.582,3.621,64.500
Br66_rep4_Dep6_Tu5,6.469,0.076,1.849,0.000,2.970,2.255,3.342,0.000,0.000,9.867,8.558,3.609,61.005
Br66_rep8_Dep6_Tu0.5,2.001,1.226,1.403,0.000,3.087,1.750,3.332,0.000,0.000,11.220,7.048,3.686,65.246
Br66_rep5_Dep6_Tu20,20.330,2.485,1.438,0.000,2.432,2.200,2.453,0.000,0.000,5.495,7.166,3.846,52.155
Br66_rep1_Dep6_Tu3,4.077,0.618,1.396,0.000,2.799,2.240,3.224,0.000,0.000,10.559,8.820,3.071,63.196
Br66_rep10_Dep6_Tu10,10.872,1.362,1.525,0.000,3.229,1.999,3.000,0.000,0.000,9.156,7.001,3.287,58.569
Br66_rep3_Dep6_Tu10,11.060,0.472,1.519,0.000,2.928,2.124,3.538,0.000,0.000,9.272,7.338,3.084,58.665
Br66_rep10_Dep6_Tu40,37.628,0.699,1.362,2.765,3.448,1.094,2.573,0.000,0.000,4.068,3.286,2.290,40.787
Br66_rep1_Dep6_Tu50,45.161,0.843,0.907,3.744,2.898,1.457,1.642,0.000,0.000,4.359,3.362,2.146,33.482
Br66_rep10_Dep6_Tu0.5,1.430,0.499,1.576,0.000,3.655,2.056,3.240,0.000,0.000,11.691,8.093,3.568,64.193
Br66_rep1_Dep6_Tu0.3,1.162,0.716,1.726,0.000,2.893,2.288,3.329,0.000,0.000,10.712,9.778,3.691,63.705
Br66_rep10_Dep6_Tu0.1,1.778,0.215,1.667,0.000,2.918,2.134,3.073,0.000,0.000,11.213,8.308,3.962,64.732
Br66_rep8_Dep6_Tu40,36.305,0.688,1.762,2.682,2.806,1.519,1.826,0.000,0.000,6.160,3.777,2.261,40.213
Br66_rep3_Dep6_Tu20,19.615,1.636,1.467,0.208,2.335,1.797,2.628,0.000,0.000,8.817,5.576,2.984,52.937
Br66_rep9_Dep6_Tu0.3,1.584,0.120,1.444,0.000,3.086,1.984,3.234,0.000,0.000,12.047,6.944,3.445,66.110
Br66_rep7_Dep6_Tu0.3,1.609,0.732,1.571,0.000,3.220,2.343,2.921,0.000,0.000,10.728,7.911,3.190,65.775
Br66_rep5_Dep6_Tu2,3.198,1.043,1.520,0.000,2.851,1.934,3.010,0.000,0.000,11.535,7.230,3.152,64.528
Br66_rep5_Dep6_Tu0.3,1.754,0.000,1.819,0.000,2.788,2.324,3.402,0.000,0.000,10.944,8.719,3.709,64.541
Br66_rep6_Dep6_Tu5,6.284,0.805,1.248,0.000,2.901,2.042,2.671,0.000,0.000,10.031,7.906,3.779,62.333
Br66_rep5_Dep6_Tu3,3.758,0.270,1.742,0.000,2.972,2.047,2.354,0.000,0.000,12.329,7.075,3.893,63.562
Br66_rep1_Dep6_Tu5,6.044,0.954,1.290,0.000,3.156,2.071,3.256,0.000,0.000,10.082,7.092,3.998,62.056
Br66_rep6_Dep6_Tu10,9.984,1.037,1.453,0.000,2.906,2.268,2.407,0.000,0.000,10.190,7.212,3.204,59.339
Br66_rep3_Dep6_Tu5,6.290,1.040,1.467,0.000,3.774,1.743,2.908,0.000,0.000,9.854,6.835,4.181,61.908
Br66_rep1_Dep6_Tu1,2.422,0.500,1.521,0.000,3.069,2.115,3.400,0.000,0.000,10.024,9.086,3.931,63.932
Br66_rep4_Dep6_Tu30,27.830,1.671,1.327,1.599,2.866,0.992,2.345,0.000,0.000,8.750,4.564,2.460,45.596
Br66_rep8_Dep6_Tu20,19.664,1.638,1.368,1.092,2.605,1.548,2.272,0.000,0.000,8.598,5.111,3.168,52.937
Br66_rep4_Dep6_Tu10,10.407,1.872,1.670,0.000,2.885,2.133,2.650,0.000,0.000,9.365,8.242,2.280,58.497
Br66_rep2_Dep6_Tu1,2.183,0.731,1.419,0.000,2.896,2.159,3.185,0.000,0.000,11.789,8.371,2.831,64.436
Br66_rep6_Dep6_Tu2,3.375,0.574,1.504,0.000,3.164,2.180,2.880,0.000,0.000,10.193,8.724,3.509,63.897
Br66_rep6_Dep6_Tu0.5,2.393,0.432,1.481,0.000,3.007,2.054,3.521,0.000,0.000,10.190,7.888,3.733,65.302
Br66_rep5_Dep6_Tu0.1,1.737,0.000,1.554,0.000,3.146,2.190,3.025,0.000,0.000,11.615,7.987,3.515,65.230
Br66_rep2_Dep6_Tu2,3.484,0.206,1.404,0.000,3.486,2.200,3.368,0.000,0.000,10.283,9.459,3.185,62.926
Br66_rep10_Dep6_Tu50,45.608,1.294,1.509,3.278,2.183,1.617,1.722,0.000,0.000,4.366,3.081,1.583,33.758
Br66_rep7_Dep6_Tu3,4.219,0.798,1.753,0.000,2.857,2.291,3.258,0.000,0.000,10.136,8.692,2.991,63.004
Br66_rep7_Dep6_Tu10,10.789,0.740,1.316,0.000,3.155,2.114,2.945,0.000,0.000,10.517,6.574,2.791,59.058
Br66_rep2_Dep6_Tu0.5,1.586,0.558,1.540,0.000,3.603,1.850,2.845,0.000,0.000,11.874,6.952,3.838,65.354
Br66_rep5_Dep6_Tu50,45.684,2.288,1.084,3.586,2.765,1.341,1.143,0.000,0.000,2.856,4.271,1.465,33.518
Br66_rep9_Dep6_Tu20,20.215,0.879,1.319,1.219,2.592,1.316,2.748,0.000,0.000,8.157,6.077,2.960,52.517
Br66_rep8_Dep6_Tu3,4.486,1.067,1.364,0.000,3.013,1.926,2.642,0.000,0.000,10.546,7.511,4.048,63.396
Br66_rep9_Dep6_Tu10,10.612,0.000,1.393,0.000,3.461,2.082,2.972,0.000,0.000,9.906,6.829,3.621,59.125
Br66_rep7_Dep6_Tu2,3.569,0.805,1.303,0.000,2.704,2.003,2.900,0.000,0.000,10.563,8.044,3.697,64.412
Br66_rep6_Dep6_Tu3,4.641,1.296,1.025,0.000,3.000,2.147,3.191,0.000,0.000,10.121,7.546,3.060,63.974
Br66_rep1_Dep6_Tu0.5,1.829,1.079,1.540,0.000,3.293,1.718,3.321,0.000,0.000,11.510,8.288,3.175,64.246
Br66_rep2_Dep6_Tu40,37.301,2.800,1.468,1.946,2.176,2.160,1.560,0.000,0.000,1.801,5.731,3.016,40.041
Br66_rep1_Dep6_Tu2,3.590,0.000,1.479,0.000,3.372,2.246,2.773,0.000,0.000,10.973,7.390,4.161,64.017
Br66_rep8_Dep6_Tu1,2.904,0.000,1.448,0.000,3.570,2.267,2.930,0.000,0.000,10.118,8.600,3.617,64.546
Br66_rep4_Dep6_Tu3,4.821,0.000,1.665,0.000,3.202,2.149,2.468,0.000,0.000,10.062,7.753,4.464,63.417
Br66_rep7_Dep6_Tu40,36.928,1.135,1.603,1.894,2.908,1.617,1.926,0.000,0.000,6.822,4.034,2.355,38.778
Br66_rep7_Dep6_Tu0.5,1.997,1.649,1.407,0.000,3.023,2.018,3.314,0.000,0.000,10.276,6.660,3.846,65.811
Br66_rep2_Dep6_Tu30,27.566,1.181,1.110,2.057,2.399,1.548,2.440,0.000,0.000,8.290,3.494,3.047,46.868
Br66_rep2_Dep6_Tu0.1,1.192,0.516,1.723,0.000,3.763,1.957,2.497,0.000,0.000,11.095,8.737,4.229,64.291
Br66_rep7_Dep6_Tu0.1,1.533,0.000,1.588,0.000,3.647,2.093,3.060,0.000,0.000,11.709,7.724,3.012,65.634
Br66_rep1_Dep6_Tu40,37.011,0.851,0.959,3.183,2.298,1.601,1.675,0.000,0.000,5.448,3.541,2.613,40.821
Br66_rep7_Dep6_Tu5,6.402,0.000,1.811,0.000,3.369,2.183,2.899,0.000,0.000,9.861,8.879,3.068,61.526
Br66_rep4_Dep6_Tu1,2.758,0.606,1.724,0.000,3.098,2.332,3.013,0.000,0.000,8.748,9.395,3.694,64.632
Br66_rep8_Dep6_Tu0.1,1.550,1.364,1.468,0.000,2.949,1.797,3.421,0.000,0.000,11.236,8.521,3.801,63.893
Br66_rep4_Dep6_Tu2,3.498,1.021,1.259,0.000,3.794,2.363,2.741,0.000,0.000,8.832,8.032,4.098,64.363
Br66_rep1_Dep6_Tu0.1,1.601,0.181,1.477,0.000,3.244,2.094,2.736,0.000,0.000,11.920,7.283,3.739,65.725
Br66_rep2_Dep6_Tu10,10.545,0.929,1.770,0.000,3.266,1.804,3.229,0.000,0.000,10.100,6.088,3.429,58.841
Br66_rep4_Dep6_Tu20,20.105,2.322,0.990,0.000,2.836,1.704,2.461,0.000,0.000,8.510,4.975,3.441,52.655
Br66_rep4_Dep6_Tu0.3,1.039,0.679,1.540,0.000,3.165,1.990,2.868,0.000,0.000,13.679,6.883,3.562,64.594
Br66_rep10_Dep6_Tu3,4.682,1.585,1.193,0.000,3.088,2.122,3.064,0.000,0.000,10.567,6.723,2.920,64.056
Br66_rep1_Dep6_Tu20,20.069,1.235,1.343,0.209,2.780,1.678,2.004,0.000,0.000,8.186,6.925,2.938,52.633
Br66_rep6_Dep6_Tu1,1.972,0.237,1.639,0.000,3.546,2.073,2.592,0.000,0.000,11.693,7.483,3.823,64.942
Br66_rep6_Dep6_Tu50,44.696,0.030,1.765,3.845,2.138,1.735,1.488,0.000,0.000,5.196,3.166,1.604,34.337
Br66_rep9_Dep6_Tu3,4.288,0.649,1.698,0.000,3.075,1.928,2.892,0.000,0.000,11.708,7.150,3.568,63.045
Br66_rep3_Dep6_Tu50,45.544,2.854,1.396,2.560,1.872,1.734,1.370,0.000,0.000,3.793,5.192,1.062,32.624
Br66_rep8_Dep6_Tu30,28.276,1.096,1.356,1.384,2.883,1.779,2.396,0.000,0.000,7.207,4.531,2.637,46.455
Br66_rep7_Dep6_Tu20,19.743,0.335,1.742,0.443,3.126,1.691,2.064,0.000,0.000,9.136,6.011,3.030,52.678
Br66_rep3_Dep6_Tu2,3.584,0.763,1.628,0.000,3.156,2.087,3.625,0.000,0.000,9.745,8.268,3.453,63.692
Br66_rep8_Dep6_Tu50,46.644,2.257,1.163,3.794,1.708,1.523,2.432,0.000,0.000,1.394,3.619,2.183,33.282
Br66_rep3_Dep6_Tu3,4.209,0.737,1.121,0.000,2.817,2.086,3.069,0.000,0.000,11.687,6.970,3.755,63.548
Br66_rep3_Dep6_Tu0.3,1.820,1.294,1.374,0.000,2.996,1.740,3.279,0.000,0.000,11.383,7.136,3.684,65.296
Br66_rep8_Dep6_Tu0.3,1.576,0.025,1.454,0.000,3.096,1.995,3.274,0.000,0.000,12.076,7.085,3.475,65.945
Br66_rep3_Dep6_Tu0.1,1.445,0.471,1.636,0.000,3.665,2.150,2.694,0.000,0.000,10.446,9.432,3.933,64.129
Br66_rep10_Dep6_Tu0.3,1.906,0.094,1.356,0.000,3.146,1.930,2.877,0.000,0.000,12.226,7.033,3.766,65.666
Br66_rep2_Dep6_Tu50,45.789,1.270,1.584,3.195,2.209,1.401,1.232,0.000,0.000,4.194,4.223,1.525,33.377
Br66_rep5_Dep6_Tu5,6.487,0.988,1.742,0.000,2.694,2.195,2.811,0.000,0.000,9.045,8.161,3.329,62.548
Br66_rep10_Dep6_Tu20,19.862,2.006,1.217,0.168,2.494,2.026,2.172,0.000,0.000,7.612,7.103,3.335,52.004
Br66_rep7_Dep6_Tu30,28.257,0.254,1.670,1.192,2.796,1.799,2.462,0.000,0.000,7.281,4.514,2.839,46.934
Br66_rep9_Dep6_Tu30,28.559,0.194,1.989,1.395,2.862,1.490,2.162,0.000,0.000,7.011,5.279,3.003,46.056
Br66_rep5_Dep6_Tu40,38.085,0.093,0.985,1.645,2.712,1.893,3.048,0.000,0.000,4.275,4.326,2.919,40.018
Br66_rep8_Dep6_Tu10,11.231,1.226,1.199,0.000,2.351,2.228,3.054,0.000,0.000,8.548,7.938,4.057,58.168
Br66_rep9_Dep6_Tu50,44.922,0.977,1.667,3.572,2.490,1.739,1.271,0.000,0.000,3.825,3.291,2.064,34.180
Br66_rep2_Dep6_Tu0.3,2.062,1.111,1.455,0.000,2.882,1.987,2.679,0.000,0.000,11.204,7.519,3.897,65.203
Br66_rep1_Dep6_Tu10,10.708,1.012,1.712,0.000,2.146,2.284,3.326,0.000,0.000,8.080,7.936,3.120,59.676
Cer77_rep9_Dep6_Tu3,1.739,2.256,2.090,0.963,3.595,1.367,2.713,0.000,0.000,12.485,7.543,3.883,61.366
Cer77_rep5_Dep6_Tu30,2.684,12.253,4.967,8.441,6.131,0.000,2.853,15.400,0.000,3.193,4.539,1.328,38.211
Cer77_rep3_Dep6_Tu30,2.901,13.271,5.058,8.023,6.643,0.000,2.314,13.279,0.000,4.041,4.783,0.421,39.265
Cer77_rep8_Dep6_Tu50,3.796,17.434,6.549,11.199,7.367,0.000,1.832,23.309,0.000,0.000,3.195,0.325,24.993
Cer77_rep1_Dep6_Tu1,1.623,1.446,1.527,0.000,3.183,2.023,3.411,0.000,0.000,10.301,9.194,4.222,63.071
Cer77_rep7_Dep6_Tu3,1.792,3.268,2.025,0.294,3.280,1.984,3.278,0.000,0.000,10.235,8.861,3.230,61.753
Cer77_rep10_Dep6_Tu2,1.423,0.762,2.415,0.112,3.638,2.055,3.534,0.000,0.000,10.020,8.065,3.737,64.239
Cer77_rep2_Dep6_Tu0.5,1.144,0.704,1.611,0.000,3.671,1.865,2.914,0.000,0.000,12.017,6.974,3.952,65.148
Cer77_rep3_Dep6_Tu20,2.336,9.795,4.127,6.258,5.610,0.000,2.868,8.504,0.000,6.505,5.062,2.242,46.691
Cer77_rep1_Dep6_Tu2,1.700,1.589,1.880,0.000,3.554,2.161,2.884,0.000,0.000,11.479,7.525,4.137,63.090
Cer77_rep2_Dep6_Tu5,2.026,4.755,1.908,1.265,3.609,1.288,2.645,0.000,0.000,10.920,7.470,3.625,60.488
Cer77_rep5_Dep6_Tu0.5,1.598,0.168,1.436,0.000,3.432,2.269,3.056,0.000,0.000,11.143,7.443,3.903,65.553
Cer77_rep2_Dep6_Tu50,2.701,18.325,7.058,11.361,8.158,0.000,0.405,23.070,0.000,0.000,4.406,0.000,24.516
Cer77_rep9_Dep6_Tu0.5,1.186,0.000,1.777,0.000,3.869,2.129,2.720,0.000,0.000,11.778,8.211,3.476,64.854
Cer77_rep4_Dep6_Tu10,2.504,6.325,3.148,2.590,4.159,1.366,2.558,3.073,0.000,8.767,8.328,2.287,54.896
Cer77_rep9_Dep6_Tu20,2.329,8.630,3.990,6.726,5.586,0.006,2.911,9.700,0.000,5.637,5.667,2.093,46.725
Cer77_rep3_Dep6_Tu10,2.688,6.198,2.662,2.523,4.177,1.234,3.433,3.754,0.000,8.468,6.624,2.875,55.365
Cer77_rep6_Dep6_Tu5,2.161,4.392,2.161,0.324,3.341,1.663,3.200,0.000,0.000,10.537,7.863,3.814,60.545
Cer77_rep5_Dep6_Tu1,1.587,0.492,2.193,0.000,3.510,2.213,3.147,0.000,0.000,10.422,9.395,3.556,63.484
Cer77_rep5_Dep6_Tu0.3,1.581,0.116,1.861,0.000,2.817,2.308,3.387,0.000,0.000,10.944,8.747,3.704,64.534
Cer77_rep4_Dep6_Tu50,3.335,17.528,6.788,11.050,8.212,0.000,1.552,23.235,0.000,0.000,3.422,0.000,24.878
Cer77_rep6_Dep6_Tu0.3,1.462,0.000,1.900,0.000,2.730,1.888,3.090,0.000,0.000,12.051,7.783,4.168,64.929
Cer77_rep4_Dep6_Tu40,2.797,15.769,5.828,10.210,7.688,0.000,1.794,20.095,0.000,0.000,4.351,0.067,31.400
Cer77_rep10_Dep6_Tu5,1.923,4.820,1.656,1.077,3.874,1.443,3.518,0.004,0.000,11.127,7.438,3.044,60.077
Cer77_rep3_Dep6_Tu1,1.367,0.176,1.992,0.000,3.775,2.248,3.035,0.000,0.000,10.972,8.375,4.324,63.737
Cer77_rep8_Dep6_Tu40,3.277,13.735,6.342,10.331,8.219,0.000,1.460,20.905,0.000,0.000,4.110,0.187,31.433
Cer77_rep7_Dep6_Tu0.3,1.448,0.864,1.591,0.000,3.270,2.301,2.953,0.000,0.000,10.793,7.922,3.171,65.686
Cer77_rep3_Dep6_Tu0.1,1.376,0.596,1.648,0.000,3.630,2.134,2.677,0.000,0.000,10.460,9.458,3.946,64.076
Cer77_rep4_Dep6_Tu0.3,0.923,0.750,1.664,0.000,3.211,1.952,3.008,0.000,0.000,13.441,6.978,3.494,64.579
Cer77_rep6_Dep6_Tu2,1.734,2.075,1.700,0.000,3.423,2.044,3.021,0.000,0.000,10.334,9.007,3.457,63.206
Cer77_rep6_Dep6_Tu20,2.283,10.976,4.326,5.957,4.744,0.107,2.392,8.926,0.000,5.949,3.796,1.907,48.639
Cer77_rep9_Dep6_Tu40,2.989,14.563,6.007,11.038,6.642,0.000,1.547,20.300,0.000,0.000,3.693,0.646,32.576
Cer77_rep6_Dep6_Tu40,3.432,14.288,6.242,10.244,7.033,0.000,1.970,19.502,0.000,0.434,3.504,0.000,33.351
Cer77_rep8_Dep6_Tu5,2.407,4.130,2.031,0.000,3.493,1.862,3.554,0.000,0.850,9.644,8.129,3.502,60.397
Cer77_rep5_Dep6_Tu50,3.689,17.238,6.741,11.431,7.629,0.000,1.181,22.786,0.000,0.000,4.000,0.000,25.305
Cer77_rep1_Dep6_Tu30,2.741,12.907,5.576,9.415,5.933,0.000,2.309,15.500,0.000,1.380,3.720,1.351,39.166
Cer77_rep2_Dep6_Tu20,2.324,10.127,3.851,5.637,4.995,0.000,2.925,9.017,0.000,6.871,5.798,2.014,46.442
Cer77_rep4_Dep6_Tu0.5,1.760,1.017,1.248,0.000,3.295,2.458,3.233,0.000,0.000,10.369,8.670,3.607,64.342
