Sample,BRCA,CEAD,CESC,COAD,OV,READ,bcell,cd4tcell,cd8tcell,erythroblast,monocyte,naturalkillercell,neutrophil
Ov79_rep2_Dep6_Tu5,0.005,23.198,19.505,0.000,4.517,0.579,0.381,1.079,1.801,1.666,10.528,2.106,34.636
Ov79_rep8_Dep6_Tu30,1.243,16.699,19.361,0.241,22.894,2.574,4.485,4.196,1.953,5.595,4.522,1.478,14.759
Ov79_rep6_Dep6_Tu0.3,0.009,17.954,13.891,0.000,7.524,0.114,1.198,1.628,0.324,2.857,20.014,1.629,32.859
Ov79_rep1_Dep6_Tu3,0.001,10.152,20.187,0.000,1.562,0.532,1.206,1.136,1.216,4.236,17.018,1.816,40.939
Ov79_rep1_Dep6_Tu50,4.630,1.006,19.797,1.407,38.929,1.598,3.183,5.965,2.101,0.619,9.461,5.506,5.798
Ov79_rep7_Dep6_Tu50,3.354,6.641,5.070,1.398,41.527,3.980,4.584,4.045,3.133,10.593,6.275,2.717,6.683
Ov79_rep4_Dep6_Tu50,2.930,0.732,11.003,0.291,41.498,7.900,4.520,6.400,2.022,6.405,2.673,2.984,10.643
Ov79_rep2_Dep6_Tu3,0.002,1.303,19.587,0.006,12.955,0.931,0.074,4.251,0.343,3.133,13.250,2.438,41.729
Ov79_rep7_Dep6_Tu1,0.003,22.187,17.092,0.000,6.755,0.339,0.341,0.431,1.534,1.065,18.853,0.286,31.113
Ov79_rep9_Dep6_Tu5,0.026,27.735,17.050,0.029,7.628,0.233,2.795,1.695,1.483,3.056,14.526,2.157,21.587
Ov79_rep3_Dep6_Tu1,0.003,17.711,17.233,0.000,10.417,0.049,1.154,0.962,1.403,0.663,17.678,1.921,30.807
Ov79_rep5_Dep6_Tu3,0.001,19.378,13.821,0.000,10.711,0.374,0.143,1.160,0.879,4.364,13.861,1.316,33.992
Ov79_rep10_Dep6_Tu0.3,0.001,35.008,0.044,0.000,6.572,0.143,0.596,1.546,0.578,4.040,17.285,0.246,33.940
Ov79_rep8_Dep6_Tu2,0.011,22.771,5.688,0.003,13.844,0.489,1.523,0.326,0.714,3.229,11.889,2.217,37.295
Ov79_rep1_Dep6_Tu0.5,0.004,20.151,15.250,0.001,6.174,0.153,1.238,1.475,1.082,3.844,11.357,0.808,38.462
Ov79_rep3_Dep6_Tu0.3,0.001,34.322,3.301,0.000,13.461,0.403,1.513,1.256,1.207,3.216,16.938,0.193,24.188
Ov79_rep8_Dep6_Tu50,3.557,5.392,3.783,0.767,44.108,3.395,1.695,4.708,5.152,7.562,8.953,4.577,6.351
Ov79_rep9_Dep6_Tu0.3,0.005,19.536,11.245,0.001,4.613,0.542,0.147,0.668,0.303,3.280,14.582,1.092,43.984
Ov79_rep7_Dep6_Tu2,0.009,22.945,10.722,0.000,6.260,0.074,1.705,0.368,0.878,6.898,10.274,1.260,38.606
Ov79_rep7_Dep6_Tu30,1.743,0.120,12.804,0.054,36.517,3.643,3.397,2.000,0.796,5.438,9.391,2.761,21.336
Ov79_rep5_Dep6_Tu50,1.869,1.808,9.796,1.231,49.501,1.861,3.617,4.213,1.550,7.578,9.396,3.194,4.387
Ov79_rep6_Dep6_Tu0.5,0.001,24.013,12.175,0.001,5.924,0.209,2.045,1.375,2.338,3.475,8.442,0.698,39.304
Ov79_rep2_Dep6_Tu2,0.006,34.760,12.557,0.000,3.147,0.135,1.057,1.118,0.748,2.564,14.729,0.546,28.634
Ov79_rep3_Dep6_Tu30,1.772,4.975,15.605,0.725,32.879,2.359,2.263,2.252,2.738,7.006,7.798,2.468,17.161
Ov79_rep9_Dep6_Tu3,0.006,20.966,6.624,0.001,0.691,0.391,1.451,1.415,2.030,4.491,13.457,2.295,46.181
Ov79_rep10_Dep6_Tu2,0.007,30.083,3.655,0.001,11.084,0.175,1.365,0.763,1.157,4.817,9.849,1.139,35.906
Ov79_rep10_Dep6_Tu1,0.005,16.502,11.308,0.000,13.315,0.728,0.656,1.639,1.759,0.595,12.062,1.384,40.047
Ov79_rep6_Dep6_Tu5,0.005,10.086,21.713,0.000,13.572,0.296,1.478,2.131,0.015,5.685,11.603,1.509,31.906
Ov79_rep2_Dep6_Tu0.3,0.003,16.251,16.940,0.000,5.540,0.353,0.937,0.111,1.451,5.506,7.563,1.646,43.698
Ov79_rep4_Dep6_Tu20,2.602,14.947,18.061,0.264,7.074,1.195,2.128,0.292,4.399,5.556,16.336,5.195,21.952
Ov79_rep1_Dep6_Tu0.1,0.002,27.230,9.344,0.000,4.353,0.484,1.026,0.212,0.959,2.382,12.554,0.116,41.338
Ov79_rep4_Dep6_Tu10,0.160,18.960,18.168,0.006,12.030,0.797,2.112,0.839,0.636,5.413,11.602,0.770,28.508
Ov79_rep4_Dep6_Tu30,0.647,10.813,29.964,0.018,27.126,3.729,1.410,4.509,3.068,3.530,12.392,1.284,1.511
Ov79_rep5_Dep6_Tu10,0.127,20.623,13.626,0.002,11.404,0.868,1.216,0.936,2.067,7.239,13.924,2.077,25.891
Ov79_rep7_Dep6_Tu3,0.000,30.974,4.380,0.000,6.861,0.234,1.626,1.251,1.595,2.928,11.541,0.738,37.871
Ov79_rep9_Dep6_Tu50,5.363,5.643,19.216,1.191,28.729,2.201,4.785,6.237,1.626,10.017,6.237,0.491,8.264
Ov79_rep10_Dep6_Tu0.5,0.003,17.557,12.304,0.001,7.098,0.295,1.553,0.701,0.000,4.609,8.963,1.730,45.187
Ov79_rep7_Dep6_Tu40,1.298,13.105,4.507,1.225,38.394,5.365,3.338,3.391,1.503,7.398,9.760,3.014,7.701
Ov79_rep7_Dep6_Tu0.1,0.003,8.496,20.380,0.000,10.416,0.131,0.445,1.509,1.521,2.557,12.641,1.068,40.833
Ov79_rep9_Dep6_Tu0.1,0.001,19.443,12.328,0.000,8.836,0.142,2.233,1.481,1.965,4.603,8.275,2.412,38.280
Ov79_rep1_Dep6_Tu5,0.003,8.397,29.215,0.006,13.460,1.859,2.019,2.631,0.677,4.155,14.679,0.886,22.012
Ov79_rep9_Dep6_Tu30,2.280,11.760,9.127,0.175,29.254,3.909,3.277,1.278,3.933,5.983,13.140,3.012,12.873
Ov79_rep2_Dep6_Tu0.1,0.005,17.418,13.942,0.000,9.183,0.399,0.734,0.445,2.399,3.817,13.050,2.385,36.221
Ov79_rep7_Dep6_Tu20,0.883,15.229,34.304,0.207,15.740,1.455,2.816,4.161,1.793,1.780,18.408,1.912,1.310
Ov79_rep7_Dep6_Tu5,0.189,0.057,18.186,0.001,13.283,0.728,2.119,3.362,0.862,6.596,11.166,1.330,42.121
Ov79_rep2_Dep6_Tu10,0.188,15.519,7.875,0.000,24.574,0.929,1.126,1.961,0.928,5.152,9.901,0.403,31.445
Ov79_rep8_Dep6_Tu0.1,0.001,10.053,5.847,0.000,14.229,0.917,1.242,3.230,1.814,3.124,13.023,1.918,44.603
Ov79_rep8_Dep6_Tu5,0.004,25.644,15.940,0.008,3.873,0.216,1.875,0.168,1.098,5.205,15.714,4.642,25.614
Ov79_rep1_Dep6_Tu10,0.012,16.525,13.018,0.000,17.723,0.831,4.448,1.607,0.838,5.365,11.879,3.355,24.399
Ov79_rep1_Dep6_Tu1,0.001,3.802,19.052,0.000,9.646,0.358,1.693,1.358,0.543,7.050,11.456,3.378,41.663
Ov79_rep10_Dep6_Tu10,0.209,23.765,12.834,0.008,9.075,0.832,1.335,1.567,1.824,4.280,13.948,1.996,28.327
Ov79_rep2_Dep6_Tu50,1.857,2.600,24.335,1.082,22.461,6.940,4.096,5.767,0.935,10.068,6.116,3.695,10.048
Ov79_rep3_Dep6_Tu20,1.107,13.981,11.823,0.192,20.406,2.786,1.882,0.196,1.299,7.333,13.590,0.778,24.627
Ov79_rep3_Dep6_Tu0.1,0.001,18.004,21.580,0.000,12.050,0.213,0.592,1.169,1.574,0.571,20.671,1.007,22.568
Ov79_rep10_Dep6_Tu3,0.001,26.597,12.011,0.000,6.286,0.248,2.282,0.532,1.066,1.820,7.964,1.667,39.524
Ov79_rep5_Dep6_Tu2,0.003,12.148,14.224,0.000,12.273,0.374,1.298,0.200,2.403,5.898,13.048,2.252,35.878
Ov79_rep10_Dep6_Tu0.1,0.006,9.623,23.809,0.000,2.537,0.040,2.252,2.288,1.496,3.997,15.433,1.303,37.217
Ov79_rep6_Dep6_Tu3,0.001,13.529,22.252,0.001,4.266,0.677,2.489,1.085,0.743,4.258,7.696,1.208,41.795
Ov79_rep4_Dep6_Tu0.3,0.004,5.167,26.122,0.000,3.073,0.437,1.782,0.998,0.572,4.377,14.783,2.357,40.326
Ov79_rep4_Dep6_Tu3,0.002,24.118,13.241,0.000,9.186,0.071,0.861,0.122,1.562,3.141,11.653,1.615,34.427
Ov79_rep3_Dep6_Tu10,0.099,18.493,5.566,0.028,14.707,1.282,0.346,1.456,2.259,6.020,12.026,0.850,36.866
Ov79_rep3_Dep6_Tu5,0.043,20.249,11.257,0.001,8.758,0.490,0.430,0.684,1.759,6.398,11.824,0.229,37.879
Ov79_rep7_Dep6_Tu0.3,0.003,27.512,6.343,0.000,7.908,0.331,0.440,0.936,1.635,2.927,11.372,0.628,39.964
Ov79_rep8_Dep6_Tu3,0.003,19.298,15.684,0.000,7.083,0.499,0.009,0.509,0.792,5.236,10.065,1.718,39.105
Ov79_rep1_Dep6_Tu20,0.666,9.359,15.733,0.103,27.518,1.864,1.503,2.599,2.692,8.478,9.868,3.117,16.500
Ov79_rep5_Dep6_Tu0.5,0.011,15.987,14.130,0.000,6.899,0.111,1.233,0.050,1.470,2.462,10.714,0.871,46.058
Ov79_rep7_Dep6_Tu10,0.006,15.135,18.643,0.008,19.322,0.950,1.343,2.000,1.273,3.760,13.634,1.059,22.867
Ov79_rep8_Dep6_Tu0.5,0.002,25.471,20.177,0.000,4.786,0.449,2.036,1.459,0.241,2.579,15.746,0.965,26.089
Ov79_rep4_Dep6_Tu0.5,0.003,27.276,1.197,0.000,10.787,0.288,1.573,0.507,0.229,4.778,13.021,1.873,38.466
Ov79_rep2_Dep6_Tu40,2.711,11.026,9.707,0.219,21.529,6.791,3.466,4.430,3.627,6.280,11.263,3.217,15.733
Ov79_rep9_Dep6_Tu10,0.025,9.889,16.243,0.001,17.484,0.887,1.786,1.635,1.603,4.356,13.179,1.668,31.243
Ov79_rep3_Dep6_Tu50,3.118,2.612,19.453,0.484,31.416,5.482,3.164,2.579,4.544,9.207,8.587,1.826,7.528
Ov79_rep10_Dep6_Tu50,4.157,7.281,1.214,0.080,53.360,0.931,3.780,1.675,2.291,7.688,9.161,3.042,5.341
Ov79_rep1_Dep6_Tu30,2.038,13.201,17.782,0.054,23.855,3.378,1.771,2.532,0.487,7.854,11.257,2.462,13.328
Ov79_rep8_Dep6_Tu20,0.347,6.327,13.303,0.017,24.947,1.785,1.580,3.087,3.515,5.212,15.328,3.167,21.385
Ov79_rep6_Dep6_Tu40,3.154,14.114,9.166,0.150,31.021,4.901,2.384,2.538,2.613,5.678,9.309,3.023,11.948
Ov79_rep6_Dep6_Tu20,0.082,6.433,35.970,0.016,13.170,1.916,1.902,2.683,2.298,7.315,18.728,3.266,6.223
Ov79_rep10_Dep6_Tu30,2.251,5.079,18.501,0.904,26.401,2.495,5.057,5.134,2.915,7.231,6.248,0.860,16.925
Ov79_rep4_Dep6_Tu0.1,0.001,2.749,16.991,0.002,10.203,0.457,1.203,0.443,1.281,6.334,12.087,1.195,47.055
Ov79_rep5_Dep6_Tu20,0.463,7.559,12.279,0.057,20.855,1.434,3.117,1.773,3.585,7.454,12.159,2.879,26.386
Ov79_rep2_Dep6_Tu30,1.238,3.573,15.669,0.180,37.577,1.973,2.383,0.392,1.616,7.842,1.596,3.896,22.067
Ov79_rep5_Dep6_Tu40,1.406,6.823,8.724,0.336,47.843,3.664,3.853,1.065,2.243,9.609,5.643,4.260,4.531
Ov79_rep8_Dep6_Tu0.3,0.005,10.566,19.253,0.000,3.490,0.571,0.659,1.054,0.139,4.791,11.596,0.954,46.922
Ov79_rep4_Dep6_Tu40,0.910,7.103,15.223,0.757,41.757,3.975,1.902,3.487,3.144,7.061,8.894,1.963,3.822
Ov79_rep3_Dep6_Tu0.5,0.003,16.671,14.789,0.000,3.835,0.219,1.180,0.269,2.320,3.193,18.681,2.184,36.655
Ov79_rep6_Dep6_Tu10,0.016,10.708,19.442,0.051,19.228,0.528,1.016,1.147,2.002,4.409,17.698,2.174,21.581
Ov79_rep8_Dep6_Tu1,0.004,4.303,17.981,0.003,8.230,0.563,1.289,0.727,1.597,4.228,13.140,2.774,45.160
Ov79_rep9_Dep6_Tu2,0.006,25.417,17.050,0.000,3.537,0.466,1.343,1.271,1.445,3.429,9.485,0.646,35.905
Ov79_rep6_Dep6_Tu0.1,0.004,20.483,16.304,0.000,2.131,0.360,0.898,1.003,1.778,4.040,12.739,0.935,39.326
Ov79_rep5_Dep6_Tu0.1,0.001,17.627,21.846,0.000,2.961,0.448,1.951,0.807,0.193,4.487,7.272,1.187,41.220
Ov79_rep10_Dep6_Tu20,0.196,13.784,18.519,0.001,29.255,1.763,1.888,0.033,5.240,7.630,13.635,1.175,6.881
Ov79_rep5_Dep6_Tu0.3,0.003,18.099,8.868,0.000,13.655,0.146,0.448,2.195,1.425,0.976,17.852,3.214,33.119
Ov79_rep10_Dep6_Tu5,0.012,34.606,5.594,0.056,1.849,1.362,1.464,0.438,0.368,5.762,13.330,1.277,33.881
Ov79_rep5_Dep6_Tu5,0.007,17.195,13.822,0.002,13.926,0.071,1.875,1.307,1.836,3.914,12.609,2.271,31.165
Ov79_rep1_Dep6_Tu40,0.785,5.178,12.426,0.475,48.918,3.925,4.749,0.700,3.242,11.634,2.578,4.982,0.408
Ov79_rep8_Dep6_Tu40,2.039,13.988,4.282,0.578,42.286,3.817,3.415,3.848,2.193,3.444,9.287,3.183,7.641
Ov79_rep6_Dep6_Tu50,2.755,5.068,10.068,0.437,45.974,6.598,3.174,0.651,5.428,3.591,9.404,4.783,2.068
Ov79_rep2_Dep6_Tu20,0.083,1.624,27.945,0.103,24.940,0.473,4.183,3.729,2.248,3.922,10.932,2.005,17.812
Ov79_rep1_Dep6_Tu0.3,0.000,11.531,16.338,0.000,9.236,0.392,1.557,2.519,1.133,3.916,6.527,1.267,45.584
Ov79_rep6_Dep6_Tu1,0.003,22.925,12.722,0.001,10.346,0.126,0.342,0.857,0.286,2.554,9.421,2.288,38.130
Ov79_rep8_Dep6_Tu10,0.010,19.516,10.150,0.013,13.720,1.000,2.851,1.764,0.647,6.463,10.232,1.653,31.982
Ov79_rep9_Dep6_Tu20,0.544,21.509,13.406,0.321,22.160,1.236,5.352,0.206,3.883,1.246,10.215,1.830,18.092
Ov79_rep6_Dep6_Tu2,0.008,18.519,17.462,0.001,2.415,0.366,1.074,1.412,1.529,4.012,12.772,2.367,38.063
Ov79_rep10_Dep6_Tu40,2.219,1.355,16.521,1.731,36.952,1.898,3.379,3.182,5.523,7.661,9.671,3.091,6.817
Ov79_rep4_Dep6_Tu1,0.002,14.605,16.365,0.000,13.683,0.034,2.085,1.418,0.007,3.896,12.945,3.197,31.763
Ov79_rep1_Dep6_Tu2,0.004,29.398,15.962,0.000,3.068,0.273,1.588,0.701,1.848,0.781,10.858,0.680,34.840
Ov79_rep3_Dep6_Tu2,0.003,21.065,11.738,0.001,10.089,0.192,4.158,0.337,0.570,3.038,3.020,2.273,43.516
Ov79_rep4_Dep6_Tu2,0.001,24.579,3.463,0.031,10.349,0.045,2.237,0.496,1.250,2.229,13.110,2.183,40.027
Ov79_rep9_Dep6_Tu40,1.979,6.602,10.847,0.397,41.713,2.050,4.636,4.809,4.040,1.383,13.274,2.025,6.245
Ov79_rep4_Dep6_Tu5,0.010,13.288,10.962,0.000,18.630,0.330,0.703,2.206,0.278,4.818,14.692,3.050,31.033
Ov79_rep2_Dep6_Tu0.5,0.002,28.473,24.933,0.000,10.036,0.490,0.533,0.716,0.733,2.447,25.995,1.251,4.390
Ov79_rep5_Dep6_Tu30,0.752,1.306,26.816,0.048,24.128,4.415,3.783,0.142,1.351,14.889,10.972,3.244,8.153
Ov79_rep3_Dep6_Tu40,1.741,6.441,11.723,0.012,42.029,4.613,4.040,3.252,2.768,4.695,7.807,3.613,7.266
Ov79_rep6_Dep6_Tu30,0.448,14.463,5.560,0.004,35.231,3.235,1.838,4.524,1.575,6.528,16.074,3.530,6.990
Ov79_rep2_Dep6_Tu1,0.001,18.670,19.697,0.000,7.563,0.311,0.831,1.605,2.040,0.185,13.061,1.310,34.728
Ov79_rep3_Dep6_Tu3,0.008,12.148,21.667,0.000,7.943,0.217,0.160,0.806,2.777,6.056,13.783,1.346,33.089
Ov79_rep9_Dep6_Tu0.5,0.003,30.904,7.283,0.000,7.969,0.226,0.476,0.441,0.404,3.676,14.594,1.475,32.548
Ov79_rep9_Dep6_Tu1,0.003,10.812,25.415,0.012,1.206,0.441,2.717,1.118,0.067,3.250,9.439,1.260,44.261
Ov79_rep5_Dep6_Tu1,0.009,24.058,14.388,0.002,4.646,0.115,1.608,0.838,2.079,4.920,13.159,1.867,32.312
Ov79_rep7_Dep6_Tu0.5,0.002,15.255,14.275,0.000,11.701,0.120,0.974,0.641,1.001,4.975,11.077,2.274,37.705
