Sample,BRCA,CEAD,CESC,COAD,OV,READ,bcell,cd4tcell,cd8tcell,erythroblast,monocyte,naturalkillercell,neutrophil,Unknown-1,Unknown-2,Unknown-3,Unknown-4,Unknown-5,Unknown-6,Unknown-7,Unknown-8,Unknown-9,Unknown-10
Ov79_rep2_Dep6_Tu5,0.058,1.292,1.869,0.003,0.066,0.674,0.599,0.456,3.470,5.214,2.796,2.932,2.663,1.005,0.740,17.389,2.366,22.198,1.609,11.130,11.525,3.797,6.147
Ov79_rep8_Dep6_Tu30,0.903,8.859,2.395,0.309,6.262,1.191,3.944,4.049,2.646,0.922,0.310,4.044,3.216,9.335,6.580,3.783,2.568,3.860,2.597,4.120,13.097,4.176,10.837
Ov79_rep6_Dep6_Tu0.3,0.057,0.776,0.394,0.002,0.375,0.115,2.097,1.569,2.571,3.083,8.796,2.437,12.584,4.151,13.067,3.718,0.521,3.450,20.000,7.955,4.539,3.785,3.958
Ov79_rep1_Dep6_Tu3,0.034,0.418,0.545,0.011,0.177,0.476,1.624,2.596,1.060,1.333,9.434,2.332,10.523,0.460,10.601,5.891,16.075,1.931,1.840,8.677,5.390,8.781,9.791
Ov79_rep1_Dep6_Tu50,2.462,4.855,8.896,0.430,6.287,2.418,2.878,6.532,2.606,3.627,0.702,4.007,5.567,21.805,2.422,2.730,7.850,2.952,0.791,0.139,4.570,5.248,0.226
Ov79_rep7_Dep6_Tu50,1.737,7.129,3.164,1.004,14.419,2.502,3.505,5.017,1.973,9.410,4.189,3.074,2.770,18.448,4.411,1.973,2.191,1.403,2.934,1.553,4.019,2.731,0.447
Ov79_rep4_Dep6_Tu50,1.213,10.230,0.057,0.765,21.167,4.330,3.203,3.780,1.779,4.248,7.342,3.397,4.613,1.757,3.379,1.037,2.572,0.180,2.855,14.572,2.151,0.659,4.714
Ov79_rep2_Dep6_Tu3,0.001,0.112,0.756,0.019,1.194,0.965,0.233,3.861,1.872,4.211,7.466,1.490,4.591,3.975,14.077,9.992,4.245,1.711,9.616,2.789,1.150,20.188,5.486
Ov79_rep7_Dep6_Tu1,0.013,0.483,0.599,0.011,0.388,0.243,1.604,0.660,2.541,2.017,8.299,1.316,10.252,4.951,7.310,1.231,3.363,19.643,12.973,3.798,11.103,2.676,4.524
Ov79_rep9_Dep6_Tu5,0.174,3.003,2.247,0.235,2.524,0.276,0.384,2.489,3.678,1.170,6.943,3.244,5.890,4.609,2.273,8.585,9.392,12.425,1.200,7.152,1.361,12.522,8.221
Ov79_rep3_Dep6_Tu1,0.110,0.780,0.421,0.001,0.455,0.208,1.457,1.177,2.058,2.427,6.994,3.572,3.236,3.459,5.921,8.307,1.360,17.363,8.403,10.376,7.596,7.017,7.300
Ov79_rep5_Dep6_Tu3,0.099,0.157,1.076,0.001,0.674,0.952,1.204,2.040,0.367,4.616,5.201,3.471,0.482,2.649,13.093,0.396,3.354,16.860,4.287,6.206,10.437,8.637,13.739
Ov79_rep10_Dep6_Tu0.3,0.015,0.019,0.381,0.004,0.935,0.521,0.987,2.780,2.088,2.995,8.836,2.716,10.945,1.790,17.680,1.747,6.229,17.634,1.886,0.557,1.797,6.378,11.082
Ov79_rep8_Dep6_Tu2,0.196,2.709,0.052,0.015,0.298,0.904,2.099,1.953,0.996,1.500,5.216,3.426,10.585,5.669,6.138,10.315,1.121,20.284,1.111,10.683,0.635,5.264,8.833
Ov79_rep1_Dep6_Tu0.5,0.002,0.988,0.739,0.004,1.856,0.514,1.825,1.995,2.937,3.675,3.223,0.991,10.104,0.621,8.039,1.216,16.963,13.318,0.849,0.106,1.468,18.961,9.606
Ov79_rep3_Dep6_Tu0.3,0.055,0.964,0.208,0.013,2.810,0.467,3.419,3.024,0.217,0.867,5.731,1.469,8.884,0.130,9.235,8.316,4.007,4.277,3.647,5.252,12.659,15.854,8.492
Ov79_rep8_Dep6_Tu50,1.736,5.295,0.311,0.687,20.329,1.435,3.266,0.638,7.968,5.339,5.425,4.621,0.021,18.748,3.238,1.203,2.930,1.200,1.360,6.050,3.195,1.240,3.767
Ov79_rep9_Dep6_Tu0.3,0.028,0.369,0.548,0.001,0.110,1.160,0.820,1.427,1.580,2.770,5.771,1.590,11.442,2.925,15.607,0.999,3.628,16.994,8.345,5.986,3.699,5.707,8.493
Ov79_rep7_Dep6_Tu2,0.048,0.591,0.678,0.001,1.128,0.569,1.933,1.004,1.082,6.338,3.192,1.906,4.802,0.566,11.504,10.989,8.563,7.170,1.367,3.292,12.916,17.238,3.124
Ov79_rep7_Dep6_Tu30,1.550,4.984,1.202,0.066,8.925,2.977,2.110,0.761,2.229,1.960,1.598,4.228,9.012,17.134,11.588,4.116,1.214,2.583,3.320,2.886,6.234,4.465,4.856
Ov79_rep5_Dep6_Tu50,0.770,6.771,3.354,0.611,22.015,2.941,2.804,2.999,2.379,6.410,5.804,2.445,2.247,1.735,13.856,0.529,2.955,0.413,1.683,8.280,5.250,2.585,1.166
Ov79_rep6_Dep6_Tu0.5,0.015,0.734,1.267,0.003,0.583,0.473,3.071,0.420,3.371,3.794,3.977,1.653,13.739,1.112,5.266,1.678,11.743,11.386,13.739,8.038,1.540,10.196,2.203
Ov79_rep2_Dep6_Tu2,0.171,0.510,0.829,0.022,1.257,0.919,1.318,2.085,1.070,3.947,5.518,1.575,5.875,0.082,2.266,5.862,1.214,5.423,2.225,5.640,10.178,28.340,13.676
Ov79_rep3_Dep6_Tu30,2.096,8.141,0.238,0.692,5.664,2.086,2.554,2.801,1.429,7.193,7.336,1.452,5.164,8.418,4.407,2.284,4.102,0.035,9.166,0.096,2.494,6.064,16.088
Ov79_rep9_Dep6_Tu3,0.034,0.330,1.080,0.000,1.201,0.383,1.118,0.934,1.787,4.350,2.387,3.663,13.932,2.619,9.064,15.310,5.940,17.353,1.503,9.517,4.394,1.056,2.044
Ov79_rep10_Dep6_Tu2,0.347,1.379,0.501,0.012,0.995,0.467,2.711,3.165,0.872,3.177,7.906,2.224,0.371,4.322,0.633,5.374,2.202,20.419,12.589,4.602,2.473,13.190,10.070
Ov79_rep10_Dep6_Tu1,0.017,0.267,1.798,0.003,1.327,0.792,0.780,1.010,1.906,4.193,3.436,2.814,10.875,0.725,7.992,6.912,8.531,12.278,14.148,7.019,8.123,0.573,4.481
Ov79_rep6_Dep6_Tu5,0.144,0.115,1.023,0.006,1.597,0.356,1.054,3.397,1.847,4.046,2.916,1.881,1.463,4.671,13.233,3.994,1.843,11.262,1.472,0.277,8.418,26.120,8.864
Ov79_rep2_Dep6_Tu0.3,0.027,0.357,1.801,0.002,0.320,0.433,1.570,1.723,1.497,0.508,3.516,2.655,8.925,2.909,9.003,2.862,8.183,19.214,17.446,5.797,6.319,3.712,1.222
Ov79_rep4_Dep6_Tu20,2.249,2.059,0.481,0.067,9.205,0.803,4.760,0.684,3.580,3.525,2.355,5.360,8.650,6.559,5.296,8.363,10.691,5.735,1.344,7.922,1.214,3.099,6.000
Ov79_rep1_Dep6_Tu0.1,0.040,0.426,0.589,0.008,0.390,1.381,1.771,2.118,1.334,3.119,2.112,0.316,9.304,2.613,1.235,11.055,4.321,11.185,6.896,2.326,13.502,14.411,9.550
Ov79_rep4_Dep6_Tu10,1.157,1.057,1.275,0.036,4.639,0.164,2.568,3.274,2.245,1.826,8.431,0.647,0.158,7.332,7.381,0.703,3.555,5.171,6.272,1.960,15.705,19.835,4.608
Ov79_rep4_Dep6_Tu30,0.534,8.530,3.299,0.040,6.148,2.273,1.624,4.120,2.326,2.806,3.993,2.497,1.753,9.609,6.834,0.445,4.763,4.357,6.404,4.610,14.136,1.737,7.163
Ov79_rep5_Dep6_Tu10,0.439,2.459,0.868,0.006,1.367,1.291,2.328,3.245,3.267,7.666,3.244,0.612,3.739,6.156,2.875,9.110,6.518,11.194,10.806,4.205,8.700,7.052,2.852
Ov79_rep7_Dep6_Tu3,0.023,0.438,0.196,0.000,0.818,0.259,2.266,2.273,2.003,3.439,0.794,2.809,12.241,3.320,2.755,14.959,17.285,2.746,0.485,4.049,8.711,7.874,10.257
Ov79_rep9_Dep6_Tu50,1.921,6.977,4.249,0.302,12.865,5.208,0.031,2.243,3.543,5.242,4.974,4.931,0.628,18.017,0.495,2.781,3.079,0.853,4.754,10.880,0.351,0.220,5.457
Ov79_rep10_Dep6_Tu0.5,0.023,0.833,0.830,0.009,0.709,0.343,3.486,1.108,1.677,1.588,3.247,0.794,4.186,2.096,9.997,6.235,8.872,3.852,10.497,9.924,13.855,13.687,2.153
Ov79_rep7_Dep6_Tu40,0.862,9.154,1.479,1.648,13.152,2.090,3.480,2.504,4.872,3.605,3.944,1.173,1.358,4.759,10.808,4.542,2.962,3.539,6.029,0.786,6.661,3.452,7.139
Ov79_rep7_Dep6_Tu0.1,0.073,0.477,0.473,0.007,1.567,0.175,0.694,0.851,1.220,3.172,8.407,2.452,11.423,1.813,11.820,7.114,0.639,6.944,9.289,3.825,9.960,1.987,15.617
Ov79_rep9_Dep6_Tu0.1,0.012,0.273,0.916,0.000,0.882,0.533,2.866,2.110,2.627,5.162,2.788,1.635,12.624,2.737,0.428,1.864,14.582,4.305,12.550,6.545,3.592,20.865,0.104
Ov79_rep1_Dep6_Tu5,0.148,0.496,0.889,0.037,2.756,2.278,2.795,1.399,3.542,2.044,4.604,1.777,8.947,5.093,16.063,0.326,6.642,12.876,4.986,2.379,0.624,9.320,9.977
Ov79_rep9_Dep6_Tu30,3.021,9.214,2.562,0.212,1.206,3.041,3.581,2.234,0.535,3.237,10.906,5.086,8.130,2.838,11.833,4.984,8.113,3.416,2.689,6.561,1.937,0.486,4.177
Ov79_rep2_Dep6_Tu0.1,0.074,1.036,0.717,0.001,1.177,0.276,1.100,1.885,2.217,2.238,4.991,3.878,12.082,3.526,7.917,8.217,9.603,7.580,6.762,6.403,8.458,7.618,2.246
Ov79_rep7_Dep6_Tu20,1.396,5.812,0.868,0.540,8.773,0.070,1.808,2.402,1.093,4.726,6.627,3.392,10.244,0.313,13.428,4.305,1.717,1.124,3.208,1.091,5.663,2.080,19.320
Ov79_rep7_Dep6_Tu5,0.357,1.117,1.170,0.004,2.263,0.244,3.173,2.697,1.626,4.555,4.967,1.467,10.450,7.142,0.797,6.839,14.191,16.155,3.645,0.005,1.657,11.578,3.900
Ov79_rep2_Dep6_Tu10,1.463,0.824,1.557,0.000,5.418,0.539,1.663,2.844,0.904,2.817,3.262,2.214,6.056,7.437,0.229,1.568,5.129,11.265,14.448,0.912,19.315,5.835,4.299
Ov79_rep8_Dep6_Tu0.1,0.005,0.524,0.568,0.000,1.166,0.671,2.431,4.277,0.813,2.091,2.726,2.103,5.916,0.010,10.047,3.059,2.821,4.526,5.986,20.768,7.993,19.937,1.563
Ov79_rep8_Dep6_Tu5,0.060,0.778,0.893,0.026,3.104,0.848,2.049,0.693,3.523,3.480,4.422,4.726,1.116,3.657,0.766,15.329,6.231,2.339,11.551,5.489,6.294,19.956,2.671
Ov79_rep1_Dep6_Tu10,0.076,2.665,0.927,0.002,1.260,0.350,5.984,0.901,2.846,3.128,3.910,4.182,8.541,5.200,2.066,14.221,13.017,1.622,6.543,7.694,0.144,7.060,7.662
Ov79_rep1_Dep6_Tu1,0.006,0.408,1.031,0.000,0.624,0.392,2.824,2.075,0.921,4.311,1.572,2.865,5.779,1.270,2.700,12.385,11.349,8.034,8.241,9.610,3.270,16.155,4.176
Ov79_rep10_Dep6_Tu10,0.996,2.472,0.253,0.025,2.842,0.987,2.047,1.723,2.370,4.817,7.988,2.888,2.418,3.448,9.517,5.205,4.867,10.683,10.885,12.300,0.522,1.929,8.815
Ov79_rep2_Dep6_Tu50,0.912,6.331,5.361,1.021,5.347,4.120,2.877,3.986,2.728,6.410,4.720,4.329,2.313,9.000,8.856,1.001,0.672,0.159,1.849,15.328,1.193,1.356,10.133
Ov79_rep3_Dep6_Tu20,0.553,5.681,1.711,0.239,4.088,0.922,1.528,4.008,0.341,2.232,8.818,1.895,6.233,16.349,7.804,2.978,2.688,4.350,8.475,0.309,8.646,6.528,3.623
Ov79_rep3_Dep6_Tu0.1,0.151,0.002,0.883,0.014,1.349,0.353,1.585,1.644,1.061,3.583,9.502,2.568,10.401,1.236,1.529,6.100,13.261,15.778,13.972,2.291,2.466,5.233,5.037
Ov79_rep10_Dep6_Tu3,0.035,0.049,0.460,0.004,1.364,0.420,3.023,2.347,1.580,0.875,0.880,2.825,11.456,2.373,13.333,16.404,5.488,7.759,1.789,10.349,5.198,10.862,1.129
Ov79_rep5_Dep6_Tu2,0.036,0.657,0.723,0.010,1.677,0.022,1.739,3.401,0.296,0.566,6.189,4.164,13.299,2.027,2.207,5.170,15.691,5.286,4.335,12.378,2.418,13.883,3.824
Ov79_rep10_Dep6_Tu0.1,0.015,0.185,0.545,0.003,1.085,0.444,1.471,2.935,2.736,3.532,0.587,3.958,3.641,2.652,8.015,7.261,4.990,22.088,8.972,8.507,1.059,1.688,13.631
Ov79_rep6_Dep6_Tu3,0.022,0.092,0.638,0.068,1.317,0.420,3.744,0.024,1.120,1.759,5.936,1.826,9.981,3.891,0.609,6.091,8.890,8.252,8.758,6.488,3.981,17.711,8.380
Ov79_rep4_Dep6_Tu0.3,0.015,0.642,0.888,0.002,0.709,0.549,1.331,1.278,0.703,2.932,6.254,3.705,8.949,3.229,6.902,4.515,3.629,12.343,7.358,6.531,12.336,9.804,5.395
Ov79_rep4_Dep6_Tu3,0.012,1.520,0.659,0.001,1.519,0.375,0.206,1.821,0.485,3.037,6.322,3.545,7.696,0.464,8.808,17.991,1.530,6.965,4.060,6.167,10.227,10.665,5.923
Ov79_rep3_Dep6_Tu10,0.355,0.870,0.102,0.258,4.188,1.426,0.095,3.859,1.767,0.068,8.181,2.757,13.389,3.864,7.930,5.238,3.815,0.760,0.741,9.394,0.109,19.528,11.307
Ov79_rep3_Dep6_Tu5,0.362,0.765,0.394,0.003,2.370,0.845,2.260,2.716,0.951,3.817,3.161,2.146,6.890,3.210,4.969,5.842,7.101,6.666,15.283,3.922,6.013,10.376,9.938
Ov79_rep7_Dep6_Tu0.3,0.042,0.246,0.634,0.008,0.034,0.860,2.296,3.165,0.563,2.596,2.069,2.561,10.093,5.744,14.604,9.145,4.848,12.768,7.852,4.715,7.103,5.044,3.011
Ov79_rep8_Dep6_Tu3,0.002,0.340,1.017,0.002,1.408,0.883,0.690,1.015,1.760,5.260,2.783,2.230,14.169,2.445,8.877,0.631,5.749,15.842,7.015,5.904,10.540,8.488,2.949
Ov79_rep1_Dep6_Tu20,0.365,3.126,1.700,0.122,8.680,2.118,2.133,1.007,4.757,3.555,2.517,3.973,3.662,4.940,1.051,5.308,3.131,8.200,4.024,18.232,3.705,2.890,10.805
Ov79_rep5_Dep6_Tu0.5,0.231,0.256,0.805,0.012,0.865,0.319,1.172,1.046,2.034,2.565,3.330,1.939,12.549,0.276,7.766,0.257,5.254,20.347,6.731,0.108,16.852,4.529,10.755
Ov79_rep7_Dep6_Tu10,0.127,2.346,1.769,0.024,5.321,1.216,2.209,0.397,0.337,4.497,7.177,2.055,6.013,3.440,0.058,5.003,15.430,5.609,7.858,1.970,5.561,2.426,19.156
Ov79_rep8_Dep6_Tu0.5,0.023,0.550,0.595,0.027,1.664,0.298,3.811,2.193,2.544,3.246,0.907,0.068,13.243,3.650,0.327,6.964,11.274,5.820,3.174,0.625,11.714,13.020,14.264
Ov79_rep4_Dep6_Tu0.5,0.043,0.447,0.240,0.008,1.599,0.178,2.916,0.806,0.993,2.891,4.342,2.040,12.882,2.294,4.817,19.111,12.414,1.743,9.589,9.827,0.889,7.772,2.159
Ov79_rep2_Dep6_Tu40,1.669,6.082,1.409,0.403,9.281,3.485,2.881,1.972,5.337,6.544,7.949,2.574,2.365,13.633,4.421,6.733,1.246,1.555,0.268,12.799,2.512,3.355,1.528
Ov79_rep9_Dep6_Tu10,0.152,2.720,0.809,0.003,3.023,0.761,0.090,2.061,1.935,2.159,8.635,3.283,10.536,4.891,8.816,15.431,1.582,8.854,4.787,10.343,0.837,0.084,8.208
Ov79_rep3_Dep6_Tu50,1.674,4.981,4.156,0.510,8.409,2.712,2.411,6.607,0.085,5.440,3.715,5.276,3.210,20.512,2.889,2.408,0.804,0.727,0.008,6.921,7.753,3.929,4.863
Ov79_rep10_Dep6_Tu50,1.543,6.742,3.450,0.001,16.692,3.907,1.079,4.039,1.110,3.588,5.079,3.684,2.701,20.759,4.664,1.573,0.718,0.236,0.079,4.843,6.432,0.820,6.260
Ov79_rep1_Dep6_Tu30,2.506,1.326,3.927,0.084,9.086,1.463,1.434,0.909,3.749,9.171,1.918,1.508,6.706,14.062,3.820,0.704,7.812,5.823,12.191,3.371,2.064,0.614,5.751
Ov79_rep8_Dep6_Tu20,0.923,3.899,0.708,0.009,2.864,2.007,3.063,4.691,2.335,4.927,5.267,3.112,10.402,5.219,1.366,5.820,5.357,7.317,9.305,11.082,7.723,0.054,2.549
Ov79_rep6_Dep6_Tu40,2.017,11.518,0.935,0.125,10.136,3.860,1.663,3.417,2.416,6.077,2.104,2.947,5.519,2.869,10.771,1.581,6.840,0.483,3.927,3.457,12.282,2.135,2.922
Ov79_rep6_Dep6_Tu20,0.172,3.053,1.506,0.105,3.691,1.370,1.145,4.083,1.457,4.689,5.041,4.643,1.369,9.341,5.999,7.544,4.711,0.105,7.634,9.719,5.583,13.619,3.421
Ov79_rep10_Dep6_Tu30,1.513,4.433,4.001,0.853,8.185,1.037,1.994,5.016,5.567,4.325,0.035,1.891,7.327,12.029,2.816,0.484,3.864,1.664,1.167,12.721,7.770,2.609,8.699
Ov79_rep4_Dep6_Tu0.1,0.040,0.421,0.662,0.059,0.446,0.267,1.503,0.407,1.138,5.070,2.919,2.504,11.974,0.920,8.351,10.480,7.505,14.624,0.663,4.611,8.145,3.519,13.772
Ov79_rep5_Dep6_Tu20,0.571,4.421,0.071,0.034,6.088,0.920,5.465,2.935,0.424,2.190,2.716,5.300,3.506,6.409,0.590,10.686,2.713,6.742,2.616,14.582,6.733,6.392,7.896
Ov79_rep2_Dep6_Tu30,1.618,4.715,3.850,0.133,1.962,1.899,0.697,5.396,1.584,6.927,5.360,0.349,6.345,17.007,0.397,0.296,6.561,3.774,6.548,3.491,11.164,7.333,2.597
Ov79_rep5_Dep6_Tu40,1.168,1.642,2.035,0.274,21.083,2.502,3.749,5.047,3.327,7.105,3.494,0.042,3.619,20.200,3.824,2.967,0.954,0.452,3.874,4.741,2.087,3.425,2.389
Ov79_rep8_Dep6_Tu0.3,0.052,0.772,0.582,0.002,0.256,1.178,0.825,2.307,1.696,0.265,9.529,0.649,0.305,5.026,1.601,2.859,3.465,21.440,11.892,0.378,7.622,15.474,11.825
Ov79_rep4_Dep6_Tu40,0.520,6.307,3.055,0.698,14.435,1.552,3.825,1.111,2.423,3.048,5.813,3.737,2.664,14.277,7.047,1.330,4.597,3.365,3.731,6.115,0.716,0.820,8.812
Ov79_rep3_Dep6_Tu0.5,0.039,1.047,0.513,0.002,0.241,0.396,1.053,2.071,1.192,4.175,9.985,2.869,12.044,1.207,8.226,11.247,7.237,7.536,11.739,2.005,8.428,1.241,5.507
Ov79_rep6_Dep6_Tu10,0.148,0.958,1.396,0.200,0.449,0.572,2.767,0.878,4.430,5.024,4.976,1.255,8.182,9.791,5.133,6.776,3.832,9.666,10.678,6.901,6.996,5.509,3.484
Ov79_rep8_Dep6_Tu1,0.039,0.827,0.847,0.029,0.136,0.603,1.116,1.097,0.923,2.468,5.867,3.933,14.957,0.962,1.741,18.058,6.971,7.745,2.787,6.360,11.472,9.213,1.852
Ov79_rep9_Dep6_Tu2,0.136,0.780,0.960,0.009,0.314,0.295,2.443,2.300,2.504,3.782,0.792,1.824,5.228,3.949,3.911,3.788,3.252,11.447,8.937,6.802,7.123,12.831,16.595
Ov79_rep6_Dep6_Tu0.1,0.033,0.638,0.593,0.018,0.505,0.139,2.215,0.510,2.773,2.995,5.673,1.202,8.897,1.011,7.239,7.303,7.706,1.774,1.563,4.179,6.813,19.740,16.482
Ov79_rep5_Dep6_Tu0.1,0.086,0.228,1.210,0.003,1.218,0.728,1.380,0.230,2.838,3.122,6.135,0.640,7.070,1.840,17.342,0.517,3.219,3.698,26.066,4.308,8.443,4.660,5.021
Ov79_rep10_Dep6_Tu20,0.192,3.222,1.906,0.003,6.080,1.147,2.447,3.814,4.309,4.307,4.285,1.026,9.516,8.848,2.755,1.662,5.629,8.192,3.291,19.019,0.259,0.354,7.734
Ov79_rep5_Dep6_Tu0.3,0.026,0.833,0.210,0.001,1.210,0.218,0.860,2.597,3.832,3.080,9.029,0.874,9.656,4.372,5.357,10.068,8.808,0.816,11.591,5.787,6.842,12.634,1.300
Ov79_rep10_Dep6_Tu5,0.036,1.017,0.759,0.264,1.394,1.694,1.529,2.896,0.658,3.324,3.750,2.197,1.801,2.880,8.561,5.473,10.020,5.159,7.796,5.383,1.947,22.246,9.217
Ov79_rep5_Dep6_Tu5,0.121,0.942,0.690,0.004,1.318,0.217,3.081,1.480,2.146,3.826,7.414,3.461,7.455,2.235,1.757,2.908,0.372,11.012,8.663,20.245,4.847,9.332,6.475
Ov79_rep1_Dep6_Tu40,1.149,6.408,2.118,0.771,7.031,2.402,4.841,2.121,6.037,8.762,1.970,2.874,4.871,6.143,7.139,1.047,2.535,3.738,3.908,8.927,9.798,3.881,1.530
Ov79_rep8_Dep6_Tu40,1.531,3.651,2.050,0.469,18.287,2.030,2.713,4.761,2.400,4.101,5.445,2.439,6.787,20.581,3.385,4.752,2.092,3.022,0.823,0.784,5.058,2.040,0.799
Ov79_rep6_Dep6_Tu50,1.730,3.747,2.875,0.974,14.635,1.756,4.357,3.769,7.064,2.498,1.173,1.947,2.590,21.391,1.641,0.801,7.962,0.585,0.326,12.158,2.401,2.433,1.188
Ov79_rep2_Dep6_Tu20,0.446,5.421,0.177,0.028,3.167,2.156,4.478,4.930,2.746,2.881,3.802,2.053,9.302,9.691,7.266,1.317,3.448,4.002,0.043,9.288,12.493,2.050,8.815
Ov79_rep1_Dep6_Tu0.3,0.020,0.421,0.507,0.002,0.033,0.401,1.031,2.728,2.142,0.337,8.435,3.055,10.271,2.137,8.467,2.001,2.570,13.571,0.202,9.228,3.690,20.202,8.547
Ov79_rep6_Dep6_Tu1,0.024,0.294,0.846,0.021,1.098,0.520,1.945,0.701,1.177,3.150,3.454,2.480,11.054,1.343,2.514,10.096,0.042,12.685,16.292,9.874,1.600,7.192,11.596
Ov79_rep8_Dep6_Tu10,0.128,1.956,0.686,0.074,1.356,1.298,3.264,0.569,4.631,4.578,4.893,1.820,4.676,5.423,3.268,10.833,3.168,14.539,1.382,13.416,0.734,8.876,8.430
Ov79_rep9_Dep6_Tu20,0.305,4.114,3.864,0.421,1.094,0.452,5.476,3.434,3.085,5.058,1.840,1.598,7.251,13.494,2.384,0.042,10.260,3.867,2.282,1.522,6.211,6.294,15.651
Ov79_rep6_Dep6_Tu2,0.140,0.942,0.643,0.030,2.358,0.583,0.109,0.211,4.876,0.968,4.560,3.653,6.888,1.702,4.455,8.486,16.490,15.629,0.262,8.624,4.130,4.611,9.649
Ov79_rep10_Dep6_Tu40,0.538,12.782,4.341,0.877,6.536,1.837,3.759,3.358,2.621,6.187,5.862,3.335,1.842,10.221,4.347,3.272,9.529,0.041,5.593,1.985,0.672,7.310,3.155
Ov79_rep4_Dep6_Tu1,0.027,0.581,0.802,0.003,1.166,0.121,3.566,0.158,2.486,2.674,2.726,2.676,10.098,1.056,5.426,21.778,20.606,1.058,1.645,3.188,4.778,11.132,2.251
Ov79_rep1_Dep6_Tu2,0.008,1.072,0.927,0.004,0.501,0.303,2.271,0.591,3.473,3.422,4.355,1.227,13.062,7.277,12.380,7.369,3.632,12.458,6.931,2.913,1.267,9.930,4.624
Ov79_rep3_Dep6_Tu2,0.024,0.595,0.623,0.007,1.528,0.851,1.387,2.250,2.161,1.387,9.280,2.606,0.853,1.196,4.507,8.895,9.455,12.220,6.194,7.872,0.499,15.043,10.568
Ov79_rep4_Dep6_Tu2,0.003,0.637,0.594,0.014,1.294,0.228,1.891,1.563,3.081,0.830,9.709,1.905,13.025,1.324,1.050,10.371,2.018,2.530,27.752,8.169,6.793,3.187,2.030
Ov79_rep9_Dep6_Tu40,0.999,7.190,3.289,0.195,8.442,0.787,4.930,6.294,3.534,0.447,8.661,2.541,5.754,21.878,5.057,0.557,4.813,0.450,3.677,0.709,1.925,3.557,4.315
Ov79_rep4_Dep6_Tu5,0.124,0.813,0.504,0.003,4.386,0.030,1.351,2.780,2.484,4.507,3.543,2.098,4.516,7.153,1.277,18.546,1.378,13.769,1.700,15.073,7.373,2.482,4.109
Ov79_rep2_Dep6_Tu0.5,0.027,1.094,0.047,0.006,1.013,1.187,1.339,0.812,2.003,3.510,7.976,0.471,12.994,1.884,4.835,5.211,2.478,11.631,17.106,0.789,9.932,9.597,4.056
Ov79_rep5_Dep6_Tu30,0.962,4.609,3.696,0.199,1.543,1.165,4.854,1.415,3.173,9.813,3.434,3.802,4.594,15.807,1.965,4.313,7.982,0.170,3.386,2.556,6.417,6.396,7.749
Ov79_rep3_Dep6_Tu40,1.412,11.481,0.500,0.013,5.584,2.553,3.846,4.614,4.362,3.305,1.639,3.210,1.150,21.980,10.705,2.661,1.452,0.526,2.819,9.745,3.070,1.694,1.678
Ov79_rep6_Dep6_Tu30,0.570,3.740,0.388,0.014,8.685,2.214,3.031,5.431,0.732,6.936,3.704,3.774,7.034,12.840,2.102,2.226,17.207,0.069,3.090,5.711,1.566,0.495,8.440
Ov79_rep2_Dep6_Tu1,0.061,0.367,1.020,0.003,1.209,0.163,1.304,1.570,0.401,5.882,5.348,2.893,13.350,3.114,5.809,4.725,5.690,9.134,8.917,6.647,12.464,8.273,1.657
Ov79_rep3_Dep6_Tu3,0.237,0.542,0.392,0.004,1.095,0.841,0.784,2.346,3.217,5.516,7.580,1.851,3.185,0.845,18.084,9.342,3.016,5.798,1.515,4.851,12.470,12.196,4.293
Ov79_rep9_Dep6_Tu0.5,0.018,0.840,0.893,0.005,1.284,0.052,1.610,0.158,1.989,1.745,5.073,3.033,15.332,3.677,10.713,0.427,12.489,4.708,5.199,0.955,6.422,7.725,15.654
Ov79_rep9_Dep6_Tu1,0.082,0.211,1.869,0.031,0.340,0.300,2.480,0.511,1.862,2.632,5.494,1.417,13.098,2.878,15.207,6.141,3.419,1.600,8.710,0.078,11.630,10.839,9.169
Ov79_rep5_Dep6_Tu1,0.080,0.943,1.296,0.004,1.015,0.619,2.617,1.874,1.613,4.611,4.851,3.622,10.301,0.078,6.985,14.479,3.418,10.882,5.978,4.000,6.505,11.008,3.223
Ov79_rep7_Dep6_Tu0.5,0.019,0.906,0.532,0.008,1.025,0.373,1.704,2.584,1.698,0.475,4.495,2.993,8.607,4.860,0.939,10.865,6.976,9.636,10.915,5.748,0.688,15.758,8.195
