Sample,BRCA,CEAD,CESC,COAD,OV,READ,bcell,cd4tcell,cd8tcell,erythroblast,monocyte,naturalkillercell,neutrophil,Unknown-1
Breast-GC1002975,0.086,7.130,0.155,0.000,6.555,1.214,2.332,2.344,5.778,3.034,11.315,3.874,20.905,35.278
Breast-GC1002976,1.575,0.799,0.578,0.093,18.993,3.520,3.531,1.908,4.847,6.868,2.598,3.567,20.261,30.863
Breast-GC1002977,0.001,0.003,0.004,0.000,0.707,1.256,8.219,0.197,0.232,0.047,6.577,15.962,46.400,20.396
Breast-GC1002978,1.847,6.170,0.616,0.000,8.313,1.330,2.649,2.295,4.363,3.248,17.560,3.313,13.175,35.121
Breast-GC1002979,5.029,3.817,1.096,0.646,3.635,1.091,2.917,4.847,0.622,4.068,10.388,3.410,34.867,23.568
Breast-GC1002980,0.002,7.740,0.342,0.000,2.607,0.032,1.862,8.826,4.160,8.107,9.556,2.620,17.019,37.128
Breast-GC1002981,0.051,7.178,0.245,0.000,6.319,1.105,1.789,5.097,4.139,1.797,13.396,2.305,24.454,32.126
Breast-GC1003967,0.147,6.252,0.583,0.152,7.134,1.447,1.385,5.503,0.856,8.927,13.823,3.985,11.778,38.027
Breast-GC1003968,1.586,2.665,1.521,0.519,11.435,2.882,2.046,4.074,5.620,7.294,7.374,2.917,16.348,33.720
Breast-GC1003970,0.471,5.354,0.381,0.000,5.669,1.569,2.873,1.770,0.474,6.636,29.558,3.816,21.236,20.192
Breast-GC1003971,0.415,2.581,1.217,0.569,8.753,2.001,1.854,6.268,2.923,10.767,17.817,7.852,5.567,31.416
Breast-GC1003972,1.182,7.332,0.653,1.169,8.078,0.630,2.269,2.999,3.539,8.018,16.376,4.224,5.975,37.554
Breast-GC1003974,0.162,3.587,1.107,1.165,4.648,2.014,2.343,0.918,3.162,2.253,11.286,3.391,37.879,26.084
Breast-GC1002311,0.007,6.943,0.158,0.000,3.693,0.841,1.477,4.035,5.508,9.206,12.995,1.971,13.331,39.836
Breast-GC1004006,0.016,4.826,0.181,0.000,6.096,1.301,4.388,4.292,3.498,5.062,13.161,5.375,20.562,31.240
Breast-GC1004007,0.181,9.905,0.570,0.000,8.975,2.015,3.664,1.109,7.213,8.793,8.245,3.837,7.256,38.235
Breast-GC1004008,0.030,5.417,0.494,0.279,3.874,1.120,3.648,3.671,2.977,5.698,6.733,2.575,35.078,28.404
Breast-GC1004009,0.787,0.839,0.913,0.340,12.975,1.771,0.549,1.382,3.014,3.282,8.198,1.369,33.991,30.591
Breast-GC110693,0.647,0.233,0.066,0.386,11.809,3.228,3.247,0.194,1.569,3.192,8.181,5.285,32.534,29.428
Breast-GC110694,0.124,6.649,0.443,0.000,6.582,1.077,3.184,4.201,1.903,9.012,11.695,3.638,21.009,30.484
Breast-GC110695,0.591,2.863,0.776,0.000,14.639,3.131,2.466,3.029,2.903,4.701,9.637,6.382,5.603,43.279
Breast-GC110696,0.013,5.488,0.280,0.000,6.192,1.189,4.902,4.526,2.373,8.783,13.029,5.516,14.447,33.262
Breast-GC116960,0.561,1.428,0.964,0.438,7.424,1.985,5.055,5.330,3.814,4.623,18.315,5.022,15.655,29.386
Breast-GC116963,0.007,3.883,0.366,0.052,4.209,0.088,0.890,2.866,3.666,1.314,4.059,1.568,52.313,24.719
Breast-GC116964,0.005,0.329,0.158,0.000,12.989,5.161,4.534,0.049,1.138,3.644,18.911,8.034,4.485,40.565
Breast-GC116965,0.204,9.963,0.256,0.000,8.420,0.915,1.000,2.500,8.093,12.854,8.393,3.727,0.939,42.737
Breast-GC116966,0.000,12.527,0.187,0.000,2.713,0.123,2.302,4.698,4.644,9.560,13.530,4.254,3.868,41.595
Breast-GC116967,0.439,2.757,0.860,0.006,13.989,2.941,2.474,2.429,1.631,3.920,15.613,6.239,10.218,36.485
Breast-GC116968,0.400,5.032,0.515,0.135,5.890,0.663,1.243,3.663,4.591,5.355,4.497,1.593,34.895,31.528
Breast-GC116969,0.012,2.719,0.656,0.000,4.998,0.836,2.005,1.026,4.892,5.530,6.915,2.490,40.905,27.016
Breast-GC116970,0.241,3.600,0.303,0.551,8.749,1.237,1.800,0.365,6.306,7.996,10.287,2.385,25.085,31.094
Breast-GC116971,0.496,11.676,0.604,0.057,4.466,0.418,3.677,2.880,7.613,9.540,10.404,3.330,14.096,30.744
Breast-GC110676,0.012,2.574,0.665,0.669,7.357,1.401,2.739,4.636,4.738,5.258,8.731,3.890,18.987,38.345
Breast-GC110678,0.615,5.919,1.061,1.095,7.020,1.865,2.467,4.885,3.627,6.302,21.464,4.321,15.205,24.154
Breast-GC110679,13.118,1.711,1.756,1.489,8.499,1.146,3.366,2.140,5.200,6.393,9.074,2.226,12.822,31.061
Breast-GC110680,0.052,1.731,0.585,0.000,10.263,2.383,2.521,3.339,3.440,6.470,9.211,2.095,23.868,34.040
Breast-GC110681,3.091,0.041,0.312,0.000,32.506,13.830,0.485,0.001,0.012,0.160,0.084,4.332,7.132,38.015
Breast-GC110682,0.093,0.039,0.831,0.000,13.618,4.090,5.130,1.100,1.952,5.657,11.560,5.383,21.701,28.845
Breast-GC110683,0.175,0.963,0.829,0.000,15.967,5.510,4.788,0.481,1.374,4.355,10.081,6.703,13.902,34.873
Breast-GC110684,0.034,0.548,1.447,0.323,7.508,2.975,4.401,0.588,2.746,6.457,13.802,3.760,26.853,28.558
Breast-GC110685,0.437,4.964,0.609,0.000,9.932,1.731,5.296,12.004,2.261,7.481,16.237,6.720,7.614,24.714
Ovarian-GC110686,0.000,14.329,0.031,0.142,0.316,0.000,0.967,14.265,5.507,10.263,7.421,2.858,7.392,36.511
Ovarian-GC114179,0.004,12.965,0.331,0.317,4.277,0.492,1.755,12.201,2.769,5.992,13.391,2.919,10.950,31.639
Ovarian-GC114180,0.014,14.770,0.221,0.393,0.605,0.000,2.272,17.931,2.433,4.764,13.394,2.857,8.745,31.600
Ovarian-GC114181,5.378,22.270,1.197,0.397,2.244,0.179,0.445,4.005,4.599,16.357,6.419,1.734,12.150,22.627
Ovarian-GC114182,2.521,0.153,0.555,0.000,59.133,5.044,0.002,0.001,0.017,1.090,2.909,0.878,11.791,15.905
Ovarian-GC116977,0.144,5.186,0.843,0.389,9.006,1.765,2.971,3.382,1.647,10.621,12.368,4.982,10.464,36.233
Ovarian-GC116979,0.904,9.080,1.147,0.414,20.064,0.000,1.130,9.168,5.106,3.201,9.910,0.292,22.292,17.291
Ovarian-GC116982,0.693,4.442,0.350,0.000,23.546,0.330,1.274,10.660,0.282,10.653,7.824,7.219,12.285,20.440
Ovarian-GC116990,0.272,3.449,0.699,0.326,12.813,1.399,2.742,1.381,3.234,2.763,14.719,4.379,24.645,27.179
Ovarian-GC119363,0.261,18.925,0.123,0.315,12.320,0.036,1.318,9.750,4.625,10.287,3.352,1.820,10.491,26.377
Ovarian-GC119364,0.171,5.294,0.508,0.169,4.860,0.981,4.113,7.450,3.160,3.621,17.377,3.976,21.397,26.923
Ovarian-GC119365,0.518,0.021,0.004,0.000,98.409,0.267,0.154,0.137,0.100,0.310,0.028,0.042,0.006,0.005
Ovarian-GC119366,1.803,27.853,0.036,0.723,3.086,0.034,0.537,12.236,3.932,14.996,7.753,1.579,0.159,25.274
Colorectal-GC121326,0.226,6.499,0.395,0.026,8.144,2.267,1.545,6.333,1.502,16.480,2.122,1.368,25.573,27.521
Colorectal-GC121327,2.925,15.901,1.387,15.249,0.003,0.000,0.919,18.924,3.561,1.569,11.466,0.150,6.583,21.362
Colorectal-GC121328,0.075,6.975,0.253,0.000,9.350,2.874,1.515,1.203,1.443,37.165,7.668,4.600,0.447,26.431
Colorectal-GC121329,0.811,14.258,0.042,0.000,3.679,22.350,2.209,10.797,5.554,20.385,8.371,0.233,0.723,10.587
Colorectal-GC121330,5.746,10.301,0.296,1.113,27.939,2.707,0.065,2.014,0.740,10.464,1.109,1.111,5.353,31.042
Colorectal-GC1003994,0.008,7.553,0.919,0.408,3.051,0.001,2.342,9.107,4.573,14.944,10.280,1.455,11.954,33.405
Colorectal-GC1003995,2.171,4.123,5.004,21.223,7.133,11.332,4.203,3.983,1.038,1.844,6.090,1.365,9.764,20.725
Colorectal-GC1003996,1.339,4.281,0.799,2.491,5.678,0.447,3.776,1.857,5.727,6.286,9.110,2.446,28.304,27.458
Colorectal-GC1003997,0.006,13.860,0.188,0.002,0.471,0.000,1.359,5.708,8.524,8.183,11.223,2.068,17.643,30.766
Colorectal-GC1003998,0.006,5.944,1.467,2.240,7.046,1.669,3.189,7.397,1.654,9.329,9.847,5.846,13.038,31.326
Colorectal-GC1003999,1.657,17.249,0.089,0.061,19.099,1.501,0.077,7.101,2.095,13.064,0.982,1.693,1.007,34.325
Colorectal-GC1004000,2.430,2.289,0.878,3.237,15.234,40.558,0.690,1.926,1.984,0.196,2.609,2.498,11.633,13.838
Colorectal-GC1004001,0.007,9.449,0.642,0.115,1.646,0.383,1.964,4.869,3.458,7.463,9.709,3.762,27.290,29.244
Colorectal-GC1004002,0.535,14.078,0.393,0.563,1.410,1.308,3.718,2.840,6.566,10.472,5.933,3.730,19.163,29.293
Colorectal-GC1004003,1.070,9.715,0.772,0.429,12.267,1.695,1.145,3.668,2.741,15.624,11.510,2.328,6.080,30.957
Colorectal-GC137538,0.771,1.044,0.941,0.000,13.295,5.527,5.256,0.589,6.899,4.987,16.684,9.751,8.386,25.871
Colorectal-GC137539,0.700,6.489,0.845,0.354,8.867,1.238,1.604,3.258,7.538,7.688,17.320,1.807,20.687,21.606
Colorectal-GC137540,0.002,9.481,0.072,0.027,2.557,0.037,0.874,9.117,4.444,12.765,8.914,2.438,11.326,37.945
Colorectal-GC137541,0.082,5.584,0.482,0.000,10.114,2.105,2.768,1.874,2.595,11.669,12.977,3.829,16.604,29.317
Colorectal-GC137542,0.000,10.277,0.008,0.265,1.800,0.001,1.017,6.584,7.178,13.983,7.062,2.742,17.674,31.409
Colorectal-GC137543,0.467,15.308,0.252,0.010,7.054,5.342,2.329,0.350,6.776,8.354,9.487,3.254,9.619,31.399
Colorectal-GC137544,0.036,4.918,0.485,0.005,3.648,0.484,4.091,6.233,2.021,13.666,8.553,3.367,17.866,34.628
Colorectal-GC137545,0.000,15.353,0.100,0.000,2.281,0.017,1.435,11.978,2.087,12.954,13.490,3.159,4.324,32.822
Colorectal-GC137546,0.007,9.279,0.666,0.000,2.021,0.415,1.886,8.031,1.623,9.264,9.176,4.556,22.508,30.567
Colorectal-GC137547,0.444,10.536,0.496,0.000,5.266,0.773,1.479,3.159,4.380,10.540,18.411,3.327,12.208,28.979
Colorectal-GC137548,0.028,0.080,0.517,0.005,7.056,1.023,3.049,2.187,3.187,0.762,4.296,6.552,41.934,29.324
Colorectal-GC137549,0.102,3.191,0.510,0.000,10.894,15.919,1.392,4.298,2.665,11.646,6.504,4.067,15.468,23.344
Colorectal-GC137550,0.833,0.768,1.192,0.000,8.649,1.929,7.950,4.708,0.141,5.348,7.091,10.444,19.881,31.066
Colorectal-GC137551,0.063,0.011,0.823,0.000,5.926,3.362,4.620,0.060,0.432,0.672,20.322,4.756,29.942,29.010
Colorectal-GC137552,0.004,2.508,0.740,0.000,8.969,2.529,2.337,1.551,4.666,7.472,12.435,4.923,13.574,38.293
Colorectal-GC137553,0.818,1.103,2.360,0.111,11.214,6.606,20.879,0.509,1.308,2.466,13.118,8.872,3.791,26.846
Colorectal-GC137554,0.403,7.540,0.634,0.000,15.829,5.497,4.030,1.552,2.102,7.355,10.805,4.722,8.584,30.946
Colorectal-GC137555,0.000,1.851,1.059,0.000,2.893,1.607,3.320,5.679,3.354,7.441,14.323,5.088,15.068,38.316
Colorectal-GC137556,0.009,6.176,0.535,0.000,5.054,1.901,2.143,5.471,2.448,7.755,9.942,4.498,19.788,34.280
Colorectal-GC137557,0.003,7.558,0.087,0.505,2.519,0.768,0.896,2.836,2.128,4.102,11.147,2.026,42.044,23.382
Cervical-GC1002983,0.252,0.168,1.233,0.000,16.098,3.628,3.247,0.461,1.018,3.851,12.091,3.585,29.781,24.587
Cervical-GC1002984,0.019,5.649,1.031,0.388,6.595,0.765,1.771,0.964,4.727,10.102,22.823,2.718,8.723,33.724
Cervical-GC114187,0.013,1.517,0.138,0.000,15.655,3.665,4.193,0.619,2.597,7.527,13.790,6.961,6.391,36.933
Cervical-GC114188,0.287,3.165,0.753,0.249,11.917,0.970,2.567,5.206,5.577,8.423,13.346,3.062,11.926,32.550
Control-GC1003986,0.065,0.205,0.779,0.111,7.335,1.799,2.750,0.424,6.468,1.717,8.575,3.179,39.074,27.519
Control-GC1003988,0.002,4.469,0.470,0.000,5.478,1.454,2.422,6.011,0.579,8.302,10.589,4.618,19.507,36.099
Control-GC110675,0.042,0.300,1.141,0.464,4.641,0.107,1.641,2.209,3.894,3.577,6.037,0.928,51.558,23.461
Control-GC112864,0.071,1.279,0.264,0.000,12.375,1.118,3.954,0.343,1.773,3.500,11.982,5.475,22.812,35.055
Control-GC112894,2.385,0.305,0.775,0.543,23.507,5.547,3.953,0.328,1.493,2.603,7.739,6.027,7.252,37.543
Control-GC112895,0.519,0.698,0.786,0.002,15.031,3.773,8.228,0.055,2.888,8.028,8.060,4.132,15.399,32.400
Control-GC112897,0.933,0.354,1.360,0.259,13.082,3.704,5.316,0.227,1.707,3.417,7.209,5.066,26.461,30.906
Control-GC119350,0.000,1.538,0.142,0.000,7.835,1.538,3.994,3.257,2.410,7.654,10.498,5.499,11.716,43.918
Control-GC119351,0.005,4.376,0.409,0.001,5.979,1.192,3.457,1.273,2.377,5.762,6.776,3.911,32.861,31.622
Control-GC119352,0.001,8.266,0.749,0.000,4.387,1.037,1.639,1.500,8.619,7.834,11.369,2.574,11.335,40.690
Control-GC119353,0.925,1.031,0.502,0.004,16.209,2.493,3.338,0.379,4.609,11.807,13.173,4.679,3.252,37.599
Control-GC119354,0.235,3.185,0.503,0.116,9.444,1.033,4.090,4.269,4.027,12.439,13.322,5.211,7.701,34.424
Control-GC119356,0.094,3.483,0.529,0.019,6.175,1.125,2.595,1.019,4.320,5.906,8.725,3.152,33.217,29.642
Control-GRP-GC114128,0.003,6.812,0.516,0.003,4.935,1.372,4.485,1.939,4.334,14.064,11.825,3.553,9.170,36.989
Control-GRP-GC114130,0.002,17.666,0.043,0.000,0.076,0.000,0.311,21.817,0.890,4.122,12.930,1.439,13.553,27.152
Control-GRP-GC114131,0.176,6.658,1.160,0.552,4.427,1.623,1.760,2.119,7.724,5.978,9.394,3.104,18.155,37.172
Control-GRP-GC114132,0.045,21.584,0.037,0.000,0.618,0.000,0.402,16.608,3.117,4.023,14.921,2.243,16.712,19.690
Control-GRP-GC114133,0.052,5.896,0.897,0.000,5.130,2.144,4.861,2.646,3.935,7.454,18.873,4.090,9.069,34.952
Control-GRP-GC114134,0.000,11.626,0.213,0.000,0.676,0.000,1.337,12.469,3.399,7.881,14.344,3.952,11.674,32.429
Control-GRP-GC114136,0.078,11.255,0.418,0.570,2.541,0.341,1.776,1.808,4.473,7.357,9.086,3.258,30.570,26.468
Control-GRP-GC114137,0.000,12.704,0.082,0.000,0.151,0.000,1.137,15.020,4.921,2.718,9.737,1.093,25.322,27.114
Control-GRP-GC114139,0.017,11.934,0.648,0.000,3.007,1.490,2.636,1.612,2.689,7.075,9.058,5.500,18.154,36.179
Control-GRP-GC114140,0.116,0.126,1.447,0.017,12.349,3.160,2.493,0.055,0.668,0.193,7.563,4.049,37.205,30.560
Control-GRP-GC114141,0.461,10.848,0.245,0.890,6.893,0.541,1.184,5.658,5.372,9.208,8.790,1.372,24.249,24.289
Control-GRP-GC114142,0.006,7.783,0.418,0.001,4.414,0.718,1.811,5.614,2.042,6.822,11.293,2.430,28.463,28.185
Control-GRP-GC114183,0.003,3.305,0.911,0.001,1.519,0.010,1.805,10.472,8.323,5.600,8.474,1.285,31.945,26.347
Control-GRP-GC114185,0.242,1.090,0.909,0.312,5.769,2.081,4.100,2.121,1.686,1.317,12.281,4.060,30.306,33.727
Control-GRP-GC114186,0.003,10.838,0.239,0.446,2.595,0.833,3.071,1.477,3.786,5.176,9.594,3.765,26.540,31.638
Control-GRP-GC118464,0.770,8.827,0.563,0.001,8.540,0.988,1.126,5.264,5.132,6.259,11.212,3.114,20.875,27.326
Control-GRP-GC118466,0.076,3.655,0.963,0.000,5.017,0.635,1.955,13.133,1.940,10.857,12.545,2.984,13.778,32.462
Control-GRP-GC118474,0.040,12.756,0.092,0.000,1.440,0.002,1.041,12.499,1.266,7.094,13.644,2.917,20.194,27.013
Control-GRP-GC118476,0.013,18.369,0.010,0.000,0.363,0.001,0.045,12.740,3.197,10.138,12.779,1.868,9.350,31.127
Control-GRP-GC118478,0.003,7.326,0.148,0.000,2.172,0.034,3.134,5.503,5.170,10.634,15.047,3.388,12.833,34.609
Control-GRP-GC118484,0.000,8.083,0.099,0.012,0.356,0.000,1.353,4.104,7.887,4.975,11.389,1.814,36.009,23.919
Control-GRP-GC118485,0.001,7.928,0.245,0.000,1.438,0.000,0.992,11.503,4.899,4.015,13.251,2.518,23.499,29.712
Control-GRP-GC118486,0.001,9.619,0.161,0.000,0.175,0.000,0.980,2.016,7.577,1.988,8.883,0.219,52.333,16.047
Control-GRP-GC118489,0.185,8.907,0.372,0.193,2.846,0.016,2.142,7.461,0.250,2.488,14.349,3.254,34.170,23.366
Control-GRP-GC118490,0.241,5.056,0.900,0.029,6.378,2.040,3.705,4.651,4.717,3.927,14.233,3.486,21.150,29.487
Control-GRP-GC118491,0.001,15.263,0.018,0.000,0.337,0.000,0.879,11.958,6.100,11.526,12.083,1.826,12.069,27.938
Control-GRP-GC118494,0.019,1.580,0.920,0.000,7.072,0.716,2.727,6.814,4.973,4.648,19.653,1.959,19.752,29.165
Control-GRP-GC118496,0.003,8.560,0.279,0.003,1.703,0.001,0.148,4.105,2.298,2.715,3.216,0.435,58.196,18.338
Control-GRP-GC118497,0.001,9.381,0.073,0.000,0.222,0.000,1.650,15.171,1.896,4.360,9.576,2.158,27.838,27.673
Control-GRP-GC118499,0.110,13.528,0.172,0.000,0.429,0.024,1.233,5.275,5.002,4.245,8.381,1.341,36.333,23.926
Control-GRP-GC119340,0.002,12.917,0.008,0.000,0.388,0.000,0.935,9.211,6.863,9.890,16.139,2.033,14.910,26.705
Control-GRP-GC119343,0.000,12.720,0.001,0.000,0.064,0.000,0.467,18.083,3.716,10.466,11.902,2.958,1.997,37.625
Control-GRP-GC119367,0.036,13.842,0.685,0.385,3.893,0.428,0.911,5.037,2.305,9.916,16.547,3.747,12.124,30.144
Control-GRP-GC119369,0.031,8.287,0.378,0.000,0.419,0.000,1.715,5.457,8.913,4.361,13.465,0.475,33.740,22.758
Control-GRP-GC119370,0.058,9.334,0.173,0.054,1.753,0.007,3.565,2.933,8.022,7.331,18.643,1.725,22.099,24.304
Control-GRP-GC119374,0.002,9.041,0.119,0.000,2.884,0.023,1.141,8.851,4.958,0.271,19.977,3.840,21.225,27.667
Control-GRP-GC119375,0.308,9.456,0.264,0.000,8.283,0.792,1.483,3.116,7.602,9.926,13.551,1.513,12.142,31.564
Control-GRP-GC119377,0.018,13.323,0.535,0.000,1.804,0.006,1.972,12.756,3.859,7.374,12.212,1.392,15.303,29.445
Control-GRP-GC119383,0.044,11.219,0.233,0.000,1.864,0.003,1.250,11.982,3.044,5.132,14.453,2.180,7.851,40.746
Control-GRP-GC119384,0.000,14.538,0.100,0.000,1.125,0.000,1.237,11.969,4.696,3.742,13.963,1.567,20.037,27.026
Control-GRP-GC119386,1.025,12.136,0.382,2.708,0.116,0.000,1.563,12.069,4.259,1.144,13.883,1.194,23.527,25.992
Control-GRP-GC119388,0.006,10.243,0.251,0.179,3.021,1.024,3.562,2.947,5.269,1.149,18.863,4.293,15.181,34.011
Control-GRP-GC119389,0.000,14.757,0.015,0.001,0.015,0.000,0.359,22.051,1.619,2.958,10.456,2.324,19.168,26.278
Control-GRP-GC119390,0.009,12.846,0.313,1.448,1.236,0.000,2.045,8.810,4.219,5.297,14.851,1.890,11.835,35.202
Control-GRP-GC119391,0.000,13.512,0.005,0.000,0.209,0.000,1.106,16.424,4.553,9.232,9.313,4.827,11.132,29.686
Control-GRP-GC119394,0.000,10.682,0.016,0.000,0.527,0.000,1.925,11.052,8.004,6.107,10.432,2.242,15.818,33.195
Control-GRP-GC119395,0.013,17.152,0.200,0.125,1.504,0.002,1.224,8.035,4.567,6.849,14.310,2.759,9.902,33.358
Control-GRP-GC119397,0.243,9.616,0.670,0.247,2.305,0.000,1.435,7.880,5.919,4.970,12.756,1.797,23.824,28.337
Control-GRP-GC119398,0.071,9.174,0.101,0.072,0.368,0.000,1.031,9.583,3.332,3.968,10.244,1.251,39.305,21.500
Control-GRP-GC119399,0.024,15.467,0.050,0.000,0.005,0.000,0.761,17.288,0.616,2.772,12.691,1.718,20.562,28.045
Control-GRP-GC119400,0.588,10.531,0.511,0.269,3.325,0.013,0.714,10.350,5.064,5.624,8.068,0.475,28.987,25.479
Control-GRP-GC119401,0.000,15.940,0.016,0.000,0.156,0.000,1.004,18.454,0.699,5.031,10.672,2.367,16.894,28.768
Control-GRP-GC119402,0.021,8.653,0.285,0.315,4.477,0.324,2.411,10.000,2.820,7.529,9.888,2.455,20.602,30.222
Control-GRP-GC119403,0.014,10.395,0.510,0.001,1.815,0.020,1.604,8.810,6.980,1.615,9.108,1.147,31.912,26.070
Control-GRP-GC119405,0.144,10.200,0.461,0.000,2.498,1.034,1.673,3.306,5.735,3.731,14.973,3.573,26.117,26.554
Control-GRP-GC119410,0.003,12.652,0.022,0.000,0.006,0.000,0.460,23.231,3.759,2.154,8.588,1.122,22.464,25.539
Control-GRP-GC119411,0.226,12.771,0.215,0.000,1.123,0.001,1.573,11.769,0.822,4.232,13.307,2.806,22.543,28.611
Control-GRP-GC119415,0.000,10.579,0.019,0.000,0.336,0.000,0.566,9.681,2.866,7.656,14.969,3.558,19.462,30.308
Control-GRP-GC119416,0.700,15.616,0.299,0.015,4.101,0.141,0.847,14.433,0.294,6.960,7.458,2.792,18.580,27.763
Control-GRP-GC119417,0.041,9.658,0.328,0.534,1.573,0.002,1.223,12.030,3.366,1.168,11.672,2.109,25.955,30.341
Control-GRP-GC119419,0.055,4.796,0.346,0.876,4.748,0.498,4.091,2.997,4.020,3.216,9.315,4.375,35.612,25.054
Control-GRP-GC119420,0.004,3.677,1.256,0.013,3.071,0.193,1.335,7.263,2.908,5.093,5.883,1.437,41.566,26.300
Control-GRP-GC119421,0.576,6.575,1.080,0.002,6.443,2.184,4.099,3.416,2.702,6.061,9.788,3.202,23.739,30.134
Control-GRP-GC119422,0.007,11.592,0.408,0.000,0.572,0.000,0.784,18.293,4.371,3.952,14.180,2.059,12.599,31.184
Control-GRP-GC119426,0.571,10.055,0.350,0.485,3.354,0.587,2.745,4.052,7.619,4.045,13.931,3.089,23.208,25.909
Control-GRP-GC119430,0.026,17.545,0.102,0.001,0.429,0.040,2.486,9.147,8.855,7.766,8.616,2.379,4.718,37.889
Control-GRP-GC121331,0.009,12.080,0.440,0.616,0.844,0.000,0.187,15.431,4.194,6.732,13.254,1.870,17.936,26.407
Control-GRP-GC121332,0.323,5.920,0.676,0.118,6.150,1.707,3.078,3.753,2.563,4.738,3.410,1.767,40.905,24.892
Control-GRP-GC121336,0.000,9.029,0.000,0.000,0.000,0.000,0.178,12.495,12.501,7.252,12.633,1.619,5.936,38.357
Control-GRP-GC121337,0.000,13.344,0.018,0.000,0.069,0.000,0.884,8.845,5.358,11.029,13.257,2.894,8.511,35.790
Control-GRP-GC121338,0.003,11.160,0.098,0.001,0.107,0.000,0.489,15.025,2.168,6.073,8.266,1.823,23.762,31.026
Control-GRP-GC121339,0.001,12.783,0.521,0.017,1.709,0.008,1.465,5.122,4.788,0.919,9.245,2.149,32.680,28.593
Control-GRP-GC121340,0.001,12.641,0.022,0.000,0.530,0.000,1.068,10.322,5.378,2.138,7.955,0.589,31.691,27.664
Control-GRP-GC121341,0.192,10.693,0.080,0.977,4.416,0.502,1.889,5.056,2.291,7.797,16.392,1.894,22.619,25.200
Control-GRP-GC121342,0.599,10.297,0.532,0.078,5.185,0.323,0.269,4.575,4.551,10.563,8.499,0.903,27.727,25.898
Control-GRP-GC121343,0.132,18.766,0.173,0.004,2.135,0.067,0.973,10.205,6.699,4.748,8.361,2.200,14.462,31.075
Control-GRP-GC121346,0.000,5.172,0.100,0.000,0.718,0.000,1.812,6.328,3.539,3.250,13.950,2.550,37.269,25.311
Control-GRP-GC121347,1.784,14.147,0.192,0.100,4.436,0.183,1.265,11.920,1.944,7.114,8.472,0.582,19.745,28.117
Control-GRP-GC121348,0.087,3.923,0.946,0.145,3.680,0.398,0.916,5.251,4.225,2.697,5.407,1.475,46.392,24.458
Control-GRP-GC121349,0.004,8.770,0.158,0.000,0.003,0.000,1.016,17.569,2.595,2.243,7.127,0.358,37.696,22.461
