Sample,BRCA,CEAD,CESC,COAD,OV,READ,bcell,cd4tcell,cd8tcell,erythroblast,monocyte,naturalkillercell,neutrophil,Unknown-1,Unknown-2,Unknown-3,Unknown-4,Unknown-5,Unknown-6,Unknown-7,Unknown-8,Unknown-9,Unknown-10
Breast-GC1002975,1.925,3.026,3.881,0.015,3.719,1.932,6.406,3.364,4.026,2.218,5.092,6.679,5.303,6.123,0.102,12.188,2.174,3.500,1.568,11.023,9.079,0.466,6.194
Breast-GC1002976,3.803,0.375,4.900,0.277,5.328,5.706,4.089,2.575,6.807,5.019,5.080,4.166,4.381,10.408,2.559,5.866,0.503,5.674,7.107,3.094,5.860,5.765,0.658
Breast-GC1002977,0.336,1.406,1.380,0.001,2.703,0.542,5.900,5.469,6.327,1.934,4.510,2.222,18.944,10.162,2.289,5.174,0.173,1.874,3.764,1.076,3.298,11.730,8.785
Breast-GC1002978,2.246,2.163,5.686,0.108,5.740,2.268,6.053,0.130,4.004,7.516,8.766,5.767,8.732,5.630,6.606,3.831,1.704,5.068,5.517,6.868,2.762,0.718,2.115
Breast-GC1002979,4.986,6.595,4.977,0.680,3.433,1.133,5.901,3.712,3.458,1.740,7.948,0.155,8.393,1.548,4.350,9.657,0.568,1.427,2.519,1.874,7.918,8.240,8.788
Breast-GC1002980,1.228,6.052,2.980,0.055,1.765,0.703,5.426,0.914,2.833,9.045,8.998,6.405,1.985,0.445,8.025,8.904,7.388,9.485,10.231,3.132,0.189,1.368,2.444
Breast-GC1002981,2.185,3.850,5.163,0.036,0.933,0.854,4.474,2.685,5.248,0.269,7.760,5.448,6.266,8.450,0.197,1.617,7.122,3.080,7.474,4.855,7.355,7.900,6.780
Breast-GC1003967,2.625,5.045,4.150,0.088,0.518,3.378,4.210,8.519,8.493,2.480,2.969,2.113,2.037,7.091,3.479,7.798,0.914,6.081,8.777,1.883,7.137,3.312,6.905
Breast-GC1003968,4.532,2.487,2.748,0.730,0.766,4.263,4.000,3.731,6.246,9.696,1.268,5.541,2.627,10.103,1.524,2.757,4.250,7.857,5.529,3.468,8.065,3.129,4.683
Breast-GC1003970,1.771,7.854,3.169,0.057,2.073,0.596,6.885,0.670,5.917,9.657,3.098,3.191,6.346,2.342,13.433,0.412,2.181,9.897,4.237,8.131,2.499,4.677,0.906
Breast-GC1003971,2.683,5.727,4.873,0.348,2.592,2.776,6.360,4.488,8.947,10.043,8.852,0.004,4.454,7.374,0.104,4.497,0.718,6.824,7.307,0.186,4.970,0.763,5.112
Breast-GC1003972,3.707,3.535,1.435,0.653,7.983,2.765,6.402,8.769,0.461,6.588,2.992,5.999,5.567,3.410,3.247,1.895,2.736,8.934,6.208,6.354,5.951,1.441,2.967
Breast-GC1003974,1.128,0.193,5.717,1.181,3.156,1.818,1.233,2.229,5.433,3.358,6.158,4.504,19.955,5.632,2.618,0.530,2.004,1.480,7.575,8.529,2.846,4.169,8.553
Breast-GC1002311,0.065,0.791,2.632,0.111,10.028,1.149,3.877,7.751,1.634,8.660,6.025,3.424,5.834,7.783,0.813,8.919,8.757,5.262,3.533,2.721,3.454,6.530,0.249
Breast-GC1004006,0.774,1.589,4.612,0.027,5.445,1.597,5.003,7.306,2.484,3.561,5.625,7.099,12.734,7.654,0.906,3.598,9.473,3.778,2.978,2.374,6.001,1.018,4.364
Breast-GC1004007,3.162,5.890,6.453,0.287,12.391,0.874,3.287,6.594,4.989,2.682,6.468,0.047,3.862,6.078,2.529,0.548,1.910,12.187,2.682,7.235,2.620,2.247,4.977
Breast-GC1004008,0.578,1.270,4.957,0.373,5.546,0.742,5.567,3.732,1.546,6.200,2.338,5.228,7.770,6.174,5.142,7.532,5.447,0.178,4.933,2.837,8.888,7.262,5.761
Breast-GC1004009,2.853,5.464,3.830,0.347,2.742,2.814,2.321,1.746,3.323,5.127,4.293,2.122,9.405,4.179,2.308,4.680,4.101,1.506,6.335,8.033,8.003,8.600,5.867
Breast-GC110693,2.129,0.075,3.841,0.420,9.103,3.674,1.830,0.012,8.463,1.928,6.604,3.817,10.233,10.049,9.558,3.512,0.195,0.611,2.320,4.189,5.156,6.505,5.775
Breast-GC110694,0.898,5.506,4.843,0.133,6.631,2.059,2.902,5.706,3.869,4.067,3.768,5.446,7.197,0.516,6.533,3.674,4.010,1.484,8.517,10.960,3.263,7.226,0.793
Breast-GC110695,2.930,6.065,2.611,0.089,7.655,3.977,1.501,1.908,5.588,7.456,0.942,7.767,2.181,10.360,4.794,5.176,6.381,8.360,3.958,2.421,3.326,3.806,0.750
Breast-GC110696,1.604,5.542,0.740,0.117,2.751,2.562,3.223,2.922,5.665,8.715,10.714,7.971,3.840,5.099,0.673,0.726,4.710,0.628,8.072,7.087,7.272,1.168,8.197
Breast-GC116960,2.840,0.153,6.012,0.402,4.394,1.762,8.347,1.723,6.837,9.114,9.101,0.909,4.877,5.396,3.474,2.759,4.600,4.222,0.018,6.562,6.476,4.491,5.532
Breast-GC116963,0.906,4.880,0.192,0.125,4.168,0.090,1.374,1.052,5.564,4.730,4.029,1.034,21.587,4.473,7.256,1.129,2.962,4.194,2.925,5.493,10.169,8.121,3.547
Breast-GC116964,1.618,3.593,4.392,0.013,3.470,6.226,7.237,3.134,2.591,3.176,4.155,5.845,5.123,8.689,6.692,3.883,9.874,3.857,0.230,5.660,3.871,2.506,4.166
Breast-GC116965,2.129,5.644,4.599,0.022,7.667,2.721,5.584,2.137,9.174,0.258,5.773,5.779,1.719,5.594,3.076,1.096,8.926,6.125,5.537,6.527,3.329,3.657,2.926
Breast-GC116966,0.351,6.422,2.619,0.025,8.701,1.308,4.256,7.101,3.580,8.875,2.626,5.825,1.011,0.268,2.948,0.542,15.414,0.331,0.179,6.790,5.321,3.474,12.034
Breast-GC116967,2.813,1.954,5.758,0.292,3.013,3.348,2.826,4.713,3.331,7.389,3.562,7.243,5.577,12.098,5.657,4.547,8.203,4.158,0.919,0.625,3.077,7.221,1.678
Breast-GC116968,1.315,1.443,4.752,0.269,2.785,1.834,1.050,5.781,2.943,4.774,7.690,3.651,7.998,6.388,7.785,10.357,4.384,1.791,10.281,2.460,8.103,1.450,0.716
Breast-GC116969,0.461,6.523,3.524,0.031,1.249,0.744,4.525,1.234,2.292,2.924,4.748,5.618,14.950,0.047,4.529,10.070,0.691,1.758,6.528,15.427,4.145,7.958,0.024
Breast-GC116970,2.344,6.292,0.601,0.337,3.774,2.412,5.087,4.435,0.469,8.787,4.884,2.879,10.544,0.486,2.073,9.248,5.817,8.691,6.961,0.578,2.964,6.873,3.464
Breast-GC116971,2.883,3.201,7.621,0.200,2.078,1.664,5.492,0.623,8.857,3.392,12.146,5.099,4.295,1.177,3.371,0.212,7.979,1.562,3.353,11.042,3.912,1.524,8.319
Breast-GC110676,1.163,1.381,3.116,0.572,1.822,4.103,0.540,4.968,6.035,8.618,8.470,7.012,6.231,0.591,3.206,9.349,3.342,0.261,3.184,7.476,9.924,1.546,7.090
Breast-GC110678,2.540,2.576,9.471,0.753,0.577,2.735,7.549,9.203,3.549,0.026,6.408,4.760,9.923,2.964,5.942,2.438,3.189,4.093,8.716,4.553,2.772,2.717,2.546
Breast-GC110679,10.953,0.745,9.422,1.655,6.124,3.017,6.591,6.558,1.062,3.949,1.865,4.012,4.496,1.025,3.735,3.405,4.309,9.210,0.790,4.138,4.542,4.077,4.319
Breast-GC110680,2.160,7.136,2.532,0.059,3.068,3.551,3.262,6.109,2.333,2.041,8.335,0.847,3.562,1.162,5.067,11.229,6.131,7.749,1.999,12.699,2.148,1.927,4.895
Breast-GC110681,8.454,0.072,2.296,0.011,5.746,18.852,1.877,1.856,2.733,2.307,1.596,5.377,1.068,5.966,4.174,0.399,6.686,2.475,1.367,8.788,7.489,8.908,1.504
Breast-GC110682,1.682,1.005,2.711,0.297,9.040,3.892,5.091,3.519,4.510,5.321,5.888,4.547,5.280,11.645,5.108,1.613,5.661,8.600,3.571,2.792,4.461,0.396,3.368
Breast-GC110683,1.235,4.735,4.396,0.163,5.806,6.486,2.417,2.438,5.719,2.848,4.493,6.597,0.354,12.968,5.418,4.344,3.664,9.377,2.304,5.034,5.396,1.418,2.391
Breast-GC110684,1.696,4.642,3.853,0.345,6.591,2.323,4.888,2.347,3.262,5.581,4.565,5.324,2.778,2.773,5.562,3.975,2.634,2.862,6.165,9.347,10.877,1.177,6.431
Breast-GC110685,2.282,7.012,5.100,0.107,5.525,2.098,6.524,5.601,0.729,11.178,8.604,10.414,2.714,0.495,3.225,2.732,1.903,2.816,5.431,3.900,4.714,2.937,3.958
Ovarian-GC110686,1.354,1.258,4.430,0.125,5.604,0.611,4.940,8.805,8.303,5.006,7.901,6.320,2.273,2.236,1.337,6.225,9.404,7.261,4.976,4.094,3.811,0.366,3.358
Ovarian-GC114179,2.386,0.369,3.535,0.533,2.312,2.090,4.227,9.512,6.791,6.102,11.218,6.065,5.482,4.214,3.264,7.591,6.880,0.103,2.053,6.691,2.253,5.196,1.132
Ovarian-GC114180,0.764,6.302,2.064,0.597,6.639,0.441,6.158,11.204,4.691,2.804,3.955,7.968,4.857,0.271,1.647,2.763,9.164,0.037,10.612,7.238,1.064,3.081,5.677
Ovarian-GC114181,9.489,10.316,0.587,0.911,2.756,2.540,3.177,10.459,2.089,7.392,6.936,6.065,6.829,3.387,2.953,0.091,6.874,3.734,1.833,2.428,2.469,2.931,3.753
Ovarian-GC114182,11.855,1.884,9.184,0.051,3.581,13.701,2.424,1.672,4.836,5.189,2.467,0.414,3.791,10.539,3.885,2.791,1.404,1.694,4.730,6.757,2.766,2.083,2.301
Ovarian-GC116977,1.795,8.354,4.111,0.228,6.874,2.959,6.449,0.208,8.969,0.209,8.866,0.512,3.997,3.937,5.723,0.018,9.094,1.065,6.083,8.153,0.229,5.512,6.654
Ovarian-GC116979,3.999,11.845,2.412,0.503,14.119,0.446,4.660,0.120,5.707,2.827,1.200,6.052,4.751,6.870,5.138,5.952,4.245,0.560,3.478,5.591,2.990,0.173,6.363
Ovarian-GC116982,3.389,0.384,11.177,0.070,0.535,3.699,1.835,13.363,7.191,1.984,6.131,5.241,4.617,7.858,0.778,1.088,4.665,6.255,6.816,6.230,0.069,6.055,0.572
Ovarian-GC116990,0.238,4.348,5.724,0.520,8.514,2.115,5.369,4.711,1.193,0.961,9.922,4.742,9.907,10.456,0.360,5.072,0.350,0.754,5.022,0.417,8.618,4.548,6.139
Ovarian-GC119363,3.369,13.669,1.887,0.230,1.213,2.258,6.467,3.870,9.702,5.391,6.402,4.745,0.462,8.147,0.995,2.044,3.053,0.941,7.979,7.923,2.111,2.648,4.495
Ovarian-GC119364,2.468,3.472,0.046,0.458,8.138,0.602,2.108,8.126,3.789,6.955,6.955,7.300,5.685,5.233,4.669,4.315,3.060,4.270,0.558,5.850,7.014,2.936,5.992
Ovarian-GC119365,11.833,1.946,23.605,0.028,0.542,13.663,1.209,1.176,8.068,1.020,0.200,5.658,2.318,8.476,0.210,0.739,0.344,0.980,3.522,7.932,2.075,0.795,3.660
Ovarian-GC119366,4.889,4.993,5.474,0.913,9.026,2.108,5.830,8.608,11.204,3.361,9.584,3.917,2.144,2.535,4.578,1.863,9.413,0.537,3.150,3.232,0.289,1.155,1.196
Colorectal-GC121326,2.808,1.307,4.009,0.269,0.668,4.307,4.208,9.883,6.421,6.386,6.452,0.165,2.208,9.010,6.115,3.442,1.811,1.733,7.072,5.017,6.436,3.515,6.758
Colorectal-GC121327,7.596,6.880,3.576,16.610,0.160,0.369,5.687,10.273,5.816,2.169,7.628,3.327,3.908,0.425,0.964,3.188,0.801,1.254,6.314,4.507,1.691,0.534,6.325
Colorectal-GC121328,1.238,0.045,8.283,0.029,6.183,5.411,7.217,0.473,11.226,18.708,5.955,2.891,2.661,3.655,4.201,3.549,2.120,1.339,3.820,1.855,1.540,3.956,3.645
Colorectal-GC121329,1.750,3.711,1.455,0.483,5.229,24.782,4.775,13.482,10.611,4.383,4.625,4.719,0.246,2.912,0.995,2.120,1.743,3.044,3.942,0.692,1.096,1.686,1.521
Colorectal-GC121330,9.079,1.046,1.580,1.246,8.411,8.562,4.033,4.444,0.682,7.389,3.949,5.003,1.457,8.194,3.488,3.620,4.670,5.965,6.122,2.047,0.502,5.812,2.698
Colorectal-GC1003994,1.452,5.816,4.527,0.251,4.728,1.004,6.267,9.757,8.988,2.769,4.788,1.493,8.425,3.935,9.374,2.081,6.935,6.295,1.451,1.498,4.870,2.045,1.253
Colorectal-GC1003995,1.297,5.251,5.382,24.809,1.758,12.214,4.351,0.045,4.682,4.622,3.583,1.214,0.038,5.290,2.953,5.342,2.025,4.702,3.932,0.976,3.331,0.157,2.045
Colorectal-GC1003996,3.204,7.537,1.896,1.845,5.471,0.885,6.807,0.927,1.374,5.259,0.115,6.790,8.322,5.520,5.956,6.588,4.844,2.340,3.039,5.518,6.970,2.560,6.234
Colorectal-GC1003997,1.386,6.216,3.802,0.189,6.545,0.081,6.617,0.522,8.778,8.806,7.867,0.577,0.777,0.070,8.922,5.168,0.873,7.190,4.096,3.071,6.241,3.227,8.979
Colorectal-GC1003998,3.135,0.784,2.140,1.577,6.789,2.580,7.185,0.317,9.647,8.149,0.556,7.105,8.608,6.356,1.127,1.445,10.901,5.688,1.205,0.112,0.633,8.949,5.014
Colorectal-GC1003999,0.550,9.527,5.527,0.268,11.906,4.952,3.155,1.617,9.934,1.911,1.788,5.029,0.409,10.040,0.878,5.785,4.129,10.594,6.182,3.735,0.252,0.029,1.802
Colorectal-GC1004000,3.379,2.628,2.262,4.913,0.664,44.008,2.190,2.527,2.277,2.232,2.442,1.899,3.404,1.834,3.747,1.735,3.115,3.349,4.121,2.953,1.497,1.782,1.041
Colorectal-GC1004001,1.401,3.293,4.788,0.371,3.113,0.908,1.363,7.340,3.871,3.820,8.235,4.846,16.275,4.925,2.228,0.419,9.666,4.158,2.886,3.082,2.599,5.455,4.957
Colorectal-GC1004002,2.521,2.292,4.644,0.730,6.264,2.024,3.942,6.490,6.778,7.650,5.956,5.219,0.475,5.463,4.524,2.793,7.202,4.196,7.092,3.273,6.815,2.487,1.170
Colorectal-GC1004003,1.628,4.017,6.967,0.747,0.505,4.895,6.067,4.564,8.416,8.560,6.909,2.996,1.536,4.328,4.326,0.850,7.312,8.683,0.067,2.538,6.228,4.744,3.119
Colorectal-GC137538,2.932,5.795,0.458,0.077,8.960,6.043,4.976,8.114,5.120,7.831,6.437,4.185,1.853,5.521,0.143,7.698,7.196,2.686,0.403,3.845,6.412,0.825,2.488
Colorectal-GC137539,0.323,3.137,2.132,0.534,10.076,2.090,2.990,3.407,10.771,5.921,9.918,1.261,6.793,6.399,0.469,6.195,4.264,5.427,4.611,0.884,5.799,4.429,2.169
Colorectal-GC137540,0.497,6.452,3.324,0.072,7.454,1.452,1.512,9.894,6.018,3.158,7.675,0.604,7.111,0.952,3.626,7.069,10.625,3.997,5.080,5.400,0.350,4.175,3.502
Colorectal-GC137541,1.077,1.331,5.437,0.025,5.089,3.853,4.957,6.928,2.853,6.905,7.079,4.893,8.095,7.495,2.974,4.047,0.758,5.484,7.601,3.032,2.411,2.351,5.327
Colorectal-GC137542,1.269,1.069,3.719,0.091,0.830,1.270,4.661,8.425,7.609,9.909,6.384,1.497,8.501,1.629,0.039,6.509,8.954,7.581,6.257,6.864,1.281,5.409,0.244
Colorectal-GC137543,3.310,1.000,4.625,0.422,8.052,7.175,3.341,4.856,5.622,7.274,5.279,5.759,3.284,0.207,4.940,4.058,7.752,6.578,5.344,4.146,5.605,1.303,0.068
Colorectal-GC137544,1.209,4.627,4.727,0.116,5.851,1.013,3.547,3.239,1.888,12.471,6.996,5.341,7.973,1.671,5.154,6.125,0.237,7.165,6.082,3.364,2.160,0.238,8.806
Colorectal-GC137545,0.911,5.671,1.371,0.047,7.480,1.495,4.529,7.233,4.678,14.181,8.201,5.702,3.948,1.603,4.394,3.897,5.764,1.182,1.224,6.285,2.651,4.366,3.188
Colorectal-GC137546,0.609,0.025,4.179,0.162,7.662,1.225,3.264,9.300,2.482,4.213,8.970,6.318,8.681,5.735,0.345,8.494,4.825,6.559,2.073,8.232,1.595,2.314,2.738
Colorectal-GC137547,2.537,1.803,4.583,0.201,7.123,2.064,2.128,3.225,6.461,8.963,10.126,5.771,8.951,0.587,2.134,7.472,7.543,1.480,4.424,4.595,0.540,3.115,4.173
Colorectal-GC137548,1.271,0.241,1.170,0.587,1.918,0.576,6.296,3.867,3.279,3.164,5.256,4.222,13.538,5.512,1.992,5.668,2.227,6.322,7.702,5.751,5.406,6.920,7.116
Colorectal-GC137549,0.965,7.639,5.295,0.017,2.078,16.551,4.849,5.375,8.530,1.792,1.525,0.307,0.870,4.863,2.068,7.976,2.989,1.182,10.227,4.507,3.435,5.505,1.454
Colorectal-GC137550,1.590,0.128,4.551,0.068,8.633,3.407,8.967,2.456,2.057,0.818,8.407,10.862,7.414,0.348,2.386,8.644,2.907,7.350,7.702,2.897,0.397,6.995,1.018
Colorectal-GC137551,0.058,3.718,3.910,0.022,2.958,3.300,0.472,3.488,4.934,2.434,6.290,6.080,10.113,10.031,1.382,8.073,0.750,0.987,2.375,6.652,11.101,1.048,9.826
Colorectal-GC137552,1.018,6.464,1.856,0.013,7.732,3.502,0.021,4.706,6.580,1.739,8.331,4.908,5.272,7.409,5.644,3.860,5.888,7.820,6.092,2.295,5.145,3.028,0.679
Colorectal-GC137553,1.775,3.684,6.674,0.740,0.051,7.777,18.196,4.441,3.777,9.569,5.908,5.923,1.391,6.406,4.429,0.240,0.062,3.886,0.664,2.363,4.702,5.461,1.882
Colorectal-GC137554,1.599,8.675,0.806,0.355,6.320,7.688,5.079,0.307,5.029,6.316,4.864,6.790,4.829,3.090,0.013,1.839,7.881,8.993,7.134,0.696,0.373,8.694,2.630
Colorectal-GC137555,0.962,3.178,1.158,0.121,7.893,1.640,0.468,8.749,1.080,8.585,7.091,7.469,10.826,4.071,5.163,0.580,10.073,2.045,1.404,5.077,6.569,4.865,0.933
Colorectal-GC137556,1.565,3.326,1.282,0.009,2.563,3.386,5.934,6.529,2.497,8.921,3.732,5.636,6.091,1.656,5.613,1.775,3.679,0.999,8.033,6.234,5.963,7.705,6.874
Colorectal-GC137557,1.249,5.930,0.496,0.306,3.055,0.910,2.081,5.139,4.924,4.894,6.296,0.019,10.970,5.310,5.647,7.362,4.625,3.713,9.090,2.859,3.716,9.008,2.400
Cervical-GC1002983,1.535,2.523,5.890,0.039,5.292,4.189,5.094,2.219,4.174,4.366,1.657,3.017,12.499,12.498,0.526,8.673,0.063,4.882,6.732,6.166,2.059,4.915,0.991
Cervical-GC1002984,1.469,5.196,4.597,0.142,7.648,1.269,6.533,2.704,1.619,10.533,0.707,5.838,5.195,0.385,8.916,9.703,5.956,4.740,5.515,3.114,2.739,0.285,5.198
Cervical-GC114187,1.817,4.075,3.297,0.037,4.289,5.408,3.512,3.574,4.241,6.855,8.541,6.200,2.790,3.246,0.497,5.688,6.350,9.275,2.580,3.847,5.106,8.702,0.073
Cervical-GC114188,2.563,3.577,6.370,0.173,6.440,2.413,5.064,3.503,12.289,0.430,5.591,0.926,7.644,4.231,4.512,6.239,5.413,4.840,3.606,1.851,1.410,9.616,1.298
Control-GC1003986,1.345,4.383,2.776,0.258,1.824,1.347,3.057,3.762,1.241,5.078,7.501,3.932,18.457,7.369,0.706,3.862,5.461,4.801,7.417,7.030,2.699,3.954,1.738
Control-GC1003988,1.094,2.344,3.421,0.087,3.244,2.592,5.357,4.366,4.342,1.839,8.930,6.802,5.105,2.586,1.231,8.140,3.215,4.593,7.771,9.246,6.311,6.825,0.562
Control-GC110675,1.349,3.866,1.903,0.298,0.557,0.561,4.943,1.743,1.942,6.228,3.835,2.692,9.556,0.571,11.993,7.899,4.954,1.160,2.957,5.642,14.472,2.722,8.154
Control-GC112864,0.469,2.842,0.464,0.095,9.194,2.490,2.501,3.340,7.181,5.419,5.729,0.820,12.668,10.128,3.124,1.791,7.915,10.226,3.169,1.619,2.530,4.708,1.577
Control-GC112894,3.156,5.932,1.547,0.605,8.466,9.156,5.166,3.162,4.633,6.435,2.794,0.605,3.242,0.323,0.262,1.028,5.735,9.627,4.503,6.598,6.400,10.189,0.439
Control-GC112895,2.350,6.131,2.188,0.262,2.825,5.311,1.589,5.752,2.215,10.361,4.585,5.428,6.147,12.547,4.259,4.583,6.006,0.537,2.755,3.540,2.434,4.697,3.498
Control-GC112897,2.723,1.946,3.233,0.292,8.362,4.384,3.373,3.884,2.747,4.747,1.267,6.335,1.844,7.534,4.865,4.964,3.260,4.790,3.433,8.956,8.865,2.225,5.972
Control-GC119350,1.298,2.230,1.280,0.010,8.840,2.603,2.891,1.603,3.183,9.359,5.069,7.325,7.359,0.179,4.970,7.393,7.668,11.529,1.863,2.443,7.262,1.504,2.138
Control-GC119351,1.290,1.748,3.146,0.100,2.413,1.840,3.850,6.090,3.951,1.351,7.626,4.802,2.919,12.519,14.215,0.520,9.370,0.887,0.213,3.399,7.757,4.166,5.829
Control-GC119352,0.427,4.445,3.673,0.191,3.693,1.512,5.928,7.780,0.788,9.305,0.136,6.256,7.871,9.426,2.972,0.803,9.689,5.152,6.441,4.223,6.383,0.818,2.089
Control-GC119353,1.689,0.520,3.421,0.179,7.951,5.347,3.287,7.919,6.266,10.662,5.140,1.561,1.172,6.017,2.918,2.271,5.526,7.127,6.221,7.260,5.369,0.276,1.901
Control-GC119354,0.256,5.022,6.859,0.178,4.451,2.165,6.198,8.615,0.094,10.083,4.393,3.734,2.862,2.978,6.016,2.682,7.997,6.453,9.559,4.041,3.377,1.795,0.192
Control-GC119356,1.092,6.327,0.120,0.082,2.702,2.674,5.556,8.010,0.647,0.284,4.264,5.932,13.117,0.201,7.063,9.132,1.068,4.266,0.433,8.593,6.344,9.327,2.765
Control-GRP-GC114128,1.480,0.855,4.870,0.201,4.115,2.824,2.464,5.641,6.347,11.315,5.294,5.275,5.613,5.071,0.101,0.673,9.800,3.644,0.238,9.353,4.536,3.210,7.079
Control-GRP-GC114130,0.955,8.339,6.389,0.121,0.228,0.205,1.011,9.772,2.602,7.698,13.075,6.808,5.874,0.444,0.532,3.747,5.328,5.043,2.488,7.055,0.024,1.466,10.797
Control-GRP-GC114131,1.948,6.314,2.556,0.253,5.410,1.856,4.485,6.317,5.058,6.966,2.891,0.880,8.648,7.334,0.435,7.355,2.515,8.152,0.111,8.866,5.136,4.978,1.535
Control-GRP-GC114132,1.456,2.145,5.800,0.264,4.615,0.190,7.108,1.904,6.579,7.717,14.062,8.439,10.015,3.583,3.603,2.908,1.297,3.897,2.709,6.290,2.286,1.797,1.338
Control-GRP-GC114133,1.397,6.813,2.288,0.058,8.882,2.594,6.610,3.188,4.122,7.711,13.493,1.939,2.541,0.523,10.027,4.370,5.655,0.330,3.989,1.855,4.396,6.819,0.398
Control-GRP-GC114134,2.803,0.792,1.558,0.313,1.846,0.062,0.963,0.029,16.456,14.913,4.481,6.083,8.757,5.241,0.305,0.906,2.709,7.169,4.140,6.432,5.072,2.070,6.900
Control-GRP-GC114136,1.646,8.278,4.894,0.446,0.122,0.654,4.357,4.119,2.558,1.644,5.424,6.551,3.559,6.615,5.831,4.650,5.083,7.723,4.071,7.951,2.903,8.288,2.633
Control-GRP-GC114137,1.123,9.221,1.017,0.043,3.259,0.054,6.666,6.155,2.782,3.492,2.712,6.452,10.385,0.147,7.404,4.769,4.013,5.177,9.798,0.710,0.984,7.428,6.206
Control-GRP-GC114139,2.047,5.448,0.885,0.212,0.281,4.019,5.989,6.192,8.614,4.185,7.641,0.929,5.864,3.528,4.570,4.944,4.871,2.375,4.833,4.753,6.530,7.095,4.196
Control-GRP-GC114140,0.709,0.325,6.640,0.290,3.853,3.620,4.883,2.877,2.942,5.212,1.500,0.673,6.407,5.192,10.841,8.484,0.820,9.123,0.026,1.229,12.291,10.730,1.332
Control-GRP-GC114141,2.817,3.111,2.003,0.752,7.843,1.593,3.230,6.190,2.549,8.683,7.010,5.731,8.877,5.279,6.687,5.364,3.537,3.243,1.826,1.644,5.575,5.256,1.199
Control-GRP-GC114142,1.316,6.892,1.549,0.144,2.948,0.660,4.170,7.886,0.581,7.816,6.536,0.978,13.122,8.223,4.741,4.367,5.558,8.164,5.413,1.640,0.615,3.424,3.258
Control-GRP-GC114183,0.196,4.927,2.467,0.043,6.313,0.125,3.778,7.012,9.450,1.342,4.517,3.127,17.371,1.368,6.641,0.538,5.762,4.811,3.366,0.711,7.396,5.351,3.388
Control-GRP-GC114185,0.298,3.766,3.114,0.631,6.815,1.178,4.833,4.625,1.072,5.715,7.067,0.735,5.003,10.585,13.429,3.169,0.241,0.628,3.225,8.944,0.745,7.872,6.312
Control-GRP-GC114186,1.204,3.386,3.434,0.831,4.433,1.366,0.332,7.219,1.849,7.428,3.316,6.629,2.165,6.293,3.629,0.382,5.747,4.799,4.781,4.726,10.054,7.387,8.610
Control-GRP-GC118464,2.677,0.621,2.897,0.252,5.634,1.950,5.698,2.628,9.558,8.502,3.050,3.789,10.221,2.776,3.620,2.522,1.267,9.112,2.346,7.646,4.930,7.843,0.462
Control-GRP-GC118466,0.794,4.691,3.849,0.123,5.363,0.772,3.234,4.587,5.534,12.645,3.865,6.495,9.568,0.300,2.815,6.680,4.386,9.204,0.417,6.588,4.106,2.038,1.947
Control-GRP-GC118474,1.179,1.690,4.880,0.013,8.507,0.358,3.567,6.392,11.656,0.926,2.414,6.631,1.339,3.522,5.978,5.774,7.389,0.119,1.176,1.048,10.092,2.425,12.927
Control-GRP-GC118476,0.278,3.261,5.572,0.034,8.782,0.663,7.128,6.712,1.667,6.829,5.717,5.319,3.530,0.218,5.146,4.853,6.845,5.327,8.688,0.208,0.681,6.891,5.650
Control-GRP-GC118478,1.463,7.512,1.774,0.003,0.177,0.804,1.413,2.934,9.784,10.068,7.874,5.661,2.551,5.710,4.055,6.444,7.899,4.624,5.083,2.275,6.895,0.063,4.934
Control-GRP-GC118484,0.544,5.148,1.636,0.054,4.588,0.049,4.613,0.627,9.036,5.906,7.213,3.566,3.624,5.049,11.604,9.048,2.609,4.060,2.044,5.718,3.915,3.812,5.535
Control-GRP-GC118485,0.617,5.770,2.294,0.043,1.649,0.338,3.492,5.633,2.789,10.201,5.442,5.745,13.091,3.638,6.379,6.200,6.458,2.164,4.819,2.726,4.052,0.257,6.204
Control-GRP-GC118486,0.799,4.285,0.856,0.003,4.659,0.089,4.071,2.691,4.650,2.849,7.173,1.006,22.665,3.078,3.452,5.100,0.848,3.887,8.333,1.003,2.282,4.901,11.319
Control-GRP-GC118489,1.350,0.467,6.177,0.321,2.725,0.569,0.297,4.629,8.867,2.466,14.358,2.296,4.686,5.873,8.779,8.790,4.877,0.317,3.204,3.917,0.802,6.778,7.453
Control-GRP-GC118490,2.036,2.493,5.163,0.290,6.399,1.323,1.925,4.099,1.574,7.285,12.631,7.189,1.140,8.223,0.998,8.378,0.188,2.372,7.388,8.380,3.647,5.533,1.346
Control-GRP-GC118491,0.283,6.856,4.491,0.166,0.778,0.541,6.122,8.020,6.161,11.144,7.312,4.398,5.902,3.339,0.258,5.427,7.290,4.369,4.296,6.739,3.618,0.210,2.282
Control-GRP-GC118494,1.154,0.240,6.056,0.038,7.030,0.965,6.685,11.754,0.904,1.283,1.011,5.575,6.850,0.909,1.849,3.935,2.485,9.861,2.665,6.420,7.907,3.608,10.816
Control-GRP-GC118496,0.361,3.807,2.496,0.039,3.597,0.083,2.208,2.245,4.267,4.155,0.861,3.157,25.409,4.807,4.798,6.651,3.525,1.281,7.027,1.606,6.148,8.794,2.679
Control-GRP-GC118497,0.783,4.065,3.454,0.068,4.683,0.063,0.340,5.901,9.117,8.051,10.915,3.737,2.871,3.126,4.485,6.540,2.854,1.646,0.335,7.381,5.974,7.128,6.484
Control-GRP-GC118499,1.842,1.747,1.878,0.053,7.801,0.387,4.663,1.932,9.580,0.452,9.224,1.799,6.189,1.496,9.350,7.126,2.355,8.828,6.895,1.460,5.596,4.940,4.408
Control-GRP-GC119340,0.979,4.026,3.325,0.012,6.693,0.307,1.355,3.458,9.254,9.403,10.738,6.330,5.129,2.916,0.649,1.924,4.792,4.025,5.069,1.885,8.051,2.332,7.349
Control-GRP-GC119343,0.690,2.005,2.774,0.022,6.252,0.421,3.663,13.141,2.893,12.576,6.223,6.050,4.067,2.113,0.858,4.300,8.881,5.467,5.080,4.280,2.067,4.521,1.656
Control-GRP-GC119367,1.648,2.835,5.755,0.510,6.176,1.426,4.967,5.211,6.615,4.083,9.725,4.838,5.344,3.180,2.082,2.578,7.656,4.032,4.668,5.411,5.838,3.437,1.987
Control-GRP-GC119369,1.595,2.805,2.136,0.070,1.997,0.221,4.220,3.773,9.237,5.883,5.280,3.954,14.712,0.327,0.535,7.155,6.470,5.853,3.797,5.247,4.098,4.096,6.536
Control-GRP-GC119370,0.945,3.898,4.790,0.064,0.319,0.663,6.065,8.423,7.846,6.826,4.838,4.048,2.482,3.680,8.626,6.893,0.072,5.141,2.072,5.384,7.303,2.837,6.787
Control-GRP-GC119374,1.317,3.146,5.558,0.036,0.734,0.168,5.769,6.592,2.845,3.913,10.167,6.556,10.997,0.953,8.670,3.766,1.162,7.061,1.872,7.517,4.763,5.521,0.916
Control-GRP-GC119375,2.121,4.266,4.407,0.017,4.996,2.393,4.123,6.421,6.244,5.327,6.932,5.124,6.465,2.801,3.832,4.249,7.306,5.247,1.972,4.285,5.185,1.155,5.134
Control-GRP-GC119377,1.328,4.168,5.503,0.111,5.417,0.285,5.245,2.616,10.968,6.931,7.201,3.599,2.661,3.578,2.857,6.590,2.218,3.626,6.714,3.526,2.047,5.709,7.102
Control-GRP-GC119383,0.489,2.664,3.842,0.047,9.339,0.884,3.270,7.966,8.279,3.150,11.382,0.985,3.873,5.656,8.184,6.516,6.037,4.744,2.914,5.416,0.008,0.512,3.840
Control-GRP-GC119384,1.119,1.687,2.897,0.130,7.965,0.412,1.582,6.154,6.132,9.174,8.776,5.218,4.602,3.614,5.639,4.775,5.456,6.245,0.770,3.698,2.371,4.325,7.259
Control-GRP-GC119386,2.553,5.326,4.206,3.325,0.828,0.213,4.707,11.518,3.604,2.635,12.413,2.585,0.934,6.797,10.338,1.962,7.945,0.912,2.964,0.167,8.137,0.086,5.845
Control-GRP-GC119388,0.959,6.111,3.430,0.205,4.739,0.958,5.025,0.422,7.212,7.905,4.299,5.384,8.150,3.573,1.296,4.144,5.419,7.266,3.717,2.890,5.899,0.665,10.331
Control-GRP-GC119389,0.389,1.139,6.072,0.233,7.234,0.154,3.015,17.438,1.801,0.829,0.775,9.234,3.932,1.563,6.058,0.286,4.830,4.528,8.887,2.385,5.959,3.274,9.984
Control-GRP-GC119390,0.060,6.807,3.622,1.133,1.771,1.255,6.803,6.302,10.470,0.247,8.345,2.252,8.965,4.399,1.262,4.593,10.766,5.633,2.403,4.711,4.160,1.026,3.017
Control-GRP-GC119391,0.945,6.118,4.904,0.016,5.578,0.168,6.437,2.891,11.197,3.342,2.952,8.668,9.967,0.764,2.260,1.470,7.192,6.821,8.394,2.924,4.773,1.368,0.849
Control-GRP-GC119394,1.359,2.433,3.663,0.007,1.705,0.662,3.483,3.124,13.265,1.119,10.705,7.586,9.127,6.563,4.340,5.290,9.115,0.402,0.756,3.012,2.620,2.172,7.491
Control-GRP-GC119395,0.420,5.984,5.112,0.178,3.155,1.050,4.151,7.350,8.305,6.264,10.592,4.468,4.662,4.213,2.694,2.675,6.982,3.230,0.592,6.802,5.844,5.251,0.025
Control-GRP-GC119397,1.397,2.939,2.036,0.422,9.675,0.398,3.582,8.884,4.969,4.884,1.030,2.484,11.572,2.921,8.491,7.369,0.789,7.560,6.745,6.028,0.543,1.829,3.455
Control-GRP-GC119398,0.173,4.953,2.212,0.187,4.691,0.177,5.060,7.407,2.272,1.860,5.183,4.006,16.853,1.976,6.609,1.812,3.321,0.296,6.954,4.432,6.188,5.265,8.115
Control-GRP-GC119399,0.750,4.607,3.676,0.117,4.218,0.213,4.821,8.345,7.676,5.181,0.191,5.777,2.222,2.357,7.847,0.722,6.661,1.328,9.271,3.090,6.655,3.374,10.903
Control-GRP-GC119400,2.080,3.295,5.010,0.164,4.135,0.350,5.289,6.022,3.469,2.380,9.758,5.187,0.061,6.567,1.943,1.765,1.627,5.159,0.942,6.614,6.494,9.409,12.277
Control-GRP-GC119401,1.428,7.168,0.230,0.032,7.785,0.153,3.225,2.790,2.884,12.878,5.813,6.876,5.675,2.627,1.898,4.762,1.415,8.613,6.451,3.339,2.892,0.668,10.398
Control-GRP-GC119402,1.901,0.610,3.307,0.232,4.806,1.541,6.125,4.494,7.432,5.117,9.248,4.070,8.973,5.397,2.226,7.137,5.681,4.019,4.208,0.258,5.949,2.028,5.242
Control-GRP-GC119403,1.094,0.619,5.698,0.164,5.382,0.454,0.604,5.138,6.047,5.036,9.057,5.654,11.304,0.612,6.451,5.897,0.655,6.264,5.427,3.273,4.665,7.608,2.895
Control-GRP-GC119405,0.670,5.295,3.461,0.156,4.910,1.050,3.161,9.055,1.653,3.793,9.536,3.579,0.970,4.166,1.390,7.234,4.446,6.190,7.141,5.569,1.271,7.713,7.594
Control-GRP-GC119410,1.408,3.226,0.293,0.145,5.509,0.041,6.620,1.697,11.402,11.024,3.525,2.950,7.823,0.472,6.039,5.711,6.517,4.251,7.701,4.956,1.808,1.082,5.799
Control-GRP-GC119411,0.755,5.423,3.254,0.184,5.887,0.011,4.931,11.051,1.008,5.945,10.179,0.566,1.502,5.717,1.134,3.893,4.101,4.788,0.233,8.038,4.053,8.646,8.700
Control-GRP-GC119415,0.456,5.208,2.538,0.006,5.531,0.096,4.633,4.306,10.058,8.853,2.373,0.935,4.230,0.130,10.053,0.890,2.972,9.488,5.020,3.698,5.955,8.066,4.503
Control-GRP-GC119416,1.647,6.306,0.584,0.238,6.673,0.958,3.760,7.969,7.412,7.133,5.486,4.550,7.239,4.412,5.556,1.305,4.247,3.829,6.333,6.833,1.719,4.511,1.297
Control-GRP-GC119417,0.687,6.771,4.071,0.476,0.482,0.326,5.358,8.642,4.491,4.330,4.583,1.429,14.737,1.454,1.193,0.888,2.828,6.502,8.912,8.935,1.595,5.555,5.756
Control-GRP-GC119419,1.726,5.990,3.961,0.383,1.873,0.849,5.819,3.897,6.282,1.395,6.282,3.633,6.527,4.172,8.230,11.930,2.283,5.222,5.996,2.123,4.986,5.552,0.889
Control-GRP-GC119420,0.900,2.422,2.725,0.194,6.055,0.470,2.027,1.603,0.187,7.919,10.208,3.648,17.374,1.030,7.201,3.415,0.123,7.955,2.438,2.300,7.584,8.437,3.788
Control-GRP-GC119421,1.530,3.601,5.513,0.353,2.432,2.210,2.756,1.588,5.194,8.409,7.712,5.927,8.131,8.482,2.588,1.565,5.431,6.741,1.528,3.240,9.298,5.545,0.227
Control-GRP-GC119422,0.339,8.547,1.213,0.191,0.698,0.690,2.100,5.639,16.097,0.871,10.100,6.095,2.636,1.391,1.913,5.511,6.775,6.924,4.619,6.301,2.279,6.465,2.604
Control-GRP-GC119426,1.548,6.572,5.656,0.468,0.339,1.110,1.970,6.277,8.202,5.974,1.252,4.799,11.345,0.981,1.028,9.341,6.650,3.236,7.091,5.369,1.525,5.327,3.940
Control-GRP-GC119430,1.772,7.367,3.065,0.256,6.351,0.797,5.019,3.345,9.190,6.945,7.790,4.986,4.316,1.938,2.254,2.466,6.512,5.585,7.017,3.181,0.663,3.661,5.522
Control-GRP-GC121331,0.515,8.389,6.147,0.357,0.192,0.421,2.665,9.924,7.266,3.162,11.118,3.940,8.655,1.563,5.759,4.116,1.572,5.016,7.564,4.270,0.735,3.864,2.790
Control-GRP-GC121332,1.754,1.598,2.262,0.397,8.252,0.424,5.513,2.113,1.295,4.269,5.922,4.472,17.074,7.710,1.526,7.438,2.696,6.996,1.828,5.043,3.027,3.906,4.486
Control-GRP-GC121336,0.469,0.773,4.230,0.011,3.732,0.097,3.173,12.008,4.570,9.482,7.795,6.241,0.764,0.967,4.395,4.416,10.015,7.506,5.576,8.230,2.547,0.660,2.345
Control-GRP-GC121337,1.346,6.294,2.698,0.013,6.768,0.528,3.910,1.035,11.384,1.651,11.321,7.771,1.255,2.784,7.718,7.269,5.436,0.481,9.340,6.694,1.600,0.038,2.667
Control-GRP-GC121338,0.310,8.488,2.786,0.072,4.060,0.315,2.052,8.814,5.465,1.166,10.976,5.118,3.127,4.288,2.699,10.506,3.409,2.192,2.020,2.268,3.515,4.967,11.389
Control-GRP-GC121339,1.208,6.899,1.371,0.376,1.663,0.715,5.634,3.399,11.202,1.395,5.915,0.080,1.796,1.952,3.358,3.678,1.736,9.165,6.959,13.083,6.812,2.255,9.349
Control-GRP-GC121340,0.988,3.354,3.535,0.113,5.806,0.107,3.718,5.743,5.937,3.162,5.592,4.403,13.086,1.946,8.830,6.709,5.960,2.614,0.366,2.790,7.057,3.889,4.296
Control-GRP-GC121341,2.557,0.981,5.220,0.897,3.102,1.126,3.398,8.120,0.797,7.492,11.831,6.242,3.151,4.676,1.743,6.278,2.823,1.666,2.044,8.315,9.160,0.263,8.118
Control-GRP-GC121342,1.476,5.475,4.132,0.131,4.101,0.985,4.426,6.432,5.711,6.530,3.014,2.586,3.908,6.164,10.019,1.264,5.837,5.133,9.437,4.362,5.916,0.072,2.888
Control-GRP-GC121343,1.871,8.952,5.198,0.119,2.229,0.951,5.865,6.415,1.492,3.937,7.632,8.210,1.507,3.727,8.226,7.242,4.034,6.799,5.891,0.915,4.471,1.577,2.740
Control-GRP-GC121346,0.369,4.497,1.151,0.042,0.812,0.232,3.342,5.280,5.038,5.300,10.329,4.101,17.361,2.707,2.679,6.988,3.356,2.037,2.923,6.336,8.111,6.343,0.665
Control-GRP-GC121347,2.574,8.654,4.794,0.285,2.085,1.292,4.774,6.474,2.015,9.153,5.524,4.833,8.417,0.002,0.083,10.889,2.796,6.161,3.129,4.299,6.448,1.567,3.751
Control-GRP-GC121348,1.131,0.241,3.545,0.256,5.175,0.171,4.105,5.776,6.821,0.371,2.074,3.516,7.371,7.573,7.906,10.093,3.077,2.625,3.190,7.422,4.357,10.322,2.881
Control-GRP-GC121349,1.464,2.295,3.980,0.068,2.526,0.029,2.026,9.845,3.651,2.681,13.690,3.198,1.872,3.467,9.700,1.160,0.829,6.541,9.178,3.356,10.367,1.202,6.874
