Sample,BRCA,CEAD,CESC,COAD,OV,READ,bcell,cd4tcell,cd8tcell,erythroblast,monocyte,naturalkillercell,neutrophil,Unknown-1
Ov9433_rep10_Dep6_Tu5,1.099,0.434,3.959,0.240,5.307,0.145,3.104,4.794,3.119,7.265,5.540,2.429,23.870,38.694
Ov9433_rep6_Dep6_Tu20,0.187,6.963,6.414,2.760,10.982,0.581,1.435,4.020,3.946,1.212,6.089,2.306,16.563,36.542
Ov9433_rep8_Dep6_Tu5,0.887,0.149,4.005,0.221,12.431,0.116,1.594,5.760,4.994,0.048,10.922,2.621,11.672,44.582
Ov9433_rep2_Dep6_Tu5,0.511,4.194,1.637,0.163,11.218,0.102,0.392,5.352,1.909,4.526,6.620,0.994,29.249,33.134
Ov9433_rep5_Dep6_Tu0.5,0.375,6.117,1.893,0.004,1.850,0.112,1.133,3.374,3.466,4.811,6.607,2.578,31.655,36.024
Ov9433_rep5_Dep6_Tu5,0.121,2.167,4.133,0.053,9.997,0.010,1.967,2.514,5.429,5.034,4.176,2.412,24.275,37.714
Ov9433_rep8_Dep6_Tu30,0.492,5.790,13.622,5.757,4.863,1.297,3.248,3.673,1.264,4.154,3.134,2.194,15.687,34.823
Ov9433_rep6_Dep6_Tu0.3,0.198,3.484,2.861,0.000,7.193,0.011,1.430,3.020,4.497,4.781,13.147,1.525,11.414,46.438
Ov9433_rep1_Dep6_Tu0.3,0.280,6.753,1.483,0.003,1.654,0.151,3.057,7.740,2.712,1.879,3.623,2.716,31.490,36.459
Ov9433_rep2_Dep6_Tu10,0.528,6.899,4.744,0.249,11.726,0.123,0.659,2.837,2.819,1.756,10.124,2.184,14.337,41.015
Ov9433_rep4_Dep6_Tu20,2.287,8.554,5.938,2.377,9.782,0.450,2.384,3.959,0.399,2.664,5.727,1.868,20.595,33.017
Ov9433_rep3_Dep6_Tu10,2.353,1.825,6.481,0.989,0.775,0.688,0.106,1.933,5.544,6.415,8.762,3.946,19.761,40.421
Ov9433_rep4_Dep6_Tu0.3,0.173,1.468,3.095,0.003,8.306,0.019,0.901,0.818,5.330,6.448,6.898,0.870,33.051,32.621
Ov9433_rep9_Dep6_Tu0.1,0.215,2.282,2.367,0.004,9.241,0.027,2.245,1.856,3.560,3.445,6.534,3.282,33.785,31.157
Ov9433_rep10_Dep6_Tu0.5,0.267,1.935,3.932,0.002,9.099,0.076,0.934,3.757,1.971,2.009,9.938,1.385,39.524,25.173
Ov9433_rep6_Dep6_Tu30,1.674,16.012,6.287,5.199,10.314,0.390,0.590,3.019,1.756,1.755,4.022,2.386,12.319,34.278
Ov9433_rep1_Dep6_Tu2,0.808,4.225,1.589,0.028,6.110,0.198,1.106,5.671,6.182,4.383,1.415,1.170,34.190,32.925
Ov9433_rep1_Dep6_Tu5,0.245,8.351,1.397,0.021,9.969,0.019,1.639,3.911,1.304,4.114,4.194,1.604,32.361,30.868
Ov9433_rep5_Dep6_Tu1,0.326,5.233,3.800,0.004,0.196,0.126,1.846,5.047,3.266,4.267,9.054,1.937,27.377,37.520
Ov9433_rep9_Dep6_Tu5,0.326,5.179,3.512,0.120,9.029,0.073,1.743,2.847,2.954,1.435,8.775,2.048,28.793,33.165
Ov9433_rep9_Dep6_Tu0.3,0.122,2.693,1.208,0.006,7.047,0.093,1.134,3.959,3.132,3.699,8.953,3.016,29.468,35.471
Ov9433_rep4_Dep6_Tu10,0.865,5.091,5.055,0.460,10.494,0.128,0.808,5.365,0.669,3.299,9.280,1.363,17.074,40.049
Ov9433_rep1_Dep6_Tu3,0.485,9.539,1.499,0.018,2.308,0.025,1.843,8.181,4.123,5.627,3.803,3.363,6.893,52.291
Ov9433_rep4_Dep6_Tu50,4.291,15.495,12.921,10.934,3.686,2.264,3.328,0.622,0.276,1.544,4.115,2.600,8.347,29.576
Ov9433_rep9_Dep6_Tu30,2.123,11.840,8.286,5.084,9.725,0.772,0.281,1.396,2.791,2.564,6.157,1.148,16.783,31.050
Ov9433_rep4_Dep6_Tu2,0.264,1.923,3.639,0.037,6.293,0.254,2.190,5.464,0.545,4.669,8.737,2.207,28.873,34.907
Ov9433_rep7_Dep6_Tu3,0.065,0.016,5.688,0.153,10.067,0.171,0.296,2.331,4.305,1.496,8.560,2.672,41.718,22.463
Ov9433_rep8_Dep6_Tu1,0.349,4.784,0.298,0.008,9.076,0.031,2.556,3.777,3.569,2.202,5.719,2.441,28.024,37.166
Ov9433_rep2_Dep6_Tu30,1.878,17.565,9.293,4.310,0.428,1.088,1.034,2.068,2.000,5.729,2.206,1.764,16.141,34.498
Ov9433_rep7_Dep6_Tu1,0.289,4.725,3.096,0.002,3.257,0.042,2.005,3.886,0.069,5.122,10.174,2.288,24.997,40.047
Ov9433_rep6_Dep6_Tu3,0.125,6.363,2.455,0.050,3.196,0.058,1.926,3.316,4.311,3.247,7.420,2.969,27.941,36.623
Ov9433_rep8_Dep6_Tu0.3,0.125,6.293,2.697,0.001,2.095,0.159,1.409,2.393,3.030,3.577,8.991,1.640,44.357,23.233
Ov9433_rep5_Dep6_Tu3,0.190,3.287,3.151,0.054,10.877,0.012,1.614,0.625,1.308,2.789,8.487,2.510,43.462,21.636
Ov9433_rep4_Dep6_Tu0.1,0.776,2.333,2.126,0.014,2.466,0.111,0.115,5.705,2.994,7.694,5.019,2.842,31.338,36.467
Ov9433_rep2_Dep6_Tu40,5.292,18.563,3.770,8.039,11.702,0.258,1.540,1.526,2.048,2.610,4.362,0.933,4.355,35.001
Ov9433_rep2_Dep6_Tu20,0.967,14.370,5.300,2.225,7.972,0.305,2.166,1.680,0.846,3.832,5.561,0.568,26.994,27.214
Ov9433_rep10_Dep6_Tu3,0.272,5.531,3.458,0.055,6.078,0.043,2.698,0.069,2.279,5.507,7.180,2.652,30.613,33.566
Ov9433_rep4_Dep6_Tu3,0.373,2.795,1.872,0.005,12.661,0.072,1.895,5.687,3.553,1.347,11.691,0.167,14.988,42.894
Ov9433_rep2_Dep6_Tu3,0.706,0.427,3.513,0.143,10.089,0.058,3.857,0.653,1.337,1.591,7.773,4.470,34.946,30.436
Ov9433_rep3_Dep6_Tu50,5.754,3.586,13.722,12.105,14.516,1.591,2.212,0.778,0.268,3.544,3.124,1.371,6.666,30.763
Ov9433_rep6_Dep6_Tu2,0.151,3.779,3.128,0.010,8.326,0.023,1.546,3.055,1.271,4.761,7.836,2.357,29.272,34.484
Ov9433_rep1_Dep6_Tu30,2.574,16.090,7.295,4.010,11.806,0.250,0.674,1.611,1.303,2.342,2.107,2.616,8.541,38.782
Ov9433_rep9_Dep6_Tu40,4.732,4.991,4.564,10.198,15.669,1.768,2.711,1.214,0.114,4.232,4.371,1.871,17.285,26.281
Ov9433_rep8_Dep6_Tu0.1,0.198,1.773,3.087,0.003,9.368,0.009,3.006,1.324,4.157,0.088,6.965,4.352,34.511,31.158
Ov9433_rep7_Dep6_Tu0.5,0.246,6.119,2.010,0.002,2.917,0.021,2.869,1.187,0.200,7.327,7.587,4.149,26.232,39.133
Ov9433_rep7_Dep6_Tu0.1,0.194,1.836,2.614,0.000,8.028,0.017,0.845,0.965,7.354,5.060,2.991,1.512,32.978,35.606
Ov9433_rep9_Dep6_Tu2,0.391,0.663,2.165,0.022,11.040,0.023,1.921,0.983,4.281,7.616,8.851,1.755,13.657,46.632
Ov9433_rep3_Dep6_Tu2,0.033,2.769,2.435,0.006,9.154,0.027,2.992,8.116,4.335,3.518,4.855,1.448,12.861,47.449
Ov9433_rep4_Dep6_Tu40,3.454,17.973,8.480,6.820,7.774,0.977,2.763,0.525,0.147,3.173,4.552,1.664,6.974,34.722
Ov9433_rep9_Dep6_Tu10,0.845,5.501,5.879,1.017,7.105,0.227,1.886,0.697,2.563,3.869,7.706,2.315,29.118,31.272
Ov9433_rep9_Dep6_Tu50,6.198,18.354,8.584,10.813,7.006,1.864,0.726,0.059,0.986,2.775,3.613,1.412,8.412,29.200
Ov9433_rep2_Dep6_Tu1,0.049,2.684,2.079,0.005,9.968,0.005,0.959,5.315,2.686,4.398,11.428,2.420,10.146,47.860
Ov9433_rep8_Dep6_Tu3,0.103,7.418,3.250,0.006,4.704,0.050,1.596,2.835,1.346,3.143,8.548,2.047,35.790,29.164
Ov9433_rep3_Dep6_Tu40,4.281,17.445,9.684,6.943,6.991,0.687,1.959,0.638,1.518,0.750,3.551,1.974,12.884,30.695
Ov9433_rep6_Dep6_Tu40,3.982,12.111,13.478,7.882,2.311,1.416,2.663,0.022,1.317,5.017,4.732,0.342,13.207,31.521
Ov9433_rep6_Dep6_Tu50,4.179,22.327,4.996,11.192,8.760,1.994,1.190,0.165,1.042,2.872,3.214,1.398,10.245,26.427
Ov9433_rep5_Dep6_Tu2,0.181,0.518,3.739,0.104,6.074,0.146,2.596,4.251,5.395,6.947,3.630,0.190,33.350,32.879
Ov9433_rep9_Dep6_Tu3,0.438,0.709,6.828,0.029,0.908,0.210,2.128,0.326,3.962,5.185,11.722,5.323,23.108,39.125
Ov9433_rep10_Dep6_Tu40,2.876,14.910,10.304,7.180,10.264,0.947,1.354,0.957,2.592,2.719,3.422,1.929,5.144,35.403
Ov9433_rep1_Dep6_Tu50,0.468,13.568,14.546,11.887,9.114,2.330,2.458,0.503,2.336,1.387,4.108,1.576,7.309,28.409
Ov9433_rep6_Dep6_Tu5,0.219,6.403,3.310,0.092,7.822,0.065,0.393,0.097,2.003,4.840,8.734,2.255,36.284,27.483
Ov9433_rep2_Dep6_Tu2,0.432,3.331,2.917,0.015,7.577,0.071,1.959,5.262,4.606,1.513,2.721,3.128,28.465,38.005
Ov9433_rep9_Dep6_Tu0.5,0.438,2.722,0.257,0.002,10.072,0.012,4.076,0.557,1.878,8.326,9.482,0.768,14.330,47.079
Ov9433_rep3_Dep6_Tu5,0.803,6.319,4.366,0.070,5.960,0.100,3.068,2.865,3.277,1.755,7.728,0.022,28.864,34.804
Ov9433_rep4_Dep6_Tu1,0.155,3.475,3.035,0.036,8.017,0.011,0.812,2.358,3.116,3.530,8.066,2.732,32.968,31.688
Ov9433_rep3_Dep6_Tu1,0.382,1.203,1.066,0.012,10.463,0.051,1.780,0.562,3.862,4.722,8.953,2.730,31.105,33.110
Ov9433_rep1_Dep6_Tu0.5,0.166,3.418,1.932,0.008,5.346,0.063,1.149,6.526,3.687,5.002,7.319,1.386,25.985,38.012
Ov9433_rep5_Dep6_Tu0.1,0.121,0.450,2.206,0.001,8.141,0.093,2.471,4.438,4.447,3.485,7.568,2.474,26.026,38.081
Ov9433_rep7_Dep6_Tu0.3,0.127,5.407,3.384,0.005,5.476,0.076,0.952,2.996,0.421,4.091,4.950,2.900,50.304,18.911
Ov9433_rep1_Dep6_Tu40,4.616,14.940,10.844,7.806,1.248,1.316,3.289,0.060,2.691,5.224,3.234,0.467,9.361,34.903
Ov9433_rep8_Dep6_Tu2,0.233,0.476,3.876,0.025,9.644,0.030,2.683,9.647,0.463,5.062,9.650,1.139,9.581,47.489
Ov9433_rep2_Dep6_Tu0.3,0.067,4.544,2.948,0.002,6.592,0.025,1.921,8.043,3.316,1.487,2.909,0.049,33.420,34.678
Ov9433_rep7_Dep6_Tu20,1.429,2.072,8.915,2.984,13.472,0.289,2.196,3.495,3.162,2.494,8.459,0.330,7.149,43.554
Ov9433_rep6_Dep6_Tu0.5,0.257,4.576,1.326,0.004,8.816,0.023,2.410,0.516,3.226,4.079,7.686,1.873,33.546,31.660
Ov9433_rep8_Dep6_Tu40,2.098,21.105,8.740,6.953,7.690,1.255,0.256,1.578,1.107,2.042,3.863,0.870,11.471,30.971
Ov9433_rep10_Dep6_Tu30,4.084,16.927,2.385,4.569,7.806,0.668,2.827,1.774,0.906,3.698,5.136,0.513,17.871,30.833
Ov9433_rep7_Dep6_Tu50,3.146,18.172,11.259,10.541,9.115,2.066,1.754,1.323,1.068,2.710,1.989,0.190,7.569,29.097
Ov9433_rep1_Dep6_Tu1,0.114,0.002,3.543,0.008,9.301,0.021,1.583,0.930,5.482,6.262,6.870,2.685,28.725,34.474
Ov9433_rep2_Dep6_Tu0.5,0.274,2.881,1.624,0.002,7.738,0.117,2.128,3.898,0.544,2.082,9.481,3.916,30.397,34.919
Ov9433_rep1_Dep6_Tu10,1.348,2.820,8.268,1.082,0.914,0.731,2.896,6.303,0.794,3.912,4.029,3.152,30.776,32.976
Ov9433_rep5_Dep6_Tu0.3,0.120,3.693,2.397,0.002,8.044,0.046,2.199,3.520,0.381,3.623,6.202,3.161,40.899,25.713
Ov9433_rep7_Dep6_Tu40,4.183,7.160,11.590,8.166,11.261,1.148,1.290,1.814,3.043,3.553,1.513,1.833,11.531,31.915
Ov9433_rep8_Dep6_Tu50,7.197,20.376,4.373,11.089,10.522,1.398,1.396,0.286,1.077,3.356,2.684,1.760,0.893,33.592
Ov9433_rep5_Dep6_Tu50,6.891,13.573,11.709,10.842,6.419,2.309,2.198,0.760,1.837,1.872,3.550,1.498,6.225,30.317
Ov9433_rep4_Dep6_Tu5,0.468,3.538,3.849,0.064,8.887,0.062,1.647,3.861,2.603,4.439,10.808,1.962,18.887,38.927
Ov9433_rep3_Dep6_Tu3,0.463,6.948,2.267,0.004,5.812,0.031,2.570,1.310,6.599,3.303,11.574,1.030,14.396,43.693
Ov9433_rep8_Dep6_Tu0.5,0.549,4.901,2.329,0.006,2.561,0.043,1.991,8.283,3.507,4.088,6.668,2.311,18.955,43.809
Ov9433_rep9_Dep6_Tu20,1.447,12.982,5.134,2.149,9.260,0.150,1.955,2.435,0.371,3.256,7.122,0.414,21.471,31.854
Ov9433_rep10_Dep6_Tu0.3,0.501,1.215,2.690,0.004,4.358,0.241,3.127,8.002,2.116,0.021,8.731,3.298,28.261,37.435
Ov9433_rep5_Dep6_Tu40,4.156,12.730,9.574,7.956,6.945,1.836,1.677,4.707,0.204,0.630,4.832,0.900,14.762,29.091
Ov9433_rep2_Dep6_Tu50,4.357,20.142,9.104,10.319,11.430,1.566,1.274,1.017,0.160,0.732,3.428,0.924,11.222,24.323
Ov9433_rep1_Dep6_Tu20,1.471,13.842,4.653,2.257,6.095,0.668,2.306,1.263,4.001,1.570,3.632,1.996,22.796,33.448
Ov9433_rep3_Dep6_Tu0.1,0.051,1.935,3.131,0.004,8.546,0.028,0.586,0.008,4.368,5.049,8.211,2.596,35.150,30.337
Ov9433_rep5_Dep6_Tu20,0.461,2.872,6.991,3.514,11.564,0.822,3.004,1.286,3.153,4.479,6.193,2.443,22.234,30.983
Ov9433_rep3_Dep6_Tu30,1.089,5.363,10.100,5.784,10.688,1.064,3.039,1.220,0.128,4.059,6.734,1.925,16.352,32.454
Ov9433_rep6_Dep6_Tu0.1,0.208,3.217,1.490,0.005,8.184,0.004,0.697,4.288,5.702,3.471,6.780,0.826,31.633,33.494
Ov9433_rep5_Dep6_Tu30,2.493,9.496,8.298,5.664,10.039,0.555,1.540,1.387,3.674,5.346,3.834,2.074,7.034,38.566
Ov9433_rep3_Dep6_Tu0.3,0.180,3.859,3.094,0.002,5.643,0.009,1.130,4.796,2.546,4.688,10.299,2.708,18.061,42.986
Ov9433_rep9_Dep6_Tu1,0.037,2.512,3.204,0.003,9.254,0.045,0.794,6.765,5.314,0.413,9.483,0.702,21.989,39.486
Ov9433_rep6_Dep6_Tu1,0.291,0.872,3.764,0.001,5.623,0.137,3.702,1.863,0.465,4.994,9.519,2.706,31.337,34.725
Ov9433_rep10_Dep6_Tu1,0.083,2.052,2.734,0.005,11.419,0.009,0.332,4.071,4.372,2.551,8.657,1.950,23.036,38.730
Ov9433_rep7_Dep6_Tu5,0.239,6.711,3.463,0.143,6.241,0.159,1.211,2.577,3.459,2.986,8.864,2.027,27.789,34.132
Ov9433_rep3_Dep6_Tu0.5,0.200,3.132,3.520,0.002,5.008,0.035,0.941,2.987,3.651,4.238,10.120,1.836,30.427,33.904
Ov9433_rep4_Dep6_Tu30,3.604,10.476,10.508,4.861,1.612,1.250,1.275,3.369,1.476,4.167,6.110,1.225,16.435,33.632
Ov9433_rep4_Dep6_Tu0.5,0.001,0.733,2.233,0.017,10.944,0.019,2.885,1.893,4.340,5.241,2.676,2.274,35.086,31.656
Ov9433_rep3_Dep6_Tu20,0.711,15.884,7.555,2.117,0.823,0.593,1.810,1.202,3.359,2.897,2.327,1.852,29.894,28.976
Ov9433_rep6_Dep6_Tu10,0.871,11.608,4.646,0.221,1.475,0.657,1.592,2.216,4.830,0.287,8.603,2.336,24.847,35.812
Ov9433_rep5_Dep6_Tu10,0.343,13.634,0.755,1.119,9.256,0.209,0.377,2.166,1.282,4.285,3.593,2.214,35.622,25.145
Ov9433_rep8_Dep6_Tu10,1.001,9.302,4.776,0.601,6.254,0.238,0.311,2.360,2.274,2.912,8.412,2.755,31.743,27.062
Ov9433_rep7_Dep6_Tu2,0.436,0.872,1.893,0.066,7.364,0.238,2.565,4.002,2.664,4.572,7.671,2.554,30.360,34.743
Ov9433_rep10_Dep6_Tu2,0.400,5.651,2.862,0.006,5.301,0.065,1.284,6.544,4.091,1.667,3.421,2.059,29.844,36.806
Ov9433_rep7_Dep6_Tu30,2.693,18.115,5.078,4.413,8.738,0.410,2.448,0.384,3.390,3.701,0.886,1.414,9.462,38.868
Ov9433_rep1_Dep6_Tu0.1,0.271,2.124,2.596,0.004,7.791,0.035,2.459,1.937,3.122,2.157,5.382,3.440,39.476,29.207
Ov9433_rep8_Dep6_Tu20,2.287,5.543,9.249,2.560,1.954,1.222,3.031,1.528,4.931,3.241,5.851,1.885,22.458,34.260
Ov9433_rep10_Dep6_Tu0.1,0.147,4.254,2.690,0.002,3.315,0.033,1.911,0.465,5.061,5.027,11.643,3.660,19.483,42.307
Ov9433_rep7_Dep6_Tu10,1.037,9.904,4.520,0.455,3.427,0.352,1.699,2.637,2.785,2.924,6.447,1.890,25.651,36.274
Ov9433_rep10_Dep6_Tu50,6.729,8.966,12.626,10.970,10.919,2.052,2.197,1.254,1.461,1.877,1.986,1.107,8.178,29.677
Ov9433_rep2_Dep6_Tu0.1,0.063,4.624,2.396,0.002,5.021,0.027,2.027,3.766,2.579,5.797,4.755,2.605,33.792,32.546
Ov9433_rep10_Dep6_Tu10,0.747,8.651,4.007,0.247,7.427,0.049,2.755,5.193,0.353,6.542,2.435,2.705,18.612,40.277
Ov9433_rep10_Dep6_Tu20,1.358,7.491,6.874,3.119,6.514,0.406,3.534,1.752,3.588,5.751,2.291,1.262,22.401,33.659
