Sample,BRCA,CEAD,CESC,COAD,OV,READ,bcell,cd4tcell,cd8tcell,erythroblast,monocyte,naturalkillercell,neutrophil,Unknown-1,Unknown-2,Unknown-3,Unknown-4,Unknown-5,Unknown-6,Unknown-7,Unknown-8,Unknown-9,Unknown-10
Ov9433_rep10_Dep6_Tu5,0.000,0.000,0.000,0.000,19.085,0.000,2.568,0.000,0.000,0.000,2.108,0.000,55.309,0.000,10.804,0.557,0.000,0.506,0.000,1.499,7.563,0.000,0.000
Ov9433_rep6_Dep6_Tu20,0.000,0.000,0.000,5.822,7.310,0.000,1.115,0.000,0.000,0.000,0.746,0.000,45.097,0.000,7.674,0.349,0.000,0.000,0.000,6.562,14.832,0.000,10.493
Ov9433_rep8_Dep6_Tu5,0.000,0.000,0.000,0.014,0.603,0.000,5.618,0.000,0.000,0.000,1.742,0.000,55.710,0.000,1.628,2.347,0.931,1.169,0.315,0.000,0.000,29.922,0.000
Ov9433_rep2_Dep6_Tu5,0.000,0.000,0.000,0.000,2.021,0.000,5.739,0.000,0.000,0.000,0.753,0.000,56.063,0.000,2.436,30.881,0.000,0.000,0.000,1.961,0.145,0.000,0.000
Ov9433_rep5_Dep6_Tu0.5,0.000,0.000,0.000,0.000,2.109,0.000,11.665,0.000,0.000,0.000,2.113,0.000,58.537,0.000,24.062,0.920,0.000,0.000,0.000,0.000,0.593,0.000,0.000
Ov9433_rep5_Dep6_Tu5,0.000,0.000,0.000,0.000,3.011,0.000,4.232,0.000,0.000,0.000,1.558,0.000,53.618,0.000,1.503,2.080,0.000,0.000,0.224,0.000,0.777,32.996,0.000
Ov9433_rep8_Dep6_Tu30,0.000,0.000,1.676,9.885,2.435,0.000,0.240,0.000,0.000,0.000,0.465,0.000,38.217,0.189,26.167,0.530,4.587,0.000,0.304,0.000,0.000,0.000,15.303
Ov9433_rep6_Dep6_Tu0.3,0.000,0.000,0.000,0.000,0.352,0.000,3.467,0.000,0.000,0.000,3.952,0.000,54.708,0.000,0.133,16.317,21.069,0.000,0.000,0.000,0.000,0.000,0.000
Ov9433_rep1_Dep6_Tu0.3,0.000,0.000,0.000,0.000,0.897,0.000,4.113,0.000,0.000,0.000,4.904,0.000,55.844,0.000,4.759,0.427,0.700,0.000,4.480,0.000,23.875,0.000,0.000
Ov9433_rep2_Dep6_Tu10,0.000,0.000,0.000,2.015,16.111,0.000,2.945,0.000,0.000,0.000,0.978,0.000,51.995,0.000,0.000,4.555,0.000,0.000,0.022,18.041,3.338,0.000,0.000
Ov9433_rep4_Dep6_Tu20,0.000,0.000,0.208,8.671,22.812,0.000,6.800,0.000,0.000,0.000,1.147,0.000,48.342,3.791,3.586,1.624,0.000,0.000,3.019,0.000,0.000,0.000,0.000
Ov9433_rep3_Dep6_Tu10,0.000,0.000,0.000,0.580,21.293,0.000,0.976,0.000,0.000,0.000,3.940,0.000,53.427,0.000,9.194,2.867,0.000,0.000,0.000,7.722,0.000,0.000,0.000
Ov9433_rep4_Dep6_Tu0.3,0.000,0.000,0.000,0.000,4.857,0.000,14.820,0.000,0.000,0.000,2.621,0.000,57.634,0.000,7.956,0.036,9.588,0.031,0.624,0.000,1.831,0.000,0.000
Ov9433_rep9_Dep6_Tu0.1,0.000,0.000,0.000,0.000,8.306,0.000,0.597,0.000,0.000,0.000,3.842,0.000,55.216,0.000,1.029,21.670,1.524,0.000,0.000,0.000,7.815,0.000,0.000
Ov9433_rep10_Dep6_Tu0.5,0.000,0.000,0.000,0.000,0.242,0.000,7.074,0.000,0.000,0.000,3.442,0.000,55.555,0.000,9.328,3.815,0.000,0.000,15.623,4.360,0.559,0.000,0.000
Ov9433_rep6_Dep6_Tu30,0.000,0.000,0.027,10.208,10.946,0.000,1.435,0.000,0.000,0.000,0.734,0.000,38.004,9.501,0.000,1.148,0.000,0.000,22.241,0.000,0.000,0.000,5.754
Ov9433_rep1_Dep6_Tu2,0.000,0.000,0.000,0.000,1.358,0.000,0.159,0.000,0.000,0.000,0.954,0.000,52.018,0.000,24.820,0.717,17.941,0.000,0.000,0.000,2.032,0.000,0.000
Ov9433_rep1_Dep6_Tu5,0.000,0.000,0.000,0.000,13.670,0.000,1.359,0.000,0.000,0.000,1.966,0.000,56.413,0.000,24.444,2.146,0.000,0.000,0.000,0.000,0.000,0.000,0.000
Ov9433_rep5_Dep6_Tu1,0.000,0.000,0.000,0.000,0.340,0.000,1.333,0.000,0.000,0.000,2.004,0.000,55.164,0.000,0.000,1.337,3.276,0.000,0.000,0.000,0.330,36.214,0.000
Ov9433_rep9_Dep6_Tu5,0.000,0.000,0.000,0.000,0.212,0.000,1.878,0.000,0.000,0.000,1.863,0.000,54.577,0.000,0.000,1.951,2.732,0.000,0.000,0.000,0.293,36.493,0.000
Ov9433_rep9_Dep6_Tu0.3,0.000,0.000,0.000,0.000,2.122,0.000,1.692,0.000,0.000,0.000,1.746,0.000,53.652,0.000,0.000,0.621,21.679,0.000,0.000,15.403,3.084,0.000,0.000
Ov9433_rep4_Dep6_Tu10,0.000,0.000,0.000,2.585,1.350,0.000,14.405,0.000,0.000,0.000,1.843,0.000,52.737,0.000,22.574,0.000,2.538,0.000,1.966,0.000,0.000,0.000,0.000
Ov9433_rep1_Dep6_Tu3,0.000,0.000,0.000,0.000,2.900,0.000,2.846,0.000,0.000,0.000,4.637,0.000,53.283,0.000,7.932,0.637,0.447,0.000,4.169,3.468,19.680,0.000,0.000
Ov9433_rep4_Dep6_Tu50,0.000,0.000,0.441,14.731,0.000,0.000,6.330,0.000,0.000,0.000,1.392,0.000,30.465,11.493,0.000,5.908,0.000,4.955,0.000,0.000,0.000,0.000,24.285
Ov9433_rep9_Dep6_Tu30,0.000,0.000,0.054,6.404,0.271,0.000,5.066,0.000,0.000,0.000,0.955,0.000,38.345,0.453,0.000,0.000,0.000,45.889,0.000,0.000,0.000,0.000,2.564
Ov9433_rep4_Dep6_Tu2,0.000,0.000,0.000,0.000,0.532,0.000,3.777,0.000,0.000,0.000,1.768,0.000,56.693,0.000,3.106,20.385,11.960,0.000,1.222,0.000,0.000,0.557,0.000
Ov9433_rep7_Dep6_Tu3,0.000,0.000,0.000,0.000,0.000,0.000,2.277,0.000,0.000,0.000,1.926,0.000,53.654,0.000,0.361,3.672,0.000,0.000,8.211,0.000,1.235,28.662,0.000
Ov9433_rep8_Dep6_Tu1,0.000,0.000,0.000,0.000,0.000,0.000,2.811,0.000,0.000,0.000,3.480,0.000,56.869,0.000,1.736,19.656,15.447,0.000,0.000,0.000,0.000,0.000,0.000
Ov9433_rep2_Dep6_Tu30,0.000,0.000,0.000,6.880,1.987,0.000,0.000,0.000,0.000,0.000,0.695,0.000,39.093,0.611,4.762,2.375,0.000,0.000,0.000,16.583,0.729,0.000,26.284
Ov9433_rep7_Dep6_Tu1,0.000,0.000,0.000,0.000,1.965,0.000,7.990,0.000,0.000,0.000,1.458,0.000,57.375,0.000,14.841,1.146,13.452,0.000,0.000,0.000,1.772,0.000,0.000
Ov9433_rep6_Dep6_Tu3,0.000,0.000,0.000,0.000,6.057,0.000,1.670,0.000,0.000,0.000,1.995,0.000,56.721,0.000,17.503,0.323,2.021,0.000,0.000,0.000,13.708,0.000,0.000
Ov9433_rep8_Dep6_Tu0.3,0.000,0.000,0.000,0.000,2.265,0.000,1.723,0.000,0.000,0.000,1.743,0.000,53.639,0.000,0.004,0.594,21.668,0.000,0.000,15.420,2.941,0.000,0.000
Ov9433_rep5_Dep6_Tu3,0.000,0.000,0.000,0.000,2.397,0.000,11.680,0.000,0.000,0.000,0.955,0.000,58.575,0.000,17.049,2.093,6.617,0.000,0.632,0.000,0.000,0.000,0.000
Ov9433_rep4_Dep6_Tu0.1,0.000,0.000,0.000,0.000,17.193,0.000,1.871,0.000,0.000,0.000,5.351,0.000,57.996,0.000,12.332,1.595,0.000,0.000,0.000,3.661,0.000,0.000,0.000
Ov9433_rep2_Dep6_Tu40,0.000,0.000,15.934,9.825,5.952,0.000,1.177,0.000,0.000,0.000,1.378,0.000,36.287,7.042,0.000,9.953,0.000,0.000,0.000,0.734,0.000,0.000,11.717
Ov9433_rep2_Dep6_Tu20,0.000,0.000,0.071,6.279,0.519,0.000,2.938,0.000,0.000,0.000,0.656,0.000,44.251,0.000,0.000,0.947,0.000,0.000,0.470,4.131,31.370,0.000,8.367
Ov9433_rep10_Dep6_Tu3,0.000,0.000,0.000,0.000,1.293,0.000,2.591,0.000,0.000,0.000,1.299,0.000,56.601,0.000,5.040,19.535,4.708,0.000,1.972,0.000,6.960,0.000,0.000
Ov9433_rep4_Dep6_Tu3,0.000,0.000,0.000,0.000,0.904,0.000,3.088,0.000,0.000,0.000,1.398,0.000,54.640,0.000,0.842,18.037,20.245,0.000,0.323,0.000,0.000,0.522,0.000
Ov9433_rep2_Dep6_Tu3,0.000,0.000,0.000,0.000,0.000,0.000,4.685,0.000,0.000,0.000,4.316,0.000,56.232,0.000,23.009,10.939,0.000,0.000,0.000,0.000,0.817,0.000,0.000
Ov9433_rep3_Dep6_Tu50,0.000,0.000,11.244,12.295,0.000,0.000,3.946,0.000,0.000,0.000,2.388,0.000,30.643,1.784,0.000,2.254,0.000,0.000,0.000,3.686,0.000,0.000,31.759
Ov9433_rep6_Dep6_Tu2,0.000,0.000,0.000,0.000,1.962,0.000,7.523,0.000,0.000,0.000,2.549,0.000,56.215,0.000,0.000,1.793,0.283,0.000,29.326,0.000,0.348,0.000,0.000
Ov9433_rep1_Dep6_Tu30,0.000,0.000,0.058,6.915,15.550,0.000,5.758,0.000,0.000,0.000,0.443,0.000,39.799,1.051,5.460,0.860,0.000,0.000,0.000,0.000,1.420,0.000,22.683
Ov9433_rep9_Dep6_Tu40,0.000,0.000,0.110,9.658,0.171,0.000,16.220,0.000,0.000,0.000,0.402,0.000,35.642,13.305,0.000,0.898,0.000,7.093,0.000,0.000,0.000,0.000,16.502
Ov9433_rep8_Dep6_Tu0.1,0.000,0.000,0.000,0.000,0.257,0.000,1.568,0.000,0.000,0.000,2.431,0.000,56.383,0.000,0.483,23.238,2.017,0.000,0.000,0.000,13.621,0.000,0.000
Ov9433_rep7_Dep6_Tu0.5,0.000,0.000,0.000,0.000,3.707,0.000,0.173,0.000,0.000,0.000,0.827,0.000,57.116,0.000,12.777,1.960,1.159,0.000,0.000,4.993,17.287,0.000,0.000
Ov9433_rep7_Dep6_Tu0.1,0.000,0.000,0.000,0.000,0.102,0.000,3.913,0.000,0.000,0.000,0.970,0.000,55.710,0.000,3.213,1.175,3.496,0.000,0.000,31.295,0.125,0.000,0.000
Ov9433_rep9_Dep6_Tu2,0.000,0.000,0.000,0.000,14.549,0.000,6.301,0.000,0.000,0.000,2.099,0.000,58.273,0.000,0.000,1.036,14.348,0.000,0.000,0.000,0.000,3.392,0.000
Ov9433_rep3_Dep6_Tu2,0.000,0.000,0.000,0.000,1.947,0.000,3.622,0.000,0.000,0.000,3.630,0.000,56.007,0.000,0.000,0.000,0.000,0.000,4.606,2.830,27.357,0.000,0.000
Ov9433_rep4_Dep6_Tu40,0.000,0.000,1.099,9.069,7.497,0.000,6.419,0.000,0.000,0.000,0.608,0.000,34.151,1.092,0.000,0.000,0.000,0.714,0.000,8.722,1.642,0.000,28.987
Ov9433_rep9_Dep6_Tu10,0.000,0.000,0.000,2.843,0.797,0.000,35.421,0.000,0.000,0.000,2.206,0.000,55.174,0.000,0.000,0.000,0.000,0.000,2.750,0.000,0.807,0.000,0.000
Ov9433_rep9_Dep6_Tu50,0.000,0.000,0.185,13.761,0.000,0.000,1.674,0.000,0.000,0.000,0.003,0.000,26.749,9.776,0.000,0.000,0.000,0.000,0.000,17.881,0.188,0.000,29.783
Ov9433_rep2_Dep6_Tu1,0.000,0.000,0.000,0.000,2.961,0.000,7.316,0.000,0.000,0.000,4.270,0.000,58.051,0.000,15.072,2.535,9.793,0.000,0.000,0.000,0.000,0.000,0.000
Ov9433_rep8_Dep6_Tu3,0.000,0.000,0.000,0.000,1.328,0.000,2.899,0.000,0.000,0.000,0.771,0.000,54.504,0.000,0.179,23.699,16.336,0.000,0.000,0.000,0.283,0.000,0.000
Ov9433_rep3_Dep6_Tu40,0.000,0.000,0.124,11.461,1.134,0.000,18.782,0.000,0.000,0.000,0.540,0.000,36.800,12.947,0.000,2.520,0.000,0.000,0.000,0.000,0.000,0.000,15.691
Ov9433_rep6_Dep6_Tu40,0.000,0.000,11.582,10.120,14.025,0.000,0.000,0.000,0.000,0.000,0.736,0.000,36.616,0.470,4.498,0.000,0.000,0.000,0.000,2.278,0.000,0.000,19.674
Ov9433_rep6_Dep6_Tu50,0.000,0.000,9.574,20.191,8.481,0.000,10.889,0.000,0.000,0.000,0.651,0.000,32.187,1.181,0.000,1.194,0.000,0.000,0.000,0.000,0.000,0.000,15.650
Ov9433_rep5_Dep6_Tu2,0.000,0.000,0.000,0.000,7.973,0.000,8.456,0.000,0.000,0.000,2.821,0.000,56.973,0.000,0.155,9.722,0.183,0.000,13.716,0.000,0.000,0.000,0.000
Ov9433_rep9_Dep6_Tu3,0.000,0.000,0.000,0.000,0.234,0.000,4.993,0.000,0.000,0.000,2.115,0.000,52.863,0.000,0.394,15.848,18.809,0.000,4.744,0.000,0.000,0.000,0.000
Ov9433_rep10_Dep6_Tu40,0.000,0.000,2.613,10.184,2.112,0.000,0.905,0.000,0.000,0.000,0.380,0.000,32.904,0.553,0.000,1.817,0.000,22.641,0.000,0.000,12.787,0.000,13.105
Ov9433_rep1_Dep6_Tu50,0.000,0.000,0.516,19.170,1.443,0.000,7.362,0.000,0.000,0.000,0.353,0.000,30.030,5.627,0.000,10.224,0.000,0.000,0.000,0.000,0.565,0.000,24.710
Ov9433_rep6_Dep6_Tu5,0.000,0.000,0.000,0.000,22.987,0.000,0.806,0.000,0.000,0.000,1.845,0.000,56.723,0.000,6.398,0.000,0.000,0.000,0.000,3.218,6.489,1.534,0.000
Ov9433_rep2_Dep6_Tu2,0.000,0.000,0.000,0.000,12.049,0.000,1.972,0.000,0.000,0.000,2.014,0.000,56.918,0.000,17.251,0.205,0.000,0.518,1.541,0.000,4.138,3.393,0.000
Ov9433_rep9_Dep6_Tu0.5,0.000,0.000,0.000,0.000,0.925,0.000,2.472,0.000,0.000,0.000,1.284,0.000,54.999,0.000,1.001,0.362,5.163,0.000,0.397,33.375,0.021,0.000,0.000
Ov9433_rep3_Dep6_Tu5,0.000,0.000,0.000,0.017,0.733,0.000,6.553,0.000,0.000,0.000,1.257,0.000,55.541,0.000,0.463,9.620,0.742,0.000,0.000,24.911,0.163,0.000,0.000
Ov9433_rep4_Dep6_Tu1,0.000,0.000,0.000,0.000,0.647,0.000,2.003,0.000,0.000,0.000,2.491,0.000,53.943,0.000,2.685,0.727,0.000,0.000,2.523,0.000,0.000,34.981,0.000
Ov9433_rep3_Dep6_Tu1,0.000,0.000,0.000,0.000,0.000,0.000,12.442,0.000,0.000,0.000,3.643,0.000,59.025,0.000,0.434,18.168,4.918,0.000,1.369,0.000,0.000,0.000,0.000
Ov9433_rep1_Dep6_Tu0.5,0.000,0.000,0.000,0.000,3.471,0.000,1.493,0.000,0.000,0.000,1.883,0.000,57.722,0.000,3.318,1.621,0.000,0.000,1.393,0.000,29.097,0.000,0.000
Ov9433_rep5_Dep6_Tu0.1,0.000,0.000,0.000,0.000,0.810,0.000,1.231,0.000,0.000,0.000,1.579,0.000,53.390,0.000,24.107,0.391,17.719,0.000,0.008,0.765,0.000,0.000,0.000
Ov9433_rep7_Dep6_Tu0.3,0.000,0.000,0.000,0.000,1.524,0.000,8.687,0.000,0.000,0.000,1.240,0.000,56.825,0.000,20.569,0.000,7.238,0.000,3.554,0.000,0.000,0.363,0.000
Ov9433_rep1_Dep6_Tu40,0.000,0.000,0.000,12.645,0.475,0.000,10.437,0.000,0.000,0.000,0.259,0.000,33.957,3.350,0.000,14.470,0.000,0.000,0.000,1.823,0.000,0.000,22.583
Ov9433_rep8_Dep6_Tu2,0.000,0.000,0.000,0.000,0.539,0.000,28.803,0.000,0.000,0.000,3.434,0.000,57.434,0.000,0.100,8.609,0.000,0.000,0.000,0.000,1.079,0.000,0.000
Ov9433_rep2_Dep6_Tu0.3,0.000,0.000,0.000,0.000,1.187,0.000,2.676,0.000,0.000,0.000,0.875,0.000,55.871,0.000,0.820,23.591,14.370,0.000,0.000,0.349,0.260,0.000,0.000
Ov9433_rep7_Dep6_Tu20,0.000,0.000,0.000,8.737,0.006,0.000,3.827,0.000,0.000,0.000,0.615,0.000,45.245,0.617,0.401,0.922,0.932,0.000,0.247,36.004,0.000,0.000,2.446
Ov9433_rep6_Dep6_Tu0.5,0.000,0.000,0.000,0.000,4.439,0.000,0.596,0.000,0.000,0.000,6.902,0.000,55.817,0.000,0.992,0.000,12.401,0.000,0.000,0.000,18.852,0.000,0.000
Ov9433_rep8_Dep6_Tu40,0.000,0.000,0.226,13.381,0.733,0.000,1.782,0.000,0.000,0.000,0.177,0.000,35.116,1.445,15.766,2.378,0.000,0.000,0.000,0.000,0.000,0.000,28.996
Ov9433_rep10_Dep6_Tu30,0.000,0.000,0.000,5.201,2.022,0.000,0.295,0.000,0.000,0.000,0.664,0.000,36.883,0.443,1.959,0.000,0.000,24.772,0.000,0.000,17.102,0.000,10.656
Ov9433_rep7_Dep6_Tu50,0.000,0.000,0.338,15.663,18.618,0.000,1.005,0.000,0.000,0.000,0.378,0.000,27.920,1.293,0.000,0.000,0.000,0.545,0.000,0.000,3.094,0.000,31.145
Ov9433_rep1_Dep6_Tu1,0.000,0.000,0.000,0.000,1.616,0.000,0.259,0.000,0.000,0.000,5.437,0.000,53.469,0.000,0.634,21.238,1.441,0.000,0.000,0.000,15.904,0.000,0.000
Ov9433_rep2_Dep6_Tu0.5,0.000,0.000,0.000,0.000,1.086,0.000,1.757,0.000,0.000,0.000,1.711,0.000,55.752,0.000,0.000,1.750,14.020,0.000,0.000,21.432,2.491,0.000,0.000
Ov9433_rep1_Dep6_Tu10,0.000,0.000,0.000,3.320,0.036,0.000,2.178,0.000,0.000,0.000,1.226,0.000,50.622,0.000,2.029,2.189,0.000,0.000,0.063,0.000,0.000,38.336,0.000
Ov9433_rep5_Dep6_Tu0.3,0.000,0.000,0.000,0.000,0.774,0.000,1.293,0.000,0.000,0.000,2.395,0.000,53.485,0.000,0.464,1.553,0.000,0.000,29.527,0.000,0.000,10.509,0.000
Ov9433_rep7_Dep6_Tu40,0.000,0.000,0.018,8.926,0.000,0.000,1.527,0.000,0.000,0.000,0.335,0.000,29.982,0.787,0.000,0.000,0.000,51.877,0.000,0.000,0.000,0.000,6.548
Ov9433_rep8_Dep6_Tu50,0.000,0.000,0.281,14.622,9.677,0.000,3.064,0.000,0.000,0.000,0.642,0.000,32.267,27.490,0.000,0.000,0.000,0.000,0.000,0.000,0.000,0.000,11.956
Ov9433_rep5_Dep6_Tu50,0.000,0.000,8.125,10.623,2.174,0.000,1.914,0.000,0.000,0.000,0.339,0.000,26.955,1.446,0.000,0.000,0.000,0.000,0.000,10.373,1.176,0.000,36.874
Ov9433_rep4_Dep6_Tu5,0.000,0.000,0.000,0.004,2.615,0.000,2.996,0.000,0.000,0.000,2.123,0.000,50.344,0.000,0.785,0.169,0.000,0.000,32.410,0.000,0.000,8.554,0.000
Ov9433_rep3_Dep6_Tu3,0.000,0.000,0.000,0.000,1.023,0.000,2.424,0.000,0.000,0.000,0.927,0.000,53.650,0.000,13.714,5.974,13.556,0.000,1.247,0.000,7.486,0.000,0.000
Ov9433_rep8_Dep6_Tu0.5,0.000,0.000,0.000,0.000,0.447,0.000,3.047,0.000,0.000,0.000,0.957,0.000,55.918,0.000,2.814,1.617,0.270,0.000,0.810,0.000,34.120,0.000,0.000
Ov9433_rep9_Dep6_Tu20,0.000,0.000,0.000,3.737,1.607,0.000,3.283,0.000,0.000,0.000,1.433,0.000,43.639,0.000,1.864,2.319,0.000,0.666,0.000,0.000,29.234,0.000,12.216
Ov9433_rep10_Dep6_Tu0.3,0.000,0.000,0.000,0.000,2.235,0.000,2.355,0.000,0.000,0.000,2.803,0.000,55.368,0.000,6.457,1.979,19.155,0.000,0.558,0.000,9.088,0.000,0.000
Ov9433_rep5_Dep6_Tu40,0.000,0.000,0.115,9.013,5.399,0.000,6.952,0.000,0.000,0.000,1.515,0.000,35.383,15.580,0.000,0.000,0.000,0.000,0.000,0.952,3.952,0.000,21.139
Ov9433_rep2_Dep6_Tu50,0.000,0.000,0.522,12.771,0.943,0.000,2.125,0.000,0.000,0.000,0.185,0.000,25.683,6.394,0.000,0.000,0.000,0.238,0.000,18.439,0.000,0.000,32.700
Ov9433_rep1_Dep6_Tu20,0.000,0.000,0.150,10.748,15.935,0.000,12.343,0.000,0.000,0.000,2.083,0.000,49.340,0.000,0.000,8.848,0.369,0.000,0.000,0.000,0.183,0.000,0.000
Ov9433_rep3_Dep6_Tu0.1,0.000,0.000,0.000,0.000,0.000,0.000,19.208,0.000,0.000,0.000,2.116,0.000,58.311,0.000,0.000,14.617,0.000,0.000,5.747,0.000,0.000,0.000,0.000
Ov9433_rep5_Dep6_Tu20,0.000,0.000,8.189,6.097,5.005,0.000,3.616,0.000,0.000,0.000,2.804,0.000,44.937,0.000,0.000,17.860,0.000,0.000,0.000,0.000,7.632,0.000,3.859
Ov9433_rep3_Dep6_Tu30,0.000,0.000,0.063,8.922,20.615,0.000,6.044,0.000,0.000,0.000,0.493,0.000,41.292,0.126,2.914,0.000,0.000,0.000,0.000,0.000,1.357,0.000,18.175
Ov9433_rep6_Dep6_Tu0.1,0.000,0.000,0.000,0.000,6.576,0.000,1.718,0.000,0.000,0.000,3.662,0.000,56.210,0.000,19.396,1.159,1.258,0.000,0.000,1.328,8.693,0.000,0.000
Ov9433_rep5_Dep6_Tu30,0.000,0.000,0.350,8.399,16.326,0.000,1.856,0.000,0.000,0.000,0.909,0.000,39.037,0.581,0.224,0.000,0.000,0.000,0.000,1.150,13.100,0.000,18.068
Ov9433_rep3_Dep6_Tu0.3,0.000,0.000,0.000,0.000,0.484,0.000,3.083,0.000,0.000,0.000,1.026,0.000,55.899,0.000,2.960,1.620,0.000,0.000,0.890,0.000,34.036,0.000,0.000
Ov9433_rep9_Dep6_Tu1,0.000,0.000,0.000,0.000,0.621,0.000,0.657,0.000,0.000,0.000,1.498,0.000,52.201,0.000,25.196,0.459,17.393,0.000,0.251,0.000,1.723,0.000,0.000
Ov9433_rep6_Dep6_Tu1,0.000,0.000,0.000,0.000,0.000,0.000,8.904,0.000,0.000,0.000,2.559,0.000,58.171,0.000,0.818,2.313,0.000,0.000,0.000,17.105,0.000,10.127,0.000
Ov9433_rep10_Dep6_Tu1,0.000,0.000,0.000,0.000,1.324,0.000,2.533,0.000,0.000,0.000,0.701,0.000,54.794,0.000,0.773,23.709,16.041,0.000,0.000,0.000,0.122,0.000,0.000
Ov9433_rep7_Dep6_Tu5,0.000,0.000,0.000,0.005,16.238,0.000,5.161,0.000,0.000,0.000,3.747,0.000,53.528,0.000,0.000,0.812,0.000,0.000,2.459,6.687,11.363,0.000,0.000
Ov9433_rep3_Dep6_Tu0.5,0.000,0.000,0.000,0.000,0.363,0.000,3.513,0.000,0.000,0.000,3.879,0.000,54.719,0.000,0.244,16.297,20.984,0.000,0.000,0.000,0.000,0.000,0.000
Ov9433_rep4_Dep6_Tu30,0.000,0.000,0.097,5.998,0.000,0.000,2.852,0.000,0.000,0.000,0.744,0.000,37.345,0.464,0.000,2.157,0.000,0.000,0.000,21.656,3.152,0.000,25.533
Ov9433_rep4_Dep6_Tu0.5,0.000,0.000,0.000,0.000,0.000,0.000,3.016,0.000,0.000,0.000,2.090,0.000,54.872,0.000,0.000,2.503,0.000,0.000,12.211,0.000,0.000,25.306,0.000
Ov9433_rep3_Dep6_Tu20,0.000,0.000,0.049,3.797,16.753,0.000,7.697,0.000,0.000,0.000,1.416,0.000,48.636,0.000,0.000,4.467,0.000,0.000,0.169,0.000,0.585,0.000,16.428
Ov9433_rep6_Dep6_Tu10,0.000,0.000,0.000,1.255,0.804,0.000,4.550,0.000,0.000,0.000,1.256,0.000,54.391,0.000,6.812,28.679,0.000,0.110,2.039,0.000,0.000,0.104,0.000
Ov9433_rep5_Dep6_Tu10,0.000,0.000,0.200,5.040,4.314,0.000,4.207,0.000,0.000,0.000,2.225,0.000,53.533,0.000,0.000,18.228,11.456,0.000,0.000,0.000,0.796,0.000,0.000
Ov9433_rep8_Dep6_Tu10,0.000,0.000,0.000,2.534,0.000,0.000,4.394,0.000,0.000,0.000,3.241,0.000,50.792,0.000,7.082,21.333,2.037,2.207,6.380,0.000,0.000,0.000,0.000
Ov9433_rep7_Dep6_Tu2,0.000,0.000,0.000,0.000,21.263,0.000,0.421,0.000,0.000,0.000,1.652,0.000,56.794,0.000,8.067,0.151,1.351,0.013,0.000,1.774,5.442,3.071,0.000
Ov9433_rep10_Dep6_Tu2,0.000,0.000,0.000,0.000,4.724,0.000,10.051,0.000,0.000,0.000,3.191,0.000,58.293,0.000,0.000,4.390,7.399,0.000,0.000,0.000,11.951,0.000,0.000
Ov9433_rep7_Dep6_Tu30,0.000,0.000,0.194,10.638,2.051,0.000,4.117,0.000,0.000,0.000,0.269,0.000,39.966,1.159,0.000,1.383,0.000,0.000,0.000,27.963,0.000,0.000,12.260
Ov9433_rep1_Dep6_Tu0.1,0.000,0.000,0.000,0.000,0.397,0.000,1.562,0.000,0.000,0.000,1.747,0.000,57.240,0.000,0.000,0.781,23.784,0.000,0.000,14.488,0.000,0.000,0.000
Ov9433_rep8_Dep6_Tu20,0.000,0.000,0.053,7.989,0.000,0.000,21.748,0.000,0.000,0.000,0.681,0.000,46.824,0.000,0.626,14.096,0.000,0.000,0.457,0.000,0.000,0.432,7.093
Ov9433_rep10_Dep6_Tu0.1,0.000,0.000,0.000,0.000,0.000,0.000,8.147,0.000,0.000,0.000,4.844,0.000,55.822,0.000,0.000,1.472,7.013,0.000,2.879,0.000,17.445,2.378,0.000
Ov9433_rep7_Dep6_Tu10,0.000,0.000,0.000,2.326,2.259,0.000,3.218,0.000,0.000,0.000,1.090,0.000,51.345,0.000,0.964,0.000,1.247,0.000,1.434,36.114,0.000,0.000,0.000
Ov9433_rep10_Dep6_Tu50,0.000,0.000,0.533,13.301,2.810,0.000,2.912,0.000,0.000,0.000,0.405,0.000,28.278,9.712,0.000,0.000,0.000,1.023,0.000,2.874,9.668,0.000,28.482
Ov9433_rep2_Dep6_Tu0.1,0.000,0.000,0.000,0.000,0.180,0.000,4.369,0.000,0.000,0.000,1.937,0.000,54.511,0.000,0.230,12.267,24.680,0.000,0.094,0.000,1.730,0.000,0.000
Ov9433_rep10_Dep6_Tu10,0.000,0.000,0.000,2.621,3.481,0.000,17.721,0.000,0.000,0.000,3.582,0.000,51.034,0.000,7.942,2.644,0.744,0.000,0.000,1.319,8.911,0.000,0.000
Ov9433_rep10_Dep6_Tu20,0.000,0.000,0.000,4.985,0.585,0.000,7.136,0.000,0.000,0.000,1.883,0.000,43.097,0.012,0.000,0.000,0.000,0.000,26.926,0.000,0.000,5.060,10.313
