Sample,BRCA,CEAD,CESC,COAD,OV,READ,bcell,cd4tcell,cd8tcell,erythroblast,monocyte,naturalkillercell,neutrophil
Ov9433_rep10_Dep6_Tu5,0.003,0.000,0.008,18.050,1.982,0.000,8.068,0.000,3.224,1.399,5.047,0.402,61.816
Ov9433_rep6_Dep6_Tu20,0.053,4.549,0.133,12.162,7.974,0.000,5.136,0.000,8.295,7.632,1.393,0.073,52.600
Ov9433_rep8_Dep6_Tu5,0.127,0.000,0.087,7.919,0.197,0.000,0.193,0.000,10.286,9.600,9.985,0.767,60.841
Ov9433_rep2_Dep6_Tu5,0.000,0.000,0.058,16.766,0.182,0.000,0.093,0.000,2.421,15.447,4.979,0.153,59.902
Ov9433_rep5_Dep6_Tu0.5,0.000,0.000,0.000,27.704,0.000,0.000,3.725,0.000,0.168,1.205,3.007,0.407,63.784
Ov9433_rep5_Dep6_Tu5,0.000,0.000,0.086,8.772,0.206,0.000,0.068,0.000,12.477,8.084,11.703,0.351,58.253
Ov9433_rep8_Dep6_Tu30,7.442,12.343,2.438,13.383,4.332,0.000,4.725,0.000,0.065,8.340,1.237,0.198,45.497
Ov9433_rep6_Dep6_Tu0.3,0.000,0.000,0.079,14.684,0.000,0.000,0.349,0.000,0.957,11.880,12.124,2.342,57.584
Ov9433_rep1_Dep6_Tu0.3,0.000,0.000,0.019,13.366,0.000,0.000,9.819,0.107,0.799,0.753,8.442,5.583,61.112
Ov9433_rep2_Dep6_Tu10,5.808,0.000,0.151,22.064,0.681,0.000,4.707,0.000,0.342,5.476,1.982,1.598,57.190
Ov9433_rep4_Dep6_Tu20,6.959,1.667,0.418,9.627,4.879,0.000,0.361,0.000,8.474,14.340,4.391,0.095,48.789
Ov9433_rep3_Dep6_Tu10,2.352,0.000,0.383,13.611,3.262,0.000,8.152,0.000,1.015,2.105,5.345,4.509,59.266
Ov9433_rep4_Dep6_Tu0.3,0.000,0.000,0.015,21.646,0.000,0.000,3.506,0.000,1.533,2.432,7.680,1.147,62.039
Ov9433_rep9_Dep6_Tu0.1,0.000,0.000,0.047,7.933,0.000,0.000,0.417,0.000,10.284,7.647,11.809,2.020,59.841
Ov9433_rep10_Dep6_Tu0.5,0.028,0.000,0.027,18.577,0.000,0.000,4.066,0.000,0.871,4.055,11.068,0.549,60.758
Ov9433_rep6_Dep6_Tu30,11.431,0.000,0.149,3.307,5.306,25.787,0.182,0.000,1.086,7.752,4.828,0.000,40.171
Ov9433_rep1_Dep6_Tu2,0.000,0.000,0.053,26.387,0.002,0.000,8.249,0.000,0.384,1.281,2.642,0.198,60.803
Ov9433_rep1_Dep6_Tu5,0.000,0.000,0.150,18.740,1.085,0.000,5.684,0.000,9.057,2.158,2.607,0.037,60.483
Ov9433_rep5_Dep6_Tu1,0.000,0.000,0.318,17.031,0.000,0.000,0.544,0.000,2.310,5.081,12.756,0.698,61.262
Ov9433_rep9_Dep6_Tu5,0.000,0.000,0.554,17.000,0.491,0.000,0.387,0.000,2.992,5.695,12.788,0.593,59.499
Ov9433_rep9_Dep6_Tu0.3,0.000,0.000,0.000,24.593,0.000,0.000,5.098,0.083,0.122,1.050,1.932,4.242,62.879
Ov9433_rep4_Dep6_Tu10,0.110,3.797,0.188,25.989,2.048,0.000,1.371,0.000,0.273,4.047,4.648,0.009,57.521
Ov9433_rep1_Dep6_Tu3,0.021,0.000,0.040,13.855,0.051,0.000,10.015,0.000,0.594,1.886,7.410,4.999,61.129
Ov9433_rep4_Dep6_Tu50,9.859,0.000,0.729,1.083,21.246,0.000,0.914,0.000,0.458,26.959,4.348,0.338,34.066
Ov9433_rep9_Dep6_Tu30,14.647,0.000,0.255,4.988,5.487,0.000,0.310,0.000,0.000,21.324,5.539,4.968,42.481
Ov9433_rep4_Dep6_Tu2,0.000,0.011,0.000,15.807,0.028,0.000,1.053,0.000,1.486,12.489,9.846,0.089,59.191
Ov9433_rep7_Dep6_Tu3,0.000,0.000,0.185,9.316,0.051,0.000,0.043,0.000,11.584,6.958,13.133,0.350,58.379
Ov9433_rep8_Dep6_Tu1,0.000,0.000,0.000,15.960,0.000,0.000,0.454,0.000,0.856,11.146,10.814,0.727,60.042
Ov9433_rep2_Dep6_Tu30,5.076,17.210,0.013,11.472,6.524,0.000,1.438,0.077,0.000,10.628,1.194,1.118,45.251
Ov9433_rep7_Dep6_Tu1,0.000,0.000,0.000,27.809,0.000,0.000,2.196,0.000,0.314,1.534,3.188,0.863,64.096
Ov9433_rep6_Dep6_Tu3,0.000,0.000,0.000,16.319,0.032,0.000,8.716,0.000,6.646,1.267,4.465,0.149,62.405
Ov9433_rep8_Dep6_Tu0.3,0.000,0.000,0.000,24.581,0.000,0.000,5.099,0.082,0.112,1.088,1.935,4.241,62.862
Ov9433_rep5_Dep6_Tu3,0.000,0.000,0.000,28.476,0.231,0.000,1.156,0.732,0.199,1.314,2.602,0.284,65.007
Ov9433_rep4_Dep6_Tu0.1,0.000,0.000,0.015,14.949,0.000,0.000,8.546,0.000,1.257,0.396,6.485,4.453,63.899
Ov9433_rep2_Dep6_Tu40,10.800,3.620,1.491,1.074,10.777,0.000,4.141,0.000,0.000,21.788,8.170,0.802,37.337
Ov9433_rep2_Dep6_Tu20,2.197,0.000,0.854,13.309,8.812,0.000,8.090,0.000,2.450,5.921,2.313,2.180,53.873
Ov9433_rep10_Dep6_Tu3,0.071,0.000,0.030,16.577,0.061,0.000,2.590,0.000,2.718,8.518,8.413,0.445,60.576
Ov9433_rep4_Dep6_Tu3,0.000,0.038,0.087,17.444,0.024,0.000,0.200,0.000,2.277,13.783,6.744,0.049,59.354
Ov9433_rep2_Dep6_Tu3,0.000,0.000,0.027,22.866,0.055,0.000,0.676,0.000,0.549,3.925,8.850,2.297,60.755
Ov9433_rep3_Dep6_Tu50,2.833,21.213,0.654,1.814,18.160,0.000,0.286,0.000,0.000,15.520,4.258,0.000,35.261
Ov9433_rep6_Dep6_Tu2,0.000,0.000,0.054,10.017,0.058,0.000,0.326,0.000,7.265,7.960,11.814,2.242,60.264
Ov9433_rep1_Dep6_Tu30,10.098,11.623,0.114,12.439,5.884,0.000,1.183,0.000,0.000,10.601,1.395,2.030,44.633
Ov9433_rep9_Dep6_Tu40,24.888,0.135,0.238,2.394,6.864,0.000,0.560,0.000,0.000,21.348,3.359,0.872,39.343
Ov9433_rep8_Dep6_Tu0.1,0.000,0.000,0.005,8.585,0.000,0.000,1.192,0.003,8.265,8.467,8.415,4.912,60.155
Ov9433_rep7_Dep6_Tu0.5,0.000,0.000,0.000,17.800,0.000,0.000,6.391,0.000,9.645,1.250,1.864,0.086,62.964
Ov9433_rep7_Dep6_Tu0.1,0.000,0.000,0.018,29.033,0.000,0.000,0.630,1.059,0.476,1.220,2.325,0.138,65.101
Ov9433_rep9_Dep6_Tu2,0.000,0.000,0.000,27.790,0.045,0.000,0.315,0.529,0.160,1.538,5.742,1.056,62.824
Ov9433_rep3_Dep6_Tu2,0.000,0.000,0.095,13.531,0.023,0.000,9.908,0.000,1.843,0.998,7.218,4.839,61.545
Ov9433_rep4_Dep6_Tu40,8.573,17.537,0.264,6.934,9.887,0.000,0.145,0.000,0.000,14.095,2.515,0.000,40.049
Ov9433_rep9_Dep6_Tu10,4.641,0.000,0.805,10.678,0.787,0.000,0.206,0.032,0.035,12.575,9.043,6.540,54.658
Ov9433_rep9_Dep6_Tu50,26.460,0.000,0.338,3.737,17.003,0.000,0.381,0.000,0.000,14.964,0.606,0.030,36.482
Ov9433_rep2_Dep6_Tu1,0.000,0.000,0.000,22.977,0.000,0.000,0.620,0.000,1.930,1.555,8.365,2.393,62.160
Ov9433_rep8_Dep6_Tu3,0.000,0.028,0.063,16.309,0.008,0.000,0.064,0.000,3.337,15.150,4.713,0.107,60.219
Ov9433_rep3_Dep6_Tu40,23.701,0.068,0.235,2.256,6.504,0.000,0.369,0.317,0.000,22.356,3.017,1.738,39.438
Ov9433_rep6_Dep6_Tu40,4.709,14.614,12.131,7.777,7.926,0.000,0.101,0.000,0.000,9.692,2.185,0.140,40.726
Ov9433_rep6_Dep6_Tu50,2.889,0.530,9.823,1.694,19.569,4.053,0.113,0.000,0.047,23.172,2.508,0.000,35.603
Ov9433_rep5_Dep6_Tu2,0.000,0.000,0.041,7.661,0.016,7.377,0.176,0.000,2.647,5.717,10.673,4.222,61.470
Ov9433_rep9_Dep6_Tu3,0.000,0.000,0.093,13.803,0.000,0.000,0.170,0.023,0.995,14.174,10.353,2.878,57.511
Ov9433_rep10_Dep6_Tu40,1.688,0.079,4.685,2.191,15.657,0.000,4.171,0.000,1.270,25.160,4.332,1.512,39.255
Ov9433_rep1_Dep6_Tu50,16.401,0.094,1.952,2.284,17.264,0.000,0.104,0.000,0.000,25.791,2.053,0.037,34.019
Ov9433_rep6_Dep6_Tu5,0.000,0.000,0.067,19.144,3.760,0.000,2.622,0.000,8.661,1.002,3.210,0.188,61.345
Ov9433_rep2_Dep6_Tu2,0.031,0.350,0.000,18.449,0.038,0.000,7.420,0.000,4.383,1.011,4.556,0.284,63.478
Ov9433_rep9_Dep6_Tu0.5,0.000,0.000,0.003,29.747,0.000,0.000,0.310,0.000,0.724,1.276,2.178,0.251,65.510
Ov9433_rep3_Dep6_Tu5,0.013,0.000,0.322,20.593,0.232,0.000,3.365,0.000,0.551,6.381,3.881,0.684,63.980
Ov9433_rep4_Dep6_Tu1,0.000,0.006,0.131,8.660,0.000,0.000,0.238,0.000,10.298,7.659,13.987,0.100,58.922
Ov9433_rep3_Dep6_Tu1,0.000,0.000,0.000,13.421,0.000,0.000,0.832,0.000,0.226,9.927,12.397,4.382,58.814
Ov9433_rep1_Dep6_Tu0.5,0.000,0.000,0.033,17.237,0.000,0.000,7.282,0.000,6.621,1.490,4.159,1.298,61.881
Ov9433_rep5_Dep6_Tu0.1,0.000,0.000,0.012,25.690,0.000,0.000,7.804,0.000,0.235,0.597,3.205,0.252,62.206
Ov9433_rep7_Dep6_Tu0.3,0.000,0.024,0.037,28.540,0.000,0.000,1.557,0.000,0.365,1.167,5.325,0.275,62.711
Ov9433_rep1_Dep6_Tu40,11.896,0.000,0.041,4.612,14.351,0.000,0.143,0.000,1.115,25.816,1.824,0.000,40.202
Ov9433_rep8_Dep6_Tu2,0.082,0.000,0.058,13.125,0.019,0.000,0.244,0.000,0.130,10.024,11.307,6.922,58.088
Ov9433_rep2_Dep6_Tu0.3,0.000,0.000,0.007,17.446,0.000,0.000,0.096,0.000,2.845,13.085,5.343,0.199,60.979
Ov9433_rep7_Dep6_Tu20,7.683,0.001,0.057,22.641,7.544,0.000,0.467,0.261,0.261,7.064,1.012,0.005,53.004
Ov9433_rep6_Dep6_Tu0.5,0.000,0.000,0.057,6.869,0.000,0.000,1.881,0.000,9.834,9.384,10.884,2.618,58.474
Ov9433_rep8_Dep6_Tu40,11.061,14.657,0.175,5.846,11.813,0.000,0.268,0.000,0.019,13.796,0.878,0.053,41.432
Ov9433_rep10_Dep6_Tu30,2.045,4.691,0.050,8.944,13.302,0.000,3.069,0.000,2.179,16.428,2.694,0.341,46.258
Ov9433_rep7_Dep6_Tu50,2.395,14.062,0.723,3.582,21.795,0.000,0.299,0.000,0.000,19.745,1.537,0.000,35.860
Ov9433_rep1_Dep6_Tu1,0.000,0.000,0.034,6.399,0.000,0.000,2.660,0.000,9.179,8.910,10.909,3.769,58.140
Ov9433_rep2_Dep6_Tu0.5,0.000,0.029,0.010,24.307,0.000,0.000,3.571,0.000,0.206,1.956,2.035,4.266,63.620
Ov9433_rep1_Dep6_Tu10,0.016,0.000,3.369,7.271,1.713,0.000,0.219,0.000,9.310,9.513,12.627,0.121,55.841
Ov9433_rep5_Dep6_Tu0.3,0.000,0.000,0.030,10.321,0.000,9.921,0.166,0.000,7.139,3.117,12.606,0.144,56.555
Ov9433_rep7_Dep6_Tu40,14.933,0.000,0.073,2.424,10.926,0.000,0.441,0.000,0.000,27.009,4.076,2.863,37.254
Ov9433_rep8_Dep6_Tu50,18.020,0.000,3.657,1.790,16.599,0.000,0.154,0.000,0.000,20.679,6.141,0.045,32.915
Ov9433_rep5_Dep6_Tu50,7.258,22.109,0.736,1.930,13.382,0.000,0.890,0.000,0.000,18.676,0.870,0.021,34.129
Ov9433_rep4_Dep6_Tu5,0.665,0.000,0.188,10.440,0.317,0.000,0.112,1.064,9.148,6.963,14.729,0.140,56.234
Ov9433_rep3_Dep6_Tu3,0.000,0.127,0.106,20.399,0.014,0.000,4.383,0.000,3.899,5.501,4.551,0.612,60.408
Ov9433_rep8_Dep6_Tu0.5,0.000,0.000,0.070,16.536,0.000,0.000,8.585,0.000,6.263,1.399,2.873,1.845,62.429
Ov9433_rep9_Dep6_Tu20,0.641,0.000,0.070,13.370,9.888,0.000,8.067,0.000,0.863,9.685,2.895,2.243,52.278
Ov9433_rep10_Dep6_Tu0.3,0.000,0.000,0.000,24.248,0.000,0.000,1.040,0.015,1.695,2.928,7.750,1.453,60.870
Ov9433_rep5_Dep6_Tu40,16.891,0.000,0.282,3.123,13.691,0.000,0.571,0.000,1.060,19.106,3.597,1.608,40.071
Ov9433_rep2_Dep6_Tu50,25.972,0.000,0.936,4.640,16.683,0.000,0.354,0.000,0.000,14.358,0.979,0.000,36.078
Ov9433_rep1_Dep6_Tu20,0.098,0.000,1.474,5.122,11.696,0.000,0.061,0.000,4.394,17.259,8.593,0.495,50.807
Ov9433_rep3_Dep6_Tu0.1,0.043,0.000,0.002,13.142,0.000,0.000,0.921,0.260,0.088,12.327,11.367,3.736,58.113
Ov9433_rep5_Dep6_Tu20,3.307,0.000,0.322,2.984,4.799,0.000,7.028,0.000,3.709,19.177,9.749,1.017,47.908
Ov9433_rep3_Dep6_Tu30,11.393,0.000,1.849,17.437,8.870,0.000,1.172,0.000,0.219,11.323,2.026,0.177,45.533
Ov9433_rep6_Dep6_Tu0.1,0.000,0.000,0.000,17.110,0.000,0.000,8.417,0.000,6.157,0.403,5.389,0.064,62.459
Ov9433_rep5_Dep6_Tu30,4.091,0.000,6.929,12.524,14.011,0.000,3.021,0.000,0.000,9.305,1.974,0.291,47.854
Ov9433_rep3_Dep6_Tu0.3,0.000,0.000,0.098,16.547,0.000,0.000,8.568,0.000,6.261,1.377,2.877,1.839,62.432
Ov9433_rep9_Dep6_Tu1,0.000,0.000,0.031,26.225,0.000,0.000,8.196,0.000,0.253,1.068,3.455,0.143,60.628
Ov9433_rep6_Dep6_Tu1,0.000,0.000,0.003,20.689,0.000,0.000,3.830,0.000,0.429,3.068,6.191,0.918,64.872
Ov9433_rep10_Dep6_Tu1,0.000,0.000,0.033,16.444,0.000,0.000,0.062,0.000,3.286,14.798,4.832,0.113,60.431
Ov9433_rep7_Dep6_Tu5,0.082,0.000,0.158,16.428,1.352,0.000,7.495,0.146,0.813,1.969,7.065,4.618,59.874
Ov9433_rep3_Dep6_Tu0.5,0.000,0.000,0.077,14.728,0.000,0.000,0.367,0.000,0.943,11.871,12.123,2.261,57.629
Ov9433_rep4_Dep6_Tu30,2.872,14.579,0.086,11.278,7.885,0.000,0.846,0.000,0.273,13.104,0.836,3.036,45.206
Ov9433_rep4_Dep6_Tu0.5,0.000,0.000,0.014,9.887,0.000,0.000,0.805,0.000,9.411,5.497,14.950,0.171,59.264
Ov9433_rep3_Dep6_Tu20,3.101,0.000,0.172,20.218,6.336,0.000,5.163,0.000,0.072,9.688,1.428,1.596,52.226
Ov9433_rep6_Dep6_Tu10,0.000,0.092,0.062,14.218,0.447,0.000,1.511,0.000,1.475,16.174,8.473,0.466,57.083
Ov9433_rep5_Dep6_Tu10,1.103,0.000,2.715,13.517,1.626,0.000,0.174,0.000,0.472,14.872,8.233,1.726,55.561
Ov9433_rep8_Dep6_Tu10,0.558,0.129,0.000,6.568,1.418,0.000,5.678,0.000,6.301,14.309,8.087,0.439,56.511
Ov9433_rep7_Dep6_Tu2,0.000,0.000,0.046,19.573,0.369,0.000,3.135,0.000,9.552,0.505,3.177,0.218,63.424
Ov9433_rep10_Dep6_Tu2,0.000,0.056,0.040,16.948,0.026,0.000,2.824,0.000,2.637,3.461,7.819,3.676,62.512
Ov9433_rep7_Dep6_Tu30,18.894,0.981,0.244,16.424,9.082,0.000,0.510,0.000,0.000,5.279,0.815,0.127,47.643
Ov9433_rep1_Dep6_Tu0.1,0.000,0.000,0.000,23.421,0.000,0.000,7.182,0.048,0.092,0.980,1.880,0.761,65.635
Ov9433_rep8_Dep6_Tu20,2.739,0.000,0.498,11.007,4.027,0.000,0.453,0.000,0.735,22.677,5.075,1.885,50.903
Ov9433_rep10_Dep6_Tu0.1,0.000,0.000,0.000,16.071,0.000,0.000,5.830,0.000,1.278,1.729,8.727,4.815,61.549
Ov9433_rep7_Dep6_Tu10,1.752,0.000,0.175,24.780,1.958,0.000,0.321,4.798,0.462,4.049,1.553,0.143,60.009
Ov9433_rep10_Dep6_Tu50,4.985,16.685,0.290,2.455,18.139,0.000,0.170,0.000,0.000,19.333,2.948,0.000,34.994
Ov9433_rep2_Dep6_Tu0.1,0.000,0.000,0.000,16.215,0.000,0.000,0.118,0.000,4.085,13.336,7.212,0.165,58.870
Ov9433_rep10_Dep6_Tu10,0.168,0.000,0.326,15.066,2.908,0.000,6.029,0.000,0.628,7.417,7.994,3.052,56.412
Ov9433_rep10_Dep6_Tu20,0.301,0.000,0.067,7.122,11.274,0.000,0.361,0.000,3.683,16.043,10.501,0.652,49.997
