Sample,BRCA,CEAD,CESC,COAD,OV,READ,bcell,cd4tcell,cd8tcell,erythroblast,monocyte,naturalkillercell,neutrophil,Unknown-1,Unknown-2,Unknown-3,Unknown-4,Unknown-5,Unknown-6,Unknown-7,Unknown-8,Unknown-9,Unknown-10
Ov9433_rep10_Dep6_Tu5,1.045,3.307,0.923,0.337,1.738,0.302,0.591,9.656,3.880,1.314,8.501,3.569,9.492,8.393,6.944,5.112,7.812,0.669,2.121,0.352,6.380,8.745,8.816
Ov9433_rep6_Dep6_Tu20,1.141,4.363,2.133,1.612,1.981,0.728,4.772,2.477,8.939,7.046,3.926,1.003,6.317,4.845,0.852,5.258,6.166,8.628,2.284,7.071,13.392,4.640,0.427
Ov9433_rep8_Dep6_Tu5,0.440,0.158,1.056,0.258,2.110,0.430,1.805,9.389,7.672,1.451,3.637,4.669,11.358,1.208,4.855,2.469,6.664,16.986,2.861,2.849,2.991,11.737,2.947
Ov9433_rep2_Dep6_Tu5,0.889,3.796,0.132,0.025,1.349,0.169,3.620,1.988,4.677,6.240,6.854,5.448,7.053,5.882,8.074,16.355,0.784,13.004,2.862,2.470,3.667,3.854,0.809
Ov9433_rep5_Dep6_Tu0.5,0.377,2.526,0.133,0.051,1.838,0.078,2.742,1.764,7.535,5.884,6.572,5.731,2.709,4.669,1.059,10.743,12.597,1.580,8.753,0.258,0.644,13.392,8.366
Ov9433_rep5_Dep6_Tu5,0.671,4.536,0.570,0.118,0.739,0.270,4.937,11.899,0.253,6.889,0.833,2.607,10.893,6.379,5.990,8.275,3.032,6.959,9.557,1.687,3.365,2.794,6.749
Ov9433_rep8_Dep6_Tu30,2.078,2.557,3.815,3.304,4.488,1.555,3.450,4.152,3.608,4.299,4.232,3.375,6.467,9.943,5.590,5.210,0.339,2.687,2.202,10.874,9.310,5.527,0.940
Ov9433_rep6_Dep6_Tu0.3,0.040,2.497,0.265,0.075,1.734,0.063,4.179,8.801,2.989,2.085,8.682,1.860,9.446,3.725,11.591,4.264,0.212,8.282,17.560,0.746,4.558,1.644,4.700
Ov9433_rep1_Dep6_Tu0.3,0.689,1.381,0.144,0.042,2.620,0.115,0.093,9.739,11.137,3.182,8.129,0.517,1.408,8.446,9.682,2.212,6.060,0.604,5.286,0.962,3.104,23.233,1.216
Ov9433_rep2_Dep6_Tu10,1.423,2.441,0.907,0.359,3.083,0.559,4.076,3.139,9.498,2.037,5.246,2.129,9.150,4.823,8.123,9.112,1.639,1.267,9.240,4.043,3.927,5.026,8.752
Ov9433_rep4_Dep6_Tu20,0.997,3.307,2.601,1.785,3.128,1.094,2.605,8.606,1.651,0.268,6.455,5.751,9.967,6.488,5.955,9.140,0.110,2.087,4.516,9.083,4.427,3.674,6.306
Ov9433_rep3_Dep6_Tu10,1.141,3.974,0.602,0.943,2.403,0.252,3.434,2.367,9.118,3.981,6.521,0.640,9.604,6.314,7.035,2.492,2.548,3.467,3.822,2.911,5.457,19.482,1.493
Ov9433_rep4_Dep6_Tu0.3,0.694,2.954,0.178,0.053,1.345,0.113,0.292,8.883,0.507,3.282,11.002,5.509,8.106,5.958,9.114,4.500,2.657,10.288,7.556,0.581,2.968,7.564,5.897
Ov9433_rep9_Dep6_Tu0.1,0.454,3.362,0.254,0.032,0.598,0.100,5.489,4.622,4.674,4.828,3.866,5.264,5.161,5.410,20.760,7.826,1.019,4.880,4.585,0.043,7.832,5.864,3.077
Ov9433_rep10_Dep6_Tu0.5,0.684,3.135,0.259,0.049,1.726,0.155,2.165,3.826,9.331,0.679,10.843,2.601,8.810,5.653,12.631,4.785,5.252,6.522,3.187,0.692,5.976,10.745,0.295
Ov9433_rep6_Dep6_Tu30,2.697,4.904,3.106,3.329,4.175,0.177,2.692,5.643,2.547,6.571,3.359,2.146,4.631,3.875,2.263,7.210,8.200,3.983,1.234,14.380,5.878,3.620,3.380
Ov9433_rep1_Dep6_Tu2,0.496,3.494,0.012,0.057,2.167,0.127,4.258,6.314,5.985,5.110,2.876,3.565,6.459,7.187,7.756,1.604,4.204,1.371,20.959,0.867,6.269,8.505,0.357
Ov9433_rep1_Dep6_Tu5,1.467,1.554,0.493,0.120,2.023,0.294,4.568,10.676,2.363,2.550,5.961,0.055,14.111,0.860,0.926,1.410,7.747,3.177,4.303,1.866,11.084,14.950,7.443
Ov9433_rep5_Dep6_Tu1,0.369,3.429,0.196,0.082,2.226,0.179,1.265,8.996,5.534,1.821,4.656,2.513,13.738,3.675,17.872,7.152,0.813,5.592,4.970,0.694,3.170,10.401,0.658
Ov9433_rep9_Dep6_Tu5,1.340,1.281,0.860,0.237,0.469,0.361,3.572,8.882,0.945,3.576,8.956,4.641,10.036,7.263,17.310,0.761,10.570,1.631,5.614,2.992,3.401,3.275,2.026
Ov9433_rep9_Dep6_Tu0.3,0.330,2.423,0.230,0.016,1.854,0.103,4.564,5.721,9.099,0.616,10.796,1.545,0.392,10.066,0.444,10.453,2.670,6.710,14.467,0.153,5.073,5.591,6.685
Ov9433_rep4_Dep6_Tu10,1.741,0.434,1.586,0.768,2.579,0.476,1.542,2.918,10.243,5.546,5.271,3.204,4.004,16.595,6.402,5.603,8.422,6.618,5.577,0.525,0.056,4.082,5.806
Ov9433_rep1_Dep6_Tu3,0.678,2.856,0.293,0.028,2.375,0.192,2.441,6.461,6.630,1.114,7.589,3.770,10.007,5.527,0.012,1.274,3.230,3.255,12.407,1.391,2.142,22.693,3.632
Ov9433_rep4_Dep6_Tu50,3.519,0.330,7.652,6.585,3.532,2.374,4.007,3.488,3.549,1.650,4.490,4.152,4.035,1.144,1.253,1.875,3.090,1.106,1.646,26.796,9.678,3.204,0.845
Ov9433_rep9_Dep6_Tu30,0.034,0.529,4.430,2.749,1.676,1.834,2.666,6.095,6.044,4.371,8.631,4.997,0.229,4.089,4.341,12.737,2.193,3.232,4.271,18.317,1.212,4.446,0.878
Ov9433_rep4_Dep6_Tu2,0.667,1.760,0.453,0.101,0.578,0.101,1.062,11.597,3.935,6.364,0.249,5.786,7.717,2.343,14.367,12.187,5.515,10.205,2.537,2.192,3.613,6.294,0.377
Ov9433_rep7_Dep6_Tu3,0.815,2.636,0.416,0.033,2.399,0.152,3.776,1.245,9.810,3.916,11.167,1.816,4.233,3.964,11.659,4.953,11.483,8.875,8.492,2.044,1.277,4.611,0.230
Ov9433_rep8_Dep6_Tu1,0.040,3.191,0.265,0.042,1.473,0.121,3.923,3.941,11.262,0.631,2.907,4.069,5.762,2.159,11.694,13.279,9.993,2.249,11.828,1.206,2.962,3.296,3.705
Ov9433_rep2_Dep6_Tu30,2.856,5.669,3.423,2.858,1.906,1.160,3.713,2.522,5.130,1.785,4.436,2.564,9.063,10.796,0.263,4.980,1.435,1.722,6.169,12.475,7.117,1.976,5.983
Ov9433_rep7_Dep6_Tu1,0.135,3.471,0.050,0.034,1.839,0.093,3.187,0.012,12.220,3.297,10.943,1.109,6.981,10.360,9.197,5.188,3.103,10.290,2.804,0.742,1.131,6.258,7.556
Ov9433_rep6_Dep6_Tu3,0.521,1.559,0.505,0.038,2.287,0.246,1.819,9.820,2.101,4.655,10.861,1.456,10.620,7.594,6.480,5.042,1.091,3.883,4.147,1.556,9.591,13.291,0.834
Ov9433_rep8_Dep6_Tu0.3,0.939,1.464,0.058,0.033,1.106,0.108,1.831,6.279,7.720,4.791,8.243,1.201,12.137,13.397,4.530,1.831,7.665,7.736,1.850,0.497,1.778,0.851,13.955
Ov9433_rep5_Dep6_Tu3,0.576,2.349,0.299,0.087,1.984,0.201,4.545,10.263,1.119,2.497,8.580,2.640,8.310,6.021,1.464,0.124,2.303,6.742,13.269,1.404,6.110,6.789,12.325
Ov9433_rep4_Dep6_Tu0.1,0.384,2.974,0.009,0.077,1.804,0.029,2.813,7.844,5.535,1.861,8.148,2.570,9.050,5.786,4.645,4.179,4.674,7.385,5.573,0.319,0.126,23.966,0.248
Ov9433_rep2_Dep6_Tu40,2.858,1.128,4.566,5.017,5.266,1.749,3.813,1.039,7.241,5.004,4.086,1.583,7.213,4.620,5.127,9.215,1.059,2.329,0.486,21.543,1.907,3.109,0.040
Ov9433_rep2_Dep6_Tu20,1.040,5.487,2.213,1.879,3.985,0.711,4.402,2.724,8.944,2.424,6.418,1.734,1.125,13.721,5.676,3.523,2.968,0.148,5.207,5.431,0.111,10.625,9.502
Ov9433_rep10_Dep6_Tu3,0.646,1.223,0.890,0.143,2.017,0.330,0.128,7.824,4.238,5.372,6.800,4.258,10.450,1.699,4.238,4.119,10.601,10.970,7.028,0.519,4.327,7.476,4.702
Ov9433_rep4_Dep6_Tu3,0.229,2.523,0.676,0.141,0.881,0.041,3.721,5.229,5.693,2.262,6.732,4.639,10.160,4.512,12.725,8.547,9.262,3.778,8.748,1.883,3.606,1.275,2.735
Ov9433_rep2_Dep6_Tu3,0.640,1.317,0.398,0.181,1.537,0.087,3.217,9.230,2.477,4.816,5.293,4.530,10.871,0.870,2.053,11.317,7.456,1.008,9.264,2.035,5.024,14.550,1.830
Ov9433_rep3_Dep6_Tu50,3.363,1.204,8.350,7.739,3.505,2.329,4.526,2.911,2.161,3.457,4.711,1.094,0.403,12.408,0.366,0.095,3.619,2.822,1.008,20.619,6.027,2.908,4.372
Ov9433_rep6_Dep6_Tu2,0.677,2.771,0.385,0.019,1.730,0.249,2.502,4.895,7.603,2.595,7.075,3.813,10.416,1.974,6.722,1.146,15.234,3.229,8.935,1.004,2.154,5.795,9.076
Ov9433_rep1_Dep6_Tu30,1.989,6.837,3.274,2.885,0.174,1.645,2.996,6.993,7.106,3.717,4.548,0.094,3.286,8.533,7.372,5.649,1.652,9.044,0.016,14.603,1.134,5.864,0.590
Ov9433_rep9_Dep6_Tu40,3.500,4.280,3.278,5.110,5.131,1.993,2.841,6.393,7.032,0.622,0.099,0.201,7.369,3.333,1.043,6.116,2.493,2.266,0.479,20.237,6.500,3.294,6.391
Ov9433_rep8_Dep6_Tu0.1,0.276,3.618,0.268,0.048,1.247,0.136,2.876,8.885,0.086,1.090,8.775,6.258,13.789,3.707,2.444,7.835,1.548,4.179,12.215,0.810,10.303,7.180,2.426
Ov9433_rep7_Dep6_Tu0.5,0.637,2.644,0.024,0.046,1.242,0.157,0.344,11.065,6.321,3.162,1.986,4.834,9.658,3.223,1.078,5.900,2.445,12.600,8.228,0.937,8.832,14.023,0.613
Ov9433_rep7_Dep6_Tu0.1,0.134,0.880,0.398,0.065,2.319,0.000,3.048,3.419,5.445,2.874,11.820,2.869,11.349,3.937,0.175,4.097,5.207,9.017,9.319,0.355,8.655,6.973,7.643
Ov9433_rep9_Dep6_Tu2,0.098,4.178,0.122,0.090,2.137,0.146,4.316,4.765,4.113,0.495,4.443,5.684,10.847,7.855,10.680,2.148,5.259,6.821,9.904,0.688,2.838,8.226,4.146
Ov9433_rep3_Dep6_Tu2,0.383,2.531,0.228,0.076,2.452,0.180,3.424,8.342,2.702,0.950,7.667,2.872,14.385,7.368,1.805,1.316,1.411,7.047,5.412,1.436,0.603,23.141,4.267
Ov9433_rep4_Dep6_Tu40,4.230,2.553,5.449,4.631,6.594,1.558,0.344,1.457,4.214,0.643,5.184,5.674,3.786,5.578,6.983,3.428,5.068,0.622,5.473,19.001,3.874,2.316,1.339
Ov9433_rep9_Dep6_Tu10,1.191,2.121,1.503,0.537,1.419,0.625,4.535,8.398,5.045,4.296,2.478,2.032,9.648,0.147,9.095,7.424,9.674,5.708,10.080,4.161,6.241,3.354,0.291
Ov9433_rep9_Dep6_Tu50,4.159,4.330,6.727,6.727,3.096,1.958,2.858,4.232,1.997,2.997,2.422,2.223,1.022,7.684,0.293,3.855,3.580,2.791,0.607,23.493,7.570,1.052,4.327
Ov9433_rep2_Dep6_Tu1,0.243,2.901,0.359,0.068,2.090,0.114,3.695,8.157,0.734,0.677,9.462,4.818,12.439,6.782,9.712,3.381,4.489,0.310,7.278,0.275,2.085,10.864,9.068
Ov9433_rep8_Dep6_Tu3,0.830,3.963,0.074,0.144,0.331,0.190,1.287,8.635,3.910,5.557,11.413,1.408,0.317,1.043,0.654,20.584,7.649,12.909,8.140,0.665,2.539,1.030,6.726
Ov9433_rep3_Dep6_Tu40,3.312,3.019,6.414,5.607,4.360,2.244,3.564,4.202,3.478,1.795,4.145,1.805,2.900,1.520,0.631,11.485,4.187,0.248,2.137,11.276,13.620,2.794,5.256
Ov9433_rep6_Dep6_Tu40,2.729,2.506,7.464,4.578,1.947,2.333,4.646,5.688,1.388,1.443,3.848,3.583,2.731,9.982,3.978,2.524,4.945,2.864,1.724,14.786,8.478,0.351,5.484
Ov9433_rep6_Dep6_Tu50,1.910,1.241,7.446,7.014,5.683,2.544,0.631,4.487,4.365,2.546,3.654,3.956,1.476,3.479,3.110,3.650,4.059,4.050,0.452,26.238,3.894,0.064,4.053
Ov9433_rep5_Dep6_Tu2,0.733,0.688,0.273,0.184,2.607,0.231,3.681,5.085,6.244,2.185,8.327,4.843,7.293,1.333,7.071,8.780,14.978,14.202,2.700,0.017,1.201,5.779,1.564
Ov9433_rep9_Dep6_Tu3,0.030,2.009,0.757,0.055,2.215,0.382,3.352,10.582,9.514,0.441,4.276,0.364,6.095,5.183,14.334,13.269,0.945,2.571,18.432,0.906,0.718,0.231,3.339
Ov9433_rep10_Dep6_Tu40,3.000,5.373,4.129,5.025,5.274,0.683,2.911,6.435,0.513,5.023,5.214,3.852,0.536,3.964,7.272,0.974,4.664,4.779,0.679,21.857,0.528,1.387,5.929
Ov9433_rep1_Dep6_Tu50,2.740,1.561,8.515,7.746,5.227,2.467,4.435,3.775,0.109,2.819,1.276,2.433,4.587,11.062,3.382,5.150,3.650,2.748,2.787,19.253,2.815,0.208,1.255
Ov9433_rep6_Dep6_Tu5,0.077,4.476,0.700,0.202,2.821,0.197,0.350,8.813,6.768,0.328,6.440,5.404,6.184,1.816,4.695,2.518,2.267,7.555,10.682,2.158,9.339,9.957,6.253
Ov9433_rep2_Dep6_Tu2,0.875,3.095,0.440,0.014,2.249,0.119,1.402,5.179,7.283,2.666,6.489,4.641,9.029,11.360,9.049,2.943,7.626,3.061,5.557,0.075,2.324,14.224,0.300
Ov9433_rep9_Dep6_Tu0.5,0.600,0.939,0.487,0.063,0.898,0.098,3.799,9.763,2.723,4.624,7.806,2.057,8.489,12.197,9.773,3.431,4.745,4.667,2.733,0.055,6.158,2.439,11.457
Ov9433_rep3_Dep6_Tu5,0.198,3.308,0.591,0.226,2.768,0.271,1.686,7.698,5.202,3.635,4.931,3.949,10.362,12.807,12.836,1.055,5.377,7.108,5.281,1.445,3.939,0.632,4.694
Ov9433_rep4_Dep6_Tu1,1.002,2.256,0.349,0.130,0.671,0.311,2.990,7.356,5.267,1.944,3.533,3.593,15.286,2.625,24.664,1.173,1.405,3.432,6.098,0.275,2.839,7.438,5.366
Ov9433_rep3_Dep6_Tu1,0.331,3.295,0.119,0.026,1.945,0.081,2.437,9.634,6.420,2.623,6.843,2.148,6.432,0.690,14.235,1.225,1.761,8.401,12.563,2.072,7.891,5.615,3.213
Ov9433_rep1_Dep6_Tu0.5,0.335,2.293,0.228,0.030,1.613,0.088,1.008,7.970,3.959,5.505,4.091,5.099,13.036,4.475,6.696,0.917,1.816,6.171,6.314,1.057,4.464,11.903,10.931
Ov9433_rep5_Dep6_Tu0.1,0.561,1.801,0.220,0.037,1.788,0.045,3.171,2.377,5.573,6.407,7.806,4.929,6.905,4.259,1.414,3.233,5.820,2.773,20.894,0.553,8.905,7.723,2.805
Ov9433_rep7_Dep6_Tu0.3,0.068,2.151,0.410,0.003,1.282,0.186,3.818,10.465,2.102,2.631,10.208,0.402,9.176,12.556,4.905,4.704,8.133,4.753,7.374,0.117,1.252,3.358,9.946
Ov9433_rep1_Dep6_Tu40,3.328,2.209,4.971,4.565,4.151,1.824,4.054,2.802,7.320,0.303,3.031,3.866,1.564,0.718,4.973,4.813,6.642,5.187,3.723,20.710,6.300,1.088,1.860
Ov9433_rep8_Dep6_Tu2,0.637,3.525,0.004,0.082,1.426,0.116,3.345,2.322,6.444,4.563,12.590,4.654,2.799,0.857,14.633,2.145,10.351,8.014,6.726,2.384,1.611,6.714,4.056
Ov9433_rep2_Dep6_Tu0.3,0.207,4.145,0.006,0.014,1.379,0.082,3.538,2.504,6.774,2.362,1.047,5.309,13.666,3.934,12.773,14.906,6.070,6.034,7.166,0.708,4.582,1.261,1.533
Ov9433_rep7_Dep6_Tu20,2.373,2.230,2.578,2.291,3.824,0.760,2.205,0.849,6.269,3.253,7.718,3.258,8.260,8.809,7.893,4.367,4.396,0.191,0.255,2.999,5.428,0.301,19.493
Ov9433_rep6_Dep6_Tu0.5,0.827,0.420,0.088,0.002,2.268,0.093,4.750,12.900,2.861,4.149,3.830,3.581,7.458,1.367,3.842,1.451,9.547,12.905,5.546,2.083,2.697,11.863,5.473
Ov9433_rep8_Dep6_Tu40,3.682,3.231,5.667,5.474,3.756,1.331,1.828,1.106,5.234,2.625,4.329,2.154,6.595,10.262,0.378,1.990,2.537,1.923,1.046,14.870,10.775,5.163,4.042
Ov9433_rep10_Dep6_Tu30,3.641,1.343,3.362,3.510,4.170,1.477,4.597,6.470,3.266,2.376,5.399,2.672,4.033,5.093,4.149,5.297,0.857,6.434,4.187,12.083,1.769,4.467,9.349
Ov9433_rep7_Dep6_Tu50,0.396,2.862,9.573,7.923,1.179,2.973,4.924,4.533,1.377,3.600,2.871,1.743,1.148,11.702,2.045,1.800,1.510,3.626,1.502,20.240,8.872,0.374,3.226
Ov9433_rep1_Dep6_Tu1,0.319,3.442,0.304,0.058,0.521,0.174,2.427,8.062,4.237,5.268,9.170,3.943,7.325,2.731,16.815,3.096,2.767,10.420,6.347,1.380,4.522,1.424,5.246
Ov9433_rep2_Dep6_Tu0.5,0.738,2.874,0.385,0.033,0.767,0.091,1.299,11.130,6.266,1.042,6.355,4.857,1.651,8.807,6.923,4.831,3.949,4.426,11.597,0.218,6.213,5.020,10.529
Ov9433_rep1_Dep6_Tu10,1.367,2.974,0.758,0.950,3.450,0.266,0.278,7.261,6.250,4.860,6.424,4.518,2.048,3.415,14.156,2.352,7.893,11.298,5.815,3.818,2.326,7.249,0.272
Ov9433_rep5_Dep6_Tu0.3,0.644,3.387,0.111,0.028,1.853,0.069,6.036,0.516,1.094,0.069,13.033,9.148,0.988,1.491,12.730,9.581,12.842,12.079,1.817,1.242,7.733,1.469,2.041
Ov9433_rep7_Dep6_Tu40,3.602,2.566,4.988,4.384,4.075,1.726,3.811,4.833,3.113,3.286,2.586,3.747,1.632,1.756,6.222,2.491,8.527,3.149,1.508,20.096,7.035,0.953,3.915
Ov9433_rep8_Dep6_Tu50,3.722,2.309,5.972,6.840,6.139,2.121,3.741,4.577,2.879,3.163,4.888,0.723,0.234,2.190,2.712,6.862,1.680,0.018,0.202,26.192,5.677,2.909,4.252
Ov9433_rep5_Dep6_Tu50,3.225,3.574,7.566,7.120,4.955,1.973,2.199,0.035,4.691,4.752,1.601,3.341,0.490,12.826,1.044,0.241,3.018,3.647,1.919,21.884,6.782,2.214,0.902
Ov9433_rep4_Dep6_Tu5,0.612,3.616,0.210,0.161,1.519,0.164,2.440,8.489,8.205,5.101,5.075,4.808,0.859,1.814,3.905,5.614,6.191,12.136,3.775,3.204,10.382,10.037,1.684
Ov9433_rep3_Dep6_Tu3,1.181,2.303,0.460,0.175,1.676,0.269,3.137,13.959,2.182,0.780,4.019,4.676,4.718,7.111,0.990,5.188,10.606,5.179,9.879,0.034,6.218,9.173,6.089
Ov9433_rep8_Dep6_Tu0.5,0.398,4.085,0.165,0.034,0.141,0.014,2.966,6.882,8.805,3.135,11.167,2.295,0.037,8.128,3.581,5.318,1.646,2.939,5.098,0.761,3.112,14.785,14.509
Ov9433_rep9_Dep6_Tu20,1.976,2.319,2.534,1.928,4.003,0.664,3.687,6.905,0.201,3.914,7.675,4.481,6.214,13.147,0.648,2.082,2.378,6.877,5.934,5.724,1.333,9.658,5.717
Ov9433_rep10_Dep6_Tu0.3,0.567,3.534,0.042,0.032,1.916,0.024,2.347,1.756,3.359,4.662,14.270,6.579,0.928,5.578,12.523,14.588,5.251,2.082,0.745,0.697,0.212,8.712,9.596
Ov9433_rep5_Dep6_Tu40,1.124,3.528,7.968,6.843,2.712,2.290,1.267,2.841,5.236,0.563,1.023,5.956,4.958,12.465,0.965,6.845,4.410,5.072,0.228,8.924,7.908,0.934,5.939
Ov9433_rep2_Dep6_Tu50,5.708,1.040,8.420,7.477,2.230,2.738,0.073,3.784,4.853,1.016,1.404,3.677,1.569,14.115,1.741,3.410,4.526,3.547,2.108,18.823,1.731,1.527,4.482
Ov9433_rep1_Dep6_Tu20,2.856,0.824,0.331,2.091,2.289,0.886,5.117,5.050,7.612,3.844,4.387,1.642,9.519,4.537,8.823,1.297,4.008,7.123,4.918,11.658,4.598,4.437,2.153
Ov9433_rep3_Dep6_Tu0.1,0.622,0.867,0.240,0.044,2.455,0.084,2.364,10.265,6.547,4.648,3.581,2.190,6.269,1.256,9.365,12.178,8.759,8.364,4.735,0.158,5.700,5.987,3.322
Ov9433_rep5_Dep6_Tu20,1.926,4.445,1.508,1.468,3.312,0.724,3.893,8.629,5.307,4.226,2.173,3.843,4.129,2.654,10.754,1.754,4.105,3.741,4.810,11.211,6.543,1.410,7.436
Ov9433_rep3_Dep6_Tu30,1.912,2.514,4.726,3.328,2.392,1.130,5.127,4.525,5.358,0.186,4.179,3.310,4.983,10.175,4.757,1.554,1.332,3.872,5.265,12.684,5.401,4.899,6.389
Ov9433_rep6_Dep6_Tu0.1,0.444,3.055,0.135,0.037,1.768,0.067,1.497,9.647,1.573,3.981,6.940,5.114,8.855,4.059,6.512,4.811,2.707,2.011,4.296,0.342,8.187,16.171,7.793
Ov9433_rep5_Dep6_Tu30,3.181,4.861,3.220,3.417,1.578,0.456,4.447,5.523,5.264,6.495,2.410,2.011,3.208,11.201,1.115,1.248,4.754,5.919,0.149,13.688,2.674,8.614,4.565
Ov9433_rep3_Dep6_Tu0.3,0.231,1.973,0.237,0.051,2.044,0.068,4.140,5.534,5.436,5.773,7.408,2.582,9.551,10.805,8.415,1.361,5.689,0.076,11.562,0.791,1.366,0.458,14.449
Ov9433_rep9_Dep6_Tu1,0.227,0.480,0.136,0.090,1.483,0.284,3.948,9.562,6.775,5.708,5.952,0.166,6.774,1.741,7.092,4.471,0.396,3.086,16.520,0.921,7.041,10.122,7.026
Ov9433_rep6_Dep6_Tu1,0.469,2.932,0.300,0.042,1.676,0.099,1.287,7.676,2.875,4.182,9.400,3.902,10.825,8.939,13.024,1.334,6.790,0.946,14.937,1.218,4.340,1.689,1.118
Ov9433_rep10_Dep6_Tu1,0.830,0.636,0.346,0.050,0.963,0.202,3.167,7.555,6.515,0.834,7.025,4.925,6.393,2.666,1.031,17.596,11.330,1.921,15.594,1.355,5.116,3.085,0.864
Ov9433_rep7_Dep6_Tu5,1.118,1.811,0.562,0.270,0.480,0.271,3.323,6.904,1.799,5.650,8.916,4.927,9.107,4.694,4.842,1.372,3.800,6.584,2.479,2.447,0.460,18.783,9.403
Ov9433_rep3_Dep6_Tu0.5,0.776,0.279,0.126,0.128,2.557,0.051,0.534,3.614,4.599,2.890,14.404,6.588,4.048,0.018,12.109,4.206,4.877,10.444,17.559,1.437,1.467,1.054,6.236
Ov9433_rep4_Dep6_Tu30,2.653,4.938,3.457,2.543,2.968,1.376,4.804,2.373,6.916,0.449,6.999,3.334,2.536,7.218,4.343,0.377,3.177,2.281,6.629,13.425,3.800,4.622,8.780
Ov9433_rep4_Dep6_Tu0.5,0.252,4.057,0.194,0.042,1.341,0.063,5.344,4.959,0.157,7.876,0.883,4.369,11.099,1.101,16.908,8.505,8.685,2.430,8.289,0.598,5.029,6.097,1.724
Ov9433_rep3_Dep6_Tu20,2.413,5.170,1.442,1.470,2.929,0.141,4.626,4.760,2.811,6.464,9.353,0.721,2.119,14.519,2.890,8.831,1.547,0.812,3.207,7.429,8.113,6.578,1.654
Ov9433_rep6_Dep6_Tu10,1.366,2.041,1.639,0.467,1.381,0.763,1.584,10.715,0.186,2.948,10.032,3.228,7.504,0.895,3.967,7.051,10.071,10.110,6.290,3.115,14.016,0.292,0.341
Ov9433_rep5_Dep6_Tu10,1.598,4.950,1.268,0.653,0.270,0.509,3.125,5.628,1.145,5.541,10.939,4.592,0.715,2.412,4.636,10.569,16.611,3.352,16.595,3.508,0.440,0.354,0.590
Ov9433_rep8_Dep6_Tu10,1.867,3.974,0.538,0.654,2.123,0.811,5.554,11.666,1.173,0.512,6.556,0.298,12.297,3.335,0.127,0.270,7.715,9.334,8.010,3.473,14.195,1.062,4.454
Ov9433_rep7_Dep6_Tu2,0.549,2.654,0.296,0.125,1.042,0.049,3.240,2.076,8.799,3.870,11.124,1.242,11.637,4.898,9.936,0.370,5.121,2.670,5.576,1.551,4.553,5.169,13.454
Ov9433_rep10_Dep6_Tu2,0.896,0.111,0.627,0.116,2.198,0.118,4.425,1.033,4.846,3.195,8.336,6.241,15.669,4.082,8.116,1.735,10.136,2.221,15.941,1.977,6.167,1.740,0.075
Ov9433_rep7_Dep6_Tu30,2.382,4.490,4.236,2.237,1.045,1.479,3.714,3.956,3.768,4.605,5.865,3.432,5.091,15.720,5.646,2.818,1.172,0.162,2.578,12.387,4.135,1.420,7.662
Ov9433_rep1_Dep6_Tu0.1,0.730,3.013,0.171,0.026,1.244,0.089,1.399,4.667,3.651,3.987,14.265,5.571,0.134,8.537,5.887,5.391,6.732,0.645,11.771,0.163,7.287,7.987,6.655
Ov9433_rep8_Dep6_Tu20,1.681,5.838,0.651,1.956,4.304,0.521,0.302,8.652,0.875,4.312,1.334,5.764,8.693,5.314,6.110,3.105,9.857,3.752,9.396,10.093,0.965,1.031,5.493
Ov9433_rep10_Dep6_Tu0.1,0.278,3.011,0.079,0.027,2.100,0.039,3.280,1.264,11.415,5.171,5.838,6.151,0.072,2.336,12.737,2.876,0.866,8.815,15.498,1.347,2.328,3.737,10.733
Ov9433_rep7_Dep6_Tu10,1.375,4.602,1.271,0.382,0.565,0.202,4.473,4.961,7.079,1.728,6.774,3.702,4.322,2.981,2.042,3.789,7.564,5.751,0.153,2.321,12.004,2.459,19.503
Ov9433_rep10_Dep6_Tu50,4.099,1.455,7.843,6.919,3.691,2.374,1.332,0.089,3.385,1.846,7.503,5.189,3.605,0.069,0.982,3.173,6.434,0.202,0.637,26.150,6.543,2.251,4.229
Ov9433_rep2_Dep6_Tu0.1,0.402,4.056,0.111,0.015,0.813,0.037,4.021,2.338,5.439,6.497,16.126,1.744,0.820,1.540,19.515,2.678,18.389,4.143,4.689,2.148,0.613,2.559,1.306
Ov9433_rep10_Dep6_Tu10,0.848,0.235,1.740,0.575,3.752,0.572,3.570,5.005,6.530,4.379,5.233,3.334,9.993,6.421,3.774,1.965,8.280,7.367,7.056,2.202,6.642,8.315,2.213
Ov9433_rep10_Dep6_Tu20,3.053,1.258,1.957,2.026,2.695,0.553,0.099,2.881,7.796,4.922,2.294,5.619,11.065,2.569,6.859,0.460,11.882,3.396,2.342,10.224,2.200,6.879,6.970
