Sample,BRCA,CEAD,CESC,COAD,OV,READ,bcell,cd4tcell,cd8tcell,erythroblast,monocyte,naturalkillercell,neutrophil,Unknown-1
Ov79_rep2_Dep6_Tu5,0.447,9.425,3.399,0.021,1.046,0.228,0.321,4.669,2.261,4.996,2.703,2.906,35.538,32.040
Ov79_rep8_Dep6_Tu30,1.955,11.188,9.198,0.103,12.503,3.716,1.422,3.823,3.939,2.876,6.577,2.469,10.404,29.827
Ov79_rep6_Dep6_Tu0.3,0.005,2.408,2.652,0.007,5.283,0.014,0.774,6.473,6.212,2.196,4.453,2.327,24.007,43.189
Ov79_rep1_Dep6_Tu3,0.214,5.383,0.480,0.030,3.741,0.034,2.136,3.182,5.401,2.990,7.411,1.954,29.891,37.156
Ov79_rep1_Dep6_Tu50,4.280,1.451,17.654,0.859,19.725,7.155,0.329,4.240,4.537,5.967,3.442,2.601,6.551,21.211
Ov79_rep7_Dep6_Tu50,2.620,7.337,16.305,0.574,17.166,7.500,2.693,3.768,3.466,4.842,5.917,0.380,8.518,18.914
Ov79_rep4_Dep6_Tu50,4.266,15.447,14.150,0.465,4.907,8.841,2.048,0.808,5.773,3.539,7.512,3.263,9.712,19.271
Ov79_rep2_Dep6_Tu3,0.017,7.227,1.654,0.007,3.245,0.057,0.675,0.010,4.430,2.957,8.428,2.918,34.049,34.325
Ov79_rep7_Dep6_Tu1,0.068,4.235,2.036,0.004,5.352,0.020,0.515,1.816,3.025,4.304,8.797,2.883,25.625,41.323
Ov79_rep9_Dep6_Tu5,0.465,1.478,2.396,0.055,12.372,0.029,3.286,1.824,8.170,0.969,4.807,3.210,14.858,46.082
Ov79_rep3_Dep6_Tu1,0.285,4.671,1.755,0.012,6.207,0.007,2.275,3.815,1.263,0.242,7.410,3.741,32.491,35.824
Ov79_rep5_Dep6_Tu3,0.237,6.831,0.315,0.009,4.151,0.021,0.817,5.453,3.135,2.686,6.437,1.854,26.467,41.586
Ov79_rep10_Dep6_Tu0.3,0.152,6.133,0.840,0.001,3.547,0.037,1.207,4.697,4.729,2.532,8.781,1.367,25.322,40.655
Ov79_rep8_Dep6_Tu2,1.072,5.252,1.985,0.031,1.357,0.107,1.785,2.418,2.181,7.458,6.863,2.394,32.016,35.081
Ov79_rep1_Dep6_Tu0.5,0.096,3.650,1.645,0.019,6.433,0.014,1.623,5.590,3.520,0.702,8.138,2.071,28.353,38.146
Ov79_rep3_Dep6_Tu0.3,0.221,6.226,1.679,0.006,2.092,0.027,0.627,3.648,6.746,5.323,5.582,0.097,29.179,38.547
Ov79_rep8_Dep6_Tu50,4.097,21.164,4.562,0.820,18.982,6.713,1.950,4.339,0.284,2.508,7.324,3.000,8.659,15.598
Ov79_rep9_Dep6_Tu0.3,0.423,0.994,2.598,0.007,3.522,0.096,2.758,6.150,4.947,0.759,8.202,1.128,27.894,40.522
Ov79_rep7_Dep6_Tu2,0.371,0.110,2.476,0.029,8.778,0.074,2.681,2.535,5.326,2.222,5.645,1.430,33.845,34.479
Ov79_rep7_Dep6_Tu30,1.370,12.090,7.978,0.559,15.055,2.708,0.326,4.085,0.950,6.996,7.250,0.825,12.086,27.722
Ov79_rep5_Dep6_Tu50,3.594,21.170,14.810,0.347,1.398,7.854,2.157,0.206,4.201,7.575,6.576,1.915,6.010,22.188
Ov79_rep6_Dep6_Tu0.5,0.074,4.533,3.186,0.039,0.564,0.172,2.667,6.302,7.228,1.134,4.116,0.981,30.116,38.889
Ov79_rep2_Dep6_Tu2,0.171,2.458,2.708,0.017,7.692,0.092,1.470,1.992,5.475,1.411,9.841,1.750,26.981,37.944
Ov79_rep3_Dep6_Tu30,2.374,15.014,6.472,0.614,3.669,4.196,3.059,1.200,3.691,7.275,4.581,3.558,14.564,29.733
Ov79_rep9_Dep6_Tu3,0.314,3.272,3.140,0.012,0.512,0.050,1.169,2.165,4.125,6.411,8.087,2.808,32.371,35.564
Ov79_rep10_Dep6_Tu2,0.133,1.963,3.309,0.012,6.491,0.025,2.601,6.551,2.561,2.846,10.062,0.848,18.032,44.566
Ov79_rep10_Dep6_Tu1,0.397,3.142,2.475,0.005,6.069,0.012,2.245,6.401,4.996,2.156,4.973,3.189,13.769,50.171
Ov79_rep6_Dep6_Tu5,0.357,8.998,0.647,0.005,6.377,0.077,2.317,5.738,3.140,4.298,0.975,1.359,28.238,37.475
Ov79_rep2_Dep6_Tu0.3,0.059,5.330,1.865,0.002,4.947,0.007,1.564,6.007,5.132,2.350,2.468,0.550,30.824,38.898
Ov79_rep4_Dep6_Tu20,1.287,14.787,6.331,0.175,5.242,1.825,1.642,3.304,2.652,3.371,6.564,2.653,22.941,27.225
Ov79_rep1_Dep6_Tu0.1,0.185,5.578,0.840,0.009,4.335,0.028,0.021,4.207,2.659,3.775,7.546,2.517,30.760,37.539
Ov79_rep4_Dep6_Tu10,1.241,10.875,3.991,0.126,2.639,0.519,2.221,0.648,3.533,3.281,12.598,2.382,13.599,42.347
Ov79_rep4_Dep6_Tu30,2.015,3.527,9.524,0.595,15.245,3.653,1.725,5.248,1.811,6.478,6.514,3.529,6.738,33.398
Ov79_rep5_Dep6_Tu10,0.462,0.010,6.177,0.184,8.560,0.912,1.374,1.464,4.175,6.549,8.345,2.941,26.722,32.125
Ov79_rep7_Dep6_Tu3,0.232,0.093,3.028,0.015,6.082,0.030,1.242,5.386,2.795,4.885,10.326,2.362,19.631,43.894
Ov79_rep9_Dep6_Tu50,3.817,13.135,0.868,0.912,23.915,8.465,1.918,3.527,4.093,3.467,5.616,3.823,6.321,20.123
Ov79_rep10_Dep6_Tu0.5,0.414,1.332,2.326,0.019,5.242,0.004,1.911,5.156,2.533,3.308,8.721,3.248,24.453,41.333
Ov79_rep7_Dep6_Tu40,4.586,14.669,5.468,0.501,16.941,5.271,0.126,4.264,2.990,4.383,4.138,4.164,7.403,25.095
Ov79_rep7_Dep6_Tu0.1,0.193,0.146,2.542,0.008,5.827,0.003,1.721,5.263,5.964,3.366,6.253,0.539,26.037,42.139
Ov79_rep9_Dep6_Tu0.1,0.343,0.998,1.580,0.048,6.333,0.064,1.521,4.373,3.781,4.511,7.824,2.396,31.025,35.202
Ov79_rep1_Dep6_Tu5,0.491,9.007,2.362,0.064,5.669,0.087,2.701,4.530,0.195,3.209,7.608,0.613,30.540,32.926
Ov79_rep9_Dep6_Tu30,2.205,3.624,10.365,0.503,14.501,3.527,2.078,2.752,2.773,6.995,9.088,3.502,5.290,32.800
Ov79_rep2_Dep6_Tu0.1,0.244,4.697,2.432,0.010,4.009,0.045,1.662,5.934,1.577,0.414,8.612,3.090,29.783,37.491
Ov79_rep7_Dep6_Tu20,2.328,2.616,4.661,0.516,17.121,1.374,0.433,5.528,1.642,7.273,6.064,1.216,16.760,32.468
Ov79_rep7_Dep6_Tu5,0.093,6.655,1.030,0.081,6.448,0.204,2.107,0.414,3.749,5.284,8.919,2.396,28.771,33.849
Ov79_rep2_Dep6_Tu10,0.022,12.031,4.588,0.053,1.874,0.698,1.193,2.570,3.222,5.943,6.791,1.976,24.149,34.889
Ov79_rep8_Dep6_Tu0.1,0.337,2.474,3.264,0.020,1.038,0.099,2.501,1.997,7.194,3.972,3.573,3.525,35.147,34.860
Ov79_rep8_Dep6_Tu5,0.407,6.916,2.320,0.007,6.136,0.202,1.556,6.049,0.511,3.963,7.495,1.569,28.084,34.785
Ov79_rep1_Dep6_Tu10,0.933,11.113,4.993,0.042,0.893,0.982,2.098,3.794,3.534,3.901,7.370,1.634,25.099,33.615
Ov79_rep1_Dep6_Tu1,0.281,2.055,2.876,0.018,5.456,0.029,1.894,3.606,2.125,6.939,6.443,1.114,36.210,30.955
Ov79_rep10_Dep6_Tu10,0.845,7.777,3.537,0.069,9.473,0.319,1.033,3.377,3.478,3.688,7.736,2.423,21.220,35.025
Ov79_rep2_Dep6_Tu50,3.753,12.927,13.167,0.615,18.866,6.348,1.363,1.498,0.207,4.122,7.150,4.468,7.208,18.307
Ov79_rep3_Dep6_Tu20,2.402,4.376,3.088,0.304,17.300,2.368,0.961,5.261,6.168,0.893,6.432,0.305,20.846,29.296
Ov79_rep3_Dep6_Tu0.1,0.168,5.220,1.279,0.018,3.129,0.007,2.002,3.818,2.452,4.254,8.449,2.616,26.823,39.764
Ov79_rep10_Dep6_Tu3,0.305,6.248,2.230,0.017,2.720,0.028,1.661,5.188,4.778,0.500,6.403,1.290,30.311,38.322
Ov79_rep5_Dep6_Tu2,0.256,7.472,0.029,0.018,7.356,0.081,0.494,0.833,5.586,2.656,4.729,2.717,35.449,32.323
Ov79_rep10_Dep6_Tu0.1,0.082,3.457,1.639,0.007,6.730,0.016,0.293,3.997,5.319,4.096,5.922,0.097,33.706,34.639
Ov79_rep6_Dep6_Tu3,0.169,6.840,1.181,0.002,2.532,0.026,0.916,7.021,2.072,5.214,5.743,0.494,28.920,38.869
Ov79_rep4_Dep6_Tu0.3,0.257,3.700,2.032,0.003,3.544,0.023,2.033,5.108,3.161,4.613,5.423,1.834,29.244,39.025
Ov79_rep4_Dep6_Tu3,0.403,0.537,2.768,0.008,4.885,0.057,2.393,0.908,3.312,6.575,8.357,1.680,31.705,36.410
Ov79_rep3_Dep6_Tu10,1.906,4.019,3.196,0.157,6.436,0.956,4.805,6.305,0.595,4.267,4.037,2.057,27.515,33.749
Ov79_rep3_Dep6_Tu5,0.342,7.358,2.302,0.052,8.730,0.071,0.148,1.620,4.049,3.905,3.307,2.431,36.897,28.787
Ov79_rep7_Dep6_Tu0.3,0.058,6.626,1.340,0.011,3.117,0.027,0.646,3.472,3.761,5.966,0.893,2.348,35.075,36.661
Ov79_rep8_Dep6_Tu3,0.136,3.434,2.566,0.001,5.609,0.021,1.523,3.555,2.845,2.073,7.663,1.536,36.328,32.709
Ov79_rep1_Dep6_Tu20,1.864,2.848,4.119,0.736,18.518,2.170,0.130,5.742,2.862,1.664,6.805,3.493,19.466,29.584
Ov79_rep5_Dep6_Tu0.5,0.553,0.534,3.662,0.007,2.761,0.152,2.877,0.805,3.466,3.768,8.853,2.552,34.253,35.756
Ov79_rep7_Dep6_Tu10,0.165,9.365,4.545,0.198,5.328,0.074,0.076,2.249,5.096,6.171,7.546,0.776,18.007,40.404
Ov79_rep8_Dep6_Tu0.5,0.346,6.863,2.104,0.002,0.523,0.021,1.397,1.625,5.139,5.082,6.902,2.214,30.374,37.408
Ov79_rep4_Dep6_Tu0.5,0.121,7.038,2.324,0.025,0.936,0.042,1.367,3.956,5.260,4.972,3.028,1.741,33.697,35.493
Ov79_rep2_Dep6_Tu40,3.371,11.749,7.721,0.400,15.808,5.767,3.500,2.996,2.051,5.246,5.268,3.219,10.933,21.972
Ov79_rep9_Dep6_Tu10,0.345,8.562,3.688,0.060,8.691,0.235,2.554,3.274,4.565,0.035,5.235,2.694,26.874,33.187
Ov79_rep3_Dep6_Tu50,3.667,12.584,9.326,0.933,18.817,7.236,3.008,4.263,1.230,3.534,4.817,3.483,5.407,21.695
Ov79_rep10_Dep6_Tu50,2.156,15.789,11.571,0.495,16.407,7.214,2.723,2.586,0.648,6.621,5.022,1.849,7.771,19.147
Ov79_rep1_Dep6_Tu30,2.349,16.096,11.028,0.199,2.712,4.142,2.180,2.419,1.226,4.258,5.914,3.410,18.959,25.108
Ov79_rep8_Dep6_Tu20,2.666,11.875,6.687,0.109,0.285,2.744,2.334,2.379,4.339,7.992,4.961,1.979,18.144,33.506
Ov79_rep6_Dep6_Tu40,3.416,12.792,8.142,0.575,16.130,4.645,0.871,4.915,1.871,8.121,3.327,0.640,9.712,24.841
Ov79_rep6_Dep6_Tu20,1.147,11.367,4.913,0.207,10.471,1.704,1.634,2.441,7.496,4.087,1.154,1.132,21.127,31.121
Ov79_rep10_Dep6_Tu30,3.059,4.491,7.569,0.367,17.581,3.371,2.501,1.032,4.993,5.892,6.069,2.225,14.244,26.606
Ov79_rep4_Dep6_Tu0.1,0.024,4.770,1.596,0.012,4.801,0.021,0.986,4.880,3.994,3.272,4.655,1.634,31.869,37.487
Ov79_rep5_Dep6_Tu20,2.463,12.374,1.953,0.359,12.489,1.818,3.113,6.244,1.063,0.254,6.657,2.250,19.638,29.325
Ov79_rep2_Dep6_Tu30,2.623,11.556,8.737,0.376,8.702,3.608,2.891,1.976,2.199,4.058,7.650,3.784,11.212,30.629
Ov79_rep5_Dep6_Tu40,3.473,17.158,6.652,0.435,13.660,5.002,2.976,1.765,2.999,3.729,7.242,3.471,5.887,25.550
Ov79_rep8_Dep6_Tu0.3,0.087,2.071,2.723,0.009,4.395,0.046,1.280,6.617,0.308,3.248,8.270,2.429,31.198,37.318
Ov79_rep4_Dep6_Tu40,3.461,15.806,11.074,0.422,3.161,6.555,4.245,3.336,0.721,7.788,5.937,0.679,14.078,22.737
Ov79_rep3_Dep6_Tu0.5,0.352,5.284,1.539,0.012,3.664,0.019,0.427,0.676,7.202,3.480,9.178,1.754,28.191,38.221
Ov79_rep6_Dep6_Tu10,0.300,10.576,3.976,0.079,9.102,0.116,0.606,3.587,6.313,0.796,10.623,2.208,4.756,46.961
Ov79_rep8_Dep6_Tu1,0.196,5.603,0.887,0.001,3.684,0.064,2.455,3.599,0.319,5.616,7.493,2.474,30.605,37.004
Ov79_rep9_Dep6_Tu2,0.379,5.218,1.593,0.026,5.294,0.019,1.642,3.475,2.187,3.525,7.456,3.079,24.755,41.352
Ov79_rep6_Dep6_Tu0.1,0.251,7.776,0.109,0.003,5.179,0.001,1.862,5.665,1.655,5.750,0.243,2.578,26.996,41.933
Ov79_rep5_Dep6_Tu0.1,0.035,4.786,1.104,0.007,8.027,0.050,1.406,1.633,3.978,1.089,7.156,2.146,41.927,26.657
Ov79_rep10_Dep6_Tu20,0.994,7.543,7.061,0.316,6.844,2.617,1.580,4.437,4.301,4.459,8.477,2.331,14.891,34.149
Ov79_rep5_Dep6_Tu0.3,0.145,4.670,1.593,0.014,4.390,0.038,0.043,4.039,4.384,4.561,7.552,1.837,32.017,34.717
Ov79_rep10_Dep6_Tu5,0.098,7.528,1.910,0.046,7.087,0.040,1.991,5.399,4.350,0.806,4.300,2.599,26.310,37.537
Ov79_rep5_Dep6_Tu5,0.287,7.008,1.438,0.043,8.863,0.081,1.403,4.853,0.477,5.867,3.426,1.627,34.277,30.352
Ov79_rep1_Dep6_Tu40,3.798,16.877,3.738,0.854,0.040,7.896,4.003,7.517,6.025,6.110,2.777,3.008,7.586,29.771
Ov79_rep8_Dep6_Tu40,4.027,13.798,11.015,0.431,3.316,6.723,3.910,4.054,1.181,7.762,3.739,2.705,9.879,27.460
Ov79_rep6_Dep6_Tu50,3.337,10.113,18.291,0.581,5.798,8.443,1.774,4.619,4.472,4.995,4.542,3.011,9.019,21.003
Ov79_rep2_Dep6_Tu20,1.653,7.049,8.359,0.178,9.308,1.784,1.199,3.931,0.211,5.230,8.285,3.892,18.565,30.357
Ov79_rep1_Dep6_Tu0.3,0.248,2.968,1.832,0.007,5.797,0.007,1.948,5.309,1.776,5.295,2.759,3.392,29.043,39.619
Ov79_rep6_Dep6_Tu1,0.298,3.878,0.268,0.012,6.667,0.057,1.544,3.453,4.685,3.462,7.459,1.354,29.304,37.558
Ov79_rep8_Dep6_Tu10,0.832,7.481,4.807,0.092,3.471,1.023,4.033,5.628,2.556,3.062,5.568,1.765,28.984,30.698
Ov79_rep9_Dep6_Tu20,1.994,9.470,6.162,0.417,8.411,1.972,0.944,5.320,1.057,4.668,7.047,3.607,16.976,31.955
Ov79_rep6_Dep6_Tu2,0.281,6.626,2.466,0.013,2.586,0.020,0.832,0.122,4.843,6.263,10.464,2.136,21.357,41.991
Ov79_rep10_Dep6_Tu40,2.457,0.041,16.601,0.406,19.753,5.265,4.453,0.528,6.682,0.384,5.381,4.239,6.473,27.337
Ov79_rep4_Dep6_Tu1,0.534,4.435,1.334,0.054,5.760,0.072,0.468,4.218,1.203,5.662,7.988,1.788,34.633,31.852
Ov79_rep1_Dep6_Tu2,0.138,7.183,1.451,0.003,5.073,0.039,2.230,4.684,0.065,4.975,5.248,2.635,31.762,34.515
Ov79_rep3_Dep6_Tu2,0.404,1.851,3.380,0.018,7.049,0.056,0.104,4.914,4.252,0.569,9.203,2.469,31.167,34.564
Ov79_rep4_Dep6_Tu2,0.294,8.169,2.519,0.009,2.285,0.032,0.590,4.459,6.103,1.334,9.929,2.083,15.095,47.098
Ov79_rep9_Dep6_Tu40,2.001,9.763,11.858,0.786,17.647,4.455,3.780,3.236,1.322,4.622,4.938,3.620,2.887,29.085
Ov79_rep4_Dep6_Tu5,0.638,6.037,2.693,0.073,7.359,0.165,0.107,4.058,1.855,4.109,9.277,1.695,30.286,31.648
Ov79_rep2_Dep6_Tu0.5,0.138,2.336,2.931,0.008,4.626,0.035,2.884,0.964,5.896,0.518,9.352,2.474,26.584,41.256
Ov79_rep5_Dep6_Tu30,1.532,6.863,14.281,0.287,8.182,3.564,1.120,6.362,1.506,4.513,8.422,3.785,7.495,32.088
Ov79_rep3_Dep6_Tu40,2.840,14.465,8.195,0.413,16.651,4.446,1.321,4.254,3.067,7.548,2.042,0.238,8.259,26.260
Ov79_rep6_Dep6_Tu30,2.103,10.038,7.919,0.579,17.313,1.889,0.437,3.346,2.215,5.601,7.695,3.016,6.093,31.757
Ov79_rep2_Dep6_Tu1,0.258,6.165,1.363,0.012,4.413,0.004,0.514,0.854,3.962,4.212,8.284,2.647,29.847,37.464
Ov79_rep3_Dep6_Tu3,0.109,8.266,1.600,0.017,0.819,0.068,2.328,3.691,1.104,3.089,8.061,3.373,33.405,34.069
Ov79_rep9_Dep6_Tu0.5,0.182,4.543,3.179,0.009,0.818,0.058,2.113,0.710,6.231,4.098,7.734,0.395,31.859,38.070
Ov79_rep9_Dep6_Tu1,0.355,5.254,2.375,0.010,2.891,0.016,3.262,3.147,4.819,3.825,1.951,2.941,31.102,38.052
Ov79_rep5_Dep6_Tu1,0.111,2.771,2.242,0.029,6.696,0.070,2.107,4.886,4.830,1.253,7.553,0.570,30.370,36.513
Ov79_rep7_Dep6_Tu0.5,0.139,4.826,1.991,0.018,3.594,0.046,2.033,4.311,0.163,5.328,4.573,3.350,36.271,33.357
