Sample,BRCA,CEAD,CESC,COAD,OV,READ,bcell,cd4tcell,cd8tcell,erythroblast,monocyte,naturalkillercell,neutrophil
Ov79_rep2_Dep6_Tu5,0.150,22.628,3.716,0.017,15.340,0.083,0.590,3.803,2.692,0.572,6.681,0.870,42.858
Ov79_rep8_Dep6_Tu30,0.312,8.626,21.413,0.238,24.177,3.127,2.316,1.652,4.174,6.037,6.808,1.082,20.039
Ov79_rep6_Dep6_Tu0.3,0.199,10.760,1.986,0.008,20.773,0.022,1.629,3.590,0.261,1.690,8.894,1.566,48.622
Ov79_rep1_Dep6_Tu3,0.040,19.190,5.738,0.004,9.706,0.010,2.203,1.329,0.236,1.993,6.914,2.991,49.646
Ov79_rep1_Dep6_Tu50,5.171,13.189,6.007,1.607,35.028,8.520,1.215,5.533,4.577,1.517,6.277,2.572,8.786
Ov79_rep7_Dep6_Tu50,3.838,1.625,28.129,0.751,26.258,6.513,2.325,2.289,2.642,6.307,7.239,2.203,9.883
Ov79_rep4_Dep6_Tu50,3.102,3.292,27.503,0.582,26.518,6.670,2.566,3.472,3.077,7.772,2.609,2.980,9.856
Ov79_rep2_Dep6_Tu3,0.211,25.492,3.517,0.016,6.096,0.041,1.402,3.404,1.199,1.739,6.987,1.268,48.629
Ov79_rep7_Dep6_Tu1,0.007,17.554,5.200,0.007,14.379,0.040,1.592,1.358,2.678,0.771,8.207,0.376,47.831
Ov79_rep9_Dep6_Tu5,0.092,32.081,3.499,0.031,5.687,0.193,0.747,1.678,1.721,3.652,7.914,1.636,41.068
Ov79_rep3_Dep6_Tu1,0.155,20.614,3.665,0.000,15.883,0.004,1.453,1.615,1.280,0.245,10.278,0.953,43.855
Ov79_rep5_Dep6_Tu3,0.020,25.288,2.003,0.000,14.878,0.003,0.915,3.186,0.413,0.788,8.931,0.424,43.149
Ov79_rep10_Dep6_Tu0.3,0.086,15.799,6.646,0.004,9.758,0.015,0.960,2.890,2.354,2.975,7.055,1.059,50.399
Ov79_rep8_Dep6_Tu2,0.038,0.993,10.082,0.022,18.958,0.158,0.072,3.846,4.117,2.196,7.930,0.770,50.818
Ov79_rep1_Dep6_Tu0.5,0.017,19.883,7.731,0.015,3.485,0.056,0.494,3.290,0.983,4.168,7.654,1.652,50.571
Ov79_rep3_Dep6_Tu0.3,0.199,19.396,2.921,0.007,12.967,0.015,1.274,3.931,0.187,2.740,7.212,0.974,48.176
Ov79_rep8_Dep6_Tu50,3.758,1.861,27.733,0.729,26.539,6.191,3.288,4.062,4.639,5.634,5.578,0.758,9.230
Ov79_rep9_Dep6_Tu0.3,0.112,25.919,5.180,0.002,3.860,0.045,0.849,3.093,0.957,2.330,8.149,0.906,48.597
Ov79_rep7_Dep6_Tu2,0.098,20.077,4.498,0.003,13.018,0.027,1.642,3.033,2.395,1.458,5.135,0.715,47.900
Ov79_rep7_Dep6_Tu30,0.849,27.408,22.673,0.252,13.344,2.295,2.944,1.199,5.124,2.953,8.676,1.003,11.279
Ov79_rep5_Dep6_Tu50,3.268,10.661,27.687,0.452,16.618,7.484,2.847,3.207,1.323,5.952,6.163,3.655,10.683
Ov79_rep6_Dep6_Tu0.5,0.203,3.736,7.903,0.063,12.397,0.249,1.793,3.128,1.031,5.786,9.107,0.446,54.158
Ov79_rep2_Dep6_Tu2,0.091,20.052,4.461,0.023,11.968,0.113,0.799,0.722,1.197,3.721,9.666,1.630,45.555
Ov79_rep3_Dep6_Tu30,1.865,14.108,12.453,0.640,28.005,3.073,1.688,0.866,2.945,2.948,7.973,3.422,20.015
Ov79_rep9_Dep6_Tu3,0.086,15.842,2.227,0.002,18.536,0.008,1.642,4.102,3.309,0.261,6.002,0.051,47.933
Ov79_rep10_Dep6_Tu2,0.112,24.589,0.747,0.019,13.938,0.013,0.185,3.094,0.244,3.399,6.772,1.758,45.132
Ov79_rep10_Dep6_Tu1,0.105,27.438,0.350,0.002,15.421,0.006,0.565,1.591,2.553,0.736,8.714,0.976,41.543
Ov79_rep6_Dep6_Tu5,0.255,27.209,6.339,0.029,4.441,0.218,1.577,1.794,0.970,2.323,8.177,2.344,44.324
Ov79_rep2_Dep6_Tu0.3,0.107,26.267,1.103,0.000,10.939,0.023,0.702,1.598,3.081,1.385,7.757,0.128,46.910
Ov79_rep4_Dep6_Tu20,0.611,7.411,17.848,0.079,25.701,0.810,1.829,2.727,0.612,4.498,9.914,3.216,24.744
Ov79_rep1_Dep6_Tu0.1,0.066,18.094,2.892,0.003,14.987,0.016,1.237,0.186,2.801,1.321,9.051,1.624,47.721
Ov79_rep4_Dep6_Tu10,0.600,23.020,9.220,0.045,10.694,0.546,1.702,2.531,2.177,1.807,6.172,1.795,39.691
Ov79_rep4_Dep6_Tu30,0.717,9.498,20.484,0.455,19.270,3.718,2.580,0.173,4.825,4.890,6.644,3.006,23.741
Ov79_rep5_Dep6_Tu10,0.186,19.954,10.724,0.089,7.559,0.767,0.061,0.180,2.315,5.784,9.185,2.559,40.638
Ov79_rep7_Dep6_Tu3,0.109,25.228,3.250,0.008,7.835,0.048,1.136,1.655,2.357,1.950,6.738,1.993,47.692
Ov79_rep9_Dep6_Tu50,5.156,12.063,20.192,0.634,33.811,6.122,4.450,3.053,2.074,0.150,7.616,1.922,2.758
Ov79_rep10_Dep6_Tu0.5,0.093,28.445,1.254,0.012,6.736,0.035,1.124,1.645,2.550,3.659,5.858,0.857,47.731
Ov79_rep7_Dep6_Tu40,3.760,9.772,20.212,0.541,26.469,4.921,2.338,5.144,1.301,2.354,5.333,4.042,13.813
Ov79_rep7_Dep6_Tu0.1,0.081,18.664,4.509,0.003,13.760,0.002,0.824,1.335,3.261,2.392,5.010,0.793,49.366
Ov79_rep9_Dep6_Tu0.1,0.186,33.341,1.896,0.006,1.472,0.103,1.821,3.790,1.558,0.512,5.228,1.976,48.111
Ov79_rep1_Dep6_Tu5,0.514,18.151,4.014,0.102,16.890,0.038,0.238,2.374,3.071,3.495,7.086,1.281,42.745
Ov79_rep9_Dep6_Tu30,3.497,20.587,10.092,0.520,23.086,3.320,0.807,5.010,0.401,4.100,7.276,2.734,18.570
Ov79_rep2_Dep6_Tu0.1,0.199,21.395,1.557,0.009,14.938,0.022,1.281,1.034,0.826,2.472,8.573,1.457,46.239
Ov79_rep7_Dep6_Tu20,0.747,18.125,15.683,0.160,18.517,1.178,1.916,1.482,2.486,3.076,8.779,1.837,26.013
Ov79_rep7_Dep6_Tu5,0.011,20.452,3.399,0.022,16.699,0.119,0.310,2.184,1.745,3.380,7.484,2.209,41.986
Ov79_rep2_Dep6_Tu10,0.049,34.712,10.042,0.003,15.944,0.023,1.722,1.832,0.534,3.993,10.789,1.254,19.103
Ov79_rep8_Dep6_Tu0.1,0.091,23.529,3.942,0.005,8.615,0.008,0.589,3.078,0.309,3.058,7.521,2.100,47.157
Ov79_rep8_Dep6_Tu5,0.072,21.342,5.177,0.005,18.187,0.009,0.826,1.893,1.748,2.810,9.488,1.274,37.169
Ov79_rep1_Dep6_Tu10,0.398,7.352,11.011,0.062,22.506,0.190,1.105,0.691,2.167,7.126,5.998,2.127,39.266
Ov79_rep1_Dep6_Tu1,0.128,19.778,0.496,0.006,19.042,0.002,0.728,1.650,2.459,2.638,9.863,1.278,41.932
Ov79_rep10_Dep6_Tu10,0.344,4.982,12.453,0.038,22.664,0.249,1.961,1.001,2.772,5.037,7.276,2.049,39.175
Ov79_rep2_Dep6_Tu50,4.404,14.487,31.423,0.500,11.310,6.887,3.258,4.316,1.538,3.470,1.059,4.696,12.653
Ov79_rep3_Dep6_Tu20,1.032,19.809,12.222,0.142,20.750,1.275,2.002,2.828,1.924,2.539,8.666,1.031,25.779
Ov79_rep3_Dep6_Tu0.1,0.283,5.226,9.358,0.014,11.902,0.101,0.538,3.463,0.594,2.816,9.909,2.564,53.232
Ov79_rep10_Dep6_Tu3,0.029,22.009,8.479,0.006,3.372,0.052,0.588,2.623,2.112,1.585,9.216,1.451,48.480
Ov79_rep5_Dep6_Tu2,0.029,22.196,2.086,0.008,14.274,0.050,1.038,2.458,1.528,3.300,7.389,0.312,45.331
Ov79_rep10_Dep6_Tu0.1,0.094,18.943,3.959,0.002,12.526,0.012,1.247,1.433,1.882,2.077,7.750,2.060,48.015
Ov79_rep6_Dep6_Tu3,0.028,18.640,5.834,0.004,12.100,0.006,1.172,1.826,0.239,0.793,10.932,2.312,46.112
Ov79_rep4_Dep6_Tu0.3,0.101,10.778,2.681,0.001,22.452,0.022,0.018,3.454,0.734,2.156,10.222,1.985,45.396
Ov79_rep4_Dep6_Tu3,0.008,18.217,3.346,0.011,14.729,0.018,0.087,4.069,0.691,4.107,3.230,1.661,49.825
Ov79_rep3_Dep6_Tu10,0.526,19.829,9.214,0.066,13.863,0.429,1.603,2.805,2.247,1.545,6.787,2.240,38.844
Ov79_rep3_Dep6_Tu5,0.120,29.597,5.677,0.034,5.781,0.213,1.549,3.146,0.470,1.583,7.611,1.727,42.492
Ov79_rep7_Dep6_Tu0.3,0.099,9.800,4.007,0.004,21.117,0.005,1.236,3.102,1.690,1.387,7.283,1.227,49.042
Ov79_rep8_Dep6_Tu3,0.104,10.652,5.256,0.001,16.887,0.008,0.942,2.451,2.580,3.326,6.182,0.883,50.726
Ov79_rep1_Dep6_Tu20,1.380,25.210,4.645,0.402,23.585,1.849,2.506,1.558,4.287,0.021,4.505,2.601,27.451
Ov79_rep5_Dep6_Tu0.5,0.117,28.127,2.631,0.001,8.487,0.017,0.249,3.779,0.153,3.717,4.480,0.933,47.310
Ov79_rep7_Dep6_Tu10,0.420,19.665,8.191,0.021,16.727,0.437,1.014,2.193,1.699,2.642,7.536,1.733,37.722
Ov79_rep8_Dep6_Tu0.5,0.002,28.365,5.152,0.003,3.299,0.027,0.849,2.213,2.207,1.735,6.109,2.016,48.024
Ov79_rep4_Dep6_Tu0.5,0.192,3.300,8.172,0.004,16.845,0.037,0.641,0.435,3.745,3.960,9.955,1.794,50.920
Ov79_rep2_Dep6_Tu40,2.545,0.839,31.542,0.641,9.534,6.277,2.900,4.783,0.925,6.399,7.365,3.877,22.374
Ov79_rep9_Dep6_Tu10,0.994,27.107,3.485,0.080,9.429,0.848,0.459,3.472,0.851,3.694,7.267,2.818,39.497
Ov79_rep3_Dep6_Tu50,3.444,4.192,26.862,0.954,24.763,6.736,1.805,2.698,2.679,5.836,5.790,3.571,10.670
Ov79_rep10_Dep6_Tu50,2.377,1.907,25.932,0.649,34.264,6.653,2.678,3.033,3.170,1.579,6.290,3.838,7.630
Ov79_rep1_Dep6_Tu30,1.199,10.898,30.940,0.110,8.312,3.338,0.568,4.503,3.332,4.595,6.633,2.996,22.576
Ov79_rep8_Dep6_Tu20,0.572,10.681,12.421,0.156,25.402,1.844,2.066,1.402,2.764,4.827,7.567,1.505,28.792
Ov79_rep6_Dep6_Tu40,3.063,3.326,25.152,0.483,17.703,5.878,3.305,2.047,0.773,3.980,10.273,4.446,19.571
Ov79_rep6_Dep6_Tu20,0.830,21.633,15.651,0.096,4.733,2.754,1.800,3.389,3.305,2.536,8.129,1.697,33.446
Ov79_rep10_Dep6_Tu30,2.140,6.873,20.708,0.279,23.320,3.216,0.979,3.664,3.012,1.879,9.064,2.520,22.345
Ov79_rep4_Dep6_Tu0.1,0.186,19.469,6.146,0.010,6.088,0.002,1.597,0.464,2.173,4.083,6.012,1.825,51.946
Ov79_rep5_Dep6_Tu20,1.059,12.453,14.492,0.053,20.025,1.675,2.297,3.125,2.523,2.977,7.098,2.460,29.762
Ov79_rep2_Dep6_Tu30,2.638,7.150,17.550,0.485,30.605,1.912,1.303,3.623,3.443,5.039,3.480,1.580,21.193
Ov79_rep5_Dep6_Tu40,2.834,10.043,18.733,0.582,24.927,4.939,1.531,2.142,3.960,7.100,6.938,2.437,13.834
Ov79_rep8_Dep6_Tu0.3,0.030,18.206,5.596,0.001,14.688,0.001,1.058,1.600,1.771,1.397,10.398,1.335,43.921
Ov79_rep4_Dep6_Tu40,0.714,9.921,25.709,0.471,31.922,3.781,1.720,3.043,3.543,6.935,6.370,2.445,3.426
Ov79_rep3_Dep6_Tu0.5,0.209,5.672,1.977,0.016,23.972,0.009,1.070,0.962,3.097,3.515,9.429,1.142,48.929
Ov79_rep6_Dep6_Tu10,0.417,23.168,9.119,0.029,11.838,0.396,1.289,2.530,3.063,2.014,5.029,2.126,38.985
Ov79_rep8_Dep6_Tu1,0.062,3.781,5.890,0.006,22.708,0.015,0.879,2.166,2.395,2.311,9.955,1.257,48.574
Ov79_rep9_Dep6_Tu2,0.114,18.661,2.540,0.018,17.822,0.015,0.936,2.013,1.893,3.071,7.478,0.639,44.800
Ov79_rep6_Dep6_Tu0.1,0.131,6.652,8.159,0.014,12.040,0.046,0.577,1.543,2.269,4.682,8.968,2.124,52.794
Ov79_rep5_Dep6_Tu0.1,0.162,14.326,7.189,0.002,10.112,0.053,1.478,3.024,2.508,1.450,8.585,0.481,50.630
Ov79_rep10_Dep6_Tu20,1.321,0.603,21.624,0.218,12.689,2.599,2.429,3.848,3.556,5.192,6.333,1.402,38.187
Ov79_rep5_Dep6_Tu0.3,0.057,13.693,4.924,0.009,15.268,0.006,0.729,2.676,0.854,4.717,4.112,2.752,50.204
Ov79_rep10_Dep6_Tu5,0.015,18.778,8.051,0.013,10.844,0.083,0.430,0.845,1.052,5.062,9.494,2.186,43.148
Ov79_rep5_Dep6_Tu5,0.109,19.448,0.905,0.050,20.491,0.162,1.041,2.959,2.109,1.990,7.755,1.570,41.410
Ov79_rep1_Dep6_Tu40,3.418,3.051,12.948,0.809,35.733,4.816,2.021,3.857,4.785,6.044,5.767,0.722,16.028
Ov79_rep8_Dep6_Tu40,2.984,10.837,18.521,0.616,28.924,5.155,0.771,3.480,2.927,4.041,6.234,2.496,13.015
Ov79_rep6_Dep6_Tu50,3.678,12.068,20.095,0.830,23.418,7.476,4.835,0.971,3.745,3.985,6.734,2.261,9.902
Ov79_rep2_Dep6_Tu20,0.713,10.870,18.736,0.152,15.396,1.960,0.165,3.020,3.513,3.213,10.017,1.952,30.294
Ov79_rep1_Dep6_Tu0.3,0.029,26.838,3.791,0.000,20.317,0.001,0.317,3.298,1.507,0.134,16.131,1.088,26.548
Ov79_rep6_Dep6_Tu1,0.059,4.670,4.699,0.002,25.791,0.006,0.983,3.508,0.938,2.623,6.537,1.862,48.322
Ov79_rep8_Dep6_Tu10,0.444,20.865,5.498,0.055,22.310,0.063,2.135,2.229,0.630,1.974,11.241,1.880,30.676
Ov79_rep9_Dep6_Tu20,0.700,23.315,16.875,0.166,17.947,0.691,1.156,5.455,1.154,4.771,9.099,0.849,17.820
Ov79_rep6_Dep6_Tu2,0.073,27.198,1.985,0.002,17.339,0.003,0.297,2.310,2.357,0.913,11.223,0.819,35.482
Ov79_rep10_Dep6_Tu40,3.085,2.744,20.757,0.746,31.685,4.311,1.543,0.926,5.380,6.575,5.369,1.807,15.073
Ov79_rep4_Dep6_Tu1,0.033,25.982,4.110,0.005,9.188,0.007,0.633,3.299,1.130,2.589,6.636,1.376,45.012
Ov79_rep1_Dep6_Tu2,0.306,22.126,2.320,0.005,14.793,0.026,1.437,3.359,1.152,2.650,7.055,0.249,44.521
Ov79_rep3_Dep6_Tu2,0.052,22.029,5.137,0.003,12.331,0.015,0.811,2.174,1.901,2.224,9.232,1.624,42.467
Ov79_rep4_Dep6_Tu2,0.105,23.141,4.456,0.011,11.238,0.051,0.637,3.175,2.359,1.795,5.875,1.555,45.603
Ov79_rep9_Dep6_Tu40,2.149,15.822,8.762,1.297,31.126,5.322,3.480,1.697,1.250,7.515,6.688,2.448,12.445
Ov79_rep4_Dep6_Tu5,0.145,22.043,5.992,0.028,14.364,0.020,1.453,2.366,3.372,3.789,0.127,1.801,44.500
Ov79_rep2_Dep6_Tu0.5,0.132,19.312,2.585,0.004,15.509,0.010,0.785,2.144,1.902,1.636,7.932,1.464,46.588
Ov79_rep5_Dep6_Tu30,1.090,16.587,17.523,0.452,29.683,1.588,0.416,3.696,3.335,7.017,3.252,2.187,13.175
Ov79_rep3_Dep6_Tu40,2.707,3.118,25.857,0.352,19.735,5.455,3.478,3.109,3.194,5.016,4.619,2.640,20.721
Ov79_rep6_Dep6_Tu30,1.798,3.555,20.519,0.526,25.152,2.481,1.422,3.969,1.770,8.134,4.679,1.966,24.029
Ov79_rep2_Dep6_Tu1,0.043,27.718,4.376,0.001,10.987,0.001,0.052,2.417,1.642,2.111,11.477,0.270,38.905
Ov79_rep3_Dep6_Tu3,0.026,19.449,5.680,0.002,11.379,0.004,0.918,2.110,1.377,2.956,8.836,1.536,45.727
Ov79_rep9_Dep6_Tu0.5,0.073,17.732,3.551,0.002,15.993,0.008,0.612,1.183,3.451,3.196,6.416,0.143,47.638
Ov79_rep9_Dep6_Tu1,0.275,20.024,2.500,0.016,13.986,0.012,1.713,2.442,0.176,2.552,8.431,1.297,46.574
Ov79_rep5_Dep6_Tu1,0.248,21.462,2.631,0.018,12.359,0.027,1.503,0.817,2.856,3.709,7.042,0.499,46.830
Ov79_rep7_Dep6_Tu0.5,0.088,23.054,4.068,0.002,12.766,0.006,0.456,0.044,4.123,0.345,9.666,0.813,44.569
