Sample,BRCA,CEAD,CESC,COAD,OV,READ,bcell,cd4tcell,cd8tcell,erythroblast,monocyte,naturalkillercell,neutrophil
Colo9345_rep1_Dep6_Tu5,1.820,14.605,0.441,11.015,1.182,4.965,5.945,1.250,0.374,1.456,2.873,0.419,53.654
Colo9345_rep8_Dep6_Tu30,2.053,17.797,0.626,18.226,2.298,6.442,8.013,0.204,0.000,1.181,3.008,1.207,38.945
Colo9345_rep5_Dep6_Tu1,0.000,22.457,0.119,0.503,1.321,1.407,0.969,0.431,0.381,1.064,7.210,0.426,63.713
Colo9345_rep5_Dep6_Tu20,4.067,0.505,1.872,35.760,7.112,11.944,9.570,0.548,0.000,2.336,4.024,1.254,21.008
Colo9345_rep7_Dep6_Tu20,5.983,2.176,1.979,37.542,7.086,10.749,7.813,1.142,0.000,1.704,1.495,0.965,21.365
Colo9345_rep6_Dep6_Tu2,0.154,16.854,0.370,2.538,3.978,3.338,0.821,0.668,0.434,1.533,6.744,0.783,61.786
Colo9345_rep10_Dep6_Tu10,0.084,20.077,0.195,4.338,1.511,2.890,3.021,0.629,0.111,1.465,5.867,0.653,59.160
Colo9345_rep1_Dep6_Tu10,1.488,7.610,1.201,20.089,7.324,9.622,6.496,1.486,0.000,1.537,5.433,0.704,37.011
Colo9345_rep3_Dep6_Tu30,4.869,0.000,2.291,46.247,7.585,12.774,10.215,0.000,0.000,1.401,1.178,0.384,13.056
Colo9345_rep6_Dep6_Tu1,0.000,25.633,0.043,0.389,1.067,1.058,0.900,0.441,0.065,0.857,4.497,0.493,64.556
Colo9345_rep2_Dep6_Tu10,4.538,12.849,1.324,20.051,4.447,7.038,7.779,0.000,0.000,1.618,2.634,1.094,36.627
Colo9345_rep6_Dep6_Tu5,2.525,14.020,0.538,10.004,1.195,5.960,4.992,0.714,0.359,1.327,3.097,0.654,54.616
Colo9345_rep5_Dep6_Tu10,3.205,12.423,1.273,20.734,7.657,6.846,4.772,0.358,0.000,1.146,4.344,1.119,36.124
Colo9345_rep5_Dep6_Tu40,5.224,0.000,2.038,51.833,7.138,14.599,8.718,0.000,0.000,2.252,0.000,0.000,8.198
Colo9345_rep1_Dep6_Tu0.1,0.000,29.056,0.000,0.000,0.214,0.000,0.459,0.157,0.304,0.696,2.998,0.482,65.634
Colo9345_rep3_Dep6_Tu10,5.348,9.235,1.198,20.362,2.309,8.344,4.991,1.501,0.000,2.421,3.818,1.023,39.450
Colo9345_rep4_Dep6_Tu2,0.020,24.562,0.137,2.603,3.248,2.247,1.520,0.209,1.005,0.891,6.231,0.711,56.617
Colo9345_rep2_Dep6_Tu20,7.283,0.000,2.192,36.270,4.666,11.724,9.380,0.043,0.000,1.978,2.593,1.228,22.643
Colo9345_rep3_Dep6_Tu50,4.968,0.000,2.309,55.369,6.040,15.963,10.100,0.000,0.000,1.112,0.000,0.000,4.140
Colo9345_rep6_Dep6_Tu0.1,0.000,21.065,0.000,0.000,0.118,0.244,0.576,0.296,1.022,1.157,3.964,0.318,71.240
Colo9345_rep3_Dep6_Tu40,5.460,0.000,2.373,52.404,8.795,13.941,7.671,0.000,0.000,1.571,0.000,0.000,7.785
Colo9345_rep6_Dep6_Tu3,1.139,17.513,0.195,4.765,0.648,4.201,4.553,0.785,0.442,1.952,3.323,0.485,59.999
Colo9345_rep9_Dep6_Tu50,6.494,4.979,1.815,33.190,7.074,12.086,6.825,0.000,0.000,1.716,1.550,0.889,23.381
Colo9345_rep1_Dep6_Tu3,0.560,17.489,0.414,4.770,0.882,3.928,3.802,0.645,0.161,1.645,6.803,0.979,57.921
Colo9345_rep6_Dep6_Tu30,5.300,0.000,2.464,43.405,8.622,14.903,7.611,0.000,0.000,1.683,1.426,0.952,13.633
Colo9345_rep1_Dep6_Tu20,4.416,0.000,2.107,34.074,10.525,12.619,7.161,0.582,0.000,1.947,2.154,1.417,22.999
Colo9345_rep4_Dep6_Tu0.5,0.000,20.089,0.020,0.114,1.294,0.995,0.420,0.470,1.196,1.377,8.433,0.308,65.282
Colo9345_rep9_Dep6_Tu10,0.302,23.299,0.310,5.082,4.211,2.016,0.765,0.173,0.000,1.034,6.772,1.782,54.255
Colo9345_rep3_Dep6_Tu1,0.004,26.762,0.068,0.461,2.039,0.915,0.412,0.002,0.734,0.771,7.263,0.898,59.672
Colo9345_rep7_Dep6_Tu0.1,0.000,27.978,0.006,0.000,0.852,0.154,0.241,0.474,0.085,0.444,2.477,0.370,66.918
Colo9345_rep4_Dep6_Tu20,5.502,0.000,1.771,35.388,9.072,11.520,9.346,0.175,0.000,1.694,1.969,1.899,21.664
Colo9345_rep7_Dep6_Tu5,1.641,14.416,0.846,10.450,1.696,5.304,4.433,1.462,0.043,2.082,4.711,0.816,52.099
Colo9345_rep10_Dep6_Tu50,2.998,4.011,1.175,31.752,5.816,12.136,13.505,0.672,0.000,1.437,2.330,0.430,23.737
Colo9345_rep2_Dep6_Tu50,5.823,0.000,2.226,55.323,6.830,15.981,8.620,0.000,0.000,1.112,0.000,0.000,4.084
Colo9345_rep10_Dep6_Tu40,4.649,4.294,1.210,26.646,5.854,9.517,8.562,1.573,0.000,1.985,2.649,1.474,31.586
Colo9345_rep9_Dep6_Tu20,3.045,13.251,0.537,10.679,1.459,5.390,6.623,0.890,0.268,1.292,3.298,0.894,52.373
Colo9345_rep8_Dep6_Tu3,0.036,28.070,0.020,0.169,1.327,0.528,0.495,0.096,0.897,0.469,3.559,0.551,63.781
Colo9345_rep5_Dep6_Tu3,0.709,24.296,0.207,5.046,2.410,3.303,2.203,0.381,0.000,0.589,1.978,0.648,58.229
Colo9345_rep1_Dep6_Tu40,4.592,0.000,2.031,51.863,7.832,14.483,9.336,0.000,0.000,1.613,0.000,0.115,8.134
Colo9345_rep9_Dep6_Tu0.3,0.000,28.680,0.006,0.000,0.241,0.000,0.371,0.267,0.120,0.597,2.758,0.843,66.116
Colo9345_rep4_Dep6_Tu1,0.018,18.451,0.016,0.470,2.497,2.114,0.726,0.287,1.343,1.301,9.472,0.396,62.909
Colo9345_rep10_Dep6_Tu20,1.277,10.842,1.010,10.822,7.115,6.968,3.416,2.014,0.000,1.701,4.756,1.212,48.868
Colo9345_rep1_Dep6_Tu1,0.114,19.057,0.060,0.422,1.128,1.257,1.297,0.183,2.796,1.441,8.742,0.744,62.760
Colo9345_rep6_Dep6_Tu50,2.889,15.389,0.929,6.249,5.825,9.043,1.456,5.465,0.000,3.626,7.761,3.556,37.811
Colo9345_rep7_Dep6_Tu0.5,0.000,20.566,0.003,0.079,0.265,0.936,1.535,0.516,1.339,1.334,2.816,0.268,70.343
Colo9345_rep10_Dep6_Tu0.3,0.000,25.991,0.000,0.000,0.385,0.000,0.270,0.323,0.693,0.611,4.524,0.779,66.425
Colo9345_rep9_Dep6_Tu3,0.000,27.780,0.054,0.197,1.165,0.406,0.360,0.323,0.499,0.565,7.191,0.691,60.770
Colo9345_rep3_Dep6_Tu0.1,0.000,27.971,0.006,0.017,1.192,0.070,0.194,0.265,0.208,0.469,7.083,0.858,61.667
Colo9345_rep6_Dep6_Tu20,4.583,0.668,1.427,36.125,5.117,11.733,11.433,1.598,0.000,1.853,1.319,0.726,23.418
Colo9345_rep8_Dep6_Tu0.5,0.000,20.766,0.015,0.000,0.231,0.172,0.945,0.588,0.793,0.977,3.687,0.657,71.170
Colo9345_rep9_Dep6_Tu0.5,0.000,28.012,0.038,0.000,0.853,0.268,0.164,0.434,0.135,0.420,2.398,0.377,66.901
Colo9345_rep9_Dep6_Tu2,0.000,27.307,0.028,0.087,0.836,0.619,0.378,0.447,0.032,0.615,3.340,0.457,65.855
Colo9345_rep8_Dep6_Tu0.3,0.000,28.712,0.005,0.000,0.238,0.000,0.356,0.285,0.114,0.559,2.708,0.840,66.184
Colo9345_rep6_Dep6_Tu0.5,0.049,19.490,0.020,0.125,0.811,0.700,0.686,0.174,2.916,1.227,8.365,0.742,64.694
Colo9345_rep4_Dep6_Tu0.1,0.018,20.610,0.012,0.024,0.176,0.000,0.370,0.813,0.101,1.280,5.829,0.700,70.070
Colo9345_rep1_Dep6_Tu0.3,0.000,20.140,0.041,0.043,0.294,0.850,0.504,0.403,0.286,1.348,7.368,0.695,68.030
Colo9345_rep5_Dep6_Tu30,6.722,0.000,1.854,44.597,5.814,13.385,9.405,0.000,0.000,2.170,1.541,0.719,13.792
Colo9345_rep2_Dep6_Tu2,0.372,17.669,0.186,2.200,0.863,3.469,3.444,0.589,0.412,1.365,3.665,0.826,64.941
Colo9345_rep4_Dep6_Tu40,6.417,0.000,2.229,51.517,6.347,14.788,8.924,0.000,0.000,1.697,0.000,0.000,8.081
Colo9345_rep7_Dep6_Tu30,6.424,0.000,2.097,45.811,7.728,12.624,8.470,0.000,0.000,2.069,0.013,0.730,14.035
Colo9345_rep5_Dep6_Tu0.3,0.000,19.017,0.044,0.021,1.660,1.080,0.187,0.644,1.380,1.048,8.671,0.462,65.787
Colo9345_rep5_Dep6_Tu0.5,0.023,28.365,0.022,0.121,0.540,0.494,0.452,0.147,0.215,0.661,2.736,0.609,65.615
Colo9345_rep2_Dep6_Tu1,0.162,24.825,0.046,0.492,0.661,1.215,1.258,0.289,0.421,1.166,5.230,0.590,63.645
Colo9345_rep2_Dep6_Tu3,0.454,21.690,0.107,5.104,2.521,3.482,3.758,0.365,0.049,1.008,4.177,0.640,56.645
Colo9345_rep4_Dep6_Tu30,5.839,0.000,2.071,47.445,6.869,11.743,9.079,0.000,0.000,1.924,0.771,1.147,13.110
Colo9345_rep7_Dep6_Tu2,0.589,18.063,0.291,2.483,0.642,3.522,2.938,0.589,0.249,1.448,3.844,0.598,64.745
Colo9345_rep8_Dep6_Tu40,4.460,8.871,1.160,27.055,7.514,9.756,4.845,0.808,0.000,1.486,1.531,0.842,31.672
Colo9345_rep10_Dep6_Tu3,0.086,25.303,0.014,0.145,1.114,0.874,0.547,0.314,0.514,0.916,5.335,0.445,64.392
Colo9345_rep3_Dep6_Tu0.3,0.000,20.681,0.014,0.035,0.247,0.299,1.159,0.556,0.768,1.055,3.701,0.666,70.818
Colo9345_rep5_Dep6_Tu0.1,0.000,29.537,0.005,0.000,0.142,0.085,0.387,0.200,0.226,0.514,3.789,0.456,64.657
Colo9345_rep2_Dep6_Tu0.5,0.000,28.005,0.015,0.063,0.355,0.335,0.909,0.147,0.085,0.672,2.753,1.058,65.605
Colo9345_rep6_Dep6_Tu10,2.492,12.732,1.022,19.569,6.778,8.327,5.751,0.218,0.000,1.214,4.109,1.590,36.197
Colo9345_rep9_Dep6_Tu0.1,0.000,19.697,0.011,0.000,0.924,0.283,0.445,0.291,1.576,0.783,9.337,0.628,66.024
Colo9345_rep7_Dep6_Tu10,2.565,14.033,1.157,20.486,6.055,7.429,4.347,1.204,0.000,1.035,1.412,0.555,39.722
Colo9345_rep10_Dep6_Tu2,0.000,23.396,0.011,0.118,0.479,0.542,0.733,0.343,0.418,0.915,5.252,0.718,67.075
Colo9345_rep7_Dep6_Tu40,3.896,17.481,1.680,8.295,7.231,9.705,2.135,1.057,0.000,3.999,5.825,4.794,33.903
Colo9345_rep8_Dep6_Tu20,0.837,19.516,0.408,12.148,6.432,3.444,3.324,0.458,0.641,0.743,4.670,1.026,46.352
Colo9345_rep3_Dep6_Tu5,0.579,18.314,0.560,11.509,4.084,4.557,3.291,0.651,0.041,1.271,2.531,1.083,51.528
Colo9345_rep5_Dep6_Tu2,0.002,15.684,0.287,2.131,4.244,3.892,0.843,1.337,0.384,1.624,6.920,1.076,61.576
Colo9345_rep1_Dep6_Tu30,5.585,0.000,1.804,45.974,6.469,12.550,11.249,0.000,0.000,2.214,0.418,0.874,12.863
Colo9345_rep10_Dep6_Tu1,0.004,28.399,0.001,0.000,1.104,0.204,0.362,0.095,0.834,0.454,3.545,0.482,64.517
Colo9345_rep4_Dep6_Tu10,3.210,14.383,0.917,20.640,4.138,7.893,6.203,0.247,0.000,1.520,2.525,0.650,37.675
Colo9345_rep3_Dep6_Tu3,0.439,21.259,0.208,6.062,2.279,2.932,3.889,0.349,0.389,1.379,3.593,1.151,56.070
Colo9345_rep5_Dep6_Tu50,5.007,0.000,2.237,56.337,5.893,15.115,10.624,0.000,0.000,0.928,0.000,0.000,3.859
Colo9345_rep2_Dep6_Tu40,4.637,0.000,2.089,50.225,7.441,14.803,10.835,0.000,0.000,1.703,0.000,0.000,8.268
Colo9345_rep1_Dep6_Tu2,0.294,27.443,0.093,2.487,0.528,1.520,3.030,0.000,0.640,0.762,3.650,0.759,58.795
Colo9345_rep2_Dep6_Tu5,1.065,20.090,0.441,11.430,5.478,3.584,3.151,0.542,0.000,0.573,2.288,0.519,50.838
Colo9345_rep2_Dep6_Tu0.1,0.000,27.930,0.016,0.000,1.209,0.125,0.207,0.072,1.224,0.394,5.210,0.552,63.060
Colo9345_rep10_Dep6_Tu5,0.191,19.478,0.104,0.887,0.506,2.004,2.252,0.770,0.046,1.278,4.054,0.869,67.563
Colo9345_rep1_Dep6_Tu0.5,0.000,20.674,0.069,0.108,0.347,0.562,1.323,0.638,0.436,1.279,4.706,0.579,69.280
Colo9345_rep8_Dep6_Tu10,0.341,17.683,0.246,3.672,1.921,2.905,2.578,0.658,1.684,1.425,7.106,1.375,58.406
Colo9345_rep9_Dep6_Tu5,0.047,22.221,0.156,0.475,1.486,1.715,0.978,0.274,0.425,1.181,7.159,0.382,63.501
Colo9345_rep7_Dep6_Tu1,0.000,27.593,0.100,0.424,0.785,1.021,0.649,0.315,0.213,0.899,2.883,0.647,64.470
Colo9345_rep5_Dep6_Tu5,0.884,11.740,0.396,9.628,6.919,6.081,3.149,1.815,0.464,1.230,5.665,0.451,51.577
Colo9345_rep7_Dep6_Tu50,4.316,0.000,2.291,55.179,5.911,16.137,10.836,0.000,0.000,1.130,0.000,0.000,4.199
Colo9345_rep3_Dep6_Tu20,6.242,0.000,2.162,40.029,6.261,9.132,9.498,0.000,0.000,2.565,1.527,1.486,21.098
Colo9345_rep8_Dep6_Tu1,0.000,27.618,0.000,0.028,1.028,0.332,0.176,0.076,0.894,0.590,6.627,0.477,62.155
Colo9345_rep4_Dep6_Tu5,1.486,12.083,0.699,9.631,6.567,6.695,2.754,1.383,0.031,1.223,7.097,0.676,49.675
Colo9345_rep10_Dep6_Tu30,4.437,10.295,0.966,16.130,3.597,8.554,8.322,1.538,0.040,1.899,2.582,0.840,40.801
Colo9345_rep10_Dep6_Tu0.5,0.000,25.437,0.011,0.000,0.540,0.211,0.342,0.405,0.000,0.987,5.952,0.546,65.568
Colo9345_rep8_Dep6_Tu2,0.006,27.345,0.004,0.146,1.463,0.323,0.231,0.046,0.353,0.538,7.640,1.375,60.531
Colo9345_rep7_Dep6_Tu0.3,0.000,28.111,0.000,0.055,0.520,0.384,0.524,0.127,0.236,0.593,3.369,0.334,65.747
Colo9345_rep4_Dep6_Tu3,0.717,23.039,0.137,5.575,4.504,2.539,2.134,0.614,0.000,0.677,3.774,0.901,55.389
Colo9345_rep3_Dep6_Tu0.5,0.000,27.821,0.048,0.137,0.938,0.327,0.210,0.286,0.700,0.709,7.316,0.629,60.879
Colo9345_rep8_Dep6_Tu50,5.879,0.000,2.020,30.050,9.926,14.606,7.758,0.604,0.000,1.591,3.406,1.127,23.034
Colo9345_rep2_Dep6_Tu30,6.848,0.000,2.187,46.725,6.340,12.231,9.987,0.000,0.000,1.325,0.632,1.028,12.695
Colo9345_rep8_Dep6_Tu5,0.095,18.333,0.075,0.496,2.503,2.007,0.560,0.613,1.235,1.182,7.260,0.879,64.763
Colo9345_rep1_Dep6_Tu50,5.196,0.000,2.169,56.240,7.463,15.137,8.491,0.000,0.000,1.257,0.000,0.000,4.046
Colo9345_rep8_Dep6_Tu0.1,0.000,20.615,0.017,0.000,0.941,0.000,0.259,0.791,0.727,1.075,7.602,0.769,67.205
Colo9345_rep6_Dep6_Tu0.3,0.000,28.008,0.042,0.069,0.771,0.229,0.183,0.185,0.675,0.636,7.381,0.608,61.212
Colo9345_rep9_Dep6_Tu1,0.000,29.492,0.000,0.013,0.277,0.229,0.522,0.006,0.616,0.510,4.018,0.486,63.831
Colo9345_rep7_Dep6_Tu3,0.403,13.813,0.419,4.909,5.609,5.205,1.990,0.871,1.119,1.476,6.932,0.426,56.829
Colo9345_rep9_Dep6_Tu40,4.146,8.851,1.437,25.991,8.455,8.350,5.004,0.000,0.000,1.091,3.647,1.538,31.490
Colo9345_rep3_Dep6_Tu2,0.194,18.356,0.262,2.122,0.729,3.188,2.571,0.509,0.685,1.782,6.723,1.109,61.769
Colo9345_rep2_Dep6_Tu0.3,0.000,28.314,0.035,0.035,1.012,0.245,0.589,0.347,0.320,0.487,3.526,0.490,64.601
Colo9345_rep4_Dep6_Tu0.3,0.000,26.271,0.003,0.050,0.465,0.466,0.379,0.015,0.592,0.566,4.801,0.628,65.765
Colo9345_rep9_Dep6_Tu30,1.716,13.523,1.414,17.721,8.895,7.526,3.236,0.000,0.000,1.836,3.958,2.743,37.432
Colo9345_rep6_Dep6_Tu40,4.722,0.000,2.375,51.512,7.475,14.229,10.581,0.000,0.000,1.130,0.000,0.000,7.976
Colo9345_rep10_Dep6_Tu0.1,0.000,22.977,0.000,0.000,0.268,0.000,0.290,0.507,0.289,0.868,5.815,0.498,68.488
Colo9345_rep4_Dep6_Tu50,4.616,0.000,2.223,55.179,6.733,16.138,9.659,0.000,0.000,1.211,0.000,0.000,4.240
