Sample,BRCA,CEAD,CESC,COAD,OV,READ,bcell,cd4tcell,cd8tcell,erythroblast,monocyte,naturalkillercell,neutrophil
Colo9345_rep1_Dep6_Tu5,1.304,3.939,0.991,11.841,1.725,4.740,2.301,5.383,0.000,7.588,7.458,2.009,50.720
Colo9345_rep8_Dep6_Tu30,0.941,6.404,0.719,19.775,1.551,6.252,1.358,6.805,0.000,5.713,7.313,0.968,42.199
Colo9345_rep5_Dep6_Tu1,1.578,1.801,1.495,1.957,2.637,2.947,3.130,0.000,0.000,10.829,9.227,3.353,61.045
Colo9345_rep5_Dep6_Tu20,0.445,8.534,0.508,32.442,0.000,9.478,0.237,16.290,0.000,0.586,5.153,0.000,26.327
Colo9345_rep7_Dep6_Tu20,0.238,8.180,0.263,32.839,0.000,8.985,0.162,15.761,0.000,2.440,5.453,0.000,25.679
Colo9345_rep6_Dep6_Tu2,1.312,2.482,1.593,3.922,2.309,3.610,3.102,0.648,0.000,10.572,9.059,2.699,58.692
Colo9345_rep10_Dep6_Tu10,1.022,3.905,0.956,6.645,2.172,3.563,2.843,1.245,0.000,9.841,8.053,2.685,57.071
Colo9345_rep1_Dep6_Tu10,0.822,6.637,0.773,21.113,0.485,6.728,1.338,10.132,0.256,4.470,7.025,0.174,40.047
Colo9345_rep3_Dep6_Tu30,0.000,9.100,0.345,40.275,0.000,10.418,0.000,18.435,0.000,0.000,3.677,0.000,17.751
Colo9345_rep6_Dep6_Tu1,1.110,1.944,1.411,1.925,2.734,2.822,2.680,0.000,0.000,12.571,7.472,3.452,61.878
Colo9345_rep2_Dep6_Tu10,1.086,6.116,0.819,21.300,0.951,5.941,1.332,9.119,0.000,6.497,5.799,0.428,40.611
Colo9345_rep6_Dep6_Tu5,1.439,2.904,1.298,11.416,1.269,4.652,2.312,4.848,0.000,8.447,8.276,2.009,51.129
Colo9345_rep5_Dep6_Tu10,0.892,6.916,0.599,20.776,0.709,6.474,1.353,8.502,0.000,5.904,6.870,0.325,40.679
Colo9345_rep5_Dep6_Tu40,0.000,8.843,0.000,45.400,0.000,11.718,0.000,20.959,0.000,0.000,2.136,0.000,10.943
Colo9345_rep1_Dep6_Tu0.1,1.709,0.773,1.468,0.000,2.967,2.274,2.723,0.000,0.000,11.554,7.735,3.751,65.045
Colo9345_rep3_Dep6_Tu10,1.270,5.578,0.760,20.757,0.922,6.657,1.781,11.144,0.000,4.118,6.778,0.166,40.069
Colo9345_rep4_Dep6_Tu2,0.992,3.460,0.899,5.050,2.280,3.644,2.733,0.349,0.178,9.344,9.257,3.613,58.201
Colo9345_rep2_Dep6_Tu20,0.639,7.253,0.748,32.550,0.000,9.201,0.000,16.588,0.000,1.288,5.161,0.000,26.572
Colo9345_rep3_Dep6_Tu50,0.000,9.009,0.000,49.466,0.000,12.256,0.000,21.168,0.000,0.000,1.478,0.000,6.622
Colo9345_rep6_Dep6_Tu0.1,1.957,0.266,1.351,0.000,2.565,2.469,3.537,0.000,0.000,12.330,7.625,3.418,64.481
Colo9345_rep3_Dep6_Tu40,0.000,9.367,0.000,46.092,0.000,11.338,0.000,19.288,0.000,0.000,2.346,0.000,11.570
Colo9345_rep6_Dep6_Tu3,1.852,3.311,0.923,6.674,1.863,4.268,3.129,3.108,0.000,8.943,7.399,2.319,56.210
Colo9345_rep9_Dep6_Tu50,0.001,8.295,0.955,32.426,0.000,8.360,0.433,13.726,0.000,2.788,5.190,0.000,27.825
Colo9345_rep1_Dep6_Tu3,1.421,3.495,1.183,6.880,1.637,3.803,3.057,1.369,0.000,10.270,9.328,2.702,54.855
Colo9345_rep6_Dep6_Tu30,0.000,8.889,0.348,39.914,0.000,10.723,0.000,19.396,0.000,0.000,3.330,0.000,17.400
Colo9345_rep1_Dep6_Tu20,0.246,7.995,0.358,32.858,0.000,9.032,0.000,15.416,0.000,2.003,5.068,0.000,27.024
Colo9345_rep4_Dep6_Tu0.5,1.852,2.235,1.223,0.728,2.482,2.772,3.718,0.000,0.000,10.722,8.407,3.403,62.459
Colo9345_rep9_Dep6_Tu10,1.307,3.383,0.947,7.756,2.353,2.939,2.757,0.000,0.000,9.963,8.443,3.121,57.033
Colo9345_rep3_Dep6_Tu1,1.227,2.294,1.356,2.876,2.610,2.776,2.962,0.000,0.000,10.136,8.223,3.884,61.655
Colo9345_rep7_Dep6_Tu0.1,1.533,0.727,1.271,0.000,3.157,2.549,3.094,0.000,0.000,11.288,8.382,2.975,65.023
Colo9345_rep4_Dep6_Tu20,0.216,8.521,0.284,33.343,0.000,8.755,0.000,16.286,0.000,1.210,4.470,0.000,26.916
Colo9345_rep7_Dep6_Tu5,1.593,3.927,1.384,12.272,1.650,4.459,2.115,5.225,0.000,7.376,8.175,1.268,50.555
Colo9345_rep10_Dep6_Tu50,0.000,8.519,0.000,31.499,0.000,8.718,0.784,14.108,0.000,4.352,3.420,0.000,28.599
Colo9345_rep2_Dep6_Tu50,0.000,9.633,0.000,49.134,0.000,12.510,0.000,20.693,0.000,0.000,1.841,0.000,6.190
Colo9345_rep10_Dep6_Tu40,0.877,7.888,0.711,25.754,0.587,7.236,1.237,12.940,0.551,2.961,3.757,0.000,35.501
Colo9345_rep9_Dep6_Tu20,1.209,3.195,1.182,13.291,1.778,4.854,2.447,6.215,0.000,7.190,6.820,1.594,50.226
Colo9345_rep8_Dep6_Tu3,1.570,2.329,1.255,1.799,2.406,2.499,2.601,0.000,0.000,11.644,7.469,3.700,62.729
Colo9345_rep5_Dep6_Tu3,0.965,2.983,1.093,8.114,1.903,3.388,2.395,0.850,0.000,11.048,7.664,2.887,56.709
Colo9345_rep1_Dep6_Tu40,0.000,9.434,0.000,45.323,0.000,11.607,0.000,19.958,0.000,0.000,1.880,0.000,11.798
Colo9345_rep9_Dep6_Tu0.3,1.564,0.007,1.378,0.000,2.891,2.347,3.283,0.000,0.000,11.862,7.297,3.414,65.958
Colo9345_rep4_Dep6_Tu1,1.686,2.682,1.344,2.016,2.350,2.986,3.242,0.000,0.000,9.779,9.566,3.498,60.853
Colo9345_rep10_Dep6_Tu20,0.866,4.919,1.177,12.998,1.289,5.109,1.873,6.066,0.000,7.993,7.187,1.886,48.636
Colo9345_rep1_Dep6_Tu1,1.893,1.466,1.322,2.019,2.386,2.930,3.615,0.000,0.027,10.279,8.396,3.972,61.695
Colo9345_rep6_Dep6_Tu50,1.342,1.596,1.552,10.889,1.653,4.467,2.131,2.137,0.000,12.496,7.299,2.220,52.217
Colo9345_rep7_Dep6_Tu0.5,1.546,2.796,1.389,0.513,2.383,2.613,3.462,0.175,0.000,10.573,6.805,3.653,64.090
Colo9345_rep10_Dep6_Tu0.3,1.645,0.910,1.424,0.000,2.610,2.183,3.179,0.000,0.000,11.642,7.647,3.780,64.981
Colo9345_rep9_Dep6_Tu3,1.357,1.463,1.483,2.012,2.250,2.448,3.386,0.000,0.000,12.034,8.059,3.589,61.919
Colo9345_rep3_Dep6_Tu0.1,1.589,1.903,1.233,0.000,3.139,2.408,2.666,0.000,0.000,10.234,9.627,3.922,63.279
Colo9345_rep6_Dep6_Tu20,0.070,8.428,0.471,32.305,0.000,9.226,0.034,17.266,0.000,0.737,3.989,0.000,27.474
Colo9345_rep8_Dep6_Tu0.5,1.556,1.362,1.590,0.000,2.678,2.107,3.797,0.000,0.000,10.829,7.207,3.707,65.167
Colo9345_rep9_Dep6_Tu0.5,1.273,0.097,1.627,0.000,3.301,2.500,3.022,0.000,0.000,11.593,8.434,3.657,64.497
Colo9345_rep9_Dep6_Tu2,1.564,1.425,1.333,0.952,2.595,2.550,3.215,0.000,0.000,11.947,7.949,2.891,63.578
Colo9345_rep8_Dep6_Tu0.3,1.521,0.057,1.380,0.000,2.925,2.352,3.269,0.000,0.000,11.803,7.329,3.385,65.977
Colo9345_rep6_Dep6_Tu0.5,2.118,1.705,1.273,0.283,2.433,2.718,4.039,0.000,0.000,10.213,7.534,3.777,63.908
Colo9345_rep4_Dep6_Tu0.1,1.951,0.931,1.427,0.000,2.699,2.324,4.028,0.000,0.000,10.472,8.171,3.359,64.639
Colo9345_rep1_Dep6_Tu0.3,1.025,0.694,1.761,0.000,2.886,2.864,3.605,0.000,0.000,10.325,10.064,3.732,63.043
Colo9345_rep5_Dep6_Tu30,0.000,8.884,0.000,40.380,0.000,10.462,0.000,19.482,0.000,0.000,3.807,0.000,16.986
Colo9345_rep2_Dep6_Tu2,1.783,2.990,1.254,4.102,2.195,3.624,3.184,0.600,0.000,10.247,8.842,2.782,58.398
Colo9345_rep4_Dep6_Tu40,0.000,8.867,0.000,45.720,0.000,11.631,0.000,20.514,0.000,0.000,2.067,0.000,11.200
Colo9345_rep7_Dep6_Tu30,0.000,9.167,0.146,40.373,0.000,10.373,0.000,18.681,0.000,0.000,3.057,0.000,18.204
Colo9345_rep5_Dep6_Tu0.3,1.598,0.754,1.650,0.000,2.546,2.821,3.607,0.000,0.000,11.340,8.375,3.898,63.411
Colo9345_rep5_Dep6_Tu0.5,1.549,0.387,1.407,1.230,3.172,2.562,3.099,0.000,0.000,10.995,8.029,3.882,63.687
Colo9345_rep2_Dep6_Tu1,1.576,1.969,1.603,2.294,1.743,2.953,3.454,0.000,0.000,11.190,8.931,2.999,61.290
Colo9345_rep2_Dep6_Tu3,1.381,4.054,0.833,6.775,1.931,4.003,2.639,1.809,0.000,9.728,8.304,2.428,56.115
Colo9345_rep4_Dep6_Tu30,0.000,8.617,0.018,40.667,0.000,10.439,0.000,19.150,0.000,0.057,3.688,0.000,17.364
Colo9345_rep7_Dep6_Tu2,1.453,2.933,1.187,4.895,2.151,3.125,2.847,0.000,0.000,10.614,8.482,3.179,59.134
Colo9345_rep8_Dep6_Tu40,0.361,6.177,0.571,26.985,0.220,7.684,0.872,11.504,0.000,4.926,5.699,0.000,35.001
Colo9345_rep10_Dep6_Tu3,2.100,1.887,1.364,0.736,2.571,3.000,3.668,0.000,0.000,10.825,7.342,3.193,63.315
Colo9345_rep3_Dep6_Tu0.3,1.542,1.745,1.583,0.000,2.506,2.279,3.880,0.000,0.000,10.993,7.271,3.670,64.532
Colo9345_rep5_Dep6_Tu0.1,1.774,0.307,1.543,0.000,3.025,2.408,3.183,0.000,0.000,10.808,8.562,3.615,64.774
Colo9345_rep2_Dep6_Tu0.5,1.281,1.309,1.266,1.108,2.943,2.400,2.634,0.000,0.000,12.035,7.130,3.557,64.338
Colo9345_rep6_Dep6_Tu10,0.728,6.494,0.243,21.002,0.536,6.564,1.257,6.739,2.758,6.413,6.680,0.548,40.039
Colo9345_rep9_Dep6_Tu0.1,1.452,1.945,1.418,0.000,2.455,2.317,3.688,0.000,0.000,10.615,8.726,3.894,63.489
Colo9345_rep7_Dep6_Tu10,0.379,4.968,0.999,21.063,1.009,6.699,1.462,11.139,0.000,5.233,5.965,0.083,40.999
Colo9345_rep10_Dep6_Tu2,1.161,1.552,1.644,0.609,3.139,2.481,3.310,0.000,0.000,10.377,8.078,3.592,64.058
Colo9345_rep7_Dep6_Tu40,1.563,4.481,1.034,13.126,1.868,4.477,2.188,2.794,0.000,9.986,6.762,2.977,48.743
Colo9345_rep8_Dep6_Tu20,0.877,5.360,0.977,14.564,1.498,4.059,1.820,3.188,2.495,7.688,6.004,1.757,49.713
Colo9345_rep3_Dep6_Tu5,0.898,4.034,0.842,13.571,1.583,4.072,2.322,4.537,0.000,7.586,6.831,2.687,51.037
Colo9345_rep5_Dep6_Tu2,1.277,2.320,1.251,4.801,1.621,3.244,3.207,0.360,0.000,11.885,7.900,2.821,59.313
Colo9345_rep1_Dep6_Tu30,0.000,9.289,0.060,41.153,0.000,10.280,0.000,18.887,0.000,0.000,2.946,0.000,17.386
Colo9345_rep10_Dep6_Tu1,1.424,2.156,1.185,0.066,2.876,2.299,2.662,0.000,0.000,11.798,7.516,3.916,64.102
Colo9345_rep4_Dep6_Tu10,0.896,6.833,0.549,21.590,0.000,6.507,1.502,8.601,0.000,6.372,6.795,0.178,40.177
Colo9345_rep3_Dep6_Tu3,1.402,3.922,0.652,7.701,1.751,3.737,2.793,1.942,0.000,10.355,7.926,2.361,55.460
Colo9345_rep5_Dep6_Tu50,0.000,9.694,0.000,48.798,0.000,12.423,0.000,20.700,0.000,0.000,1.685,0.000,6.700
Colo9345_rep2_Dep6_Tu40,0.000,9.844,0.000,45.660,0.000,11.376,0.000,19.715,0.000,0.000,1.806,0.000,11.598
Colo9345_rep1_Dep6_Tu2,1.676,3.256,1.051,5.245,2.097,3.131,2.685,0.000,0.566,10.428,8.144,3.436,58.285
Colo9345_rep2_Dep6_Tu5,1.174,4.530,0.997,12.452,0.948,4.614,1.803,5.181,0.000,9.220,6.229,1.798,51.054
Colo9345_rep2_Dep6_Tu0.1,1.209,0.987,1.506,0.261,2.958,2.200,2.450,0.000,0.000,11.819,8.573,4.297,63.740
Colo9345_rep10_Dep6_Tu5,1.851,2.425,1.056,3.054,2.819,2.799,3.456,0.000,0.000,10.596,8.490,2.772,60.681
Colo9345_rep1_Dep6_Tu0.5,1.509,0.952,1.942,0.474,2.704,2.398,4.120,0.000,0.000,11.071,8.449,3.141,63.239
Colo9345_rep8_Dep6_Tu10,1.580,3.630,0.972,6.203,1.652,3.632,2.593,1.470,0.185,9.184,9.030,3.351,56.519
Colo9345_rep9_Dep6_Tu5,1.764,2.435,1.510,1.958,2.634,2.918,3.087,0.000,0.000,10.811,9.053,3.186,60.644
Colo9345_rep7_Dep6_Tu1,0.856,1.211,1.293,3.081,3.364,2.388,3.190,0.000,0.000,11.932,6.908,3.270,62.507
Colo9345_rep5_Dep6_Tu5,1.192,4.798,1.037,11.472,1.414,4.648,2.481,5.594,0.000,8.251,7.156,1.475,50.481
Colo9345_rep7_Dep6_Tu50,0.000,9.178,0.000,49.318,0.000,12.418,0.000,21.325,0.000,0.000,1.332,0.000,6.429
Colo9345_rep3_Dep6_Tu20,0.138,8.545,0.143,33.806,0.000,8.465,0.346,15.007,0.000,1.362,4.471,0.000,27.717
Colo9345_rep8_Dep6_Tu1,2.021,1.416,1.163,0.000,2.906,2.631,2.791,0.000,0.000,10.610,9.129,3.438,63.895
Colo9345_rep4_Dep6_Tu5,1.618,3.712,1.195,11.831,1.532,4.613,2.262,5.778,0.000,7.640,8.462,1.398,49.959
Colo9345_rep10_Dep6_Tu30,1.421,6.577,0.695,17.916,0.168,6.445,1.982,8.594,1.221,6.073,5.029,0.420,43.459
Colo9345_rep10_Dep6_Tu0.5,1.169,0.913,1.590,0.000,2.933,2.343,3.444,0.000,0.000,11.678,8.129,3.498,64.302
Colo9345_rep8_Dep6_Tu2,1.313,1.014,1.194,1.437,3.073,2.600,2.744,0.000,0.000,11.385,9.293,3.960,61.987
Colo9345_rep7_Dep6_Tu0.3,1.766,1.139,1.477,0.094,2.507,2.788,3.191,0.000,0.000,11.368,8.128,3.095,64.446
Colo9345_rep4_Dep6_Tu3,1.939,3.502,0.823,8.320,2.085,3.550,2.096,2.442,0.000,9.338,7.200,2.934,55.772
Colo9345_rep3_Dep6_Tu0.5,1.502,0.836,1.499,1.134,2.443,2.528,3.301,0.000,0.000,10.718,8.424,4.191,63.424
Colo9345_rep8_Dep6_Tu50,0.872,8.430,0.532,31.174,0.000,9.036,0.749,15.676,0.000,0.122,5.451,0.000,27.958
Colo9345_rep2_Dep6_Tu30,0.001,9.379,0.057,40.939,0.000,10.240,0.000,18.653,0.000,0.000,2.934,0.000,17.799
Colo9345_rep8_Dep6_Tu5,2.125,2.153,1.260,2.127,2.262,3.147,3.531,0.000,0.000,9.958,8.900,3.493,61.044
Colo9345_rep1_Dep6_Tu50,0.000,8.685,0.000,49.771,0.000,12.316,0.000,21.651,0.000,0.000,1.115,0.000,6.462
Colo9345_rep8_Dep6_Tu0.1,1.539,1.693,1.372,0.000,2.735,1.921,3.395,0.000,0.000,11.598,9.298,3.520,62.928
Colo9345_rep6_Dep6_Tu0.3,1.456,0.549,1.562,0.607,2.368,2.391,3.135,0.000,0.000,10.978,8.577,4.135,64.243
Colo9345_rep9_Dep6_Tu1,2.024,0.687,1.368,0.106,3.271,2.545,3.103,0.000,0.000,10.721,8.635,3.904,63.636
Colo9345_rep7_Dep6_Tu3,1.539,4.088,1.130,7.043,1.751,4.113,2.825,2.837,0.000,9.324,7.699,2.223,55.429
Colo9345_rep9_Dep6_Tu40,1.300,7.886,0.318,26.265,0.237,7.167,0.404,10.634,0.000,3.825,6.097,0.000,35.868
Colo9345_rep3_Dep6_Tu2,1.122,2.592,1.372,5.030,2.470,3.350,3.537,1.072,0.156,9.759,8.509,2.803,58.228
Colo9345_rep2_Dep6_Tu0.3,1.646,2.420,1.354,0.508,2.230,2.288,2.709,0.000,0.000,11.688,7.373,3.715,64.069
Colo9345_rep4_Dep6_Tu0.3,1.309,1.063,1.322,0.512,2.386,2.408,3.082,0.000,0.000,13.451,7.206,3.269,63.992
Colo9345_rep9_Dep6_Tu30,0.694,6.552,0.569,19.046,1.027,6.142,1.590,6.303,0.000,8.001,6.414,1.281,42.380
Colo9345_rep6_Dep6_Tu40,0.000,9.192,0.000,45.243,0.000,11.723,0.000,19.854,0.000,0.000,2.692,0.000,11.296
Colo9345_rep10_Dep6_Tu0.1,1.704,0.899,1.172,0.000,2.765,2.277,3.391,0.000,0.000,11.375,8.056,3.715,64.646
Colo9345_rep4_Dep6_Tu50,0.000,8.912,0.000,49.294,0.000,12.284,0.000,21.939,0.000,0.000,0.982,0.000,6.590
