Sample,BRCA,CEAD,CESC,COAD,OV,READ,bcell,cd4tcell,cd8tcell,erythroblast,monocyte,naturalkillercell,neutrophil
Colo_rep2_Dep6_Tu0.5,0.253,3.346,8.647,0.003,32.433,0.452,2.685,3.592,2.921,9.885,8.910,1.405,25.468
Colo_rep2_Dep6_Tu50,2.399,8.766,6.237,0.730,3.559,37.394,4.904,2.268,5.973,6.013,5.293,3.921,12.544
Colo_rep6_Dep6_Tu1,0.418,20.612,3.419,0.010,22.397,0.912,3.415,3.404,6.100,3.310,11.023,1.268,23.712
Colo_rep3_Dep6_Tu2,0.529,18.037,7.397,0.017,24.018,1.106,0.813,1.176,4.401,8.167,13.602,4.819,15.919
Colo_rep7_Dep6_Tu2,0.809,20.395,2.217,0.003,36.433,1.226,1.530,6.026,8.157,0.454,13.669,1.937,7.144
Colo_rep8_Dep6_Tu0.1,0.347,23.010,4.701,0.008,26.570,0.351,3.047,3.154,6.931,5.018,14.607,1.388,10.867
Colo_rep10_Dep6_Tu2,0.409,21.644,10.051,0.006,9.637,2.254,3.779,4.353,2.059,2.092,11.599,4.761,27.357
Colo_rep6_Dep6_Tu3,0.084,16.763,2.408,0.181,24.719,1.735,4.427,3.389,1.400,6.593,10.239,4.478,23.584
Colo_rep9_Dep6_Tu30,2.424,14.131,2.283,0.120,22.239,21.072,4.466,5.246,5.575,9.458,7.492,0.335,5.160
Colo_rep9_Dep6_Tu0.5,0.047,20.841,8.583,0.013,15.664,0.896,3.028,8.343,0.608,5.836,0.204,4.108,31.828
Colo_rep6_Dep6_Tu20,1.245,1.005,5.936,0.080,25.788,15.646,3.918,1.405,7.993,0.312,9.396,4.865,22.411
Colo_rep8_Dep6_Tu30,3.040,19.756,2.175,0.482,8.501,21.241,2.981,3.138,0.646,10.316,8.168,4.520,15.035
Colo_rep3_Dep6_Tu5,0.329,24.127,6.852,0.047,10.642,3.764,2.377,3.679,3.558,9.272,4.801,3.473,27.079
Colo_rep4_Dep6_Tu3,0.696,21.904,1.951,0.055,19.907,2.239,3.850,3.548,0.085,6.051,11.313,3.917,24.485
Colo_rep2_Dep6_Tu10,0.817,29.306,12.016,0.014,3.720,7.920,0.707,1.359,4.141,10.918,16.468,2.657,9.957
Colo_rep3_Dep6_Tu40,1.219,5.083,5.626,0.522,14.073,30.867,1.405,6.545,6.451,2.399,11.416,3.168,11.224
Colo_rep3_Dep6_Tu30,3.195,21.881,1.810,0.103,3.687,23.669,2.754,7.725,2.834,1.468,9.880,2.951,18.044
Colo_rep6_Dep6_Tu30,1.909,8.654,6.028,0.218,14.809,22.678,0.132,7.197,3.152,8.176,8.361,4.147,14.540
Colo_rep4_Dep6_Tu50,1.735,8.516,6.866,0.912,8.888,37.567,3.440,8.512,4.037,2.799,8.988,2.082,5.658
Colo_rep5_Dep6_Tu50,1.893,6.587,8.603,0.610,10.616,37.449,4.794,7.046,2.551,0.707,9.356,6.432,3.355
Colo_rep6_Dep6_Tu2,0.108,1.471,6.555,0.053,31.829,2.039,2.200,6.578,0.369,2.907,13.628,4.850,27.414
Colo_rep10_Dep6_Tu50,2.065,4.626,8.462,0.734,7.583,37.771,8.211,2.616,1.837,1.085,12.817,4.593,7.601
Colo_rep7_Dep6_Tu50,2.050,10.859,2.092,0.591,4.261,38.033,5.479,1.633,8.799,0.076,11.436,3.355,11.336
Colo_rep9_Dep6_Tu40,0.298,12.511,4.967,0.634,5.731,30.488,5.644,6.011,6.784,0.964,9.431,1.637,14.900
Colo_rep8_Dep6_Tu5,0.462,6.919,8.027,0.106,32.508,3.206,1.676,4.884,4.565,3.395,11.882,4.154,18.216
Colo_rep1_Dep6_Tu20,1.685,14.673,0.456,0.480,13.764,15.487,4.737,5.617,1.422,7.254,8.730,1.267,24.429
Colo_rep9_Dep6_Tu2,0.519,17.338,5.301,0.023,34.163,1.061,2.629,4.249,4.637,7.103,12.443,0.101,10.435
Colo_rep5_Dep6_Tu30,1.270,12.231,6.595,0.388,10.997,22.152,1.494,9.155,2.654,4.519,9.951,4.285,14.310
Colo_rep4_Dep6_Tu0.1,0.929,26.881,4.284,0.005,7.961,0.879,5.806,2.326,2.625,2.782,9.100,2.847,33.575
Colo_rep5_Dep6_Tu0.1,0.196,27.319,7.458,0.003,27.345,0.252,0.157,3.288,4.480,8.160,14.852,3.936,2.553
Colo_rep9_Dep6_Tu3,0.636,31.610,11.021,0.010,4.775,2.440,0.129,4.206,6.375,5.340,12.737,3.603,17.119
Colo_rep2_Dep6_Tu0.1,0.417,17.207,7.664,0.008,14.784,0.584,2.835,4.648,4.344,9.796,3.489,1.637,32.588
Colo_rep8_Dep6_Tu10,1.518,8.521,1.849,0.074,32.635,6.284,5.834,3.319,8.167,3.169,5.559,2.997,20.073
Colo_rep4_Dep6_Tu30,1.734,9.623,7.857,0.256,10.675,23.077,4.067,6.459,8.242,0.784,5.841,2.909,18.476
Colo_rep2_Dep6_Tu2,0.165,10.193,9.630,0.021,19.887,1.674,3.562,2.659,1.788,7.267,12.391,3.145,27.618
Colo_rep1_Dep6_Tu5,0.523,1.839,9.272,0.013,32.580,2.255,3.355,1.655,1.749,13.117,4.961,4.695,23.987
Colo_rep8_Dep6_Tu50,2.708,9.730,8.449,0.589,2.416,38.266,2.383,8.497,6.578,1.179,1.881,4.452,12.872
Colo_rep5_Dep6_Tu5,0.445,23.029,3.771,0.034,30.162,3.180,2.365,3.342,8.521,2.512,12.451,3.293,6.895
Colo_rep6_Dep6_Tu50,2.503,15.380,2.119,0.543,4.466,37.001,4.784,6.235,0.798,9.487,1.996,4.531,10.158
Colo_rep5_Dep6_Tu0.5,0.050,14.863,3.505,0.029,26.789,0.450,3.219,4.501,1.977,8.481,8.042,2.182,25.912
Colo_rep4_Dep6_Tu20,1.359,21.694,5.992,0.038,3.429,15.781,6.479,6.320,0.891,0.717,6.816,5.620,24.865
Colo_rep8_Dep6_Tu40,2.051,12.910,6.577,0.639,7.983,29.262,4.581,1.681,3.477,6.100,8.077,5.033,11.629
Colo_rep7_Dep6_Tu0.3,0.143,3.286,9.100,0.018,29.260,0.715,2.348,3.377,7.087,2.466,5.191,4.014,32.994
Colo_rep7_Dep6_Tu30,1.895,9.188,3.308,0.245,16.606,23.151,4.190,5.306,5.672,0.550,8.591,4.510,16.789
Colo_rep10_Dep6_Tu20,1.866,13.299,3.425,0.243,23.789,13.956,2.925,3.383,8.594,5.415,3.657,4.746,14.702
Colo_rep9_Dep6_Tu10,0.820,10.914,8.575,0.102,16.393,7.439,2.222,1.971,4.131,7.387,11.333,3.944,24.768
Colo_rep9_Dep6_Tu0.1,0.119,13.785,7.056,0.041,25.194,0.770,0.558,3.171,6.207,1.562,14.428,5.092,22.017
Colo_rep10_Dep6_Tu0.3,0.470,15.480,5.165,0.024,17.798,1.003,1.034,4.267,2.748,6.040,12.180,3.846,29.944
Colo_rep8_Dep6_Tu20,1.368,8.507,8.875,0.223,18.085,14.454,1.841,3.459,3.002,11.354,8.557,3.056,17.218
Colo_rep3_Dep6_Tu3,0.738,16.146,7.912,0.053,26.925,1.318,4.167,4.127,0.150,9.168,5.986,5.593,17.718
Colo_rep4_Dep6_Tu2,0.136,11.824,6.612,0.027,27.765,1.483,3.578,5.587,0.779,5.826,11.370,2.684,22.328
Colo_rep10_Dep6_Tu0.1,0.677,4.435,5.147,0.044,23.277,0.721,0.101,0.912,3.791,11.518,13.128,3.509,32.740
Colo_rep4_Dep6_Tu0.3,0.593,22.165,4.323,0.012,17.757,0.804,0.656,3.691,8.866,3.059,4.219,4.325,29.531
Colo_rep9_Dep6_Tu0.3,0.293,11.424,6.362,0.009,27.686,0.447,3.858,4.311,2.337,3.619,10.325,4.083,25.247
Colo_rep1_Dep6_Tu10,0.848,12.697,9.139,0.100,24.542,6.583,1.900,2.806,6.031,9.734,13.679,1.026,10.915
Colo_rep6_Dep6_Tu0.3,0.093,17.508,4.772,0.003,19.496,0.819,3.019,3.578,5.118,3.757,10.764,3.212,27.861
Colo_rep6_Dep6_Tu0.5,0.514,2.206,9.707,0.004,27.658,0.966,2.579,3.251,7.437,1.459,9.921,3.133,31.167
Colo_rep10_Dep6_Tu10,0.587,9.044,6.079,0.107,23.176,7.719,3.148,5.671,6.812,3.080,11.215,1.078,22.285
Colo_rep10_Dep6_Tu1,0.100,7.381,8.330,0.012,28.020,0.742,2.491,6.578,1.837,6.980,5.632,4.888,27.009
Colo_rep10_Dep6_Tu5,0.904,15.227,5.222,0.151,26.772,2.953,2.236,0.577,6.283,9.657,11.023,2.832,16.165
Colo_rep10_Dep6_Tu40,1.813,15.883,8.170,0.744,0.368,30.356,1.361,2.167,3.721,6.292,11.670,5.586,11.869
Colo_rep10_Dep6_Tu0.5,0.221,8.983,8.310,0.044,27.387,0.538,2.096,4.330,6.326,6.715,7.647,1.710,25.694
Colo_rep1_Dep6_Tu1,0.200,12.548,10.299,0.006,24.948,0.669,2.412,0.312,5.030,7.152,14.996,4.793,16.636
Colo_rep7_Dep6_Tu20,0.481,11.677,1.727,0.388,21.112,14.818,4.231,8.113,1.609,9.579,5.403,0.005,20.857
Colo_rep6_Dep6_Tu10,1.356,25.229,2.615,0.044,13.283,7.368,1.890,1.420,4.833,9.427,6.389,3.684,22.462
Colo_rep10_Dep6_Tu3,0.163,16.026,6.918,0.020,20.171,2.425,2.213,7.447,0.990,5.310,8.241,3.685,26.390
Colo_rep1_Dep6_Tu30,0.756,15.033,8.779,0.311,9.951,22.786,4.813,3.613,2.100,6.219,8.917,5.022,11.700
Colo_rep1_Dep6_Tu0.1,0.412,3.534,6.662,0.008,31.993,0.534,3.044,0.253,5.461,3.263,12.753,4.364,27.719
Colo_rep7_Dep6_Tu5,0.615,13.342,3.984,0.101,28.220,3.293,3.604,5.175,4.998,4.709,8.148,2.211,21.599
Colo_rep7_Dep6_Tu0.1,0.036,19.284,5.627,0.013,23.633,0.538,3.529,5.656,2.772,1.072,10.131,3.552,24.157
Colo_rep6_Dep6_Tu40,2.128,8.264,7.891,0.366,9.030,29.294,5.098,2.194,0.255,11.257,5.479,5.086,13.659
Colo_rep8_Dep6_Tu2,0.349,19.321,4.975,0.019,24.658,1.204,2.206,3.072,5.256,6.774,12.394,2.595,17.178
Colo_rep7_Dep6_Tu0.5,0.305,2.449,6.977,0.011,37.626,0.513,2.599,4.895,1.805,4.873,10.992,4.267,22.688
Colo_rep5_Dep6_Tu20,1.045,7.908,6.856,0.185,20.555,14.574,4.091,5.298,1.959,6.543,9.772,4.725,16.489
Colo_rep8_Dep6_Tu0.3,0.438,24.686,1.283,0.007,25.568,0.301,3.230,1.025,1.275,7.409,14.399,4.836,15.544
Colo_rep4_Dep6_Tu5,0.756,29.369,4.307,0.045,5.456,3.766,3.420,2.753,5.969,8.579,6.760,1.738,27.082
Colo_rep9_Dep6_Tu1,0.342,15.054,8.412,0.010,20.572,1.101,4.276,1.131,6.792,0.747,11.795,4.140,25.627
Colo_rep1_Dep6_Tu0.5,0.025,17.797,4.331,0.028,23.993,0.515,2.930,4.202,6.285,5.900,5.612,2.970,25.411
Colo_rep8_Dep6_Tu3,0.818,12.159,1.241,0.085,28.836,2.176,2.697,2.189,6.890,5.744,10.998,1.665,24.501
Colo_rep5_Dep6_Tu0.3,0.201,23.748,3.342,0.015,18.484,0.700,2.070,4.334,7.280,4.800,7.558,3.044,24.424
Colo_rep2_Dep6_Tu30,1.262,19.249,1.077,0.329,20.910,21.780,4.425,6.762,1.213,6.559,9.272,4.831,2.330
Colo_rep7_Dep6_Tu10,0.141,19.929,8.819,0.067,24.440,6.765,0.970,3.558,3.932,9.018,12.529,3.081,6.750
Colo_rep2_Dep6_Tu40,1.139,18.520,8.047,0.529,5.044,30.147,3.201,5.766,6.250,3.217,6.540,5.708,5.892
Colo_rep3_Dep6_Tu0.1,0.446,16.746,12.446,0.006,28.164,0.326,1.543,2.818,3.118,3.203,18.640,5.185,7.359
Colo_rep3_Dep6_Tu1,0.473,7.169,10.432,0.009,20.102,1.528,0.099,3.131,5.696,2.670,13.462,4.164,31.064
Colo_rep8_Dep6_Tu1,0.434,1.593,7.747,0.016,32.962,0.657,1.993,3.819,5.827,8.023,7.053,1.044,28.830
Colo_rep4_Dep6_Tu1,0.801,17.614,4.435,0.022,31.040,0.814,1.015,5.714,9.526,0.317,11.822,1.734,15.144
Colo_rep5_Dep6_Tu40,0.212,9.024,5.708,0.751,9.826,30.751,3.272,3.901,4.629,5.165,10.684,5.059,11.018
Colo_rep5_Dep6_Tu10,1.138,21.133,6.344,0.122,9.189,7.803,1.868,4.905,4.893,4.864,7.627,3.825,26.289
Colo_rep2_Dep6_Tu0.3,0.735,20.830,5.246,0.014,21.085,0.210,2.084,3.075,0.503,6.909,14.577,3.472,21.258
Colo_rep10_Dep6_Tu30,0.150,2.277,17.482,0.448,3.239,23.875,3.997,2.198,1.493,11.057,8.919,5.410,19.455
Colo_rep1_Dep6_Tu40,1.984,8.675,9.007,0.222,5.260,30.765,4.022,6.134,2.891,6.515,6.797,3.223,14.505
Colo_rep6_Dep6_Tu0.1,1.144,29.210,1.292,0.082,5.598,0.461,1.813,5.270,2.496,5.165,11.546,3.448,32.475
Colo_rep7_Dep6_Tu40,1.922,5.737,3.604,0.720,19.969,29.854,5.898,3.326,5.503,0.924,9.343,5.399,7.800
Colo_rep1_Dep6_Tu50,2.713,7.060,4.224,1.065,12.714,37.308,3.552,6.949,3.846,5.102,7.921,3.789,3.756
Colo_rep1_Dep6_Tu0.3,0.403,14.337,4.073,0.011,33.111,0.269,2.590,6.051,2.520,6.580,8.204,3.666,18.185
Colo_rep9_Dep6_Tu20,1.441,21.622,8.860,0.132,9.824,15.113,1.908,0.635,7.070,0.941,15.252,5.859,11.344
Colo_rep4_Dep6_Tu10,0.479,2.246,10.182,0.078,24.599,7.957,3.014,2.203,6.154,2.511,11.792,3.360,25.425
Colo_rep6_Dep6_Tu5,0.468,22.138,3.155,0.037,22.281,3.260,3.112,5.820,6.199,6.502,1.725,2.369,22.933
Colo_rep9_Dep6_Tu5,0.215,21.508,10.264,0.010,9.699,4.335,3.642,0.491,7.619,1.498,11.640,4.485,24.594
Colo_rep3_Dep6_Tu50,2.152,4.837,9.593,0.598,6.434,37.533,4.117,7.773,0.116,4.008,9.044,5.613,8.182
Colo_rep5_Dep6_Tu1,0.566,7.769,8.555,0.011,25.743,0.842,4.471,2.497,2.990,5.266,7.636,4.317,29.336
Colo_rep5_Dep6_Tu3,0.426,27.798,0.907,0.049,19.366,2.218,3.830,3.850,5.368,4.671,3.212,3.737,24.569
Colo_rep2_Dep6_Tu1,0.715,21.134,4.074,0.019,15.036,0.790,2.109,1.234,2.693,8.654,12.007,3.422,28.113
Colo_rep7_Dep6_Tu1,0.559,37.984,1.955,0.004,2.506,1.355,2.814,3.076,3.655,4.423,9.398,3.660,28.613
Colo_rep5_Dep6_Tu2,0.692,21.324,3.467,0.048,17.346,1.463,1.987,3.160,5.895,6.572,10.024,1.946,26.077
Colo_rep4_Dep6_Tu40,1.581,15.442,7.956,0.348,4.427,30.533,5.225,5.729,5.978,1.114,4.474,4.696,12.496
Colo_rep2_Dep6_Tu20,1.097,10.516,7.713,0.165,23.859,14.037,3.346,6.791,0.297,5.743,9.657,5.570,11.208
Colo_rep4_Dep6_Tu0.5,0.346,4.701,7.344,0.011,30.597,0.773,3.185,4.552,4.751,3.901,7.889,3.460,28.491
Colo_rep2_Dep6_Tu5,1.107,19.091,3.024,0.036,18.080,3.225,3.458,2.810,3.527,6.865,9.097,2.348,27.332
Colo_rep2_Dep6_Tu3,0.476,20.061,5.620,0.015,28.432,1.641,3.072,1.503,3.550,7.467,11.777,4.587,11.799
Colo_rep3_Dep6_Tu10,1.371,10.292,5.656,0.119,27.682,7.351,3.727,3.435,6.690,2.671,4.686,4.608,21.710
Colo_rep8_Dep6_Tu0.5,0.218,15.602,6.819,0.021,22.714,0.424,2.931,4.273,3.795,5.018,9.557,3.836,24.793
Colo_rep7_Dep6_Tu3,0.341,30.856,8.090,0.029,12.568,2.291,3.327,7.360,4.722,2.214,1.038,5.061,22.102
Colo_rep3_Dep6_Tu0.5,0.180,16.005,5.204,0.003,31.575,0.701,0.532,5.566,7.369,1.020,13.858,3.370,14.617
Colo_rep3_Dep6_Tu20,1.809,16.496,3.077,0.222,9.111,15.764,4.920,2.397,6.562,3.247,7.047,2.961,26.388
Colo_rep1_Dep6_Tu2,0.547,20.425,5.650,0.022,29.396,1.237,1.925,4.839,4.820,3.102,13.188,4.163,10.686
Colo_rep9_Dep6_Tu50,2.184,2.543,8.247,0.842,8.937,38.236,3.084,2.974,5.404,6.841,6.493,3.852,10.362
Colo_rep3_Dep6_Tu0.3,0.311,17.007,5.934,0.021,22.851,0.236,3.344,5.435,0.430,8.324,3.864,4.968,27.276
Colo_rep1_Dep6_Tu3,0.574,21.423,4.750,0.056,32.872,1.311,1.372,1.706,9.206,7.438,17.090,0.558,1.644
Br62_rep5_Dep6_Tu0.5,0.345,27.986,6.113,0.008,6.808,0.907,3.040,1.576,6.129,8.329,7.238,0.983,30.539
Br62_rep5_Dep6_Tu3,1.545,17.252,6.188,0.346,20.723,0.826,3.366,4.856,4.129,5.071,6.675,2.628,26.396
Br62_rep6_Dep6_Tu30,22.061,22.280,14.610,6.047,0.037,0.176,2.026,6.908,5.655,2.126,0.598,4.245,13.232
Br62_rep7_Dep6_Tu20,14.122,7.445,17.468,3.642,12.081,0.862,3.679,4.882,4.426,3.554,7.221,2.003,18.617
Br62_rep2_Dep6_Tu40,28.218,8.822,11.975,9.496,9.384,0.325,3.764,4.157,1.880,5.166,6.929,3.328,6.555
Br62_rep8_Dep6_Tu0.5,0.676,15.229,6.720,0.017,25.935,0.364,3.293,4.838,3.454,0.590,12.059,4.906,21.918
Br62_rep5_Dep6_Tu2,1.975,17.951,1.017,0.352,30.856,0.321,1.832,4.325,6.617,3.892,9.420,3.561,17.880
Br62_rep4_Dep6_Tu50,37.294,1.731,17.798,11.257,1.457,0.250,2.117,2.279,5.071,4.073,4.388,3.176,9.110
Br62_rep8_Dep6_Tu40,29.144,10.544,15.797,9.209,11.392,0.003,1.475,4.752,4.299,2.528,4.932,3.244,2.682
Br62_rep7_Dep6_Tu2,1.339,32.307,5.696,0.084,1.020,1.264,2.552,4.047,7.917,2.986,8.268,1.429,31.091
Br62_rep9_Dep6_Tu40,29.144,11.796,12.056,8.877,8.799,0.169,2.679,2.903,0.164,6.566,5.998,4.109,6.740
Br62_rep10_Dep6_Tu2,0.545,16.211,12.207,0.030,13.095,0.980,0.921,3.903,1.679,9.346,11.427,4.363,25.294
Br62_rep6_Dep6_Tu10,6.154,4.480,12.241,2.176,22.043,0.882,3.532,3.135,5.272,4.250,9.692,2.237,23.904
Br62_rep2_Dep6_Tu2,0.913,25.849,9.902,0.256,2.984,0.604,3.407,0.872,3.651,10.453,6.778,3.747,30.583
Br62_rep9_Dep6_Tu5,3.075,3.063,11.540,0.805,27.986,0.736,3.472,7.901,0.120,3.123,12.710,1.999,23.470
Br62_rep6_Dep6_Tu40,27.433,5.453,18.652,8.831,13.551,0.338,2.883,5.159,4.136,3.418,3.790,3.056,3.300
Br62_rep4_Dep6_Tu20,15.902,14.550,4.379,4.782,21.495,0.307,2.718,6.013,3.432,2.099,9.945,3.270,11.107
Br62_rep9_Dep6_Tu1,0.770,6.344,9.907,0.052,26.483,0.503,0.446,5.018,4.438,8.490,11.768,0.858,24.924
Br62_rep1_Dep6_Tu0.3,0.608,46.733,3.072,0.001,1.583,0.535,2.102,1.054,4.650,8.059,15.490,3.815,12.298
Br62_rep3_Dep6_Tu5,2.682,1.813,9.705,0.274,32.180,0.728,1.799,3.681,6.307,5.559,5.448,3.838,25.986
Br62_rep9_Dep6_Tu50,40.813,16.462,2.637,11.793,5.965,0.097,3.413,2.826,1.337,1.574,5.874,1.477,5.731
Br62_rep5_Dep6_Tu30,19.385,11.249,12.771,7.184,9.630,0.173,3.318,2.511,4.406,6.279,6.895,3.366,12.833
Br62_rep9_Dep6_Tu0.5,0.495,28.492,4.592,0.019,16.272,0.329,0.940,1.906,5.659,8.207,7.625,2.938,22.526
Br62_rep1_Dep6_Tu20,14.356,16.124,6.178,4.541,18.526,0.354,1.782,4.653,2.095,4.959,3.829,6.006,16.595
Br62_rep4_Dep6_Tu2,0.629,8.024,10.278,0.011,30.058,0.675,3.107,3.874,3.654,4.366,12.734,3.170,19.419
Br62_rep8_Dep6_Tu3,1.029,17.226,8.491,0.344,24.610,0.587,1.285,1.955,6.799,7.429,11.348,2.354,16.542
Br62_rep2_Dep6_Tu5,2.384,24.444,6.427,0.989,9.178,0.975,3.451,2.348,5.546,6.955,9.388,0.428,27.487
Br62_rep2_Dep6_Tu1,0.609,7.973,8.083,0.009,25.357,0.618,0.943,4.884,6.407,5.487,5.076,3.165,31.389
Br62_rep8_Dep6_Tu1,0.584,6.902,9.714,0.035,25.254,0.547,2.021,2.990,2.611,8.567,12.955,2.016,25.806
Br62_rep10_Dep6_Tu0.1,0.010,20.380,13.767,0.009,0.152,1.605,1.414,7.962,2.883,6.870,9.524,2.576,32.848
Br62_rep3_Dep6_Tu40,29.545,13.971,11.905,8.319,8.715,0.253,3.357,4.784,2.383,4.135,4.846,3.242,4.546
Br62_rep8_Dep6_Tu0.3,0.330,18.446,5.189,0.013,21.893,0.499,3.140,2.206,5.062,4.344,10.249,3.690,24.940
Br62_rep4_Dep6_Tu0.5,0.584,14.761,9.335,0.056,22.703,0.713,2.582,5.119,6.143,1.233,14.056,1.669,21.046
Br62_rep6_Dep6_Tu50,36.238,7.643,13.931,11.794,2.678,0.218,3.034,3.443,4.474,2.087,2.961,2.892,8.606
Br62_rep7_Dep6_Tu0.1,0.063,7.526,12.129,0.001,43.789,0.177,2.044,3.552,5.640,6.691,11.971,3.086,3.332
Br62_rep9_Dep6_Tu30,22.482,6.691,16.807,5.638,13.039,0.548,4.355,2.904,5.356,3.356,10.050,0.276,8.498
Br62_rep6_Dep6_Tu20,11.008,11.192,3.691,4.695,27.132,0.498,5.060,4.262,6.799,4.209,7.952,1.226,12.277
Br62_rep5_Dep6_Tu5,2.190,8.844,10.286,0.442,28.883,0.957,3.004,7.658,3.815,0.527,13.431,2.382,17.581
Br62_rep4_Dep6_Tu40,28.589,2.947,20.418,8.001,4.812,0.499,0.748,5.869,3.450,6.703,7.830,1.083,9.050
Br62_rep8_Dep6_Tu0.1,0.425,16.405,6.944,0.000,31.558,0.180,2.078,4.728,0.472,10.127,16.537,2.223,8.323
Br62_rep1_Dep6_Tu40,29.936,12.438,5.094,9.933,10.389,0.269,2.818,2.766,4.767,3.640,3.774,3.421,10.755
Br62_rep3_Dep6_Tu30,20.345,7.345,19.251,6.266,17.602,0.314,3.335,3.046,5.054,5.548,7.842,2.769,1.282
Br62_rep7_Dep6_Tu0.5,0.462,14.065,6.562,0.016,21.737,0.676,3.468,3.975,0.093,4.510,12.817,4.680,26.940
Br62_rep1_Dep6_Tu10,4.005,18.465,16.979,1.716,9.391,0.692,3.644,3.667,4.399,10.374,0.899,4.594,21.176
Br62_rep10_Dep6_Tu20,15.244,3.817,13.806,3.361,26.139,0.335,0.741,5.773,6.110,4.690,8.201,3.502,8.280
Br62_rep1_Dep6_Tu5,2.615,2.821,10.232,0.705,32.162,0.680,2.727,5.339,5.690,2.190,9.849,3.402,21.590
Br62_rep3_Dep6_Tu50,36.238,7.116,11.899,10.247,9.592,0.104,1.951,5.514,2.598,6.732,2.702,2.100,3.210
Br62_rep1_Dep6_Tu3,1.834,25.504,11.847,0.369,8.670,0.528,1.132,0.596,5.549,7.816,15.771,3.547,16.835
Br62_rep7_Dep6_Tu30,23.729,20.130,5.356,7.065,12.504,0.126,3.670,4.930,3.656,1.666,2.514,3.284,11.369
Br62_rep6_Dep6_Tu1,0.615,14.072,7.885,0.036,21.734,0.775,3.228,1.455,6.174,3.468,10.560,3.151,26.847
Br62_rep1_Dep6_Tu0.5,0.094,20.381,7.219,0.027,21.058,0.291,5.244,1.068,7.840,5.202,7.197,1.744,22.635
Br62_rep1_Dep6_Tu0.1,0.047,11.823,4.486,0.027,24.526,0.930,0.818,5.114,5.777,4.220,11.043,1.785,29.404
Br62_rep9_Dep6_Tu3,1.996,4.368,8.058,0.283,36.907,0.427,2.739,4.375,6.141,0.232,13.239,4.107,17.129
Br62_rep5_Dep6_Tu40,28.462,8.995,14.637,8.762,1.050,0.436,1.469,4.063,5.487,4.644,7.972,2.209,11.815
Br62_rep10_Dep6_Tu3,0.709,16.369,9.380,0.149,26.958,0.335,1.125,2.665,4.362,9.071,13.235,2.678,12.963
Br62_rep2_Dep6_Tu0.3,0.388,17.482,6.683,0.011,24.180,0.289,1.968,3.417,5.860,6.431,8.660,2.028,22.602
Br62_rep10_Dep6_Tu40,29.537,17.762,9.180,8.739,1.532,0.352,4.839,2.795,3.716,2.438,5.870,2.547,10.692
Br62_rep3_Dep6_Tu2,1.036,1.559,7.579,0.118,46.969,0.251,3.705,5.541,8.886,2.065,4.387,2.960,14.944
Br62_rep5_Dep6_Tu1,0.812,17.612,8.315,0.047,29.535,0.121,3.354,0.664,4.943,7.695,12.385,2.881,11.636
Br62_rep4_Dep6_Tu1,0.363,1.559,6.661,0.234,40.595,0.227,0.727,6.529,0.256,9.593,9.376,4.012,19.869
Br62_rep10_Dep6_Tu0.5,0.447,3.150,12.016,0.026,35.661,0.376,1.994,1.853,5.068,7.643,16.859,2.083,12.824
Br62_rep5_Dep6_Tu20,17.639,19.896,7.589,4.671,9.587,0.534,2.211,1.724,2.234,0.588,12.472,6.392,14.464
Br62_rep6_Dep6_Tu0.3,0.273,18.345,8.980,0.009,24.711,0.253,0.937,6.340,4.165,8.094,5.909,3.076,18.907
Br62_rep9_Dep6_Tu0.3,0.525,20.915,4.194,0.016,17.995,0.079,2.768,1.309,5.552,8.527,7.848,2.718,27.554
Br62_rep2_Dep6_Tu20,14.020,15.723,12.779,4.000,9.867,0.373,2.228,1.796,1.586,9.160,10.839,4.256,13.373
Br62_rep6_Dep6_Tu0.5,0.498,9.684,8.528,0.031,22.162,0.714,3.200,2.957,4.980,3.963,11.106,3.088,29.089
Br62_rep8_Dep6_Tu10,5.888,6.298,6.096,2.505,22.158,0.803,4.085,5.602,6.352,4.358,5.725,1.990,28.139
Br62_rep2_Dep6_Tu0.1,0.365,9.327,7.306,0.010,26.656,0.353,2.653,4.400,0.013,9.640,10.302,3.409,25.567
Br62_rep5_Dep6_Tu10,7.533,20.220,9.610,1.404,19.017,0.460,2.967,1.152,6.926,5.257,12.499,1.698,11.257
Br62_rep10_Dep6_Tu10,4.757,7.004,10.764,2.494,18.242,1.119,2.130,7.324,1.539,5.873,11.357,2.617,24.781
Br62_rep4_Dep6_Tu10,3.448,29.490,11.894,2.347,3.609,0.999,3.336,3.554,2.500,7.193,10.960,2.854,17.817
Br62_rep3_Dep6_Tu0.1,0.614,15.939,6.713,0.005,19.484,0.401,3.359,1.055,2.629,7.938,12.551,3.104,26.208
Br62_rep2_Dep6_Tu50,38.611,9.684,11.548,10.840,6.238,0.086,0.768,1.977,3.962,3.889,4.839,2.811,4.746
Br62_rep9_Dep6_Tu10,5.626,16.556,8.222,2.682,17.550,0.512,3.454,5.148,1.835,5.417,6.727,4.567,21.703
Br62_rep5_Dep6_Tu0.3,0.183,26.532,8.195,0.046,19.612,0.190,1.681,1.981,0.532,11.257,16.405,4.304,9.082
Br62_rep8_Dep6_Tu50,36.974,1.670,11.477,11.611,7.053,0.248,4.077,0.653,2.340,2.414,6.890,4.362,10.232
Br62_rep4_Dep6_Tu0.3,0.387,24.041,4.310,0.017,17.696,0.463,4.385,0.420,4.490,5.084,8.201,4.940,25.566
Br62_rep7_Dep6_Tu1,0.971,0.117,2.455,0.036,41.742,0.461,2.728,0.309,11.257,2.790,8.237,1.993,26.903
Br62_rep3_Dep6_Tu0.5,0.250,12.559,1.394,0.043,31.572,0.563,3.312,4.483,4.891,3.185,13.160,2.423,22.165
Br62_rep7_Dep6_Tu40,27.509,5.347,19.350,8.225,6.909,0.219,3.299,2.922,3.907,7.009,3.398,3.843,8.063
Br62_rep2_Dep6_Tu3,1.742,32.168,8.736,0.196,9.121,0.822,3.127,6.411,1.626,1.556,13.741,4.162,16.591
Br62_rep2_Dep6_Tu0.5,0.129,28.133,5.242,0.002,15.325,0.409,3.447,0.362,6.418,7.987,11.677,0.500,20.370
Br62_rep1_Dep6_Tu50,36.060,8.136,12.383,11.047,7.393,0.283,3.618,5.631,4.623,0.039,4.342,1.718,4.728
Br62_rep3_Dep6_Tu3,1.439,15.903,10.387,0.320,19.414,0.337,2.733,3.049,4.550,8.805,7.705,3.184,22.173
Br62_rep7_Dep6_Tu3,0.811,13.898,10.219,0.304,29.877,0.650,3.178,3.283,7.608,2.273,13.995,2.513,11.394
Br62_rep3_Dep6_Tu0.3,0.593,24.619,1.704,0.025,27.185,0.156,3.499,5.694,0.032,8.233,10.617,3.340,14.301
Br62_rep8_Dep6_Tu30,22.822,15.760,12.429,6.156,7.732,0.439,4.488,4.142,3.932,0.841,5.550,3.724,11.985
Br62_rep4_Dep6_Tu30,21.509,3.679,17.226,7.129,16.195,0.278,1.335,3.942,7.347,1.213,7.000,3.733,9.413
Br62_rep6_Dep6_Tu3,1.140,17.492,6.687,0.408,19.780,0.635,3.357,3.997,4.348,5.426,9.296,3.185,24.250
Br62_rep4_Dep6_Tu0.1,0.292,10.595,5.728,0.022,22.072,0.676,1.899,1.856,3.413,5.993,11.700,4.531,31.225
Br62_rep8_Dep6_Tu5,1.984,18.600,9.247,0.969,17.440,0.892,2.353,6.381,4.541,4.016,10.255,2.068,21.254
Br62_rep10_Dep6_Tu50,38.762,3.997,5.742,11.395,18.858,0.107,4.416,5.747,1.086,3.537,0.575,2.633,3.146
Br62_rep10_Dep6_Tu0.3,0.276,15.705,2.759,0.041,22.699,0.615,3.539,6.023,0.716,7.010,5.684,4.178,30.754
Br62_rep3_Dep6_Tu20,14.252,27.828,11.305,3.004,4.213,0.706,4.187,7.246,0.031,1.607,9.878,3.909,11.835
Br62_rep1_Dep6_Tu1,0.336,11.196,9.282,0.019,20.036,0.742,2.868,2.650,4.559,4.805,13.316,4.329,25.861
Br62_rep3_Dep6_Tu1,0.658,20.524,7.329,0.017,18.006,0.548,2.126,2.384,4.949,4.226,12.411,3.804,23.018
Br62_rep9_Dep6_Tu2,0.946,26.341,6.208,0.167,13.266,0.808,2.189,3.292,2.155,7.019,10.806,3.512,23.292
Br62_rep7_Dep6_Tu50,39.123,17.178,6.092,11.085,1.020,0.259,1.325,4.837,2.873,2.790,5.044,2.395,5.979
Br62_rep7_Dep6_Tu5,2.832,10.558,7.092,0.695,37.363,0.152,2.429,0.398,6.029,9.241,9.891,3.868,9.451
Br62_rep8_Dep6_Tu2,1.629,26.267,2.597,0.284,20.853,0.180,3.337,3.445,4.821,6.990,6.425,3.825,19.348
Br62_rep5_Dep6_Tu0.1,0.264,3.101,6.982,0.004,30.259,0.608,2.669,3.147,4.815,5.050,10.409,3.255,29.438
Br62_rep6_Dep6_Tu5,1.681,22.090,7.874,0.724,17.954,0.567,2.787,2.107,5.066,6.010,10.328,4.021,18.794
Br62_rep9_Dep6_Tu20,14.031,25.768,2.722,4.979,5.748,0.544,1.588,4.438,0.827,8.182,8.731,3.908,18.535
Br62_rep2_Dep6_Tu30,18.493,13.811,18.188,8.170,1.672,0.625,1.525,5.001,5.288,4.175,7.221,3.645,12.187
Br62_rep7_Dep6_Tu10,5.006,15.147,8.703,2.392,29.602,0.267,4.162,1.431,4.176,5.956,12.037,2.114,9.006
Br62_rep6_Dep6_Tu0.1,0.357,16.139,8.774,0.006,7.774,0.893,2.644,0.480,6.130,8.257,11.912,2.776,33.858
Br62_rep5_Dep6_Tu50,37.917,6.713,13.481,11.222,8.151,0.198,3.600,5.898,3.789,1.144,3.506,0.518,3.864
Br62_rep10_Dep6_Tu1,0.607,31.681,4.646,0.045,2.627,1.039,2.236,4.824,2.564,5.030,12.696,4.191,27.815
Br62_rep1_Dep6_Tu30,22.654,26.933,8.979,5.747,3.357,0.499,4.227,1.102,4.764,1.783,10.941,2.284,6.730
Br62_rep7_Dep6_Tu0.3,0.517,15.256,2.782,0.034,25.278,0.537,1.322,0.705,8.529,6.543,11.222,0.708,26.567
Br62_rep2_Dep6_Tu10,6.259,5.312,3.033,2.283,30.052,0.769,2.821,4.983,5.402,4.457,4.538,3.898,26.193
Br62_rep9_Dep6_Tu0.1,0.415,9.123,6.991,0.010,31.029,0.384,3.855,5.704,1.537,2.136,11.069,5.128,22.618
Br62_rep3_Dep6_Tu10,6.082,15.771,7.260,2.230,16.619,0.745,4.186,6.601,3.194,4.626,7.115,1.880,23.691
Br62_rep4_Dep6_Tu5,2.882,22.672,11.616,0.605,4.086,1.148,3.147,5.206,2.492,5.164,9.565,3.782,27.636
Br62_rep8_Dep6_Tu20,12.595,28.130,11.782,4.785,6.192,0.631,3.234,5.338,6.078,1.772,9.311,1.687,8.465
Br62_rep1_Dep6_Tu2,1.219,7.620,8.665,0.157,24.848,0.664,4.169,6.939,1.386,5.007,6.514,3.433,29.381
Br62_rep10_Dep6_Tu5,3.487,5.079,7.698,0.886,27.322,0.603,2.369,4.835,1.993,7.384,9.731,3.673,24.938
Br62_rep10_Dep6_Tu30,19.656,15.410,10.322,6.767,7.250,0.400,1.573,1.465,7.821,2.844,8.617,3.217,14.660
Br62_rep6_Dep6_Tu2,0.780,8.147,9.210,0.199,26.605,0.643,2.030,4.525,6.934,2.972,10.457,2.546,24.951
Br62_rep4_Dep6_Tu3,1.351,28.352,5.594,0.476,21.837,0.465,1.428,1.411,1.778,8.689,14.781,4.764,9.073
Br66_rep4_Dep6_Tu50,44.357,4.937,8.779,6.750,9.881,0.263,2.865,2.919,2.189,4.153,5.848,0.215,6.845
Br66_rep3_Dep6_Tu0.5,0.224,20.399,6.278,0.026,18.379,0.389,1.960,2.257,4.586,8.456,8.842,3.431,24.773
Br66_rep2_Dep6_Tu3,0.845,9.822,7.117,0.213,31.038,0.725,2.237,4.075,5.867,4.828,11.314,2.830,19.090
Br66_rep6_Dep6_Tu40,33.045,4.581,13.223,5.973,8.781,1.836,2.417,5.321,2.290,2.274,4.749,1.719,13.790
Br66_rep9_Dep6_Tu0.1,0.151,15.363,7.371,0.014,25.317,0.318,2.995,5.450,2.041,7.414,7.138,4.371,22.057
Br66_rep9_Dep6_Tu5,2.315,4.197,13.123,0.766,29.515,0.660,1.825,1.449,3.542,9.439,14.877,2.975,15.317
Br66_rep10_Dep6_Tu1,0.269,31.641,4.772,0.023,19.197,0.627,3.264,5.125,6.651,0.480,9.435,3.395,15.121
Br66_rep6_Dep6_Tu20,14.224,2.829,13.954,3.507,20.745,1.003,6.085,5.664,1.507,4.776,0.122,2.621,22.962
Br66_rep10_Dep6_Tu30,22.955,11.686,7.975,4.759,13.331,1.345,1.025,4.561,4.565,5.427,5.337,2.938,14.098
Br66_rep10_Dep6_Tu5,2.951,15.758,10.093,0.361,16.322,1.076,1.358,1.127,8.259,3.090,12.303,4.095,23.207
Br66_rep7_Dep6_Tu1,0.831,0.491,7.301,0.010,34.677,0.575,2.940,0.971,10.594,1.724,6.598,2.272,31.015
Br66_rep6_Dep6_Tu0.3,0.303,19.285,6.837,0.003,24.135,0.333,1.456,4.555,5.237,5.993,11.190,2.619,18.054
Br66_rep1_Dep6_Tu30,24.830,6.999,10.435,4.208,15.086,1.661,3.146,4.499,4.940,1.298,3.031,3.075,16.791
Br66_rep3_Dep6_Tu1,0.360,6.805,10.589,0.021,24.942,0.477,3.629,4.957,0.256,8.303,8.708,3.330,27.623
Br66_rep3_Dep6_Tu30,25.706,17.872,1.000,4.918,14.552,0.925,2.393,1.404,3.973,5.351,6.811,3.330,11.767
Br66_rep9_Dep6_Tu1,0.987,18.110,4.274,0.024,20.265,0.634,3.222,3.115,4.992,3.894,11.168,3.122,26.195
Br66_rep9_Dep6_Tu40,33.351,18.811,5.362,5.944,8.137,1.331,1.602,0.498,5.514,4.553,6.329,2.931,5.636
Br66_rep5_Dep6_Tu1,0.529,27.170,3.138,0.118,20.678,0.495,3.258,5.505,4.103,5.005,12.848,0.352,16.800
Br66_rep2_Dep6_Tu5,1.892,18.393,8.508,0.231,27.175,0.401,2.287,5.949,4.953,6.562,8.626,1.696,13.326
Br66_rep5_Dep6_Tu30,21.349,6.531,11.077,4.769,19.495,0.986,2.728,5.181,0.390,7.737,7.383,3.993,8.382
Br66_rep7_Dep6_Tu50,43.528,12.396,4.365,7.052,8.757,1.359,0.698,4.153,0.646,3.205,4.467,3.346,6.028
Br66_rep4_Dep6_Tu40,32.899,8.179,10.328,5.994,11.859,1.098,2.776,2.142,5.527,5.375,3.783,0.169,9.870
Br66_rep8_Dep6_Tu5,2.395,1.263,10.068,0.596,30.436,0.722,1.369,5.540,1.163,10.333,4.606,4.349,27.160
Br66_rep9_Dep6_Tu2,1.382,20.206,4.142,0.127,19.475,0.870,1.403,2.685,5.914,6.011,10.111,1.521,26.152
Br66_rep6_Dep6_Tu30,24.251,13.282,11.526,3.774,6.460,1.730,2.996,1.391,7.142,3.349,5.573,2.563,15.963
Br66_rep4_Dep6_Tu0.1,0.177,30.203,8.411,0.008,4.152,0.770,2.073,2.459,3.452,6.926,12.968,3.399,25.001
Br66_rep5_Dep6_Tu10,8.066,5.220,8.322,1.226,24.985,0.960,3.857,2.146,4.225,6.975,11.485,0.042,22.490
Br66_rep3_Dep6_Tu40,32.415,3.936,17.239,6.108,9.670,1.468,1.301,3.620,3.076,4.693,7.561,2.421,6.491
Br66_rep9_Dep6_Tu0.5,0.388,9.849,8.022,0.014,27.451,0.456,1.114,5.328,2.327,7.105,4.774,4.457,28.714
Br66_rep8_Dep6_Tu2,1.510,31.534,1.976,0.103,21.520,0.229,4.142,4.762,1.611,9.460,0.596,5.164,17.392
Br66_rep10_Dep6_Tu2,0.967,16.566,7.717,0.044,24.133,0.723,4.721,2.142,3.166,3.629,13.898,3.365,18.928
Br66_rep6_Dep6_Tu0.1,0.366,15.843,6.211,0.018,22.431,0.530,0.666,4.225,4.359,4.175,13.174,4.295,23.706
Br66_rep5_Dep6_Tu0.5,0.342,9.852,11.079,0.010,24.446,0.826,1.991,4.674,3.397,4.341,12.627,2.976,23.440
Br66_rep2_Dep6_Tu20,15.724,14.804,9.241,3.173,15.631,0.715,3.246,5.391,0.457,5.581,7.852,3.499,14.686
Br66_rep4_Dep6_Tu0.5,0.544,11.212,7.097,0.036,29.189,0.317,2.910,0.706,5.586,8.472,13.999,1.292,18.638
Br66_rep4_Dep6_Tu5,2.983,4.639,7.383,0.366,28.327,0.684,1.685,0.235,6.912,8.352,11.507,3.240,23.687
Br66_rep8_Dep6_Tu0.5,0.577,18.595,10.646,0.034,6.303,0.759,1.594,4.939,2.319,8.815,3.738,5.042,36.639
Br66_rep5_Dep6_Tu20,16.415,5.319,7.909,2.407,19.674,1.061,3.049,0.598,5.494,7.075,11.581,1.325,18.091
Br66_rep1_Dep6_Tu3,2.064,17.498,2.410,0.218,26.501,0.464,2.586,1.929,7.389,3.405,11.750,3.605,20.180
Br66_rep10_Dep6_Tu10,5.835,14.187,12.703,1.248,11.193,1.463,3.570,4.440,0.402,7.212,10.566,3.859,23.321
Br66_rep3_Dep6_Tu10,7.069,12.199,4.892,1.022,23.319,0.901,1.943,3.734,4.841,5.007,9.506,3.634,21.933
Br66_rep10_Dep6_Tu40,31.255,0.456,12.335,6.582,13.223,1.370,3.861,2.161,3.421,3.494,6.076,2.301,13.465
Br66_rep1_Dep6_Tu50,43.451,3.734,15.161,7.087,3.720,1.445,2.051,2.612,4.385,5.246,1.572,0.807,8.729
Br66_rep10_Dep6_Tu0.5,0.863,12.325,1.431,0.043,27.135,0.419,4.382,0.324,3.927,8.372,11.670,1.821,27.288
Br66_rep1_Dep6_Tu0.3,0.262,12.832,10.405,0.011,28.132,0.390,2.895,1.765,7.911,2.438,12.904,3.853,16.203
Br66_rep10_Dep6_Tu0.1,0.696,1.167,4.916,0.016,39.222,0.116,1.886,2.464,4.955,5.687,15.007,2.834,21.035
Br66_rep8_Dep6_Tu40,31.721,14.243,8.547,6.309,15.633,1.111,3.175,2.755,3.481,5.255,4.415,1.957,1.398
Br66_rep3_Dep6_Tu20,15.921,29.300,7.844,2.164,9.201,0.776,2.910,1.055,1.342,7.668,11.721,4.108,5.990
Br66_rep9_Dep6_Tu0.3,0.294,10.818,6.532,0.016,17.493,0.768,2.857,3.631,0.549,10.039,7.637,3.980,35.387
Br66_rep7_Dep6_Tu0.3,0.266,28.619,8.203,0.014,4.381,1.051,3.386,3.249,5.854,2.981,7.157,2.651,32.190
Br66_rep5_Dep6_Tu2,1.040,18.711,6.116,0.033,28.000,0.293,2.700,4.684,1.325,7.518,11.058,4.117,14.405
Br66_rep5_Dep6_Tu0.3,0.475,8.907,9.689,0.016,19.927,0.439,2.833,1.441,3.216,8.720,12.609,3.332,28.394
Br66_rep6_Dep6_Tu5,2.389,8.824,6.310,0.481,38.727,0.592,2.723,5.202,6.109,3.397,12.503,2.055,10.686
Br66_rep5_Dep6_Tu3,0.484,31.334,7.277,0.170,23.305,0.751,1.125,3.254,2.618,8.057,14.977,4.520,2.130
Br66_rep1_Dep6_Tu5,3.293,13.529,3.341,0.479,25.722,0.443,2.323,4.522,2.230,10.678,7.248,2.171,24.020
Br66_rep6_Dep6_Tu10,6.829,11.179,8.029,1.115,24.679,1.187,3.369,8.218,0.760,2.195,9.596,2.854,19.991
Br66_rep3_Dep6_Tu5,3.345,19.541,4.300,0.402,24.415,0.844,4.065,1.561,7.706,2.700,11.552,1.257,18.311
Br66_rep1_Dep6_Tu1,0.887,14.586,9.311,0.025,3.509,1.720,5.263,7.977,0.862,4.297,3.168,4.057,44.337
Br66_rep4_Dep6_Tu30,22.785,22.902,8.353,4.746,11.337,1.133,4.083,3.315,4.738,0.365,9.385,3.490,3.368
Br66_rep8_Dep6_Tu20,17.170,18.188,0.593,3.132,20.912,0.928,3.108,4.586,1.334,4.092,7.882,3.773,14.304
Br66_rep4_Dep6_Tu10,7.276,15.545,8.821,1.463,16.123,1.209,1.732,3.701,5.856,4.872,5.201,2.723,25.476
Br66_rep2_Dep6_Tu1,0.838,9.015,4.118,0.045,31.472,0.284,0.998,1.953,5.667,7.378,11.198,3.022,24.013
Br66_rep6_Dep6_Tu2,0.956,3.397,5.515,0.184,32.311,0.570,2.943,5.293,2.944,6.574,6.788,3.594,28.932
Br66_rep6_Dep6_Tu0.5,0.091,16.121,8.133,0.041,19.190,0.929,0.859,1.067,10.777,3.534,13.967,1.071,24.220
Br66_rep5_Dep6_Tu0.1,0.382,28.233,8.198,0.008,24.212,0.055,0.741,1.267,6.290,10.365,12.455,2.760,5.034
Br66_rep2_Dep6_Tu2,0.992,14.830,9.290,0.189,14.472,1.221,3.394,4.095,2.940,3.975,10.859,3.576,30.168
Br66_rep10_Dep6_Tu50,42.166,9.831,9.138,7.122,2.681,2.099,3.235,2.945,2.748,3.128,3.910,1.920,9.077
Br66_rep7_Dep6_Tu3,1.277,26.179,10.854,0.061,20.938,0.627,2.617,8.002,4.860,4.039,12.875,0.205,7.465
Br66_rep7_Dep6_Tu10,6.280,10.713,13.606,1.306,11.602,1.781,3.413,2.732,4.773,3.553,8.214,3.620,28.406
Br66_rep2_Dep6_Tu0.5,0.214,10.475,5.539,0.002,30.492,0.463,3.021,4.847,5.740,4.010,6.982,2.466,25.749
Br66_rep5_Dep6_Tu50,42.623,1.984,11.857,7.934,8.327,1.569,0.264,0.519,3.699,2.597,6.472,3.774,8.382
Br66_rep9_Dep6_Tu20,14.460,21.329,11.400,3.467,9.464,1.531,1.759,4.514,7.137,0.447,11.008,1.712,11.771
Br66_rep8_Dep6_Tu3,1.750,7.852,8.320,0.183,27.629,0.842,2.978,3.334,6.005,1.600,10.754,3.627,25.127
Br66_rep9_Dep6_Tu10,0.501,20.675,11.622,2.380,12.991,2.086,1.797,6.852,10.549,2.124,2.168,2.358,23.898
Br66_rep7_Dep6_Tu2,0.582,22.001,1.679,0.040,25.002,0.719,2.859,6.018,3.019,3.582,10.916,3.479,20.103
Br66_rep6_Dep6_Tu3,1.823,33.042,4.827,0.218,3.589,1.151,3.302,3.159,4.250,4.590,13.042,2.677,24.328
Br66_rep1_Dep6_Tu0.5,0.331,12.519,11.177,0.009,22.444,0.595,3.358,7.163,0.125,2.081,13.368,4.226,22.604
Br66_rep2_Dep6_Tu40,32.931,1.412,10.513,5.490,14.498,1.541,3.658,2.832,2.627,2.098,6.650,3.460,12.291
Br66_rep1_Dep6_Tu2,1.176,21.819,3.946,0.059,24.895,0.510,2.732,2.554,7.678,5.592,12.339,1.115,15.586
Br66_rep8_Dep6_Tu1,0.318,8.802,7.451,0.012,36.825,0.661,2.806,5.149,4.442,0.290,15.844,3.159,14.241
Br66_rep4_Dep6_Tu3,1.817,19.149,7.064,0.221,31.248,0.152,2.599,6.591,1.853,3.506,14.767,2.704,8.330
Br66_rep7_Dep6_Tu40,33.090,11.768,7.515,6.075,9.543,1.671,2.897,3.657,4.719,3.112,4.875,0.876,10.201
Br66_rep7_Dep6_Tu0.5,0.103,14.282,6.585,0.022,19.370,0.918,2.041,0.566,10.375,3.920,7.508,3.008,31.303
Br66_rep2_Dep6_Tu30,25.911,14.887,2.776,5.545,24.005,0.682,3.555,5.470,3.566,1.514,7.148,2.001,2.940
Br66_rep2_Dep6_Tu0.1,0.189,35.032,8.201,0.007,5.163,0.821,3.393,5.234,8.150,2.544,1.790,3.288,26.190
Br66_rep7_Dep6_Tu0.1,0.154,6.395,8.916,0.008,28.113,0.371,2.246,3.240,1.471,8.494,9.489,3.589,27.513
Br66_rep1_Dep6_Tu40,33.523,11.429,5.102,6.245,11.444,1.066,3.432,0.641,3.055,5.297,6.658,1.632,10.476
Br66_rep7_Dep6_Tu5,2.111,6.441,3.531,0.916,32.204,0.770,1.729,2.810,4.808,6.009,12.291,3.447,22.933
Br66_rep4_Dep6_Tu1,0.496,5.005,8.281,0.082,31.630,0.710,2.115,4.369,6.737,3.235,10.447,2.663,24.231
Br66_rep8_Dep6_Tu0.1,0.243,11.410,1.663,0.030,29.175,0.505,4.218,5.842,5.372,3.943,2.360,4.165,31.073
Br66_rep4_Dep6_Tu2,0.997,4.095,10.488,0.023,29.017,0.934,1.619,4.643,4.716,4.275,11.921,2.460,24.810
Br66_rep1_Dep6_Tu0.1,0.262,10.175,9.238,0.005,21.667,0.539,2.932,2.540,1.235,8.030,12.953,3.234,27.191
Br66_rep2_Dep6_Tu10,7.667,17.397,4.573,1.158,17.633,1.017,3.378,1.371,5.081,6.528,9.036,2.647,22.512
Br66_rep4_Dep6_Tu20,17.161,23.258,5.116,3.017,7.146,1.052,3.264,1.550,3.351,5.963,8.532,3.268,17.322
Br66_rep4_Dep6_Tu0.3,0.937,9.678,0.128,0.027,22.383,1.552,2.420,3.895,5.672,0.407,12.546,4.147,36.208
Br66_rep10_Dep6_Tu3,1.728,23.289,7.640,0.095,26.507,0.373,4.427,2.093,2.692,6.074,10.770,4.600,9.713
Br66_rep1_Dep6_Tu20,14.370,15.939,11.798,2.956,11.302,0.881,2.054,0.302,4.863,7.604,9.368,3.869,14.695
Br66_rep6_Dep6_Tu1,0.736,25.291,6.212,0.007,13.107,0.518,3.512,1.102,4.557,8.424,7.803,2.045,26.687
Br66_rep6_Dep6_Tu50,40.837,13.428,14.443,7.080,3.623,1.299,3.508,1.582,2.953,4.841,0.155,3.062,3.189
Br66_rep9_Dep6_Tu3,1.692,32.621,5.225,0.099,10.250,0.858,2.718,7.022,3.974,4.050,9.814,2.448,19.230
Br66_rep3_Dep6_Tu50,41.789,1.904,11.203,7.164,11.431,1.404,3.591,1.821,3.353,0.965,5.962,2.942,6.472
Br66_rep8_Dep6_Tu30,25.247,7.163,0.264,5.045,20.513,1.449,1.782,3.915,2.144,0.823,9.272,4.891,17.492
Br66_rep7_Dep6_Tu20,8.702,19.876,13.304,3.254,15.284,1.696,3.779,6.144,4.468,5.943,4.217,3.334,10.001
Br66_rep3_Dep6_Tu2,0.549,6.006,8.875,0.137,36.176,0.492,0.760,3.051,7.801,5.890,10.594,3.454,16.215
Br66_rep8_Dep6_Tu50,43.571,0.213,16.391,7.130,0.248,1.940,3.134,1.294,1.981,0.970,6.218,4.133,12.777
Br66_rep3_Dep6_Tu3,0.602,19.931,8.914,0.321,15.044,0.816,3.205,2.575,6.839,5.543,7.137,3.780,25.293
Br66_rep3_Dep6_Tu0.3,0.552,23.596,6.506,0.021,30.463,0.172,0.122,0.165,10.015,3.042,15.537,4.572,5.238
Br66_rep8_Dep6_Tu0.3,0.153,19.745,4.586,0.041,24.902,0.113,0.987,3.903,5.327,7.572,7.446,3.466,21.760
Br66_rep3_Dep6_Tu0.1,0.365,12.641,11.335,0.007,18.334,0.545,2.624,2.025,2.967,6.840,14.267,3.391,24.659
Br66_rep10_Dep6_Tu0.3,0.351,6.572,8.648,0.012,26.109,0.536,0.377,5.189,2.130,7.265,10.384,4.577,27.851
Br66_rep2_Dep6_Tu50,43.460,14.707,1.419,8.016,14.461,0.993,2.088,3.698,2.581,2.362,3.475,2.388,0.354
Br66_rep5_Dep6_Tu5,3.391,18.508,8.721,0.352,9.526,1.419,1.365,0.647,8.313,7.201,11.599,0.581,28.377
Br66_rep10_Dep6_Tu20,14.759,8.929,9.172,2.988,17.780,1.034,2.859,1.076,0.941,7.095,11.492,4.570,17.305
Br66_rep7_Dep6_Tu30,24.873,10.613,10.725,3.716,18.413,0.903,2.268,4.095,4.031,4.537,3.639,2.555,9.630
Br66_rep9_Dep6_Tu30,24.923,18.970,8.467,4.235,4.177,1.064,3.939,2.460,2.467,5.413,5.857,2.488,15.541
Br66_rep5_Dep6_Tu40,34.063,8.213,10.255,5.038,11.233,1.518,1.052,5.185,1.169,5.716,7.460,0.829,8.268
Br66_rep8_Dep6_Tu10,6.593,18.613,9.019,1.273,9.146,1.890,2.475,5.493,5.618,3.459,13.131,1.360,21.930
Br66_rep9_Dep6_Tu50,41.731,11.779,11.844,7.447,3.277,1.546,1.998,0.582,0.938,5.345,6.336,3.289,3.889
Br66_rep2_Dep6_Tu0.3,0.443,16.049,6.665,0.010,19.861,0.447,2.559,5.802,2.422,5.656,4.416,4.090,31.580
Br66_rep1_Dep6_Tu10,6.208,3.752,13.706,1.234,18.395,1.225,4.050,0.199,5.679,4.873,8.087,4.766,27.825
Cer77_rep9_Dep6_Tu3,0.569,3.669,14.057,0.402,23.261,0.502,4.023,2.825,5.251,9.919,8.680,1.666,25.175
Cer77_rep5_Dep6_Tu30,8.532,5.526,35.704,10.524,1.649,0.433,5.427,8.440,9.050,3.270,4.920,0.420,6.106
Cer77_rep3_Dep6_Tu30,5.825,0.775,42.715,10.816,2.074,0.360,3.791,3.146,10.964,7.860,5.843,0.536,5.295
Cer77_rep8_Dep6_Tu50,6.627,2.013,39.445,17.506,0.185,0.238,5.841,7.224,13.480,2.952,2.175,1.590,0.723
Cer77_rep1_Dep6_Tu1,0.820,14.636,7.462,0.042,23.084,0.384,0.635,2.659,6.954,5.840,11.577,4.293,21.614
Cer77_rep7_Dep6_Tu3,1.406,22.915,5.443,1.192,16.088,0.592,2.010,1.547,6.626,6.596,8.975,4.464,22.147
Cer77_rep10_Dep6_Tu2,1.680,18.867,7.553,0.302,19.753,0.581,4.810,6.047,0.695,3.812,7.849,4.178,23.874
Cer77_rep2_Dep6_Tu0.5,0.041,9.896,7.525,0.015,28.351,0.366,3.474,1.553,4.412,7.494,9.059,3.140,24.673
Cer77_rep3_Dep6_Tu20,5.406,8.946,34.145,7.123,4.688,0.470,3.826,6.495,5.728,6.907,0.546,4.416,11.303
Cer77_rep1_Dep6_Tu2,1.175,15.754,13.759,0.225,11.658,0.972,2.446,2.302,6.614,3.020,11.823,4.138,26.115
Cer77_rep2_Dep6_Tu5,1.698,20.641,11.601,1.724,12.286,1.044,1.197,5.999,5.796,0.481,12.562,4.099,20.874
Cer77_rep5_Dep6_Tu0.5,0.401,20.605,6.600,0.013,19.662,0.373,4.824,1.077,3.663,8.172,3.839,3.728,27.043
Cer77_rep2_Dep6_Tu50,12.515,1.125,43.316,16.158,0.137,0.007,6.229,3.845,9.793,2.827,2.284,1.216,0.547
Cer77_rep9_Dep6_Tu0.5,0.158,15.517,7.328,0.033,21.323,0.489,2.724,0.205,8.544,8.156,7.297,0.629,27.598
Cer77_rep4_Dep6_Tu10,2.746,13.758,23.693,2.979,11.419,0.892,5.044,11.322,3.372,0.583,2.761,3.352,18.078
Cer77_rep9_Dep6_Tu20,5.124,12.732,34.308,7.247,1.154,0.716,4.868,11.795,0.865,0.387,10.719,4.560,5.524
Cer77_rep3_Dep6_Tu10,2.742,3.272,23.380,3.103,20.552,0.555,4.577,2.146,14.389,3.046,3.527,1.785,16.927
Cer77_rep6_Dep6_Tu5,3.209,20.992,0.148,3.038,18.368,0.462,4.124,7.253,0.047,6.455,7.573,4.144,24.188
Cer77_rep5_Dep6_Tu1,0.683,11.227,5.105,0.157,29.520,0.408,3.454,6.003,0.967,3.917,10.067,4.499,23.993
Cer77_rep5_Dep6_Tu0.3,0.295,5.078,8.213,0.015,30.830,0.649,2.743,4.509,6.802,1.021,11.536,3.259,25.049
Cer77_rep4_Dep6_Tu50,11.319,0.919,41.221,15.735,0.137,0.239,3.889,7.651,9.247,4.385,2.045,3.021,0.194
Cer77_rep6_Dep6_Tu0.3,0.757,23.954,1.248,0.015,22.523,0.514,3.691,8.206,0.235,0.417,11.358,4.850,22.231
Cer77_rep4_Dep6_Tu40,7.997,5.712,37.643,14.867,0.441,0.253,6.066,14.096,3.348,0.728,4.158,3.024,1.667
Cer77_rep10_Dep6_Tu5,2.241,9.752,13.065,1.490,22.332,0.487,3.310,3.827,8.085,3.891,7.547,3.569,20.405
Cer77_rep3_Dep6_Tu1,0.565,10.291,9.666,0.066,17.977,0.969,2.876,3.411,4.169,5.409,12.734,2.264,29.603
Cer77_rep8_Dep6_Tu40,6.800,3.231,41.074,13.413,1.069,0.436,6.726,4.938,11.648,3.436,2.333,2.654,2.242
Cer77_rep7_Dep6_Tu0.3,0.393,10.950,7.342,0.074,23.935,0.628,2.764,0.276,4.960,3.648,13.293,3.978,27.758
Cer77_rep3_Dep6_Tu0.1,0.615,31.061,7.420,0.011,2.560,0.767,1.323,0.082,8.179,8.145,11.673,1.119,27.043
Cer77_rep4_Dep6_Tu0.3,0.626,30.532,4.254,0.021,7.488,0.752,0.894,4.697,2.637,7.626,8.463,4.045,27.966
Cer77_rep6_Dep6_Tu2,0.307,20.682,12.239,0.532,13.637,0.937,4.151,6.418,1.265,1.923,10.988,4.973,21.945
Cer77_rep6_Dep6_Tu20,3.520,8.674,32.642,8.069,7.135,0.530,3.372,8.523,4.034,7.076,6.979,2.699,6.748
Cer77_rep9_Dep6_Tu40,1.548,2.609,43.920,15.080,0.534,0.703,5.470,14.826,5.218,1.799,0.295,5.035,2.963
Cer77_rep6_Dep6_Tu40,9.530,4.124,39.465,13.309,1.237,0.233,3.006,2.738,15.458,7.179,2.214,0.037,1.471
