Sample,BRCA,CEAD,CESC,COAD,OV,READ,bcell,cd4tcell,cd8tcell,erythroblast,monocyte,naturalkillercell,neutrophil,Unknown-1
Colo_rep2_Dep6_Tu0.5,0.495,25.221,4.179,0.002,21.254,0.216,3.934,2.906,0.838,4.850,6.587,4.525,13.875,11.119
Colo_rep2_Dep6_Tu50,1.703,10.580,3.186,1.037,7.323,36.283,3.507,4.043,4.745,8.822,3.458,2.080,5.905,7.327
Colo_rep6_Dep6_Tu1,0.499,17.781,3.225,0.002,24.745,0.654,3.602,2.710,3.604,1.304,5.257,4.407,25.595,6.616
Colo_rep3_Dep6_Tu2,0.745,15.838,4.092,0.007,12.222,1.267,1.821,3.094,2.535,7.853,7.134,5.572,23.823,13.996
Colo_rep7_Dep6_Tu2,0.384,21.588,4.056,0.069,24.908,1.090,1.749,3.757,2.503,4.002,9.224,2.919,19.201,4.550
Colo_rep8_Dep6_Tu0.1,0.192,19.111,7.026,0.007,1.208,0.529,2.897,5.171,3.728,8.166,12.796,3.392,13.419,22.359
Colo_rep10_Dep6_Tu2,0.719,17.966,1.398,0.011,15.552,1.279,1.608,3.907,5.036,7.617,5.082,3.641,21.556,14.628
Colo_rep6_Dep6_Tu3,0.688,10.296,3.020,0.071,16.065,1.803,3.133,3.429,1.716,7.766,9.544,4.055,24.665,13.748
Colo_rep9_Dep6_Tu30,1.813,7.689,4.527,0.102,12.830,21.931,4.539,6.838,7.432,1.978,3.585,2.910,10.979,12.847
Colo_rep9_Dep6_Tu0.5,0.372,25.656,2.801,0.033,15.071,0.456,1.696,3.612,1.577,5.026,7.369,4.515,20.515,11.303
Colo_rep6_Dep6_Tu20,0.575,23.622,4.763,0.078,7.718,15.814,4.624,0.044,6.548,0.378,9.094,3.661,20.342,2.739
Colo_rep8_Dep6_Tu30,2.389,12.769,4.691,0.183,10.965,21.751,5.228,3.322,9.645,2.080,1.252,0.862,18.575,6.286
Colo_rep3_Dep6_Tu5,0.457,15.934,3.506,0.037,14.372,3.509,3.219,4.965,5.842,5.228,7.235,2.115,16.515,17.065
Colo_rep4_Dep6_Tu3,0.826,25.734,5.591,0.068,18.061,1.666,0.631,1.327,6.581,2.748,12.054,2.591,12.750,9.372
Colo_rep2_Dep6_Tu10,0.513,27.872,1.351,0.058,1.771,8.307,4.094,11.558,0.681,8.387,0.377,1.182,16.652,17.196
Colo_rep3_Dep6_Tu40,3.303,12.275,0.905,0.142,12.127,29.011,6.144,4.574,4.986,5.965,2.452,1.940,4.307,11.870
Colo_rep3_Dep6_Tu30,1.349,6.544,6.159,0.187,2.421,22.637,4.187,4.705,6.656,7.813,6.737,1.898,9.268,19.438
Colo_rep6_Dep6_Tu30,1.603,1.363,7.582,0.104,1.796,24.261,3.957,7.111,2.201,0.870,9.128,5.698,25.846,8.481
Colo_rep4_Dep6_Tu50,2.405,10.571,2.883,0.917,2.927,37.053,3.880,4.627,3.055,6.104,4.141,3.944,10.324,7.168
Colo_rep5_Dep6_Tu50,2.107,7.510,5.595,0.500,3.192,37.202,5.928,4.402,4.262,0.893,6.186,6.444,4.600,11.177
Colo_rep6_Dep6_Tu2,0.219,25.663,5.915,0.028,6.662,1.929,3.607,6.148,0.488,0.873,12.825,4.924,16.528,14.191
Colo_rep10_Dep6_Tu50,1.676,0.379,4.665,0.735,8.291,36.861,4.112,6.502,2.701,6.489,7.513,3.496,5.934,10.646
Colo_rep7_Dep6_Tu50,0.838,3.072,2.597,0.619,11.248,36.847,2.257,4.221,5.105,6.049,7.807,4.241,6.752,8.347
Colo_rep9_Dep6_Tu40,1.541,9.491,4.074,0.435,4.707,29.399,4.744,8.411,2.775,1.440,7.122,4.692,8.139,13.029
Colo_rep8_Dep6_Tu5,0.921,12.478,2.687,0.148,19.733,3.386,3.024,3.761,8.000,3.972,6.658,0.081,24.607,10.545
Colo_rep1_Dep6_Tu20,0.488,4.506,5.571,0.374,22.248,14.410,2.740,0.709,4.304,6.136,10.645,4.447,14.046,9.377
Colo_rep9_Dep6_Tu2,0.456,10.350,4.455,0.023,23.753,1.366,2.779,4.734,3.381,3.622,7.553,3.240,20.376,13.912
Colo_rep5_Dep6_Tu30,1.493,7.243,6.930,0.291,9.280,21.451,1.198,7.272,5.488,6.074,8.123,2.929,10.354,11.874
Colo_rep4_Dep6_Tu0.1,0.225,23.623,4.354,0.009,8.381,0.662,4.562,0.979,8.847,0.696,11.796,0.984,19.104,15.778
Colo_rep5_Dep6_Tu0.1,0.061,7.427,6.245,0.008,15.527,0.370,2.934,4.397,0.670,8.142,11.298,4.013,20.411,18.500
Colo_rep9_Dep6_Tu3,1.007,17.944,5.491,0.040,13.347,2.194,1.981,3.510,3.988,1.257,12.253,4.573,21.751,10.664
Colo_rep2_Dep6_Tu0.1,0.631,18.415,5.367,0.020,17.842,0.652,0.422,7.033,5.991,1.179,4.886,2.315,27.931,7.315
Colo_rep8_Dep6_Tu10,1.711,15.472,2.490,0.190,15.112,6.342,6.074,5.035,2.994,4.872,5.218,2.618,20.901,10.968
Colo_rep4_Dep6_Tu30,3.025,3.664,4.019,0.474,18.846,21.098,5.072,5.564,6.735,0.878,5.136,4.686,5.115,15.688
Colo_rep2_Dep6_Tu2,0.588,2.962,6.677,0.014,24.128,0.761,2.940,3.270,2.689,7.445,5.295,4.551,23.197,15.482
Colo_rep1_Dep6_Tu5,0.589,22.009,6.039,0.018,6.096,3.071,2.519,1.718,5.491,7.361,10.543,3.699,15.183,15.664
Colo_rep8_Dep6_Tu50,2.888,11.072,4.038,0.606,4.154,36.722,4.261,4.178,2.059,6.115,7.521,4.417,3.368,8.600
Colo_rep5_Dep6_Tu5,0.739,3.086,7.148,0.038,5.217,4.127,1.188,5.650,4.780,9.206,8.117,3.565,25.714,21.425
Colo_rep6_Dep6_Tu50,2.226,9.011,4.650,0.346,5.316,37.498,1.885,5.263,10.678,0.226,3.801,2.854,8.279,7.967
Colo_rep5_Dep6_Tu0.5,0.062,11.837,5.685,0.014,16.808,0.744,0.029,4.699,3.675,6.385,9.211,3.040,23.578,14.233
Colo_rep4_Dep6_Tu20,0.673,15.333,0.796,0.194,16.839,15.147,5.153,5.167,8.491,1.131,4.472,0.195,20.531,5.879
Colo_rep8_Dep6_Tu40,2.196,3.320,7.499,0.269,10.063,28.840,2.395,3.774,5.352,4.889,8.470,4.535,4.786,13.612
Colo_rep7_Dep6_Tu0.3,0.371,11.667,4.776,0.008,14.915,0.532,1.010,4.674,6.027,3.516,9.697,3.011,21.886,17.911
Colo_rep7_Dep6_Tu30,1.696,6.098,2.602,0.356,14.155,22.360,3.730,7.364,6.521,3.488,0.348,4.548,12.541,14.196
Colo_rep10_Dep6_Tu20,0.953,7.342,3.531,0.037,21.926,14.036,1.657,5.647,4.686,7.187,8.233,3.461,10.976,10.329
Colo_rep9_Dep6_Tu10,1.025,16.167,5.046,0.099,18.976,6.423,1.142,6.094,5.159,4.124,10.860,4.108,2.553,18.225
Colo_rep9_Dep6_Tu0.1,0.485,28.528,3.664,0.029,3.901,0.613,2.120,4.318,1.836,6.516,8.865,4.045,24.724,10.355
Colo_rep10_Dep6_Tu0.3,0.219,9.149,3.633,0.037,18.009,0.508,2.935,0.490,6.734,8.000,7.306,2.223,28.656,12.102
Colo_rep8_Dep6_Tu20,1.702,7.147,6.016,0.065,1.430,15.738,1.926,5.285,11.847,4.934,4.898,0.448,20.809,17.754
Colo_rep3_Dep6_Tu3,0.358,10.649,8.141,0.014,10.442,2.150,1.705,3.560,6.696,8.220,12.338,2.429,12.424,20.875
Colo_rep4_Dep6_Tu2,0.443,30.926,7.807,0.014,0.013,1.469,3.915,6.035,0.750,5.324,13.454,4.630,1.592,23.628
Colo_rep10_Dep6_Tu0.1,0.495,4.582,1.583,0.030,21.921,0.414,3.521,4.741,3.357,6.994,8.569,3.256,25.726,14.809
Colo_rep4_Dep6_Tu0.3,0.680,10.630,3.227,0.020,2.275,0.907,2.216,4.834,2.565,8.083,10.012,4.844,28.459,21.248
Colo_rep9_Dep6_Tu0.3,0.467,21.622,6.369,0.001,0.262,0.986,3.534,6.464,1.529,2.409,12.465,3.543,21.767,18.581
Colo_rep1_Dep6_Tu10,1.561,15.216,2.974,0.091,24.422,6.108,3.026,1.928,8.364,3.941,7.429,4.119,6.719,14.103
Colo_rep6_Dep6_Tu0.3,0.608,26.358,2.866,0.032,22.949,0.094,0.898,0.971,0.614,10.865,2.177,4.492,25.211,1.865
Colo_rep6_Dep6_Tu0.5,0.183,5.772,7.287,0.024,21.862,0.284,2.524,0.148,4.551,7.391,11.576,4.433,17.644,16.322
Colo_rep10_Dep6_Tu10,0.266,13.816,7.403,0.111,18.683,6.465,3.340,0.369,6.026,6.574,9.936,3.856,11.534,11.621
Colo_rep10_Dep6_Tu1,0.994,26.596,0.715,0.109,13.199,0.758,1.092,0.646,3.896,6.755,10.920,3.824,26.924,3.572
Colo_rep10_Dep6_Tu5,0.403,25.632,4.999,0.154,22.008,2.842,0.530,1.994,4.896,9.640,4.986,2.675,14.579,4.662
Colo_rep10_Dep6_Tu40,1.604,11.926,5.921,0.615,9.942,29.044,3.872,5.404,3.800,4.976,7.068,2.866,3.861,9.100
Colo_rep10_Dep6_Tu0.5,0.371,11.848,5.300,0.037,22.110,0.255,1.513,0.211,6.268,7.807,12.176,3.623,12.133,16.347
Colo_rep1_Dep6_Tu1,0.401,12.298,3.259,0.003,22.067,0.652,3.612,5.139,7.868,1.450,2.932,4.235,21.846,14.238
Colo_rep7_Dep6_Tu20,1.427,5.519,6.174,0.211,17.472,13.578,4.739,5.407,1.220,10.073,9.016,0.235,8.298,16.630
Colo_rep6_Dep6_Tu10,0.712,17.466,4.301,0.033,2.949,7.941,3.368,4.642,3.165,7.183,8.513,3.146,18.743,17.837
Colo_rep10_Dep6_Tu3,0.325,9.473,7.545,0.036,30.393,1.532,2.102,4.952,1.944,2.092,9.242,4.648,16.684,9.032
Colo_rep1_Dep6_Tu30,1.205,9.971,7.203,0.173,7.812,22.534,2.294,3.701,6.243,5.118,8.935,4.323,6.139,14.349
Colo_rep1_Dep6_Tu0.1,0.521,12.546,4.092,0.006,16.059,0.420,3.304,2.580,6.812,2.851,9.365,2.048,24.571,14.824
Colo_rep7_Dep6_Tu5,0.450,9.874,7.005,0.054,5.307,4.073,1.602,1.531,4.679,9.141,11.197,2.995,27.065,15.027
Colo_rep7_Dep6_Tu0.1,0.036,26.422,0.386,0.022,15.075,0.261,3.681,2.247,2.953,5.680,9.057,3.685,15.745,14.751
Colo_rep6_Dep6_Tu40,1.791,12.717,3.806,0.548,11.550,29.302,0.929,7.920,3.083,5.478,3.826,3.317,9.716,6.015
Colo_rep8_Dep6_Tu2,0.704,11.323,3.723,0.012,19.611,0.929,3.082,2.290,1.779,8.288,6.110,5.102,24.398,12.650
Colo_rep7_Dep6_Tu0.5,0.182,23.223,6.472,0.013,14.462,0.300,2.170,1.089,0.766,10.318,12.100,4.142,9.861,14.904
Colo_rep5_Dep6_Tu20,0.840,11.739,8.119,0.143,4.713,13.977,3.776,0.518,3.897,11.770,13.225,5.864,0.479,20.940
Colo_rep8_Dep6_Tu0.3,0.236,22.337,3.504,0.008,21.830,0.231,2.593,4.400,5.228,0.884,11.201,4.211,7.762,15.574
Colo_rep4_Dep6_Tu5,0.790,22.378,6.146,0.020,4.162,3.819,3.650,6.008,2.548,4.274,5.478,4.004,24.188,12.535
Colo_rep9_Dep6_Tu1,0.378,10.111,2.687,0.004,19.599,0.611,3.893,4.043,0.490,8.080,9.168,3.643,23.216,14.077
Colo_rep1_Dep6_Tu0.5,0.184,8.063,6.300,0.025,29.973,0.400,3.300,4.350,0.728,4.440,7.987,3.357,27.223,3.672
Colo_rep8_Dep6_Tu3,0.418,15.340,5.214,0.031,18.058,1.838,3.770,3.536,3.772,5.227,7.037,3.153,19.167,13.439
Colo_rep5_Dep6_Tu0.3,0.317,4.711,5.038,0.038,14.911,0.902,1.841,8.202,1.016,1.596,13.209,5.462,25.559,17.199
Colo_rep2_Dep6_Tu30,0.965,16.818,2.974,0.299,4.190,22.876,3.892,0.061,5.289,5.238,9.112,5.362,14.158,8.766
Colo_rep7_Dep6_Tu10,0.890,22.551,4.143,0.065,8.933,7.276,2.916,4.785,5.339,6.455,1.173,2.717,18.551,14.209
Colo_rep2_Dep6_Tu40,1.721,0.314,5.183,0.588,7.289,30.025,3.918,5.966,5.276,5.808,6.645,2.461,13.795,11.011
Colo_rep3_Dep6_Tu0.1,0.613,7.082,5.106,0.005,19.825,0.171,3.231,2.382,2.649,4.800,13.022,4.520,19.063,17.531
Colo_rep3_Dep6_Tu1,0.421,16.646,6.020,0.003,20.538,0.158,4.519,6.216,1.256,6.244,2.397,4.323,13.176,18.084
Colo_rep8_Dep6_Tu1,0.364,23.186,6.008,0.005,11.306,0.628,2.967,0.560,6.156,5.021,13.546,3.800,6.716,19.737
Colo_rep4_Dep6_Tu1,0.741,9.537,1.658,0.071,20.670,0.871,3.055,6.271,1.703,4.325,8.598,3.815,25.082,13.602
Colo_rep5_Dep6_Tu40,2.489,7.360,3.644,0.419,11.472,29.683,1.092,6.044,1.944,6.747,8.246,4.572,8.379,7.908
Colo_rep5_Dep6_Tu10,0.487,11.772,6.106,0.103,18.292,6.621,2.905,4.120,3.837,6.234,8.145,3.686,14.105,13.587
Colo_rep2_Dep6_Tu0.3,0.207,19.462,3.507,0.002,24.458,0.155,3.124,4.103,1.961,5.767,9.064,3.586,9.822,14.782
Colo_rep10_Dep6_Tu30,0.056,15.117,5.276,0.566,14.183,22.071,3.373,4.647,4.969,6.843,3.757,3.497,4.604,11.042
Colo_rep1_Dep6_Tu40,2.092,8.948,5.226,0.403,10.942,30.230,3.816,5.834,1.543,0.979,8.505,4.660,11.846,4.977
Colo_rep6_Dep6_Tu0.1,0.339,20.278,5.933,0.003,1.997,0.757,3.384,5.790,2.695,4.354,10.610,2.983,25.424,15.454
Colo_rep7_Dep6_Tu40,0.371,0.426,3.034,1.141,12.739,30.149,3.142,6.018,2.894,2.958,7.650,6.789,11.041,11.648
Colo_rep1_Dep6_Tu50,2.626,5.549,5.019,0.882,8.891,36.763,4.535,5.608,1.548,6.526,2.971,5.383,5.566,8.133
Colo_rep1_Dep6_Tu0.3,0.643,16.314,8.062,0.005,4.544,0.851,1.997,2.624,7.150,1.123,17.931,4.112,11.609,23.034
Colo_rep9_Dep6_Tu20,1.740,17.263,0.981,0.192,13.300,14.688,3.468,0.995,8.039,0.721,11.502,4.553,10.711,11.846
Colo_rep4_Dep6_Tu10,1.503,2.897,2.762,0.104,21.416,6.382,2.644,0.357,6.030,10.781,5.784,2.456,20.670,16.213
Colo_rep6_Dep6_Tu5,0.431,13.158,4.902,0.027,17.082,3.126,3.393,3.792,4.326,7.021,4.004,3.475,21.815,13.446
Colo_rep9_Dep6_Tu5,1.228,21.088,3.006,0.089,14.217,3.046,4.804,1.792,5.085,3.369,7.115,3.698,18.642,12.823
Colo_rep3_Dep6_Tu50,2.718,5.783,2.815,0.723,9.976,36.186,1.522,4.291,5.841,8.199,8.596,1.739,0.691,10.920
Colo_rep5_Dep6_Tu1,0.382,28.522,6.249,0.012,4.211,0.837,3.231,1.635,8.281,3.346,3.873,4.672,18.524,16.226
Colo_rep5_Dep6_Tu3,1.083,10.496,0.839,0.085,22.223,1.947,3.714,0.736,8.642,2.509,11.183,1.930,18.669,15.944
Colo_rep2_Dep6_Tu1,0.492,13.908,2.619,0.014,13.718,0.944,2.440,3.985,8.669,1.588,10.842,2.104,21.747,16.928
Colo_rep7_Dep6_Tu1,0.256,22.830,4.889,0.014,13.504,0.282,1.579,4.034,2.596,9.303,6.896,2.185,17.341,14.290
Colo_rep5_Dep6_Tu2,0.215,13.604,6.496,0.049,26.103,0.692,1.779,2.909,7.568,3.252,7.409,3.919,12.738,13.268
Colo_rep4_Dep6_Tu40,0.785,8.733,5.902,0.590,8.884,29.583,4.082,3.478,3.361,5.239,8.822,4.612,6.694,9.235
Colo_rep2_Dep6_Tu20,0.885,1.552,5.685,0.106,18.585,14.375,4.031,3.250,6.154,5.341,8.060,2.878,16.977,12.119
Colo_rep4_Dep6_Tu0.5,0.204,18.982,4.894,0.017,11.540,1.061,1.288,2.694,5.772,3.673,10.182,3.620,25.169,10.905
Colo_rep2_Dep6_Tu5,1.091,0.174,3.185,0.064,24.030,3.101,2.878,4.808,6.137,2.738,9.341,2.731,23.355,16.367
Colo_rep2_Dep6_Tu3,0.769,21.092,4.141,0.011,4.873,2.678,3.165,3.171,7.952,2.718,12.045,2.361,15.593,19.431
Colo_rep3_Dep6_Tu10,1.249,16.206,4.379,0.121,14.824,6.641,4.673,3.182,4.009,7.278,9.037,4.819,1.604,21.978
Colo_rep8_Dep6_Tu0.5,0.242,18.804,4.302,0.037,17.603,0.360,2.389,0.996,3.756,6.556,9.537,3.595,24.231,7.592
Colo_rep7_Dep6_Tu3,0.140,30.980,6.447,0.051,18.821,1.431,2.239,0.448,1.553,7.053,13.077,4.092,7.045,6.623
Colo_rep3_Dep6_Tu0.5,0.266,9.887,5.675,0.018,19.073,0.644,0.871,6.017,6.067,4.703,4.928,2.747,26.662,12.442
Colo_rep3_Dep6_Tu20,0.862,12.436,7.705,0.187,13.488,14.431,3.607,3.146,6.457,6.971,2.456,1.696,17.187,9.370
Colo_rep1_Dep6_Tu2,0.579,13.009,3.086,0.055,22.619,1.167,1.947,1.019,4.585,7.017,9.754,3.264,22.059,9.839
Colo_rep9_Dep6_Tu50,2.674,6.509,8.241,0.572,3.319,37.777,3.901,4.041,0.321,8.194,6.778,2.649,11.143,3.883
Colo_rep3_Dep6_Tu0.3,0.198,21.146,6.892,0.014,10.025,0.194,2.062,0.529,5.647,8.423,11.120,3.237,13.959,16.553
Colo_rep1_Dep6_Tu3,0.575,21.815,4.543,0.026,6.049,1.813,4.998,0.752,9.535,4.768,6.307,2.331,19.649,16.839
Br62_rep5_Dep6_Tu0.5,0.399,17.536,5.851,0.012,10.269,0.016,3.536,4.509,2.914,8.315,4.572,3.496,19.079,19.495
Br62_rep5_Dep6_Tu3,2.511,21.220,5.113,0.238,16.255,0.264,0.806,3.157,5.813,6.339,2.112,3.743,19.788,12.641
Br62_rep6_Dep6_Tu30,22.760,4.224,5.582,6.169,7.682,0.372,4.134,4.636,7.902,2.017,7.505,0.408,10.746,15.861
Br62_rep7_Dep6_Tu20,14.014,11.011,4.413,4.423,7.758,0.421,3.911,6.478,2.528,6.527,3.401,3.696,11.877,19.539
Br62_rep2_Dep6_Tu40,30.059,7.777,6.534,9.328,5.089,0.277,4.281,3.060,8.341,0.341,6.650,0.771,4.241,13.251
Br62_rep8_Dep6_Tu0.5,0.628,1.387,8.042,0.028,6.780,0.737,5.497,5.776,4.086,6.793,5.507,0.595,36.707,17.438
Br62_rep5_Dep6_Tu2,1.167,16.816,5.504,0.226,7.342,0.681,2.508,4.721,6.034,6.002,3.380,3.794,25.445,16.380
Br62_rep4_Dep6_Tu50,39.567,4.294,5.955,11.148,2.169,0.043,1.127,6.307,4.671,2.201,0.483,2.904,4.703,14.428
Br62_rep8_Dep6_Tu40,28.332,4.930,10.915,9.150,2.050,0.433,2.549,6.393,4.975,4.178,0.457,2.983,4.264,18.391
Br62_rep7_Dep6_Tu2,1.125,12.480,3.561,0.133,14.350,0.415,2.871,4.396,5.395,5.067,7.341,3.178,23.282,16.407
Br62_rep9_Dep6_Tu40,31.255,12.023,8.981,8.683,1.192,0.172,2.338,1.622,5.536,1.728,3.559,2.861,11.206,8.843
Br62_rep10_Dep6_Tu2,0.793,24.320,0.347,0.138,9.275,0.670,2.120,7.575,0.395,6.726,9.371,5.196,13.788,19.287
Br62_rep6_Dep6_Tu10,6.858,1.595,9.047,1.821,13.596,0.621,0.924,5.735,6.553,4.243,5.574,4.351,18.687,20.393
Br62_rep2_Dep6_Tu2,1.099,4.366,6.493,0.233,21.145,0.139,1.971,0.493,4.175,8.788,8.737,4.300,22.489,15.572
Br62_rep9_Dep6_Tu5,3.586,13.474,4.511,0.713,12.866,0.454,2.413,6.429,6.309,2.990,3.766,4.300,19.307,18.884
Br62_rep6_Dep6_Tu40,30.043,6.659,6.765,8.919,3.586,0.140,2.239,6.066,1.745,6.289,0.307,3.765,5.480,17.997
Br62_rep4_Dep6_Tu20,14.704,16.030,9.323,4.417,17.574,0.087,3.002,3.328,1.538,6.542,9.168,2.077,3.931,8.278
Br62_rep9_Dep6_Tu1,0.640,24.679,6.832,0.017,15.372,0.353,0.280,6.048,0.259,6.599,12.978,4.246,6.498,15.201
Br62_rep1_Dep6_Tu0.3,0.470,7.519,4.285,0.025,16.709,0.379,1.937,2.163,2.698,8.354,12.247,4.279,22.751,16.184
Br62_rep3_Dep6_Tu5,2.922,6.286,6.599,0.351,20.791,0.338,1.641,1.180,7.213,8.854,6.774,0.757,23.214,13.081
Br62_rep9_Dep6_Tu50,38.978,4.577,8.805,11.854,7.515,0.168,4.003,2.182,0.477,1.952,6.301,2.251,10.464,0.475
Br62_rep5_Dep6_Tu30,19.173,9.039,6.971,7.338,5.509,0.266,5.200,5.834,1.480,3.414,6.375,4.840,7.564,16.996
Br62_rep9_Dep6_Tu0.5,0.617,1.785,2.460,0.032,25.891,0.191,2.858,0.597,0.659,10.255,10.100,4.379,23.585,16.591
Br62_rep1_Dep6_Tu20,13.964,15.042,8.115,4.482,1.957,0.134,5.214,0.363,0.114,8.611,9.632,3.436,12.557,16.377
Br62_rep4_Dep6_Tu2,1.045,17.874,3.517,0.025,26.663,0.196,2.387,1.682,8.701,5.187,10.041,0.134,9.095,13.453
Br62_rep8_Dep6_Tu3,1.460,15.015,6.455,0.260,11.925,0.332,3.243,1.407,3.016,9.497,11.672,3.285,12.599,19.834
Br62_rep2_Dep6_Tu5,2.598,19.923,6.149,0.901,19.633,0.345,2.024,2.081,3.489,8.610,3.234,2.358,23.039,5.613
Br62_rep2_Dep6_Tu1,0.593,11.725,7.853,0.017,23.720,0.457,1.406,2.442,4.903,0.591,12.892,3.958,20.680,8.762
Br62_rep8_Dep6_Tu1,0.574,18.318,4.837,0.030,23.968,0.019,3.198,5.534,2.276,4.667,12.445,2.288,4.506,17.339
Br62_rep10_Dep6_Tu0.1,0.624,17.079,4.344,0.015,22.344,0.268,4.581,4.082,0.690,2.459,10.029,4.249,19.481,9.756
Br62_rep3_Dep6_Tu40,31.526,5.665,5.709,8.399,0.720,0.087,1.684,5.370,4.959,4.714,5.657,2.938,2.652,19.921
Br62_rep8_Dep6_Tu0.3,0.438,14.244,6.993,0.019,1.910,0.698,1.586,2.426,4.506,7.936,11.081,3.425,26.862,17.877
Br62_rep4_Dep6_Tu0.5,0.972,16.722,3.971,0.030,11.208,0.445,3.458,4.837,5.059,6.268,1.065,3.608,27.106,15.250
Br62_rep6_Dep6_Tu50,37.425,4.947,3.678,12.088,1.425,0.047,5.052,3.848,4.215,2.211,0.981,3.824,3.433,16.826
Br62_rep7_Dep6_Tu0.1,0.138,23.012,4.910,0.004,23.279,0.167,2.790,1.531,7.256,2.424,7.694,2.857,11.175,12.764
Br62_rep9_Dep6_Tu30,25.192,12.628,1.401,6.615,9.616,0.383,0.237,5.309,5.098,2.413,6.775,2.363,10.848,11.122
Br62_rep6_Dep6_Tu20,11.721,10.542,7.218,4.034,11.501,0.321,4.449,3.169,6.537,6.850,4.479,1.674,12.458,15.046
Br62_rep5_Dep6_Tu5,3.028,12.919,6.580,0.394,17.393,0.463,3.644,0.851,1.223,7.536,4.665,6.079,24.162,11.061
Br62_rep4_Dep6_Tu40,30.664,4.954,4.203,8.264,5.478,0.205,1.958,7.368,2.663,4.937,4.859,2.506,3.725,18.217
Br62_rep8_Dep6_Tu0.1,0.531,12.179,3.120,0.016,6.671,0.664,2.710,0.860,8.343,6.534,7.876,4.228,30.120,16.150
Br62_rep1_Dep6_Tu40,29.932,0.282,6.182,9.548,9.433,0.184,3.703,4.865,4.050,2.828,2.914,4.398,4.433,17.247
Br62_rep3_Dep6_Tu30,21.446,8.561,9.565,6.560,9.496,0.129,2.699,2.090,4.313,9.456,3.495,2.067,4.659,15.463
Br62_rep7_Dep6_Tu0.5,0.275,6.101,6.731,0.007,7.156,1.176,1.911,5.330,8.192,2.607,10.704,2.250,27.559,20.002
Br62_rep1_Dep6_Tu10,5.833,11.588,8.405,1.670,4.603,0.665,2.978,6.244,4.738,4.426,8.192,4.052,17.328,19.280
Br62_rep10_Dep6_Tu20,17.148,18.980,6.563,3.360,3.814,0.198,4.294,2.653,4.912,3.874,7.396,2.909,10.722,13.176
Br62_rep1_Dep6_Tu5,2.179,12.352,7.669,0.875,9.566,0.659,1.724,1.652,4.347,7.796,13.069,3.947,16.321,17.843
Br62_rep3_Dep6_Tu50,37.229,5.769,7.458,10.100,1.645,0.270,3.123,5.408,5.623,0.557,4.910,2.849,0.219,14.838
Br62_rep1_Dep6_Tu3,1.467,10.847,3.964,0.882,25.192,0.089,2.431,1.268,2.924,7.084,10.192,3.645,21.686,8.329
Br62_rep7_Dep6_Tu30,24.722,8.891,0.388,7.529,9.387,0.126,2.430,5.993,3.734,5.047,3.170,1.252,12.446,14.884
Br62_rep6_Dep6_Tu1,1.169,11.631,4.182,0.036,2.572,0.986,2.991,6.523,3.222,4.736,7.787,4.569,27.515,22.080
Br62_rep1_Dep6_Tu0.5,0.197,25.522,7.058,0.028,11.991,0.152,1.821,4.084,7.957,8.191,1.004,0.719,20.014,11.264
Br62_rep1_Dep6_Tu0.1,0.149,25.431,2.941,0.032,16.381,0.444,2.717,3.743,0.002,6.018,6.879,3.795,27.546,3.922
Br62_rep9_Dep6_Tu3,1.616,29.153,6.909,0.167,21.850,0.234,3.307,3.842,3.680,4.266,2.098,3.892,13.715,5.271
Br62_rep5_Dep6_Tu40,27.837,6.304,6.331,9.064,5.333,0.275,4.169,0.097,6.929,3.906,3.836,5.020,7.433,13.467
Br62_rep10_Dep6_Tu3,1.461,3.521,8.122,0.047,20.079,0.514,1.988,6.801,5.958,0.473,10.511,3.177,18.450,18.897
Br62_rep2_Dep6_Tu0.3,0.106,24.040,4.952,0.018,9.045,0.529,2.626,4.834,4.016,3.816,10.102,2.092,19.342,14.483
Br62_rep10_Dep6_Tu40,27.593,3.841,9.865,8.743,8.948,0.318,4.235,5.427,3.539,5.024,0.500,2.467,9.206,10.295
Br62_rep3_Dep6_Tu2,1.714,10.969,3.274,0.064,14.866,0.797,3.702,4.645,3.727,1.618,9.432,5.359,23.701,16.133
Br62_rep5_Dep6_Tu1,0.679,12.509,4.520,0.162,18.290,0.261,0.153,1.984,6.811,8.205,8.119,3.183,19.643,15.481
Br62_rep4_Dep6_Tu1,0.645,0.455,7.429,0.091,10.819,1.222,2.068,11.768,4.185,1.725,4.542,3.782,29.732,21.537
Br62_rep10_Dep6_Tu0.5,0.800,4.080,7.332,0.081,15.554,0.405,1.876,3.273,6.742,6.679,0.946,5.023,30.718,16.491
Br62_rep5_Dep6_Tu20,13.151,12.023,7.801,5.124,6.043,0.643,4.723,5.814,6.693,2.949,4.245,3.477,8.155,19.158
Br62_rep6_Dep6_Tu0.3,0.503,9.962,6.648,0.017,19.321,0.364,0.147,3.474,8.019,2.147,8.394,4.443,22.193,14.368
Br62_rep9_Dep6_Tu0.3,0.451,11.060,2.210,0.005,24.310,0.369,2.883,3.236,6.909,3.704,0.700,4.381,28.158,11.625
Br62_rep2_Dep6_Tu20,13.512,1.772,10.168,3.834,10.705,0.129,4.232,5.818,4.369,7.186,1.939,4.159,11.043,21.133
Br62_rep6_Dep6_Tu0.5,0.362,6.275,3.146,0.075,25.705,0.359,2.019,4.602,4.575,4.617,11.237,3.220,18.264,15.543
Br62_rep8_Dep6_Tu10,4.715,7.141,8.974,2.409,7.188,0.896,2.592,2.392,8.280,6.497,9.052,2.533,22.428,14.903
Br62_rep2_Dep6_Tu0.1,0.117,20.266,4.269,0.014,1.715,0.847,3.278,3.780,7.176,4.763,9.856,2.625,22.526,18.770
Br62_rep5_Dep6_Tu10,7.791,15.320,7.085,1.645,7.523,0.385,0.517,2.555,2.985,9.900,5.693,4.810,17.004,16.787
Br62_rep10_Dep6_Tu10,6.936,9.209,4.960,2.026,16.246,0.302,3.835,9.693,0.063,3.544,7.456,3.622,15.183,16.924
Br62_rep4_Dep6_Tu10,4.630,2.497,10.310,1.739,13.241,0.641,4.645,8.432,5.475,3.426,6.752,1.203,13.557,23.454
Br62_rep3_Dep6_Tu0.1,0.342,24.209,1.913,0.037,8.292,0.716,1.546,3.420,6.608,3.094,9.416,3.417,23.341,13.649
Br62_rep2_Dep6_Tu50,37.836,2.643,9.426,10.620,3.190,0.140,2.523,4.799,2.694,4.257,2.606,2.823,0.075,16.368
Br62_rep9_Dep6_Tu10,5.993,15.051,3.238,2.941,2.747,0.536,3.431,4.097,4.251,5.513,9.590,4.589,16.876,21.147
Br62_rep5_Dep6_Tu0.3,0.742,15.278,3.385,0.042,4.663,1.135,0.620,3.796,8.367,3.541,13.052,2.440,26.026,16.915
Br62_rep8_Dep6_Tu50,36.098,4.465,8.709,11.353,3.189,0.192,4.749,7.516,1.025,1.187,3.501,2.266,3.510,12.242
Br62_rep4_Dep6_Tu0.3,0.629,13.669,3.497,0.015,13.451,0.264,3.283,5.434,1.445,6.609,7.632,4.129,22.775,17.168
Br62_rep7_Dep6_Tu1,0.516,24.404,5.697,0.018,15.272,0.306,1.947,3.443,4.926,3.502,10.214,2.907,11.993,14.857
Br62_rep3_Dep6_Tu0.5,0.901,12.046,0.851,0.035,23.880,0.170,2.759,2.126,5.916,6.001,9.896,2.008,20.615,12.794
Br62_rep7_Dep6_Tu40,29.166,3.430,7.538,8.493,6.958,0.021,4.171,2.896,4.071,4.579,4.351,3.495,5.972,14.861
Br62_rep2_Dep6_Tu3,1.715,22.386,5.657,0.125,1.133,0.340,3.056,6.835,4.784,9.834,10.299,1.351,6.688,25.798
Br62_rep2_Dep6_Tu0.5,0.257,11.768,5.569,0.015,7.987,0.465,1.206,3.329,6.294,8.055,10.642,2.133,22.294,19.985
Br62_rep1_Dep6_Tu50,36.115,2.212,8.849,10.723,0.956,0.337,3.625,3.635,7.722,2.628,2.674,2.234,0.700,17.590
Br62_rep3_Dep6_Tu3,2.433,9.169,3.674,0.437,16.836,0.603,0.274,7.824,7.057,1.384,7.047,3.949,22.899,16.413
Br62_rep7_Dep6_Tu3,1.747,17.918,7.785,0.155,11.590,0.559,2.360,0.376,6.500,4.924,12.595,3.895,13.476,16.119
Br62_rep3_Dep6_Tu0.3,0.275,17.048,4.975,0.002,27.670,0.150,1.797,4.461,6.161,3.544,12.277,3.116,1.411,17.113
Br62_rep8_Dep6_Tu30,22.214,9.603,9.428,6.146,0.101,0.548,4.116,6.330,5.907,0.624,6.648,3.377,4.476,20.482
Br62_rep4_Dep6_Tu30,22.389,12.761,6.663,7.098,11.642,0.082,3.399,0.719,8.479,3.772,3.484,2.440,3.474,13.597
Br62_rep6_Dep6_Tu3,1.322,16.411,0.432,0.882,19.975,0.072,4.071,0.364,5.280,7.011,8.696,3.878,17.659,13.946
Br62_rep4_Dep6_Tu0.1,0.082,8.577,5.973,0.008,11.864,0.411,4.108,0.132,5.837,7.657,9.382,1.876,27.672,16.423
Br62_rep8_Dep6_Tu5,2.106,13.561,7.748,0.887,13.389,0.596,2.390,5.301,2.475,4.666,10.145,4.258,16.899,15.581
Br62_rep10_Dep6_Tu50,38.869,6.188,0.471,12.029,3.552,0.197,3.828,6.038,5.330,1.952,3.836,1.282,0.766,15.661
Br62_rep10_Dep6_Tu0.3,0.259,1.464,6.594,0.014,29.227,0.205,3.187,3.915,3.127,4.238,11.347,4.250,16.052,16.120
Br62_rep3_Dep6_Tu20,14.679,6.603,8.934,2.784,10.505,0.358,4.197,6.796,3.591,2.270,7.942,3.094,7.926,20.321
Br62_rep1_Dep6_Tu1,0.534,18.632,4.511,0.010,4.118,0.789,3.140,5.874,4.926,3.054,11.306,4.098,20.870,18.138
Br62_rep3_Dep6_Tu1,0.535,18.315,6.924,0.014,0.817,0.494,3.083,0.521,4.910,7.346,9.802,4.438,24.642,18.159
Br62_rep9_Dep6_Tu2,0.849,25.915,3.061,0.197,18.172,0.391,1.814,3.840,6.328,3.638,3.549,4.424,12.961,14.861
Br62_rep7_Dep6_Tu50,38.489,2.293,6.908,10.922,4.251,0.129,2.618,2.340,2.230,7.871,3.178,1.717,5.541,11.515
Br62_rep7_Dep6_Tu5,3.106,14.387,3.941,0.867,9.941,0.516,3.942,4.836,6.149,4.183,6.307,3.467,19.164,19.196
Br62_rep8_Dep6_Tu2,1.957,5.756,6.699,0.240,18.794,0.262,0.924,3.730,0.482,7.646,9.285,5.699,24.412,14.115
Br62_rep5_Dep6_Tu0.1,0.183,8.549,3.093,0.017,21.982,0.261,2.111,4.508,5.639,7.694,9.968,0.864,17.651,17.480
Br62_rep6_Dep6_Tu5,1.595,19.498,1.599,1.092,12.577,0.273,3.489,7.195,1.189,10.213,5.606,3.185,12.942,19.547
Br62_rep9_Dep6_Tu20,11.358,0.729,8.279,4.834,14.022,0.331,2.884,5.871,5.576,5.071,4.740,3.976,13.629,18.701
Br62_rep2_Dep6_Tu30,23.513,12.003,6.209,7.239,7.593,0.114,4.553,1.897,1.485,3.853,5.621,4.743,6.054,15.122
Br62_rep7_Dep6_Tu10,0.226,0.260,10.157,3.309,16.036,1.035,5.203,5.231,8.601,0.334,5.279,4.319,17.398,22.611
Br62_rep6_Dep6_Tu0.1,0.393,7.441,5.730,0.012,15.604,0.173,3.453,2.352,5.193,6.868,9.812,2.715,24.714,15.540
Br62_rep5_Dep6_Tu50,37.756,2.915,8.970,11.532,2.970,0.198,1.375,4.876,0.529,5.934,5.187,2.601,3.475,11.682
Br62_rep10_Dep6_Tu1,0.578,5.293,6.167,0.025,7.876,0.225,3.843,6.468,3.428,10.403,7.782,2.911,21.741,23.260
Br62_rep1_Dep6_Tu30,20.064,9.669,6.375,6.487,5.085,0.671,1.083,5.306,6.122,4.623,6.527,4.046,5.748,18.194
Br62_rep7_Dep6_Tu0.3,0.209,1.818,7.303,0.042,20.353,0.513,1.799,3.244,0.713,4.043,13.942,5.111,24.143,16.767
Br62_rep2_Dep6_Tu10,5.650,13.096,6.322,1.796,14.866,0.797,2.251,2.727,7.759,2.494,8.509,3.522,14.722,15.490
Br62_rep9_Dep6_Tu0.1,0.522,21.537,3.735,0.019,21.087,0.228,3.241,0.809,0.618,4.967,13.874,5.097,14.357,9.908
Br62_rep3_Dep6_Tu10,4.814,5.116,3.195,2.951,12.032,0.402,3.172,3.405,5.440,10.699,1.260,5.372,22.216,19.924
Br62_rep4_Dep6_Tu5,4.111,24.001,3.108,0.957,6.482,0.583,3.889,3.280,2.737,1.976,10.738,3.668,24.635,9.834
Br62_rep8_Dep6_Tu20,11.293,5.012,11.193,5.217,3.804,0.361,2.338,7.404,5.877,8.759,0.811,2.453,14.048,21.432
Br62_rep1_Dep6_Tu2,1.902,13.469,1.981,0.200,21.863,0.378,5.936,0.548,2.357,1.049,14.656,5.238,14.439,15.982
Br62_rep10_Dep6_Tu5,0.475,11.702,8.805,0.832,7.585,1.260,6.207,9.559,1.761,4.244,1.515,4.333,23.388,18.336
Br62_rep10_Dep6_Tu30,18.585,3.239,4.607,7.139,4.565,0.535,3.807,7.582,4.321,3.963,6.018,3.473,11.572,20.594
Br62_rep6_Dep6_Tu2,0.844,10.025,7.614,0.139,21.773,0.401,0.174,0.530,5.966,7.539,11.007,3.562,19.263,11.163
Br62_rep4_Dep6_Tu3,0.692,21.387,7.092,0.489,13.357,0.598,0.496,8.449,5.442,2.881,8.427,2.819,9.888,17.984
Br66_rep4_Dep6_Tu50,44.125,8.374,3.114,6.632,6.399,1.398,2.297,7.719,0.075,0.277,2.328,2.897,3.483,10.882
Br66_rep3_Dep6_Tu0.5,0.246,12.661,4.722,0.026,21.777,0.272,1.756,5.329,2.189,5.050,11.679,3.937,15.798,14.559
Br66_rep2_Dep6_Tu3,1.625,21.646,4.237,0.155,10.409,0.795,1.463,1.267,8.124,3.066,12.001,4.233,14.204,16.776
Br66_rep6_Dep6_Tu40,33.763,2.433,7.493,5.862,7.443,1.075,2.239,2.615,5.254,4.913,1.195,3.253,4.680,17.783
Br66_rep9_Dep6_Tu0.1,0.542,7.863,7.934,0.022,3.073,0.985,0.164,4.441,6.970,6.288,13.968,2.209,26.029,19.512
Br66_rep9_Dep6_Tu5,3.979,6.600,1.643,1.097,31.608,0.410,2.999,2.478,4.575,4.873,8.255,1.706,23.867,5.912
Br66_rep10_Dep6_Tu1,0.240,3.922,8.008,0.019,17.909,0.371,1.577,7.654,2.673,7.975,7.181,3.817,17.087,21.567
Br66_rep6_Dep6_Tu20,14.773,17.736,8.186,3.692,0.060,0.901,3.241,1.452,3.949,7.247,7.321,2.987,13.741,14.716
Br66_rep10_Dep6_Tu30,26.239,2.967,3.445,4.849,14.733,0.054,3.638,2.754,1.567,4.623,3.444,4.142,15.923,11.624
Br66_rep10_Dep6_Tu5,2.451,6.472,5.127,0.741,20.506,0.591,4.320,2.175,7.195,0.836,7.711,4.633,23.686,13.556
Br66_rep7_Dep6_Tu1,0.156,14.076,5.486,0.014,18.855,0.384,1.859,2.575,1.963,7.614,8.497,3.826,21.964,12.730
Br66_rep6_Dep6_Tu0.3,0.719,4.715,8.262,0.013,12.649,0.617,2.433,1.283,6.741,0.385,12.508,5.524,27.803,16.351
Br66_rep1_Dep6_Tu30,24.614,11.989,1.967,5.126,12.446,0.951,2.291,2.717,2.841,6.956,6.889,2.563,5.397,13.254
Br66_rep3_Dep6_Tu1,1.309,9.799,1.173,0.112,6.023,0.922,1.358,3.420,8.614,3.575,9.349,5.027,27.691,21.628
Br66_rep3_Dep6_Tu30,25.332,11.962,4.915,4.484,13.444,0.649,2.705,2.471,4.130,4.015,4.077,2.931,7.577,11.308
Br66_rep9_Dep6_Tu1,0.426,3.483,7.221,0.006,25.932,0.253,3.807,3.043,5.066,5.091,12.317,1.603,15.149,16.603
Br66_rep9_Dep6_Tu40,35.120,6.247,4.337,5.665,4.313,1.030,2.650,4.311,2.873,3.855,4.737,3.263,3.756,17.842
Br66_rep5_Dep6_Tu1,0.281,17.187,4.922,0.098,15.052,0.424,1.847,3.884,4.485,7.159,9.224,1.922,19.523,13.993
Br66_rep2_Dep6_Tu5,1.188,8.894,8.091,0.277,16.299,0.855,2.838,5.889,2.871,4.353,10.177,4.170,16.189,17.908
Br66_rep5_Dep6_Tu30,26.211,4.394,1.549,4.572,14.778,0.532,4.000,2.593,9.541,3.017,1.502,0.409,12.672,14.231
Br66_rep7_Dep6_Tu50,42.309,3.611,6.822,6.766,1.445,1.837,2.685,2.960,6.883,1.004,4.228,0.622,4.471,14.355
Br66_rep4_Dep6_Tu40,34.608,7.156,4.080,6.047,4.898,1.046,2.469,4.174,4.192,3.459,1.905,2.354,8.646,14.966
Br66_rep8_Dep6_Tu5,3.509,20.395,6.460,0.351,16.273,0.958,3.139,4.149,4.599,0.839,2.927,4.365,26.093,5.943
Br66_rep9_Dep6_Tu2,2.001,16.055,0.003,0.309,28.056,0.160,1.031,2.968,5.101,6.254,5.929,1.848,21.727,8.559
Br66_rep6_Dep6_Tu30,25.806,8.094,4.490,4.193,9.685,1.140,1.902,5.174,0.539,4.036,6.228,3.716,15.355,9.643
Br66_rep4_Dep6_Tu0.1,0.301,10.930,4.563,0.009,27.967,0.391,2.436,2.715,4.280,4.064,8.907,1.665,28.652,3.119
Br66_rep5_Dep6_Tu10,8.347,18.858,3.309,1.565,9.118,0.705,3.359,3.346,1.808,6.322,8.443,2.768,19.284,12.769
Br66_rep3_Dep6_Tu40,36.481,8.779,1.239,6.731,6.569,0.724,1.661,0.666,3.561,4.119,5.460,3.184,8.672,12.154
Br66_rep9_Dep6_Tu0.5,0.373,11.154,8.430,0.017,1.445,0.551,2.929,3.033,1.383,8.353,11.872,4.835,21.667,23.956
Br66_rep8_Dep6_Tu2,1.421,10.895,3.643,0.084,28.547,0.317,2.118,7.405,3.036,1.723,8.918,4.139,13.366,14.388
Br66_rep10_Dep6_Tu2,1.326,13.820,0.823,0.322,19.802,0.653,0.865,6.534,5.339,2.021,6.911,4.779,22.302,14.502
Br66_rep6_Dep6_Tu0.1,0.319,16.195,5.409,0.006,19.049,0.442,3.047,4.973,2.353,0.431,13.352,4.274,17.916,12.235
Br66_rep5_Dep6_Tu0.5,0.338,18.302,7.483,0.006,21.352,0.156,3.080,6.915,0.649,7.765,7.417,3.143,3.331,20.062
Br66_rep2_Dep6_Tu20,14.324,2.823,10.303,3.068,8.649,0.591,4.675,3.145,6.224,9.269,2.929,1.389,12.640,19.973
Br66_rep4_Dep6_Tu0.5,0.123,14.244,5.343,0.045,2.888,1.036,3.688,6.729,3.303,5.309,10.631,2.556,24.279,19.825
Br66_rep4_Dep6_Tu5,2.891,5.358,6.696,0.254,22.453,0.563,4.080,4.724,4.837,3.061,12.031,1.961,15.927,15.163
Br66_rep8_Dep6_Tu0.5,0.422,10.960,7.264,0.009,13.893,0.188,2.354,4.543,4.115,6.828,7.391,4.172,19.344,18.516
Br66_rep5_Dep6_Tu20,16.456,12.263,7.180,2.188,2.661,1.667,2.006,6.085,4.072,1.137,8.996,4.693,15.298,15.296
Br66_rep1_Dep6_Tu3,2.339,14.315,7.176,0.097,7.954,0.242,3.343,7.696,6.223,4.709,3.901,0.257,24.863,16.887
Br66_rep10_Dep6_Tu10,6.105,3.504,8.383,1.366,9.135,1.067,3.978,4.033,2.113,7.649,7.326,4.534,22.693,18.114
Br66_rep3_Dep6_Tu10,2.981,16.478,6.088,1.413,8.421,1.480,5.714,3.704,10.041,3.209,3.023,2.328,17.300,17.820
Br66_rep10_Dep6_Tu40,33.822,8.965,2.705,6.553,4.026,1.046,2.154,2.390,4.430,4.788,5.201,2.007,8.483,13.430
Br66_rep1_Dep6_Tu50,46.337,6.800,1.519,7.431,1.936,1.047,2.670,2.106,4.305,3.932,0.560,1.862,6.451,13.042
Br66_rep10_Dep6_Tu0.5,0.083,11.302,2.568,0.062,23.828,0.346,3.887,2.294,6.368,6.084,7.810,1.132,22.064,12.174
Br66_rep1_Dep6_Tu0.3,0.042,17.059,8.860,0.018,10.180,0.151,3.179,3.631,2.025,9.155,12.660,3.965,7.693,21.382
Br66_rep10_Dep6_Tu0.1,0.301,11.369,2.664,0.018,26.354,0.227,2.368,2.954,4.988,3.283,11.221,4.185,16.423,13.645
Br66_rep8_Dep6_Tu40,35.190,10.389,5.696,5.903,5.897,0.841,4.398,3.192,1.555,2.128,3.119,3.084,2.709,15.898
Br66_rep3_Dep6_Tu20,14.984,16.452,8.299,2.181,9.323,1.093,4.349,1.446,7.339,2.070,8.037,2.451,7.283,14.692
Br66_rep9_Dep6_Tu0.3,0.255,1.918,6.367,0.016,27.174,0.102,1.922,3.014,4.744,6.394,11.131,3.346,16.148,17.467
Br66_rep7_Dep6_Tu0.3,0.154,4.482,6.385,0.025,19.099,0.284,2.808,5.032,2.578,5.195,8.382,3.819,23.166,18.591
Br66_rep5_Dep6_Tu2,0.909,16.187,7.346,0.025,1.923,1.081,2.273,5.611,1.997,7.664,10.001,2.645,26.435,15.903
Br66_rep5_Dep6_Tu0.3,0.323,5.305,7.578,0.009,36.231,0.198,2.432,0.661,6.091,1.143,14.631,4.101,10.671,10.626
Br66_rep6_Dep6_Tu5,1.730,16.021,6.183,0.612,20.808,0.597,3.228,2.189,4.166,6.204,10.107,2.298,14.571,11.288
Br66_rep5_Dep6_Tu3,1.104,18.051,7.266,0.243,27.755,0.501,2.006,0.589,0.385,7.562,8.859,4.248,20.884,0.548
Br66_rep1_Dep6_Tu5,3.691,22.676,2.872,0.430,4.079,0.672,1.191,3.516,7.631,6.172,8.639,2.990,17.798,17.643
Br66_rep6_Dep6_Tu10,7.226,12.358,8.505,1.057,6.308,0.759,2.901,3.009,6.305,7.079,9.243,0.125,18.128,16.997
Br66_rep3_Dep6_Tu5,3.155,24.254,5.841,0.229,7.390,0.897,1.503,0.577,7.916,7.454,7.118,1.678,19.317,12.671
Br66_rep1_Dep6_Tu1,0.507,10.396,5.728,0.054,27.317,0.480,2.734,4.559,2.850,0.101,11.621,4.137,23.373,6.143
Br66_rep4_Dep6_Tu30,25.390,7.262,3.881,4.679,13.068,0.601,3.932,5.417,2.544,0.224,8.072,4.701,1.442,18.787
Br66_rep8_Dep6_Tu20,16.236,3.125,8.152,2.809,12.143,0.748,1.287,5.631,1.025,6.659,5.415,4.712,14.991,17.068
Br66_rep4_Dep6_Tu10,4.547,19.813,1.839,2.785,8.717,1.127,3.755,2.218,5.024,6.286,10.246,2.836,13.862,16.946
Br66_rep2_Dep6_Tu1,0.789,17.755,5.261,0.036,15.638,0.604,0.477,4.405,3.512,2.422,10.723,4.028,24.430,9.922
Br66_rep6_Dep6_Tu2,0.745,10.072,9.652,0.048,15.349,0.503,3.071,1.340,3.148,8.812,15.489,1.934,13.421,16.415
Br66_rep6_Dep6_Tu0.5,0.270,0.790,4.594,0.002,27.024,0.254,2.979,3.656,8.016,5.405,7.025,2.391,19.847,17.747
Br66_rep5_Dep6_Tu0.1,0.098,21.160,5.168,0.008,3.427,0.395,3.996,0.964,3.858,9.948,5.304,4.326,23.715,17.633
Br66_rep2_Dep6_Tu2,1.224,2.451,6.676,0.232,14.083,0.617,1.831,1.227,5.925,8.250,10.571,2.859,26.513,17.540
Br66_rep10_Dep6_Tu50,44.527,12.013,3.566,7.116,4.827,1.422,2.981,2.805,2.413,0.053,3.782,3.018,2.459,9.018
Br66_rep7_Dep6_Tu3,1.018,5.387,9.404,0.059,30.180,0.365,1.377,4.276,2.203,6.838,15.357,3.192,4.856,15.488
Br66_rep7_Dep6_Tu10,8.204,19.192,1.858,1.553,8.588,0.803,3.766,6.106,0.299,7.481,5.009,2.016,20.112,15.012
Br66_rep2_Dep6_Tu0.5,0.504,18.314,5.063,0.007,12.414,0.713,1.865,3.696,8.938,1.837,8.657,0.130,25.237,12.624
Br66_rep5_Dep6_Tu50,43.966,5.815,4.539,7.951,3.094,0.971,2.688,1.670,2.839,3.606,2.402,2.600,5.334,12.524
Br66_rep9_Dep6_Tu20,15.029,0.025,5.797,3.873,12.299,0.907,2.334,4.409,3.401,6.138,8.174,3.025,16.183,18.406
Br66_rep8_Dep6_Tu3,2.220,19.157,5.370,0.071,16.160,0.544,3.409,7.503,1.293,3.064,9.456,2.351,14.773,14.630
Br66_rep9_Dep6_Tu10,6.651,15.814,4.798,1.534,3.384,0.948,2.957,2.659,6.444,5.174,9.223,3.142,17.947,19.325
Br66_rep7_Dep6_Tu2,1.100,26.912,0.922,0.065,12.123,0.710,3.069,5.774,6.710,0.991,11.398,1.762,11.941,16.524
Br66_rep6_Dep6_Tu3,1.398,19.492,4.907,0.286,21.508,0.583,1.702,3.669,5.910,0.444,11.781,3.848,12.893,11.578
Br66_rep1_Dep6_Tu0.5,0.310,14.249,6.241,0.005,4.960,0.515,2.749,3.124,6.330,6.037,7.355,4.016,26.009,18.098
Br66_rep2_Dep6_Tu40,35.168,10.245,5.017,5.486,5.718,0.987,1.340,3.602,3.827,2.545,5.528,2.296,6.651,11.589
Br66_rep1_Dep6_Tu2,1.344,12.452,2.345,0.100,30.891,0.245,2.118,4.686,5.326,3.510,6.456,3.236,16.610,10.681
Br66_rep8_Dep6_Tu1,0.639,15.831,2.757,0.022,26.177,0.467,2.066,3.319,5.851,0.068,9.830,4.060,17.401,11.513
Br66_rep4_Dep6_Tu3,1.253,1.276,8.076,0.199,14.302,0.724,3.009,4.504,5.947,6.328,9.495,2.217,22.021,20.649
Br66_rep7_Dep6_Tu40,34.334,4.530,4.580,6.102,9.328,1.036,3.368,2.177,3.701,4.843,0.173,3.788,7.291,14.749
Br66_rep7_Dep6_Tu0.5,0.258,21.728,4.848,0.010,26.381,0.263,1.607,5.820,6.372,1.180,8.286,3.219,6.397,13.631
Br66_rep2_Dep6_Tu30,26.271,11.145,6.425,5.230,6.032,0.401,3.043,0.922,4.156,6.493,7.269,3.124,0.872,18.619
Br66_rep2_Dep6_Tu0.1,0.446,16.559,3.555,0.007,12.435,0.351,2.719,3.125,6.958,7.526,4.132,2.684,24.233,15.271
Br66_rep7_Dep6_Tu0.1,0.314,13.529,5.122,0.007,24.486,0.288,1.674,1.764,7.051,1.807,11.087,2.009,19.303,11.559
Br66_rep1_Dep6_Tu40,33.574,10.405,0.916,6.487,15.063,1.058,0.668,2.853,3.347,4.507,6.405,2.676,3.104,8.934
Br66_rep7_Dep6_Tu5,0.320,12.291,2.113,1.093,14.783,0.987,4.093,4.952,6.873,5.114,6.084,3.349,19.789,18.159
Br66_rep4_Dep6_Tu1,1.198,17.770,0.515,0.213,22.282,0.342,3.789,0.234,4.445,6.872,5.171,3.189,26.983,6.998
Br66_rep8_Dep6_Tu0.1,0.003,23.710,4.984,0.022,7.277,0.742,3.558,4.909,1.997,3.272,10.381,3.913,25.091,10.141
Br66_rep4_Dep6_Tu2,0.763,16.333,4.781,0.092,25.968,0.548,2.177,3.492,5.021,0.293,10.534,3.862,15.363,10.773
Br66_rep1_Dep6_Tu0.1,0.207,9.123,1.990,0.021,16.782,0.408,3.923,2.846,3.747,6.452,6.212,4.295,27.800,16.194
Br66_rep2_Dep6_Tu10,6.460,5.568,9.770,0.992,23.359,0.849,3.303,1.083,6.329,5.226,0.476,4.364,24.465,7.756
Br66_rep4_Dep6_Tu20,14.820,6.361,9.656,3.052,6.462,1.227,4.037,2.520,4.359,6.464,2.091,4.693,19.826,14.432
Br66_rep4_Dep6_Tu0.3,0.749,26.214,0.332,0.004,16.561,0.372,1.738,4.467,4.285,4.394,6.152,3.782,20.104,10.844
Br66_rep10_Dep6_Tu3,1.275,10.871,6.643,0.099,24.766,0.315,3.246,5.755,4.906,7.715,5.341,0.967,11.853,16.246
Br66_rep1_Dep6_Tu20,14.935,9.041,8.007,2.990,9.619,0.876,2.983,3.730,3.160,5.291,7.901,2.698,15.770,12.997
Br66_rep6_Dep6_Tu1,0.623,15.745,5.864,0.009,17.528,0.603,2.015,6.294,2.117,0.376,8.381,5.316,20.720,14.409
Br66_rep6_Dep6_Tu50,42.244,5.001,8.016,7.054,2.127,1.195,2.675,2.212,3.287,3.328,3.928,2.558,2.115,14.262
Br66_rep9_Dep6_Tu3,1.447,11.012,6.913,0.136,15.105,0.494,0.824,1.835,6.575,8.304,5.302,4.559,23.792,13.702
Br66_rep3_Dep6_Tu50,43.108,3.222,5.662,7.413,2.219,1.046,0.560,1.047,1.761,5.868,5.992,3.895,5.649,12.559
Br66_rep8_Dep6_Tu30,9.858,2.141,11.056,7.311,13.895,2.057,3.698,0.135,7.150,9.614,5.513,5.110,6.790,15.672
Br66_rep7_Dep6_Tu20,16.413,7.277,8.279,1.758,18.244,0.658,2.498,2.396,5.504,4.005,8.100,1.990,8.158,14.720
Br66_rep3_Dep6_Tu2,1.250,15.706,6.146,0.027,17.587,0.315,0.427,5.884,4.960,7.002,7.898,3.593,11.681,17.524
Br66_rep8_Dep6_Tu50,45.930,3.953,2.955,7.090,4.976,0.907,3.308,4.174,2.443,2.587,3.926,0.349,2.707,14.696
Br66_rep3_Dep6_Tu3,1.341,6.521,6.173,0.011,21.606,0.477,3.963,4.903,6.828,2.327,7.171,4.120,16.172,18.388
Br66_rep3_Dep6_Tu0.3,0.685,8.270,8.169,0.004,5.020,0.499,2.194,2.154,8.951,3.747,15.969,5.135,10.893,28.310
Br66_rep8_Dep6_Tu0.3,0.596,16.860,3.622,0.005,20.829,0.176,1.159,1.485,4.604,8.032,4.916,4.338,21.670,11.708
Br66_rep3_Dep6_Tu0.1,0.833,18.398,1.963,0.019,18.567,0.284,4.304,3.020,3.427,1.402,12.428,2.543,20.677,12.135
Br66_rep10_Dep6_Tu0.3,0.427,2.683,5.277,0.006,3.331,0.576,3.837,5.202,5.510,11.942,0.600,3.009,34.685,22.915
Br66_rep2_Dep6_Tu50,44.793,9.964,0.892,8.308,9.124,0.412,2.628,0.262,1.812,3.703,2.706,2.767,4.790,7.837
Br66_rep5_Dep6_Tu5,2.817,5.990,10.270,0.300,10.448,1.116,2.772,2.439,2.434,6.004,10.442,4.460,26.715,13.792
Br66_rep10_Dep6_Tu20,11.388,12.789,6.883,3.600,18.441,1.353,3.837,2.850,2.620,2.805,10.181,4.409,10.472,8.371
Br66_rep7_Dep6_Tu30,24.628,25.436,8.979,3.966,1.174,1.247,2.499,1.242,0.822,4.470,6.773,3.847,11.629,3.288
Br66_rep9_Dep6_Tu30,25.795,9.123,9.445,3.614,2.056,1.008,4.521,5.060,3.815,1.544,7.824,1.511,6.295,18.389
Br66_rep5_Dep6_Tu40,34.550,6.800,6.332,5.119,2.596,1.351,3.341,4.068,2.701,2.893,4.716,3.051,9.075,13.405
Br66_rep8_Dep6_Tu10,8.233,6.378,7.664,1.052,11.744,0.630,4.004,2.624,3.525,5.325,8.532,4.499,21.182,14.609
Br66_rep9_Dep6_Tu50,42.119,2.432,9.283,7.564,12.050,1.310,1.572,1.810,1.291,2.319,2.791,3.735,6.355,5.370
Br66_rep2_Dep6_Tu0.3,0.348,24.727,2.413,0.005,22.107,0.146,2.646,2.774,3.500,4.817,8.747,3.767,11.576,12.426
Br66_rep1_Dep6_Tu10,7.365,9.683,4.394,1.298,12.513,1.107,0.826,9.389,2.780,5.867,3.873,2.746,23.675,14.482
Cer77_rep9_Dep6_Tu3,0.793,5.299,16.316,0.156,3.725,0.804,4.492,4.830,0.103,5.570,15.589,6.450,15.227,20.645
Cer77_rep5_Dep6_Tu30,6.156,1.359,42.807,8.726,3.806,0.478,3.405,2.628,8.687,6.118,5.559,3.186,5.882,1.204
Cer77_rep3_Dep6_Tu30,4.638,6.709,40.251,9.735,3.734,0.526,4.148,9.531,6.133,1.973,4.838,2.646,1.908,3.229
Cer77_rep8_Dep6_Tu50,8.828,0.814,47.960,13.414,0.085,0.220,3.661,10.165,7.181,1.354,0.930,3.472,1.636,0.278
Cer77_rep1_Dep6_Tu1,0.918,0.575,7.696,0.029,11.276,0.668,1.672,4.503,5.178,5.308,10.632,5.249,28.560,17.736
Cer77_rep7_Dep6_Tu3,1.114,34.341,10.546,0.398,9.099,0.359,3.168,0.507,2.408,7.465,8.190,4.599,11.131,6.675
Cer77_rep10_Dep6_Tu2,0.901,17.339,11.517,0.249,0.279,0.820,3.970,5.952,1.327,5.750,10.972,3.789,17.968,19.167
Cer77_rep2_Dep6_Tu0.5,0.248,7.609,5.496,0.013,26.670,0.138,2.946,2.237,6.818,4.556,3.627,4.692,19.256,15.694
Cer77_rep3_Dep6_Tu20,3.331,11.559,36.207,6.039,7.678,0.399,5.345,1.364,5.475,5.334,6.443,4.531,1.894,4.402
Cer77_rep1_Dep6_Tu2,0.452,21.315,6.836,0.430,5.801,0.516,3.370,2.787,6.776,9.951,5.551,1.093,20.823,14.298
Cer77_rep2_Dep6_Tu5,2.315,14.604,7.608,1.534,23.587,0.303,3.425,1.164,6.117,5.214,8.485,1.424,18.778,5.443
