Sample,BRCA,CEAD,CESC,COAD,OV,READ,bcell,cd4tcell,cd8tcell,erythroblast,monocyte,naturalkillercell,neutrophil,Unknown-1
Colo_rep2_Dep6_Tu0.5,0.000,0.000,0.000,0.000,0.000,0.000,0.000,33.461,0.000,0.000,0.000,0.000,66.094,0.444
Colo_rep2_Dep6_Tu50,0.000,0.000,0.000,56.739,3.257,0.017,0.000,14.478,0.000,0.000,0.000,0.000,23.307,2.201
Colo_rep6_Dep6_Tu1,0.000,0.000,0.000,0.000,0.000,0.000,0.000,31.998,0.000,0.000,0.000,0.000,63.957,4.044
Colo_rep3_Dep6_Tu2,0.000,0.000,0.000,0.000,0.000,0.000,0.000,39.309,0.000,0.000,0.000,0.000,57.834,2.856
Colo_rep7_Dep6_Tu2,0.000,0.000,0.000,0.000,0.000,0.000,0.000,38.409,0.000,0.000,0.000,0.000,60.034,1.556
Colo_rep8_Dep6_Tu0.1,0.000,0.000,0.000,0.000,0.000,0.000,0.000,25.389,0.000,0.000,0.000,0.000,58.103,16.507
Colo_rep10_Dep6_Tu2,0.000,0.000,0.000,0.000,0.000,0.000,0.000,34.432,0.000,0.000,0.000,0.000,65.148,0.419
Colo_rep6_Dep6_Tu3,0.000,0.000,0.000,0.000,0.000,0.000,0.000,38.227,0.000,0.000,0.000,0.000,59.608,2.164
Colo_rep9_Dep6_Tu30,0.000,0.000,0.000,39.540,0.000,0.000,0.000,13.528,0.000,0.000,0.000,0.000,34.949,11.982
Colo_rep9_Dep6_Tu0.5,0.000,0.000,0.000,0.000,0.000,0.000,0.000,32.744,0.000,0.000,0.000,0.000,66.926,0.330
Colo_rep6_Dep6_Tu20,0.000,0.000,0.000,25.848,0.000,0.000,0.000,29.271,0.000,0.000,0.000,0.000,43.188,1.692
Colo_rep8_Dep6_Tu30,0.000,0.000,0.000,39.830,0.194,0.000,0.000,22.139,0.000,0.000,0.000,0.000,37.156,0.681
Colo_rep3_Dep6_Tu5,0.000,0.000,0.000,0.000,0.000,0.000,0.000,33.954,0.000,0.000,0.000,0.000,64.219,1.826
Colo_rep4_Dep6_Tu3,0.000,0.000,0.000,0.000,0.000,0.000,0.000,20.029,0.000,0.000,0.000,0.000,63.221,16.750
Colo_rep2_Dep6_Tu10,0.000,0.000,0.000,16.005,0.000,0.000,0.000,29.535,0.000,0.000,0.000,0.000,53.870,0.590
Colo_rep3_Dep6_Tu40,0.000,0.000,0.000,49.097,0.741,0.000,0.000,11.480,0.000,0.000,0.000,0.000,28.807,9.874
Colo_rep3_Dep6_Tu30,0.000,0.000,0.000,40.531,0.107,0.000,0.000,20.848,0.000,0.000,0.000,0.000,36.524,1.990
Colo_rep6_Dep6_Tu30,0.000,0.000,0.000,38.767,0.475,0.000,0.000,15.362,0.000,0.000,0.000,0.000,32.393,13.002
Colo_rep4_Dep6_Tu50,0.000,0.000,0.000,55.628,0.479,0.004,0.000,13.590,0.000,0.000,0.000,0.000,21.910,8.389
Colo_rep5_Dep6_Tu50,0.000,0.000,0.000,59.143,1.011,0.000,0.000,15.588,0.000,0.000,0.000,0.000,22.726,1.532
Colo_rep6_Dep6_Tu2,0.000,0.000,0.000,0.000,0.000,0.000,0.000,24.083,0.000,0.000,0.000,0.000,58.006,17.910
Colo_rep10_Dep6_Tu50,0.000,0.000,0.000,55.777,0.334,0.000,0.000,13.324,0.000,0.000,0.000,0.000,21.016,9.549
Colo_rep7_Dep6_Tu50,0.000,0.000,0.000,57.829,0.372,0.000,0.000,16.662,0.000,0.000,0.000,0.000,21.458,3.678
Colo_rep9_Dep6_Tu40,0.000,0.000,0.000,48.858,1.118,0.006,0.000,11.419,0.000,0.000,0.000,0.000,28.527,10.071
Colo_rep8_Dep6_Tu5,0.000,0.000,0.000,0.000,0.000,0.000,0.000,26.302,0.000,0.000,0.000,0.000,56.635,17.062
Colo_rep1_Dep6_Tu20,0.000,0.000,0.000,25.484,0.000,0.000,0.000,18.257,0.000,0.000,0.000,0.000,41.088,15.171
Colo_rep9_Dep6_Tu2,0.000,0.000,0.000,0.000,0.000,0.000,0.000,33.757,0.000,0.000,0.000,0.000,65.038,1.205
Colo_rep5_Dep6_Tu30,0.000,0.000,0.000,37.883,0.244,0.000,0.000,24.640,0.000,0.000,0.000,0.000,33.864,3.369
Colo_rep4_Dep6_Tu0.1,0.000,0.000,0.000,0.000,0.000,0.000,0.000,38.546,0.000,0.000,0.000,0.000,59.189,2.265
Colo_rep5_Dep6_Tu0.1,0.000,0.000,0.000,0.000,0.000,0.000,0.000,34.059,0.000,0.000,0.000,0.000,65.452,0.488
Colo_rep9_Dep6_Tu3,0.000,0.000,0.000,0.000,0.000,0.000,0.000,19.956,0.000,0.000,0.000,0.000,62.163,17.880
Colo_rep2_Dep6_Tu0.1,0.000,0.000,0.000,0.000,0.000,0.000,0.000,20.089,0.000,0.000,0.000,0.000,63.066,16.844
Colo_rep8_Dep6_Tu10,0.000,0.000,0.000,11.015,0.000,0.003,0.000,23.154,0.000,0.000,0.000,0.000,50.547,15.281
Colo_rep4_Dep6_Tu30,0.000,0.000,0.000,41.865,0.399,0.000,0.000,20.626,0.000,0.000,0.000,0.000,36.513,0.596
Colo_rep2_Dep6_Tu2,0.000,0.000,0.000,0.000,0.000,0.000,0.000,38.822,0.000,0.000,0.000,0.000,59.604,1.573
Colo_rep1_Dep6_Tu5,0.000,0.000,0.000,0.000,0.000,0.000,0.000,38.964,0.000,0.000,0.000,0.000,59.605,1.430
Colo_rep8_Dep6_Tu50,0.000,0.000,0.000,56.408,0.551,0.000,0.000,11.516,0.000,0.000,0.000,0.000,21.005,10.519
Colo_rep5_Dep6_Tu5,0.000,0.000,0.000,0.000,0.000,0.000,0.000,26.143,0.000,0.000,0.000,0.000,55.857,17.998
Colo_rep6_Dep6_Tu50,0.000,0.000,0.000,56.021,0.821,0.000,0.000,12.975,0.000,0.000,0.000,0.000,20.775,9.408
Colo_rep5_Dep6_Tu0.5,0.000,0.000,0.000,0.000,0.000,0.000,0.000,33.550,0.000,0.000,0.000,0.000,66.074,0.375
Colo_rep4_Dep6_Tu20,0.000,0.000,0.000,26.141,0.000,0.000,0.000,21.433,0.000,0.000,0.000,0.000,41.408,11.017
Colo_rep8_Dep6_Tu40,0.000,0.000,0.000,50.058,0.757,0.000,0.000,17.991,0.000,0.000,0.000,0.000,29.808,1.385
Colo_rep7_Dep6_Tu0.3,0.000,0.000,0.000,0.000,0.000,0.000,0.000,33.227,0.000,0.000,0.000,0.000,65.732,1.040
Colo_rep7_Dep6_Tu30,0.000,0.000,0.000,42.623,0.000,0.000,0.000,20.376,0.000,0.000,0.000,0.000,36.390,0.611
Colo_rep10_Dep6_Tu20,0.000,0.000,0.000,24.747,0.081,0.000,0.000,19.757,0.000,0.000,0.000,0.000,41.371,14.044
Colo_rep9_Dep6_Tu10,0.000,0.000,0.000,13.837,0.000,0.000,0.000,17.622,0.000,0.000,0.000,0.000,52.769,15.772
Colo_rep9_Dep6_Tu0.1,0.000,0.000,0.000,0.000,0.000,0.000,0.000,25.075,0.000,0.000,0.000,0.000,56.372,18.553
Colo_rep10_Dep6_Tu0.3,0.000,0.000,0.000,0.000,0.000,0.000,0.000,23.847,0.000,0.000,0.000,0.000,58.232,17.921
Colo_rep8_Dep6_Tu20,0.000,0.000,0.000,28.478,0.048,0.000,0.000,15.048,0.000,0.000,0.000,0.000,43.557,12.868
Colo_rep3_Dep6_Tu3,0.000,0.000,0.000,0.000,0.000,0.000,0.000,32.048,0.000,0.000,0.000,0.000,61.840,6.111
Colo_rep4_Dep6_Tu2,0.000,0.000,0.000,0.000,0.000,0.000,0.000,21.200,0.000,0.000,0.000,0.000,62.720,16.079
Colo_rep10_Dep6_Tu0.1,0.000,0.000,0.000,0.000,0.000,0.000,0.000,26.015,0.000,0.000,0.000,0.000,56.110,17.874
Colo_rep4_Dep6_Tu0.3,0.000,0.000,0.000,0.000,0.000,0.000,0.000,30.675,0.000,0.000,0.000,0.000,62.967,6.357
Colo_rep9_Dep6_Tu0.3,0.000,0.000,0.000,0.000,0.000,0.000,0.000,33.353,0.000,0.000,0.000,0.000,66.249,0.397
Colo_rep1_Dep6_Tu10,0.000,0.000,0.000,10.722,0.000,0.000,0.000,23.631,0.000,0.000,0.000,0.000,48.884,16.762
Colo_rep6_Dep6_Tu0.3,0.000,0.000,0.000,0.000,0.000,0.000,0.000,19.604,0.000,0.000,0.000,0.000,62.892,17.503
Colo_rep6_Dep6_Tu0.5,0.000,0.000,0.000,0.000,0.000,0.000,0.000,26.252,0.000,0.000,0.000,0.000,56.036,17.712
Colo_rep10_Dep6_Tu10,0.000,0.000,0.000,11.898,0.000,0.000,0.000,23.014,0.000,0.000,0.000,0.000,49.898,15.190
Colo_rep10_Dep6_Tu1,0.000,0.000,0.000,0.000,0.000,0.000,0.000,25.635,0.000,0.000,0.000,0.000,56.563,17.802
Colo_rep10_Dep6_Tu5,0.000,0.000,0.000,0.000,0.000,0.000,0.000,21.494,0.000,0.000,0.000,0.000,62.256,16.250
Colo_rep10_Dep6_Tu40,0.000,0.000,0.000,50.845,0.257,0.000,0.000,18.457,0.000,0.000,0.000,0.000,28.252,2.188
Colo_rep10_Dep6_Tu0.5,0.000,0.000,0.000,0.000,0.000,0.000,0.000,25.205,0.000,0.000,0.000,0.000,56.268,18.527
Colo_rep1_Dep6_Tu1,0.000,0.000,0.000,0.000,0.000,0.000,0.000,26.559,0.000,0.000,0.000,0.000,55.876,17.565
Colo_rep7_Dep6_Tu20,0.000,0.000,0.000,29.989,0.000,0.000,0.000,23.502,0.000,0.000,0.000,0.000,46.089,0.419
Colo_rep6_Dep6_Tu10,0.000,0.000,0.000,13.436,0.000,0.000,0.000,17.634,0.000,0.000,0.000,0.000,53.833,15.097
Colo_rep10_Dep6_Tu3,0.000,0.000,0.000,0.000,0.000,0.000,0.000,33.779,0.000,0.000,0.000,0.000,65.815,0.405
Colo_rep1_Dep6_Tu30,0.000,0.000,0.000,40.949,0.846,0.000,0.000,21.753,0.000,0.000,0.000,0.000,35.467,0.985
Colo_rep1_Dep6_Tu0.1,0.000,0.000,0.000,0.000,0.000,0.000,0.000,33.286,0.000,0.000,0.000,0.000,66.391,0.322
Colo_rep7_Dep6_Tu5,0.000,0.000,0.000,0.000,0.000,0.000,0.000,38.470,0.000,0.000,0.000,0.000,58.461,3.067
Colo_rep7_Dep6_Tu0.1,0.000,0.000,0.000,0.000,0.000,0.000,0.000,32.970,0.000,0.000,0.000,0.000,66.740,0.289
Colo_rep6_Dep6_Tu40,0.000,0.000,0.000,50.549,0.041,0.000,0.000,17.225,0.000,0.000,0.000,0.000,29.154,3.030
Colo_rep8_Dep6_Tu2,0.000,0.000,0.000,0.000,0.000,0.000,0.000,20.891,0.000,0.000,0.000,0.000,61.838,17.271
Colo_rep7_Dep6_Tu0.5,0.000,0.000,0.000,0.000,0.000,0.000,0.000,38.788,0.000,0.000,0.000,0.000,60.582,0.628
Colo_rep5_Dep6_Tu20,0.000,0.000,0.000,23.484,0.000,0.000,0.000,20.447,0.000,0.000,0.000,0.000,40.270,15.799
Colo_rep8_Dep6_Tu0.3,0.000,0.000,0.000,0.000,0.000,0.000,0.000,33.352,0.000,0.000,0.000,0.000,66.240,0.407
Colo_rep4_Dep6_Tu5,0.000,0.000,0.000,0.000,0.000,0.000,0.000,25.844,0.000,0.000,0.000,0.000,55.958,18.196
Colo_rep9_Dep6_Tu1,0.000,0.000,0.000,0.000,0.000,0.000,0.000,34.718,0.000,0.000,0.000,0.000,64.772,0.510
Colo_rep1_Dep6_Tu0.5,0.000,0.000,0.000,0.000,0.000,0.000,0.000,38.519,0.000,0.000,0.000,0.000,59.269,2.212
Colo_rep8_Dep6_Tu3,0.000,0.000,0.000,0.000,0.000,0.000,0.000,18.476,0.000,0.000,0.000,0.000,63.720,17.804
Colo_rep5_Dep6_Tu0.3,0.000,0.000,0.000,0.000,0.000,0.000,0.000,25.221,0.000,0.000,0.000,0.000,56.720,18.058
Colo_rep2_Dep6_Tu30,0.000,0.000,0.000,42.119,0.014,0.000,0.000,20.181,0.000,0.000,0.000,0.000,37.151,0.535
Colo_rep7_Dep6_Tu10,0.000,0.000,0.000,15.392,0.000,0.000,0.000,27.810,0.000,0.000,0.000,0.000,56.412,0.385
Colo_rep2_Dep6_Tu40,0.000,0.000,0.000,45.915,0.108,0.000,0.000,15.402,0.000,0.000,0.000,0.000,26.876,11.700
Colo_rep3_Dep6_Tu0.1,0.000,0.000,0.000,0.000,0.000,0.000,0.000,20.548,0.000,0.000,0.000,0.000,62.409,17.043
Colo_rep3_Dep6_Tu1,0.000,0.000,0.000,0.000,0.000,0.000,0.000,20.992,0.000,0.000,0.000,0.000,62.446,16.562
Colo_rep8_Dep6_Tu1,0.000,0.000,0.000,0.000,0.000,0.000,0.000,19.776,0.000,0.000,0.000,0.000,62.833,17.390
Colo_rep4_Dep6_Tu1,0.000,0.000,0.000,0.000,0.000,0.000,0.000,25.437,0.000,0.000,0.000,0.000,55.927,18.635
Colo_rep5_Dep6_Tu40,0.000,0.000,0.000,48.067,0.472,0.000,0.000,15.856,0.000,0.000,0.000,0.000,27.687,7.917
Colo_rep5_Dep6_Tu10,0.000,0.000,0.000,14.438,0.000,0.002,0.000,17.387,0.000,0.000,0.000,0.000,53.013,15.160
Colo_rep2_Dep6_Tu0.3,0.000,0.000,0.000,0.000,0.000,0.000,0.000,18.492,0.000,0.000,0.000,0.000,63.706,17.801
Colo_rep10_Dep6_Tu30,0.000,0.000,0.000,41.820,0.241,0.010,0.000,20.673,0.000,0.000,0.000,0.000,36.541,0.714
Colo_rep1_Dep6_Tu40,0.000,0.000,0.000,49.220,0.280,0.000,0.000,10.397,0.000,0.000,0.000,0.000,29.312,10.790
Colo_rep6_Dep6_Tu0.1,0.000,0.000,0.000,0.000,0.000,0.000,0.000,38.370,0.000,0.000,0.000,0.000,59.494,2.135
Colo_rep7_Dep6_Tu40,0.000,0.000,0.000,49.169,2.014,0.000,0.000,10.842,0.000,0.000,0.000,0.000,27.862,10.112
Colo_rep1_Dep6_Tu50,0.000,0.000,0.000,57.456,1.293,0.011,0.000,10.162,0.000,0.000,0.000,0.000,22.081,8.996
Colo_rep1_Dep6_Tu0.3,0.000,0.000,0.000,0.000,0.000,0.000,0.000,39.189,0.000,0.000,0.000,0.000,57.932,2.878
Colo_rep9_Dep6_Tu20,0.000,0.000,0.000,26.872,0.068,0.000,0.000,29.126,0.000,0.000,0.000,0.000,41.506,2.427
Colo_rep4_Dep6_Tu10,0.000,0.000,0.000,14.990,0.000,0.000,0.000,28.706,0.000,0.000,0.000,0.000,55.306,0.997
Colo_rep6_Dep6_Tu5,0.000,0.000,0.000,0.000,0.000,0.000,0.000,39.108,0.000,0.000,0.000,0.000,59.740,1.151
Colo_rep9_Dep6_Tu5,0.000,0.000,0.000,0.000,0.000,0.000,0.000,28.208,0.000,0.000,0.000,0.000,58.909,12.882
Colo_rep3_Dep6_Tu50,0.000,0.000,0.000,57.193,0.123,0.000,0.000,16.963,0.000,0.000,0.000,0.000,21.778,3.943
Colo_rep5_Dep6_Tu1,0.000,0.000,0.000,0.000,0.000,0.000,0.000,27.716,0.000,0.000,0.000,0.000,59.359,12.924
Colo_rep5_Dep6_Tu3,0.000,0.000,0.000,0.000,0.000,0.000,0.000,33.009,0.000,0.000,0.000,0.000,66.702,0.289
Colo_rep2_Dep6_Tu1,0.000,0.000,0.000,0.000,0.000,0.000,0.000,31.543,0.000,0.000,0.000,0.000,62.599,5.858
Colo_rep7_Dep6_Tu1,0.000,0.000,0.000,0.000,0.000,0.000,0.000,33.640,0.000,0.000,0.000,0.000,65.895,0.465
Colo_rep5_Dep6_Tu2,0.000,0.000,0.000,0.000,0.000,0.000,0.000,24.080,0.000,0.000,0.000,0.000,57.698,18.221
Colo_rep4_Dep6_Tu40,0.000,0.000,0.000,50.612,0.795,0.000,0.000,16.963,0.000,0.217,0.000,0.000,28.636,2.776
Colo_rep2_Dep6_Tu20,0.000,0.000,0.000,25.234,0.011,0.000,0.000,31.012,0.000,0.000,0.000,0.000,42.309,1.434
Colo_rep4_Dep6_Tu0.5,0.000,0.000,0.000,0.000,0.000,0.000,0.000,25.110,0.000,0.000,0.000,0.000,56.505,18.384
Colo_rep2_Dep6_Tu5,0.000,0.000,0.000,0.000,0.000,0.000,0.000,18.818,0.000,0.000,0.000,0.000,63.362,17.819
Colo_rep2_Dep6_Tu3,0.000,0.000,0.000,0.000,0.000,0.000,0.000,31.384,0.000,0.000,0.000,0.000,61.850,6.764
Colo_rep3_Dep6_Tu10,0.000,0.000,0.000,11.718,0.000,0.003,0.000,34.462,0.000,0.000,0.000,0.000,51.358,2.458
Colo_rep8_Dep6_Tu0.5,0.000,0.000,0.000,0.000,0.000,0.000,0.000,39.278,0.000,0.000,0.000,0.000,59.567,1.154
Colo_rep7_Dep6_Tu3,0.000,0.000,0.000,0.000,0.000,0.000,0.000,25.110,0.000,0.000,0.000,0.000,56.103,18.786
Colo_rep3_Dep6_Tu0.5,0.000,0.000,0.000,0.000,0.000,0.000,0.000,19.584,0.000,0.000,0.000,0.000,62.886,17.529
Colo_rep3_Dep6_Tu20,0.000,0.000,0.000,30.436,0.000,0.000,0.000,23.943,0.000,0.000,0.000,0.000,45.020,0.600
Colo_rep1_Dep6_Tu2,0.000,0.000,0.000,0.000,0.000,0.000,0.000,34.600,0.000,0.000,0.000,0.000,64.963,0.436
Colo_rep9_Dep6_Tu50,0.000,0.000,0.000,60.061,2.240,0.000,0.000,13.475,0.000,0.000,0.000,0.000,22.274,1.951
Colo_rep3_Dep6_Tu0.3,0.000,0.000,0.000,0.000,0.000,0.000,0.000,39.289,0.000,0.000,0.000,0.000,59.596,1.114
Colo_rep1_Dep6_Tu3,0.000,0.000,0.000,0.000,0.000,0.000,0.000,38.405,0.000,0.000,0.000,0.000,58.729,2.865
Br62_rep5_Dep6_Tu0.5,0.000,0.000,0.000,0.000,0.000,0.000,0.000,33.500,0.000,0.000,0.000,0.000,66.105,0.394
Br62_rep5_Dep6_Tu3,0.000,0.000,0.000,0.000,0.000,0.006,0.000,32.976,0.000,0.000,0.000,0.000,66.719,0.298
Br62_rep6_Dep6_Tu30,37.407,0.000,0.000,0.000,0.000,1.176,0.000,13.853,0.000,0.000,0.000,0.000,35.220,12.343
Br62_rep7_Dep6_Tu20,30.369,0.000,0.000,0.000,0.000,0.287,0.000,21.896,0.000,0.000,0.000,0.000,47.218,0.229
Br62_rep2_Dep6_Tu40,41.139,0.000,0.032,0.000,0.000,1.925,7.566,7.410,0.000,0.000,3.209,0.000,28.135,10.583
Br62_rep8_Dep6_Tu0.5,0.000,0.000,0.000,0.000,0.000,0.000,0.000,39.257,0.000,0.000,0.000,0.000,59.565,1.177
Br62_rep5_Dep6_Tu2,0.000,0.000,0.000,0.000,0.000,0.000,0.000,24.149,0.000,0.000,0.000,0.000,57.660,18.191
Br62_rep4_Dep6_Tu50,48.318,0.000,0.274,0.000,0.000,2.118,9.539,2.860,0.000,0.000,9.885,0.000,21.649,5.358
Br62_rep8_Dep6_Tu40,50.961,0.000,0.303,0.000,0.000,2.561,0.000,14.110,0.000,0.000,0.000,0.000,31.938,0.127
Br62_rep7_Dep6_Tu2,0.000,0.000,0.000,0.000,0.000,0.000,0.000,38.287,0.000,0.000,0.000,0.000,60.147,1.565
Br62_rep9_Dep6_Tu40,50.207,0.000,0.380,0.000,0.005,1.054,0.000,7.215,0.000,0.000,0.000,0.000,31.584,9.556
Br62_rep10_Dep6_Tu2,0.000,0.000,0.000,0.000,0.000,0.000,0.000,34.470,0.000,0.000,0.000,0.000,65.157,0.373
Br62_rep6_Dep6_Tu10,13.109,0.000,0.013,0.000,0.000,0.086,0.000,17.590,0.000,0.000,0.000,0.000,54.457,14.745
Br62_rep2_Dep6_Tu2,0.000,0.000,0.000,0.000,0.000,0.000,0.000,38.916,0.000,0.000,0.000,0.000,59.490,1.593
Br62_rep9_Dep6_Tu5,2.793,0.000,0.037,0.000,0.000,0.052,0.000,26.749,0.000,0.000,0.000,0.000,57.740,12.628
Br62_rep6_Dep6_Tu40,51.044,0.000,0.078,0.000,0.000,1.644,0.000,14.719,0.000,0.000,0.000,0.000,31.782,0.732
Br62_rep4_Dep6_Tu20,28.165,0.000,0.000,0.000,0.000,0.283,0.000,18.055,0.000,0.000,0.000,0.000,42.326,11.170
Br62_rep9_Dep6_Tu1,0.000,0.000,0.000,0.000,0.000,0.000,0.000,34.735,0.000,0.000,0.000,0.000,64.685,0.579
Br62_rep1_Dep6_Tu0.3,0.000,0.000,0.000,0.000,0.000,0.000,0.000,39.166,0.000,0.000,0.000,0.000,57.934,2.900
Br62_rep3_Dep6_Tu5,0.000,0.000,0.000,0.000,0.000,0.031,0.000,33.906,0.000,0.000,0.000,0.000,64.241,1.820
Br62_rep9_Dep6_Tu50,59.794,0.000,0.277,0.000,0.000,2.999,3.023,8.148,0.000,0.000,0.000,0.000,25.494,0.265
Br62_rep5_Dep6_Tu30,36.729,0.000,0.228,0.000,0.000,1.847,0.000,21.940,0.000,0.000,0.000,0.000,36.869,2.387
Br62_rep9_Dep6_Tu0.5,0.000,0.000,0.000,0.000,0.000,0.000,0.000,32.727,0.000,0.000,0.000,0.000,66.901,0.370
Br62_rep1_Dep6_Tu20,24.761,0.000,0.000,0.000,0.000,0.826,0.000,17.486,0.000,0.000,0.000,0.000,42.518,14.409
Br62_rep4_Dep6_Tu2,0.000,0.000,0.000,0.000,0.000,0.000,0.000,21.304,0.000,0.000,0.000,0.000,62.686,16.009
Br62_rep8_Dep6_Tu3,0.000,0.000,0.000,0.000,0.000,0.000,0.000,18.331,0.000,0.000,0.000,0.000,63.702,17.966
Br62_rep2_Dep6_Tu5,6.151,0.000,0.000,0.000,0.000,0.025,0.000,16.710,0.000,0.000,0.000,0.000,60.205,16.908
Br62_rep2_Dep6_Tu1,0.000,0.000,0.000,0.000,0.000,0.000,0.000,31.668,0.000,0.000,0.000,0.000,62.550,5.781
Br62_rep8_Dep6_Tu1,0.000,0.000,0.000,0.000,0.000,0.000,0.000,19.846,0.000,0.000,0.000,0.000,62.835,17.318
Br62_rep10_Dep6_Tu0.1,0.000,0.000,0.000,0.000,0.000,0.000,0.000,25.973,0.000,0.000,0.000,0.000,56.069,17.957
Br62_rep3_Dep6_Tu40,48.209,0.000,0.000,0.000,1.556,2.432,0.607,7.381,0.000,0.000,0.174,0.000,30.252,9.388
Br62_rep8_Dep6_Tu0.3,0.000,0.000,0.000,0.000,0.000,0.000,0.000,33.327,0.000,0.000,0.000,0.000,66.272,0.401
Br62_rep4_Dep6_Tu0.5,0.000,0.000,0.000,0.000,0.000,0.000,0.000,25.109,0.000,0.000,0.000,0.000,56.537,18.353
Br62_rep6_Dep6_Tu50,55.249,0.000,0.577,0.000,0.000,3.119,0.000,7.472,0.000,0.000,0.000,0.000,23.463,10.120
Br62_rep7_Dep6_Tu0.1,0.000,0.000,0.000,0.000,0.000,0.000,0.000,32.942,0.000,0.000,0.000,0.000,66.786,0.271
Br62_rep9_Dep6_Tu30,40.137,0.000,0.173,0.000,0.000,0.956,0.000,10.565,0.000,0.000,0.000,0.000,36.811,11.356
Br62_rep6_Dep6_Tu20,22.863,0.000,0.000,0.000,0.000,0.534,0.000,29.476,0.000,0.000,0.000,0.000,46.503,0.624
Br62_rep5_Dep6_Tu5,0.466,0.000,0.000,0.000,0.000,0.024,0.000,25.538,0.000,0.000,0.000,0.000,55.853,18.119
Br62_rep4_Dep6_Tu40,50.274,0.000,0.116,0.000,0.741,1.750,0.000,14.775,0.000,0.000,0.000,0.000,31.525,0.819
Br62_rep8_Dep6_Tu0.1,0.000,0.000,0.000,0.000,0.000,0.000,0.000,25.350,0.000,0.000,0.000,0.000,58.144,16.505
Br62_rep1_Dep6_Tu40,48.246,0.000,0.033,0.000,1.503,3.212,0.000,6.124,0.000,0.000,0.000,0.000,30.871,10.012
Br62_rep3_Dep6_Tu30,38.909,0.000,0.210,0.000,0.824,1.571,0.000,19.948,0.000,0.000,0.000,0.000,38.069,0.469
Br62_rep7_Dep6_Tu0.5,0.000,0.000,0.000,0.000,0.000,0.000,0.000,38.797,0.000,0.000,0.000,0.000,60.610,0.592
Br62_rep1_Dep6_Tu10,7.203,0.000,0.000,0.000,0.000,0.152,0.000,23.534,0.000,0.000,0.000,0.000,51.404,17.707
Br62_rep10_Dep6_Tu20,25.102,0.000,0.000,0.000,0.000,0.434,0.000,17.464,0.000,0.000,0.000,0.000,42.723,14.277
Br62_rep1_Dep6_Tu5,0.949,0.000,0.000,0.000,0.000,0.023,0.000,38.369,0.000,0.000,0.000,0.000,59.201,1.458
Br62_rep3_Dep6_Tu50,51.183,0.000,0.473,0.000,0.000,3.851,2.184,10.674,0.000,0.000,7.656,0.000,23.164,0.814
Br62_rep1_Dep6_Tu3,0.000,0.000,0.000,0.000,0.000,0.004,0.000,38.351,0.000,0.000,0.000,0.000,58.810,2.834
Br62_rep7_Dep6_Tu30,43.578,0.000,0.092,0.000,0.000,1.352,0.000,16.223,0.000,0.000,0.000,0.000,38.524,0.230
Br62_rep6_Dep6_Tu1,0.000,0.000,0.000,0.000,0.000,0.000,0.000,32.039,0.000,0.000,0.000,0.000,63.981,3.979
Br62_rep1_Dep6_Tu0.5,0.000,0.000,0.000,0.000,0.000,0.000,0.000,38.468,0.000,0.000,0.000,0.000,59.302,2.229
Br62_rep1_Dep6_Tu0.1,0.000,0.000,0.000,0.000,0.000,0.000,0.000,33.303,0.000,0.000,0.000,0.000,66.373,0.323
Br62_rep9_Dep6_Tu3,0.000,0.000,0.000,0.000,0.000,0.000,0.000,20.084,0.000,0.000,0.000,0.000,62.430,17.485
Br62_rep5_Dep6_Tu40,41.632,0.000,0.000,0.000,0.000,1.712,9.650,8.300,0.000,0.000,0.000,0.000,30.982,7.724
Br62_rep10_Dep6_Tu3,0.000,0.000,0.000,0.000,0.000,0.000,0.000,33.832,0.000,0.000,0.000,0.000,65.803,0.364
Br62_rep2_Dep6_Tu0.3,0.000,0.000,0.000,0.000,0.000,0.000,0.000,18.509,0.000,0.000,0.000,0.000,63.689,17.801
Br62_rep10_Dep6_Tu40,49.045,0.000,0.200,0.000,0.000,2.368,0.621,15.958,0.000,0.000,0.000,0.000,31.614,0.193
Br62_rep3_Dep6_Tu2,0.000,0.000,0.000,0.000,0.000,0.000,0.000,39.212,0.000,0.000,0.000,0.000,57.957,2.830
Br62_rep5_Dep6_Tu1,0.000,0.000,0.000,0.000,0.000,0.000,0.000,27.511,0.000,0.000,0.000,0.000,59.419,13.069
Br62_rep4_Dep6_Tu1,0.000,0.000,0.000,0.000,0.000,0.000,0.000,25.420,0.000,0.000,0.000,0.000,56.000,18.580
Br62_rep10_Dep6_Tu0.5,0.000,0.000,0.000,0.000,0.000,0.000,0.000,25.280,0.000,0.000,0.000,0.000,56.269,18.450
Br62_rep5_Dep6_Tu20,23.707,0.000,0.112,0.000,0.000,0.352,0.000,18.964,0.000,0.000,0.000,0.000,41.748,15.117
Br62_rep6_Dep6_Tu0.3,0.000,0.000,0.000,0.000,0.000,0.000,0.000,19.594,0.000,0.000,0.000,0.000,62.879,17.526
Br62_rep9_Dep6_Tu0.3,0.000,0.000,0.000,0.000,0.000,0.000,0.000,33.344,0.000,0.000,0.000,0.000,66.242,0.414
Br62_rep2_Dep6_Tu20,26.150,0.000,0.000,0.000,0.000,0.315,0.092,28.621,0.000,0.000,0.000,0.000,43.845,0.977
Br62_rep6_Dep6_Tu0.5,0.000,0.000,0.000,0.000,0.000,0.000,0.000,26.292,0.000,0.000,0.000,0.000,56.032,17.675
Br62_rep8_Dep6_Tu10,10.068,0.000,0.000,0.000,0.000,0.108,0.000,23.194,0.000,0.000,0.000,0.000,51.130,15.498
Br62_rep2_Dep6_Tu0.1,0.000,0.000,0.000,0.000,0.000,0.000,0.000,20.112,0.000,0.000,0.000,0.000,63.088,16.799
Br62_rep5_Dep6_Tu10,14.689,0.000,0.000,0.000,0.000,0.072,0.000,16.109,0.000,0.000,0.000,0.000,53.742,15.387
Br62_rep10_Dep6_Tu10,11.763,0.000,0.000,0.000,0.000,0.041,0.000,21.722,0.000,0.000,0.000,0.000,50.715,15.759
Br62_rep4_Dep6_Tu10,14.221,0.000,0.011,0.000,0.000,0.130,0.000,28.575,0.000,0.000,0.000,0.000,56.171,0.892
Br62_rep3_Dep6_Tu0.1,0.000,0.000,0.000,0.000,0.000,0.000,0.000,20.468,0.000,0.000,0.000,0.000,62.422,17.109
Br62_rep2_Dep6_Tu50,60.208,0.000,0.557,0.000,0.000,2.631,0.868,9.693,0.000,0.000,0.000,0.000,25.610,0.433
Br62_rep9_Dep6_Tu10,13.452,0.000,0.000,0.000,0.000,0.139,0.000,17.118,0.000,0.000,0.000,0.000,54.116,15.175
Br62_rep5_Dep6_Tu0.3,0.000,0.000,0.000,0.000,0.000,0.000,0.000,25.216,0.000,0.000,0.000,0.000,56.725,18.058
Br62_rep8_Dep6_Tu50,54.470,0.000,0.256,0.000,0.000,3.227,1.156,8.351,0.000,0.000,0.000,0.000,23.181,9.358
Br62_rep4_Dep6_Tu0.3,0.000,0.000,0.000,0.000,0.000,0.000,0.000,30.560,0.000,0.000,0.000,0.000,62.991,6.448
Br62_rep7_Dep6_Tu1,0.000,0.000,0.000,0.000,0.000,0.000,0.000,33.464,0.000,0.000,0.000,0.000,66.048,0.487
Br62_rep3_Dep6_Tu0.5,0.000,0.000,0.000,0.000,0.000,0.000,0.000,19.592,0.000,0.000,0.000,0.000,62.871,17.536
Br62_rep7_Dep6_Tu40,47.622,0.000,0.163,0.000,2.205,1.148,0.120,7.679,0.000,0.000,1.807,0.000,29.626,9.631
Br62_rep2_Dep6_Tu3,0.000,0.000,0.000,0.000,0.000,0.000,0.000,30.792,0.000,0.000,0.000,0.000,61.857,7.351
Br62_rep2_Dep6_Tu0.5,0.000,0.000,0.000,0.000,0.000,0.000,0.000,33.451,0.000,0.000,0.000,0.000,66.104,0.444
Br62_rep1_Dep6_Tu50,55.136,0.000,1.002,0.000,0.000,3.149,0.000,7.064,0.000,0.000,0.000,0.000,26.054,7.595
Br62_rep3_Dep6_Tu3,0.000,0.000,0.000,0.000,0.000,0.000,0.000,31.684,0.000,0.000,0.000,0.000,61.789,6.527
Br62_rep7_Dep6_Tu3,0.000,0.000,0.000,0.000,0.000,0.010,0.000,25.210,0.000,0.000,0.000,0.000,56.313,18.467
Br62_rep3_Dep6_Tu0.3,0.000,0.000,0.000,0.000,0.000,0.000,0.000,39.227,0.000,0.000,0.000,0.000,59.560,1.212
Br62_rep8_Dep6_Tu30,38.528,0.000,0.179,0.000,0.000,0.823,4.799,16.833,0.000,0.000,0.000,0.000,38.519,0.319
Br62_rep4_Dep6_Tu30,42.333,0.000,0.012,0.000,0.000,1.420,0.000,17.627,0.000,0.000,0.000,0.000,38.400,0.207
Br62_rep6_Dep6_Tu3,0.000,0.000,0.000,0.000,0.000,0.000,0.000,38.467,0.000,0.000,0.000,0.000,59.541,1.991
Br62_rep4_Dep6_Tu0.1,0.000,0.000,0.000,0.000,0.000,0.000,0.000,38.610,0.000,0.000,0.000,0.000,59.152,2.237
Br62_rep8_Dep6_Tu5,2.173,0.000,0.000,0.000,0.000,0.049,0.000,25.061,0.000,0.000,0.000,0.000,55.591,17.127
Br62_rep10_Dep6_Tu50,55.154,0.000,1.018,0.000,0.469,3.147,0.174,8.625,0.000,0.000,0.000,0.000,21.857,9.555
Br62_rep10_Dep6_Tu0.3,0.000,0.000,0.000,0.000,0.000,0.000,0.000,23.912,0.000,0.000,0.000,0.000,58.166,17.921
Br62_rep3_Dep6_Tu20,31.314,0.000,0.000,0.000,0.000,0.202,0.000,21.502,0.000,0.000,0.000,0.000,46.683,0.298
Br62_rep1_Dep6_Tu1,0.000,0.000,0.000,0.000,0.000,0.000,0.000,26.445,0.000,0.000,0.000,0.000,55.986,17.569
Br62_rep3_Dep6_Tu1,0.000,0.000,0.000,0.000,0.000,0.000,0.000,21.065,0.000,0.000,0.000,0.000,62.529,16.405
Br62_rep9_Dep6_Tu2,0.000,0.000,0.000,0.000,0.000,0.000,0.000,33.718,0.000,0.000,0.000,0.000,64.972,1.309
Br62_rep7_Dep6_Tu50,52.204,0.000,0.798,0.000,0.154,3.483,6.710,10.864,0.000,0.000,0.000,0.000,24.797,0.990
Br62_rep7_Dep6_Tu5,0.044,0.000,0.000,0.000,0.000,0.046,0.000,38.420,0.000,0.000,0.000,0.000,58.240,3.249
Br62_rep8_Dep6_Tu2,0.000,0.000,0.000,0.000,0.000,0.000,0.000,20.864,0.000,0.000,0.000,0.000,61.883,17.253
Br62_rep5_Dep6_Tu0.1,0.000,0.000,0.000,0.000,0.000,0.000,0.000,34.082,0.000,0.000,0.000,0.000,65.430,0.488
Br62_rep6_Dep6_Tu5,0.000,0.000,0.000,0.000,0.000,0.013,0.000,38.791,0.000,0.000,0.000,0.000,59.793,1.402
Br62_rep9_Dep6_Tu20,24.283,0.000,0.000,0.000,0.000,0.535,0.000,28.691,0.000,0.000,0.000,0.000,44.863,1.628
Br62_rep2_Dep6_Tu30,41.562,0.000,0.024,0.000,0.000,2.099,0.000,17.248,0.000,0.000,0.000,0.000,38.824,0.242
Br62_rep7_Dep6_Tu10,14.320,0.000,0.000,0.000,0.000,0.131,0.000,27.260,0.000,0.000,0.000,0.000,58.122,0.166
Br62_rep6_Dep6_Tu0.1,0.000,0.000,0.000,0.000,0.000,0.000,0.000,38.428,0.000,0.000,0.000,0.000,59.503,2.068
Br62_rep5_Dep6_Tu50,58.585,0.000,2.237,0.000,0.000,3.681,0.000,10.737,0.000,0.000,0.000,0.000,24.307,0.454
Br62_rep10_Dep6_Tu1,0.000,0.000,0.000,0.000,0.000,0.000,0.000,25.519,0.000,0.000,0.000,0.000,56.603,17.878
Br62_rep1_Dep6_Tu30,42.190,0.000,0.000,0.000,0.000,1.019,0.000,19.029,0.000,0.000,0.000,0.000,37.459,0.303
Br62_rep7_Dep6_Tu0.3,0.000,0.000,0.000,0.000,0.000,0.000,0.000,33.259,0.000,0.000,0.000,0.000,65.738,1.003
Br62_rep2_Dep6_Tu10,13.622,0.000,0.000,0.000,0.000,0.108,0.000,29.498,0.000,0.000,0.000,0.000,56.479,0.292
Br62_rep9_Dep6_Tu0.1,0.000,0.000,0.000,0.000,0.000,0.000,0.000,25.051,0.000,0.000,0.000,0.000,56.417,18.531
Br62_rep3_Dep6_Tu10,10.524,0.000,0.000,0.000,0.000,0.091,0.000,34.601,0.000,0.000,0.000,0.000,52.174,2.609
Br62_rep4_Dep6_Tu5,3.815,0.000,0.000,0.000,0.000,0.040,0.000,23.862,0.000,0.000,0.000,0.000,54.385,17.898
Br62_rep8_Dep6_Tu20,28.664,0.000,0.177,0.000,0.000,0.619,0.000,12.476,0.000,0.000,0.000,0.000,45.345,12.719
Br62_rep1_Dep6_Tu2,0.000,0.000,0.000,0.000,0.000,0.000,0.000,34.701,0.000,0.000,0.000,0.000,64.910,0.388
Br62_rep10_Dep6_Tu5,6.767,0.000,0.000,0.000,0.000,0.020,0.000,18.993,0.000,0.000,0.000,0.000,58.628,15.591
Br62_rep10_Dep6_Tu30,39.806,0.000,0.212,0.000,0.000,1.521,0.000,18.617,0.000,0.000,0.000,0.000,39.673,0.170
Br62_rep6_Dep6_Tu2,0.000,0.000,0.000,0.000,0.000,0.000,0.000,24.103,0.000,0.000,0.000,0.000,58.072,17.824
Br62_rep4_Dep6_Tu3,0.000,0.000,0.000,0.000,0.000,0.000,0.000,19.888,0.000,0.000,0.000,0.000,63.159,16.953
Br66_rep4_Dep6_Tu50,58.914,0.000,0.088,0.000,0.000,2.461,0.000,7.141,0.000,0.000,0.000,0.000,22.668,8.727
Br66_rep3_Dep6_Tu0.5,0.000,0.000,0.000,0.000,0.000,0.000,0.000,19.587,0.000,0.000,0.000,0.000,62.881,17.531
Br66_rep2_Dep6_Tu3,0.000,0.000,0.000,0.000,0.000,0.000,0.000,31.318,0.000,0.000,0.000,0.000,61.923,6.758
Br66_rep6_Dep6_Tu40,52.347,0.000,0.192,0.000,0.000,1.221,0.000,13.766,0.000,0.000,0.000,0.000,30.878,1.595
Br66_rep9_Dep6_Tu0.1,0.000,0.000,0.000,0.000,0.000,0.000,0.000,25.079,0.000,0.000,0.000,0.000,56.377,18.544
Br66_rep9_Dep6_Tu5,3.524,0.000,0.024,0.000,0.000,0.019,0.000,26.915,0.000,0.000,0.000,0.000,57.208,12.309
Br66_rep10_Dep6_Tu1,0.000,0.000,0.000,0.000,0.000,0.000,0.000,18.323,0.000,0.000,0.000,0.000,63.739,17.937
Br66_rep6_Dep6_Tu20,25.042,0.000,0.171,0.000,0.000,0.423,0.000,27.875,0.000,0.000,0.000,0.000,44.832,1.657
Br66_rep10_Dep6_Tu30,37.522,0.000,0.000,0.000,0.000,0.971,0.000,20.938,0.000,0.000,0.000,0.000,36.950,3.618
Br66_rep10_Dep6_Tu5,2.497,0.000,0.000,0.000,0.000,0.015,0.000,37.754,0.000,0.000,0.000,0.000,57.784,1.949
Br66_rep7_Dep6_Tu1,0.000,0.000,0.000,0.000,0.000,0.000,0.000,33.473,0.000,0.000,0.000,0.000,66.039,0.486
Br66_rep6_Dep6_Tu0.3,0.000,0.000,0.000,0.000,0.000,0.000,0.000,19.593,0.000,0.000,0.000,0.000,62.883,17.523
Br66_rep1_Dep6_Tu30,42.533,0.000,0.033,0.000,0.000,0.405,0.000,18.492,0.000,0.000,0.000,0.000,38.259,0.279
Br66_rep3_Dep6_Tu1,0.000,0.000,0.000,0.000,0.000,0.000,0.000,20.948,0.000,0.000,0.000,0.000,62.489,16.563
Br66_rep3_Dep6_Tu30,39.808,0.000,0.020,0.000,0.000,1.166,0.000,19.168,0.000,0.000,0.000,0.000,39.010,0.828
Br66_rep9_Dep6_Tu1,0.000,0.000,0.000,0.000,0.000,0.000,0.000,34.819,0.000,0.000,0.000,0.000,64.682,0.498
Br66_rep9_Dep6_Tu40,48.983,0.000,0.083,0.000,0.086,1.467,0.000,6.658,0.000,0.000,0.000,0.000,31.598,11.124
Br66_rep5_Dep6_Tu1,0.000,0.000,0.000,0.000,0.000,0.000,0.000,27.519,0.000,0.000,0.000,0.000,59.458,13.022
Br66_rep2_Dep6_Tu5,0.066,0.000,0.000,0.000,0.000,0.000,0.000,18.614,0.000,0.000,0.000,0.000,63.489,17.830
Br66_rep5_Dep6_Tu30,38.256,0.000,0.273,0.000,0.093,0.614,0.000,21.845,0.000,0.000,0.000,0.000,36.547,2.371
Br66_rep7_Dep6_Tu50,58.774,0.000,0.155,0.000,0.000,2.271,0.000,12.224,0.000,0.000,0.000,0.000,23.575,3.001
Br66_rep4_Dep6_Tu40,51.521,0.000,0.102,0.000,0.000,2.208,0.000,13.210,0.000,0.000,0.000,0.000,30.759,2.200
Br66_rep8_Dep6_Tu5,2.002,0.000,0.000,0.000,0.000,0.000,0.000,25.259,0.000,0.000,0.000,0.000,55.613,17.125
Br66_rep9_Dep6_Tu2,0.000,0.000,0.000,0.000,0.000,0.000,0.000,33.461,0.000,0.000,0.000,0.000,65.106,1.432
Br66_rep6_Dep6_Tu30,37.900,0.000,0.000,0.000,0.000,0.544,0.000,13.278,0.000,0.000,0.000,0.000,34.840,13.437
Br66_rep4_Dep6_Tu0.1,0.000,0.000,0.000,0.000,0.000,0.000,0.000,38.550,0.000,0.000,0.000,0.000,59.166,2.284
Br66_rep5_Dep6_Tu10,13.137,0.000,0.077,0.000,0.000,0.042,0.000,16.508,0.000,0.000,0.000,0.000,54.731,15.504
Br66_rep3_Dep6_Tu40,49.772,0.000,0.574,0.000,0.305,1.932,0.000,7.229,0.000,0.000,0.000,0.000,29.809,10.379
Br66_rep9_Dep6_Tu0.5,0.000,0.000,0.000,0.000,0.000,0.000,0.000,32.725,0.000,0.000,0.000,0.000,66.944,0.331
Br66_rep8_Dep6_Tu2,0.000,0.000,0.000,0.000,0.000,0.000,0.000,20.731,0.000,0.000,0.000,0.000,62.031,17.238
Br66_rep10_Dep6_Tu2,0.000,0.000,0.000,0.000,0.000,0.000,0.000,30.370,0.000,0.000,0.000,0.000,60.947,8.682
Br66_rep6_Dep6_Tu0.1,0.000,0.000,0.000,0.000,0.000,0.000,0.000,38.437,0.000,0.000,0.000,0.000,59.490,2.072
Br66_rep5_Dep6_Tu0.5,0.000,0.000,0.000,0.000,0.000,0.000,0.000,33.526,0.000,0.000,0.000,0.000,66.098,0.375
Br66_rep2_Dep6_Tu20,22.493,0.000,0.035,0.000,0.000,0.199,0.000,29.442,0.000,0.000,0.000,0.000,45.752,2.078
Br66_rep4_Dep6_Tu0.5,0.000,0.000,0.000,0.000,0.000,0.000,0.000,25.098,0.000,0.000,0.000,0.000,56.508,18.394
Br66_rep4_Dep6_Tu5,3.468,0.000,0.000,0.000,0.000,0.009,0.000,23.944,0.000,0.000,0.000,0.000,54.705,17.873
Br66_rep8_Dep6_Tu0.5,0.000,0.000,0.000,0.000,0.000,0.000,0.000,39.283,0.000,0.000,0.000,0.000,59.594,1.122
Br66_rep5_Dep6_Tu20,22.543,0.000,0.000,0.000,0.000,0.121,0.000,19.724,0.000,0.000,0.000,0.000,41.906,15.706
Br66_rep1_Dep6_Tu3,0.000,0.000,0.000,0.000,0.000,0.000,0.000,38.261,0.000,0.000,0.000,0.000,58.752,2.986
Br66_rep10_Dep6_Tu10,10.880,0.000,0.000,0.000,0.000,0.046,0.000,28.036,0.000,0.000,0.000,0.000,52.992,8.045
Br66_rep3_Dep6_Tu10,8.332,0.000,0.000,0.000,0.000,0.020,0.000,35.503,0.000,0.000,0.000,0.000,53.879,2.265
Br66_rep10_Dep6_Tu40,44.708,0.000,0.075,0.000,0.000,1.662,0.000,11.747,0.000,0.000,0.000,0.000,29.288,12.518
Br66_rep1_Dep6_Tu50,59.703,0.000,0.538,0.000,0.000,3.032,0.000,4.250,0.000,0.000,0.000,0.000,23.639,8.837
Br66_rep10_Dep6_Tu0.5,0.000,0.000,0.000,0.000,0.000,0.000,0.000,28.654,0.000,0.000,0.000,0.000,61.202,10.143
Br66_rep1_Dep6_Tu0.3,0.000,0.000,0.000,0.000,0.000,0.000,0.000,39.125,0.000,0.000,0.000,0.000,57.941,2.933
Br66_rep10_Dep6_Tu0.1,0.000,0.000,0.000,0.000,0.000,0.000,0.000,32.937,0.000,0.000,0.000,0.000,60.219,6.843
Br66_rep8_Dep6_Tu40,50.288,0.000,1.740,0.000,0.106,2.148,0.000,13.768,0.000,0.000,0.000,0.000,31.552,0.398
Br66_rep3_Dep6_Tu20,28.057,0.000,0.000,0.000,0.000,0.182,0.000,22.956,0.000,0.000,0.000,0.000,48.498,0.306
Br66_rep9_Dep6_Tu0.3,0.000,0.000,0.000,0.000,0.000,0.000,0.000,33.350,0.000,0.000,0.000,0.000,66.239,0.410
Br66_rep7_Dep6_Tu0.3,0.000,0.000,0.000,0.000,0.000,0.000,0.000,33.241,0.000,0.000,0.000,0.000,65.750,1.008
Br66_rep5_Dep6_Tu2,0.000,0.000,0.000,0.000,0.000,0.000,0.000,23.984,0.000,0.000,0.000,0.000,57.624,18.392
Br66_rep5_Dep6_Tu0.3,0.000,0.000,0.000,0.000,0.000,0.000,0.000,25.219,0.000,0.000,0.000,0.000,56.744,18.036
Br66_rep6_Dep6_Tu5,1.996,0.000,0.000,0.000,0.000,0.000,0.000,37.782,0.000,0.000,0.000,0.000,58.960,1.262
Br66_rep5_Dep6_Tu3,0.000,0.000,0.000,0.000,0.000,0.000,0.000,32.960,0.000,0.000,0.000,0.000,66.662,0.377
Br66_rep1_Dep6_Tu5,0.097,0.000,0.000,0.000,0.000,0.000,0.000,38.604,0.000,0.000,0.000,0.000,59.701,1.598
Br66_rep6_Dep6_Tu10,11.179,0.000,0.042,0.000,0.000,0.038,0.000,17.869,0.000,0.000,0.000,0.000,55.679,15.192
Br66_rep3_Dep6_Tu5,5.444,0.000,0.000,0.000,0.000,0.000,0.000,30.503,0.000,0.000,0.000,0.000,61.152,2.901
Br66_rep1_Dep6_Tu1,0.000,0.000,0.000,0.000,0.000,0.000,0.000,26.455,0.000,0.000,0.000,0.000,55.963,17.581
Br66_rep4_Dep6_Tu30,41.340,0.000,0.134,0.000,0.000,1.111,0.000,17.750,0.000,0.000,0.000,0.000,39.217,0.448
Br66_rep8_Dep6_Tu20,24.740,0.000,0.583,0.000,0.000,0.777,0.000,13.999,0.000,0.000,0.000,0.000,46.633,13.268
Br66_rep4_Dep6_Tu10,12.464,0.000,0.015,0.000,0.000,0.074,0.000,28.909,0.000,0.000,0.000,0.000,57.495,1.043
Br66_rep2_Dep6_Tu1,0.000,0.000,0.000,0.000,0.000,0.000,0.000,31.427,0.000,0.000,0.000,0.000,62.627,5.945
Br66_rep6_Dep6_Tu2,0.000,0.000,0.000,0.000,0.000,0.000,0.000,24.170,0.000,0.000,0.000,0.000,58.081,17.748
Br66_rep6_Dep6_Tu0.5,0.000,0.000,0.000,0.000,0.000,0.000,0.000,26.300,0.000,0.000,0.000,0.000,55.996,17.704
Br66_rep5_Dep6_Tu0.1,0.000,0.000,0.000,0.000,0.000,0.000,0.000,34.045,0.000,0.000,0.000,0.000,65.445,0.509
Br66_rep2_Dep6_Tu2,0.000,0.000,0.000,0.000,0.000,0.000,0.000,38.725,0.000,0.000,0.000,0.000,59.634,1.640
Br66_rep10_Dep6_Tu50,56.902,0.000,0.581,0.000,0.000,2.709,0.000,11.701,0.000,0.000,0.000,0.000,23.255,4.852
Br66_rep7_Dep6_Tu3,0.000,0.000,0.000,0.000,0.000,0.000,0.000,25.075,0.000,0.000,0.000,0.000,56.374,18.550
Br66_rep7_Dep6_Tu10,14.288,0.000,0.000,0.000,0.000,0.052,0.000,27.303,0.000,0.000,0.000,0.000,58.172,0.186
Br66_rep2_Dep6_Tu0.5,0.000,0.000,0.000,0.000,0.000,0.000,0.000,33.410,0.000,0.000,0.000,0.000,66.114,0.474
Br66_rep5_Dep6_Tu50,61.073,0.000,1.350,0.000,0.000,3.304,0.000,10.040,0.000,0.000,0.000,0.000,23.777,0.456
Br66_rep9_Dep6_Tu20,23.590,0.000,0.000,0.000,0.000,0.742,0.000,28.471,0.000,0.000,0.000,0.000,45.251,1.946
Br66_rep8_Dep6_Tu3,0.000,0.000,0.000,0.000,0.000,0.000,0.000,18.336,0.000,0.000,0.000,0.000,63.664,17.999
Br66_rep9_Dep6_Tu10,12.008,0.000,0.000,0.000,0.000,0.036,0.000,17.287,0.000,0.000,0.000,0.000,54.668,16.000
Br66_rep7_Dep6_Tu2,0.000,0.000,0.000,0.000,0.000,0.000,0.000,38.360,0.000,0.000,0.000,0.000,60.225,1.415
Br66_rep6_Dep6_Tu3,0.000,0.000,0.000,0.000,0.000,0.000,0.000,38.231,0.000,0.000,0.000,0.000,59.525,2.244
Br66_rep1_Dep6_Tu0.5,0.000,0.000,0.000,0.000,0.000,0.000,0.000,38.521,0.000,0.000,0.000,0.000,59.341,2.137
Br66_rep2_Dep6_Tu40,44.393,0.000,0.508,0.000,0.000,1.248,0.039,12.378,0.000,0.000,0.392,0.000,29.072,11.968
Br66_rep1_Dep6_Tu2,0.000,0.000,0.000,0.000,0.000,0.000,0.000,34.688,0.000,0.000,0.000,0.000,64.911,0.401
Br66_rep8_Dep6_Tu1,0.000,0.000,0.000,0.000,0.000,0.000,0.000,19.825,0.000,0.000,0.000,0.000,62.860,17.314
Br66_rep4_Dep6_Tu3,0.000,0.000,0.000,0.000,0.000,0.000,0.000,19.931,0.000,0.000,0.000,0.000,62.983,17.085
Br66_rep7_Dep6_Tu40,47.238,0.000,1.949,0.000,0.000,1.385,0.000,8.111,0.000,0.000,0.029,0.000,30.278,11.009
Br66_rep7_Dep6_Tu0.5,0.000,0.000,0.000,0.000,0.000,0.000,0.000,38.749,0.000,0.000,0.000,0.000,60.587,0.663
Br66_rep2_Dep6_Tu30,42.776,0.000,0.059,0.000,0.000,2.043,0.000,16.672,0.000,0.000,0.000,0.000,38.242,0.208
Br66_rep2_Dep6_Tu0.1,0.000,0.000,0.000,0.000,0.000,0.000,0.000,20.095,0.000,0.000,0.000,0.000,63.076,16.828
Br66_rep7_Dep6_Tu0.1,0.000,0.000,0.000,0.000,0.000,0.000,0.000,32.956,0.000,0.000,0.000,0.000,66.752,0.292
Br66_rep1_Dep6_Tu40,48.054,0.000,0.074,0.000,0.000,2.181,0.000,5.964,0.000,0.000,0.000,0.000,32.321,11.405
Br66_rep7_Dep6_Tu5,0.095,0.000,0.000,0.000,0.000,0.000,0.000,38.277,0.000,0.000,0.000,0.000,58.473,3.154
Br66_rep4_Dep6_Tu1,0.000,0.000,0.000,0.000,0.000,0.000,0.000,25.417,0.000,0.000,0.000,0.000,56.000,18.582
Br66_rep8_Dep6_Tu0.1,0.000,0.000,0.000,0.000,0.000,0.000,0.000,25.379,0.000,0.000,0.000,0.000,58.094,16.527
Br66_rep4_Dep6_Tu2,0.000,0.000,0.000,0.000,0.000,0.000,0.000,21.311,0.000,0.000,0.000,0.000,62.654,16.035
Br66_rep1_Dep6_Tu0.1,0.000,0.000,0.000,0.000,0.000,0.000,0.000,33.300,0.000,0.000,0.000,0.000,66.398,0.301
Br66_rep2_Dep6_Tu10,14.439,0.000,0.000,0.000,0.000,0.014,0.000,28.870,0.000,0.000,0.000,0.000,56.280,0.397
Br66_rep4_Dep6_Tu20,26.041,0.000,0.683,0.000,0.000,0.097,0.000,18.357,0.000,0.000,0.000,0.000,43.116,11.706
Br66_rep4_Dep6_Tu0.3,0.000,0.000,0.000,0.000,0.000,0.000,0.000,30.612,0.000,0.000,0.000,0.000,62.970,6.417
Br66_rep10_Dep6_Tu3,0.000,0.000,0.000,0.000,0.000,0.000,0.000,26.842,0.000,0.000,0.000,0.000,60.653,12.505
Br66_rep1_Dep6_Tu20,24.592,0.000,0.054,0.000,0.000,0.320,0.000,16.934,0.000,0.000,0.000,0.000,43.174,14.925
Br66_rep6_Dep6_Tu1,0.000,0.000,0.000,0.000,0.000,0.000,0.000,32.023,0.000,0.000,0.000,0.000,63.999,3.977
Br66_rep6_Dep6_Tu50,56.579,0.000,1.437,0.000,0.000,2.869,0.000,4.853,0.000,0.000,0.000,0.000,22.640,11.621
Br66_rep9_Dep6_Tu3,0.000,0.000,0.000,0.000,0.000,0.000,0.000,20.001,0.000,0.000,0.000,0.000,62.327,17.672
Br66_rep3_Dep6_Tu50,56.168,0.000,1.795,0.000,0.000,3.031,0.000,13.137,0.000,0.000,1.103,0.000,22.500,2.265
Br66_rep8_Dep6_Tu30,39.771,0.000,0.515,0.000,0.058,0.588,0.000,19.726,0.000,0.000,0.000,0.000,39.128,0.214
Br66_rep7_Dep6_Tu20,30.198,0.000,0.000,0.000,0.000,0.053,0.000,21.596,0.000,0.000,0.000,0.000,47.977,0.176
Br66_rep3_Dep6_Tu2,0.000,0.000,0.000,0.000,0.000,0.000,0.000,39.246,0.000,0.000,0.000,0.000,58.053,2.701
Br66_rep8_Dep6_Tu50,56.582,0.000,1.116,0.000,0.000,2.534,0.000,5.865,0.000,0.000,0.000,0.000,23.040,10.863
Br66_rep3_Dep6_Tu3,0.000,0.000,0.000,0.000,0.000,0.000,0.000,31.739,0.000,0.000,0.000,0.000,61.692,6.569
Br66_rep3_Dep6_Tu0.3,0.000,0.000,0.000,0.000,0.000,0.000,0.000,39.252,0.000,0.000,0.000,0.000,59.583,1.164
Br66_rep8_Dep6_Tu0.3,0.000,0.000,0.000,0.000,0.000,0.000,0.000,33.340,0.000,0.000,0.000,0.000,66.217,0.442
Br66_rep3_Dep6_Tu0.1,0.000,0.000,0.000,0.000,0.000,0.000,0.000,20.545,0.000,0.000,0.000,0.000,62.415,17.039
Br66_rep10_Dep6_Tu0.3,0.000,0.000,0.000,0.000,0.000,0.000,0.000,31.537,0.000,0.000,0.000,0.000,63.015,5.447
Br66_rep2_Dep6_Tu50,61.249,0.000,1.174,0.000,0.000,3.796,0.000,8.907,0.000,0.000,0.000,0.000,24.257,0.619
Br66_rep5_Dep6_Tu5,0.443,0.000,0.011,0.000,0.000,0.007,0.000,25.722,0.000,0.000,0.000,0.000,55.689,18.127
Br66_rep10_Dep6_Tu20,23.124,0.000,0.000,0.000,0.000,0.274,0.000,18.127,0.000,0.000,0.000,0.000,44.025,14.450
Br66_rep7_Dep6_Tu30,42.756,0.000,0.107,0.000,0.000,0.360,0.000,17.058,0.000,0.000,0.000,0.000,39.520,0.198
Br66_rep9_Dep6_Tu30,41.009,0.000,0.115,0.000,0.000,0.202,0.000,9.519,0.000,0.000,0.000,0.000,36.899,12.256
Br66_rep5_Dep6_Tu40,48.699,0.000,0.160,0.000,0.000,1.881,0.033,11.596,0.000,0.000,0.000,0.000,30.586,7.044
Br66_rep8_Dep6_Tu10,9.219,0.000,0.000,0.000,0.000,0.029,0.000,23.006,0.000,0.000,0.000,0.000,51.594,16.151
Br66_rep9_Dep6_Tu50,63.117,0.000,0.592,0.000,0.000,3.845,0.000,7.942,0.000,0.000,0.000,0.000,24.126,0.377
Br66_rep2_Dep6_Tu0.3,0.000,0.000,0.000,0.000,0.000,0.000,0.000,18.506,0.000,0.000,0.000,0.000,63.687,17.806
Br66_rep1_Dep6_Tu10,6.738,0.000,0.000,0.000,0.000,0.046,0.000,23.506,0.000,0.000,0.000,0.000,52.060,17.650
Cer77_rep9_Dep6_Tu3,0.000,0.000,1.900,0.000,0.168,0.003,0.000,20.003,0.000,0.000,0.000,0.000,60.774,17.152
Cer77_rep5_Dep6_Tu30,0.747,54.655,2.046,0.000,1.679,0.502,0.071,13.322,0.000,0.000,0.000,0.000,25.902,1.076
Cer77_rep3_Dep6_Tu30,0.813,58.256,2.196,0.000,2.668,0.463,0.151,9.223,0.000,0.000,0.000,0.000,25.728,0.500
Cer77_rep8_Dep6_Tu50,1.170,69.536,2.857,0.028,2.268,0.665,1.365,1.755,0.000,0.000,2.726,0.000,13.865,3.764
Cer77_rep1_Dep6_Tu1,0.000,0.000,0.000,0.000,0.000,0.000,0.000,26.586,0.000,0.000,0.000,0.000,55.952,17.462
Cer77_rep7_Dep6_Tu3,0.000,0.000,0.039,0.000,0.000,0.030,0.000,25.363,0.000,0.000,0.000,0.000,56.250,18.317
Cer77_rep10_Dep6_Tu2,0.000,0.000,0.000,0.000,0.000,0.024,0.000,30.363,0.000,0.000,0.000,0.000,60.630,8.982
Cer77_rep2_Dep6_Tu0.5,0.000,0.000,0.000,0.000,0.000,0.000,0.000,33.470,0.000,0.000,0.000,0.000,66.099,0.430
Cer77_rep3_Dep6_Tu20,0.440,43.906,2.129,0.000,2.200,0.312,0.000,15.106,0.000,0.000,0.000,0.000,35.638,0.268
Cer77_rep1_Dep6_Tu2,0.000,0.000,0.042,0.000,0.000,0.000,0.000,34.832,0.000,0.000,0.000,0.000,64.732,0.393
Cer77_rep2_Dep6_Tu5,0.000,10.749,0.469,0.000,0.125,0.082,0.000,15.875,0.000,0.000,0.000,0.000,56.936,15.762
Cer77_rep5_Dep6_Tu0.5,0.000,0.000,0.000,0.000,0.000,0.000,0.000,33.569,0.000,0.000,0.000,0.000,66.060,0.370
Cer77_rep2_Dep6_Tu50,1.243,73.053,4.869,0.000,3.375,0.627,0.817,0.000,0.000,0.000,0.185,0.000,15.574,0.256
