Sample,BRCA,CEAD,CESC,COAD,OV,READ,bcell,cd4tcell,cd8tcell,erythroblast,monocyte,naturalkillercell,neutrophil
Colo_rep2_Dep6_Tu0.5,0.000,0.411,0.000,0.000,6.054,0.000,2.431,0.000,1.988,13.625,8.019,3.857,63.616
Colo_rep2_Dep6_Tu50,0.000,2.596,0.000,1.357,6.863,30.510,3.450,3.594,1.327,8.363,7.207,2.571,32.162
Colo_rep6_Dep6_Tu1,0.000,0.543,0.000,0.000,4.807,0.000,3.131,0.000,2.338,13.590,8.451,3.386,63.754
Colo_rep3_Dep6_Tu2,0.761,0.000,0.235,0.000,4.174,1.565,3.731,0.000,2.814,13.006,8.676,3.113,61.925
Colo_rep7_Dep6_Tu2,0.000,0.000,0.389,0.000,3.122,0.680,2.653,0.000,1.721,15.974,8.960,3.211,63.290
Colo_rep8_Dep6_Tu0.1,0.000,0.185,0.707,0.000,3.830,0.069,4.333,0.000,1.824,14.921,8.496,2.543,63.091
Colo_rep10_Dep6_Tu2,0.000,0.747,0.698,0.000,4.921,0.159,3.049,3.027,0.000,14.993,6.784,3.142,62.480
Colo_rep6_Dep6_Tu3,0.000,0.000,0.000,0.000,5.879,1.275,5.348,0.000,3.189,11.947,7.901,2.269,62.193
Colo_rep9_Dep6_Tu30,0.000,1.849,0.000,0.000,6.895,19.776,3.241,0.000,3.861,11.572,7.749,2.142,42.915
Colo_rep9_Dep6_Tu0.5,0.000,0.000,0.000,0.000,4.514,0.000,2.290,1.248,1.902,15.809,8.260,2.373,63.605
Colo_rep6_Dep6_Tu20,0.000,0.051,0.338,0.000,6.173,14.193,2.569,0.000,5.671,8.269,7.624,3.691,51.422
Colo_rep8_Dep6_Tu30,0.000,0.000,0.729,0.759,8.573,17.423,3.836,2.163,3.054,10.387,8.006,1.681,43.389
Colo_rep3_Dep6_Tu5,0.000,0.000,0.856,0.000,6.852,3.127,2.188,0.000,2.994,12.214,7.556,3.685,60.527
Colo_rep4_Dep6_Tu3,0.000,2.108,0.170,0.355,3.593,1.275,3.318,3.002,0.353,12.186,8.624,2.787,62.229
Colo_rep2_Dep6_Tu10,0.000,0.000,0.769,0.000,6.461,6.560,2.129,2.283,1.642,12.888,7.209,3.443,56.616
Colo_rep3_Dep6_Tu40,1.058,2.161,0.000,0.000,6.171,25.812,0.930,5.943,2.416,7.575,9.241,1.370,37.323
Colo_rep3_Dep6_Tu30,1.154,0.080,0.000,0.000,6.563,19.388,1.826,3.456,4.334,9.507,8.838,1.761,43.093
Colo_rep6_Dep6_Tu30,0.000,0.000,0.000,0.000,9.129,20.163,3.399,2.388,8.672,5.804,7.732,0.067,42.646
Colo_rep4_Dep6_Tu50,0.538,2.440,0.000,1.004,5.892,31.149,3.174,2.244,4.904,9.708,4.709,0.386,33.851
Colo_rep5_Dep6_Tu50,0.000,1.016,0.000,0.000,9.149,30.850,1.124,3.154,2.817,11.299,8.015,2.595,29.981
Colo_rep6_Dep6_Tu2,0.000,1.017,0.068,0.000,2.982,2.274,3.384,0.000,3.160,12.684,9.767,2.677,61.988
Colo_rep10_Dep6_Tu50,0.000,1.535,0.000,0.563,7.825,30.987,1.453,0.687,7.664,10.123,7.965,0.617,30.581
Colo_rep7_Dep6_Tu50,0.000,1.749,0.000,0.000,6.651,31.468,2.165,5.113,1.730,9.324,6.943,1.997,32.859
Colo_rep9_Dep6_Tu40,0.052,4.417,0.000,0.358,6.140,24.732,2.952,2.896,2.385,8.619,7.226,1.715,38.507
Colo_rep8_Dep6_Tu5,1.046,0.000,0.000,0.000,6.439,3.615,2.602,0.000,4.324,9.891,8.756,3.227,60.100
Colo_rep1_Dep6_Tu20,0.000,0.000,0.000,0.000,7.011,13.781,1.066,0.000,7.511,9.301,9.443,1.517,50.371
Colo_rep9_Dep6_Tu2,0.000,0.000,0.000,0.000,5.027,1.139,3.560,1.824,0.000,13.802,7.946,3.692,63.009
Colo_rep5_Dep6_Tu30,0.000,0.978,0.356,0.000,7.068,17.706,2.865,4.041,0.000,15.014,7.995,1.697,42.280
Colo_rep4_Dep6_Tu0.1,0.251,0.000,0.528,0.000,1.997,0.000,4.635,0.000,2.025,14.400,8.471,3.185,64.510
Colo_rep5_Dep6_Tu0.1,0.000,0.000,1.104,0.000,3.611,0.000,3.833,0.000,2.310,13.983,8.776,2.424,63.958
Colo_rep9_Dep6_Tu3,0.000,0.000,0.725,0.299,8.019,0.574,0.818,2.338,2.279,13.057,8.368,2.938,60.583
Colo_rep2_Dep6_Tu0.1,0.000,0.843,0.000,0.000,6.781,0.000,1.691,0.719,2.677,11.894,9.344,3.449,62.603
Colo_rep8_Dep6_Tu10,0.744,1.417,0.000,0.861,3.429,5.570,3.722,0.000,6.334,11.408,8.489,1.395,56.631
Colo_rep4_Dep6_Tu30,0.000,0.786,0.000,0.000,8.526,18.687,2.045,0.000,6.220,13.133,6.054,1.762,42.786
Colo_rep2_Dep6_Tu2,0.224,1.091,0.000,0.000,2.219,1.347,4.161,0.000,0.555,16.098,10.334,2.491,61.480
Colo_rep1_Dep6_Tu5,0.000,1.564,0.000,0.000,5.653,2.701,4.089,0.000,1.718,13.408,7.969,3.082,59.816
Colo_rep8_Dep6_Tu50,1.499,0.336,0.000,1.185,9.006,31.391,2.813,2.054,6.662,5.570,6.786,1.187,31.510
Colo_rep5_Dep6_Tu5,0.533,1.137,0.000,0.000,5.655,3.478,2.865,0.000,5.457,10.184,8.777,2.141,59.773
Colo_rep6_Dep6_Tu50,0.000,2.277,0.000,0.000,8.143,32.677,0.295,2.373,5.226,6.721,8.776,1.437,32.074
Colo_rep5_Dep6_Tu0.5,0.000,0.007,0.000,0.000,5.422,0.000,3.572,0.000,0.001,15.275,8.295,3.398,64.030
Colo_rep4_Dep6_Tu20,0.000,1.112,0.000,0.000,6.999,12.584,2.785,0.000,3.935,11.758,7.362,2.920,50.545
Colo_rep8_Dep6_Tu40,0.000,1.248,0.000,0.000,9.003,25.377,3.303,5.219,0.000,7.766,7.657,2.808,37.620
Colo_rep7_Dep6_Tu0.3,0.000,1.083,0.113,0.000,4.375,0.000,2.277,0.000,3.081,13.020,8.566,2.693,64.792
Colo_rep7_Dep6_Tu30,0.000,0.000,0.000,0.946,6.473,18.951,2.507,3.528,3.613,10.400,7.850,2.174,43.558
Colo_rep10_Dep6_Tu20,1.198,1.804,0.000,0.333,4.988,12.241,2.705,0.544,7.532,10.021,7.708,1.135,49.793
Colo_rep9_Dep6_Tu10,0.000,0.000,0.000,0.000,7.201,6.201,3.052,0.690,1.510,13.261,8.593,3.131,56.363
Colo_rep9_Dep6_Tu0.1,0.000,0.000,0.515,0.000,5.202,0.000,2.014,0.000,6.279,11.619,9.658,2.706,62.008
Colo_rep10_Dep6_Tu0.3,0.000,0.000,0.123,0.000,3.438,1.029,3.399,0.000,3.474,12.747,10.075,2.668,63.045
Colo_rep8_Dep6_Tu20,0.000,3.991,0.000,0.569,5.496,12.304,1.088,3.269,0.000,12.576,6.435,3.202,51.069
Colo_rep3_Dep6_Tu3,0.000,1.778,0.948,0.000,2.588,0.581,3.900,0.000,5.737,14.471,6.953,1.395,61.649
Colo_rep4_Dep6_Tu2,0.000,1.332,0.000,0.000,7.039,1.655,3.065,0.000,5.991,8.125,7.970,1.792,63.031
Colo_rep10_Dep6_Tu0.1,0.000,1.238,0.870,0.000,5.487,0.000,3.838,0.000,2.957,11.539,9.379,2.405,62.286
Colo_rep4_Dep6_Tu0.3,0.000,0.000,1.023,0.000,4.016,0.000,2.756,0.000,4.938,13.518,7.950,2.943,62.856
Colo_rep9_Dep6_Tu0.3,0.000,0.000,0.000,0.000,3.560,0.000,4.487,0.578,0.000,15.518,7.178,3.603,65.075
Colo_rep1_Dep6_Tu10,0.000,1.552,0.405,0.000,4.818,6.061,2.392,0.000,5.831,12.166,9.017,1.573,56.184
Colo_rep6_Dep6_Tu0.3,0.000,0.000,1.079,0.000,4.088,0.000,3.243,0.000,3.883,13.100,8.473,2.397,63.739
Colo_rep6_Dep6_Tu0.5,0.000,0.000,0.940,0.000,5.447,0.000,2.725,0.000,3.955,13.309,8.083,1.919,63.622
Colo_rep10_Dep6_Tu10,0.000,0.000,0.296,0.000,5.541,6.746,4.174,4.207,0.000,11.206,8.258,3.069,56.504
Colo_rep10_Dep6_Tu1,0.000,0.006,0.546,0.000,4.220,0.067,2.070,0.000,5.007,13.817,9.639,2.574,62.054
Colo_rep10_Dep6_Tu5,0.000,2.011,0.000,0.000,7.924,2.993,2.302,0.000,6.346,9.961,7.906,1.457,59.100
Colo_rep10_Dep6_Tu40,0.341,4.064,0.000,0.772,4.866,24.584,1.545,0.000,3.891,12.530,6.646,2.459,38.302
Colo_rep10_Dep6_Tu0.5,0.000,0.940,0.440,0.000,4.682,0.000,3.293,0.000,4.870,11.430,9.155,1.961,63.229
Colo_rep1_Dep6_Tu1,0.000,0.000,0.617,0.000,5.478,0.036,3.007,0.000,2.574,13.275,9.563,3.469,61.980
Colo_rep7_Dep6_Tu20,0.000,0.877,0.132,0.000,4.805,13.162,2.991,1.723,4.824,11.762,8.647,1.201,49.876
Colo_rep6_Dep6_Tu10,0.000,1.375,0.806,0.000,6.033,6.866,2.292,0.000,2.985,10.463,8.062,2.949,58.169
Colo_rep10_Dep6_Tu3,0.000,0.000,0.000,0.276,4.957,0.973,2.921,0.000,4.446,14.470,7.545,2.346,62.065
Colo_rep1_Dep6_Tu30,0.239,3.219,0.000,0.000,7.835,19.490,2.467,0.121,2.238,10.643,5.426,4.386,43.936
Colo_rep1_Dep6_Tu0.1,0.000,0.000,0.000,0.000,4.309,0.000,4.224,0.000,1.617,14.130,7.732,3.195,64.794
Colo_rep7_Dep6_Tu5,1.443,0.000,0.214,0.000,4.797,2.889,4.075,0.377,0.456,14.052,9.278,2.811,59.609
Colo_rep7_Dep6_Tu0.1,0.000,0.000,0.576,0.164,3.079,0.000,2.909,2.698,1.432,14.146,7.915,2.311,64.770
Colo_rep6_Dep6_Tu40,0.000,0.000,0.084,0.796,7.740,25.209,0.582,3.400,2.530,12.079,8.905,2.353,36.323
Colo_rep8_Dep6_Tu2,0.000,0.000,0.000,0.000,4.407,0.974,3.131,0.098,2.529,14.520,8.672,3.551,62.118
Colo_rep7_Dep6_Tu0.5,0.000,1.839,0.000,0.000,5.090,0.151,3.466,0.000,2.753,11.560,7.051,4.272,63.817
Colo_rep5_Dep6_Tu20,0.000,4.134,0.000,0.000,5.402,12.252,3.487,0.000,3.529,10.080,8.825,3.065,49.226
Colo_rep8_Dep6_Tu0.3,0.000,0.000,0.000,0.000,3.395,0.000,4.444,0.760,0.000,15.509,7.129,3.619,65.145
Colo_rep4_Dep6_Tu5,1.101,0.000,0.800,0.000,3.998,2.617,3.001,5.762,1.268,10.066,9.328,2.269,59.787
Colo_rep9_Dep6_Tu1,0.000,0.000,1.381,0.000,4.647,0.000,3.665,0.000,2.109,15.076,7.853,2.059,63.209
Colo_rep1_Dep6_Tu0.5,0.000,0.900,0.963,0.000,3.541,0.000,2.946,0.263,2.142,15.120,8.937,2.268,62.921
Colo_rep8_Dep6_Tu3,0.000,1.705,0.668,0.000,4.644,0.000,1.358,0.000,5.988,15.220,7.417,1.317,61.683
Colo_rep5_Dep6_Tu0.3,0.000,0.000,0.000,0.000,4.308,0.412,3.067,1.968,3.393,12.470,9.168,2.540,62.673
Colo_rep2_Dep6_Tu30,0.000,0.000,0.000,0.000,6.219,20.139,2.735,6.265,0.000,10.854,6.128,2.397,45.263
Colo_rep7_Dep6_Tu10,0.000,0.000,0.000,0.000,3.965,5.657,2.619,2.744,2.202,14.649,8.629,2.182,57.352
Colo_rep2_Dep6_Tu40,0.495,4.080,0.000,0.000,6.066,25.874,3.727,2.567,1.062,7.420,7.367,3.116,38.225
Colo_rep3_Dep6_Tu0.1,0.286,0.262,0.553,0.000,6.457,0.000,2.541,1.859,2.503,10.658,10.246,2.002,62.634
Colo_rep3_Dep6_Tu1,0.000,0.000,0.042,0.000,5.416,0.000,3.760,0.000,1.906,13.818,8.503,3.389,63.166
Colo_rep8_Dep6_Tu1,0.980,0.000,0.000,0.000,5.038,0.000,4.195,0.000,1.284,12.962,8.968,3.318,63.255
Colo_rep4_Dep6_Tu1,0.000,3.136,0.024,0.000,5.064,0.000,1.918,0.000,4.190,10.810,10.022,1.980,62.855
Colo_rep5_Dep6_Tu40,0.000,0.000,0.785,0.000,7.613,26.868,3.658,6.226,3.263,3.265,7.721,2.498,38.104
Colo_rep5_Dep6_Tu10,0.000,3.529,0.000,0.008,5.106,5.391,2.370,0.000,4.432,11.249,8.911,1.964,57.041
Colo_rep2_Dep6_Tu0.3,0.000,0.935,0.894,0.000,3.755,0.000,1.318,2.567,2.353,12.629,8.506,3.164,63.878
Colo_rep10_Dep6_Tu30,0.000,1.924,0.000,1.075,7.084,18.874,2.025,1.615,5.153,9.387,6.412,1.377,45.074
Colo_rep1_Dep6_Tu40,0.000,3.060,0.000,0.215,6.562,25.967,3.903,0.000,8.092,7.015,7.172,0.477,37.537
Colo_rep6_Dep6_Tu0.1,0.000,0.000,0.000,0.000,2.989,0.000,4.555,0.000,4.834,14.680,8.784,1.104,63.055
Colo_rep7_Dep6_Tu40,0.000,1.396,0.000,0.129,6.492,25.871,2.365,0.000,6.732,11.130,6.590,1.422,37.872
Colo_rep1_Dep6_Tu50,0.000,3.426,0.000,0.928,7.748,32.620,2.784,0.274,8.131,5.073,5.931,1.699,31.386
Colo_rep1_Dep6_Tu0.3,0.147,0.000,0.589,0.000,3.410,0.350,3.439,1.498,0.041,14.086,10.777,3.273,62.388
Colo_rep9_Dep6_Tu20,0.000,0.000,0.000,0.000,9.563,12.533,1.928,1.832,2.565,10.796,6.867,3.474,50.444
Colo_rep4_Dep6_Tu10,0.000,2.466,0.141,0.000,4.508,6.134,2.200,0.000,3.499,13.309,8.596,1.512,57.634
Colo_rep6_Dep6_Tu5,0.000,0.000,0.000,0.000,3.757,2.140,2.957,0.000,3.433,16.542,8.636,2.295,60.240
Colo_rep9_Dep6_Tu5,0.336,1.637,0.145,0.000,3.950,2.206,3.021,0.727,2.914,13.475,9.426,2.429,59.734
Colo_rep3_Dep6_Tu50,0.523,2.380,0.000,0.000,5.708,31.753,3.502,2.454,5.401,8.465,7.819,0.399,31.597
Colo_rep5_Dep6_Tu1,0.193,1.466,0.218,0.000,3.666,0.000,3.007,0.000,3.461,12.818,10.021,2.852,62.299
Colo_rep5_Dep6_Tu3,0.000,0.342,0.000,0.798,4.349,0.850,3.326,1.248,0.723,15.941,7.471,2.533,62.418
Colo_rep2_Dep6_Tu1,0.393,0.925,0.000,0.000,4.377,0.000,2.804,0.000,2.191,15.288,9.427,2.259,62.334
Colo_rep7_Dep6_Tu1,0.000,0.171,0.451,0.000,4.474,0.150,2.909,0.000,1.931,15.485,7.644,2.906,63.879
Colo_rep5_Dep6_Tu2,0.000,0.248,0.374,0.000,4.616,2.263,2.432,0.389,3.833,10.413,8.728,3.362,63.343
Colo_rep4_Dep6_Tu40,0.000,0.762,0.000,0.760,7.622,24.889,2.676,2.585,1.665,13.627,7.654,1.010,36.750
Colo_rep2_Dep6_Tu20,0.000,0.000,0.000,0.000,6.852,12.224,4.475,1.220,2.757,12.246,6.551,2.409,51.266
Colo_rep4_Dep6_Tu0.5,0.632,1.304,0.000,0.000,4.389,0.461,2.760,0.000,3.561,11.480,9.168,3.028,63.217
Colo_rep2_Dep6_Tu5,0.000,3.741,0.737,0.000,3.903,1.144,0.178,0.141,4.767,14.823,7.171,2.764,60.630
Colo_rep2_Dep6_Tu3,0.000,0.218,0.000,0.000,4.678,1.316,2.463,1.924,0.640,14.727,9.720,3.516,60.799
Colo_rep3_Dep6_Tu10,1.530,0.000,0.000,0.053,3.480,5.435,5.464,0.000,3.193,13.862,7.833,2.160,56.991
Colo_rep8_Dep6_Tu0.5,0.000,0.000,0.712,0.000,5.163,0.000,3.295,0.000,2.468,13.219,7.537,3.858,63.748
Colo_rep7_Dep6_Tu3,0.000,0.612,0.197,0.023,5.304,1.934,2.063,0.000,4.601,12.383,9.328,2.797,60.757
Colo_rep3_Dep6_Tu0.5,0.000,0.000,1.246,0.000,4.045,0.000,3.193,0.000,4.371,13.109,8.341,2.213,63.483
Colo_rep3_Dep6_Tu20,0.000,1.991,0.000,0.000,6.694,12.585,2.881,0.949,0.567,13.189,6.215,2.831,52.099
Colo_rep1_Dep6_Tu2,0.000,0.022,0.477,0.532,4.589,0.000,2.408,0.000,3.305,16.720,7.972,1.947,62.028
Colo_rep9_Dep6_Tu50,1.174,0.000,0.000,1.448,7.169,31.693,2.842,2.920,1.550,10.222,7.924,1.121,31.937
Colo_rep3_Dep6_Tu0.3,0.000,0.000,0.631,0.000,5.273,0.000,3.184,0.000,2.502,13.080,7.460,3.927,63.945
Colo_rep1_Dep6_Tu3,0.782,0.000,0.752,0.018,3.323,1.121,3.796,0.000,3.025,13.752,9.513,2.226,61.691
Br62_rep5_Dep6_Tu0.5,0.000,0.000,0.000,0.000,5.570,0.000,3.659,0.000,0.000,14.746,8.511,3.333,64.181
Br62_rep5_Dep6_Tu3,2.653,0.000,0.487,0.641,4.011,0.000,3.834,0.656,0.049,14.306,7.466,3.310,62.586
Br62_rep6_Dep6_Tu30,26.259,0.000,0.667,3.312,5.197,0.000,3.604,2.968,1.571,4.107,6.512,2.564,43.240
Br62_rep7_Dep6_Tu20,18.262,0.000,0.300,1.883,4.956,0.000,3.268,1.028,1.178,9.477,6.379,2.566,50.703
Br62_rep2_Dep6_Tu40,32.595,0.436,2.293,5.175,4.103,0.000,3.170,0.000,1.619,3.110,5.856,2.798,38.845
Br62_rep8_Dep6_Tu0.5,0.000,0.000,0.639,0.000,5.163,0.000,3.110,0.000,2.931,13.230,7.508,3.806,63.614
Br62_rep5_Dep6_Tu2,1.076,0.414,0.266,0.000,4.797,0.916,2.193,0.097,4.157,11.145,9.014,3.250,62.674
Br62_rep4_Dep6_Tu50,39.922,0.000,2.005,6.662,3.526,0.000,3.305,0.000,0.074,4.643,4.473,1.605,33.785
Br62_rep8_Dep6_Tu40,32.932,0.000,1.573,3.984,4.951,0.000,2.723,1.967,0.134,6.490,4.472,1.765,39.009
Br62_rep7_Dep6_Tu2,0.140,0.000,0.804,0.000,2.873,0.000,3.020,0.000,1.798,15.887,9.161,3.236,63.082
Br62_rep9_Dep6_Tu40,32.930,0.463,3.195,3.592,5.240,0.000,3.157,0.000,0.000,4.369,5.420,2.102,39.533
Br62_rep10_Dep6_Tu2,1.358,0.000,0.687,0.000,4.863,0.000,3.299,3.302,0.000,13.245,6.854,3.696,62.697
Br62_rep6_Dep6_Tu10,8.574,1.994,1.242,0.601,5.455,0.000,1.322,0.000,3.192,9.717,7.630,2.758,57.516
Br62_rep2_Dep6_Tu2,2.359,1.490,0.000,0.000,1.843,0.000,4.138,0.000,0.871,15.337,9.688,2.123,62.150
Br62_rep9_Dep6_Tu5,5.216,0.451,0.603,0.000,4.750,0.000,3.692,0.000,2.457,9.943,9.865,3.085,59.939
Br62_rep6_Dep6_Tu40,30.748,0.000,1.481,5.082,5.424,0.000,1.443,0.000,0.474,8.980,5.742,1.958,38.668
Br62_rep4_Dep6_Tu20,17.752,0.000,2.021,1.461,4.615,0.000,3.376,0.000,1.677,8.981,7.094,2.535,50.488
Br62_rep9_Dep6_Tu1,0.212,0.000,1.632,0.000,4.990,0.000,3.586,0.000,2.147,14.040,7.943,2.323,63.128
Br62_rep1_Dep6_Tu0.3,0.757,0.084,0.388,0.000,3.500,0.000,3.532,1.305,0.011,14.380,10.556,3.298,62.187
Br62_rep3_Dep6_Tu5,2.255,0.000,1.633,0.577,6.598,0.000,1.543,0.000,2.637,12.872,7.140,4.009,60.736
Br62_rep9_Dep6_Tu50,39.152,0.000,2.171,6.959,6.029,0.000,4.328,0.000,0.000,2.005,4.362,1.587,33.406
Br62_rep5_Dep6_Tu30,22.994,0.000,1.886,2.445,5.182,0.000,3.159,0.000,0.927,10.894,5.300,2.674,44.537
Br62_rep9_Dep6_Tu0.5,0.000,0.000,0.000,0.000,4.930,0.000,2.229,1.397,2.492,14.705,8.408,2.254,63.585
Br62_rep1_Dep6_Tu20,17.396,0.428,0.477,2.267,4.727,0.000,0.655,0.000,4.693,8.302,8.358,1.630,51.065
Br62_rep4_Dep6_Tu2,0.969,1.564,0.000,0.084,6.777,0.000,2.948,0.000,5.835,9.142,8.152,1.470,63.059
Br62_rep8_Dep6_Tu3,1.613,1.229,1.740,0.000,3.511,0.000,1.305,0.697,4.690,12.914,7.633,2.068,62.601
Br62_rep2_Dep6_Tu5,5.497,0.000,1.535,0.183,3.868,0.000,0.709,3.504,1.883,11.267,7.610,3.092,60.852
Br62_rep2_Dep6_Tu1,1.769,0.252,0.000,0.000,4.411,0.000,2.822,0.000,1.884,14.549,9.483,2.416,62.414
Br62_rep8_Dep6_Tu1,2.482,0.000,0.000,0.000,4.295,0.000,4.159,0.000,0.462,12.570,8.719,3.766,63.547
Br62_rep10_Dep6_Tu0.1,0.000,0.927,0.768,0.000,5.408,0.000,3.878,0.000,3.085,11.639,9.417,2.443,62.434
Br62_rep3_Dep6_Tu40,32.190,0.000,2.509,3.912,4.432,0.000,2.586,1.384,0.000,5.990,5.057,3.905,38.036
Br62_rep8_Dep6_Tu0.3,0.000,0.000,0.000,0.000,3.919,0.000,4.323,1.013,0.000,14.861,7.223,3.528,65.134
Br62_rep4_Dep6_Tu0.5,1.853,0.652,0.000,0.000,4.586,0.197,2.754,0.000,2.965,11.136,9.390,3.242,63.225
Br62_rep6_Dep6_Tu50,37.441,0.239,2.973,7.136,5.324,0.000,0.986,0.000,0.582,6.520,5.291,1.016,32.491
Br62_rep7_Dep6_Tu0.1,0.000,0.000,0.586,0.160,2.983,0.000,2.972,2.533,2.057,13.903,7.799,2.183,64.826
Br62_rep9_Dep6_Tu30,26.669,4.177,1.102,2.629,4.808,0.000,2.080,0.000,0.000,5.865,5.509,3.298,43.863
Br62_rep6_Dep6_Tu20,16.381,0.203,1.084,1.325,5.713,0.000,3.295,0.000,4.554,6.801,5.905,3.157,51.582
Br62_rep5_Dep6_Tu5,5.287,0.000,0.450,0.439,5.671,0.000,1.691,0.448,4.357,10.576,8.781,2.589,59.710
Br62_rep4_Dep6_Tu40,29.554,0.000,1.916,3.542,7.781,0.000,3.146,0.000,0.306,8.464,5.541,2.392,37.358
Br62_rep8_Dep6_Tu0.1,0.000,0.288,0.604,0.000,3.989,0.000,4.384,0.000,1.974,14.629,8.467,2.564,63.101
Br62_rep1_Dep6_Tu40,30.681,0.743,0.866,6.555,3.762,0.000,3.213,0.000,4.630,4.042,5.199,1.476,38.834
Br62_rep3_Dep6_Tu30,25.081,0.000,1.555,2.720,6.072,0.000,2.981,0.000,1.051,9.959,4.409,1.845,44.327
Br62_rep7_Dep6_Tu0.5,0.000,1.524,0.066,0.000,5.507,0.000,3.311,0.000,2.999,11.203,7.313,4.287,63.791
Br62_rep1_Dep6_Tu10,9.471,1.019,0.105,0.892,3.158,0.000,4.023,0.000,3.538,10.974,7.996,1.595,57.231
Br62_rep10_Dep6_Tu20,19.653,0.000,1.455,2.129,2.594,0.000,2.477,0.000,4.760,7.371,8.021,1.565,49.973
Br62_rep1_Dep6_Tu5,3.184,1.421,1.352,0.000,5.527,0.000,3.463,0.000,1.734,11.881,8.004,3.390,60.045
Br62_rep3_Dep6_Tu50,39.176,0.000,2.069,6.111,4.178,0.000,3.246,0.000,0.000,4.402,5.110,3.015,32.693
Br62_rep1_Dep6_Tu3,2.850,0.000,1.077,0.165,3.131,0.000,3.931,0.000,0.962,13.568,9.699,2.919,61.698
Br62_rep7_Dep6_Tu30,26.645,0.909,0.167,3.358,3.325,0.000,2.768,0.000,0.000,8.983,5.417,2.562,45.866
Br62_rep6_Dep6_Tu1,0.673,0.177,0.010,0.000,4.951,0.000,3.223,0.000,2.649,12.730,8.174,3.532,63.882
Br62_rep1_Dep6_Tu0.5,0.000,0.952,1.081,0.000,3.370,0.000,3.070,0.390,2.329,14.533,9.083,2.270,62.920
Br62_rep1_Dep6_Tu0.1,0.000,0.000,0.000,0.000,4.332,0.000,4.221,0.000,2.119,13.746,7.561,3.158,64.864
Br62_rep9_Dep6_Tu3,2.183,0.000,0.517,0.013,7.087,0.000,1.464,2.547,1.588,11.387,8.377,3.483,61.354
Br62_rep5_Dep6_Tu40,31.972,0.000,0.251,5.164,6.145,0.000,4.648,1.293,0.000,3.973,4.248,3.081,39.225
Br62_rep10_Dep6_Tu3,0.805,0.000,0.786,0.000,5.707,0.000,3.164,0.000,2.284,14.065,7.817,3.273,62.098
Br62_rep2_Dep6_Tu0.3,0.000,0.782,1.030,0.000,3.934,0.000,1.477,3.319,1.823,12.083,8.427,3.198,63.927
Br62_rep10_Dep6_Tu40,30.576,0.713,2.788,4.336,5.035,0.000,3.125,0.000,0.366,8.049,4.067,3.036,37.909
Br62_rep3_Dep6_Tu2,2.874,0.000,0.665,0.000,3.788,0.000,3.978,0.000,3.446,12.539,8.248,2.575,61.888
Br62_rep5_Dep6_Tu1,1.665,0.000,0.549,0.000,4.104,0.000,3.132,0.168,3.059,11.018,10.313,3.559,62.435
Br62_rep4_Dep6_Tu1,0.672,3.239,0.124,0.000,4.691,0.000,2.319,0.000,2.862,10.252,10.458,2.519,62.864
Br62_rep10_Dep6_Tu0.5,0.144,1.083,0.426,0.000,4.653,0.000,3.007,0.000,4.806,11.321,9.241,2.176,63.143
Br62_rep5_Dep6_Tu20,17.950,0.000,2.545,1.521,5.182,0.000,4.133,0.000,0.948,7.572,7.164,3.318,49.667
Br62_rep6_Dep6_Tu0.3,0.000,0.000,1.111,0.000,4.302,0.000,3.326,0.000,3.850,12.722,8.552,2.394,63.743
Br62_rep9_Dep6_Tu0.3,0.000,0.000,0.000,0.000,3.319,0.000,4.390,1.552,0.000,14.837,7.282,3.494,65.125
Br62_rep2_Dep6_Tu20,17.647,0.000,0.464,1.344,5.989,0.000,4.672,0.536,0.000,9.464,6.646,2.590,50.648
Br62_rep6_Dep6_Tu0.5,0.000,0.000,0.722,0.000,5.853,0.000,2.893,0.000,4.445,12.080,8.425,2.032,63.549
Br62_rep8_Dep6_Tu10,10.147,0.925,0.000,1.125,3.714,0.000,2.383,0.000,5.448,9.528,8.236,1.951,56.542
Br62_rep2_Dep6_Tu0.1,0.000,0.815,0.000,0.000,6.856,0.000,1.727,0.904,2.590,11.751,9.270,3.363,62.724
Br62_rep5_Dep6_Tu10,9.132,0.000,1.916,0.210,3.945,0.000,3.149,0.954,1.613,11.427,8.233,1.427,57.995
Br62_rep10_Dep6_Tu10,10.186,0.000,0.738,0.683,3.962,0.000,4.276,0.923,0.000,10.800,7.926,2.906,57.599
Br62_rep4_Dep6_Tu10,9.009,3.230,1.019,0.123,4.290,0.000,1.833,0.000,2.338,10.706,8.397,1.551,57.503
Br62_rep3_Dep6_Tu0.1,0.521,0.019,0.522,0.000,6.412,0.000,2.689,1.636,2.498,10.889,10.227,1.958,62.629
Br62_rep2_Dep6_Tu50,39.527,0.000,2.846,5.217,5.947,0.000,4.124,0.000,0.000,2.260,5.201,1.982,32.896
Br62_rep9_Dep6_Tu10,9.735,0.000,0.000,0.930,3.942,0.000,4.015,0.000,0.751,11.835,8.046,3.487,57.258
Br62_rep5_Dep6_Tu0.3,0.069,0.000,0.152,0.000,4.530,0.000,3.058,2.081,2.769,13.275,9.071,2.360,62.634
Br62_rep8_Dep6_Tu50,37.952,0.000,2.936,5.753,5.826,0.000,4.801,0.000,0.000,3.061,4.408,2.140,33.123
Br62_rep4_Dep6_Tu0.3,0.000,0.000,1.008,0.000,3.931,0.000,2.546,0.000,5.457,13.245,7.932,2.910,62.970
Br62_rep7_Dep6_Tu1,0.000,0.034,0.592,0.000,4.946,0.000,2.743,0.000,2.060,15.406,7.641,2.778,63.801
Br62_rep3_Dep6_Tu0.5,0.000,0.000,1.190,0.000,4.274,0.000,3.230,0.111,3.980,12.796,8.450,2.346,63.622
Br62_rep7_Dep6_Tu40,31.219,0.216,2.443,4.065,5.069,0.000,3.122,0.000,2.398,5.448,4.638,3.438,37.942
Br62_rep2_Dep6_Tu3,2.519,0.000,0.092,0.000,4.946,0.000,2.815,2.106,0.000,13.584,9.246,3.737,60.955
Br62_rep2_Dep6_Tu0.5,0.000,0.612,0.000,0.000,6.174,0.000,2.206,0.000,2.212,13.118,8.030,3.932,63.716
Br62_rep1_Dep6_Tu50,37.720,0.000,2.715,6.006,4.524,0.000,3.824,0.000,0.742,4.936,4.256,1.539,33.739
Br62_rep3_Dep6_Tu3,1.611,0.830,1.146,0.000,3.350,0.000,4.527,0.000,5.835,12.005,6.889,1.627,62.181
Br62_rep7_Dep6_Tu3,3.322,0.028,0.034,0.459,4.768,0.000,2.169,0.000,3.949,12.616,9.007,2.754,60.894
Br62_rep3_Dep6_Tu0.3,0.000,0.000,0.714,0.000,5.251,0.000,3.270,0.000,2.588,12.953,7.388,3.830,64.006
Br62_rep8_Dep6_Tu30,23.734,0.000,3.466,2.937,5.886,0.000,4.329,0.000,0.687,6.970,6.412,1.699,43.879
Br62_rep4_Dep6_Tu30,24.178,0.208,0.902,3.306,6.870,0.000,3.670,0.000,1.242,7.986,4.369,3.288,43.981
Br62_rep6_Dep6_Tu3,2.186,0.000,0.000,0.000,5.689,0.000,5.126,0.000,4.100,10.882,7.811,1.965,62.242
Br62_rep4_Dep6_Tu0.1,0.643,0.000,0.477,0.000,1.909,0.000,4.588,0.000,2.016,14.220,8.495,3.187,64.465
Br62_rep8_Dep6_Tu5,4.982,0.335,0.267,0.223,5.879,0.000,2.446,0.000,4.428,10.461,9.115,2.431,59.434
Br62_rep10_Dep6_Tu50,38.830,1.054,5.159,5.839,3.792,0.000,1.353,0.000,0.995,3.876,4.910,1.669,32.523
Br62_rep10_Dep6_Tu0.3,0.000,0.251,0.089,0.000,3.480,0.843,3.399,0.000,3.332,12.650,10.083,2.753,63.120
Br62_rep3_Dep6_Tu20,16.695,0.000,0.871,1.453,5.534,0.000,3.234,0.692,0.254,11.357,6.020,1.644,52.247
Br62_rep1_Dep6_Tu1,0.000,0.000,0.863,0.000,5.872,0.000,2.712,0.000,2.779,12.598,9.736,3.619,61.821
Br62_rep3_Dep6_Tu1,0.212,0.000,0.143,0.000,5.484,0.000,3.958,0.000,1.831,13.188,8.412,3.686,63.086
Br62_rep9_Dep6_Tu2,0.173,0.000,0.000,0.092,5.268,0.000,4.446,2.549,0.000,13.094,7.838,3.483,63.057
Br62_rep7_Dep6_Tu50,37.357,0.000,2.236,6.868,4.976,0.000,3.360,0.000,0.905,7.440,4.028,0.670,32.161
Br62_rep7_Dep6_Tu5,5.635,0.000,0.142,0.231,4.699,0.000,3.583,0.000,2.069,12.732,9.093,2.349,59.468
Br62_rep8_Dep6_Tu2,2.642,0.000,0.000,0.000,4.125,0.000,2.856,0.000,2.659,13.661,8.745,3.607,61.704
Br62_rep5_Dep6_Tu0.1,0.000,0.000,1.110,0.000,3.782,0.000,3.790,0.214,2.395,13.666,8.736,2.325,63.981
Br62_rep6_Dep6_Tu5,3.448,0.000,0.541,0.000,3.187,0.000,3.479,0.000,2.021,14.325,8.689,3.169,61.141
Br62_rep9_Dep6_Tu20,16.627,0.000,0.765,2.297,4.415,0.000,3.113,0.026,1.976,8.774,7.112,3.161,51.733
Br62_rep2_Dep6_Tu30,26.121,0.000,0.978,3.847,4.156,0.000,1.581,0.000,0.354,9.026,5.338,3.157,45.443
Br62_rep7_Dep6_Tu10,6.867,0.000,0.397,1.269,4.230,0.000,2.944,2.232,1.168,13.682,6.979,2.010,58.221
Br62_rep6_Dep6_Tu0.1,0.000,0.000,0.000,0.000,3.261,0.000,4.594,0.000,5.049,14.283,8.694,1.152,62.966
Br62_rep5_Dep6_Tu50,38.822,1.208,3.193,6.424,5.271,0.000,1.529,0.000,0.000,3.878,5.407,1.873,32.395
Br62_rep10_Dep6_Tu1,0.389,0.128,0.622,0.000,4.455,0.000,2.017,0.000,4.558,13.302,9.798,2.710,62.020
Br62_rep1_Dep6_Tu30,25.396,0.667,0.000,3.369,6.096,0.000,2.551,0.000,0.000,6.931,4.911,4.563,45.516
Br62_rep7_Dep6_Tu0.3,0.000,1.031,0.179,0.000,4.795,0.000,2.458,0.000,2.813,12.563,8.552,2.846,64.762
Br62_rep2_Dep6_Tu10,8.607,0.000,0.000,0.844,5.986,0.000,2.606,1.149,0.000,13.242,6.186,3.946,57.434
Br62_rep9_Dep6_Tu0.1,0.000,0.000,0.387,0.000,5.650,0.000,1.982,0.000,6.605,10.951,9.720,2.774,61.930
Br62_rep3_Dep6_Tu10,10.207,0.000,0.179,0.622,2.024,0.000,5.015,0.000,0.942,12.720,7.979,3.432,56.881
Br62_rep4_Dep6_Tu5,4.820,0.242,0.697,0.137,4.932,0.000,2.913,2.337,2.881,10.018,9.390,2.287,59.346
Br62_rep8_Dep6_Tu20,13.911,0.451,2.139,3.113,5.964,0.000,1.761,0.000,1.858,10.730,6.201,2.222,51.650
Br62_rep1_Dep6_Tu2,1.730,0.000,0.388,0.000,5.145,0.000,2.896,0.000,3.665,14.056,7.963,2.136,62.020
Br62_rep10_Dep6_Tu5,3.801,2.586,0.000,0.089,6.334,0.000,2.663,0.000,6.019,10.097,7.279,1.545,59.587
Br62_rep10_Dep6_Tu30,20.941,0.000,2.422,2.817,5.996,0.000,2.051,0.000,5.349,8.480,5.038,1.336,45.572
Br62_rep6_Dep6_Tu2,1.133,0.000,0.459,0.421,3.320,0.557,3.588,0.000,2.880,13.052,9.651,2.740,62.200
Br62_rep4_Dep6_Tu3,3.022,1.040,0.242,0.193,3.798,0.000,3.566,3.197,0.893,10.949,8.451,2.412,62.236
Br66_rep4_Dep6_Tu50,48.108,0.000,1.516,4.696,0.000,0.000,1.670,0.000,0.520,3.664,5.100,1.719,33.006
Br66_rep3_Dep6_Tu0.5,0.000,0.000,1.108,0.000,4.320,0.000,3.152,0.000,3.629,13.055,8.735,2.484,63.517
Br66_rep2_Dep6_Tu3,2.622,0.261,0.312,0.000,3.877,0.000,2.718,2.694,0.000,13.682,9.220,3.386,61.228
Br66_rep6_Dep6_Tu40,35.814,0.000,2.760,4.450,0.946,0.000,0.000,0.000,0.000,7.687,7.660,2.962,37.722
Br66_rep9_Dep6_Tu0.1,0.000,0.000,0.582,0.000,5.010,0.000,1.951,0.000,6.465,11.598,9.830,2.619,61.945
Br66_rep9_Dep6_Tu5,6.328,0.105,0.542,0.000,3.597,0.000,3.165,0.000,2.867,11.158,9.531,2.945,59.763
Br66_rep10_Dep6_Tu1,0.000,0.000,1.937,0.000,3.796,0.000,1.480,0.000,5.677,13.083,8.070,2.215,63.742
Br66_rep6_Dep6_Tu20,19.836,0.000,2.569,1.454,3.218,0.000,1.589,0.000,0.691,7.133,6.327,4.902,52.280
Br66_rep10_Dep6_Tu30,28.665,0.000,0.513,3.282,3.846,0.000,2.026,0.000,0.000,8.597,5.912,2.807,44.353
Br66_rep10_Dep6_Tu5,4.362,0.000,0.000,0.227,4.381,0.206,3.780,0.000,1.739,13.049,8.708,2.988,60.561
Br66_rep7_Dep6_Tu1,0.000,0.927,0.416,0.000,4.496,0.000,2.738,0.000,1.421,15.545,7.563,2.913,63.981
Br66_rep6_Dep6_Tu0.3,0.000,0.000,1.162,0.000,4.103,0.000,3.294,0.000,3.937,12.778,8.430,2.472,63.824
Br66_rep1_Dep6_Tu30,29.624,0.000,1.072,2.761,4.688,0.000,1.075,0.000,0.000,7.781,4.160,3.424,45.414
Br66_rep3_Dep6_Tu1,0.775,0.000,0.118,0.000,5.223,0.000,4.010,0.000,1.262,13.336,8.480,3.732,63.065
Br66_rep3_Dep6_Tu30,29.914,0.000,1.017,2.741,2.923,0.000,2.083,0.125,0.297,6.923,6.658,2.771,44.546
Br66_rep9_Dep6_Tu1,0.282,0.000,1.524,0.000,4.520,0.000,3.718,0.000,1.556,14.662,7.845,2.672,63.222
Br66_rep9_Dep6_Tu40,37.050,0.880,1.178,4.051,4.087,0.000,1.744,0.000,0.226,4.197,5.604,2.390,38.592
Br66_rep5_Dep6_Tu1,1.528,0.000,0.808,0.000,3.908,0.000,3.251,0.000,3.115,11.448,10.092,3.371,62.478
Br66_rep2_Dep6_Tu5,3.841,0.259,1.603,0.021,3.954,0.000,1.039,2.380,2.267,12.106,7.808,3.413,61.309
Br66_rep5_Dep6_Tu30,27.807,0.000,2.227,1.700,4.273,0.000,2.095,0.000,0.000,8.812,6.924,2.649,43.513
Br66_rep7_Dep6_Tu50,46.297,0.000,1.651,5.572,2.520,0.000,0.044,0.000,0.000,2.758,5.718,2.336,33.104
Br66_rep4_Dep6_Tu40,35.503,0.000,2.549,3.812,2.415,0.000,2.767,0.000,0.000,5.798,6.528,2.008,38.620
Br66_rep8_Dep6_Tu5,6.024,0.422,0.000,0.117,5.476,0.000,2.230,0.000,5.389,9.406,8.627,2.205,60.105
Br66_rep9_Dep6_Tu2,0.620,0.000,0.020,0.038,5.051,0.000,3.078,2.556,0.000,13.637,8.221,3.509,63.272
Br66_rep6_Dep6_Tu30,30.051,0.000,0.287,2.718,3.302,0.000,1.614,4.184,2.431,3.248,7.036,1.037,44.093
Br66_rep4_Dep6_Tu0.1,0.315,0.000,0.527,0.000,2.029,0.000,4.657,0.000,1.646,14.560,8.489,3.331,64.446
Br66_rep5_Dep6_Tu10,9.995,0.145,2.275,0.748,2.814,0.000,1.995,1.620,0.651,10.152,8.605,2.359,58.641
Br66_rep3_Dep6_Tu40,38.197,0.000,3.667,3.671,1.730,0.000,0.308,0.000,0.000,5.021,7.209,1.938,38.259
Br66_rep9_Dep6_Tu0.5,0.000,0.000,0.000,0.000,4.784,0.000,2.214,0.854,3.067,14.605,8.440,2.268,63.769
Br66_rep8_Dep6_Tu2,2.577,0.000,0.000,0.000,4.003,0.000,3.185,0.000,0.928,14.551,8.513,3.922,62.320
Br66_rep10_Dep6_Tu2,1.257,0.340,0.643,0.005,3.955,0.000,4.263,0.000,0.000,13.278,8.696,4.007,63.554
Br66_rep6_Dep6_Tu0.1,0.000,0.000,0.000,0.000,2.848,0.000,4.672,0.000,4.865,14.766,8.809,1.127,62.914
Br66_rep5_Dep6_Tu0.5,0.000,0.661,0.049,0.000,5.119,0.000,3.539,0.000,0.000,14.659,8.321,3.504,64.148
Br66_rep2_Dep6_Tu20,21.051,0.000,1.064,1.067,3.708,0.000,2.760,0.000,0.000,9.022,6.810,3.057,51.460
Br66_rep4_Dep6_Tu0.5,1.212,1.178,0.000,0.000,4.313,0.264,2.666,0.000,3.575,11.251,9.332,3.036,63.171
Br66_rep4_Dep6_Tu5,5.741,0.000,0.184,0.579,4.218,0.000,2.368,4.727,0.728,10.523,9.329,2.514,59.090
Br66_rep8_Dep6_Tu0.5,0.000,0.000,0.886,0.000,5.079,0.000,3.418,0.086,2.278,12.947,7.300,4.013,63.992
Br66_rep5_Dep6_Tu20,22.145,1.760,1.563,0.551,1.929,0.000,3.467,0.000,0.000,5.799,8.094,4.174,50.518
Br66_rep1_Dep6_Tu3,3.647,0.000,1.082,0.001,2.302,0.000,3.387,0.000,1.056,13.932,10.039,2.847,61.709
Br66_rep10_Dep6_Tu10,9.676,0.926,1.351,0.514,3.123,0.000,4.529,0.000,0.990,10.226,8.150,3.288,57.228
Br66_rep3_Dep6_Tu10,10.453,0.000,0.383,0.101,2.204,0.000,4.940,1.062,0.037,11.722,7.813,3.464,57.822
Br66_rep10_Dep6_Tu40,37.154,0.000,1.734,4.143,3.334,0.000,1.058,0.000,1.760,4.029,4.919,2.117,39.752
Br66_rep1_Dep6_Tu50,46.544,0.000,2.597,6.308,2.884,0.000,1.591,0.000,0.638,0.844,4.825,1.782,31.988
Br66_rep10_Dep6_Tu0.5,0.296,1.022,0.284,0.000,4.266,0.000,4.393,0.204,0.108,15.596,8.675,2.332,62.824
Br66_rep1_Dep6_Tu0.3,0.573,0.158,0.523,0.000,3.194,0.000,3.592,1.332,0.000,14.282,10.529,3.502,62.314
Br66_rep10_Dep6_Tu0.1,0.050,0.000,0.466,0.000,4.329,0.000,3.931,0.000,1.205,13.389,9.472,4.352,62.806
Br66_rep8_Dep6_Tu40,33.724,0.000,2.963,3.979,5.398,0.000,2.204,0.000,0.000,5.842,4.975,2.043,38.872
Br66_rep3_Dep6_Tu20,19.343,0.000,1.165,1.960,3.366,0.000,2.943,0.000,0.000,9.102,6.211,3.779,52.130
Br66_rep9_Dep6_Tu0.3,0.000,0.000,0.000,0.000,3.641,0.000,4.582,0.741,0.000,15.159,7.160,3.536,65.182
Br66_rep7_Dep6_Tu0.3,0.000,1.265,0.018,0.000,4.655,0.000,2.370,0.000,2.584,12.849,8.580,2.901,64.778
Br66_rep5_Dep6_Tu2,0.677,0.000,1.000,0.000,4.661,1.366,2.759,0.000,4.509,9.865,8.859,3.262,63.040
Br66_rep5_Dep6_Tu0.3,0.000,0.000,0.304,0.000,4.275,0.143,3.125,1.967,3.177,12.735,9.136,2.368,62.770
Br66_rep6_Dep6_Tu5,2.668,0.000,1.441,0.000,2.971,0.000,2.871,0.000,1.900,15.065,9.014,2.968,61.101
Br66_rep5_Dep6_Tu3,2.297,0.000,0.588,0.390,4.218,0.000,3.303,2.594,0.685,12.754,7.734,3.219,62.218
Br66_rep1_Dep6_Tu5,3.524,0.000,0.649,0.370,6.110,0.000,4.258,0.000,0.029,13.405,7.707,3.813,60.134
Br66_rep6_Dep6_Tu10,8.662,2.104,1.292,0.603,4.703,0.000,1.244,0.000,2.185,10.132,8.282,2.685,58.109
Br66_rep3_Dep6_Tu5,4.891,0.000,1.379,0.168,5.118,0.000,2.810,0.292,1.519,12.262,7.465,3.653,60.443
Br66_rep1_Dep6_Tu1,0.000,0.000,1.148,0.000,5.669,0.000,3.074,0.000,2.395,12.209,9.673,3.580,62.252
Br66_rep4_Dep6_Tu30,26.817,0.000,1.869,2.618,5.951,0.000,2.189,0.000,0.000,7.615,5.924,3.150,43.866
Br66_rep8_Dep6_Tu20,18.272,0.661,2.378,1.822,4.465,0.000,0.749,1.429,0.774,8.643,5.626,3.113,52.067
Br66_rep4_Dep6_Tu10,10.298,2.485,1.295,0.023,4.325,0.000,1.771,0.000,0.266,10.878,9.132,2.116,57.412
Br66_rep2_Dep6_Tu1,0.977,0.734,0.000,0.000,4.021,0.000,2.990,0.000,2.455,14.311,9.373,2.298,62.839
Br66_rep6_Dep6_Tu2,1.183,0.460,0.870,0.530,2.689,0.350,3.248,0.000,2.902,13.629,9.555,2.478,62.106
Br66_rep6_Dep6_Tu0.5,0.058,0.000,0.949,0.000,5.622,0.000,3.055,0.000,3.481,12.645,8.453,2.202,63.534
Br66_rep5_Dep6_Tu0.1,0.000,0.000,1.086,0.000,3.637,0.000,3.824,0.000,2.299,13.919,8.868,2.429,63.938
Br66_rep2_Dep6_Tu2,2.888,0.847,0.000,0.000,2.048,0.089,4.429,0.000,0.000,15.306,9.868,2.602,61.924
Br66_rep10_Dep6_Tu50,45.307,0.000,1.976,5.716,1.841,0.000,1.102,0.000,0.000,5.321,4.512,1.650,32.575
Br66_rep7_Dep6_Tu3,2.974,0.000,0.406,0.865,4.555,0.000,1.567,0.000,3.582,12.763,9.167,3.105,61.016
Br66_rep7_Dep6_Tu10,8.711,0.000,1.055,0.897,3.991,0.000,2.308,4.139,0.616,11.765,6.964,2.013,57.540
Br66_rep2_Dep6_Tu0.5,0.000,0.174,0.096,0.000,6.353,0.000,2.462,0.000,1.711,13.440,7.945,4.094,63.725
Br66_rep5_Dep6_Tu50,43.637,0.000,4.166,4.581,2.394,0.000,0.720,0.000,0.111,4.858,6.245,1.134,32.155
Br66_rep9_Dep6_Tu20,19.804,0.000,0.684,2.109,3.483,0.000,1.058,0.000,0.576,10.816,6.618,3.828,51.023
Br66_rep8_Dep6_Tu3,2.200,0.131,1.731,0.000,3.674,0.000,1.808,0.000,4.577,13.336,8.167,2.293,62.082
Br66_rep9_Dep6_Tu10,9.308,0.000,1.309,0.207,3.716,0.000,3.689,0.016,0.000,12.688,7.825,3.247,57.994
Br66_rep7_Dep6_Tu2,0.000,0.000,0.666,0.000,2.798,0.000,2.965,0.000,1.299,16.500,9.176,3.332,63.264
Br66_rep6_Dep6_Tu3,1.903,0.000,0.000,0.089,5.857,0.000,4.729,0.000,3.191,11.897,7.761,2.230,62.342
Br66_rep1_Dep6_Tu0.5,0.000,0.759,1.357,0.000,3.135,0.000,2.908,0.149,2.526,14.840,8.936,2.324,63.066
Br66_rep2_Dep6_Tu40,38.193,0.030,2.948,3.567,0.000,0.000,2.682,0.000,0.000,2.899,7.330,2.867,39.484
Br66_rep1_Dep6_Tu2,2.372,0.000,0.206,0.000,4.429,0.000,2.883,0.000,2.048,14.749,7.704,2.915,62.694
Br66_rep8_Dep6_Tu1,2.250,0.000,0.000,0.000,4.438,0.000,4.086,0.000,0.652,12.415,9.089,3.610,63.458
Br66_rep4_Dep6_Tu3,2.406,2.800,0.502,0.318,3.032,0.000,3.339,2.914,0.000,10.814,8.424,3.112,62.339
Br66_rep7_Dep6_Tu40,36.365,0.929,2.253,3.825,5.295,0.000,0.909,0.000,0.000,4.873,5.935,3.172,36.444
Br66_rep7_Dep6_Tu0.5,0.000,1.515,0.249,0.000,5.351,0.011,3.523,0.000,2.805,11.108,7.299,4.264,63.874
Br66_rep2_Dep6_Tu30,27.340,0.000,1.662,3.982,3.354,0.000,1.662,0.000,0.000,9.273,4.078,2.696,45.953
Br66_rep2_Dep6_Tu0.1,0.000,0.948,0.000,0.000,6.733,0.000,1.665,0.647,2.692,11.830,9.390,3.528,62.566
Br66_rep7_Dep6_Tu0.1,0.000,0.000,0.656,0.176,2.887,0.000,2.923,2.266,1.924,14.179,8.069,2.238,64.683
Br66_rep1_Dep6_Tu40,37.078,0.000,1.391,5.513,1.090,0.000,1.520,0.000,0.000,6.819,5.343,1.903,39.342
Br66_rep7_Dep6_Tu5,5.453,0.000,0.235,0.218,4.015,0.000,3.465,0.219,0.000,13.666,9.377,3.171,60.180
Br66_rep4_Dep6_Tu1,0.982,2.515,0.261,0.000,4.587,0.000,2.366,0.000,3.043,10.219,10.391,2.643,62.993
Br66_rep8_Dep6_Tu0.1,0.000,0.054,0.822,0.000,3.907,0.000,4.350,0.000,1.903,14.890,8.477,2.508,63.090
Br66_rep4_Dep6_Tu2,1.783,0.723,0.062,0.398,7.454,0.202,2.906,0.000,5.385,8.066,8.502,1.743,62.778
Br66_rep1_Dep6_Tu0.1,0.000,0.000,0.000,0.000,4.243,0.000,4.252,0.000,1.520,14.081,7.697,3.364,64.843
Br66_rep2_Dep6_Tu10,10.745,0.000,1.050,0.707,3.167,0.000,2.487,0.025,0.000,13.674,6.474,4.054,57.618
Br66_rep4_Dep6_Tu20,17.986,0.000,2.853,1.333,3.986,0.000,2.335,0.000,1.023,11.166,6.395,2.680,50.241
Br66_rep4_Dep6_Tu0.3,0.000,0.000,1.140,0.000,3.882,0.000,2.632,0.000,5.005,13.621,7.914,3.026,62.780
Br66_rep10_Dep6_Tu3,4.625,0.718,0.542,0.000,3.352,0.000,3.435,0.716,2.582,12.135,6.946,2.352,62.597
Br66_rep1_Dep6_Tu20,20.692,0.000,1.090,1.556,3.088,0.000,0.037,0.000,4.003,7.905,8.859,2.267,50.503
Br66_rep6_Dep6_Tu1,0.404,0.000,0.379,0.000,5.126,0.000,3.170,0.000,2.067,12.573,8.505,3.785,63.992
Br66_rep6_Dep6_Tu50,45.367,0.000,4.078,5.050,1.405,0.000,0.000,0.000,1.456,4.014,5.370,0.210,33.050
Br66_rep9_Dep6_Tu3,2.612,0.000,0.757,0.000,6.725,0.000,1.666,1.408,1.954,11.712,8.373,3.466,61.327
Br66_rep3_Dep6_Tu50,45.280,0.255,3.057,4.869,0.000,0.000,1.542,0.000,0.000,4.224,7.215,1.784,31.773
Br66_rep8_Dep6_Tu30,25.856,0.000,3.564,3.167,4.474,0.000,2.424,0.000,0.000,6.626,5.932,2.694,45.264
Br66_rep7_Dep6_Tu20,21.856,0.000,0.423,1.214,1.873,0.000,1.386,0.559,2.698,9.545,6.282,2.340,51.824
Br66_rep3_Dep6_Tu2,3.324,0.000,0.023,0.349,4.347,0.000,4.026,0.000,2.138,12.262,8.414,3.152,61.965
Br66_rep8_Dep6_Tu50,48.279,0.000,2.135,5.577,1.963,0.000,1.443,0.000,0.000,1.161,4.981,2.348,32.113
Br66_rep3_Dep6_Tu3,2.074,0.000,1.320,0.000,3.041,0.000,4.705,0.000,3.958,12.839,7.437,2.490,62.137
Br66_rep3_Dep6_Tu0.3,0.000,0.000,0.816,0.000,5.062,0.000,3.325,0.000,2.401,12.994,7.454,3.934,64.014
Br66_rep8_Dep6_Tu0.3,0.000,0.000,0.000,0.000,3.569,0.000,4.534,0.679,0.000,15.242,7.375,3.551,65.049
Br66_rep3_Dep6_Tu0.1,0.374,0.269,0.432,0.000,6.279,0.000,2.613,2.076,2.226,10.799,10.236,2.059,62.635
Br66_rep10_Dep6_Tu0.3,0.755,0.000,0.088,0.000,3.053,0.000,2.610,1.162,1.223,16.385,7.674,3.101,63.951
Br66_rep2_Dep6_Tu50,48.108,0.000,2.140,5.163,2.265,0.000,2.368,0.000,0.000,0.000,5.839,1.684,32.433
Br66_rep5_Dep6_Tu5,5.755,0.000,1.393,0.263,5.120,0.000,1.610,0.000,4.046,9.121,8.932,3.051,60.710
Br66_rep10_Dep6_Tu20,18.600,0.000,0.000,2.585,3.758,0.000,1.940,0.000,0.000,11.387,8.125,3.218,50.387
Br66_rep7_Dep6_Tu30,28.390,0.000,0.726,2.892,3.358,0.000,3.422,0.000,0.000,7.349,5.232,2.562,46.067
Br66_rep9_Dep6_Tu30,30.952,0.000,1.052,2.170,1.950,0.000,2.332,0.000,0.000,7.780,6.843,2.621,44.299
Br66_rep5_Dep6_Tu40,35.667,0.000,1.271,3.683,5.224,0.000,3.939,0.302,0.000,4.399,4.753,2.144,38.618
Br66_rep8_Dep6_Tu10,11.804,1.618,0.099,0.849,1.119,0.000,2.342,0.000,3.460,10.675,8.870,2.681,56.482
Br66_rep9_Dep6_Tu50,43.471,0.000,2.690,6.405,2.753,0.000,1.295,0.000,0.000,3.964,4.799,1.916,32.708
Br66_rep2_Dep6_Tu0.3,0.000,0.944,0.934,0.000,3.539,0.000,1.357,2.498,2.748,12.570,8.487,3.052,63.871
Br66_rep1_Dep6_Tu10,10.008,1.091,0.183,0.859,3.647,0.000,2.884,0.000,1.022,11.362,8.295,2.891,57.757
Cer77_rep9_Dep6_Tu3,0.000,0.272,2.400,1.153,8.000,0.000,1.373,1.616,1.629,11.795,8.416,3.857,59.489
Cer77_rep5_Dep6_Tu30,7.980,10.394,10.132,8.985,10.153,0.000,2.687,4.011,0.000,2.613,4.809,1.579,36.658
Cer77_rep3_Dep6_Tu30,7.641,10.987,11.058,9.858,10.015,0.000,2.371,1.531,0.000,1.900,5.436,1.997,37.207
Cer77_rep8_Dep6_Tu50,10.457,17.966,13.968,13.501,10.967,0.000,2.634,0.000,0.000,0.000,3.155,2.591,24.762
Cer77_rep1_Dep6_Tu1,0.000,0.000,1.495,0.000,5.865,0.000,2.824,0.000,2.417,12.832,9.654,3.718,61.196
Cer77_rep7_Dep6_Tu3,0.923,1.215,1.242,1.655,6.459,0.000,1.943,0.000,2.815,11.777,8.896,3.562,59.513
Cer77_rep10_Dep6_Tu2,0.000,0.593,1.211,0.804,4.802,0.000,4.458,0.000,0.000,13.027,8.553,3.705,62.848
Cer77_rep2_Dep6_Tu0.5,0.000,0.647,0.003,0.000,6.276,0.000,2.440,0.000,1.202,13.937,7.897,4.129,63.468
Cer77_rep3_Dep6_Tu20,5.242,9.388,8.299,7.278,7.387,0.222,2.613,0.420,0.000,4.938,5.065,3.361,45.787
Cer77_rep1_Dep6_Tu2,0.767,0.627,2.715,0.163,5.880,0.000,2.856,0.000,1.632,13.999,7.613,2.502,61.246
Cer77_rep2_Dep6_Tu5,0.574,5.669,2.747,1.901,4.218,0.000,1.355,0.281,3.008,10.532,7.590,3.176,58.949
Cer77_rep5_Dep6_Tu0.5,0.000,1.236,0.222,0.000,5.107,0.000,3.804,0.000,0.000,14.067,8.105,3.518,63.942
Cer77_rep2_Dep6_Tu50,8.488,18.858,16.033,13.007,10.636,0.000,1.912,0.396,0.000,0.000,4.279,1.590,24.801
Cer77_rep9_Dep6_Tu0.5,0.000,0.000,0.330,0.000,4.936,0.000,2.515,1.162,2.394,14.530,8.301,2.383,63.449
Cer77_rep4_Dep6_Tu10,2.396,7.279,4.680,3.218,4.993,0.000,2.776,1.816,0.000,9.140,8.055,2.090,53.557
Cer77_rep9_Dep6_Tu20,4.701,8.655,7.795,7.961,6.269,0.000,2.338,3.812,0.000,4.010,6.028,3.372,45.060
Cer77_rep3_Dep6_Tu10,4.322,3.060,4.895,2.672,5.407,0.000,4.159,0.738,0.031,10.450,6.400,3.909,53.956
Cer77_rep6_Dep6_Tu5,0.195,3.094,3.865,1.454,3.798,0.000,3.685,0.000,1.995,11.539,8.078,3.241,59.056
Cer77_rep5_Dep6_Tu1,0.657,0.788,0.871,0.000,4.147,0.000,3.320,0.000,2.591,12.044,10.184,3.387,62.011
Cer77_rep5_Dep6_Tu0.3,0.000,0.000,0.412,0.000,4.424,0.183,3.102,2.088,2.785,12.695,9.135,2.457,62.719
Cer77_rep4_Dep6_Tu50,8.753,18.754,14.214,12.884,10.259,0.458,1.222,3.640,0.000,0.000,3.375,1.195,25.245
Cer77_rep6_Dep6_Tu0.3,0.000,0.000,1.503,0.000,4.194,0.000,3.054,0.000,4.173,12.686,8.491,2.352,63.549
Cer77_rep4_Dep6_Tu40,5.970,15.278,13.191,12.022,11.886,0.684,2.797,1.276,0.000,0.000,4.618,1.529,30.748
Cer77_rep10_Dep6_Tu5,2.884,2.612,0.919,1.483,5.599,0.565,4.142,0.000,2.741,10.651,7.868,2.279,58.257
Cer77_rep3_Dep6_Tu1,0.044,0.000,0.826,0.000,5.370,0.000,4.110,0.036,1.570,13.372,8.421,3.697,62.552
Cer77_rep8_Dep6_Tu40,7.985,15.236,12.477,11.201,12.218,0.000,2.411,2.936,0.000,0.000,3.826,1.697,30.014
Cer77_rep7_Dep6_Tu0.3,0.000,1.217,0.202,0.000,4.623,0.000,2.458,0.000,2.880,12.619,8.491,2.828,64.680
Cer77_rep3_Dep6_Tu0.1,0.262,0.930,0.425,0.000,6.058,0.000,2.630,1.745,2.381,10.562,10.201,2.139,62.665
Cer77_rep4_Dep6_Tu0.3,0.000,0.000,1.473,0.000,3.967,0.000,2.586,0.000,4.818,13.371,7.941,3.046,62.798
Cer77_rep6_Dep6_Tu2,0.342,0.607,1.115,0.773,3.366,0.945,3.136,0.000,3.365,12.167,9.717,2.958,61.508
Cer77_rep6_Dep6_Tu20,3.331,11.681,8.253,7.134,7.011,0.000,2.868,0.000,0.000,3.735,4.294,5.006,46.687
Cer77_rep9_Dep6_Tu40,6.883,15.772,12.358,11.610,11.353,0.118,3.159,2.767,0.000,0.000,3.679,1.381,30.920
Cer77_rep6_Dep6_Tu40,7.650,15.334,13.363,11.461,9.425,0.471,2.736,1.016,0.000,0.000,3.843,2.457,32.246
Cer77_rep8_Dep6_Tu5,1.832,3.219,2.431,1.426,7.141,0.000,3.604,0.000,2.920,8.295,8.390,2.973,57.769
Cer77_rep5_Dep6_Tu50,8.696,17.768,14.762,12.681,11.012,0.682,1.541,1.897,0.000,0.000,3.879,1.868,25.214
Cer77_rep1_Dep6_Tu30,6.797,13.297,9.251,11.091,9.813,0.000,1.999,0.000,0.000,2.468,3.719,3.798,37.767
Cer77_rep2_Dep6_Tu20,4.663,11.262,7.808,6.202,6.873,0.000,4.215,0.404,0.000,4.852,5.562,3.499,44.661
