Sample,BRCA,CEAD,CESC,COAD,OV,READ,bcell,cd4tcell,cd8tcell,erythroblast,monocyte,naturalkillercell,neutrophil
Colo_rep2_Dep6_Tu0.5,0.000,0.000,0.000,0.000,7.108,2.699,2.845,0.000,0.000,9.576,8.806,5.249,63.717
Colo_rep2_Dep6_Tu50,0.952,1.573,0.000,0.885,7.982,32.407,4.275,0.000,0.000,6.765,7.976,4.390,32.795
Colo_rep6_Dep6_Tu1,0.518,0.000,0.000,0.000,5.925,2.648,3.537,0.000,0.000,9.417,9.234,4.879,63.841
Colo_rep3_Dep6_Tu2,1.334,0.000,0.005,0.000,4.825,3.760,4.163,0.000,0.000,9.915,9.306,4.639,62.053
Colo_rep7_Dep6_Tu2,0.000,0.000,0.225,0.000,4.112,3.782,3.042,0.000,0.000,10.934,9.830,4.626,63.448
Colo_rep8_Dep6_Tu0.1,0.051,0.000,0.642,0.000,4.623,2.405,4.668,0.000,0.000,11.448,9.163,3.799,63.201
Colo_rep10_Dep6_Tu2,0.402,0.000,0.707,0.000,6.060,3.081,3.629,0.000,0.000,11.299,7.701,4.531,62.589
Colo_rep6_Dep6_Tu3,0.000,0.000,0.000,0.000,6.692,3.748,5.816,0.000,0.000,8.785,8.621,4.019,62.319
Colo_rep9_Dep6_Tu30,0.000,1.132,0.078,0.000,7.713,21.158,3.724,0.000,1.040,10.179,8.231,3.559,43.185
Colo_rep9_Dep6_Tu0.5,0.000,0.000,0.000,0.000,5.575,2.324,2.778,0.000,0.000,12.821,8.948,3.887,63.667
Colo_rep6_Dep6_Tu20,0.000,0.000,0.343,0.000,6.930,15.966,3.141,0.000,1.823,6.435,8.203,5.496,51.665
Colo_rep8_Dep6_Tu30,0.124,0.000,0.833,0.239,9.480,19.615,4.575,0.000,0.354,8.540,8.726,3.681,43.834
Colo_rep3_Dep6_Tu5,0.000,0.000,0.794,0.000,7.594,5.263,2.677,0.000,0.000,9.557,8.191,5.266,60.659
Colo_rep4_Dep6_Tu3,0.977,0.166,0.523,0.000,4.923,4.278,4.033,0.000,0.000,8.887,9.547,4.339,62.327
Colo_rep2_Dep6_Tu10,0.387,0.000,0.629,0.000,7.231,8.612,2.731,0.000,0.000,10.740,7.873,5.002,56.795
Colo_rep3_Dep6_Tu40,1.882,1.124,0.000,0.000,7.114,27.318,1.649,2.514,1.551,6.389,9.838,2.870,37.751
Colo_rep3_Dep6_Tu30,1.840,0.000,0.000,0.000,7.294,21.209,2.568,0.000,2.592,7.890,9.499,3.587,43.520
Colo_rep6_Dep6_Tu30,0.000,0.000,0.000,0.000,9.704,21.295,3.844,0.000,7.935,5.026,8.153,1.148,42.895
Colo_rep4_Dep6_Tu50,1.541,1.387,0.000,0.561,6.914,32.938,3.940,0.000,2.587,7.980,5.469,2.260,34.422
Colo_rep5_Dep6_Tu50,0.000,0.159,0.000,0.000,10.484,32.768,1.998,0.000,0.913,9.678,8.789,4.560,30.652
Colo_rep6_Dep6_Tu2,0.000,0.000,0.364,0.000,3.971,4.248,3.938,0.000,0.000,10.770,10.344,4.314,62.051
Colo_rep10_Dep6_Tu50,0.000,0.600,0.030,0.200,9.273,33.297,2.373,0.000,3.198,7.786,8.819,3.095,31.331
Colo_rep7_Dep6_Tu50,0.000,0.999,0.000,0.000,7.936,33.187,2.966,1.230,0.809,8.061,7.677,3.716,33.418
Colo_rep9_Dep6_Tu40,0.988,3.430,0.000,0.000,7.090,26.454,3.674,0.000,0.975,7.204,7.889,3.344,38.952
Colo_rep8_Dep6_Tu5,1.464,0.000,0.000,0.000,6.884,5.172,3.066,0.000,1.003,8.241,9.214,4.751,60.205
Colo_rep1_Dep6_Tu20,0.182,0.000,0.000,0.000,7.485,15.083,1.504,0.000,4.563,7.874,9.850,2.892,50.570
Colo_rep9_Dep6_Tu2,0.000,0.000,0.000,0.000,5.824,3.709,3.911,0.000,0.000,9.982,8.712,4.730,63.133
Colo_rep5_Dep6_Tu30,0.000,0.000,0.657,0.000,8.181,19.549,3.557,0.000,0.000,13.614,8.683,3.113,42.646
Colo_rep4_Dep6_Tu0.1,1.212,0.000,0.225,0.000,3.272,2.353,4.857,0.000,0.000,9.871,9.177,4.475,64.559
Colo_rep5_Dep6_Tu0.1,0.000,0.000,1.123,0.000,5.302,2.140,4.077,0.000,0.000,10.187,9.426,3.786,63.959
Colo_rep9_Dep6_Tu3,0.000,0.000,0.788,0.000,8.971,3.094,1.577,0.000,0.000,10.940,9.098,4.825,60.706
Colo_rep2_Dep6_Tu0.1,0.000,0.104,0.104,0.000,8.062,1.792,2.236,0.000,0.000,10.224,9.879,4.992,62.607
Colo_rep8_Dep6_Tu10,1.857,0.105,0.000,0.380,4.624,8.200,4.543,0.000,1.522,8.887,9.275,3.770,56.838
Colo_rep4_Dep6_Tu30,0.000,0.000,0.000,0.000,9.633,20.646,2.741,0.000,2.168,11.117,6.754,3.770,43.172
Colo_rep2_Dep6_Tu2,0.864,0.000,0.000,0.000,3.131,4.002,4.424,0.000,0.000,11.415,11.088,3.434,61.642
Colo_rep1_Dep6_Tu5,0.000,0.118,0.275,0.000,6.759,5.015,4.522,0.000,0.000,10.353,8.678,4.343,59.938
Colo_rep8_Dep6_Tu50,2.103,0.000,0.000,0.834,9.559,32.566,3.323,0.000,5.489,4.546,7.265,2.388,31.927
Colo_rep5_Dep6_Tu5,1.308,0.000,0.076,0.000,6.552,5.513,3.515,0.000,1.513,8.194,9.399,4.050,59.880
Colo_rep6_Dep6_Tu50,0.000,1.832,0.000,0.000,8.883,33.680,0.788,0.105,4.645,6.003,9.190,2.459,32.414
Colo_rep5_Dep6_Tu0.5,0.000,0.000,0.000,0.000,6.429,2.453,3.636,0.000,0.000,10.283,9.015,4.054,64.131
Colo_rep4_Dep6_Tu20,0.204,0.118,0.140,0.000,7.936,14.341,3.378,0.000,0.504,10.040,7.952,4.622,50.765
Colo_rep8_Dep6_Tu40,0.000,0.746,0.000,0.000,9.828,26.599,3.798,2.242,0.000,6.887,8.143,3.821,37.935
Colo_rep7_Dep6_Tu0.3,0.000,0.000,0.460,0.000,5.928,2.321,2.793,0.000,0.000,10.047,9.277,4.388,64.786
Colo_rep7_Dep6_Tu30,0.481,0.000,0.000,0.363,7.461,21.207,3.350,0.000,1.696,8.612,8.621,4.183,44.025
Colo_rep10_Dep6_Tu20,2.182,0.597,0.000,0.000,6.051,14.452,3.468,0.000,3.607,7.885,8.431,3.232,50.096
Colo_rep9_Dep6_Tu10,0.000,0.000,0.000,0.000,7.815,8.058,3.420,0.000,0.000,10.722,9.151,4.292,56.542
Colo_rep9_Dep6_Tu0.1,0.251,0.000,0.462,0.000,6.195,2.245,2.698,0.000,1.402,9.443,10.285,4.929,62.090
Colo_rep10_Dep6_Tu0.3,0.000,0.000,0.104,0.000,4.197,2.973,3.911,0.000,0.000,10.724,10.607,4.366,63.117
Colo_rep8_Dep6_Tu20,0.000,2.971,0.178,0.187,6.767,14.651,1.782,0.000,0.000,10.335,7.234,4.556,51.339
Colo_rep3_Dep6_Tu3,0.000,0.000,1.462,0.000,4.253,3.806,4.852,0.000,0.054,11.619,7.954,4.250,61.750
Colo_rep4_Dep6_Tu2,0.407,0.337,0.000,0.000,8.016,3.667,3.688,0.000,2.293,6.322,8.579,3.616,63.075
Colo_rep10_Dep6_Tu0.1,0.694,0.000,1.060,0.000,6.688,1.997,4.307,0.000,0.000,8.975,9.985,3.969,62.326
Colo_rep4_Dep6_Tu0.3,0.000,0.000,1.066,0.000,5.315,2.197,3.406,0.000,0.000,11.332,8.607,5.185,62.892
Colo_rep9_Dep6_Tu0.3,0.000,0.000,0.000,0.000,4.703,2.645,4.613,0.000,0.000,10.493,7.979,4.415,65.151
Colo_rep1_Dep6_Tu10,0.652,0.000,0.690,0.000,5.993,8.508,3.194,0.000,1.130,9.791,9.778,3.886,56.377
Colo_rep6_Dep6_Tu0.3,0.000,0.000,1.160,0.000,5.552,1.710,3.686,0.000,0.000,11.011,8.998,4.166,63.716
Colo_rep6_Dep6_Tu0.5,0.634,0.000,0.772,0.000,6.565,2.210,3.242,0.000,0.000,10.322,8.745,3.842,63.669
Colo_rep10_Dep6_Tu10,0.204,0.000,0.242,0.000,6.354,8.535,4.758,0.144,0.000,9.916,8.846,4.362,56.639
Colo_rep10_Dep6_Tu1,0.376,0.000,0.425,0.000,5.113,2.527,2.795,0.000,0.085,11.318,10.320,4.877,62.163
Colo_rep10_Dep6_Tu5,0.000,1.171,0.000,0.000,8.993,5.057,2.949,0.000,2.626,8.158,8.527,3.318,59.201
Colo_rep10_Dep6_Tu40,1.370,2.512,0.166,0.275,5.983,26.841,2.312,0.000,0.000,9.688,7.469,4.519,38.866
Colo_rep10_Dep6_Tu0.5,0.636,0.000,0.543,0.000,5.772,2.587,4.055,0.000,0.000,8.883,9.902,4.318,63.303
Colo_rep1_Dep6_Tu1,0.000,0.000,0.520,0.000,6.317,2.590,3.457,0.000,0.000,9.721,10.266,5.012,62.118
Colo_rep7_Dep6_Tu20,0.647,0.000,0.233,0.000,5.641,14.837,3.608,0.000,2.644,10.262,9.222,2.798,50.108
Colo_rep6_Dep6_Tu10,0.000,0.128,1.153,0.000,7.042,8.857,2.863,0.000,0.000,8.417,8.694,4.554,58.291
Colo_rep10_Dep6_Tu3,0.000,0.000,0.000,0.000,6.026,3.905,3.631,0.000,0.000,11.217,8.386,4.629,62.206
Colo_rep1_Dep6_Tu30,0.843,2.223,0.000,0.000,8.526,20.856,2.907,0.000,0.000,8.899,5.941,5.600,44.206
Colo_rep1_Dep6_Tu0.1,0.000,0.000,0.000,0.000,5.805,2.437,4.422,0.000,0.000,9.648,8.476,4.390,64.822
Colo_rep7_Dep6_Tu5,1.875,0.000,0.000,0.000,5.360,5.156,4.276,0.000,0.000,9.954,9.926,3.653,59.801
Colo_rep7_Dep6_Tu0.1,0.109,0.000,0.573,0.000,4.023,2.283,3.547,0.000,0.000,12.133,8.596,3.931,64.805
Colo_rep6_Dep6_Tu40,0.000,0.000,0.221,0.352,8.615,26.970,1.313,0.000,1.479,10.765,9.528,3.940,36.817
Colo_rep8_Dep6_Tu2,0.377,0.000,0.000,0.000,5.083,3.548,3.560,0.000,0.000,10.654,9.412,5.092,62.274
Colo_rep7_Dep6_Tu0.5,0.000,0.560,0.237,0.000,6.228,2.455,4.015,0.000,0.000,9.049,7.756,5.838,63.862
Colo_rep5_Dep6_Tu20,0.794,2.738,0.000,0.000,6.442,14.334,4.121,0.000,0.000,7.654,9.505,4.893,49.520
Colo_rep8_Dep6_Tu0.3,0.000,0.000,0.000,0.000,4.579,2.609,4.587,0.000,0.000,10.625,7.928,4.462,65.212
Colo_rep4_Dep6_Tu5,1.939,0.000,0.569,0.000,4.916,4.903,3.802,1.220,0.107,8.457,10.031,4.155,59.901
Colo_rep9_Dep6_Tu1,0.653,0.000,1.175,0.000,5.998,2.206,3.903,0.000,0.000,10.907,8.534,3.365,63.261
Colo_rep1_Dep6_Tu0.5,0.000,0.000,1.265,0.000,5.122,1.920,3.311,0.000,0.000,12.332,9.534,3.596,62.920
Colo_rep8_Dep6_Tu3,0.315,0.000,1.088,0.000,6.309,3.330,2.390,0.000,0.000,12.054,8.438,4.288,61.787
Colo_rep5_Dep6_Tu0.3,0.240,0.000,0.000,0.000,5.093,2.427,3.694,0.000,0.967,10.815,9.756,4.272,62.736
Colo_rep2_Dep6_Tu30,0.000,0.000,0.000,0.000,7.096,21.776,3.356,2.110,0.000,9.580,6.769,3.735,45.579
Colo_rep7_Dep6_Tu10,0.000,0.000,0.000,0.000,5.136,8.491,3.390,0.000,0.000,11.657,9.496,4.255,57.575
Colo_rep2_Dep6_Tu40,1.177,3.199,0.000,0.000,6.838,27.116,4.277,0.000,0.194,6.406,7.884,4.345,38.565
Colo_rep3_Dep6_Tu0.1,1.100,0.000,0.434,0.000,7.357,1.905,3.144,0.000,0.000,8.865,10.802,3.719,62.675
Colo_rep3_Dep6_Tu1,0.000,0.000,0.000,0.000,6.241,2.737,4.115,0.000,0.000,9.569,9.279,4.755,63.304
Colo_rep8_Dep6_Tu1,1.675,0.000,0.000,0.000,6.018,2.549,4.353,0.000,0.000,7.908,9.721,4.403,63.373
Colo_rep4_Dep6_Tu1,0.990,1.279,0.305,0.000,6.332,2.576,2.666,0.000,0.000,8.028,10.782,4.128,62.915
Colo_rep5_Dep6_Tu40,0.260,0.000,0.716,0.000,8.053,27.743,4.035,4.070,2.702,2.586,8.075,3.396,38.364
Colo_rep5_Dep6_Tu10,0.386,1.935,0.194,0.000,6.477,8.114,3.179,0.000,0.000,8.465,9.743,4.274,57.232
Colo_rep2_Dep6_Tu0.3,0.074,0.134,1.266,0.000,5.632,1.707,1.969,0.000,0.000,11.418,9.088,4.927,63.786
Colo_rep10_Dep6_Tu30,0.129,1.167,0.000,0.744,8.291,20.969,2.800,0.000,2.341,7.648,7.149,3.323,45.438
Colo_rep1_Dep6_Tu40,0.084,2.279,0.000,0.000,7.627,27.737,4.533,0.000,4.355,5.239,7.809,2.354,37.982
Colo_rep6_Dep6_Tu0.1,0.301,0.000,0.000,0.000,3.968,2.470,5.201,0.000,0.000,12.020,9.490,3.408,63.142
Colo_rep7_Dep6_Tu40,0.394,0.391,0.000,0.000,7.588,27.731,3.071,0.000,2.660,9.090,7.287,3.442,38.348
Colo_rep1_Dep6_Tu50,0.341,2.918,0.000,0.737,8.255,33.511,3.142,0.000,6.308,4.133,6.288,2.683,31.685
Colo_rep1_Dep6_Tu0.3,0.763,0.000,0.266,0.000,4.174,3.058,3.758,0.000,0.000,9.622,11.520,4.295,62.544
Colo_rep9_Dep6_Tu20,0.000,0.000,0.000,0.000,10.275,14.177,2.511,0.000,0.543,9.406,7.429,4.989,50.671
Colo_rep4_Dep6_Tu10,0.000,0.862,0.587,0.000,5.791,8.640,2.890,0.000,0.000,10.591,9.376,3.464,57.799
Colo_rep6_Dep6_Tu5,0.000,0.000,0.000,0.000,4.847,5.492,3.542,0.000,0.000,11.681,9.600,4.366,60.473
Colo_rep9_Dep6_Tu5,1.292,0.000,0.306,0.000,5.165,5.144,3.715,0.000,0.000,9.778,10.306,4.389,59.904
Colo_rep3_Dep6_Tu50,1.422,1.186,0.000,0.000,6.738,33.341,4.226,0.000,3.337,6.896,8.497,2.189,32.169
Colo_rep5_Dep6_Tu1,1.230,0.000,0.341,0.000,5.007,2.732,3.612,0.000,0.000,9.098,10.820,4.770,62.389
Colo_rep5_Dep6_Tu3,0.000,0.000,0.000,0.172,5.518,4.046,3.821,0.000,0.000,11.591,8.383,3.893,62.576
Colo_rep2_Dep6_Tu1,1.244,0.000,0.000,0.000,5.483,2.265,3.195,0.000,0.000,11.671,10.097,3.628,62.416
Colo_rep7_Dep6_Tu1,0.000,0.000,0.382,0.000,5.355,2.781,3.299,0.000,0.000,11.513,8.408,4.272,63.990
Colo_rep5_Dep6_Tu2,0.000,0.000,0.445,0.000,5.230,3.654,2.859,0.000,1.499,9.194,9.138,4.601,63.379
Colo_rep4_Dep6_Tu40,0.000,0.154,0.000,0.454,8.804,26.773,3.415,0.000,0.000,12.078,8.344,2.746,37.232
Colo_rep2_Dep6_Tu20,0.000,0.000,0.000,0.000,7.732,14.445,5.057,0.000,0.000,9.664,7.296,4.235,51.570
Colo_rep4_Dep6_Tu0.5,1.471,0.000,0.000,0.000,5.390,2.646,3.394,0.000,0.000,9.178,9.812,4.839,63.270
Colo_rep2_Dep6_Tu5,0.825,1.543,1.116,0.000,5.388,4.319,1.138,0.000,0.000,11.441,8.171,5.292,60.767
Colo_rep2_Dep6_Tu3,0.000,0.000,0.000,0.000,5.735,4.324,2.969,0.000,0.000,10.500,10.579,4.915,60.977
Colo_rep3_Dep6_Tu10,2.166,0.000,0.000,0.000,4.323,8.790,5.930,0.000,0.000,8.449,8.847,4.154,57.342
Colo_rep8_Dep6_Tu0.5,0.000,0.000,0.730,0.000,6.230,1.594,3.603,0.000,0.000,10.951,8.027,5.103,63.761
Colo_rep7_Dep6_Tu3,0.200,0.000,0.328,0.000,6.234,4.117,2.730,0.000,0.466,10.314,9.959,4.791,60.861
Colo_rep3_Dep6_Tu0.5,0.000,0.000,1.308,0.000,5.439,1.919,3.726,0.000,0.000,11.002,8.921,4.203,63.483
Colo_rep3_Dep6_Tu20,0.000,0.835,0.000,0.000,7.819,14.698,3.305,0.000,0.000,10.192,6.935,3.882,52.334
Colo_rep1_Dep6_Tu2,0.969,0.000,0.294,0.000,5.729,3.132,2.957,0.000,0.000,11.978,8.864,3.882,62.195
Colo_rep9_Dep6_Tu50,1.856,0.000,0.000,0.943,7.773,33.139,3.462,0.000,0.386,8.899,8.487,2.589,32.464
Colo_rep3_Dep6_Tu0.3,0.000,0.000,0.691,0.000,6.473,1.387,3.460,0.000,0.000,11.031,7.903,5.129,63.926
Colo_rep1_Dep6_Tu3,1.416,0.000,0.486,0.000,4.066,3.599,4.264,0.000,0.000,10.213,10.204,3.911,61.840
Br62_rep5_Dep6_Tu0.5,0.208,0.000,0.000,0.000,6.648,2.179,3.670,0.000,0.000,9.972,9.162,3.910,64.251
Br62_rep5_Dep6_Tu3,3.425,0.000,0.218,0.849,5.166,1.284,3.825,0.000,0.000,10.935,7.913,3.790,62.594
Br62_rep6_Dep6_Tu30,26.128,0.000,0.710,3.180,4.935,0.000,3.543,3.677,1.743,4.006,6.480,2.366,43.232
Br62_rep7_Dep6_Tu20,18.593,0.000,0.202,2.205,5.549,0.000,3.397,0.000,0.254,9.578,6.452,3.082,50.688
Br62_rep2_Dep6_Tu40,32.220,0.763,2.358,4.702,3.247,0.000,3.014,0.000,4.014,3.150,5.759,1.974,38.798
Br62_rep8_Dep6_Tu0.5,0.005,0.000,0.734,0.000,6.468,1.260,3.414,0.000,0.000,11.503,7.920,5.118,63.578
Br62_rep5_Dep6_Tu2,1.566,0.000,0.247,0.000,5.358,2.390,2.652,0.000,1.320,9.683,9.443,4.615,62.726
Br62_rep4_Dep6_Tu50,39.314,0.000,2.289,5.860,1.944,0.000,2.977,2.168,2.974,4.417,4.266,0.174,33.617
Br62_rep8_Dep6_Tu40,32.580,0.000,1.707,3.593,4.171,0.000,2.530,4.085,0.656,6.195,4.358,1.164,38.960
Br62_rep7_Dep6_Tu2,0.981,0.000,0.508,0.000,3.966,2.303,3.270,0.000,0.000,11.532,9.831,4.438,63.170
Br62_rep9_Dep6_Tu40,32.547,0.755,3.287,3.127,4.345,0.000,3.028,2.089,0.000,4.361,5.295,1.674,39.493
Br62_rep10_Dep6_Tu2,2.382,0.000,0.468,0.000,6.159,1.629,3.653,0.000,0.000,10.846,7.430,4.744,62.687
Br62_rep6_Dep6_Tu10,9.380,1.185,1.231,1.174,6.767,0.497,1.604,0.000,0.000,8.808,7.893,3.991,57.471
Br62_rep2_Dep6_Tu2,3.077,0.000,0.000,0.000,2.892,2.627,4.471,0.000,0.000,11.031,10.447,3.178,62.277
Br62_rep9_Dep6_Tu5,6.143,0.000,0.545,0.000,6.054,1.366,3.935,0.000,0.000,7.424,10.298,4.269,59.966
Br62_rep6_Dep6_Tu40,30.306,0.000,1.644,4.609,4.476,0.000,1.205,2.430,1.226,8.670,5.615,1.214,38.605
Br62_rep4_Dep6_Tu20,17.973,0.000,1.946,1.697,5.015,0.000,3.448,0.000,0.424,8.921,7.134,2.961,50.481
Br62_rep9_Dep6_Tu1,1.311,0.000,1.390,0.000,6.420,1.502,3.727,0.000,0.000,10.653,8.444,3.436,63.116
Br62_rep1_Dep6_Tu0.3,1.390,0.000,0.094,0.000,4.315,2.650,3.815,0.000,0.000,9.850,11.290,4.257,62.338
Br62_rep3_Dep6_Tu5,2.940,0.000,1.474,0.435,7.390,1.583,1.900,0.000,0.000,10.552,7.625,5.289,60.812
Br62_rep9_Dep6_Tu50,38.531,0.000,2.520,6.067,4.360,0.000,4.211,2.552,1.102,2.612,4.133,0.686,33.226
Br62_rep5_Dep6_Tu30,22.721,0.000,1.977,2.174,4.662,0.000,3.038,1.226,1.435,10.749,5.230,2.260,44.527
Br62_rep9_Dep6_Tu0.5,0.000,0.000,0.000,0.000,6.212,1.881,2.753,0.000,0.000,12.706,8.983,3.880,63.584
Br62_rep1_Dep6_Tu20,17.769,0.172,0.431,2.659,5.411,0.000,0.791,0.000,2.757,8.244,8.424,2.297,51.045
Br62_rep4_Dep6_Tu2,1.937,0.354,0.000,0.000,7.867,2.127,3.639,0.000,1.471,7.172,8.798,3.540,63.094
Br62_rep8_Dep6_Tu3,3.079,0.168,1.799,0.315,5.528,1.057,1.848,0.000,0.000,11.567,8.088,4.078,62.473
Br62_rep2_Dep6_Tu5,6.560,0.000,1.274,0.761,5.412,0.617,1.198,0.000,0.000,10.932,7.943,4.559,60.744
Br62_rep2_Dep6_Tu1,2.557,0.000,0.000,0.000,5.502,1.592,3.024,0.000,0.000,11.435,9.970,3.472,62.449
Br62_rep8_Dep6_Tu1,3.332,0.000,0.000,0.000,5.589,1.689,4.091,0.000,0.000,8.124,9.262,4.341,63.570
Br62_rep10_Dep6_Tu0.1,0.814,0.000,0.840,0.000,6.598,1.998,4.324,0.000,0.000,8.893,10.021,4.035,62.476
Br62_rep3_Dep6_Tu40,31.895,0.000,2.623,3.590,3.779,0.000,2.432,3.220,0.304,5.752,4.965,3.446,37.992
Br62_rep8_Dep6_Tu0.3,0.000,0.000,0.000,0.000,5.192,2.441,4.482,0.000,0.000,10.362,7.976,4.372,65.176
Br62_rep4_Dep6_Tu0.5,2.446,0.000,0.000,0.000,5.314,2.207,3.251,0.000,0.000,8.734,9.969,4.780,63.299
Br62_rep6_Dep6_Tu50,36.694,0.797,3.149,6.220,3.491,0.000,0.569,2.701,2.767,6.246,5.053,0.000,32.313
Br62_rep7_Dep6_Tu0.1,0.423,0.000,0.522,0.000,3.946,2.166,3.633,0.000,0.000,12.064,8.454,3.946,64.847
Br62_rep9_Dep6_Tu30,26.554,4.373,1.114,2.456,4.526,0.000,2.117,0.000,0.000,6.238,5.474,3.290,43.858
Br62_rep6_Dep6_Tu20,16.736,0.000,1.029,1.699,6.351,0.000,3.411,0.000,2.705,6.745,5.977,3.786,51.561
Br62_rep5_Dep6_Tu5,6.019,0.000,0.305,0.573,6.624,1.039,2.131,0.000,0.760,9.549,9.124,4.152,59.724
Br62_rep4_Dep6_Tu40,29.171,0.000,2.061,3.115,6.987,0.000,2.967,1.458,1.507,8.307,5.438,1.694,37.296
Br62_rep8_Dep6_Tu0.1,0.182,0.000,0.545,0.000,4.786,2.292,4.740,0.000,0.000,11.267,9.125,3.857,63.206
Br62_rep1_Dep6_Tu40,30.388,0.919,0.921,6.238,3.121,0.000,3.073,1.145,5.438,3.871,5.114,0.970,38.799
Br62_rep3_Dep6_Tu30,24.843,0.000,1.642,2.441,5.598,0.000,2.890,0.000,2.563,10.034,4.349,1.329,44.311
Br62_rep7_Dep6_Tu0.5,0.000,0.284,0.426,0.000,6.585,2.079,3.860,0.000,0.000,9.118,7.953,5.869,63.824
Br62_rep1_Dep6_Tu10,10.311,0.176,0.115,1.456,4.555,0.583,4.320,0.000,0.000,10.030,8.282,2.980,57.194
Br62_rep10_Dep6_Tu20,20.061,0.000,1.315,2.574,3.367,0.000,2.621,0.000,2.359,7.265,8.093,2.383,49.964
Br62_rep1_Dep6_Tu5,4.032,0.078,1.529,0.000,6.728,1.563,3.745,0.000,0.000,9.302,8.522,4.413,60.088
Br62_rep3_Dep6_Tu50,38.445,0.000,2.441,5.124,2.248,0.000,2.975,3.827,1.232,4.539,4.852,1.838,32.478
Br62_rep1_Dep6_Tu3,3.522,0.000,0.865,0.092,4.063,1.642,4.034,0.000,0.000,10.163,10.176,3.673,61.771
Br62_rep7_Dep6_Tu30,26.393,1.234,0.193,3.015,2.740,0.000,2.773,0.000,0.638,9.473,5.347,2.330,45.863
Br62_rep6_Dep6_Tu1,1.580,0.000,0.000,0.000,6.148,1.865,3.504,0.000,0.000,9.347,8.763,4.892,63.901
Br62_rep1_Dep6_Tu0.5,0.462,0.000,1.342,0.000,5.059,1.498,3.397,0.000,0.000,12.230,9.577,3.562,62.873
Br62_rep1_Dep6_Tu0.1,0.000,0.000,0.000,0.000,5.910,2.402,4.470,0.000,0.000,9.530,8.300,4.512,64.877
Br62_rep9_Dep6_Tu3,3.166,0.000,0.276,0.530,8.436,0.643,1.810,0.000,0.000,10.519,8.685,4.671,61.266
Br62_rep5_Dep6_Tu40,31.405,0.000,0.452,4.555,4.909,0.000,4.372,4.819,0.585,3.499,4.064,2.191,39.150
Br62_rep10_Dep6_Tu3,1.795,0.000,0.596,0.000,6.985,1.273,3.335,0.000,0.000,11.317,8.249,4.358,62.093
Br62_rep2_Dep6_Tu0.3,0.573,0.016,1.282,0.000,5.796,1.488,2.110,0.000,0.000,11.101,8.965,4.856,63.813
Br62_rep10_Dep6_Tu40,30.109,1.106,2.869,3.760,4.008,0.000,2.937,0.000,3.250,8.136,3.937,2.042,37.844
Br62_rep3_Dep6_Tu2,3.546,0.000,0.441,0.000,4.615,2.097,4.440,0.000,0.000,9.728,8.863,4.282,61.987
Br62_rep5_Dep6_Tu1,2.513,0.000,0.332,0.000,5.164,1.853,3.517,0.000,0.000,8.206,10.843,5.086,62.485
Br62_rep4_Dep6_Tu1,1.662,1.680,0.349,0.000,6.004,1.934,2.795,0.000,0.000,7.618,11.045,4.032,62.880
Br62_rep10_Dep6_Tu0.5,1.163,0.000,0.537,0.000,5.887,2.055,3.687,0.000,0.000,9.284,9.866,4.360,63.160
Br62_rep5_Dep6_Tu20,18.295,0.000,2.383,1.954,5.872,0.000,4.100,0.000,0.000,6.855,7.235,3.642,49.664
Br62_rep6_Dep6_Tu0.3,0.000,0.000,1.227,0.000,5.871,1.504,3.729,0.000,0.000,10.848,9.028,4.097,63.696
Br62_rep9_Dep6_Tu0.3,0.000,0.000,0.000,0.000,4.673,2.548,4.619,0.000,0.000,10.453,8.071,4.473,65.162
Br62_rep2_Dep6_Tu20,17.810,0.000,0.399,1.526,6.303,0.000,4.675,0.000,0.000,9.263,6.685,2.697,50.642
Br62_rep6_Dep6_Tu0.5,0.836,0.000,0.570,0.000,7.075,1.836,3.408,0.000,0.000,9.722,8.989,4.010,63.555
Br62_rep8_Dep6_Tu10,11.042,0.186,0.000,1.849,5.209,0.324,2.738,0.000,1.050,9.115,8.464,3.546,56.476
Br62_rep2_Dep6_Tu0.1,0.000,0.181,0.016,0.000,8.182,1.777,2.278,0.000,0.000,10.135,9.801,4.909,62.721
Br62_rep5_Dep6_Tu10,9.925,0.000,1.630,0.785,5.276,0.564,3.264,0.000,0.000,9.761,8.508,2.322,57.964
Br62_rep10_Dep6_Tu10,10.784,0.000,0.493,1.148,5.034,0.486,4.219,0.000,0.000,8.866,8.162,3.220,57.588
Br62_rep4_Dep6_Tu10,9.796,2.268,1.031,0.695,5.639,0.572,2.023,0.000,0.000,9.297,8.675,2.536,57.468
Br62_rep3_Dep6_Tu0.1,1.305,0.000,0.334,0.000,7.274,1.860,3.240,0.000,0.000,8.934,10.765,3.613,62.675
Br62_rep2_Dep6_Tu50,38.919,0.000,3.189,4.319,4.317,0.000,3.969,1.907,2.015,2.759,4.992,0.903,32.712
Br62_rep9_Dep6_Tu10,10.168,0.000,0.000,1.039,4.737,0.982,4.022,0.000,0.000,9.358,8.378,3.987,57.330
Br62_rep5_Dep6_Tu0.3,0.765,0.000,0.000,0.000,5.272,2.008,3.701,0.000,0.225,11.520,9.663,4.147,62.698
Br62_rep8_Dep6_Tu50,37.215,0.000,3.339,4.750,3.908,0.000,4.637,4.354,0.000,3.486,4.132,1.263,32.916
Br62_rep4_Dep6_Tu0.3,0.225,0.000,1.025,0.000,5.281,2.013,3.212,0.000,0.136,11.354,8.544,5.224,62.985
Br62_rep7_Dep6_Tu1,0.325,0.000,0.451,0.000,5.896,2.212,3.070,0.000,0.000,11.808,8.300,4.063,63.875
Br62_rep3_Dep6_Tu0.5,0.000,0.000,1.299,0.000,5.775,1.533,3.679,0.000,0.000,11.079,8.931,4.123,63.581
Br62_rep7_Dep6_Tu40,30.767,0.601,2.521,3.497,4.060,0.000,2.938,0.000,5.241,5.516,4.514,2.466,37.879
Br62_rep2_Dep6_Tu3,3.307,0.000,0.000,0.000,6.024,1.674,3.045,0.000,0.000,10.599,9.775,4.564,61.011
Br62_rep2_Dep6_Tu0.5,0.000,0.000,0.099,0.000,7.529,2.141,2.587,0.000,0.000,9.964,8.682,5.258,63.741
Br62_rep1_Dep6_Tu50,37.030,0.000,3.031,5.128,2.819,0.000,3.470,2.480,3.788,4.670,4.026,0.000,33.558
Br62_rep3_Dep6_Tu3,2.911,0.000,1.231,0.000,5.024,1.336,5.101,0.000,0.296,10.744,7.383,3.857,62.118
Br62_rep7_Dep6_Tu3,3.981,0.000,0.000,0.203,5.499,1.664,2.695,0.000,0.085,10.945,9.478,4.477,60.974
Br62_rep3_Dep6_Tu0.3,0.000,0.000,0.790,0.000,6.528,1.317,3.538,0.000,0.000,10.993,7.817,5.043,63.974
Br62_rep8_Dep6_Tu30,23.721,0.000,3.471,2.923,5.860,0.000,4.325,0.000,0.767,6.974,6.409,1.672,43.878
Br62_rep4_Dep6_Tu30,23.907,0.414,0.938,2.998,6.333,0.000,3.572,0.000,2.770,8.033,4.301,2.764,43.970
Br62_rep6_Dep6_Tu3,2.980,0.000,0.000,0.000,6.673,1.441,5.539,0.000,0.000,9.115,8.274,3.718,62.259
Br62_rep4_Dep6_Tu0.1,1.629,0.000,0.193,0.000,3.238,2.146,4.782,0.000,0.000,9.951,9.149,4.417,64.494
Br62_rep8_Dep6_Tu5,5.666,0.000,0.247,0.178,6.730,1.339,2.919,0.000,0.746,9.146,9.520,4.023,59.487
Br62_rep10_Dep6_Tu50,38.070,1.695,5.363,4.831,1.864,0.000,0.944,1.668,4.881,3.687,4.666,0.000,32.333
Br62_rep10_Dep6_Tu0.3,0.181,0.000,0.094,0.000,4.252,2.815,3.908,0.000,0.000,10.517,10.632,4.410,63.190
Br62_rep3_Dep6_Tu20,17.201,0.000,0.636,2.085,6.555,0.000,3.138,0.000,0.000,10.135,6.142,1.884,52.223
Br62_rep1_Dep6_Tu1,0.473,0.000,0.726,0.000,6.855,1.885,3.078,0.000,0.000,9.778,10.278,5.037,61.891
Br62_rep3_Dep6_Tu1,0.980,0.000,0.000,0.000,6.460,1.921,4.161,0.000,0.000,9.548,8.994,4.787,63.149
Br62_rep9_Dep6_Tu2,0.816,0.000,0.000,0.000,6.051,2.438,4.819,0.000,0.000,9.531,8.582,4.601,63.162
Br62_rep7_Dep6_Tu50,36.682,0.000,2.540,6.024,3.298,0.000,3.010,2.435,2.891,7.351,3.797,0.000,31.971
Br62_rep7_Dep6_Tu5,6.258,0.000,0.000,0.094,5.527,1.623,3.842,0.000,0.000,10.052,9.564,3.473,59.568
Br62_rep8_Dep6_Tu2,3.329,0.000,0.000,0.000,5.073,1.818,3.164,0.000,0.000,10.586,9.295,4.955,61.780
Br62_rep5_Dep6_Tu0.1,0.000,0.000,1.154,0.000,5.537,2.045,4.056,0.000,0.000,10.144,9.367,3.733,63.964
Br62_rep6_Dep6_Tu5,4.378,0.000,0.300,0.000,4.483,1.727,3.653,0.000,0.000,10.743,9.230,4.291,61.194
Br62_rep9_Dep6_Tu20,16.895,0.000,0.680,2.576,4.895,0.000,3.202,0.000,0.494,8.707,7.162,3.669,51.721
Br62_rep2_Dep6_Tu30,25.697,0.000,1.125,3.393,3.299,0.000,1.387,1.317,1.816,8.907,5.229,2.401,45.430
Br62_rep7_Dep6_Tu10,7.623,0.000,0.210,1.546,5.338,0.798,3.252,0.000,0.000,12.650,7.314,3.055,58.214
Br62_rep6_Dep6_Tu0.1,0.362,0.000,0.000,0.000,4.216,2.391,5.259,0.000,0.000,11.838,9.380,3.505,63.050
Br62_rep5_Dep6_Tu50,38.103,2.040,3.343,5.393,3.389,0.000,1.315,0.935,2.967,4.489,5.176,0.634,32.217
Br62_rep10_Dep6_Tu1,1.278,0.000,0.496,0.000,5.491,1.614,2.577,0.000,0.000,11.565,10.272,4.658,62.048
Br62_rep1_Dep6_Tu30,25.189,0.940,0.000,3.097,5.623,0.000,2.559,0.474,0.000,7.294,4.847,4.463,45.514
Br62_rep7_Dep6_Tu0.3,0.006,0.000,0.523,0.000,6.411,2.108,2.908,0.000,0.000,9.699,9.202,4.401,64.743
Br62_rep2_Dep6_Tu10,9.138,0.000,0.000,1.267,6.969,0.452,2.579,0.000,0.000,11.458,6.435,4.276,57.426
Br62_rep9_Dep6_Tu0.1,0.298,0.000,0.340,0.000,6.675,2.119,2.646,0.000,1.736,8.914,10.315,4.958,62.000
Br62_rep3_Dep6_Tu10,10.928,0.000,0.000,1.193,3.421,0.760,4.887,0.000,0.000,9.652,8.311,3.945,56.902
Br62_rep4_Dep6_Tu5,5.634,0.000,0.618,0.221,5.986,1.166,3.423,0.000,0.811,9.256,9.782,3.746,59.356
Br62_rep8_Dep6_Tu20,14.318,0.151,2.088,3.528,6.690,0.000,1.882,0.000,0.000,10.569,6.281,2.865,51.626
Br62_rep1_Dep6_Tu2,2.954,0.000,0.196,0.000,6.724,1.406,3.198,0.000,0.000,11.350,8.448,3.728,61.996
Br62_rep10_Dep6_Tu5,4.682,1.667,0.000,0.188,7.462,1.367,3.189,0.000,2.009,8.800,7.742,3.283,59.611
Br62_rep10_Dep6_Tu30,20.925,0.000,2.428,2.800,5.966,0.000,2.044,0.000,5.449,8.481,5.034,1.301,45.571
Br62_rep6_Dep6_Tu2,1.730,0.000,0.364,0.000,3.913,2.606,4.049,0.000,0.000,10.587,10.198,4.238,62.316
Br62_rep4_Dep6_Tu3,4.111,0.000,0.306,0.356,5.310,1.567,4.073,0.000,0.000,9.290,9.014,3.778,62.195
Br66_rep4_Dep6_Tu50,48.761,0.000,1.383,5.640,0.000,0.000,1.620,0.000,0.000,2.008,5.288,1.946,33.354
Br66_rep3_Dep6_Tu0.5,0.000,0.000,1.204,0.000,5.800,1.545,3.548,0.000,0.000,11.082,9.213,4.123,63.486
Br66_rep2_Dep6_Tu3,3.598,0.000,0.121,0.000,5.189,2.067,3.073,0.000,0.000,10.348,9.868,4.447,61.288
Br66_rep6_Dep6_Tu40,36.288,0.000,2.358,5.272,2.393,0.220,0.000,0.000,0.000,4.742,7.834,2.992,37.901
Br66_rep9_Dep6_Tu0.1,0.466,0.000,0.478,0.000,5.997,2.182,2.632,0.000,1.496,9.433,10.440,4.852,62.024
Br66_rep9_Dep6_Tu5,7.247,0.000,0.341,0.000,4.909,1.760,3.463,0.000,0.000,8.015,10.065,4.361,59.838
Br66_rep10_Dep6_Tu1,0.885,0.000,1.884,0.000,5.607,1.444,2.058,0.000,0.000,11.412,8.562,4.491,63.656
Br66_rep6_Dep6_Tu20,20.436,0.000,2.233,2.034,4.542,0.633,1.488,0.000,0.000,4.370,6.637,5.286,52.342
Br66_rep10_Dep6_Tu30,29.049,0.000,0.261,3.916,4.845,0.000,1.821,0.000,0.000,6.873,6.027,2.820,44.389
Br66_rep10_Dep6_Tu5,4.728,0.000,0.000,0.000,4.842,2.146,4.078,0.000,0.000,10.176,9.249,4.075,60.706
Br66_rep7_Dep6_Tu1,0.491,0.000,0.497,0.000,5.672,2.317,3.050,0.000,0.000,11.620,8.279,4.037,64.037
Br66_rep6_Dep6_Tu0.3,0.000,0.000,1.260,0.000,5.584,1.565,3.729,0.000,0.000,10.937,8.918,4.221,63.787
Br66_rep1_Dep6_Tu30,30.072,0.000,0.770,3.520,5.872,0.000,0.840,0.000,0.000,5.735,4.309,3.433,45.449
Br66_rep3_Dep6_Tu1,1.434,0.000,0.000,0.000,6.102,2.053,4.166,0.000,0.000,9.321,9.093,4.680,63.152
Br66_rep3_Dep6_Tu30,30.529,0.000,0.619,3.754,4.540,0.000,1.809,0.000,0.000,4.402,6.833,2.914,44.601
Br66_rep9_Dep6_Tu1,1.383,0.000,1.264,0.000,5.997,1.558,3.782,0.000,0.000,10.837,8.368,3.599,63.214
Br66_rep9_Dep6_Tu40,37.608,0.000,1.057,5.026,5.695,0.000,1.538,0.000,0.000,2.093,5.796,2.515,38.672
Br66_rep5_Dep6_Tu1,2.402,0.000,0.578,0.000,5.014,1.901,3.616,0.000,0.000,8.417,10.640,4.901,62.530
Br66_rep2_Dep6_Tu5,4.819,0.000,1.466,0.118,5.239,1.483,1.604,0.000,0.000,10.631,8.323,5.014,61.303
Br66_rep5_Dep6_Tu30,28.259,0.000,1.921,2.456,5.446,0.000,1.858,0.000,0.000,6.785,7.049,2.665,43.562
Br66_rep7_Dep6_Tu50,46.613,0.000,1.337,6.306,3.681,0.000,0.000,0.000,0.000,0.662,5.832,2.323,33.246
Br66_rep4_Dep6_Tu40,35.961,0.000,2.173,4.590,3.847,0.276,2.502,0.000,0.000,3.010,6.754,2.106,38.780
Br66_rep8_Dep6_Tu5,6.728,0.000,0.000,0.000,6.350,1.951,2.853,0.000,1.021,7.504,9.200,4.190,60.203
Br66_rep9_Dep6_Tu2,1.276,0.000,0.000,0.000,5.881,2.457,3.466,0.000,0.000,9.950,8.969,4.633,63.368
Br66_rep6_Dep6_Tu30,30.579,0.000,0.119,3.043,4.467,0.580,2.050,0.586,1.548,3.285,7.329,2.198,44.216
Br66_rep4_Dep6_Tu0.1,1.265,0.000,0.227,0.000,3.307,2.241,4.821,0.000,0.000,10.019,9.167,4.462,64.490
Br66_rep5_Dep6_Tu10,10.657,0.000,2.107,0.664,3.832,1.613,2.300,0.000,0.000,7.664,9.110,3.324,58.728
Br66_rep3_Dep6_Tu40,38.640,0.000,3.292,4.538,3.124,0.000,0.042,0.000,0.000,2.681,7.356,1.963,38.364
Br66_rep9_Dep6_Tu0.5,0.000,0.000,0.000,0.000,5.993,1.968,2.751,0.000,0.000,12.475,9.028,4.003,63.782
Br66_rep8_Dep6_Tu2,3.159,0.000,0.000,0.000,4.884,1.914,3.289,0.000,0.000,10.535,9.092,4.716,62.412
Br66_rep10_Dep6_Tu2,1.926,0.000,0.452,0.000,4.904,2.101,4.312,0.000,0.000,8.785,9.320,4.560,63.639
Br66_rep6_Dep6_Tu0.1,0.452,0.000,0.000,0.000,3.820,2.425,5.303,0.000,0.000,12.069,9.506,3.424,63.001
Br66_rep5_Dep6_Tu0.5,0.020,0.000,0.172,0.000,6.433,2.174,3.622,0.000,0.000,10.296,8.984,4.108,64.191
Br66_rep2_Dep6_Tu20,21.705,0.000,0.680,2.043,5.216,0.000,2.445,0.000,0.000,6.422,6.971,3.073,51.445
Br66_rep4_Dep6_Tu0.5,1.941,0.000,0.126,0.000,5.214,2.376,3.281,0.000,0.000,9.055,9.953,4.824,63.229
Br66_rep4_Dep6_Tu5,6.614,0.000,0.039,0.628,5.352,1.240,2.943,0.495,0.000,9.935,9.757,3.899,59.098
Br66_rep8_Dep6_Tu0.5,0.290,0.000,0.869,0.000,6.278,1.318,3.654,0.000,0.000,10.760,7.731,5.130,63.969
Br66_rep5_Dep6_Tu20,22.699,0.194,1.722,0.767,3.266,1.428,3.521,0.000,0.000,2.546,8.598,4.586,50.675
Br66_rep1_Dep6_Tu3,4.279,0.000,0.834,0.000,3.226,1.824,3.529,0.000,0.000,10.268,10.560,3.680,61.800
Br66_rep10_Dep6_Tu10,10.273,0.000,1.419,0.403,4.104,1.714,4.725,0.000,0.000,7.236,8.681,4.093,57.352
Br66_rep3_Dep6_Tu10,11.329,0.000,0.034,0.456,3.767,1.510,4.905,0.000,0.000,7.671,8.355,4.075,57.897
Br66_rep10_Dep6_Tu40,37.589,0.000,1.465,4.861,4.539,0.000,1.043,0.000,0.000,2.885,5.062,2.725,39.831
Br66_rep1_Dep6_Tu50,46.744,0.000,2.354,6.861,3.763,0.000,1.370,0.000,0.000,0.000,4.899,1.916,32.091
Br66_rep10_Dep6_Tu0.5,1.101,0.000,0.301,0.000,5.402,2.070,4.514,0.000,0.000,11.410,9.314,2.996,62.891
Br66_rep1_Dep6_Tu0.3,1.188,0.000,0.243,0.000,3.985,2.726,3.896,0.000,0.000,9.727,11.282,4.482,62.471
Br66_rep10_Dep6_Tu0.1,0.629,0.000,0.213,0.000,5.049,2.082,4.135,0.000,0.000,9.632,10.059,5.287,62.914
Br66_rep8_Dep6_Tu40,34.149,0.000,2.638,4.745,6.606,0.000,1.955,0.000,0.000,3.765,5.120,2.062,38.959
Br66_rep3_Dep6_Tu20,19.825,0.000,0.888,2.224,4.447,1.042,2.839,0.000,0.000,5.829,6.600,4.050,52.257
Br66_rep9_Dep6_Tu0.3,0.000,0.000,0.000,0.000,4.846,2.521,4.713,0.000,0.000,10.401,7.931,4.348,65.240
Br66_rep7_Dep6_Tu0.3,0.000,0.000,0.421,0.000,6.234,2.229,2.830,0.000,0.000,9.843,9.269,4.409,64.765
Br66_rep5_Dep6_Tu2,1.090,0.000,0.870,0.000,5.097,2.693,3.150,0.000,1.750,8.482,9.240,4.534,63.093
Br66_rep5_Dep6_Tu0.3,0.613,0.000,0.137,0.000,4.998,2.114,3.748,0.000,0.731,11.024,9.712,4.092,62.832
Br66_rep6_Dep6_Tu5,3.449,0.000,1.129,0.000,4.037,2.351,3.146,0.000,0.000,10.732,9.699,4.224,61.232
Br66_rep5_Dep6_Tu3,3.215,0.000,0.393,0.221,5.347,1.961,3.720,0.000,0.000,10.069,8.358,4.452,62.264
Br66_rep1_Dep6_Tu5,4.083,0.000,0.457,0.190,6.860,1.720,4.279,0.000,0.000,9.674,8.220,4.265,60.253
Br66_rep6_Dep6_Tu10,9.414,0.681,1.490,0.552,5.864,1.780,1.655,0.000,0.000,7.584,8.850,3.929,58.202
Br66_rep3_Dep6_Tu5,5.661,0.000,1.134,0.248,6.212,1.524,2.984,0.000,0.000,9.166,7.964,4.605,60.501
Br66_rep1_Dep6_Tu1,0.313,0.000,1.036,0.000,6.698,1.968,3.398,0.000,0.000,9.132,10.236,4.898,62.322
Br66_rep4_Dep6_Tu30,27.321,0.000,1.537,3.436,7.208,0.000,1.930,0.000,0.000,5.420,6.068,3.161,43.918
Br66_rep8_Dep6_Tu20,19.144,0.000,2.177,2.578,6.226,0.682,0.850,0.000,0.000,6.363,6.022,3.856,52.102
Br66_rep4_Dep6_Tu10,10.878,0.999,1.497,0.000,5.346,1.664,1.954,0.000,0.000,7.790,9.652,2.701,57.520
Br66_rep2_Dep6_Tu1,1.895,0.000,0.000,0.000,5.243,1.847,3.328,0.000,0.000,11.246,9.938,3.635,62.868
Br66_rep6_Dep6_Tu2,1.904,0.000,0.890,0.000,3.458,2.740,3.773,0.000,0.000,10.710,10.202,4.087,62.236
Br66_rep6_Dep6_Tu0.5,1.005,0.000,0.723,0.000,6.749,1.860,3.456,0.000,0.000,9.765,9.022,3.861,63.558
Br66_rep5_Dep6_Tu0.1,0.000,0.000,1.116,0.000,5.368,2.080,4.054,0.000,0.000,10.180,9.498,3.772,63.931
Br66_rep2_Dep6_Tu2,3.385,0.000,0.000,0.000,2.866,2.805,4.601,0.000,0.000,10.251,10.636,3.360,62.096
Br66_rep10_Dep6_Tu50,45.748,0.000,1.539,6.685,3.537,0.145,0.792,0.000,0.000,2.281,4.755,1.720,32.797
Br66_rep7_Dep6_Tu3,3.634,0.000,0.319,0.500,5.250,1.877,2.103,0.000,0.000,10.733,9.682,4.784,61.118
Br66_rep7_Dep6_Tu10,9.554,0.000,0.887,0.850,5.142,1.503,2.887,0.000,0.000,10.659,7.497,3.421,57.601
Br66_rep2_Dep6_Tu0.5,0.000,0.000,0.103,0.000,7.480,2.212,2.754,0.000,0.000,9.808,8.606,5.253,63.785
Br66_rep5_Dep6_Tu50,44.185,0.000,3.643,5.775,4.325,0.000,0.360,0.000,0.000,1.664,6.458,1.214,32.376
Br66_rep9_Dep6_Tu20,20.500,0.000,0.309,2.998,5.029,0.218,0.855,0.000,0.000,8.127,6.842,4.082,51.039
Br66_rep8_Dep6_Tu3,3.339,0.000,1.516,0.235,5.198,1.344,2.255,0.000,0.000,11.242,8.638,4.184,62.048
Br66_rep9_Dep6_Tu10,9.901,0.000,1.048,0.258,4.725,1.523,3.643,0.000,0.000,8.833,8.310,3.651,58.108
Br66_rep7_Dep6_Tu2,0.424,0.000,0.490,0.000,4.141,2.370,3.149,0.000,0.000,11.826,9.870,4.394,63.336
Br66_rep6_Dep6_Tu3,2.698,0.000,0.000,0.052,6.875,1.672,5.046,0.000,0.000,9.247,8.290,3.737,62.383
Br66_rep1_Dep6_Tu0.5,0.321,0.000,1.579,0.000,4.776,1.554,3.230,0.000,0.000,12.423,9.442,3.648,63.028
Br66_rep2_Dep6_Tu40,38.625,0.000,2.733,3.936,0.164,1.285,2.476,0.000,0.000,0.000,7.746,3.064,39.971
Br66_rep1_Dep6_Tu2,3.511,0.000,0.000,0.000,5.998,1.613,3.007,0.000,0.000,10.919,8.250,4.011,62.690
Br66_rep8_Dep6_Tu1,2.961,0.000,0.000,0.000,5.518,2.050,4.110,0.000,0.000,7.773,9.711,4.349,63.528
Br66_rep4_Dep6_Tu3,3.488,1.247,0.693,0.314,4.549,1.992,3.806,0.000,0.000,8.237,9.098,4.238,62.339
Br66_rep7_Dep6_Tu40,36.675,0.000,2.281,4.155,6.301,0.662,0.889,0.000,0.000,2.798,6.228,3.380,36.629
Br66_rep7_Dep6_Tu0.5,0.000,0.218,0.611,0.000,6.381,2.147,4.061,0.000,0.000,8.912,7.955,5.801,63.914
Br66_rep2_Dep6_Tu30,27.770,0.000,1.380,4.674,4.460,0.000,1.441,0.000,0.000,7.367,4.219,2.708,45.980
Br66_rep2_Dep6_Tu0.1,0.000,0.092,0.203,0.000,7.992,1.784,2.208,0.000,0.000,10.163,9.925,5.060,62.572
Br66_rep7_Dep6_Tu0.1,0.281,0.000,0.615,0.000,3.829,2.231,3.550,0.000,0.000,12.123,8.730,3.923,64.718
Br66_rep1_Dep6_Tu40,37.550,0.000,1.020,6.406,2.560,0.000,1.229,0.000,0.000,4.353,5.513,1.930,39.440
Br66_rep7_Dep6_Tu5,5.930,0.000,0.012,0.000,4.693,2.233,3.591,0.000,0.000,9.392,9.996,3.800,60.353
Br66_rep4_Dep6_Tu1,1.937,0.979,0.482,0.000,5.853,1.971,2.874,0.000,0.000,7.681,10.984,4.226,63.012
Br66_rep8_Dep6_Tu0.1,0.168,0.000,0.685,0.000,4.642,2.320,4.683,0.000,0.000,11.387,9.134,3.777,63.205
Br66_rep4_Dep6_Tu2,2.507,0.000,0.185,0.000,8.179,2.305,3.532,0.000,1.604,6.145,9.101,3.583,62.859
Br66_rep1_Dep6_Tu0.1,0.000,0.000,0.000,0.000,5.720,2.466,4.439,0.000,0.000,9.518,8.447,4.535,64.875
Br66_rep2_Dep6_Tu10,11.352,0.000,0.766,1.011,4.297,1.046,2.384,0.000,0.000,10.272,6.866,4.328,57.678
Br66_rep4_Dep6_Tu20,18.620,0.000,2.520,1.914,5.306,0.623,2.264,0.000,0.000,8.525,6.701,3.199,50.326
Br66_rep4_Dep6_Tu0.3,0.180,0.000,1.152,0.000,5.167,2.012,3.270,0.000,0.000,11.659,8.523,5.233,62.805
Br66_rep10_Dep6_Tu3,5.562,0.000,0.499,0.000,4.665,2.106,3.886,0.000,0.000,9.079,7.633,3.935,62.636
Br66_rep1_Dep6_Tu20,21.291,0.000,0.899,1.918,4.213,0.691,0.416,0.000,0.000,7.067,9.127,3.798,50.581
Br66_rep6_Dep6_Tu1,1.301,0.000,0.124,0.000,6.258,1.990,3.407,0.000,0.000,8.800,9.108,4.983,64.030
Br66_rep6_Dep6_Tu50,45.703,0.000,3.795,5.701,2.555,0.060,0.000,0.000,0.000,2.737,5.515,0.744,33.191
Br66_rep9_Dep6_Tu3,3.557,0.000,0.544,0.243,7.985,1.008,1.968,0.000,0.000,10.007,8.749,4.646,61.293
Br66_rep3_Dep6_Tu50,45.477,0.000,2.932,4.977,0.609,1.157,1.565,0.000,0.000,1.359,7.617,2.120,32.188
Br66_rep8_Dep6_Tu30,26.368,0.000,3.220,3.967,5.733,0.000,2.163,0.000,0.000,4.464,6.076,2.707,45.302
Br66_rep7_Dep6_Tu20,22.557,0.000,0.145,1.874,3.339,0.490,1.576,0.000,0.000,8.094,6.569,3.498,51.858
Br66_rep3_Dep6_Tu2,3.847,0.000,0.000,0.000,4.955,2.182,4.375,0.000,0.000,9.089,9.024,4.429,62.099
Br66_rep8_Dep6_Tu50,48.453,0.000,1.883,6.140,2.837,0.000,1.147,0.000,0.000,0.000,5.056,2.268,32.215
Br66_rep3_Dep6_Tu3,3.057,0.000,1.097,0.000,4.297,1.801,5.114,0.000,0.000,10.167,8.012,4.286,62.170
Br66_rep3_Dep6_Tu0.3,0.000,0.000,0.883,0.000,6.309,1.313,3.574,0.000,0.000,10.974,7.879,5.081,63.986
Br66_rep8_Dep6_Tu0.3,0.000,0.000,0.000,0.000,4.786,2.520,4.655,0.000,0.000,10.434,8.143,4.353,65.109
Br66_rep3_Dep6_Tu0.1,1.192,0.000,0.317,0.000,7.191,1.898,3.212,0.000,0.000,8.998,10.793,3.724,62.673
Br66_rep10_Dep6_Tu0.3,1.495,0.000,0.000,0.000,4.039,2.022,2.922,0.000,0.000,12.958,8.307,4.259,63.999
Br66_rep2_Dep6_Tu50,48.099,0.000,1.844,5.734,2.985,0.000,1.702,0.000,0.000,0.000,5.798,1.314,32.524
Br66_rep5_Dep6_Tu5,6.438,0.000,1.273,0.071,5.925,1.636,2.150,0.000,0.000,7.501,9.402,4.824,60.782
Br66_rep10_Dep6_Tu20,18.817,0.000,0.000,2.283,4.297,1.573,2.003,0.000,0.000,8.211,8.577,3.621,50.618
Br66_rep7_Dep6_Tu30,28.989,0.000,0.333,3.863,4.920,0.050,3.095,0.000,0.000,4.610,5.431,2.595,46.113
Br66_rep9_Dep6_Tu30,31.361,0.000,0.743,2.675,3.188,0.667,2.160,0.000,0.000,4.790,7.145,2.811,44.460
Br66_rep5_Dep6_Tu40,35.812,0.000,1.152,3.811,5.711,0.413,3.919,0.000,0.000,3.202,4.925,2.319,38.737
Br66_rep8_Dep6_Tu10,12.780,0.125,0.247,1.185,2.827,1.528,2.772,0.000,0.000,8.297,9.411,4.288,56.539
Br66_rep9_Dep6_Tu50,43.929,0.000,2.266,7.386,4.365,0.000,0.977,0.000,0.000,1.255,4.991,1.943,32.887
Br66_rep2_Dep6_Tu0.3,0.613,0.164,1.195,0.000,5.457,1.447,1.987,0.000,0.000,11.521,9.007,4.853,63.755
Br66_rep1_Dep6_Tu10,10.700,0.000,0.261,1.004,4.848,1.410,3.042,0.000,0.000,8.496,8.771,3.641,57.825
Cer77_rep9_Dep6_Tu3,0.653,0.000,2.315,1.596,8.972,0.245,1.656,0.000,0.016,11.755,8.586,4.787,59.418
Cer77_rep5_Dep6_Tu30,5.648,11.549,10.742,7.300,6.579,0.000,1.818,14.470,0.000,1.209,4.276,0.000,36.407
Cer77_rep3_Dep6_Tu30,4.960,12.331,11.789,7.954,5.919,0.000,1.387,13.581,0.000,0.302,4.843,0.000,36.936
Cer77_rep8_Dep6_Tu50,5.729,20.476,15.467,10.218,3.540,0.000,0.669,18.456,0.000,0.000,1.863,0.000,23.582
Cer77_rep1_Dep6_Tu1,0.000,0.000,1.478,0.000,6.822,1.725,3.159,0.000,0.000,10.423,10.145,4.984,61.264
Cer77_rep7_Dep6_Tu3,1.406,0.516,1.372,1.464,6.992,1.178,2.322,0.000,0.614,10.703,9.240,4.619,59.573
Cer77_rep10_Dep6_Tu2,0.421,0.000,1.246,0.555,5.601,1.862,4.560,0.000,0.000,9.522,9.096,4.205,62.933
Cer77_rep2_Dep6_Tu0.5,0.000,0.000,0.158,0.000,7.462,2.085,2.698,0.000,0.000,10.448,8.534,5.100,63.515
Cer77_rep3_Dep6_Tu20,3.717,10.200,8.625,6.299,5.116,0.000,2.055,7.309,0.000,4.325,4.670,1.932,45.752
Cer77_rep1_Dep6_Tu2,1.716,0.000,2.559,0.720,7.317,0.854,2.918,0.000,0.000,11.432,7.981,3.307,61.196
Cer77_rep2_Dep6_Tu5,1.131,5.231,2.719,2.232,5.017,0.280,1.581,0.000,0.858,10.262,7.744,4.040,58.907
Cer77_rep5_Dep6_Tu0.5,0.000,0.000,0.537,0.000,6.523,2.118,3.925,0.000,0.000,10.035,8.768,4.125,63.969
Cer77_rep2_Dep6_Tu50,3.996,21.114,17.517,9.958,3.698,0.000,0.000,16.874,0.000,0.000,3.121,0.000,23.723
Cer77_rep9_Dep6_Tu0.5,0.000,0.000,0.358,0.000,6.028,1.867,3.006,0.000,0.000,12.485,8.864,3.922,63.470
Cer77_rep4_Dep6_Tu10,2.532,7.197,4.663,3.284,5.186,0.066,2.833,1.212,0.000,9.149,8.094,2.230,53.554
Cer77_rep9_Dep6_Tu20,3.344,9.268,8.101,6.998,4.226,0.000,1.853,9.332,0.869,3.219,5.751,1.992,45.047
Cer77_rep3_Dep6_Tu10,4.374,3.039,4.884,2.711,5.486,0.000,4.176,0.532,0.000,10.476,6.411,3.959,53.951
Cer77_rep6_Dep6_Tu5,0.809,2.320,3.915,1.592,4.641,0.827,3.930,0.000,0.000,10.379,8.372,4.149,59.067
Cer77_rep5_Dep6_Tu1,1.611,0.000,0.875,0.000,5.403,1.768,3.664,0.000,0.000,9.190,10.717,4.730,62.042
Cer77_rep5_Dep6_Tu0.3,0.482,0.000,0.283,0.000,5.145,2.079,3.707,0.000,0.636,11.114,9.691,4.087,62.776
Cer77_rep4_Dep6_Tu50,4.554,20.991,15.464,10.269,3.647,0.000,0.000,18.834,0.000,0.000,2.045,0.000,24.196
Cer77_rep6_Dep6_Tu0.3,0.000,0.000,1.610,0.000,5.635,1.480,3.517,0.000,0.000,11.138,8.953,4.157,63.510
Cer77_rep4_Dep6_Tu40,1.956,17.456,14.273,9.726,6.037,0.000,0.959,16.201,0.000,0.000,3.475,0.000,29.917
Cer77_rep10_Dep6_Tu5,3.056,2.331,0.975,1.390,5.790,1.041,4.284,0.000,1.924,10.223,8.009,2.687,58.289
Cer77_rep3_Dep6_Tu1,0.656,0.000,0.575,0.000,6.102,2.067,4.355,0.000,0.000,9.801,9.023,4.766,62.656
Cer77_rep8_Dep6_Tu40,4.490,16.873,13.496,8.772,6.938,0.000,0.930,16.209,0.000,0.000,2.920,0.000,29.371
Cer77_rep7_Dep6_Tu0.3,0.000,0.000,0.607,0.000,6.195,2.105,2.938,0.000,0.000,9.950,9.147,4.401,64.657
Cer77_rep3_Dep6_Tu0.1,1.153,0.000,0.505,0.000,7.119,1.887,3.245,0.000,0.000,8.829,10.770,3.806,62.685
Cer77_rep4_Dep6_Tu0.3,0.117,0.000,1.504,0.000,5.273,1.917,3.192,0.000,0.000,11.491,8.524,5.168,62.814
Cer77_rep6_Dep6_Tu2,0.892,0.000,1.220,0.461,3.956,2.468,3.592,0.000,0.681,10.739,10.139,4.271,61.579
Cer77_rep6_Dep6_Tu20,1.717,12.583,8.609,5.935,4.577,0.000,2.399,5.977,0.747,3.236,3.934,3.585,46.700
Cer77_rep9_Dep6_Tu40,3.257,17.519,13.377,9.205,5.914,0.000,1.605,16.130,0.000,0.000,2.718,0.000,30.275
Cer77_rep6_Dep6_Tu40,4.024,17.295,14.408,9.221,3.932,0.000,1.197,15.563,0.000,0.000,2.789,0.000,31.571
Cer77_rep8_Dep6_Tu5,2.238,2.626,2.524,1.301,7.606,0.941,3.903,0.000,1.040,7.460,8.673,3.864,57.826
Cer77_rep5_Dep6_Tu50,4.607,20.107,15.988,10.265,4.737,0.000,0.000,17.594,0.000,0.000,2.595,0.000,24.105
Cer77_rep1_Dep6_Tu30,3.878,15.008,9.967,9.000,5.330,0.000,1.096,12.484,0.000,1.409,3.012,1.322,37.493
Cer77_rep2_Dep6_Tu20,3.061,12.047,8.176,5.034,4.458,0.000,3.713,7.552,0.000,4.021,5.218,2.081,44.640
Cer77_rep4_Dep6_Tu0.5,1.883,0.000,0.447,0.000,5.314,2.252,3.276,0.000,0.000,9.140,10.024,4.649,63.015
