Sample,BRCA,CEAD,CESC,COAD,OV,READ,bcell,cd4tcell,cd8tcell,erythroblast,monocyte,naturalkillercell,neutrophil
Ov79_rep2_Dep6_Tu5,0.000,0.827,2.145,0.000,5.973,0.000,0.280,0.269,9.189,12.436,8.533,0.000,60.348
Ov79_rep8_Dep6_Tu30,3.356,2.224,4.569,0.166,13.505,3.179,1.578,5.486,1.781,14.425,8.309,0.575,40.848
Ov79_rep6_Dep6_Tu0.3,0.000,0.000,1.826,0.000,3.209,0.000,2.446,0.000,8.855,9.941,12.057,0.210,61.456
Ov79_rep1_Dep6_Tu3,0.298,0.000,1.504,0.000,3.096,0.038,2.828,0.000,3.420,12.232,11.721,2.584,62.278
Ov79_rep1_Dep6_Tu50,6.197,5.023,4.590,1.914,19.116,7.379,0.788,3.983,2.259,12.957,8.529,0.413,26.852
Ov79_rep7_Dep6_Tu50,6.091,6.867,4.000,1.898,17.018,6.321,0.413,4.203,0.993,17.766,8.247,0.000,26.182
Ov79_rep4_Dep6_Tu50,7.642,4.452,6.083,0.450,18.363,6.358,0.921,5.225,0.000,12.847,10.612,1.429,25.618
Ov79_rep2_Dep6_Tu3,0.000,0.857,0.327,0.000,4.728,0.000,2.809,0.000,3.524,13.811,11.238,1.876,60.831
Ov79_rep7_Dep6_Tu1,0.000,0.648,0.044,0.000,4.480,0.126,1.375,0.000,6.079,12.223,11.344,1.143,62.539
Ov79_rep9_Dep6_Tu5,0.384,1.100,2.201,0.000,4.980,0.000,2.003,0.214,5.795,12.504,10.915,1.029,58.875
Ov79_rep3_Dep6_Tu1,0.000,0.000,0.843,0.000,5.296,0.000,3.129,0.000,6.287,9.939,10.550,1.330,62.625
Ov79_rep5_Dep6_Tu3,0.000,0.055,0.166,0.000,4.219,0.000,2.963,0.637,5.183,12.026,9.443,1.238,64.071
Ov79_rep10_Dep6_Tu0.3,0.000,0.683,0.233,0.000,3.501,0.321,2.062,0.000,4.949,13.569,10.530,1.527,62.625
Ov79_rep8_Dep6_Tu2,0.503,0.000,1.415,0.000,4.167,0.000,2.088,0.000,5.420,13.459,10.102,1.249,61.597
Ov79_rep1_Dep6_Tu0.5,0.000,0.000,2.032,0.000,3.238,0.000,2.565,0.000,3.234,13.656,11.311,1.658,62.307
Ov79_rep3_Dep6_Tu0.3,0.000,1.109,0.756,0.000,4.509,0.000,2.315,0.000,4.302,11.005,9.841,2.713,63.451
Ov79_rep8_Dep6_Tu50,8.790,5.668,4.221,1.178,18.745,5.245,0.375,1.240,3.251,14.938,10.542,0.107,25.701
Ov79_rep9_Dep6_Tu0.3,0.000,0.169,0.506,0.000,3.613,0.002,2.933,0.000,5.615,12.022,11.170,0.955,63.016
Ov79_rep7_Dep6_Tu2,0.000,0.265,0.984,0.000,3.174,0.396,1.896,0.000,6.288,14.192,9.320,1.125,62.360
Ov79_rep7_Dep6_Tu30,5.271,3.881,2.309,1.632,12.270,3.296,2.577,0.000,4.612,12.928,8.702,0.600,41.922
Ov79_rep5_Dep6_Tu50,5.228,4.819,6.479,0.095,22.707,5.199,1.125,0.835,1.132,16.838,9.485,0.966,25.092
Ov79_rep6_Dep6_Tu0.5,0.000,0.000,1.991,0.000,4.642,0.000,2.458,0.000,8.141,11.188,9.235,0.193,62.151
Ov79_rep2_Dep6_Tu2,0.000,2.920,0.000,0.000,3.500,0.461,3.227,0.000,2.880,14.109,10.414,1.122,61.367
Ov79_rep3_Dep6_Tu30,5.199,0.000,3.291,0.000,15.734,3.265,2.411,0.000,0.000,16.340,12.229,1.863,39.669
Ov79_rep9_Dep6_Tu3,0.000,0.000,1.014,0.000,5.283,0.000,1.908,0.458,8.024,9.095,10.750,1.160,62.307
Ov79_rep10_Dep6_Tu2,0.000,0.414,1.386,0.000,4.339,0.000,3.114,0.000,3.311,10.018,10.538,3.336,63.544
Ov79_rep10_Dep6_Tu1,0.000,0.137,1.890,0.000,4.782,0.000,0.825,0.000,9.922,9.709,9.859,0.000,62.876
Ov79_rep6_Dep6_Tu5,0.000,0.000,1.562,0.000,4.362,0.596,2.600,0.000,6.826,13.852,9.399,1.265,59.537
Ov79_rep2_Dep6_Tu0.3,0.000,0.588,1.142,0.000,4.686,0.000,1.355,0.000,8.855,10.148,8.960,0.000,64.266
Ov79_rep4_Dep6_Tu20,2.536,1.188,4.117,0.000,10.682,2.474,1.816,0.431,4.561,14.264,7.607,0.939,49.385
Ov79_rep1_Dep6_Tu0.1,0.000,0.843,0.000,0.000,4.154,0.000,2.777,0.000,7.272,10.318,10.645,0.800,63.191
Ov79_rep4_Dep6_Tu10,0.000,3.772,1.451,0.000,6.566,0.759,2.400,0.000,4.503,13.135,12.328,0.000,55.085
Ov79_rep4_Dep6_Tu30,4.530,2.681,2.603,1.094,12.755,4.408,0.237,3.179,0.000,14.504,9.479,3.357,41.174
Ov79_rep5_Dep6_Tu10,0.126,0.948,3.113,0.000,6.405,0.169,1.642,0.000,5.876,15.173,10.858,0.239,55.451
Ov79_rep7_Dep6_Tu3,0.000,0.000,1.995,0.000,3.395,0.000,1.860,0.000,7.215,12.154,10.036,1.174,62.172
Ov79_rep9_Dep6_Tu50,9.022,2.265,5.606,1.331,18.732,5.511,0.000,4.364,2.538,15.924,9.424,0.000,25.282
Ov79_rep10_Dep6_Tu0.5,0.000,0.869,0.673,0.000,5.391,0.000,3.564,0.000,4.050,13.875,9.634,0.759,61.184
Ov79_rep7_Dep6_Tu40,8.394,5.977,4.426,0.000,14.338,4.520,0.245,3.922,0.000,16.125,8.280,1.616,32.157
Ov79_rep7_Dep6_Tu0.1,0.000,0.000,0.850,0.000,3.928,0.000,2.408,0.000,6.291,12.544,10.963,0.000,63.017
Ov79_rep9_Dep6_Tu0.1,0.000,0.000,1.875,0.000,4.223,0.000,2.585,0.000,8.701,9.483,9.857,0.858,62.418
Ov79_rep1_Dep6_Tu5,0.000,0.077,1.782,0.000,6.371,0.705,3.743,0.000,5.162,12.843,9.161,1.260,58.896
Ov79_rep9_Dep6_Tu30,6.387,3.920,3.322,0.000,11.469,3.070,0.056,0.150,3.356,15.680,10.988,1.975,39.626
Ov79_rep2_Dep6_Tu0.1,0.000,1.188,0.156,0.000,6.657,0.000,1.378,0.000,7.621,9.814,9.524,1.083,62.579
Ov79_rep7_Dep6_Tu20,2.134,3.521,1.926,0.000,11.366,2.101,1.105,1.630,3.880,14.633,10.157,0.000,47.547
Ov79_rep7_Dep6_Tu5,1.114,0.000,1.896,0.000,6.337,0.282,3.464,0.000,2.687,13.469,10.259,1.311,59.181
Ov79_rep2_Dep6_Tu10,0.000,3.218,2.286,0.000,6.662,0.087,1.639,0.000,5.193,16.301,8.081,0.326,56.207
Ov79_rep8_Dep6_Tu0.1,0.000,0.000,1.839,0.000,3.978,0.332,3.469,0.000,5.677,11.494,9.079,1.306,62.827
Ov79_rep8_Dep6_Tu5,0.920,1.434,1.417,0.000,7.915,0.685,0.732,0.000,10.311,8.292,8.092,0.415,59.786
Ov79_rep1_Dep6_Tu10,0.807,3.450,1.690,0.000,7.625,1.007,2.695,0.000,4.921,12.716,8.371,0.960,55.757
Ov79_rep1_Dep6_Tu1,0.000,0.000,1.721,0.000,4.382,0.000,2.411,0.000,6.827,11.745,10.101,1.331,61.482
Ov79_rep10_Dep6_Tu10,0.709,1.803,1.941,0.000,9.086,0.877,2.451,0.000,5.143,11.552,10.108,1.409,54.921
Ov79_rep2_Dep6_Tu50,7.105,2.064,5.336,2.899,17.832,3.973,1.572,5.220,0.000,18.561,8.831,0.000,26.606
Ov79_rep3_Dep6_Tu20,2.256,0.902,3.390,0.000,9.106,2.412,1.761,3.030,1.772,15.703,11.398,0.542,47.729
Ov79_rep3_Dep6_Tu0.1,0.000,0.874,0.480,0.000,6.727,0.000,2.253,2.932,3.390,8.317,12.142,1.031,61.855
Ov79_rep10_Dep6_Tu3,0.000,0.530,1.079,0.000,3.989,0.187,2.933,0.000,7.188,10.795,8.889,0.861,63.548
Ov79_rep5_Dep6_Tu2,0.000,0.000,1.680,0.000,4.677,1.604,1.780,0.000,7.294,8.536,10.197,1.528,62.704
Ov79_rep10_Dep6_Tu0.1,0.000,0.051,0.000,0.000,5.080,0.086,3.016,0.000,6.723,10.848,10.178,1.969,62.050
Ov79_rep6_Dep6_Tu3,0.000,0.163,0.041,0.000,4.820,0.010,3.981,0.000,6.054,10.683,9.817,1.213,63.219
Ov79_rep4_Dep6_Tu0.3,0.000,0.000,2.242,0.000,3.022,0.000,2.646,0.000,6.304,11.441,10.063,1.509,62.774
Ov79_rep4_Dep6_Tu3,0.000,1.099,1.547,0.000,3.396,0.000,2.294,0.000,7.109,10.759,11.751,0.000,62.045
Ov79_rep3_Dep6_Tu10,3.245,0.000,1.890,0.000,5.936,0.965,2.928,0.000,4.382,12.565,10.313,1.882,55.894
Ov79_rep3_Dep6_Tu5,0.000,2.355,1.288,0.000,5.287,0.256,1.660,1.876,2.627,13.640,6.578,2.892,61.541
Ov79_rep7_Dep6_Tu0.3,0.000,1.687,0.000,0.000,3.950,0.000,1.905,0.000,4.611,11.959,10.505,1.683,63.700
Ov79_rep8_Dep6_Tu3,0.000,0.282,1.643,0.000,4.141,0.000,1.131,0.000,9.228,10.345,9.886,0.000,63.346
Ov79_rep1_Dep6_Tu20,2.211,0.000,4.311,0.000,10.858,3.248,0.000,2.002,4.938,14.105,8.950,0.957,48.421
Ov79_rep5_Dep6_Tu0.5,0.000,0.803,0.000,0.000,4.547,0.308,2.523,0.000,5.745,12.044,9.317,0.537,64.175
Ov79_rep7_Dep6_Tu10,0.000,0.000,2.174,0.005,7.411,1.287,2.365,2.413,5.877,13.154,9.351,0.523,55.438
Ov79_rep8_Dep6_Tu0.5,0.000,1.407,0.701,0.000,4.686,0.000,2.204,0.000,4.196,11.440,9.709,2.550,63.107
Ov79_rep4_Dep6_Tu0.5,0.000,0.000,1.927,0.000,3.315,0.367,3.339,0.000,5.430,12.598,8.291,1.032,63.701
Ov79_rep2_Dep6_Tu40,8.650,1.379,5.527,1.026,13.836,5.561,2.369,0.000,3.248,14.069,9.204,1.762,33.369
Ov79_rep9_Dep6_Tu10,2.658,0.000,2.186,0.000,7.363,0.959,1.421,0.000,3.098,14.949,10.848,1.336,55.182
Ov79_rep3_Dep6_Tu50,8.765,3.943,4.233,2.126,15.794,6.478,0.000,6.796,0.000,15.848,8.133,0.757,27.128
Ov79_rep10_Dep6_Tu50,7.661,4.541,5.458,1.560,16.142,5.955,0.595,0.294,0.000,21.086,9.418,1.113,26.178
Ov79_rep1_Dep6_Tu30,8.500,5.679,0.917,1.200,12.196,2.138,0.000,0.274,0.839,17.896,9.116,1.156,40.088
Ov79_rep8_Dep6_Tu20,1.170,3.626,3.612,0.000,11.212,1.541,1.948,2.566,0.849,15.427,8.634,0.851,48.563
Ov79_rep6_Dep6_Tu40,6.821,1.574,4.675,0.568,17.581,4.032,1.014,2.667,0.000,16.339,11.795,1.750,31.183
Ov79_rep6_Dep6_Tu20,1.574,3.803,1.982,0.298,10.706,2.629,2.282,0.000,8.229,10.406,9.132,1.529,47.431
Ov79_rep10_Dep6_Tu30,4.245,4.416,3.229,0.104,11.013,3.741,2.287,1.193,0.000,17.473,9.355,1.548,41.397
Ov79_rep4_Dep6_Tu0.1,0.244,0.000,0.970,0.000,2.804,0.000,3.583,0.000,4.662,11.841,10.596,1.740,63.559
Ov79_rep5_Dep6_Tu20,4.259,2.599,3.018,0.000,7.541,2.468,1.772,0.000,4.860,14.954,9.762,1.378,47.389
Ov79_rep2_Dep6_Tu30,3.448,2.185,4.381,0.113,11.777,4.765,1.475,2.475,0.000,14.667,10.584,1.676,42.453
Ov79_rep5_Dep6_Tu40,7.482,1.264,3.675,1.989,16.225,4.245,0.429,5.804,1.566,15.821,8.494,0.931,32.076
Ov79_rep8_Dep6_Tu0.3,0.000,0.000,0.771,0.000,3.696,0.000,3.089,0.000,5.624,12.005,10.959,0.912,62.944
Ov79_rep4_Dep6_Tu40,4.484,4.126,4.048,1.618,14.446,3.695,0.000,4.943,1.176,18.562,10.057,0.193,32.650
Ov79_rep3_Dep6_Tu0.5,0.000,0.000,1.763,0.000,3.340,0.000,2.471,0.000,8.583,10.618,11.964,0.105,61.156
Ov79_rep6_Dep6_Tu10,0.000,1.979,2.569,0.000,9.331,0.624,1.551,0.000,7.591,11.248,9.007,0.329,55.770
Ov79_rep8_Dep6_Tu1,0.205,0.127,0.492,0.000,4.426,0.000,2.661,0.000,5.492,12.102,10.833,0.745,62.917
Ov79_rep9_Dep6_Tu2,0.000,2.089,0.000,0.000,4.699,0.000,3.070,0.000,2.582,13.225,9.576,2.448,62.311
Ov79_rep6_Dep6_Tu0.1,0.000,1.032,0.224,0.000,2.617,0.404,3.581,0.000,7.018,12.181,10.842,0.000,62.099
Ov79_rep5_Dep6_Tu0.1,0.000,0.783,0.907,0.000,3.636,0.000,3.290,0.000,5.695,11.570,10.347,1.153,62.618
Ov79_rep10_Dep6_Tu20,1.427,0.912,3.956,0.000,11.697,3.642,1.830,0.000,3.439,13.947,10.595,1.946,46.607
Ov79_rep5_Dep6_Tu0.3,0.000,0.000,1.270,0.000,3.200,0.592,2.498,0.000,8.957,10.585,9.920,0.288,62.691
Ov79_rep10_Dep6_Tu5,0.000,1.162,0.881,0.000,4.539,0.679,2.236,0.000,5.786,14.553,9.742,1.054,59.368
Ov79_rep5_Dep6_Tu5,0.430,1.025,2.370,0.000,4.985,0.350,2.110,0.000,8.255,10.866,8.612,0.923,60.076
Ov79_rep1_Dep6_Tu40,5.648,7.023,2.815,1.196,15.612,3.511,0.505,0.852,6.175,15.553,8.726,0.000,32.383
Ov79_rep8_Dep6_Tu40,4.595,3.746,3.910,1.714,17.239,4.146,1.310,4.007,0.000,18.130,7.084,1.257,32.862
Ov79_rep6_Dep6_Tu50,5.899,1.799,8.057,1.145,18.179,6.543,0.000,2.291,4.602,15.138,10.360,0.000,25.986
Ov79_rep2_Dep6_Tu20,1.982,3.866,2.304,0.000,11.569,1.435,2.143,0.000,3.832,16.308,9.475,0.000,47.087
Ov79_rep1_Dep6_Tu0.3,0.000,0.586,0.966,0.000,3.186,0.663,2.893,0.000,3.385,12.198,11.082,2.852,62.189
Ov79_rep6_Dep6_Tu1,0.000,1.370,0.536,0.000,3.706,0.000,2.865,0.000,5.401,10.969,10.828,1.283,63.043
Ov79_rep8_Dep6_Tu10,2.376,0.086,2.777,0.000,5.977,1.658,2.683,0.000,7.874,11.556,9.637,0.339,55.037
Ov79_rep9_Dep6_Tu20,2.323,2.880,2.628,0.225,8.676,3.256,3.078,0.000,2.913,12.703,10.576,2.310,48.432
Ov79_rep6_Dep6_Tu2,0.000,0.000,1.408,0.000,5.094,1.240,2.190,0.000,5.050,12.534,9.793,1.063,61.628
Ov79_rep10_Dep6_Tu40,5.952,5.055,4.988,1.372,12.862,4.579,0.377,0.000,7.899,15.628,7.857,0.000,33.431
Ov79_rep4_Dep6_Tu1,0.000,2.616,0.627,0.000,5.649,0.000,2.386,0.000,5.131,10.674,9.248,1.135,62.534
Ov79_rep1_Dep6_Tu2,0.000,0.078,1.040,0.000,5.072,0.000,2.859,0.000,6.960,13.353,8.617,0.487,61.533
Ov79_rep3_Dep6_Tu2,0.000,0.002,1.554,0.000,5.106,1.194,3.289,0.000,5.480,9.694,10.890,2.489,60.302
Ov79_rep4_Dep6_Tu2,0.000,3.027,0.131,0.000,6.598,0.024,2.954,0.000,8.533,7.986,8.524,0.000,62.223
Ov79_rep9_Dep6_Tu40,6.819,3.147,3.850,1.792,16.546,3.612,2.140,4.277,0.000,14.789,9.722,0.126,33.180
Ov79_rep4_Dep6_Tu5,0.275,2.060,1.610,0.000,6.140,0.000,2.091,1.279,5.637,12.361,9.989,0.129,58.428
Ov79_rep2_Dep6_Tu0.5,0.000,1.303,0.000,0.000,5.128,0.000,1.795,0.000,5.226,9.588,12.619,1.955,62.386
Ov79_rep5_Dep6_Tu30,3.402,2.768,4.597,1.384,13.702,2.625,0.474,0.000,3.218,18.074,10.042,1.217,38.497
Ov79_rep3_Dep6_Tu40,8.521,5.648,3.798,0.000,14.252,4.091,0.785,3.244,0.000,16.668,8.860,0.649,33.485
Ov79_rep6_Dep6_Tu30,3.308,4.502,4.408,1.156,9.600,3.161,1.857,4.356,1.865,14.219,9.487,0.321,41.760
Ov79_rep2_Dep6_Tu1,0.000,0.908,0.773,0.000,4.082,0.000,2.577,0.000,5.124,12.773,13.002,0.550,60.212
Ov79_rep3_Dep6_Tu3,0.000,0.683,1.345,0.000,3.618,0.000,3.138,0.000,6.642,12.255,8.958,0.778,62.583
Ov79_rep9_Dep6_Tu0.5,0.000,0.000,0.561,0.000,4.084,0.000,1.791,0.000,6.717,13.646,10.618,0.469,62.115
Ov79_rep9_Dep6_Tu1,0.000,0.396,0.901,0.000,4.274,0.000,4.113,0.000,5.553,12.005,10.066,0.391,62.302
Ov79_rep5_Dep6_Tu1,0.000,0.091,1.956,0.000,3.885,0.000,1.699,0.322,5.958,11.157,12.035,1.627,61.269
Ov79_rep7_Dep6_Tu0.5,0.000,1.989,0.000,0.000,5.340,0.160,3.147,0.000,5.849,8.484,8.866,2.681,63.484
