Sample,BRCA,CEAD,CESC,COAD,OV,READ,bcell,cd4tcell,cd8tcell,erythroblast,monocyte,naturalkillercell,neutrophil
Colo_rep2_Dep6_Tu0.5,0.000,54.089,0.000,0.000,12.848,0.000,0.054,0.092,0.464,0.601,6.144,0.483,25.225
Colo_rep2_Dep6_Tu50,0.017,23.150,0.938,0.013,17.266,36.387,1.464,2.300,1.536,0.722,6.045,1.166,8.995
Colo_rep6_Dep6_Tu1,0.000,41.349,0.000,0.000,24.234,0.049,0.356,0.208,0.537,0.332,5.229,0.385,27.321
Colo_rep3_Dep6_Tu2,0.000,61.072,0.001,0.000,3.508,1.138,0.079,0.764,0.961,0.808,6.032,0.817,24.820
Colo_rep7_Dep6_Tu2,0.000,56.458,0.000,0.000,5.501,1.555,0.047,0.328,1.119,1.464,5.083,0.329,28.114
Colo_rep8_Dep6_Tu0.1,0.000,18.125,0.000,0.000,42.959,0.000,0.229,0.690,1.716,0.966,4.345,0.325,30.645
Colo_rep10_Dep6_Tu2,0.000,50.403,0.001,0.000,15.937,0.847,0.191,0.376,0.443,1.718,5.001,0.321,24.760
Colo_rep6_Dep6_Tu3,0.000,52.554,0.042,0.000,9.504,1.877,0.568,0.904,0.912,1.006,5.626,0.211,26.797
Colo_rep9_Dep6_Tu30,0.018,8.054,0.123,0.000,43.771,20.970,0.525,2.724,0.694,1.738,5.566,0.379,15.440
Colo_rep9_Dep6_Tu0.5,0.000,55.504,0.000,0.000,13.332,0.000,0.014,0.653,0.415,0.455,4.538,0.064,25.025
Colo_rep6_Dep6_Tu20,0.000,45.686,0.018,0.000,9.062,15.186,0.437,1.449,1.245,0.276,5.239,0.938,20.464
Colo_rep8_Dep6_Tu30,0.245,40.501,0.379,0.000,13.354,21.320,0.985,2.410,1.542,0.268,4.919,0.188,13.888
Colo_rep3_Dep6_Tu5,0.000,38.607,0.007,0.000,24.734,3.392,0.188,0.516,1.435,0.544,3.105,0.152,27.320
Colo_rep4_Dep6_Tu3,0.000,7.485,0.000,0.000,55.847,1.580,0.092,0.291,0.525,0.650,4.826,0.036,28.667
Colo_rep2_Dep6_Tu10,0.000,45.760,0.003,0.000,15.759,7.520,0.230,0.012,0.905,0.638,5.689,0.810,22.673
Colo_rep3_Dep6_Tu40,0.050,6.117,0.236,0.000,38.792,29.156,0.800,2.547,1.401,0.552,5.370,0.395,14.584
Colo_rep3_Dep6_Tu30,0.251,35.397,0.327,0.000,18.209,22.145,0.122,1.287,0.516,0.617,7.510,0.215,13.404
Colo_rep6_Dep6_Tu30,0.007,11.070,0.159,0.000,36.036,21.868,0.155,2.226,2.260,1.669,5.860,0.150,18.541
Colo_rep4_Dep6_Tu50,0.013,7.745,2.218,0.001,27.881,36.680,0.585,1.731,3.920,1.707,5.685,0.285,11.547
Colo_rep5_Dep6_Tu50,0.004,20.297,0.922,0.000,16.877,36.802,0.971,2.778,2.176,0.821,7.092,1.298,9.963
Colo_rep6_Dep6_Tu2,0.000,14.918,0.007,0.000,49.093,0.844,0.115,0.780,0.777,0.969,4.261,0.173,28.062
Colo_rep10_Dep6_Tu50,0.343,10.301,1.136,0.002,29.406,36.139,0.631,0.811,4.019,1.858,5.780,0.405,9.169
Colo_rep7_Dep6_Tu50,0.004,27.001,0.678,0.000,10.853,36.669,1.010,2.564,3.896,0.710,6.703,0.166,9.745
Colo_rep9_Dep6_Tu40,0.082,6.406,1.267,0.000,37.728,28.274,0.716,3.588,1.276,0.763,5.237,0.503,14.161
Colo_rep8_Dep6_Tu5,0.000,15.011,0.088,0.106,46.116,2.903,0.041,0.783,1.308,0.740,4.382,0.386,28.136
Colo_rep1_Dep6_Tu20,0.000,6.628,0.545,0.000,45.926,14.606,0.028,2.821,0.813,0.731,5.045,0.464,22.395
Colo_rep9_Dep6_Tu2,0.000,50.405,0.000,0.000,17.417,1.108,0.053,0.261,0.266,1.487,4.377,0.347,24.278
Colo_rep5_Dep6_Tu30,0.021,37.950,0.362,0.000,11.405,21.313,1.244,2.893,1.077,2.404,6.445,0.275,14.611
Colo_rep4_Dep6_Tu0.1,0.000,59.682,0.000,0.000,3.989,0.000,0.124,0.396,0.558,0.728,5.739,0.508,28.276
Colo_rep5_Dep6_Tu0.1,0.000,61.195,0.000,0.000,1.157,0.000,0.494,0.211,0.513,2.854,5.700,0.412,27.464
Colo_rep9_Dep6_Tu3,0.000,8.334,0.006,0.000,55.529,1.139,0.110,0.693,1.481,1.006,4.770,0.167,26.765
Colo_rep2_Dep6_Tu0.1,0.000,7.819,0.000,0.000,56.783,0.000,0.034,0.026,1.543,0.483,4.108,0.072,29.132
Colo_rep8_Dep6_Tu10,0.001,15.538,0.076,0.000,38.783,6.788,1.310,1.819,1.917,0.739,5.152,0.234,27.641
Colo_rep4_Dep6_Tu30,0.107,36.916,0.378,0.000,15.127,21.885,0.261,1.556,2.706,0.444,6.541,0.825,13.253
Colo_rep2_Dep6_Tu2,0.000,56.269,0.001,0.000,7.775,0.980,0.245,0.418,0.000,2.383,4.735,0.328,26.865
Colo_rep1_Dep6_Tu5,0.000,54.983,0.003,0.000,8.098,3.167,0.172,0.298,2.044,1.625,5.064,0.088,24.457
Colo_rep8_Dep6_Tu50,0.003,6.655,2.106,0.000,32.160,36.281,0.348,4.145,2.492,0.384,5.199,0.228,9.998
Colo_rep5_Dep6_Tu5,0.000,15.177,0.002,0.000,48.763,2.933,0.070,0.631,1.580,0.447,3.492,0.139,26.766
Colo_rep6_Dep6_Tu50,0.000,1.913,2.241,0.000,33.886,36.412,0.348,2.878,1.576,2.117,5.889,0.584,12.155
Colo_rep5_Dep6_Tu0.5,0.000,53.465,0.000,0.000,13.973,0.001,0.113,0.279,0.422,0.595,4.663,0.111,26.377
Colo_rep4_Dep6_Tu20,0.003,18.234,0.013,0.000,32.404,14.096,0.117,0.853,2.830,2.517,4.362,0.344,24.225
Colo_rep8_Dep6_Tu40,0.017,33.567,0.989,0.001,15.933,28.598,0.767,3.413,0.598,0.793,4.170,0.385,10.769
Colo_rep7_Dep6_Tu0.3,0.000,48.634,0.000,0.000,18.173,0.000,0.028,0.336,0.208,0.891,4.844,0.110,26.777
Colo_rep7_Dep6_Tu30,0.010,40.646,0.211,0.000,10.904,22.193,0.509,1.925,1.830,0.341,5.029,0.821,15.580
Colo_rep10_Dep6_Tu20,0.008,8.952,0.210,0.000,37.893,14.645,0.576,3.237,2.972,0.524,5.102,0.304,25.577
Colo_rep9_Dep6_Tu10,0.000,8.857,0.007,0.000,51.249,6.576,0.125,0.956,0.712,0.480,5.489,0.184,25.366
Colo_rep9_Dep6_Tu0.1,0.000,15.800,0.000,0.000,46.931,0.000,0.016,0.916,0.831,0.943,4.392,0.252,29.919
Colo_rep10_Dep6_Tu0.3,0.000,15.770,0.000,0.000,48.127,0.000,0.053,0.722,0.707,0.613,4.518,0.090,29.399
Colo_rep8_Dep6_Tu20,0.000,2.479,0.555,0.000,50.558,14.161,0.225,0.454,2.802,1.171,4.381,0.521,22.690
Colo_rep3_Dep6_Tu3,0.001,37.190,0.029,0.000,26.271,2.024,0.051,1.363,1.507,0.773,5.104,0.207,25.479
Colo_rep4_Dep6_Tu2,0.000,13.570,0.002,0.000,52.007,0.644,0.192,0.649,0.205,0.729,4.074,0.089,27.841
Colo_rep10_Dep6_Tu0.1,0.000,16.940,0.000,0.000,44.754,0.000,0.215,0.514,0.928,1.213,4.962,0.376,30.097
Colo_rep4_Dep6_Tu0.3,0.000,40.077,0.000,0.000,26.077,0.000,0.181,0.168,0.816,0.749,4.750,0.249,26.933
Colo_rep9_Dep6_Tu0.3,0.000,55.477,0.000,0.000,10.374,0.000,0.092,0.495,0.359,0.451,6.054,0.395,26.303
Colo_rep1_Dep6_Tu10,0.001,13.560,0.142,0.000,47.346,6.640,0.375,1.137,1.411,1.397,3.750,0.389,23.852
Colo_rep6_Dep6_Tu0.3,0.000,8.805,0.000,0.000,55.639,0.000,0.080,0.715,0.198,0.493,6.310,0.113,27.647
Colo_rep6_Dep6_Tu0.5,0.000,16.466,0.003,0.000,46.764,0.000,0.073,0.413,1.681,0.902,4.464,0.027,29.208
Colo_rep10_Dep6_Tu10,0.000,14.622,0.072,0.000,43.327,6.806,0.332,0.722,2.982,1.125,4.049,0.219,25.742
Colo_rep10_Dep6_Tu1,0.000,15.864,0.001,0.000,46.169,0.001,0.135,0.493,1.153,1.878,4.229,0.451,29.627
Colo_rep10_Dep6_Tu5,0.000,8.317,0.046,0.000,54.984,3.207,0.149,1.701,1.401,0.675,3.825,0.044,25.651
Colo_rep10_Dep6_Tu40,0.058,33.160,1.687,0.002,10.930,29.239,0.569,0.327,3.690,1.274,6.333,0.594,12.136
Colo_rep10_Dep6_Tu0.5,0.000,15.527,0.001,0.000,49.604,0.000,0.154,0.643,1.464,0.456,3.795,0.130,28.226
Colo_rep1_Dep6_Tu1,0.000,16.355,0.000,0.000,45.185,0.001,0.138,0.746,0.510,2.313,4.835,0.456,29.460
Colo_rep7_Dep6_Tu20,0.000,43.201,0.031,0.000,16.415,14.492,0.020,2.012,0.500,0.195,5.985,0.072,17.077
Colo_rep6_Dep6_Tu10,0.000,7.880,0.720,0.000,53.364,6.916,0.077,0.603,0.677,0.556,3.974,0.207,25.025
Colo_rep10_Dep6_Tu3,0.000,51.676,0.010,0.000,12.723,1.980,0.036,1.104,0.117,0.413,5.655,0.272,26.014
Colo_rep1_Dep6_Tu30,0.001,36.385,0.522,0.000,13.288,22.419,0.364,0.362,2.894,0.515,5.800,0.909,16.540
Colo_rep1_Dep6_Tu0.1,0.000,53.600,0.001,0.000,10.588,0.000,0.479,0.182,0.715,0.661,5.641,0.270,27.863
Colo_rep7_Dep6_Tu5,0.009,56.830,0.015,0.000,5.927,3.411,0.403,0.764,0.257,1.206,5.709,0.501,24.969
Colo_rep7_Dep6_Tu0.1,0.000,52.584,0.000,0.000,14.654,0.000,0.018,0.379,0.459,0.201,5.120,0.017,26.568
Colo_rep6_Dep6_Tu40,0.008,30.582,0.627,0.000,18.491,28.828,0.218,0.743,1.802,1.335,6.953,0.628,9.787
Colo_rep8_Dep6_Tu2,0.000,11.492,0.002,0.000,52.237,0.475,0.142,0.087,0.461,1.540,4.709,0.365,28.489
Colo_rep7_Dep6_Tu0.5,0.000,56.525,0.000,0.000,8.783,0.002,0.053,0.881,0.769,1.409,4.422,0.170,26.986
Colo_rep5_Dep6_Tu20,0.000,9.336,0.063,0.000,41.325,14.437,0.205,1.424,3.007,1.582,5.345,0.642,22.633
Colo_rep8_Dep6_Tu0.3,0.000,55.518,0.000,0.000,10.115,0.000,0.066,0.642,0.216,0.847,5.847,0.344,26.405
Colo_rep4_Dep6_Tu5,0.000,14.099,0.004,0.000,46.779,2.854,0.040,0.468,0.676,1.949,5.451,0.195,27.484
Colo_rep9_Dep6_Tu1,0.000,54.043,0.001,0.000,11.119,0.026,0.808,0.176,0.544,2.029,5.503,0.099,25.653
Colo_rep1_Dep6_Tu0.5,0.000,55.658,0.001,0.000,8.970,0.001,0.149,0.741,0.687,1.624,5.242,0.130,26.798
Colo_rep8_Dep6_Tu3,0.000,2.907,0.005,0.000,59.030,1.425,0.106,0.456,0.768,2.033,2.954,0.071,30.246
Colo_rep5_Dep6_Tu0.3,0.000,17.927,0.000,0.000,45.570,0.000,0.018,0.313,0.974,1.401,4.972,0.109,28.715
Colo_rep2_Dep6_Tu30,0.001,40.248,0.361,0.000,8.614,22.410,0.874,1.072,1.448,0.870,6.861,0.535,16.708
Colo_rep7_Dep6_Tu10,0.000,50.390,0.001,0.000,14.350,7.147,0.149,0.955,0.788,0.480,4.878,0.108,20.755
Colo_rep2_Dep6_Tu40,0.022,12.207,1.119,0.018,27.809,29.640,1.352,4.215,0.478,0.926,5.844,0.912,15.457
Colo_rep3_Dep6_Tu0.1,0.000,11.743,0.000,0.000,53.320,0.000,0.052,0.573,0.290,0.304,4.973,0.130,28.616
Colo_rep3_Dep6_Tu1,0.000,13.454,0.000,0.000,51.811,0.000,0.096,0.543,0.222,0.199,4.661,0.147,28.867
Colo_rep8_Dep6_Tu1,0.000,10.417,0.000,0.000,53.892,0.021,0.087,0.410,0.404,0.819,4.421,0.186,29.342
Colo_rep4_Dep6_Tu1,0.000,14.631,0.064,0.000,47.985,0.136,0.145,0.519,1.280,1.783,3.961,0.136,29.360
Colo_rep5_Dep6_Tu40,0.009,13.617,0.504,0.000,28.487,29.592,0.557,3.850,2.831,0.331,5.776,0.255,14.192
Colo_rep5_Dep6_Tu10,0.001,8.535,0.060,0.000,50.251,6.538,0.190,0.394,2.072,0.567,6.150,0.290,24.953
Colo_rep2_Dep6_Tu0.3,0.000,3.472,0.000,0.000,58.518,0.000,0.017,1.126,0.533,0.696,2.966,0.036,32.637
Colo_rep10_Dep6_Tu30,0.002,36.682,0.579,0.000,14.622,22.528,0.129,3.414,0.418,0.447,5.538,0.525,15.117
Colo_rep1_Dep6_Tu40,0.411,0.049,0.177,0.000,43.548,29.393,0.139,3.523,2.169,0.395,4.975,0.214,15.009
Colo_rep6_Dep6_Tu0.1,0.000,58.093,0.000,0.000,5.214,0.000,0.145,0.490,1.015,1.200,5.929,0.043,27.872
Colo_rep7_Dep6_Tu40,0.016,6.008,0.952,0.004,37.835,29.013,0.735,2.419,2.549,1.441,4.335,0.422,14.270
Colo_rep1_Dep6_Tu50,0.013,0.598,1.367,0.011,33.834,36.911,0.959,5.490,1.684,1.030,4.227,1.491,12.385
Colo_rep1_Dep6_Tu0.3,0.000,65.312,0.000,0.000,0.118,0.001,0.072,0.868,0.526,0.725,6.399,0.428,25.551
Colo_rep9_Dep6_Tu20,0.002,50.508,0.073,0.000,7.341,14.234,0.485,1.325,1.009,1.125,5.594,0.794,17.512
Colo_rep4_Dep6_Tu10,0.000,45.493,0.005,0.000,18.695,6.861,0.144,0.139,0.511,1.377,5.061,0.032,21.681
Colo_rep6_Dep6_Tu5,0.000,54.816,0.000,0.000,6.950,3.366,0.060,0.892,0.047,2.134,5.365,0.459,25.910
Colo_rep9_Dep6_Tu5,0.000,25.780,0.211,0.000,37.482,3.133,0.100,0.594,0.866,1.195,5.488,0.233,24.917
Colo_rep3_Dep6_Tu50,0.300,29.184,0.324,0.004,11.467,36.606,0.950,0.888,4.015,0.341,7.327,0.160,8.432
Colo_rep5_Dep6_Tu1,0.000,29.899,0.002,0.000,37.032,0.000,0.047,0.507,0.615,1.014,5.073,0.151,25.661
Colo_rep5_Dep6_Tu3,0.000,51.332,0.006,0.000,13.903,2.133,0.131,0.886,0.024,0.766,4.693,0.194,25.932
Colo_rep2_Dep6_Tu1,0.000,39.924,0.001,0.000,23.360,0.091,0.044,0.366,1.039,0.784,7.014,0.164,27.214
Colo_rep7_Dep6_Tu1,0.000,53.004,0.000,0.000,15.037,0.041,0.093,0.077,0.382,1.077,5.447,0.251,24.592
Colo_rep5_Dep6_Tu2,0.000,14.010,0.008,0.000,48.219,0.752,0.046,1.413,0.562,0.865,3.775,0.303,30.048
Colo_rep4_Dep6_Tu40,0.004,30.414,1.447,0.000,15.909,28.892,0.351,0.662,1.220,3.606,6.088,0.703,10.706
Colo_rep2_Dep6_Tu20,0.001,52.593,0.122,0.000,3.892,14.376,0.687,1.838,0.892,1.365,4.831,0.865,18.538
Colo_rep4_Dep6_Tu0.5,0.000,14.423,0.001,0.000,48.019,0.000,0.090,0.753,0.752,1.412,4.041,0.088,30.419
Colo_rep2_Dep6_Tu5,0.001,3.979,0.001,0.000,57.458,2.583,0.023,0.742,1.092,1.308,2.823,0.083,29.909
Colo_rep2_Dep6_Tu3,0.000,38.595,0.001,0.000,25.495,1.820,0.057,0.156,0.405,1.479,6.320,0.444,25.228
Colo_rep3_Dep6_Tu10,0.009,53.047,0.023,0.000,5.664,7.932,0.536,0.364,1.309,0.567,6.162,0.386,24.002
Colo_rep8_Dep6_Tu0.5,0.000,59.029,0.002,0.000,6.442,0.000,0.211,0.844,0.401,1.128,5.119,0.435,26.389
Colo_rep7_Dep6_Tu3,0.000,14.214,0.012,0.000,51.156,1.356,0.045,0.697,1.178,0.945,4.018,0.175,26.203
Colo_rep3_Dep6_Tu0.5,0.000,8.599,0.000,0.000,56.046,0.000,0.033,0.923,0.545,0.450,5.927,0.073,27.404
Colo_rep3_Dep6_Tu20,0.014,42.448,0.134,0.000,13.568,14.769,0.330,1.307,1.083,0.904,6.160,0.167,19.117
Colo_rep1_Dep6_Tu2,0.004,54.228,0.000,0.000,12.196,0.953,0.178,0.631,0.338,2.362,4.280,0.220,24.610
Colo_rep9_Dep6_Tu50,0.778,25.771,0.363,0.013,16.979,37.049,0.461,2.322,1.164,1.073,5.279,0.314,8.433
Colo_rep3_Dep6_Tu0.3,0.000,59.323,0.001,0.000,6.581,0.000,0.179,0.225,1.147,0.778,5.090,0.315,26.362
Colo_rep1_Dep6_Tu3,0.001,59.790,0.010,0.000,4.153,1.791,0.229,1.035,0.230,0.800,6.510,0.542,24.910
Br62_rep5_Dep6_Tu0.5,0.001,53.013,0.000,0.000,14.511,0.000,0.150,0.369,0.338,0.468,4.601,0.127,26.420
Br62_rep5_Dep6_Tu3,3.784,51.967,0.191,0.066,12.928,0.000,0.195,0.155,0.716,0.239,3.946,0.048,25.765
Br62_rep6_Dep6_Tu30,25.686,10.446,1.304,5.516,31.639,0.000,0.052,0.259,2.222,0.043,3.848,0.029,18.956
Br62_rep7_Dep6_Tu20,18.171,43.067,1.225,3.304,12.132,0.000,0.013,0.711,0.086,0.026,2.996,0.019,18.250
Br62_rep2_Dep6_Tu40,34.737,5.473,2.086,8.343,24.697,0.000,0.070,1.460,1.391,0.028,2.395,0.056,19.265
Br62_rep8_Dep6_Tu0.5,0.000,59.163,0.003,0.000,6.722,0.000,0.133,1.345,0.563,0.590,5.107,0.462,25.911
Br62_rep5_Dep6_Tu2,1.528,12.816,0.005,0.530,47.549,0.000,0.052,1.261,1.454,0.443,3.298,0.141,30.923
Br62_rep4_Dep6_Tu50,44.330,6.243,2.806,9.962,17.465,0.000,0.064,0.982,1.184,0.043,1.755,0.084,15.083
Br62_rep8_Dep6_Tu40,35.016,27.096,2.214,8.407,10.561,0.000,0.021,0.934,0.260,0.005,1.623,0.011,13.850
Br62_rep7_Dep6_Tu2,0.947,57.425,0.003,0.077,6.154,0.000,0.116,0.516,1.475,1.006,4.870,0.186,27.225
Br62_rep9_Dep6_Tu40,35.068,2.755,3.115,7.540,31.367,0.000,0.037,0.246,0.399,0.033,1.800,0.101,17.541
Br62_rep10_Dep6_Tu2,0.813,50.912,0.001,0.001,15.435,0.041,0.360,0.942,1.059,0.007,4.670,0.357,25.403
Br62_rep6_Dep6_Tu10,8.596,12.054,0.328,1.824,48.049,0.000,0.030,1.707,0.618,0.050,2.221,0.142,24.382
Br62_rep2_Dep6_Tu2,1.628,57.105,0.001,0.130,5.147,0.000,0.321,0.058,0.696,2.093,4.567,0.168,28.086
Br62_rep9_Dep6_Tu5,4.226,26.244,0.133,1.073,36.574,0.000,0.056,0.704,0.464,0.232,5.200,0.103,24.991
Br62_rep6_Dep6_Tu40,34.306,25.098,2.568,8.193,11.926,0.000,0.025,0.501,0.336,0.048,2.788,0.017,14.195
Br62_rep4_Dep6_Tu20,18.910,19.902,1.089,4.110,28.102,0.000,0.075,1.516,0.516,0.015,2.731,0.057,22.977
Br62_rep9_Dep6_Tu1,0.159,53.283,0.088,0.000,12.990,0.000,0.606,0.128,0.891,1.278,5.672,0.104,24.801
Br62_rep1_Dep6_Tu0.3,0.000,63.579,0.001,0.000,2.344,0.000,0.067,0.578,0.896,0.835,6.235,0.421,25.045
Br62_rep3_Dep6_Tu5,3.781,41.062,0.089,0.161,24.730,0.000,0.041,0.863,0.106,0.716,2.247,0.284,25.918
Br62_rep9_Dep6_Tu50,43.196,18.555,3.730,10.232,10.307,0.000,0.088,0.844,0.296,0.013,1.147,0.006,11.586
Br62_rep5_Dep6_Tu30,24.285,33.844,0.439,6.866,8.720,0.000,0.290,2.587,1.373,0.270,3.070,0.040,18.216
Br62_rep9_Dep6_Tu0.5,0.000,55.171,0.002,0.000,13.758,0.000,0.025,0.797,0.441,0.094,4.863,0.073,24.776
Br62_rep1_Dep6_Tu20,17.167,5.735,0.530,4.171,41.843,0.000,0.005,1.110,1.139,0.019,3.077,0.194,25.011
Br62_rep4_Dep6_Tu2,0.098,13.543,0.020,0.011,52.755,0.000,0.255,0.851,0.620,0.327,4.035,0.046,27.438
Br62_rep8_Dep6_Tu3,2.103,1.535,0.252,0.240,60.056,0.000,0.030,1.283,0.858,0.595,2.741,0.042,30.265
Br62_rep2_Dep6_Tu5,4.301,3.403,0.139,0.875,56.304,0.000,0.006,1.172,0.487,0.615,2.145,0.016,30.535
Br62_rep2_Dep6_Tu1,0.008,38.709,0.158,0.000,23.860,0.000,0.028,0.619,0.797,1.016,6.812,0.163,27.831
Br62_rep8_Dep6_Tu1,0.000,10.046,0.004,0.000,53.620,0.000,0.092,1.278,0.293,0.325,4.260,0.256,29.825
Br62_rep10_Dep6_Tu0.1,0.000,17.200,0.000,0.000,44.622,0.000,0.194,0.529,1.015,1.077,5.097,0.357,29.909
Br62_rep3_Dep6_Tu40,35.399,5.378,1.530,7.855,28.446,0.000,0.070,2.151,0.388,0.012,1.433,0.113,17.227
Br62_rep8_Dep6_Tu0.3,0.000,56.183,0.000,0.000,9.794,0.000,0.057,0.443,0.476,0.714,5.986,0.290,26.058
Br62_rep4_Dep6_Tu0.5,0.000,14.213,0.002,0.000,48.544,0.000,0.127,0.626,0.796,1.320,4.029,0.103,30.241
Br62_rep6_Dep6_Tu50,40.857,5.233,3.423,10.508,22.567,0.000,0.044,2.207,0.223,0.101,1.807,0.055,12.974
Br62_rep7_Dep6_Tu0.1,0.000,53.392,0.000,0.000,13.744,0.000,0.036,0.265,0.514,0.290,5.087,0.033,26.639
Br62_rep9_Dep6_Tu30,25.976,2.128,3.128,4.782,41.350,0.000,0.021,0.855,0.261,0.070,2.962,0.134,18.334
Br62_rep6_Dep6_Tu20,16.872,43.732,0.182,3.825,6.710,0.000,0.073,0.513,3.026,0.120,3.457,0.093,21.398
Br62_rep5_Dep6_Tu5,3.316,13.145,0.200,0.698,49.513,0.000,0.014,1.478,0.995,0.667,2.978,0.105,26.892
Br62_rep4_Dep6_Tu40,34.989,26.536,2.475,7.044,12.020,0.000,0.010,1.363,0.307,0.031,2.083,0.014,13.127
Br62_rep8_Dep6_Tu0.1,0.000,18.631,0.000,0.000,42.361,0.000,0.303,1.079,1.437,0.744,4.387,0.410,30.648
Br62_rep1_Dep6_Tu40,34.775,1.878,1.007,8.511,32.218,0.000,0.057,1.018,1.109,0.055,1.684,0.127,17.561
Br62_rep3_Dep6_Tu30,25.814,33.998,2.978,5.901,10.934,0.000,0.029,0.840,0.210,0.069,2.835,0.028,16.365
Br62_rep7_Dep6_Tu0.5,0.000,56.952,0.000,0.000,8.534,0.000,0.219,1.134,0.231,1.151,4.504,0.348,26.926
Br62_rep1_Dep6_Tu10,6.808,12.259,0.778,1.915,46.311,0.000,0.131,1.544,0.876,0.585,3.388,0.241,25.162
Br62_rep10_Dep6_Tu20,20.572,10.536,0.328,3.027,30.759,0.000,0.241,2.977,0.251,0.449,4.256,0.170,26.433
Br62_rep1_Dep6_Tu5,3.792,53.827,0.486,1.292,8.512,0.000,0.085,1.274,0.881,0.573,4.724,0.119,24.434
Br62_rep3_Dep6_Tu50,41.498,21.913,3.717,9.393,5.350,0.000,0.037,2.030,0.617,0.036,2.913,0.102,12.393
Br62_rep1_Dep6_Tu3,2.457,60.839,0.025,0.772,3.004,0.000,0.229,1.102,0.125,0.504,6.064,0.359,24.520
Br62_rep7_Dep6_Tu30,27.705,34.136,0.806,6.325,9.348,0.000,0.023,0.688,0.127,0.058,2.317,0.041,18.425
Br62_rep6_Dep6_Tu1,0.565,41.244,0.021,0.000,24.547,0.000,0.150,0.202,0.537,0.404,4.636,0.332,27.362
Br62_rep1_Dep6_Tu0.5,0.000,55.224,0.488,0.000,8.807,0.000,0.145,1.060,0.978,0.851,5.357,0.082,27.007
Br62_rep1_Dep6_Tu0.1,0.000,53.473,0.001,0.000,10.888,0.000,0.502,0.985,0.175,0.076,5.619,0.438,27.843
Br62_rep9_Dep6_Tu3,1.821,7.607,0.146,0.661,55.125,0.000,0.099,1.905,0.797,0.197,4.389,0.116,27.137
Br62_rep5_Dep6_Tu40,34.523,6.381,0.624,8.046,24.678,0.000,0.129,2.048,1.413,0.088,2.626,0.194,19.248
Br62_rep10_Dep6_Tu3,2.628,52.753,0.009,0.000,12.022,0.000,0.021,0.146,0.987,0.328,5.508,0.157,25.441
Br62_rep2_Dep6_Tu0.3,0.000,3.316,0.000,0.000,58.727,0.000,0.017,0.869,0.547,0.724,3.222,0.056,32.521
Br62_rep10_Dep6_Tu40,34.024,31.027,1.247,7.845,6.843,0.000,0.110,1.681,1.421,0.105,3.023,0.018,12.657
Br62_rep3_Dep6_Tu2,1.296,60.834,0.004,0.540,4.764,0.000,0.023,0.963,1.212,0.426,5.191,0.407,24.339
Br62_rep5_Dep6_Tu1,0.847,29.023,0.026,0.013,36.387,0.000,0.080,0.309,0.909,0.376,5.288,0.168,26.575
Br62_rep4_Dep6_Tu1,0.004,14.613,0.072,0.418,49.007,0.000,0.138,1.033,0.858,0.806,4.374,0.114,28.564
Br62_rep10_Dep6_Tu0.5,0.000,15.427,0.002,0.227,49.069,0.000,0.147,0.625,1.293,0.506,3.931,0.185,28.587
Br62_rep5_Dep6_Tu20,19.084,7.558,0.207,4.623,38.459,0.000,0.323,1.643,0.112,0.054,3.068,0.253,24.615
Br62_rep6_Dep6_Tu0.3,0.000,8.499,0.001,0.000,56.018,0.000,0.053,1.361,0.247,0.285,5.782,0.094,27.660
Br62_rep9_Dep6_Tu0.3,0.000,55.714,0.000,0.000,9.371,0.000,0.068,0.370,0.152,1.207,6.118,0.366,26.634
Br62_rep2_Dep6_Tu20,18.603,45.784,1.174,3.525,5.126,0.000,0.211,0.936,0.680,0.216,3.483,0.062,20.201
Br62_rep6_Dep6_Tu0.5,0.003,17.019,0.002,0.000,46.236,0.000,0.139,0.570,1.289,0.923,4.510,0.085,29.224
Br62_rep8_Dep6_Tu10,8.368,14.718,0.567,2.169,36.784,0.000,0.291,0.996,2.687,0.464,3.536,0.189,29.230
Br62_rep2_Dep6_Tu0.1,0.000,5.613,0.000,0.000,57.982,0.000,0.045,0.621,1.322,0.497,4.042,0.097,29.782
Br62_rep5_Dep6_Tu10,9.767,7.606,0.083,1.646,48.408,0.000,0.030,1.345,0.099,0.129,4.941,0.049,25.896
Br62_rep10_Dep6_Tu10,9.260,13.384,0.229,1.739,41.562,0.000,0.101,1.831,0.802,0.308,3.422,0.135,27.228
Br62_rep4_Dep6_Tu10,6.979,44.592,0.507,2.377,17.195,0.000,0.056,0.485,0.395,0.424,5.044,0.020,21.926
Br62_rep3_Dep6_Tu0.1,0.000,11.626,0.000,0.000,53.488,0.000,0.068,0.664,0.308,0.294,4.880,0.144,28.529
Br62_rep2_Dep6_Tu50,43.648,17.273,3.585,9.328,11.216,0.000,0.102,0.274,0.411,0.050,1.437,0.017,12.658
Br62_rep9_Dep6_Tu10,7.200,8.921,0.028,2.950,47.850,0.000,0.158,1.641,0.147,0.151,3.978,0.196,26.779
Br62_rep5_Dep6_Tu0.3,0.000,17.022,0.000,0.000,47.023,0.000,0.007,0.701,0.976,0.770,5.055,0.111,28.334
Br62_rep8_Dep6_Tu50,40.453,4.602,3.167,10.722,23.779,0.000,0.066,1.745,1.180,0.088,0.444,0.016,13.736
Br62_rep4_Dep6_Tu0.3,0.000,39.871,0.000,0.000,25.912,0.000,0.156,0.174,0.964,0.528,4.850,0.326,27.219
Br62_rep7_Dep6_Tu1,0.148,52.330,0.001,0.000,15.970,0.000,0.086,0.048,0.579,0.690,5.386,0.220,24.542
Br62_rep3_Dep6_Tu0.5,0.000,8.323,0.001,0.000,56.072,0.000,0.048,1.787,0.357,0.263,5.369,0.055,27.726
Br62_rep7_Dep6_Tu40,32.831,5.002,3.057,7.432,34.028,0.000,0.127,0.506,1.374,0.215,1.701,0.237,13.489
Br62_rep2_Dep6_Tu3,1.878,38.226,0.038,0.500,26.268,0.000,0.086,0.670,0.468,0.833,5.971,0.388,24.674
Br62_rep2_Dep6_Tu0.5,0.000,54.368,0.000,0.000,12.268,0.000,0.099,0.109,0.448,0.500,6.161,0.504,25.543
Br62_rep1_Dep6_Tu50,40.833,3.727,2.874,10.184,24.492,0.000,0.086,1.343,1.821,0.010,1.669,0.030,12.929
Br62_rep3_Dep6_Tu3,2.634,39.619,0.331,0.524,23.316,0.000,0.007,2.977,0.031,0.493,4.279,0.195,25.596
Br62_rep7_Dep6_Tu3,2.681,13.712,0.139,0.249,49.443,0.000,0.031,0.604,1.508,0.455,4.032,0.083,27.065
Br62_rep3_Dep6_Tu0.3,0.000,59.656,0.011,0.000,6.434,0.000,0.180,0.619,0.724,0.833,5.069,0.376,26.099
Br62_rep8_Dep6_Tu30,26.996,35.800,1.955,5.473,9.337,0.000,0.529,1.183,0.328,0.050,2.703,0.025,15.623
Br62_rep4_Dep6_Tu30,27.288,34.445,1.970,6.193,9.379,0.000,0.038,1.382,0.710,0.034,1.843,0.045,16.674
Br62_rep6_Dep6_Tu3,1.982,54.956,0.055,0.681,8.246,0.000,0.495,0.093,1.451,0.851,4.988,0.161,26.040
Br62_rep4_Dep6_Tu0.1,0.000,60.535,0.000,0.000,3.135,0.000,0.100,0.459,0.403,0.815,5.702,0.640,28.212
Br62_rep8_Dep6_Tu5,2.898,14.238,0.434,1.393,45.132,0.000,0.013,0.529,1.136,0.885,3.992,0.286,29.063
Br62_rep10_Dep6_Tu50,42.270,5.265,5.935,9.631,19.292,0.000,0.009,1.542,0.601,0.053,1.557,0.025,13.820
Br62_rep10_Dep6_Tu0.3,0.000,15.799,0.000,0.000,48.152,0.000,0.055,0.816,0.710,0.482,4.515,0.110,29.359
Br62_rep3_Dep6_Tu20,18.633,39.981,0.606,2.667,11.656,0.000,0.121,0.255,0.738,0.449,4.168,0.011,20.714
Br62_rep1_Dep6_Tu1,0.000,17.293,0.051,0.000,44.808,0.000,0.099,1.037,1.303,1.044,5.281,0.514,28.569
Br62_rep3_Dep6_Tu1,0.007,13.061,0.002,0.000,50.649,0.000,0.199,0.861,0.466,0.102,4.805,0.178,29.671
Br62_rep9_Dep6_Tu2,1.446,49.920,0.096,0.183,18.410,0.000,0.100,0.662,0.569,0.153,3.868,0.375,24.219
Br62_rep7_Dep6_Tu50,42.971,21.410,4.598,9.125,6.142,0.000,0.054,2.012,0.342,0.274,2.286,0.007,10.778
Br62_rep7_Dep6_Tu5,4.406,57.122,0.169,0.911,6.092,0.000,0.077,0.645,0.668,0.593,4.671,0.242,24.403
Br62_rep8_Dep6_Tu2,2.355,11.691,0.007,0.061,50.497,0.000,0.158,0.504,0.682,0.434,4.460,0.232,28.919
Br62_rep5_Dep6_Tu0.1,0.000,55.381,0.000,0.000,10.205,0.000,0.302,0.487,0.587,1.482,5.376,0.248,25.932
Br62_rep6_Dep6_Tu5,3.215,56.241,0.023,0.974,6.208,0.000,0.098,0.277,1.590,0.851,4.724,0.167,25.631
Br62_rep9_Dep6_Tu20,17.540,44.987,1.517,3.656,7.028,0.000,0.061,0.563,1.028,0.183,3.948,0.091,19.397
Br62_rep2_Dep6_Tu30,27.722,25.996,0.819,6.607,13.870,0.000,0.025,1.175,0.003,0.095,3.607,0.046,20.036
Br62_rep7_Dep6_Tu10,7.927,48.905,0.563,2.413,12.427,0.000,0.029,0.150,0.993,0.010,4.225,0.018,22.341
Br62_rep6_Dep6_Tu0.1,0.000,57.786,0.000,0.000,5.890,0.000,0.182,0.239,1.033,1.342,5.804,0.069,27.656
Br62_rep5_Dep6_Tu50,44.003,20.489,4.574,9.638,5.727,0.000,0.033,0.703,0.084,0.039,2.888,0.022,11.799
Br62_rep10_Dep6_Tu1,0.000,10.670,0.110,0.000,49.013,0.000,0.104,0.752,1.588,1.810,4.492,0.271,31.189
Br62_rep1_Dep6_Tu30,25.823,34.962,1.569,5.293,10.634,0.000,0.026,0.838,0.367,0.073,3.500,0.267,16.648
Br62_rep7_Dep6_Tu0.3,0.000,48.743,0.002,0.000,18.540,0.000,0.021,0.390,0.480,0.520,4.632,0.122,26.550
Br62_rep2_Dep6_Tu10,7.874,45.168,0.083,2.007,15.033,0.000,0.142,1.604,0.113,0.277,4.298,0.268,23.132
Br62_rep9_Dep6_Tu0.1,0.000,15.706,0.000,0.000,47.022,0.000,0.069,0.934,1.481,0.327,4.372,0.242,29.847
Br62_rep3_Dep6_Tu10,8.549,51.848,0.682,2.229,4.794,0.000,0.317,1.000,0.714,0.508,4.711,0.437,24.211
Br62_rep4_Dep6_Tu5,3.955,12.419,0.199,0.928,47.661,0.000,0.030,1.248,0.909,0.308,5.177,0.063,27.103
Br62_rep8_Dep6_Tu20,16.688,4.739,1.005,4.734,45.285,0.000,0.203,0.486,1.358,0.055,2.632,0.015,22.802
Br62_rep1_Dep6_Tu2,1.474,53.296,0.002,0.055,12.716,0.000,0.464,1.562,0.893,1.038,3.152,0.105,25.244
Br62_rep10_Dep6_Tu5,3.980,6.476,0.052,1.060,53.715,0.000,0.162,1.872,1.229,0.258,3.550,0.091,27.554
Br62_rep10_Dep6_Tu30,23.170,35.146,1.125,6.107,12.961,0.000,0.045,1.818,0.919,0.071,3.014,0.022,15.602
Br62_rep6_Dep6_Tu2,0.345,15.822,0.243,0.164,48.749,0.000,0.142,0.292,1.367,0.762,4.125,0.097,27.893
Br62_rep4_Dep6_Tu3,1.477,6.748,0.156,0.611,56.992,0.000,0.195,0.379,0.789,0.596,4.079,0.005,27.972
Br66_rep4_Dep6_Tu50,49.966,6.808,1.217,5.280,20.837,0.000,0.024,0.017,0.274,0.005,1.665,0.137,13.770
Br66_rep3_Dep6_Tu0.5,0.000,8.132,0.000,0.000,56.218,0.000,0.037,1.179,0.498,0.274,6.002,0.068,27.592
Br66_rep2_Dep6_Tu3,0.843,38.061,0.286,0.213,26.838,0.003,0.250,0.292,0.555,2.117,5.583,0.427,24.531
Br66_rep6_Dep6_Tu40,37.886,25.557,1.083,5.893,13.411,0.000,0.003,0.064,0.041,0.152,2.718,0.056,13.135
Br66_rep9_Dep6_Tu0.1,0.000,15.789,0.001,0.000,46.651,0.000,0.070,0.319,1.484,0.806,4.735,0.228,29.917
Br66_rep9_Dep6_Tu5,3.643,26.204,0.071,1.027,36.559,0.000,0.086,1.000,0.634,0.502,4.763,0.121,25.389
Br66_rep10_Dep6_Tu1,0.001,2.566,0.139,0.000,59.289,0.000,0.111,0.137,2.348,0.428,3.361,0.026,31.592
Br66_rep6_Dep6_Tu20,19.927,40.426,0.479,3.258,9.192,0.000,0.110,0.342,0.688,0.291,3.003,0.274,22.010
Br66_rep10_Dep6_Tu30,29.264,34.766,1.072,3.557,7.240,0.000,0.249,0.397,0.141,0.228,3.347,0.205,19.533
Br66_rep10_Dep6_Tu5,4.801,55.277,0.063,0.272,4.900,0.002,0.174,0.518,1.535,1.181,4.813,0.356,26.109
Br66_rep7_Dep6_Tu1,0.000,52.940,0.001,0.000,15.231,0.000,0.099,0.038,0.650,0.750,5.386,0.169,24.736
Br66_rep6_Dep6_Tu0.3,0.000,8.642,0.000,0.000,55.688,0.000,0.027,1.343,0.231,0.265,6.020,0.074,27.709
Br66_rep1_Dep6_Tu30,29.986,32.775,0.615,4.042,11.148,0.000,0.183,0.242,0.196,0.077,2.276,0.202,18.257
Br66_rep3_Dep6_Tu1,0.000,13.749,0.001,0.000,51.112,0.000,0.200,0.560,0.339,0.262,4.648,0.166,28.962
Br66_rep3_Dep6_Tu30,28.969,33.937,1.923,3.695,11.812,0.000,0.017,0.054,0.152,0.096,2.738,0.132,16.475
Br66_rep9_Dep6_Tu1,0.148,53.934,0.024,0.000,11.841,0.000,0.553,0.695,0.509,1.349,5.498,0.130,25.319
Br66_rep9_Dep6_Tu40,39.014,3.716,1.874,4.835,33.480,0.000,0.001,0.076,0.091,0.014,1.409,0.026,15.464
Br66_rep5_Dep6_Tu1,0.032,28.680,0.163,0.013,37.304,0.000,0.100,0.708,0.854,0.517,5.197,0.122,26.310
Br66_rep2_Dep6_Tu5,2.301,1.955,0.271,0.399,58.595,0.000,0.034,0.235,1.833,0.850,2.903,0.046,30.578
Br66_rep5_Dep6_Tu30,28.502,38.154,0.830,4.075,5.724,0.000,0.194,0.841,0.619,0.403,3.096,0.140,17.421
Br66_rep7_Dep6_Tu50,48.935,21.961,0.801,6.001,9.342,0.000,0.021,0.097,0.028,0.079,1.433,0.069,11.233
Br66_rep4_Dep6_Tu40,38.639,25.480,0.382,5.164,14.253,0.000,0.050,0.068,0.191,0.113,2.631,0.095,12.935
Br66_rep8_Dep6_Tu5,4.495,7.354,0.141,0.494,50.100,0.000,0.054,1.655,1.410,0.513,2.974,0.321,30.487
Br66_rep9_Dep6_Tu2,0.882,49.666,0.008,0.000,19.053,0.000,0.139,0.441,0.662,0.958,3.388,0.299,24.503
Br66_rep6_Dep6_Tu30,28.622,8.632,2.070,3.218,34.898,0.000,0.026,0.422,0.229,0.126,2.413,0.070,19.276
Br66_rep4_Dep6_Tu0.1,0.000,60.050,0.000,0.000,4.032,0.000,0.115,0.030,1.116,0.018,6.039,0.503,28.096
Br66_rep5_Dep6_Tu10,9.871,6.749,0.074,1.144,49.717,0.000,0.032,1.399,0.498,0.095,4.100,0.089,26.231
Br66_rep3_Dep6_Tu40,39.330,3.519,0.595,5.707,31.821,0.000,0.024,0.031,0.024,0.039,1.388,0.206,17.315
Br66_rep9_Dep6_Tu0.5,0.000,54.652,0.003,0.000,13.674,0.000,0.024,0.327,0.817,0.286,4.783,0.056,25.378
Br66_rep8_Dep6_Tu2,1.254,12.278,0.092,0.007,51.584,0.000,0.136,0.769,0.591,0.442,4.331,0.184,28.330
Br66_rep10_Dep6_Tu2,1.177,34.362,0.017,0.249,26.121,0.047,0.488,0.790,0.103,1.028,4.897,0.858,29.862
Br66_rep6_Dep6_Tu0.1,0.000,58.142,0.000,0.000,5.244,0.000,0.193,1.120,0.491,1.011,5.875,0.064,27.859
Br66_rep5_Dep6_Tu0.5,0.000,53.562,0.104,0.000,14.320,0.000,0.124,0.614,0.406,0.332,4.484,0.096,25.956
Br66_rep2_Dep6_Tu20,20.041,46.217,2.129,2.345,4.024,0.000,0.156,0.393,0.390,0.188,3.080,0.198,20.839
Br66_rep4_Dep6_Tu0.5,0.011,13.535,0.017,0.000,49.111,0.000,0.136,0.418,1.578,0.695,4.081,0.075,30.344
Br66_rep4_Dep6_Tu5,3.504,13.219,0.185,0.233,49.472,0.000,0.015,1.552,0.861,0.691,4.708,0.067,25.492
Br66_rep8_Dep6_Tu0.5,0.000,59.241,0.015,0.000,6.834,0.000,0.212,0.453,0.969,0.815,5.045,0.311,26.105
Br66_rep5_Dep6_Tu20,18.910,11.010,1.267,2.042,37.171,0.000,0.356,0.427,0.590,0.499,3.967,0.804,22.956
Br66_rep1_Dep6_Tu3,2.204,59.327,0.086,0.090,4.738,0.000,0.258,0.693,0.677,0.603,6.259,0.339,24.725
Br66_rep10_Dep6_Tu10,9.396,35.579,0.446,1.385,21.073,0.000,0.209,0.385,0.757,0.405,4.442,0.505,25.418
Br66_rep3_Dep6_Tu10,10.219,52.290,0.097,0.614,4.321,0.000,0.406,0.609,0.421,0.574,3.959,1.010,25.479
Br66_rep10_Dep6_Tu40,39.373,19.528,1.414,5.919,7.992,0.000,0.021,0.275,0.436,0.144,2.843,0.809,21.244
Br66_rep1_Dep6_Tu50,49.916,2.558,1.008,6.148,23.883,0.000,0.054,0.099,0.274,0.054,1.227,0.045,14.734
Br66_rep10_Dep6_Tu0.5,0.002,31.384,0.000,0.000,32.232,0.000,0.768,0.764,0.641,0.986,5.124,0.083,28.016
Br66_rep1_Dep6_Tu0.3,0.000,63.600,0.052,0.000,2.076,0.000,0.144,0.442,0.972,0.773,6.197,0.370,25.374
Br66_rep10_Dep6_Tu0.1,0.000,45.006,0.001,0.000,19.076,0.000,0.081,0.573,0.669,0.584,5.780,0.542,27.688
Br66_rep8_Dep6_Tu40,38.762,27.128,2.114,5.234,11.632,0.000,0.071,0.055,0.006,0.032,0.893,0.017,14.056
Br66_rep3_Dep6_Tu20,20.123,40.163,0.442,1.472,13.019,0.000,0.116,0.325,0.029,0.177,4.929,0.088,19.117
Br66_rep9_Dep6_Tu0.3,0.000,55.526,0.000,0.000,10.324,0.000,0.116,0.413,0.310,0.823,5.890,0.299,26.300
Br66_rep7_Dep6_Tu0.3,0.000,49.043,0.000,0.000,18.321,0.000,0.057,0.058,0.778,0.342,4.848,0.055,26.498
Br66_rep5_Dep6_Tu2,0.702,13.446,0.193,0.014,48.521,0.001,0.167,1.904,1.119,0.567,3.158,0.160,30.047
Br66_rep5_Dep6_Tu0.3,0.000,17.050,0.030,0.000,46.698,0.000,0.032,1.059,0.669,0.721,5.110,0.117,28.514
Br66_rep6_Dep6_Tu5,5.053,56.067,0.197,0.291,5.102,0.000,0.068,1.158,0.498,0.758,4.375,0.225,26.207
Br66_rep5_Dep6_Tu3,1.623,50.305,0.006,0.236,14.973,0.161,0.217,1.143,0.106,0.457,4.183,0.303,26.285
Br66_rep1_Dep6_Tu5,3.507,55.085,0.010,0.558,6.995,0.044,0.251,0.638,1.489,1.576,4.365,0.088,25.393
Br66_rep6_Dep6_Tu10,9.041,11.701,1.332,0.645,47.399,0.001,0.072,0.522,0.628,0.198,3.280,0.189,24.992
Br66_rep3_Dep6_Tu5,4.288,39.225,0.089,0.172,25.860,0.003,0.500,0.907,0.263,0.497,2.093,0.118,25.983
Br66_rep1_Dep6_Tu1,0.018,16.543,0.005,0.000,45.952,0.000,0.211,1.090,0.351,1.698,4.900,0.507,28.726
Br66_rep4_Dep6_Tu30,28.410,35.954,0.640,4.174,10.916,0.000,0.295,0.248,0.140,0.041,3.582,0.245,15.354
Br66_rep8_Dep6_Tu20,18.904,6.409,1.001,2.438,46.931,0.000,0.056,0.431,0.277,0.099,1.391,0.307,21.756
Br66_rep4_Dep6_Tu10,9.099,43.320,0.626,1.811,16.595,0.000,0.045,0.139,0.202,0.166,4.951,0.019,23.027
Br66_rep2_Dep6_Tu1,0.052,39.580,0.000,0.000,23.326,0.000,0.092,0.578,0.952,0.641,6.818,0.125,27.836
Br66_rep6_Dep6_Tu2,0.403,16.425,0.009,0.071,47.460,0.003,0.267,0.573,1.101,1.095,4.248,0.150,28.195
Br66_rep6_Dep6_Tu0.5,0.000,16.770,0.004,0.000,46.263,0.000,0.066,0.967,1.248,0.638,4.699,0.084,29.262
Br66_rep5_Dep6_Tu0.1,0.000,54.532,0.000,0.000,11.385,0.000,0.248,0.612,0.680,1.083,5.358,0.241,25.861
Br66_rep2_Dep6_Tu2,1.601,55.902,0.073,0.251,6.874,0.004,0.444,0.102,0.634,2.084,4.288,0.138,27.605
Br66_rep10_Dep6_Tu50,49.575,14.996,1.766,6.412,12.706,0.000,0.049,0.040,0.211,0.218,0.062,0.124,13.843
Br66_rep7_Dep6_Tu3,1.661,14.039,0.019,0.028,50.408,0.000,0.034,1.333,0.396,0.740,4.407,0.269,26.665
Br66_rep7_Dep6_Tu10,10.025,47.682,0.253,1.135,12.891,0.000,0.053,1.477,0.066,0.152,3.502,0.055,22.708
Br66_rep2_Dep6_Tu0.5,0.000,54.091,0.000,0.000,12.867,0.000,0.056,0.458,0.182,0.307,6.249,0.441,25.349
Br66_rep5_Dep6_Tu50,48.065,20.146,2.211,6.919,10.902,0.000,0.016,0.040,0.006,0.001,1.347,0.075,10.272
Br66_rep9_Dep6_Tu20,18.748,44.825,0.171,3.402,8.205,0.000,0.024,0.038,0.602,0.167,3.752,0.214,19.852
Br66_rep8_Dep6_Tu3,2.238,2.380,0.030,0.000,59.571,0.000,0.065,1.019,1.187,0.620,2.937,0.043,29.912
Br66_rep9_Dep6_Tu10,8.286,8.889,0.307,1.047,50.739,0.000,0.195,0.921,0.355,0.218,3.813,0.200,25.030
Br66_rep7_Dep6_Tu2,0.325,57.116,0.053,0.013,6.045,0.009,0.086,0.792,0.706,2.586,4.462,0.304,27.502
Br66_rep6_Dep6_Tu3,1.711,54.843,0.014,0.622,9.009,0.000,0.096,0.722,1.286,0.768,5.180,0.095,25.653
Br66_rep1_Dep6_Tu0.5,0.000,55.447,0.002,0.000,9.523,0.000,0.078,0.740,0.429,1.371,5.570,0.195,26.645
Br66_rep2_Dep6_Tu40,38.801,6.223,2.159,4.562,26.375,0.000,0.345,0.064,0.012,0.093,2.309,0.261,18.796
Br66_rep1_Dep6_Tu2,1.479,54.088,0.004,0.000,11.316,0.000,0.295,0.531,0.747,1.646,4.180,0.212,25.501
Br66_rep8_Dep6_Tu1,0.000,9.693,0.004,0.000,53.303,0.000,0.182,0.695,0.773,0.531,4.392,0.197,30.229
Br66_rep4_Dep6_Tu3,0.729,8.170,1.339,0.164,55.845,0.000,0.193,0.762,0.376,0.724,3.974,0.045,27.680
Br66_rep7_Dep6_Tu40,37.465,1.977,2.878,4.706,37.829,0.000,0.041,0.100,0.122,0.008,1.132,0.113,13.628
Br66_rep7_Dep6_Tu0.5,0.000,56.618,0.001,0.000,8.274,0.000,0.225,0.116,2.027,1.143,4.180,0.088,27.328
Br66_rep2_Dep6_Tu30,31.145,31.369,0.654,4.661,10.645,0.000,0.046,0.119,0.061,0.055,2.803,0.015,18.428
Br66_rep2_Dep6_Tu0.1,0.000,6.201,0.000,0.000,57.734,0.000,0.033,1.064,0.808,0.570,4.034,0.122,29.435
Br66_rep7_Dep6_Tu0.1,0.000,53.591,0.000,0.000,13.078,0.000,0.050,0.557,0.303,0.515,5.029,0.032,26.845
Br66_rep1_Dep6_Tu40,37.137,0.715,0.211,5.392,37.602,0.000,0.021,0.252,0.425,0.182,1.789,0.160,16.114
Br66_rep7_Dep6_Tu5,3.734,55.764,0.035,0.742,7.354,0.000,0.318,0.013,1.258,0.608,4.712,0.338,25.123
Br66_rep4_Dep6_Tu1,0.093,12.916,0.026,0.249,49.690,0.000,0.194,0.057,1.532,1.136,4.497,0.214,29.396
Br66_rep8_Dep6_Tu0.1,0.000,18.082,0.000,0.000,42.687,0.000,0.280,1.386,1.724,1.068,3.495,0.196,31.082
Br66_rep4_Dep6_Tu2,0.558,13.097,0.009,0.000,53.094,0.000,0.132,0.637,0.484,0.427,3.893,0.069,27.601
Br66_rep1_Dep6_Tu0.1,0.000,53.610,0.000,0.000,10.942,0.000,0.148,0.610,0.539,0.361,5.774,0.310,27.705
Br66_rep2_Dep6_Tu10,10.103,45.073,0.292,0.748,15.107,0.000,0.232,0.468,0.298,0.485,3.536,0.266,23.391
Br66_rep4_Dep6_Tu20,20.257,16.529,1.147,2.433,31.584,0.000,0.115,0.938,0.224,0.084,2.436,0.318,23.934
Br66_rep4_Dep6_Tu0.3,0.000,40.027,0.000,0.000,25.833,0.000,0.126,0.298,0.944,0.305,5.085,0.303,27.079
Br66_rep10_Dep6_Tu3,2.407,28.569,0.016,0.001,37.006,0.001,0.262,1.076,0.575,0.807,3.603,0.113,25.564
Br66_rep1_Dep6_Tu20,17.679,9.922,1.141,2.793,40.085,0.000,0.015,0.376,0.996,0.271,3.229,0.461,23.031
Br66_rep6_Dep6_Tu1,0.281,40.319,0.008,0.000,25.688,0.000,0.236,0.817,0.157,0.305,4.689,0.340,27.160
Br66_rep6_Dep6_Tu50,46.593,2.096,2.997,6.373,27.386,0.000,0.006,0.064,0.065,0.015,0.999,0.013,13.393
Br66_rep9_Dep6_Tu3,2.107,7.288,0.057,0.000,55.292,0.000,0.023,1.107,2.205,0.301,4.312,0.093,27.216
Br66_rep3_Dep6_Tu50,47.693,23.657,1.620,6.611,5.009,0.000,0.044,0.090,0.019,0.011,2.555,0.295,12.398
Br66_rep8_Dep6_Tu30,28.004,39.974,0.864,3.936,7.700,0.000,0.239,0.219,0.131,0.061,2.708,0.459,15.703
Br66_rep7_Dep6_Tu20,20.651,40.047,0.166,1.123,15.210,0.000,0.020,0.264,0.147,0.121,2.469,0.040,19.743
Br66_rep3_Dep6_Tu2,0.981,59.638,0.030,0.364,5.382,0.004,0.142,1.088,1.097,0.474,5.477,0.541,24.783
Br66_rep8_Dep6_Tu50,48.130,4.007,1.288,6.128,26.827,0.000,0.091,0.054,0.014,0.002,0.970,0.091,12.397
Br66_rep3_Dep6_Tu3,2.345,38.609,0.091,0.036,26.102,0.000,0.127,1.515,0.597,1.538,4.124,0.203,24.713
Br66_rep3_Dep6_Tu0.3,0.000,60.090,0.009,0.000,5.759,0.000,0.244,0.935,0.229,0.850,5.145,0.452,26.288
Br66_rep8_Dep6_Tu0.3,0.000,55.913,0.000,0.000,9.657,0.000,0.081,0.382,0.515,0.796,6.045,0.202,26.409
Br66_rep3_Dep6_Tu0.1,0.000,11.374,0.000,0.000,53.616,0.000,0.052,0.837,0.256,0.126,5.064,0.153,28.522
Br66_rep10_Dep6_Tu0.3,0.000,41.900,0.000,0.000,21.415,0.000,0.021,0.032,1.084,1.255,6.001,0.243,28.049
Br66_rep2_Dep6_Tu50,48.117,23.229,1.278,7.001,8.931,0.000,0.027,0.013,0.007,0.005,1.418,0.045,9.929
Br66_rep5_Dep6_Tu5,3.969,12.985,0.050,0.156,50.795,0.000,0.034,1.010,0.484,0.694,2.562,0.139,27.124
Br66_rep10_Dep6_Tu20,18.238,10.773,0.463,2.669,39.827,0.000,0.164,0.711,0.457,0.482,2.587,0.398,23.231
Br66_rep7_Dep6_Tu30,29.825,35.940,2.611,3.015,8.823,0.000,0.174,0.084,0.167,0.033,1.756,0.047,17.526
Br66_rep9_Dep6_Tu30,28.817,3.453,1.941,3.217,40.113,0.000,0.218,0.017,0.257,0.125,2.046,0.247,19.547
Br66_rep5_Dep6_Tu40,39.229,13.441,1.235,4.283,21.453,0.000,0.318,0.269,0.294,0.017,2.231,0.157,17.073
Br66_rep8_Dep6_Tu10,11.460,13.805,0.011,0.794,37.554,0.000,0.192,0.738,1.345,0.420,4.284,0.260,29.136
Br66_rep9_Dep6_Tu50,48.247,20.947,2.173,6.560,10.202,0.000,0.020,0.007,0.038,0.007,0.368,0.049,11.382
Br66_rep2_Dep6_Tu0.3,0.000,3.324,0.000,0.000,58.499,0.000,0.015,1.071,0.522,0.690,3.364,0.041,32.472
Br66_rep1_Dep6_Tu10,8.203,13.000,0.301,1.095,46.363,0.000,0.081,0.443,1.122,0.640,3.052,0.206,25.493
Cer77_rep9_Dep6_Tu3,0.000,6.946,5.436,0.000,51.306,0.000,0.136,1.422,2.078,0.563,5.477,0.182,26.455
Cer77_rep5_Dep6_Tu30,0.016,17.851,59.966,0.030,0.342,0.405,0.434,4.229,2.359,0.605,3.553,0.444,9.767
Cer77_rep3_Dep6_Tu30,0.020,18.345,63.786,0.008,1.243,0.000,0.857,1.750,0.582,0.183,3.922,0.392,8.913
Cer77_rep8_Dep6_Tu50,0.012,0.000,87.322,0.022,0.001,0.000,1.104,7.475,2.083,0.147,0.897,0.874,0.064
Cer77_rep1_Dep6_Tu1,0.000,17.099,0.651,0.000,44.396,0.000,0.178,1.828,0.198,1.533,5.029,0.487,28.601
Cer77_rep7_Dep6_Tu3,0.000,12.270,6.223,0.029,47.441,0.000,0.074,1.219,1.134,0.236,4.653,0.220,26.501
Cer77_rep10_Dep6_Tu2,0.021,34.199,5.486,0.000,22.702,0.021,0.689,0.354,0.639,0.485,4.591,0.772,30.042
Cer77_rep2_Dep6_Tu0.5,0.000,60.016,0.263,0.000,3.677,0.008,0.182,0.271,0.510,1.323,6.345,0.573,26.832
Cer77_rep3_Dep6_Tu20,0.024,26.389,44.775,0.005,5.991,0.079,0.339,1.564,0.591,0.952,3.737,0.170,15.382
Cer77_rep1_Dep6_Tu2,0.009,51.725,4.410,0.000,10.591,0.000,0.551,1.198,0.004,1.958,4.401,0.368,24.785
Cer77_rep2_Dep6_Tu5,0.000,2.793,9.665,0.129,51.970,0.000,0.096,0.486,1.518,1.603,2.939,0.020,28.781
Cer77_rep5_Dep6_Tu0.5,0.000,52.916,0.809,0.000,13.669,0.000,0.258,0.276,0.580,0.366,4.652,0.170,26.305
Cer77_rep2_Dep6_Tu50,0.033,0.001,90.528,0.059,0.001,0.002,1.707,3.965,2.351,0.013,0.710,0.558,0.072
Cer77_rep9_Dep6_Tu0.5,0.000,52.907,0.979,0.000,14.134,0.000,0.066,0.418,0.427,0.658,4.920,0.104,25.387
Cer77_rep4_Dep6_Tu10,0.001,37.565,23.872,0.000,10.492,0.000,0.217,0.702,0.553,0.855,5.629,0.069,20.044
Cer77_rep9_Dep6_Tu20,0.001,30.775,44.896,0.007,0.513,0.018,0.401,3.710,0.162,0.428,3.458,0.760,14.871
Cer77_rep3_Dep6_Tu10,0.001,45.148,23.537,0.001,1.327,0.000,0.509,0.938,0.913,1.176,4.419,0.580,21.450
Cer77_rep6_Dep6_Tu5,0.000,50.873,11.465,0.001,3.781,0.004,0.253,1.348,0.997,1.338,4.739,0.325,24.879
Cer77_rep5_Dep6_Tu1,0.000,28.716,1.426,0.000,35.749,0.000,0.085,0.441,0.766,0.612,5.719,0.184,26.302
Cer77_rep5_Dep6_Tu0.3,0.000,16.820,0.047,0.000,46.973,0.000,0.009,0.531,1.421,0.557,5.145,0.070,28.429
Cer77_rep4_Dep6_Tu50,0.118,0.000,87.634,0.003,0.000,0.240,0.959,5.583,3.742,0.032,1.151,0.535,0.002
Cer77_rep6_Dep6_Tu0.3,0.000,8.447,0.001,0.000,55.291,0.000,0.041,1.076,0.865,0.261,6.252,0.054,27.711
Cer77_rep4_Dep6_Tu40,0.013,6.313,75.426,0.025,0.495,0.001,1.271,4.040,0.382,1.840,2.926,0.341,6.926
Cer77_rep10_Dep6_Tu5,0.002,49.889,11.938,0.001,3.878,0.005,0.560,0.961,2.104,0.853,4.892,0.176,24.741
Cer77_rep3_Dep6_Tu1,0.000,13.414,1.659,0.000,49.698,0.000,0.165,0.366,0.516,0.319,4.850,0.191,28.822
Cer77_rep8_Dep6_Tu40,0.107,6.588,74.992,0.007,0.903,0.224,1.611,4.335,1.554,0.183,1.928,0.546,7.022
Cer77_rep7_Dep6_Tu0.3,0.000,49.211,0.519,0.000,17.020,0.000,0.141,0.199,0.491,0.918,4.740,0.084,26.678
Cer77_rep3_Dep6_Tu0.1,0.000,11.225,0.011,0.000,53.808,0.000,0.051,0.705,0.223,0.357,4.874,0.152,28.594
Cer77_rep4_Dep6_Tu0.3,0.000,39.272,0.500,0.000,26.053,0.000,0.088,0.418,0.875,0.468,4.974,0.231,27.120
Cer77_rep6_Dep6_Tu2,0.000,14.428,6.327,0.000,43.781,0.000,0.089,0.829,0.787,0.264,4.665,0.210,28.620
Cer77_rep6_Dep6_Tu20,0.001,30.231,45.780,0.023,1.377,0.125,0.872,1.984,1.166,0.202,2.308,0.528,15.405
Cer77_rep9_Dep6_Tu40,0.008,0.628,74.571,0.014,4.551,0.136,1.838,4.342,1.340,0.480,3.195,0.721,8.177
Cer77_rep6_Dep6_Tu40,0.006,8.292,74.921,0.102,0.338,0.010,0.505,0.953,1.964,1.632,4.130,0.539,6.608
Cer77_rep8_Dep6_Tu5,0.000,13.270,12.599,0.001,39.436,0.000,0.169,0.964,1.195,0.980,3.203,0.515,27.670
Cer77_rep5_Dep6_Tu50,0.012,0.110,86.618,0.004,0.000,0.503,1.166,7.212,0.468,0.586,2.829,0.328,0.165
