Sample,BRCA,CEAD,CESC,COAD,OV,READ,bcell,cd4tcell,cd8tcell,erythroblast,monocyte,naturalkillercell,neutrophil,Unknown-1
Colo_rep2_Dep6_Tu0.5,0.000,14.160,0.001,0.000,50.777,0.000,0.037,0.225,0.085,0.212,5.712,0.383,28.388,0.019
Colo_rep2_Dep6_Tu50,0.000,6.810,0.182,0.000,27.656,36.098,1.304,3.158,1.298,0.758,6.168,1.328,8.268,6.972
Colo_rep6_Dep6_Tu1,0.000,28.914,0.000,0.000,36.403,0.002,0.190,0.361,0.010,0.518,4.375,0.260,28.868,0.098
Colo_rep3_Dep6_Tu2,0.000,63.776,0.001,0.000,3.711,0.777,0.052,0.758,0.182,0.314,4.900,0.624,24.860,0.044
Colo_rep7_Dep6_Tu2,0.000,57.101,0.000,0.000,6.986,1.098,0.029,0.408,0.351,0.953,4.607,0.279,27.754,0.435
Colo_rep8_Dep6_Tu0.1,0.000,42.208,0.000,0.000,21.039,0.000,0.122,1.355,0.110,0.585,4.180,0.402,29.992,0.005
Colo_rep10_Dep6_Tu2,0.000,17.095,0.011,0.000,49.262,0.368,0.092,0.499,0.024,1.271,4.375,0.271,26.717,0.014
Colo_rep6_Dep6_Tu3,0.000,54.408,0.047,0.000,9.321,1.641,0.599,0.750,0.356,0.530,4.859,0.110,27.308,0.073
Colo_rep9_Dep6_Tu30,0.001,3.368,0.077,0.000,41.613,21.049,0.459,1.705,2.258,1.990,5.930,0.376,17.017,4.158
Colo_rep9_Dep6_Tu0.5,0.000,16.325,0.001,0.000,50.100,0.000,0.005,0.469,0.218,0.127,4.337,0.031,28.274,0.115
Colo_rep6_Dep6_Tu20,0.000,43.535,0.018,0.000,11.326,14.969,0.344,0.652,1.899,0.114,4.802,0.576,21.242,0.524
Colo_rep8_Dep6_Tu30,0.030,11.252,0.387,0.000,40.063,20.844,0.872,2.559,1.268,0.258,4.501,0.201,14.990,2.776
Colo_rep3_Dep6_Tu5,0.000,24.839,0.021,0.000,38.220,3.148,0.162,1.153,0.144,0.508,2.576,0.178,28.727,0.324
Colo_rep4_Dep6_Tu3,0.002,4.941,0.001,0.000,57.472,1.580,0.041,0.263,0.526,0.509,4.302,0.021,29.649,0.694
Colo_rep2_Dep6_Tu10,0.000,14.833,0.004,0.000,44.238,7.179,0.174,0.607,0.002,0.412,5.436,0.919,24.703,1.492
Colo_rep3_Dep6_Tu40,0.007,2.121,0.145,0.000,38.194,29.038,0.881,1.576,1.866,0.951,5.502,0.620,15.156,3.942
Colo_rep3_Dep6_Tu30,0.036,15.963,0.243,0.000,33.990,21.826,0.155,0.788,0.659,0.702,7.569,0.249,14.301,3.519
Colo_rep6_Dep6_Tu30,0.001,32.998,0.091,0.000,11.728,22.236,0.131,1.435,3.630,0.879,5.884,0.079,19.106,1.802
Colo_rep4_Dep6_Tu50,0.001,23.471,1.373,0.000,9.387,36.842,0.689,5.875,0.213,1.796,4.889,0.503,10.538,4.425
Colo_rep5_Dep6_Tu50,0.000,9.392,0.541,0.000,27.677,36.383,0.865,3.100,1.124,1.097,6.876,1.329,8.641,2.973
Colo_rep6_Dep6_Tu2,0.000,45.157,0.011,0.000,19.733,0.964,0.087,0.632,0.324,0.687,4.049,0.200,27.874,0.283
Colo_rep10_Dep6_Tu50,0.040,22.095,0.628,0.000,13.132,36.441,0.708,4.470,1.484,1.684,5.010,0.666,9.160,4.483
Colo_rep7_Dep6_Tu50,0.002,25.230,0.610,0.000,11.315,36.438,0.951,3.402,2.014,1.691,6.327,0.230,10.020,1.771
Colo_rep9_Dep6_Tu40,0.003,7.745,0.605,0.000,31.451,28.249,0.652,2.799,2.741,0.715,5.434,0.410,13.791,5.405
Colo_rep8_Dep6_Tu5,0.000,47.628,0.029,0.047,14.544,3.015,0.019,0.853,0.677,0.677,3.661,0.389,27.644,0.817
Colo_rep1_Dep6_Tu20,0.000,36.554,0.343,0.000,14.630,14.808,0.023,1.840,1.903,0.355,4.945,0.329,21.750,2.521
Colo_rep9_Dep6_Tu2,0.000,23.898,0.001,0.000,42.839,0.872,0.032,0.325,0.206,0.394,4.163,0.297,26.467,0.506
Colo_rep5_Dep6_Tu30,0.000,37.546,0.155,0.000,9.122,21.161,1.116,2.133,1.467,2.063,6.792,0.311,14.782,3.352
Colo_rep4_Dep6_Tu0.1,0.000,59.041,0.000,0.000,5.960,0.000,0.065,0.389,0.108,0.232,4.972,0.298,28.876,0.059
Colo_rep5_Dep6_Tu0.1,0.000,15.814,0.000,0.000,49.431,0.000,0.088,0.553,0.375,0.400,4.879,0.089,28.361,0.011
Colo_rep9_Dep6_Tu3,0.000,9.144,0.021,0.000,54.326,1.175,0.081,0.778,1.536,0.638,4.261,0.114,27.764,0.163
Colo_rep2_Dep6_Tu0.1,0.000,6.678,0.000,0.000,57.956,0.000,0.014,1.137,0.460,0.320,3.247,0.076,30.061,0.050
Colo_rep8_Dep6_Tu10,0.002,38.426,0.059,0.000,16.735,6.850,1.318,2.034,0.617,0.763,4.635,0.303,27.304,0.952
Colo_rep4_Dep6_Tu30,0.009,6.254,0.270,0.000,41.263,21.569,0.126,2.188,2.729,0.233,6.322,0.741,14.931,3.365
Colo_rep2_Dep6_Tu2,0.000,57.274,0.001,0.000,8.570,0.770,0.127,0.069,0.442,0.989,4.361,0.125,27.093,0.179
Colo_rep1_Dep6_Tu5,0.000,54.559,0.004,0.000,10.274,2.833,0.291,0.129,0.700,1.510,4.754,0.098,24.812,0.038
Colo_rep8_Dep6_Tu50,0.002,25.772,1.597,0.000,8.748,36.607,0.436,5.504,0.461,1.193,5.548,0.456,9.993,3.683
Colo_rep5_Dep6_Tu5,0.000,50.237,0.002,0.000,14.347,3.033,0.064,0.225,0.842,0.885,2.885,0.224,26.795,0.460
Colo_rep6_Dep6_Tu50,0.000,20.966,1.675,0.000,12.264,36.670,0.321,4.307,0.715,1.950,5.711,0.633,11.532,3.256
Colo_rep5_Dep6_Tu0.5,0.000,16.463,0.000,0.000,48.935,0.000,0.050,0.123,0.271,0.232,4.288,0.093,29.442,0.103
Colo_rep4_Dep6_Tu20,0.000,27.993,0.008,0.000,20.221,14.163,0.132,2.617,0.788,2.648,3.762,0.576,24.957,2.133
Colo_rep8_Dep6_Tu40,0.000,9.044,0.527,0.000,35.935,28.191,0.549,3.375,0.427,0.841,4.880,0.383,10.626,5.222
Colo_rep7_Dep6_Tu0.3,0.000,18.929,0.000,0.000,46.359,0.000,0.014,0.107,0.273,0.365,4.383,0.049,29.424,0.097
Colo_rep7_Dep6_Tu30,0.000,9.982,0.234,0.000,37.310,21.741,0.520,2.231,0.710,0.809,5.016,1.096,17.090,3.261
Colo_rep10_Dep6_Tu20,0.003,32.422,0.149,0.000,13.681,14.730,0.655,1.392,3.787,0.676,5.110,0.341,24.990,2.064
Colo_rep9_Dep6_Tu10,0.000,8.010,0.010,0.000,48.829,6.522,0.138,0.189,1.032,0.943,5.263,0.179,26.592,2.293
Colo_rep9_Dep6_Tu0.1,0.000,48.240,0.000,0.000,16.781,0.000,0.066,0.482,0.837,0.543,3.694,0.178,29.175,0.004
Colo_rep10_Dep6_Tu0.3,0.000,45.039,0.000,0.000,20.025,0.000,0.040,0.246,0.676,0.514,3.973,0.051,29.279,0.156
Colo_rep8_Dep6_Tu20,0.000,6.327,0.584,0.000,46.033,13.959,0.186,0.763,2.399,1.127,4.042,0.412,22.178,1.990
Colo_rep3_Dep6_Tu3,0.000,23.566,0.053,0.000,38.896,1.748,0.045,1.046,1.311,0.803,4.430,0.150,26.887,1.065
Colo_rep4_Dep6_Tu2,0.000,10.553,0.017,0.000,55.017,0.524,0.143,0.452,0.286,0.594,3.507,0.045,28.789,0.074
Colo_rep10_Dep6_Tu0.1,0.000,49.021,0.000,0.000,15.154,0.000,0.179,0.327,0.656,0.738,4.337,0.269,29.310,0.008
Colo_rep4_Dep6_Tu0.3,0.000,27.119,0.000,0.000,38.715,0.000,0.087,0.217,0.467,0.381,4.239,0.133,28.593,0.050
Colo_rep9_Dep6_Tu0.3,0.000,8.329,0.000,0.000,54.907,0.000,0.030,0.221,0.459,0.376,5.493,0.194,29.948,0.043
Colo_rep1_Dep6_Tu10,0.002,53.291,0.099,0.000,7.228,6.871,0.415,0.650,0.832,1.447,3.727,0.449,23.320,1.669
Colo_rep6_Dep6_Tu0.3,0.000,6.469,0.001,0.000,57.357,0.000,0.029,0.958,0.558,0.151,5.458,0.042,28.969,0.007
Colo_rep6_Dep6_Tu0.5,0.000,49.916,0.008,0.000,15.756,0.000,0.069,0.071,0.757,1.300,3.745,0.069,28.200,0.109
Colo_rep10_Dep6_Tu10,0.000,40.151,0.053,0.000,18.311,6.960,0.221,2.158,1.153,0.417,4.028,0.320,24.694,1.535
Colo_rep10_Dep6_Tu1,0.000,47.531,0.002,0.000,16.536,0.000,0.102,0.470,0.439,1.722,3.743,0.558,28.864,0.032
Colo_rep10_Dep6_Tu5,0.000,9.331,0.114,0.000,52.369,3.177,0.079,1.241,1.198,1.023,3.647,0.071,26.463,1.289
Colo_rep10_Dep6_Tu40,0.020,11.685,1.218,0.001,31.048,28.987,0.467,3.705,1.295,0.124,5.686,0.612,12.481,2.671
Colo_rep10_Dep6_Tu0.5,0.000,55.532,0.001,0.000,11.776,0.000,0.099,0.026,0.874,0.650,3.191,0.179,27.618,0.054
Colo_rep1_Dep6_Tu1,0.000,50.947,0.000,0.000,13.210,0.006,0.115,0.118,1.025,1.687,4.285,0.196,28.376,0.035
Colo_rep7_Dep6_Tu20,0.000,10.912,0.076,0.000,45.742,14.071,0.254,1.083,0.605,0.468,5.787,0.068,19.387,1.547
Colo_rep6_Dep6_Tu10,0.000,11.778,0.766,0.000,49.683,6.723,0.047,0.546,0.254,0.504,3.446,0.194,24.454,1.604
Colo_rep10_Dep6_Tu3,0.000,13.207,0.020,0.000,48.672,1.512,0.023,0.650,0.534,0.350,5.003,0.113,28.826,1.090
Colo_rep1_Dep6_Tu30,0.000,8.732,0.411,0.000,37.310,22.014,0.274,1.795,1.107,0.929,5.467,1.114,18.167,2.679
Colo_rep1_Dep6_Tu0.1,0.000,13.796,0.003,0.000,48.751,0.000,0.225,0.479,0.320,0.240,5.127,0.187,30.835,0.036
Colo_rep7_Dep6_Tu5,0.002,55.690,0.011,0.000,9.184,3.114,0.242,0.602,0.376,0.135,4.869,0.302,25.177,0.297
Colo_rep7_Dep6_Tu0.1,0.000,15.129,0.000,0.000,49.459,0.000,0.005,0.380,0.246,0.088,4.656,0.009,29.876,0.153
Colo_rep6_Dep6_Tu40,0.000,14.009,0.232,0.000,30.354,28.541,0.100,0.892,2.164,1.490,6.692,0.424,10.564,4.538
Colo_rep8_Dep6_Tu2,0.000,11.507,0.007,0.000,51.323,0.521,0.127,0.545,0.408,0.931,4.199,0.302,29.875,0.255
Colo_rep7_Dep6_Tu0.5,0.000,53.878,0.000,0.000,12.253,0.000,0.181,0.165,0.120,1.088,4.218,0.202,27.894,0.001
Colo_rep5_Dep6_Tu20,0.005,40.901,0.093,0.000,10.094,14.680,0.500,1.748,1.706,1.246,5.275,0.831,22.065,0.856
Colo_rep8_Dep6_Tu0.3,0.000,8.467,0.000,0.000,54.544,0.000,0.021,0.385,0.596,0.288,5.417,0.111,29.927,0.245
Colo_rep4_Dep6_Tu5,0.000,47.568,0.003,0.000,14.347,3.025,0.015,0.479,0.715,1.374,5.031,0.108,27.098,0.236
Colo_rep9_Dep6_Tu1,0.000,18.353,0.003,0.000,46.972,0.000,0.514,0.918,0.053,0.149,5.114,0.088,27.786,0.050
Colo_rep1_Dep6_Tu0.5,0.000,56.887,0.000,0.000,8.801,0.000,0.085,0.398,0.563,0.971,4.516,0.043,27.604,0.133
Colo_rep8_Dep6_Tu3,0.000,1.285,0.019,0.000,60.838,1.523,0.089,0.877,0.666,0.949,2.703,0.063,30.829,0.158
Colo_rep5_Dep6_Tu0.3,0.000,50.473,0.000,0.000,15.198,0.000,0.007,0.498,0.569,0.521,4.488,0.079,28.143,0.024
Colo_rep2_Dep6_Tu30,0.000,8.055,0.228,0.000,39.145,21.900,0.635,2.956,0.106,0.693,5.804,0.527,17.936,2.016
Colo_rep7_Dep6_Tu10,0.000,13.721,0.006,0.000,48.980,6.717,0.102,0.206,0.869,0.603,4.594,0.064,23.422,0.717
Colo_rep2_Dep6_Tu40,0.000,31.855,0.821,0.000,5.988,29.838,1.198,2.636,2.126,0.806,6.206,0.721,14.630,3.174
Colo_rep3_Dep6_Tu0.1,0.000,8.525,0.000,0.000,55.563,0.000,0.027,0.728,0.179,0.145,4.617,0.091,30.013,0.113
Colo_rep3_Dep6_Tu1,0.000,14.159,0.000,0.000,50.721,0.000,0.056,0.317,0.268,0.081,4.218,0.118,29.842,0.220
Colo_rep8_Dep6_Tu1,0.000,7.990,0.001,0.000,56.257,0.016,0.090,0.413,0.725,0.126,3.801,0.120,30.429,0.033
Colo_rep4_Dep6_Tu1,0.001,54.235,0.018,0.000,9.673,0.364,0.129,0.650,0.578,1.808,3.158,0.104,29.253,0.029
Colo_rep5_Dep6_Tu40,0.002,23.267,0.275,0.000,16.492,29.538,0.413,2.715,3.261,0.645,5.761,0.557,13.716,3.358
Colo_rep5_Dep6_Tu10,0.000,7.900,0.111,0.000,49.472,6.496,0.091,0.780,1.097,0.827,5.847,0.384,25.610,1.385
Colo_rep2_Dep6_Tu0.3,0.000,1.541,0.000,0.000,61.331,0.000,0.010,0.023,0.211,0.669,3.111,0.066,33.011,0.027
Colo_rep10_Dep6_Tu30,0.000,13.479,0.315,0.000,33.336,22.033,0.261,1.718,0.846,1.213,5.580,0.843,16.289,4.086
Colo_rep1_Dep6_Tu40,0.314,1.793,0.160,0.000,39.946,29.185,0.223,0.525,4.330,0.665,5.045,0.266,14.346,3.202
Colo_rep6_Dep6_Tu0.1,0.000,57.846,0.000,0.000,7.208,0.000,0.090,0.566,0.501,0.196,5.157,0.017,28.403,0.017
Colo_rep7_Dep6_Tu40,0.000,2.767,0.413,0.000,35.582,29.092,0.719,4.697,1.096,0.956,4.411,0.722,14.409,5.137
Colo_rep1_Dep6_Tu50,0.003,7.348,1.005,0.001,23.414,36.858,1.228,3.722,2.574,1.936,4.366,1.636,11.885,4.026
Colo_rep1_Dep6_Tu0.3,0.000,64.794,0.000,0.000,2.691,0.000,0.022,0.496,0.039,0.175,5.506,0.312,25.922,0.042
Colo_rep9_Dep6_Tu20,0.000,51.300,0.034,0.000,4.906,13.978,0.420,0.036,1.339,1.597,5.546,0.515,18.371,1.958
Colo_rep4_Dep6_Tu10,0.000,14.595,0.011,0.000,46.857,6.480,0.053,0.060,0.348,1.311,4.741,0.039,23.917,1.587
Colo_rep6_Dep6_Tu5,0.000,56.366,0.000,0.000,7.188,3.086,0.024,0.332,0.536,1.153,5.033,0.223,26.025,0.034
Colo_rep9_Dep6_Tu5,0.000,39.301,0.237,0.000,24.861,3.066,0.096,0.279,0.667,0.994,4.802,0.177,25.110,0.411
Colo_rep3_Dep6_Tu50,0.004,27.743,0.109,0.000,8.867,36.537,0.905,3.472,1.254,0.939,6.922,0.268,8.617,4.362
Colo_rep5_Dep6_Tu1,0.000,41.999,0.002,0.000,26.015,0.001,0.017,0.036,0.729,0.596,4.386,0.070,26.047,0.103
Colo_rep5_Dep6_Tu3,0.000,14.598,0.053,0.000,49.373,1.683,0.097,0.312,0.223,0.820,4.082,0.105,28.523,0.130
Colo_rep2_Dep6_Tu1,0.000,27.328,0.003,0.000,35.849,0.000,0.029,0.248,0.373,0.757,6.393,0.157,28.824,0.037
Colo_rep7_Dep6_Tu1,0.000,20.512,0.000,0.000,46.485,0.000,0.028,0.316,0.144,0.136,5.091,0.178,27.042,0.067
Colo_rep5_Dep6_Tu2,0.000,46.588,0.006,0.000,16.551,0.849,0.032,0.307,0.956,1.042,3.131,0.185,30.013,0.339
Colo_rep4_Dep6_Tu40,0.000,13.732,0.689,0.000,27.513,28.745,0.287,0.989,1.931,3.327,5.961,0.506,11.577,4.742
Colo_rep2_Dep6_Tu20,0.000,51.677,0.055,0.000,4.376,14.159,0.499,0.996,1.444,0.743,4.615,0.587,19.103,1.746
Colo_rep4_Dep6_Tu0.5,0.000,55.102,0.001,0.000,8.149,0.021,0.218,0.150,0.542,2.061,3.459,0.067,30.120,0.110
Colo_rep2_Dep6_Tu5,0.004,1.873,0.006,0.000,59.303,2.493,0.024,0.815,0.769,1.199,2.126,0.083,30.507,0.797
Colo_rep2_Dep6_Tu3,0.000,27.147,0.006,0.000,37.502,1.535,0.021,0.027,0.362,1.241,5.397,0.246,26.501,0.016
Colo_rep3_Dep6_Tu10,0.000,50.397,0.012,0.000,7.859,7.635,0.376,0.402,0.737,0.529,5.594,0.353,24.602,1.503
Colo_rep8_Dep6_Tu0.5,0.000,61.066,0.001,0.000,5.269,0.000,0.103,0.502,0.372,0.403,4.710,0.245,27.248,0.081
Colo_rep7_Dep6_Tu3,0.000,50.492,0.011,0.000,15.242,1.494,0.038,0.791,0.354,0.910,3.583,0.209,25.985,0.890
Colo_rep3_Dep6_Tu0.5,0.000,7.204,0.001,0.000,57.238,0.000,0.027,0.953,0.396,0.245,5.355,0.059,28.512,0.009
Colo_rep3_Dep6_Tu20,0.001,8.555,0.094,0.000,44.997,14.244,0.238,0.788,1.246,0.984,5.707,0.191,20.652,2.301
Colo_rep1_Dep6_Tu2,0.016,16.157,0.002,0.000,49.088,0.554,0.118,0.022,0.274,1.979,3.752,0.183,27.054,0.802
Colo_rep9_Dep6_Tu50,0.001,7.498,0.098,0.000,28.307,36.954,0.528,1.705,3.304,0.320,5.455,0.308,8.577,6.946
Colo_rep3_Dep6_Tu0.3,0.000,60.765,0.000,0.000,5.255,0.000,0.084,0.390,0.460,0.298,4.699,0.214,27.347,0.487
Colo_rep1_Dep6_Tu3,0.000,58.753,0.005,0.000,5.351,1.480,0.181,0.206,0.603,0.636,5.673,0.325,25.612,1.174
Br62_rep5_Dep6_Tu0.5,0.000,16.167,0.000,0.000,48.113,0.000,0.034,0.655,0.098,0.077,4.240,0.081,29.379,1.155
Br62_rep5_Dep6_Tu3,0.112,12.425,0.695,0.000,45.954,0.002,0.369,1.299,0.529,0.363,4.030,0.163,26.133,7.925
Br62_rep6_Dep6_Tu30,14.225,16.829,1.951,2.430,0.782,0.009,1.099,2.031,6.326,3.445,3.820,0.490,6.007,40.556
Br62_rep7_Dep6_Tu20,8.161,6.639,2.250,0.771,26.355,0.156,0.668,3.690,0.047,2.515,4.428,0.681,9.428,34.211
Br62_rep2_Dep6_Tu40,20.497,4.729,2.420,5.325,0.049,0.000,2.020,8.636,1.559,2.008,2.413,1.225,2.413,46.706
Br62_rep8_Dep6_Tu0.5,0.000,60.525,0.000,0.000,4.895,0.000,0.103,0.572,0.598,0.348,4.710,0.241,26.830,1.177
Br62_rep5_Dep6_Tu2,0.001,44.587,0.012,0.000,12.225,0.046,0.114,1.005,2.028,1.113,3.060,0.006,28.823,6.980
Br62_rep4_Dep6_Tu50,26.549,0.002,1.641,7.091,0.000,0.000,1.129,5.285,6.076,0.233,0.074,0.668,0.001,51.253
Br62_rep8_Dep6_Tu40,18.503,0.089,2.808,4.962,0.530,0.022,1.417,7.602,2.269,4.291,0.984,0.939,0.017,55.568
Br62_rep7_Dep6_Tu2,0.002,56.416,0.001,0.000,6.380,0.000,0.060,0.780,0.814,0.646,4.924,0.156,26.810,3.010
Br62_rep9_Dep6_Tu40,19.080,0.031,3.369,3.955,0.452,0.002,2.071,7.879,0.776,2.990,1.668,2.067,0.379,55.282
Br62_rep10_Dep6_Tu2,0.001,15.952,0.002,0.000,46.803,0.000,0.202,0.087,1.501,0.790,4.340,0.176,27.493,2.652
Br62_rep6_Dep6_Tu10,3.100,7.950,1.369,0.199,40.843,0.104,0.356,2.579,1.544,1.234,2.518,0.699,19.195,18.309
Br62_rep2_Dep6_Tu2,0.001,56.920,0.001,0.000,3.201,0.000,0.355,0.055,0.472,2.224,4.268,0.195,27.405,4.903
Br62_rep9_Dep6_Tu5,0.727,37.488,0.641,0.007,19.314,0.002,0.321,0.903,1.009,1.216,4.962,0.295,21.688,11.426
Br62_rep6_Dep6_Tu40,18.734,0.656,2.859,5.153,0.035,0.000,1.203,8.491,0.017,4.714,3.130,1.308,0.402,53.299
Br62_rep4_Dep6_Tu20,9.094,18.882,2.132,0.755,7.175,0.014,1.151,5.344,0.727,2.585,2.987,1.030,11.108,37.016
Br62_rep9_Dep6_Tu1,0.000,17.070,0.007,0.000,44.958,0.000,0.258,0.786,0.501,0.647,5.428,0.002,27.059,3.283
Br62_rep1_Dep6_Tu0.3,0.000,64.377,0.000,0.000,2.978,0.000,0.024,0.657,0.174,0.061,5.593,0.313,25.647,0.176
Br62_rep3_Dep6_Tu5,0.422,25.670,0.224,0.000,34.688,0.005,0.204,0.443,1.090,1.525,2.020,0.360,25.232,8.117
Br62_rep9_Dep6_Tu50,25.925,0.000,2.061,7.552,0.001,0.000,1.846,7.811,1.394,0.404,0.017,0.517,0.000,52.473
Br62_rep5_Dep6_Tu30,12.160,20.260,1.004,4.234,0.347,0.002,1.818,2.375,6.223,3.687,3.262,0.392,5.749,38.485
Br62_rep9_Dep6_Tu0.5,0.000,16.469,0.003,0.000,49.058,0.000,0.007,0.503,0.349,0.149,4.406,0.028,28.194,0.835
Br62_rep1_Dep6_Tu20,8.325,25.966,1.403,1.908,2.828,0.240,0.185,1.036,5.104,3.243,3.121,0.759,14.863,31.022
Br62_rep4_Dep6_Tu2,0.001,10.111,0.021,0.000,53.373,0.000,0.182,0.894,0.668,0.383,3.488,0.030,28.550,2.300
Br62_rep8_Dep6_Tu3,0.028,0.621,0.340,0.000,56.668,0.000,0.068,0.941,1.890,1.200,2.495,0.028,28.830,6.892
Br62_rep2_Dep6_Tu5,0.771,0.590,0.489,0.003,52.770,0.000,0.051,2.001,0.716,1.641,2.082,0.084,27.019,11.782
Br62_rep2_Dep6_Tu1,0.003,27.310,0.120,0.000,34.757,0.000,0.029,0.172,0.774,0.603,6.406,0.103,29.337,0.387
Br62_rep8_Dep6_Tu1,0.000,6.843,0.016,0.000,55.390,0.000,0.071,0.461,0.848,0.327,3.957,0.194,30.927,0.966
Br62_rep10_Dep6_Tu0.1,0.000,49.128,0.000,0.000,15.009,0.000,0.217,0.733,0.224,0.926,4.068,0.308,29.375,0.011
Br62_rep3_Dep6_Tu40,20.696,0.084,2.403,4.356,1.150,0.000,1.829,7.223,4.800,2.134,1.166,1.107,1.202,51.850
Br62_rep8_Dep6_Tu0.3,0.000,9.810,0.000,0.000,52.631,0.000,0.036,0.129,0.640,0.307,5.624,0.179,29.400,1.243
Br62_rep4_Dep6_Tu0.5,0.000,52.276,0.002,0.000,11.839,0.000,0.117,0.509,0.297,1.257,3.546,0.087,29.182,0.888
Br62_rep6_Dep6_Tu50,24.845,0.002,2.010,7.629,0.000,0.000,1.149,8.198,3.608,1.626,0.127,0.449,0.001,50.357
Br62_rep7_Dep6_Tu0.1,0.000,15.956,0.000,0.000,48.722,0.000,0.006,0.716,0.017,0.125,4.416,0.015,29.853,0.174
Br62_rep9_Dep6_Tu30,13.313,0.835,4.274,1.530,14.026,0.490,0.959,2.508,5.849,1.586,4.395,0.999,4.235,45.001
Br62_rep6_Dep6_Tu20,8.735,34.243,0.599,2.274,4.046,0.062,0.876,1.870,5.073,0.729,3.679,0.456,13.301,24.056
Br62_rep5_Dep6_Tu5,0.749,47.490,0.289,0.000,10.174,0.004,0.014,1.271,2.222,1.501,2.614,0.173,23.538,9.961
Br62_rep4_Dep6_Tu40,19.629,0.059,3.450,3.632,0.457,0.000,1.000,5.206,4.309,6.425,1.622,0.699,0.318,53.194
Br62_rep8_Dep6_Tu0.1,0.000,42.075,0.000,0.000,20.905,0.000,0.129,1.320,0.996,0.318,3.839,0.216,30.198,0.004
Br62_rep1_Dep6_Tu40,20.685,0.028,1.395,5.409,1.577,0.000,1.344,7.454,3.169,3.877,1.535,1.397,2.948,49.181
Br62_rep3_Dep6_Tu30,12.826,7.394,4.059,3.122,7.631,0.016,1.214,3.711,2.596,4.218,3.608,0.842,5.247,43.515
Br62_rep7_Dep6_Tu0.5,0.000,53.814,0.000,0.000,12.327,0.000,0.097,0.464,0.516,0.646,4.105,0.130,27.867,0.035
Br62_rep1_Dep6_Tu10,3.078,47.451,1.567,0.466,3.924,0.027,0.574,1.202,1.735,2.522,3.004,0.342,19.808,14.300
Br62_rep10_Dep6_Tu20,11.675,23.896,0.920,1.033,2.304,0.019,1.099,5.985,0.983,2.474,3.988,0.778,16.069,28.778
Br62_rep1_Dep6_Tu5,0.373,51.473,1.017,0.029,4.722,0.191,0.296,0.408,1.912,2.173,4.842,0.221,22.049,10.295
Br62_rep3_Dep6_Tu50,26.176,0.142,3.087,6.826,0.001,0.000,1.286,5.976,4.625,2.809,1.045,1.038,0.038,46.951
Br62_rep1_Dep6_Tu3,0.364,57.263,0.153,0.085,3.720,0.000,0.428,1.106,0.315,0.655,5.530,0.396,23.122,6.863
Br62_rep7_Dep6_Tu30,14.411,0.280,1.697,3.499,15.743,0.000,0.904,2.885,4.219,2.919,3.450,0.730,4.765,44.498
Br62_rep6_Dep6_Tu1,0.000,28.182,0.009,0.000,35.468,0.000,0.094,0.220,0.545,0.292,4.155,0.198,28.510,2.326
Br62_rep1_Dep6_Tu0.5,0.000,56.616,0.470,0.000,8.177,0.000,0.106,0.741,0.351,0.498,4.933,0.096,27.740,0.272
Br62_rep1_Dep6_Tu0.1,0.000,13.583,0.003,0.000,48.658,0.000,0.182,0.736,0.287,0.285,4.941,0.208,31.012,0.104
Br62_rep9_Dep6_Tu3,0.009,7.748,0.481,0.000,49.657,0.000,0.171,2.005,1.825,0.443,4.163,0.109,25.810,7.579
Br62_rep5_Dep6_Tu40,20.316,2.071,0.976,4.749,0.285,0.000,2.452,8.659,3.353,2.229,1.512,1.356,3.033,49.010
Br62_rep10_Dep6_Tu3,0.004,11.543,0.018,0.000,45.606,0.000,0.024,1.615,0.094,0.749,5.697,0.371,26.907,7.372
Br62_rep2_Dep6_Tu0.3,0.000,1.702,0.001,0.000,60.214,0.000,0.006,0.629,0.765,0.256,2.645,0.020,32.933,0.829
Br62_rep10_Dep6_Tu40,19.710,0.957,1.867,4.723,2.315,0.000,2.046,6.068,3.164,6.237,2.793,0.865,0.774,48.482
Br62_rep3_Dep6_Tu2,0.001,62.212,0.003,0.000,2.031,0.000,0.075,0.592,0.848,0.486,4.820,0.486,23.240,5.205
Br62_rep5_Dep6_Tu1,0.011,40.738,0.011,0.000,23.657,0.000,0.036,0.665,0.650,0.132,4.745,0.144,26.271,2.941
Br62_rep4_Dep6_Tu1,0.003,54.577,0.045,0.232,9.379,0.000,0.189,0.039,0.924,1.239,3.983,0.081,27.884,1.426
Br62_rep10_Dep6_Tu0.5,0.000,55.137,0.002,0.015,10.459,0.000,0.147,0.421,0.685,0.655,3.281,0.203,27.697,1.298
Br62_rep5_Dep6_Tu20,10.277,30.360,0.552,2.420,0.976,0.030,1.724,2.965,2.368,1.285,2.896,0.910,12.946,30.291
Br62_rep6_Dep6_Tu0.3,0.000,6.079,0.008,0.000,57.170,0.000,0.017,1.344,0.581,0.108,5.167,0.053,29.092,0.380
Br62_rep9_Dep6_Tu0.3,0.000,10.098,0.000,0.000,52.995,0.000,0.026,0.321,0.426,0.403,5.553,0.164,29.945,0.069
Br62_rep2_Dep6_Tu20,8.848,35.318,2.405,1.117,0.043,0.002,1.591,2.183,1.518,3.047,3.515,0.529,9.740,30.143
Br62_rep6_Dep6_Tu0.5,0.000,50.927,0.001,0.000,13.715,0.000,0.093,0.880,0.615,0.540,3.989,0.090,28.096,1.055
Br62_rep8_Dep6_Tu10,4.495,35.644,0.684,0.997,8.561,0.011,0.754,2.092,3.392,1.127,3.105,0.291,23.811,15.035
Br62_rep2_Dep6_Tu0.1,0.000,6.670,0.000,0.000,57.776,0.000,0.021,1.422,0.488,0.229,3.062,0.060,30.231,0.040
Br62_rep5_Dep6_Tu10,4.339,1.347,0.696,0.544,41.939,0.005,0.482,2.329,1.623,1.460,4.881,0.310,21.356,18.688
Br62_rep10_Dep6_Tu10,5.099,33.509,0.611,0.436,12.321,0.034,0.407,3.168,1.128,1.744,3.158,0.391,21.734,16.261
Br62_rep4_Dep6_Tu10,1.472,12.449,1.252,1.136,37.211,0.001,0.414,0.993,0.844,2.847,5.419,0.144,18.798,17.022
Br62_rep3_Dep6_Tu0.1,0.000,8.531,0.000,0.000,55.679,0.000,0.031,0.966,0.093,0.118,4.508,0.108,29.856,0.109
Br62_rep2_Dep6_Tu50,26.197,0.000,0.513,6.459,0.001,0.000,1.972,3.036,6.070,1.182,0.092,0.354,0.000,54.125
Br62_rep9_Dep6_Tu10,2.124,5.783,0.326,1.772,38.444,0.008,0.887,3.305,0.944,1.156,3.447,0.754,22.330,18.721
Br62_rep5_Dep6_Tu0.3,0.000,50.665,0.000,0.000,14.655,0.000,0.004,0.129,0.703,0.766,4.566,0.113,27.810,0.588
Br62_rep8_Dep6_Tu50,23.959,0.013,2.291,7.604,0.000,0.000,1.797,6.172,4.833,1.260,0.136,0.954,0.003,50.976
Br62_rep4_Dep6_Tu0.3,0.000,27.136,0.000,0.000,37.891,0.000,0.074,0.680,0.148,0.298,4.218,0.258,28.903,0.395
Br62_rep7_Dep6_Tu1,0.000,19.528,0.000,0.000,44.402,0.000,0.041,0.245,0.283,0.382,5.230,0.198,27.001,2.691
Br62_rep3_Dep6_Tu0.5,0.000,7.085,0.001,0.000,56.180,0.000,0.036,1.263,0.563,0.051,5.282,0.050,28.648,0.840
Br62_rep7_Dep6_Tu40,17.301,0.013,3.908,3.888,1.104,0.013,2.312,6.354,4.149,4.941,0.564,1.737,0.012,53.704
Br62_rep2_Dep6_Tu3,0.006,25.527,0.114,0.000,34.080,0.000,0.091,0.581,0.700,1.685,5.619,0.451,24.398,6.746
Br62_rep2_Dep6_Tu0.5,0.000,14.728,0.002,0.000,49.860,0.000,0.028,0.384,0.180,0.056,5.710,0.328,28.583,0.141
Br62_rep1_Dep6_Tu50,23.664,0.000,1.734,7.253,0.000,0.000,1.597,7.239,4.570,2.635,0.066,0.221,0.001,51.020
Br62_rep3_Dep6_Tu3,0.050,24.815,0.727,0.000,33.306,0.000,0.086,1.837,1.256,1.604,3.977,0.176,25.051,7.114
Br62_rep7_Dep6_Tu3,0.977,48.763,0.254,0.000,11.387,0.003,0.064,1.208,1.591,0.433,3.692,0.185,24.965,6.476
Br62_rep3_Dep6_Tu0.3,0.000,61.863,0.001,0.000,3.825,0.000,0.092,0.234,0.558,0.422,4.766,0.247,27.070,0.920
Br62_rep8_Dep6_Tu30,14.367,0.577,3.496,2.781,18.204,0.012,2.703,3.451,2.155,4.019,2.682,0.565,5.628,39.361
Br62_rep4_Dep6_Tu30,13.511,0.627,2.456,2.591,14.820,0.001,1.286,5.041,4.613,1.339,3.291,0.937,0.985,48.500
Br62_rep6_Dep6_Tu3,0.003,53.088,0.237,0.014,8.181,0.004,0.602,0.182,1.387,0.989,4.453,0.167,24.564,6.132
Br62_rep4_Dep6_Tu0.1,0.000,59.361,0.000,0.000,5.811,0.000,0.039,0.371,0.286,0.231,4.775,0.274,28.799,0.053
Br62_rep8_Dep6_Tu5,0.132,44.582,0.878,0.438,9.648,0.010,0.061,0.441,2.173,2.215,3.336,0.369,25.357,10.361
Br62_rep10_Dep6_Tu50,25.872,0.005,4.727,6.699,0.000,0.000,0.924,8.632,2.321,0.714,0.081,0.671,0.000,49.353
Br62_rep10_Dep6_Tu0.3,0.000,44.942,0.001,0.000,20.141,0.000,0.041,0.229,0.838,0.367,3.941,0.069,29.285,0.148
Br62_rep3_Dep6_Tu20,8.719,2.365,1.230,0.287,29.008,0.003,1.181,2.731,1.965,4.054,4.353,0.226,12.186,31.691
Br62_rep1_Dep6_Tu1,0.000,50.871,0.030,0.000,12.807,0.000,0.082,0.726,0.585,1.294,4.640,0.565,27.747,0.654
Br62_rep3_Dep6_Tu1,0.000,13.207,0.004,0.000,48.868,0.000,0.093,0.489,0.103,0.306,4.713,0.254,30.519,1.443
Br62_rep9_Dep6_Tu2,0.000,23.694,0.101,0.000,39.582,0.000,0.050,0.711,0.175,0.602,4.051,0.523,25.602,4.908
Br62_rep7_Dep6_Tu50,26.845,0.020,2.962,7.225,0.002,0.000,1.427,10.196,2.422,0.030,0.445,0.330,0.001,48.093
Br62_rep7_Dep6_Tu5,0.983,54.277,0.362,0.054,4.435,0.003,0.308,1.508,0.215,1.286,4.198,0.527,21.489,10.356
Br62_rep8_Dep6_Tu2,0.010,8.081,0.014,0.000,46.956,0.000,0.225,1.891,0.553,0.823,4.477,0.449,28.642,7.880
Br62_rep5_Dep6_Tu0.1,0.000,16.184,0.000,0.000,49.103,0.000,0.090,0.227,0.584,0.378,4.972,0.135,28.305,0.022
Br62_rep6_Dep6_Tu5,0.084,54.748,0.263,0.149,3.995,0.006,0.335,1.188,1.127,1.600,4.400,0.342,23.206,8.557
Br62_rep9_Dep6_Tu20,9.131,38.997,2.074,1.427,0.142,0.001,0.633,2.396,2.272,1.159,4.285,0.469,9.215,27.799
Br62_rep2_Dep6_Tu30,14.006,0.498,0.904,3.663,14.311,0.000,0.694,4.564,4.297,2.590,3.363,0.359,5.650,45.102
Br62_rep7_Dep6_Tu10,1.820,8.655,1.722,0.997,39.529,0.100,0.188,3.977,0.491,1.090,3.993,0.106,19.105,18.227
Br62_rep6_Dep6_Tu0.1,0.000,57.865,0.000,0.000,7.278,0.000,0.055,0.915,0.068,0.451,5.055,0.036,28.260,0.017
Br62_rep5_Dep6_Tu50,27.696,0.000,2.816,6.631,0.001,0.000,1.098,6.931,2.582,0.884,0.266,0.538,0.000,50.555
Br62_rep10_Dep6_Tu1,0.000,48.333,0.008,0.000,14.323,0.000,0.064,1.690,0.036,0.836,4.152,0.431,29.077,1.049
Br62_rep1_Dep6_Tu30,13.545,3.915,2.513,2.445,16.257,0.274,0.844,0.602,5.215,4.099,4.563,1.133,5.022,39.573
Br62_rep7_Dep6_Tu0.3,0.000,18.638,0.002,0.000,46.217,0.000,0.018,0.343,0.373,0.342,3.945,0.065,29.328,0.729
Br62_rep2_Dep6_Tu10,2.293,9.359,0.789,0.471,37.654,0.329,0.614,2.471,0.395,2.348,4.463,0.824,20.201,17.788
Br62_rep9_Dep6_Tu0.1,0.000,47.792,0.000,0.000,17.137,0.000,0.078,0.662,0.603,0.463,3.806,0.278,29.163,0.018
Br62_rep3_Dep6_Tu10,3.196,48.033,0.778,0.922,1.365,0.004,1.089,1.937,1.120,1.097,4.411,0.815,18.347,16.888
Br62_rep4_Dep6_Tu5,0.784,45.165,1.074,0.075,9.897,0.036,0.169,1.397,1.690,1.189,5.002,0.148,23.331,10.042
Br62_rep8_Dep6_Tu20,8.370,1.422,1.564,2.904,31.040,0.000,1.224,3.311,2.680,1.178,2.855,0.644,13.199,29.609
Br62_rep1_Dep6_Tu2,0.035,15.073,0.004,0.000,47.124,0.000,0.291,1.588,0.171,1.082,3.886,0.178,26.723,3.843
Br62_rep10_Dep6_Tu5,0.937,6.128,0.319,0.442,48.597,0.000,0.700,4.317,0.576,1.120,1.039,0.211,25.844,9.770
Br62_rep10_Dep6_Tu30,11.385,4.715,2.289,3.416,17.038,0.007,1.037,4.763,3.634,3.213,3.194,0.451,5.370,39.487
Br62_rep6_Dep6_Tu2,0.003,45.483,0.081,0.000,16.636,0.001,0.142,0.132,0.888,1.308,3.995,0.173,27.087,4.072
Br62_rep4_Dep6_Tu3,0.026,2.898,0.303,0.082,55.830,0.000,0.246,1.082,0.738,0.921,3.865,0.040,27.238,6.731
Br66_rep4_Dep6_Tu50,43.923,8.662,0.893,2.652,0.670,0.248,0.513,0.335,2.794,0.527,2.880,1.159,3.728,31.015
Br66_rep3_Dep6_Tu0.5,0.000,7.513,0.001,0.000,56.145,0.000,0.024,0.943,0.617,0.184,5.504,0.050,28.645,0.376
Br66_rep2_Dep6_Tu3,0.108,26.723,0.324,0.000,36.084,0.001,0.203,0.388,0.989,1.198,5.303,0.353,25.160,3.164
Br66_rep6_Dep6_Tu40,32.676,5.473,0.901,3.877,16.191,0.026,0.080,0.727,0.591,1.444,4.772,0.743,6.167,26.331
Br66_rep9_Dep6_Tu0.1,0.000,48.113,0.001,0.000,16.699,0.000,0.043,0.472,0.949,0.561,3.807,0.154,29.189,0.012
Br66_rep9_Dep6_Tu5,2.890,37.670,0.135,0.629,22.910,0.000,0.113,0.653,1.270,0.874,3.711,0.062,24.708,4.374
Br66_rep10_Dep6_Tu1,0.008,0.509,0.224,0.000,60.622,0.000,0.141,0.802,0.742,0.736,2.974,0.082,32.255,0.905
Br66_rep6_Dep6_Tu20,16.208,36.381,0.520,1.870,5.950,0.015,0.375,0.685,1.903,0.015,3.082,0.601,16.896,15.498
Br66_rep10_Dep6_Tu30,24.609,29.639,1.194,1.748,1.814,0.011,0.969,0.712,0.760,1.382,3.570,0.671,13.117,19.805
Br66_rep10_Dep6_Tu5,3.387,51.949,0.040,0.000,6.650,0.002,0.157,1.086,0.718,1.108,4.385,0.446,25.457,4.613
Br66_rep7_Dep6_Tu1,0.000,20.399,0.002,0.000,45.526,0.000,0.027,0.198,0.289,0.188,5.205,0.142,27.297,0.725
Br66_rep6_Dep6_Tu0.3,0.000,7.167,0.001,0.000,56.706,0.000,0.011,0.721,0.849,0.126,5.426,0.011,28.972,0.009
Br66_rep1_Dep6_Tu30,24.916,2.755,0.854,1.949,26.574,0.096,0.828,1.192,1.198,0.735,2.831,0.781,12.680,22.611
Br66_rep3_Dep6_Tu1,0.000,13.293,0.001,0.000,50.210,0.000,0.124,0.595,0.255,0.069,4.373,0.167,29.970,0.943
Br66_rep3_Dep6_Tu30,24.202,9.878,2.034,1.816,21.420,0.000,0.283,0.217,1.325,0.858,3.787,0.660,10.669,22.850
Br66_rep9_Dep6_Tu1,0.008,18.590,0.035,0.000,46.198,0.000,0.238,0.210,0.790,0.586,5.104,0.054,27.686,0.500
Br66_rep9_Dep6_Tu40,34.277,0.759,2.129,2.315,18.751,0.018,0.402,0.051,2.071,0.358,1.956,0.761,7.720,28.433
Br66_rep5_Dep6_Tu1,0.008,41.133,0.070,0.000,24.395,0.000,0.055,0.379,0.737,0.341,4.697,0.063,26.551,1.573
Br66_rep2_Dep6_Tu5,2.146,1.405,0.397,0.131,57.556,0.000,0.055,0.959,0.903,0.761,2.556,0.084,30.320,2.728
Br66_rep5_Dep6_Tu30,23.284,30.504,0.741,2.157,1.515,0.045,0.742,1.192,1.717,2.550,2.740,0.440,10.557,21.818
Br66_rep7_Dep6_Tu50,42.179,12.863,0.528,3.742,0.795,0.143,0.490,0.947,1.187,1.354,2.307,0.912,2.333,30.220
Br66_rep4_Dep6_Tu40,32.117,8.777,0.260,2.879,11.978,0.024,0.469,1.370,1.286,1.508,4.586,1.024,3.515,30.207
Br66_rep8_Dep6_Tu5,4.711,45.951,0.050,0.006,13.113,0.005,0.038,0.783,1.508,0.338,2.503,0.202,27.617,3.177
Br66_rep9_Dep6_Tu2,0.003,23.595,0.011,0.000,41.534,0.000,0.045,0.363,0.205,0.969,3.614,0.357,26.274,3.029
Br66_rep6_Dep6_Tu30,24.216,25.272,2.051,1.256,3.708,0.340,0.234,1.237,2.147,0.688,2.936,0.306,12.602,23.006
Br66_rep4_Dep6_Tu0.1,0.000,59.273,0.000,0.000,5.849,0.000,0.052,0.145,0.401,0.084,5.061,0.249,28.846,0.040
Br66_rep5_Dep6_Tu10,7.792,5.017,0.242,0.342,42.844,0.001,0.079,1.784,0.620,1.043,4.244,0.367,24.221,11.405
Br66_rep3_Dep6_Tu40,34.154,1.494,0.608,3.353,14.400,0.003,0.408,1.799,0.424,0.812,2.220,1.503,9.880,28.943
Br66_rep9_Dep6_Tu0.5,0.000,15.907,0.006,0.000,49.457,0.000,0.008,0.416,0.432,0.125,4.386,0.046,28.712,0.506
Br66_rep8_Dep6_Tu2,0.610,11.407,0.072,0.000,48.966,0.000,0.011,0.650,0.735,0.584,4.229,0.284,29.073,3.379
Br66_rep10_Dep6_Tu2,0.266,30.983,0.048,0.000,27.797,0.083,0.445,0.366,0.851,0.823,4.522,0.732,29.889,3.194
Br66_rep6_Dep6_Tu0.1,0.000,57.630,0.000,0.000,7.327,0.000,0.088,0.630,0.316,0.380,5.143,0.025,28.455,0.006
Br66_rep5_Dep6_Tu0.5,0.000,16.149,0.071,0.000,48.407,0.000,0.050,0.234,0.246,0.242,4.417,0.082,28.912,1.189
Br66_rep2_Dep6_Tu20,15.778,41.424,2.196,0.480,1.115,0.000,0.463,1.406,0.164,0.617,3.451,0.572,14.060,18.274
Br66_rep4_Dep6_Tu0.5,0.012,52.844,0.005,0.000,10.750,0.000,0.139,0.363,0.466,1.563,3.459,0.063,29.482,0.852
Br66_rep4_Dep6_Tu5,3.458,45.371,0.068,0.000,14.939,0.000,0.009,1.609,0.661,0.941,4.356,0.075,24.408,4.105
Br66_rep8_Dep6_Tu0.5,0.000,61.337,0.002,0.000,4.889,0.000,0.071,0.609,0.293,0.313,4.691,0.257,27.033,0.504
Br66_rep5_Dep6_Tu20,16.751,37.344,1.139,0.492,2.891,0.081,0.675,0.844,1.836,0.835,3.536,0.896,18.007,14.673
Br66_rep1_Dep6_Tu3,0.421,57.820,0.025,0.000,4.249,0.000,0.328,0.891,0.201,0.755,5.778,0.429,24.236,4.867
Br66_rep10_Dep6_Tu10,6.869,35.894,0.731,0.264,14.588,0.007,0.541,0.378,0.443,1.543,4.260,0.950,22.533,10.998
Br66_rep3_Dep6_Tu10,7.338,50.150,0.097,0.002,2.709,0.006,0.698,0.151,0.299,1.200,4.008,1.430,22.659,9.254
Br66_rep10_Dep6_Tu40,32.953,21.369,0.800,3.396,0.715,0.001,0.332,1.068,1.814,0.901,1.048,1.345,8.222,26.038
Br66_rep1_Dep6_Tu50,43.670,0.728,0.788,3.486,6.195,0.031,0.837,2.277,1.139,1.166,3.277,0.767,2.303,33.336
Br66_rep10_Dep6_Tu0.5,0.005,29.534,0.000,0.000,34.527,0.000,0.517,0.700,0.431,0.658,4.534,0.041,28.987,0.066
Br66_rep1_Dep6_Tu0.3,0.000,64.712,0.009,0.000,2.390,0.000,0.048,0.459,0.233,0.260,5.560,0.243,25.962,0.124
Br66_rep10_Dep6_Tu0.1,0.000,44.075,0.001,0.000,20.706,0.000,0.032,0.490,0.254,0.254,5.156,0.372,28.626,0.035
Br66_rep8_Dep6_Tu40,32.448,4.489,2.333,2.713,15.005,0.204,1.223,0.540,1.164,0.859,1.795,0.486,6.476,30.265
Br66_rep3_Dep6_Tu20,16.682,4.775,0.663,0.132,37.948,0.025,0.419,0.689,0.811,0.373,5.580,0.280,16.401,15.222
Br66_rep9_Dep6_Tu0.3,0.000,8.884,0.000,0.000,54.281,0.000,0.020,0.516,0.480,0.149,5.431,0.148,29.730,0.361
Br66_rep7_Dep6_Tu0.3,0.000,18.607,0.000,0.000,46.081,0.000,0.028,0.305,0.195,0.256,4.358,0.064,29.235,0.870
Br66_rep5_Dep6_Tu2,0.085,45.542,0.060,0.000,15.795,0.011,0.126,0.937,1.384,0.767,3.014,0.152,29.042,3.086
Br66_rep5_Dep6_Tu0.3,0.000,51.080,0.010,0.000,14.463,0.000,0.016,0.377,0.662,0.634,4.528,0.074,28.073,0.085
Br66_rep6_Dep6_Tu5,3.809,53.942,0.080,0.000,5.526,0.000,0.086,0.774,0.648,0.628,4.423,0.230,25.325,4.528
Br66_rep5_Dep6_Tu3,0.465,13.700,0.017,0.000,47.730,0.066,0.171,0.743,0.778,0.557,4.004,0.233,27.807,3.727
Br66_rep1_Dep6_Tu5,2.939,53.771,0.004,0.151,8.252,0.017,0.403,0.465,1.192,0.951,4.218,0.073,24.885,2.678
Br66_rep6_Dep6_Tu10,7.478,10.324,1.290,0.003,43.149,0.006,0.289,0.622,1.395,0.952,1.019,0.394,24.495,8.583
Br66_rep3_Dep6_Tu5,3.006,24.284,0.095,0.000,36.664,0.001,0.440,0.638,0.782,0.753,1.766,0.096,26.519,4.956
Br66_rep1_Dep6_Tu1,0.001,50.787,0.001,0.000,12.898,0.000,0.147,0.628,0.480,1.235,4.428,0.457,27.673,1.264
Br66_rep4_Dep6_Tu30,24.511,2.934,0.386,2.673,30.393,0.000,0.901,0.415,1.569,0.515,4.320,0.694,11.603,19.087
Br66_rep8_Dep6_Tu20,16.092,3.142,1.139,1.325,39.254,0.024,0.225,1.861,0.489,0.212,1.662,0.834,18.182,15.558
Br66_rep4_Dep6_Tu10,6.952,12.870,1.071,0.913,39.507,0.001,0.160,0.377,0.375,0.394,5.240,0.055,22.312,9.773
Br66_rep2_Dep6_Tu1,0.000,27.722,0.001,0.000,33.684,0.000,0.056,0.186,0.617,0.637,6.446,0.145,29.407,1.100
Br66_rep6_Dep6_Tu2,0.070,43.881,0.006,0.000,18.932,0.004,0.173,0.865,0.592,1.241,3.851,0.156,27.603,2.626
Br66_rep6_Dep6_Tu0.5,0.000,50.916,0.011,0.000,14.343,0.000,0.006,0.336,0.925,0.849,4.109,0.078,28.289,0.137
Br66_rep5_Dep6_Tu0.1,0.000,16.105,0.000,0.000,48.957,0.000,0.076,0.639,0.137,0.446,4.971,0.195,28.433,0.040
Br66_rep2_Dep6_Tu2,0.864,55.769,0.077,0.004,7.160,0.001,0.417,0.211,0.196,1.508,3.981,0.139,27.214,2.458
Br66_rep10_Dep6_Tu50,43.726,13.849,1.204,4.029,0.864,0.027,0.438,0.235,1.394,1.067,1.394,0.817,2.418,28.537
Br66_rep7_Dep6_Tu3,0.857,49.088,0.021,0.000,13.815,0.000,0.023,0.480,0.969,1.590,3.757,0.206,25.704,3.489
Br66_rep7_Dep6_Tu10,7.470,10.256,0.534,0.166,42.140,0.000,0.104,1.877,0.795,0.463,3.597,0.089,22.194,10.316
Br66_rep2_Dep6_Tu0.5,0.000,14.208,0.002,0.000,50.563,0.000,0.013,0.461,0.042,0.081,5.754,0.278,28.578,0.021
Br66_rep5_Dep6_Tu50,41.931,1.795,2.101,4.375,8.603,0.039,0.688,0.898,1.212,0.109,2.554,1.233,1.486,32.975
Br66_rep9_Dep6_Tu20,15.239,43.722,0.270,1.844,2.176,0.015,0.005,0.697,0.983,0.175,4.398,0.520,14.222,15.733
Br66_rep8_Dep6_Tu3,2.049,1.049,0.019,0.000,59.568,0.000,0.053,0.500,1.045,0.661,2.946,0.063,29.827,2.219
Br66_rep9_Dep6_Tu10,6.284,8.146,0.580,0.071,41.894,0.002,0.492,1.663,0.489,0.909,3.853,0.546,23.055,12.017
Br66_rep7_Dep6_Tu2,0.004,56.943,0.008,0.000,6.630,0.000,0.070,0.624,0.483,1.219,4.681,0.252,27.258,1.829
Br66_rep6_Dep6_Tu3,0.653,55.038,0.044,0.110,8.800,0.000,0.378,0.173,1.289,0.456,4.695,0.074,24.775,3.514
Br66_rep1_Dep6_Tu0.5,0.000,56.207,0.001,0.000,9.733,0.000,0.072,0.082,0.836,0.324,5.043,0.074,27.388,0.239
Br66_rep2_Dep6_Tu40,35.072,19.280,1.896,2.544,1.232,0.017,1.490,0.730,0.641,0.303,2.067,0.833,11.670,22.224
Br66_rep1_Dep6_Tu2,1.101,16.028,0.004,0.000,47.356,0.000,0.152,0.148,0.730,1.197,3.844,0.162,27.989,1.289
Br66_rep8_Dep6_Tu1,0.002,7.230,0.017,0.000,55.383,0.000,0.167,0.230,1.192,0.338,3.793,0.134,31.310,0.205
Br66_rep4_Dep6_Tu3,0.677,3.880,1.308,0.183,57.687,0.000,0.168,1.223,0.242,0.002,3.723,0.052,28.700,2.156
Br66_rep7_Dep6_Tu40,31.398,0.008,2.918,2.023,18.125,0.307,0.804,0.710,1.594,1.385,1.786,1.584,5.108,32.251
Br66_rep7_Dep6_Tu0.5,0.000,53.874,0.001,0.000,12.030,0.000,0.133,0.952,0.194,0.649,3.994,0.106,28.038,0.030
Br66_rep2_Dep6_Tu30,25.078,2.151,0.938,2.557,29.604,0.000,0.286,1.668,0.539,0.128,5.086,0.202,6.362,25.401
Br66_rep2_Dep6_Tu0.1,0.000,6.765,0.000,0.000,57.903,0.000,0.013,0.514,1.283,0.228,3.191,0.049,30.022,0.034
Br66_rep7_Dep6_Tu0.1,0.000,15.791,0.000,0.000,48.917,0.000,0.008,0.268,0.328,0.033,4.726,0.006,29.838,0.084
Br66_rep1_Dep6_Tu40,32.706,0.652,0.082,3.267,23.171,0.038,0.242,1.480,1.735,1.158,1.517,0.829,8.854,24.267
Br66_rep7_Dep6_Tu5,2.412,53.656,0.077,0.027,6.578,0.002,0.389,0.271,0.841,1.039,4.222,0.375,23.991,6.122
Br66_rep4_Dep6_Tu1,0.197,52.486,0.004,0.082,10.390,0.000,0.291,0.674,0.581,0.971,3.746,0.190,28.473,1.915
Br66_rep8_Dep6_Tu0.1,0.000,41.675,0.000,0.000,21.209,0.000,0.192,1.329,1.089,0.224,3.733,0.211,30.335,0.002
Br66_rep4_Dep6_Tu2,0.042,10.875,0.009,0.000,52.765,0.000,0.143,0.498,0.983,0.548,2.794,0.058,28.599,2.685
Br66_rep1_Dep6_Tu0.1,0.000,13.396,0.001,0.000,48.958,0.000,0.193,0.398,0.152,0.341,5.225,0.305,31.008,0.022
Br66_rep2_Dep6_Tu10,7.940,12.377,0.360,0.105,41.009,0.005,0.424,0.408,0.993,0.387,3.741,0.434,22.999,8.817
Br66_rep4_Dep6_Tu20,17.504,21.081,1.623,0.603,15.209,0.015,0.507,1.379,0.830,1.166,2.507,0.860,19.713,17.004
Br66_rep4_Dep6_Tu0.3,0.000,26.930,0.000,0.000,38.541,0.000,0.049,0.387,0.513,0.104,4.417,0.207,28.822,0.030
Br66_rep10_Dep6_Tu3,1.454,30.682,0.011,0.000,32.382,0.001,0.221,0.950,1.078,0.430,3.294,0.089,25.649,3.758
Br66_rep1_Dep6_Tu20,14.687,28.803,1.380,1.027,9.065,0.192,0.077,1.217,1.985,1.221,3.415,0.904,18.129,17.898
Br66_rep6_Dep6_Tu1,0.006,28.039,0.006,0.000,36.349,0.000,0.163,0.410,0.353,0.101,4.287,0.228,28.446,1.613
Br66_rep6_Dep6_Tu50,42.400,9.526,3.232,3.924,0.960,0.050,0.283,1.025,1.559,0.545,1.949,0.334,5.752,28.463
Br66_rep9_Dep6_Tu3,1.473,7.507,0.036,0.000,52.686,0.000,0.076,1.736,1.623,0.293,4.097,0.168,27.408,2.896
Br66_rep3_Dep6_Tu50,41.612,15.356,1.327,4.343,0.285,0.042,0.603,1.481,0.024,0.277,3.915,1.537,1.973,27.225
Br66_rep8_Dep6_Tu30,23.247,5.394,1.197,1.984,28.820,0.084,0.906,0.832,1.037,0.377,3.033,1.239,11.049,20.800
Br66_rep7_Dep6_Tu20,16.151,3.335,0.191,0.001,37.784,0.001,0.178,0.226,0.897,1.234,3.746,0.355,16.795,19.105
Br66_rep3_Dep6_Tu2,0.110,62.599,0.016,0.000,2.482,0.002,0.150,0.731,0.689,0.382,4.896,0.504,24.346,3.094
Br66_rep8_Dep6_Tu50,42.722,10.083,1.446,3.358,0.203,0.098,1.410,1.355,0.330,0.644,1.800,1.333,3.612,31.608
Br66_rep3_Dep6_Tu3,1.504,26.242,0.099,0.000,36.244,0.000,0.041,1.170,1.156,1.248,3.762,0.143,25.518,2.872
Br66_rep3_Dep6_Tu0.3,0.000,60.732,0.002,0.000,5.869,0.000,0.080,0.432,0.509,0.198,4.654,0.169,27.101,0.255
Br66_rep8_Dep6_Tu0.3,0.000,9.701,0.001,0.000,53.648,0.000,0.032,0.644,0.006,0.229,5.631,0.203,29.778,0.128
Br66_rep3_Dep6_Tu0.1,0.000,7.732,0.000,0.000,56.128,0.000,0.026,0.579,0.324,0.187,4.772,0.098,30.027,0.126
Br66_rep10_Dep6_Tu0.3,0.000,26.763,0.000,0.000,36.627,0.000,0.011,1.042,0.058,0.073,5.527,0.216,29.594,0.089
Br66_rep2_Dep6_Tu50,41.456,1.049,0.839,4.059,8.436,0.001,1.349,1.498,0.059,0.218,2.383,1.664,0.273,36.716
Br66_rep5_Dep6_Tu5,2.839,47.659,0.035,0.000,12.297,0.001,0.064,0.758,1.273,1.409,1.251,0.163,26.302,5.947
Br66_rep10_Dep6_Tu20,16.579,33.350,0.461,1.339,8.904,0.032,0.318,1.587,0.720,1.161,2.467,0.586,19.426,13.072
Br66_rep7_Dep6_Tu30,25.172,2.316,2.353,0.932,27.540,0.013,0.924,0.987,1.170,0.328,2.221,0.337,11.912,23.795
Br66_rep9_Dep6_Tu30,24.710,1.860,1.856,1.078,24.454,0.000,0.994,0.125,1.893,0.752,3.368,0.949,12.961,24.999
Br66_rep5_Dep6_Tu40,34.059,11.812,1.160,2.031,6.400,0.355,1.368,1.314,1.481,0.761,2.795,0.866,10.390,25.207
Br66_rep8_Dep6_Tu10,10.128,36.839,0.011,0.112,10.252,0.000,0.339,1.382,0.775,1.080,3.945,0.384,26.538,8.214
Br66_rep9_Dep6_Tu50,41.629,1.077,2.230,3.541,7.654,0.354,1.170,0.004,2.229,0.071,1.069,1.501,1.921,35.548
Br66_rep2_Dep6_Tu0.3,0.000,1.398,0.000,0.000,61.083,0.000,0.010,0.985,0.400,0.289,2.823,0.030,32.922,0.060
Br66_rep1_Dep6_Tu10,7.648,47.462,0.223,0.305,7.706,0.002,0.176,0.485,1.203,0.817,2.822,0.283,23.038,7.832
Cer77_rep9_Dep6_Tu3,0.002,8.992,5.900,0.000,48.880,0.000,0.151,1.037,1.682,0.842,4.814,0.210,27.357,0.135
Cer77_rep5_Dep6_Tu30,0.077,18.627,61.592,0.167,0.520,0.039,0.291,3.980,1.255,0.297,2.819,0.243,9.912,0.181
Cer77_rep3_Dep6_Tu30,0.006,0.294,65.331,0.002,15.429,0.000,0.429,1.538,0.626,0.119,4.137,0.156,10.285,1.647
Cer77_rep8_Dep6_Tu50,0.079,0.018,89.536,0.244,0.000,0.000,0.595,7.622,0.787,0.032,0.531,0.428,0.126,0.001
Cer77_rep1_Dep6_Tu1,0.001,52.153,0.541,0.000,12.094,0.000,0.139,0.514,1.198,1.040,4.433,0.281,27.587,0.020
Cer77_rep7_Dep6_Tu3,0.001,46.595,6.569,0.052,14.027,0.000,0.038,0.094,1.494,0.542,3.888,0.072,26.521,0.106
Cer77_rep10_Dep6_Tu2,0.002,31.249,5.575,0.000,25.779,0.001,0.418,0.452,0.540,0.076,3.979,0.511,30.674,0.745
Cer77_rep2_Dep6_Tu0.5,0.000,14.526,0.265,0.000,49.806,0.000,0.039,0.193,0.228,0.126,5.873,0.314,28.575,0.055
Cer77_rep3_Dep6_Tu20,0.013,4.156,46.158,0.003,26.685,0.000,0.142,0.877,0.863,0.327,3.474,0.037,16.501,0.764
Cer77_rep1_Dep6_Tu2,0.002,15.921,4.496,0.000,45.050,0.000,0.176,0.377,1.012,1.123,3.876,0.125,27.380,0.462
Cer77_rep2_Dep6_Tu5,0.000,1.412,10.201,0.202,53.480,0.000,0.060,1.261,0.888,0.568,2.391,0.009,29.098,0.429
Cer77_rep5_Dep6_Tu0.5,0.000,15.134,0.940,0.000,48.913,0.000,0.074,0.668,0.170,0.101,4.169,0.133,29.456,0.241
Cer77_rep2_Dep6_Tu50,0.078,0.001,92.925,0.294,0.008,0.000,0.995,3.438,1.391,0.036,0.520,0.156,0.084,0.074
