Sample,BRCA,CEAD,CESC,COAD,OV,READ,bcell,cd4tcell,cd8tcell,erythroblast,monocyte,naturalkillercell,neutrophil,Unknown-1,Unknown-2,Unknown-3,Unknown-4,Unknown-5,Unknown-6,Unknown-7,Unknown-8,Unknown-9,Unknown-10
Colo_rep2_Dep6_Tu0.5,0.000,11.574,0.000,0.000,0.000,0.000,0.000,2.445,0.000,0.000,3.130,0.000,54.206,0.206,0.912,26.845,0.477,0.144,0.000,0.000,0.058,0.000,0.000
Colo_rep2_Dep6_Tu50,0.000,4.167,0.000,0.000,0.000,50.247,0.000,0.000,0.000,0.000,1.876,0.000,21.057,0.000,20.440,0.000,0.000,1.462,0.000,0.749,0.000,0.000,0.000
Colo_rep6_Dep6_Tu1,0.000,0.000,0.000,0.000,0.000,0.000,0.000,23.841,0.000,0.000,2.450,0.000,53.649,0.000,0.237,10.813,3.932,0.000,0.793,0.000,0.000,0.000,4.284
Colo_rep3_Dep6_Tu2,0.000,10.891,0.000,0.000,0.000,0.000,0.000,2.008,0.000,0.000,1.844,0.000,51.487,18.469,2.021,1.287,0.262,0.132,0.776,0.000,1.101,0.000,9.721
Colo_rep7_Dep6_Tu2,0.000,4.896,0.000,0.000,0.000,0.000,0.000,4.384,0.000,0.000,1.830,0.000,52.387,2.087,1.804,3.055,2.502,0.764,0.000,0.000,25.836,0.000,0.453
Colo_rep8_Dep6_Tu0.1,0.000,1.067,0.000,0.000,0.000,0.000,0.000,0.000,0.000,0.000,1.487,0.000,51.375,18.242,0.000,5.466,8.116,1.241,12.514,0.000,0.492,0.000,0.000
Colo_rep10_Dep6_Tu2,0.000,0.000,0.000,0.000,0.000,0.000,0.000,3.212,0.000,0.000,1.280,0.000,51.628,6.378,6.222,10.681,0.542,1.222,0.844,0.000,0.000,0.000,17.990
Colo_rep6_Dep6_Tu3,0.000,25.145,0.000,0.000,0.000,0.000,0.000,0.000,0.000,0.000,2.293,0.000,53.652,11.623,0.000,2.880,0.000,0.000,0.689,0.000,0.267,0.000,3.449
Colo_rep9_Dep6_Tu30,0.000,1.090,0.000,0.000,0.000,33.690,0.000,0.000,0.000,0.000,4.910,0.000,30.599,0.000,8.381,1.628,6.860,12.841,0.000,0.000,0.000,0.000,0.000
Colo_rep9_Dep6_Tu0.5,0.000,3.430,0.000,0.000,0.000,0.000,0.000,0.000,0.000,0.000,1.117,0.000,53.240,0.110,18.319,14.993,0.883,1.048,0.000,0.000,2.780,0.000,4.078
Colo_rep6_Dep6_Tu20,0.000,14.290,0.000,0.000,0.000,22.328,0.000,0.845,0.000,0.000,1.494,0.000,42.460,0.000,5.827,5.965,5.397,0.000,0.000,0.000,0.000,0.000,1.391
Colo_rep8_Dep6_Tu30,0.000,7.276,0.000,0.000,0.000,32.255,0.000,0.000,0.000,0.000,0.627,0.000,34.280,0.000,3.842,0.000,0.000,1.680,1.673,0.103,0.000,0.000,18.263
Colo_rep3_Dep6_Tu5,0.000,2.775,0.000,0.000,0.000,0.000,0.000,18.694,0.000,0.000,0.405,0.000,53.205,0.605,0.000,13.580,5.835,2.251,0.000,0.000,0.000,0.000,2.649
Colo_rep4_Dep6_Tu3,0.000,0.019,0.000,0.000,0.000,0.000,0.000,1.222,0.000,0.000,1.789,0.000,50.749,0.092,2.118,9.520,23.754,10.651,0.000,0.000,0.085,0.000,0.000
Colo_rep2_Dep6_Tu10,0.000,6.341,0.000,0.000,0.000,12.568,0.000,2.505,0.000,0.000,1.110,0.000,47.353,1.169,9.482,0.000,0.813,2.185,0.000,0.000,0.000,0.000,16.473
Colo_rep3_Dep6_Tu40,0.000,0.000,0.000,0.000,0.000,41.720,0.000,0.000,0.000,0.000,2.574,0.000,27.147,0.000,10.859,1.058,0.331,0.953,15.267,0.090,0.000,0.000,0.000
Colo_rep3_Dep6_Tu30,0.000,4.835,0.000,0.000,0.000,32.836,0.000,0.000,0.000,0.000,4.418,0.000,33.410,0.000,9.679,2.273,0.000,0.000,0.000,0.170,0.000,0.000,12.378
Colo_rep6_Dep6_Tu30,0.000,2.339,0.000,0.000,0.000,33.608,0.000,0.000,0.000,0.000,2.562,0.000,30.165,0.000,2.143,0.000,4.265,24.655,0.000,0.037,0.000,0.000,0.226
Colo_rep4_Dep6_Tu50,0.000,0.000,0.000,0.000,0.000,51.379,0.000,3.262,0.000,0.000,2.515,0.000,23.148,6.891,0.000,0.000,2.701,1.462,6.592,0.584,0.000,0.000,1.466
Colo_rep5_Dep6_Tu50,0.000,4.948,0.000,0.000,0.000,52.420,0.000,1.527,0.000,0.000,2.640,0.000,22.782,0.000,13.107,0.458,1.222,0.711,0.000,0.184,0.000,0.000,0.000
Colo_rep6_Dep6_Tu2,0.000,0.388,0.000,0.000,0.000,0.000,0.000,1.844,0.000,0.000,2.706,0.000,51.363,7.369,0.123,0.000,14.793,11.657,0.000,0.000,8.808,0.000,0.948
Colo_rep10_Dep6_Tu50,0.000,0.000,0.000,0.000,0.000,53.439,0.000,0.000,0.000,0.000,3.749,0.000,20.337,0.000,7.511,0.103,5.313,9.352,0.000,0.195,0.000,0.000,0.000
Colo_rep7_Dep6_Tu50,0.000,5.804,0.000,0.000,0.000,51.116,0.000,0.000,0.000,0.000,2.829,0.000,21.931,3.038,10.799,0.000,2.133,2.213,0.000,0.137,0.000,0.000,0.000
Colo_rep9_Dep6_Tu40,0.000,0.982,0.000,0.000,0.000,41.375,0.000,0.573,0.000,0.000,3.649,0.000,27.902,0.000,7.333,0.000,1.687,0.000,13.435,0.140,0.000,0.000,2.922
Colo_rep8_Dep6_Tu5,0.000,0.000,0.000,0.000,0.000,0.000,0.000,18.927,0.000,0.000,2.241,0.000,50.478,0.000,1.929,0.000,12.590,9.754,4.081,0.000,0.000,0.000,0.000
Colo_rep1_Dep6_Tu20,0.000,0.702,0.000,0.000,0.000,22.590,0.000,2.376,0.000,0.000,3.491,0.000,39.799,0.000,8.085,0.000,11.604,4.489,6.583,0.000,0.000,0.000,0.281
Colo_rep9_Dep6_Tu2,0.000,4.131,0.000,0.000,0.000,0.000,0.000,0.130,0.000,0.000,2.983,0.000,53.668,0.351,7.447,5.041,3.146,0.000,0.000,0.000,6.274,0.000,16.828
Colo_rep5_Dep6_Tu30,0.000,6.781,0.000,0.000,0.000,30.636,0.000,0.000,0.000,0.000,3.896,0.000,31.203,8.853,10.690,2.407,3.249,2.111,0.000,0.174,0.000,0.000,0.000
Colo_rep4_Dep6_Tu0.1,0.000,16.085,0.000,0.000,0.000,0.000,0.000,1.275,0.000,0.000,3.092,0.000,52.581,0.640,1.043,1.967,0.146,0.000,4.816,0.000,17.966,0.000,0.388
Colo_rep5_Dep6_Tu0.1,0.000,13.753,0.000,0.000,0.000,0.000,0.000,0.290,0.000,0.000,1.574,0.000,50.839,0.562,0.000,7.100,0.424,1.314,0.000,0.000,0.108,0.000,24.036
Colo_rep9_Dep6_Tu3,0.000,0.046,0.000,0.000,0.000,0.000,0.000,0.000,0.000,0.000,4.717,0.000,47.437,3.001,0.360,12.939,15.663,6.980,0.000,0.000,0.000,0.000,8.856
Colo_rep2_Dep6_Tu0.1,0.000,0.130,0.000,0.000,0.000,0.000,0.000,0.032,0.000,0.000,1.080,0.000,51.044,1.226,0.000,9.248,19.131,11.152,0.000,0.000,0.000,0.000,6.955
Colo_rep8_Dep6_Tu10,0.000,4.796,0.000,0.002,0.000,9.750,0.000,6.855,0.000,0.000,2.309,0.000,44.604,10.660,0.000,0.000,6.858,0.000,14.165,0.000,0.000,0.000,0.000
Colo_rep4_Dep6_Tu30,0.000,4.959,0.000,0.000,0.000,34.200,0.000,0.000,0.000,0.000,1.523,0.000,33.734,0.000,12.080,11.713,0.000,0.586,0.000,0.099,0.000,0.000,1.104
Colo_rep2_Dep6_Tu2,0.000,29.325,0.000,0.000,0.000,0.000,0.000,5.312,0.000,0.000,1.207,0.000,54.242,0.000,0.876,0.000,4.078,4.419,0.000,0.000,0.000,0.000,0.540
Colo_rep1_Dep6_Tu5,0.000,5.349,0.000,0.002,0.000,0.000,0.000,0.000,0.000,0.000,0.852,0.000,51.159,10.684,0.000,10.524,0.000,0.000,0.000,0.000,15.200,0.000,6.227
Colo_rep8_Dep6_Tu50,0.000,2.863,0.000,0.000,0.000,50.497,0.000,0.000,0.000,0.000,2.943,0.000,19.369,0.000,5.000,0.000,0.986,13.671,4.195,0.475,0.000,0.000,0.000
Colo_rep5_Dep6_Tu5,0.000,0.759,0.000,0.000,0.000,0.000,0.000,1.819,0.000,0.000,1.112,0.000,48.839,8.251,0.000,0.000,9.091,24.749,0.000,0.000,5.348,0.000,0.031
Colo_rep6_Dep6_Tu50,0.000,4.997,0.000,0.000,0.000,50.981,0.000,0.000,0.000,0.000,4.213,0.000,24.529,0.000,0.000,0.000,7.182,0.000,6.583,0.849,0.000,0.000,0.665
Colo_rep5_Dep6_Tu0.5,0.000,11.404,0.000,0.000,0.000,0.000,0.000,0.552,0.000,0.000,1.610,0.000,53.897,0.113,0.373,13.045,0.675,0.000,0.093,0.000,0.381,0.000,17.855
Colo_rep4_Dep6_Tu20,0.000,8.312,0.000,0.000,0.000,22.099,0.000,0.000,0.000,0.000,3.557,0.000,39.366,0.000,8.838,1.354,13.474,0.000,0.000,0.000,1.124,0.000,1.876
Colo_rep8_Dep6_Tu40,0.000,0.000,0.000,0.000,0.000,42.618,0.000,0.000,0.000,0.000,1.438,0.000,27.662,0.000,22.059,0.000,0.763,1.072,0.520,0.099,0.000,0.000,3.769
Colo_rep7_Dep6_Tu0.3,0.000,4.749,0.000,0.000,0.000,0.000,0.000,0.000,0.000,0.000,1.334,0.000,54.223,0.000,2.749,1.294,2.369,3.372,0.000,0.000,0.671,0.000,29.237
Colo_rep7_Dep6_Tu30,0.000,3.347,0.000,0.000,0.000,33.108,0.000,0.000,0.000,0.000,1.062,0.000,32.992,0.000,24.561,0.000,1.250,1.197,0.000,0.000,0.000,0.000,2.483
Colo_rep10_Dep6_Tu20,0.000,0.000,0.000,0.000,0.000,20.976,0.000,0.000,0.000,0.000,2.822,0.000,40.005,13.457,1.133,0.000,4.789,1.390,15.417,0.012,0.000,0.000,0.000
Colo_rep9_Dep6_Tu10,0.000,0.000,0.000,0.000,0.000,9.599,0.000,1.821,0.000,0.000,2.416,0.000,48.672,0.000,1.774,1.739,2.219,0.000,25.524,0.000,0.243,0.000,5.992
Colo_rep9_Dep6_Tu0.1,0.000,0.049,0.000,0.000,0.000,0.000,0.000,0.051,0.000,0.000,1.082,0.000,51.371,21.296,0.501,1.651,8.591,5.148,10.025,0.000,0.043,0.000,0.191
Colo_rep10_Dep6_Tu0.3,0.000,0.738,0.000,0.000,0.000,0.000,0.000,0.000,0.000,0.000,2.685,0.000,51.756,13.280,2.417,0.771,15.297,12.496,0.000,0.000,0.000,0.000,0.559
Colo_rep8_Dep6_Tu20,0.000,0.810,0.000,0.000,0.000,23.591,0.000,0.000,0.000,0.000,1.450,0.000,38.700,0.000,2.097,5.608,9.320,8.904,0.000,0.000,0.000,0.000,9.518
Colo_rep3_Dep6_Tu3,0.000,0.000,0.000,0.000,0.000,0.000,0.000,7.189,0.000,0.000,1.147,0.000,50.195,7.782,0.000,3.079,2.730,2.497,4.510,0.000,1.015,0.000,19.855
Colo_rep4_Dep6_Tu2,0.000,0.000,0.000,0.000,0.000,0.000,0.000,2.171,0.000,0.000,1.365,0.000,53.992,0.378,0.417,0.000,2.196,9.782,19.040,0.000,0.048,0.000,10.611
Colo_rep10_Dep6_Tu0.1,0.000,0.554,0.000,0.000,0.000,0.000,0.000,1.179,0.000,0.000,2.194,0.000,50.386,19.966,0.000,0.693,7.081,0.000,17.015,0.000,0.104,0.000,0.827
Colo_rep4_Dep6_Tu0.3,0.000,7.675,0.000,0.000,0.000,0.000,0.000,0.333,0.000,0.000,1.745,0.000,51.871,0.741,0.335,14.840,0.000,15.254,1.861,0.000,0.000,0.000,5.345
Colo_rep9_Dep6_Tu0.3,0.000,14.010,0.000,0.000,0.000,0.000,0.000,0.000,0.000,0.000,2.684,0.000,51.497,0.174,0.021,28.244,0.078,0.093,0.000,0.000,0.000,0.000,3.198
Colo_rep1_Dep6_Tu10,0.000,0.000,0.000,0.000,0.000,9.045,0.000,0.526,0.000,0.000,1.099,0.000,44.820,12.132,0.347,0.201,3.091,23.422,3.646,0.000,1.264,0.000,0.405
Colo_rep6_Dep6_Tu0.3,0.000,0.150,0.000,0.000,0.000,0.000,0.000,0.000,0.000,0.000,6.131,0.000,49.406,0.414,0.000,15.295,4.237,0.000,20.102,0.000,0.000,0.000,4.262
Colo_rep6_Dep6_Tu0.5,0.000,0.170,0.000,0.000,0.000,0.000,0.000,0.183,0.000,0.000,2.653,0.000,49.567,24.941,0.000,1.006,13.428,6.977,0.000,0.000,0.095,0.000,0.978
Colo_rep10_Dep6_Tu10,0.000,0.000,0.000,0.002,0.000,9.268,0.000,0.630,0.000,0.000,0.973,0.000,45.520,16.276,1.177,4.658,9.338,2.138,9.731,0.000,0.000,0.000,0.287
Colo_rep10_Dep6_Tu1,0.000,0.222,0.000,0.000,0.000,0.000,0.000,0.377,0.000,0.000,1.886,0.000,50.031,18.691,0.907,0.844,11.083,15.610,0.000,0.000,0.000,0.000,0.349
Colo_rep10_Dep6_Tu5,0.000,0.190,0.000,0.000,0.000,0.000,0.000,1.273,0.000,0.000,1.731,0.000,48.688,0.000,0.894,12.442,15.693,14.234,0.000,0.000,0.000,0.000,4.854
Colo_rep10_Dep6_Tu40,0.000,6.898,0.000,0.000,0.000,41.410,0.000,0.000,0.000,0.000,1.096,0.000,26.640,0.000,6.396,0.000,0.410,2.063,0.331,0.251,0.000,0.000,14.505
Colo_rep10_Dep6_Tu0.5,0.000,0.088,0.000,0.000,0.000,0.000,0.000,1.083,0.000,0.000,0.951,0.000,50.499,12.997,0.000,0.678,5.460,23.084,3.296,0.000,1.722,0.000,0.142
Colo_rep1_Dep6_Tu1,0.000,0.145,0.000,0.000,0.000,0.000,0.000,0.807,0.000,0.000,3.015,0.000,49.961,22.350,0.000,0.616,7.616,3.953,11.219,0.000,0.247,0.000,0.070
Colo_rep7_Dep6_Tu20,0.000,1.162,0.000,0.000,0.000,21.644,0.000,0.000,0.000,0.000,1.289,0.000,39.326,0.000,29.539,4.448,0.245,0.000,0.000,0.000,0.205,0.000,2.141
Colo_rep6_Dep6_Tu10,0.000,2.961,0.000,0.000,0.000,10.150,0.000,1.951,0.000,0.000,0.699,0.000,48.067,0.000,0.075,5.055,6.488,4.911,16.749,0.000,0.000,0.000,2.893
Colo_rep10_Dep6_Tu3,0.000,10.627,0.000,0.000,0.000,0.000,0.000,1.630,0.000,0.000,2.769,0.000,53.236,1.265,6.460,21.095,0.289,0.000,0.000,0.000,0.090,0.000,2.537
Colo_rep1_Dep6_Tu30,0.000,7.594,0.000,0.004,0.000,33.979,0.000,0.000,0.000,0.000,1.522,0.000,34.520,0.000,12.787,0.000,1.333,0.362,0.780,0.083,0.000,0.000,7.036
Colo_rep1_Dep6_Tu0.1,0.000,15.580,0.000,0.000,0.000,0.000,0.000,0.376,0.000,0.000,1.851,0.000,52.698,0.000,0.212,19.959,0.649,0.000,0.000,0.000,0.000,0.000,8.674
Colo_rep7_Dep6_Tu5,0.000,6.745,0.000,0.000,0.000,0.000,0.000,13.037,0.000,0.000,4.707,0.000,50.329,4.047,1.376,0.070,0.927,0.810,0.000,0.000,13.276,0.000,4.674
Colo_rep7_Dep6_Tu0.1,0.000,3.706,0.000,0.000,0.000,0.000,0.000,0.000,0.000,0.000,1.202,0.000,52.644,0.000,24.075,11.171,1.261,0.324,0.000,0.000,0.143,0.000,5.472
Colo_rep6_Dep6_Tu40,0.000,3.378,0.000,0.000,0.000,43.364,0.000,0.000,0.000,0.000,3.707,0.000,26.883,0.000,11.625,2.073,0.000,4.681,1.349,0.067,0.000,0.000,2.873
Colo_rep8_Dep6_Tu2,0.000,1.344,0.000,0.000,0.000,0.000,0.000,1.940,0.000,0.000,2.967,0.000,52.537,0.000,0.000,2.534,0.567,1.269,28.222,0.000,0.402,0.000,8.218
Colo_rep7_Dep6_Tu0.5,0.000,11.974,0.000,0.000,0.000,0.000,0.000,0.000,0.000,0.000,0.700,0.000,52.924,19.825,0.000,11.676,1.439,0.000,0.010,0.000,0.000,0.000,1.450
Colo_rep5_Dep6_Tu20,0.000,2.253,0.000,0.000,0.000,20.715,0.000,0.000,0.000,0.000,2.947,0.000,37.205,14.806,0.000,0.000,13.239,7.335,0.000,0.003,0.000,0.000,1.496
Colo_rep8_Dep6_Tu0.3,0.000,14.026,0.000,0.000,0.000,0.000,0.000,0.000,0.000,0.000,2.687,0.000,51.496,0.120,0.000,28.225,0.176,0.091,0.000,0.000,0.000,0.000,3.179
Colo_rep4_Dep6_Tu5,0.000,0.000,0.000,0.000,0.000,0.000,0.000,0.000,0.000,0.000,2.212,0.000,46.400,0.000,0.932,0.000,5.334,32.873,1.873,0.000,10.375,0.000,0.000
Colo_rep9_Dep6_Tu1,0.000,14.197,0.000,0.000,0.000,0.000,0.000,0.207,0.000,0.000,2.076,0.000,49.993,0.000,0.168,5.063,0.453,1.400,0.000,0.000,0.000,0.000,26.442
Colo_rep1_Dep6_Tu0.5,0.000,4.858,0.000,0.000,0.000,0.000,0.000,0.000,0.000,0.000,1.392,0.000,50.376,22.742,0.000,8.136,0.683,1.666,0.000,0.000,0.000,0.000,10.146
Colo_rep8_Dep6_Tu3,0.000,0.000,0.000,0.000,0.000,0.000,0.000,0.530,0.000,0.000,0.755,0.000,51.426,0.157,0.834,7.160,33.883,4.572,0.000,0.000,0.186,0.000,0.498
Colo_rep5_Dep6_Tu0.3,0.000,0.000,0.000,0.000,0.000,0.000,0.000,0.011,0.000,0.000,2.432,0.000,47.838,0.000,0.087,0.290,4.395,32.919,1.535,0.000,10.449,0.000,0.045
Colo_rep2_Dep6_Tu30,0.000,5.390,0.000,0.000,0.000,32.765,0.000,0.000,0.000,0.000,1.889,0.000,33.391,0.000,8.833,14.179,0.408,0.329,0.672,0.000,0.000,0.000,2.143
Colo_rep7_Dep6_Tu10,0.000,1.953,0.000,0.000,0.000,10.522,0.000,0.121,0.000,0.000,0.723,0.000,47.159,0.000,22.154,10.866,1.249,0.000,0.000,0.000,1.962,0.000,3.291
Colo_rep2_Dep6_Tu40,0.000,3.368,0.000,0.000,0.000,40.225,0.000,0.473,0.000,0.000,3.374,0.000,27.873,8.939,1.030,0.000,2.906,0.000,11.811,0.000,0.000,0.000,0.000
Colo_rep3_Dep6_Tu0.1,0.000,0.000,0.000,0.000,0.000,0.000,0.000,0.225,0.000,0.000,2.025,0.000,52.165,0.862,0.298,4.755,4.629,5.701,18.751,0.000,0.000,0.000,10.589
Colo_rep3_Dep6_Tu1,0.000,0.000,0.000,0.000,0.000,0.000,0.000,0.000,0.000,0.000,1.401,0.000,54.066,0.000,0.000,6.007,0.196,3.083,27.444,0.000,0.000,0.000,7.803
Colo_rep8_Dep6_Tu1,0.000,2.992,0.000,0.000,0.000,0.000,0.000,0.876,0.000,0.000,1.931,0.000,55.229,0.000,2.315,3.145,3.900,0.000,26.358,0.000,0.196,0.000,3.057
Colo_rep4_Dep6_Tu1,0.000,0.168,0.000,0.000,0.000,0.000,0.000,1.831,0.000,0.000,1.357,0.000,49.909,13.795,0.125,0.189,7.908,21.944,1.977,0.000,0.000,0.000,0.795
Colo_rep5_Dep6_Tu40,0.000,1.539,0.000,0.000,0.000,41.018,0.000,0.000,0.000,0.000,2.938,0.000,26.028,6.158,13.297,0.000,1.574,0.747,6.523,0.177,0.000,0.000,0.000
Colo_rep5_Dep6_Tu10,0.000,0.000,0.000,0.000,0.000,9.956,0.000,1.197,0.000,0.000,3.867,0.000,45.200,0.000,4.581,0.000,16.968,7.947,0.000,0.000,0.000,0.000,10.284
Colo_rep2_Dep6_Tu0.3,0.000,0.209,0.000,0.000,0.000,0.000,0.000,0.000,0.000,0.000,0.845,0.000,52.799,0.000,0.000,7.068,34.088,1.824,0.708,0.000,0.094,0.000,2.363
Colo_rep10_Dep6_Tu30,0.000,5.256,0.000,0.007,0.000,32.827,0.000,0.000,0.000,0.000,2.825,0.000,33.239,0.000,15.933,5.562,1.133,0.653,0.631,0.066,0.000,0.000,1.869
Colo_rep1_Dep6_Tu40,0.000,0.000,0.000,0.000,0.000,46.053,0.000,0.000,0.000,0.000,2.368,0.000,25.871,0.000,12.385,0.000,0.000,10.577,0.000,0.199,0.000,0.000,2.546
Colo_rep6_Dep6_Tu0.1,0.000,30.739,0.000,0.000,0.000,0.000,0.000,0.000,0.000,0.000,2.413,0.000,53.595,7.806,0.000,1.871,0.000,2.284,0.000,0.000,0.000,0.000,1.291
Colo_rep7_Dep6_Tu40,0.000,0.000,0.000,0.000,0.000,43.872,0.000,1.041,0.000,0.000,4.104,0.000,25.403,0.000,11.331,0.473,6.497,7.103,0.000,0.175,0.000,0.000,0.000
Colo_rep1_Dep6_Tu50,0.000,1.049,0.000,0.000,0.000,51.390,0.000,0.000,0.000,0.000,2.383,0.000,21.553,0.000,7.963,1.169,0.000,4.511,9.583,0.399,0.000,0.000,0.000
Colo_rep1_Dep6_Tu0.3,0.000,18.840,0.000,0.000,0.000,0.000,0.000,3.921,0.000,0.000,2.964,0.000,52.885,16.307,1.762,2.165,0.078,0.000,0.000,0.000,0.000,0.000,1.078
Colo_rep9_Dep6_Tu20,0.000,12.048,0.000,0.000,0.000,23.423,0.000,0.000,0.000,0.000,4.067,0.000,41.018,0.000,0.000,5.619,2.010,2.356,0.000,0.000,0.000,0.000,9.457
Colo_rep4_Dep6_Tu10,0.000,3.242,0.000,0.000,0.000,9.866,0.000,0.242,0.000,0.000,1.486,0.000,48.429,0.000,7.390,1.588,2.452,2.450,0.000,0.000,0.627,0.000,22.229
Colo_rep6_Dep6_Tu5,0.000,0.000,0.000,0.000,0.000,0.000,0.000,7.649,0.000,0.000,2.115,0.000,51.302,1.990,3.242,2.616,1.664,0.821,0.000,0.000,28.352,0.000,0.248
Colo_rep9_Dep6_Tu5,0.000,1.649,0.000,0.000,0.000,0.000,0.000,18.408,0.000,0.000,1.587,0.000,49.542,0.211,0.000,0.000,1.708,21.846,0.000,0.000,5.049,0.000,0.000
Colo_rep3_Dep6_Tu50,0.000,11.400,0.000,0.000,0.000,48.831,0.000,0.000,0.000,0.000,2.591,0.000,22.445,0.000,8.682,0.000,0.000,2.899,2.182,0.249,0.000,0.000,0.721
Colo_rep5_Dep6_Tu1,0.000,0.605,0.000,0.000,0.000,0.000,0.000,18.290,0.000,0.000,1.586,0.000,50.031,0.000,0.000,0.553,1.406,21.935,0.108,0.000,5.407,0.000,0.077
Colo_rep5_Dep6_Tu3,0.000,0.000,0.000,0.000,0.000,0.000,0.000,0.135,0.000,0.000,1.111,0.000,51.259,0.000,24.987,6.188,2.769,0.572,0.000,0.000,0.000,0.000,12.977
Colo_rep2_Dep6_Tu1,0.000,10.936,0.000,0.000,0.000,0.000,0.000,0.555,0.000,0.000,9.407,0.000,51.470,0.000,1.768,4.748,4.130,2.464,3.778,0.000,0.751,0.000,9.992
Colo_rep7_Dep6_Tu1,0.000,10.215,0.000,0.000,0.000,0.000,0.000,3.509,0.000,0.000,3.512,0.000,54.781,0.000,0.000,18.915,0.351,0.000,0.000,0.000,1.767,0.000,6.950
Colo_rep5_Dep6_Tu2,0.000,0.224,0.000,0.000,0.000,0.000,0.000,1.574,0.000,0.000,1.233,0.000,53.491,12.012,2.599,0.377,13.122,0.000,7.445,0.000,7.696,0.000,0.227
Colo_rep4_Dep6_Tu40,0.000,0.000,0.000,0.000,0.000,45.217,0.000,0.000,0.000,0.000,2.284,0.000,26.919,0.000,18.560,0.700,1.044,3.586,0.672,0.277,0.000,0.000,0.739
Colo_rep2_Dep6_Tu20,0.000,4.888,0.000,0.000,0.000,22.163,0.000,0.000,0.000,0.000,1.603,0.000,38.533,0.000,3.593,3.677,1.217,0.623,0.195,0.000,15.442,0.000,8.064
Colo_rep4_Dep6_Tu0.5,0.000,5.660,0.000,0.000,0.000,0.000,0.000,0.637,0.000,0.000,1.610,0.000,48.911,0.000,0.059,0.652,6.596,27.234,6.328,0.000,0.000,0.000,2.313
Colo_rep2_Dep6_Tu5,0.000,0.411,0.000,0.000,0.000,0.000,0.000,0.141,0.000,0.000,0.693,0.000,51.927,0.268,0.308,7.147,33.591,2.670,0.690,0.000,0.045,0.000,2.107
Colo_rep2_Dep6_Tu3,0.000,0.000,0.000,0.000,0.000,0.000,0.000,0.000,0.000,0.000,6.820,0.000,49.137,2.757,2.989,1.104,2.666,6.128,0.000,0.000,8.101,0.000,20.297
Colo_rep3_Dep6_Tu10,0.000,22.912,0.000,0.003,0.000,10.794,0.000,3.013,0.000,0.000,4.162,0.000,47.672,0.000,3.373,1.458,0.000,1.834,4.506,0.000,0.000,0.000,0.272
Colo_rep8_Dep6_Tu0.5,0.000,2.538,0.000,0.000,0.000,0.000,0.000,0.000,0.000,0.000,0.546,0.000,49.392,24.138,0.000,9.203,0.383,0.197,0.000,0.000,3.514,0.000,10.087
Colo_rep7_Dep6_Tu3,0.000,0.108,0.000,0.000,0.000,0.000,0.000,0.505,0.000,0.000,1.402,0.000,48.568,7.342,0.650,0.113,5.713,26.541,2.427,0.000,6.448,0.000,0.184
Colo_rep3_Dep6_Tu0.5,0.000,0.097,0.000,0.000,0.000,0.000,0.000,0.000,0.000,0.000,6.155,0.000,49.394,0.308,0.000,15.289,4.299,0.000,20.044,0.000,0.124,0.000,4.290
Colo_rep3_Dep6_Tu20,0.000,8.169,0.000,0.000,0.000,22.020,0.000,0.000,0.000,0.000,2.855,0.000,40.852,0.000,0.000,18.755,1.867,0.000,0.000,0.000,0.000,0.000,5.480
Colo_rep1_Dep6_Tu2,0.000,13.777,0.000,0.000,0.000,0.000,0.000,0.000,0.000,0.000,1.232,0.000,50.444,0.000,0.105,4.505,0.806,1.119,0.000,0.000,0.000,0.000,28.012
Colo_rep9_Dep6_Tu50,0.000,0.954,0.000,0.000,0.000,52.984,0.000,0.000,0.000,0.000,1.458,0.000,20.709,0.105,21.788,0.000,0.894,0.777,0.000,0.331,0.000,0.000,0.000
Colo_rep3_Dep6_Tu0.3,0.000,2.388,0.000,0.000,0.000,0.000,0.000,0.000,0.000,0.000,0.532,0.000,49.370,24.172,0.000,9.207,0.321,0.250,0.000,0.000,3.600,0.000,10.159
Colo_rep1_Dep6_Tu3,0.000,10.013,0.000,0.000,0.000,0.000,0.000,0.000,0.000,0.000,2.470,0.000,51.405,16.521,0.484,1.130,0.465,0.000,0.000,0.000,3.941,0.000,13.569
Br62_rep5_Dep6_Tu0.5,0.000,11.775,0.000,0.000,0.000,0.000,0.000,0.704,0.000,0.000,1.637,0.000,53.890,0.045,0.000,13.218,0.525,0.000,0.281,0.000,0.348,0.000,17.575
Br62_rep5_Dep6_Tu3,0.000,2.217,0.000,0.024,0.000,0.000,0.000,0.000,0.000,0.000,0.813,0.000,51.558,0.000,21.897,6.248,1.953,0.711,0.000,0.000,2.828,0.000,11.750
Br62_rep6_Dep6_Tu30,0.000,0.000,0.000,2.085,0.000,0.000,0.000,0.000,0.000,28.204,0.352,0.000,31.612,0.000,0.513,0.000,3.917,14.429,7.535,0.000,11.351,0.000,0.000
Br62_rep7_Dep6_Tu20,0.000,0.000,0.000,1.084,0.000,0.000,0.000,0.000,0.000,21.495,0.426,0.000,40.336,0.000,30.216,0.000,0.048,0.000,1.257,0.000,5.137,0.000,0.000
Br62_rep2_Dep6_Tu40,0.000,0.187,0.000,3.174,0.000,0.000,0.000,0.000,0.000,39.566,0.543,0.000,26.294,0.000,0.061,0.027,2.381,0.528,16.284,0.000,10.955,0.000,0.000
Br62_rep8_Dep6_Tu0.5,0.000,2.289,0.000,0.000,0.000,0.000,0.000,0.000,0.000,0.000,0.535,0.000,49.392,24.146,0.000,9.290,0.150,0.132,0.000,0.000,3.829,0.000,10.237
Br62_rep5_Dep6_Tu2,0.000,0.000,0.000,0.002,0.000,0.000,0.000,2.188,0.000,0.000,1.138,0.000,53.135,11.518,2.252,0.340,12.942,0.000,7.798,0.000,8.657,0.000,0.031
Br62_rep4_Dep6_Tu50,0.000,0.000,0.000,4.394,1.336,0.000,0.000,0.000,0.000,49.731,0.319,0.632,20.492,0.000,0.000,0.000,2.398,0.000,9.864,0.000,10.674,0.000,0.160
Br62_rep8_Dep6_Tu40,0.000,0.000,0.000,2.741,0.118,0.000,0.000,0.000,0.000,40.931,0.186,0.000,27.705,0.377,18.193,0.000,0.358,0.000,0.173,0.000,6.488,0.000,2.729
Br62_rep7_Dep6_Tu2,0.000,0.000,0.000,0.000,0.000,0.000,0.000,7.775,0.000,0.000,1.845,0.000,52.320,2.048,1.241,3.106,1.858,0.404,0.000,0.000,28.262,0.000,1.141
Br62_rep9_Dep6_Tu40,0.000,0.000,0.000,2.691,0.067,0.000,0.000,0.000,0.000,44.897,0.497,0.000,30.367,0.000,0.000,0.000,0.000,0.000,17.789,0.000,3.692,0.000,0.000
Br62_rep10_Dep6_Tu2,0.000,9.161,0.000,0.000,0.000,0.000,0.000,1.788,0.000,0.000,1.082,0.000,52.333,2.257,2.847,11.954,0.444,1.430,0.483,0.000,0.609,0.000,15.612
Br62_rep6_Dep6_Tu10,0.000,0.000,0.000,0.104,0.000,0.000,0.000,1.380,0.000,10.090,0.436,0.000,47.095,0.465,1.926,2.453,5.957,4.161,19.009,0.000,0.000,0.000,6.922
Br62_rep2_Dep6_Tu2,0.000,27.387,0.000,0.002,0.000,0.000,0.000,4.673,0.000,0.000,1.083,0.000,54.071,0.000,0.220,0.000,2.015,5.109,0.000,0.000,5.439,0.000,0.000
Br62_rep9_Dep6_Tu5,0.000,0.000,0.000,0.048,0.000,0.000,0.000,18.867,0.000,0.517,1.519,0.000,49.345,0.000,0.000,0.000,0.880,21.998,0.370,0.000,6.453,0.000,0.000
Br62_rep6_Dep6_Tu40,0.000,0.000,0.000,2.929,0.000,0.000,0.000,0.000,0.000,46.387,0.726,0.000,29.847,0.000,0.000,0.000,0.000,0.000,0.000,0.000,9.528,0.000,10.581
Br62_rep4_Dep6_Tu20,0.000,0.000,0.000,0.861,0.000,0.000,0.000,0.000,0.000,25.545,0.646,0.000,39.658,0.000,6.560,0.000,14.676,0.000,0.000,0.000,10.461,0.000,1.592
Br62_rep9_Dep6_Tu1,0.000,13.856,0.000,0.000,0.000,0.000,0.000,0.700,0.000,0.000,2.050,0.000,49.975,0.000,0.000,4.896,0.604,1.214,0.099,0.000,0.134,0.000,26.471
Br62_rep1_Dep6_Tu0.3,0.000,18.260,0.000,0.000,0.000,0.000,0.000,3.831,0.000,0.000,2.841,0.000,52.867,16.505,1.780,1.712,0.174,0.000,0.457,0.000,0.000,0.000,1.573
Br62_rep3_Dep6_Tu5,0.000,1.145,0.000,0.040,0.000,0.000,0.000,12.741,0.000,1.867,0.231,0.000,52.452,0.000,1.927,14.022,6.567,0.000,0.000,0.000,7.180,0.000,1.828
Br62_rep9_Dep6_Tu50,0.000,0.000,0.000,4.662,0.303,0.000,0.132,0.000,0.000,52.402,0.000,0.000,20.145,0.000,14.491,0.000,0.000,0.000,0.000,0.000,7.863,0.000,0.000
Br62_rep5_Dep6_Tu30,0.000,0.000,0.000,1.696,0.000,0.000,0.000,0.000,0.000,32.438,1.542,0.000,33.618,0.000,0.000,5.207,2.781,2.102,0.000,0.000,20.614,0.000,0.000
Br62_rep9_Dep6_Tu0.5,0.000,3.456,0.000,0.000,0.000,0.000,0.000,0.000,0.000,0.000,1.097,0.000,53.168,0.129,16.565,15.605,0.822,1.199,0.000,0.000,3.560,0.000,4.400
Br62_rep1_Dep6_Tu20,0.000,0.000,0.000,1.080,0.000,0.000,0.000,1.471,0.000,22.727,0.526,0.000,42.340,0.000,0.318,0.000,15.957,0.000,0.000,0.000,14.919,0.000,0.661
Br62_rep4_Dep6_Tu2,0.000,0.000,0.000,0.000,0.000,0.000,0.000,2.192,0.000,0.000,1.300,0.000,53.846,0.476,0.000,0.000,2.077,9.697,19.071,0.000,0.289,0.000,11.053
Br62_rep8_Dep6_Tu3,0.000,0.000,0.000,0.000,0.000,0.000,0.000,0.775,0.000,0.021,0.645,0.000,51.596,0.000,0.365,7.318,33.901,4.743,0.000,0.000,0.398,0.000,0.237
Br62_rep2_Dep6_Tu5,0.000,0.000,0.000,0.033,0.000,0.000,0.000,0.000,0.000,2.172,0.640,0.000,51.585,0.000,0.000,6.830,33.247,1.476,1.295,0.000,0.759,0.000,1.962
Br62_rep2_Dep6_Tu1,0.000,9.975,0.000,0.000,0.000,0.000,0.000,1.760,0.000,0.000,9.444,0.000,52.112,0.000,0.000,4.847,4.449,0.001,4.648,0.000,2.060,0.000,10.702
Br62_rep8_Dep6_Tu1,0.000,2.998,0.000,0.000,0.000,0.000,0.000,0.000,0.000,0.000,1.825,0.000,55.185,0.000,2.646,3.543,3.524,0.000,26.719,0.000,0.838,0.000,2.720
Br62_rep10_Dep6_Tu0.1,0.000,0.581,0.000,0.000,0.000,0.000,0.000,1.301,0.000,0.000,2.162,0.000,50.501,20.058,0.000,0.738,6.450,0.000,17.416,0.000,0.108,0.000,0.683
Br62_rep3_Dep6_Tu40,0.000,0.000,0.000,3.134,0.000,0.000,0.000,0.000,0.000,40.845,0.247,0.000,30.102,0.000,0.000,0.000,0.677,0.912,20.308,0.000,3.774,0.000,0.000
Br62_rep8_Dep6_Tu0.3,0.000,13.985,0.000,0.000,0.000,0.000,0.000,0.000,0.000,0.000,2.685,0.000,51.505,0.141,0.028,28.184,0.076,0.039,0.000,0.000,0.069,0.000,3.287
Br62_rep4_Dep6_Tu0.5,0.000,0.320,0.000,0.000,0.000,0.000,0.000,0.495,0.000,0.000,1.201,0.000,48.694,7.258,0.085,0.519,6.328,21.656,6.645,0.000,4.719,0.000,2.080
Br62_rep6_Dep6_Tu50,0.000,0.000,0.000,5.099,1.456,0.000,0.000,0.000,0.000,49.000,0.179,0.000,20.937,0.000,0.000,0.000,10.668,0.000,0.000,0.000,12.659,0.000,0.000
Br62_rep7_Dep6_Tu0.1,0.000,3.836,0.000,0.000,0.000,0.000,0.000,0.000,0.000,0.000,1.151,0.000,52.634,0.000,24.322,11.126,1.260,0.321,0.000,0.000,0.000,0.000,5.350
Br62_rep9_Dep6_Tu30,0.000,0.000,0.000,1.809,0.157,0.000,0.000,0.000,0.000,33.565,3.102,0.000,35.847,0.275,0.000,0.000,1.596,4.757,18.891,0.000,0.000,0.000,0.000
Br62_rep6_Dep6_Tu20,0.000,0.000,0.000,0.598,0.000,0.000,0.000,0.025,0.000,21.214,0.449,0.000,40.236,13.707,9.971,0.000,3.327,0.000,0.000,0.000,10.473,0.000,0.000
Br62_rep5_Dep6_Tu5,0.000,0.407,0.000,0.019,0.000,0.000,0.000,0.773,0.000,1.047,0.822,0.000,48.257,6.393,0.000,0.358,5.691,25.093,3.690,0.000,7.448,0.000,0.000
Br62_rep4_Dep6_Tu40,0.109,0.000,0.000,3.209,0.246,0.000,0.000,0.000,0.000,43.660,0.425,0.000,28.516,0.000,11.682,0.000,0.000,0.000,2.347,0.000,9.805,0.000,0.000
Br62_rep8_Dep6_Tu0.1,0.000,1.016,0.000,0.000,0.000,0.000,0.000,0.000,0.000,0.000,1.358,0.000,51.517,18.495,0.000,5.468,8.311,0.716,12.642,0.000,0.451,0.000,0.025
Br62_rep1_Dep6_Tu40,0.000,0.000,0.000,3.873,0.000,0.000,0.000,0.000,0.000,42.476,0.086,0.000,29.183,0.000,0.000,0.000,0.000,0.000,15.338,0.715,8.328,0.000,0.000
Br62_rep3_Dep6_Tu30,0.000,1.773,0.000,1.997,0.028,0.000,0.000,0.000,0.000,33.417,1.088,0.000,34.056,0.000,6.402,0.000,0.394,1.492,0.000,0.000,7.449,0.000,11.904
Br62_rep7_Dep6_Tu0.5,0.000,11.974,0.000,0.000,0.000,0.000,0.000,0.000,0.000,0.000,0.673,0.000,52.931,19.595,0.000,11.804,1.331,0.000,0.000,0.000,0.000,0.000,1.692
Br62_rep1_Dep6_Tu10,0.000,0.000,0.000,0.320,0.000,0.000,0.000,4.409,0.000,7.321,0.500,0.000,45.693,0.000,0.187,0.271,0.000,24.135,7.179,0.000,9.546,0.000,0.438
Br62_rep10_Dep6_Tu20,0.000,0.000,0.000,0.586,0.000,0.000,0.000,0.000,0.000,20.841,1.099,0.000,39.119,10.459,0.000,0.000,1.331,0.000,19.899,0.000,6.665,0.000,0.000
Br62_rep1_Dep6_Tu5,0.000,0.000,0.000,0.023,0.000,0.000,0.000,2.366,0.000,1.717,0.793,0.000,49.753,10.297,0.000,9.655,0.847,0.707,0.000,0.000,16.679,0.000,7.162
Br62_rep3_Dep6_Tu50,0.000,0.000,0.000,5.158,1.229,0.000,0.000,0.000,0.000,48.460,0.182,0.000,23.210,0.000,0.401,0.000,0.000,0.095,4.498,0.000,16.767,0.000,0.000
Br62_rep1_Dep6_Tu3,0.000,10.004,0.000,0.011,0.000,0.000,0.000,0.000,0.000,0.032,2.210,0.000,51.286,15.366,0.655,0.985,0.538,0.000,0.000,0.000,4.961,0.000,13.952
Br62_rep7_Dep6_Tu30,0.000,0.779,0.000,2.278,0.000,0.000,0.000,0.000,0.000,32.807,0.432,0.000,33.815,0.000,18.770,0.000,0.000,0.000,0.000,0.000,5.673,0.000,5.445
Br62_rep6_Dep6_Tu1,0.000,0.000,0.000,0.000,0.000,0.000,0.000,16.072,0.000,0.000,2.295,0.000,53.588,0.584,0.125,12.852,4.101,0.000,0.000,0.000,5.562,0.000,4.820
Br62_rep1_Dep6_Tu0.5,0.000,5.180,0.000,0.000,0.000,0.000,0.000,0.000,0.000,0.000,1.431,0.000,50.373,22.704,0.000,8.394,0.773,1.320,0.000,0.000,0.000,0.000,9.824
Br62_rep1_Dep6_Tu0.1,0.000,15.723,0.000,0.000,0.000,0.000,0.000,0.679,0.000,0.000,1.825,0.000,52.640,0.000,0.198,19.918,0.655,0.000,0.000,0.000,0.000,0.000,8.361
Br62_rep9_Dep6_Tu3,0.000,0.000,0.000,0.008,0.000,0.000,0.000,0.343,0.000,0.000,3.948,0.000,48.365,2.587,0.199,13.859,15.881,6.408,0.000,0.000,0.049,0.000,8.353
Br62_rep5_Dep6_Tu40,0.000,0.000,0.000,3.208,0.000,0.000,0.000,0.000,0.000,40.354,0.116,0.000,28.108,0.000,2.575,0.000,0.606,0.000,12.314,0.000,12.718,0.000,0.000
Br62_rep10_Dep6_Tu3,0.000,9.617,0.000,0.000,0.000,0.000,0.000,2.519,0.000,0.000,2.840,0.000,52.768,0.756,5.522,22.251,0.000,0.299,0.000,0.000,0.963,0.000,2.465
Br62_rep2_Dep6_Tu0.3,0.000,0.178,0.000,0.000,0.000,0.000,0.000,0.000,0.000,0.000,0.900,0.000,53.171,0.000,0.000,6.783,34.613,0.000,1.102,0.000,0.238,0.000,3.013
Br62_rep10_Dep6_Tu40,0.000,0.000,0.000,3.779,0.120,0.000,0.000,0.000,0.000,47.330,0.226,0.000,28.428,0.000,8.857,0.000,2.031,0.000,0.000,0.000,9.228,0.000,0.000
Br62_rep3_Dep6_Tu2,0.000,0.000,0.000,0.009,0.000,0.000,0.000,9.187,0.000,0.000,1.467,0.000,51.299,18.881,0.364,1.268,0.119,0.000,0.667,0.000,4.955,0.000,11.783
Br62_rep5_Dep6_Tu1,0.000,0.880,0.000,0.000,0.000,0.000,0.000,18.352,0.000,0.000,1.683,0.000,50.138,0.000,0.000,0.000,1.396,21.975,0.124,0.000,5.451,0.000,0.000
Br62_rep4_Dep6_Tu1,0.000,0.170,0.000,0.000,0.000,0.000,0.000,2.092,0.000,0.000,1.265,0.000,49.660,13.206,0.147,0.197,8.421,22.116,1.268,0.000,0.965,0.000,0.493
Br62_rep10_Dep6_Tu0.5,0.000,0.243,0.000,0.000,0.000,0.000,0.000,1.372,0.000,0.000,0.885,0.000,50.377,12.494,0.000,0.832,5.124,22.428,4.029,0.000,2.201,0.000,0.015
Br62_rep5_Dep6_Tu20,0.000,0.903,0.000,0.680,0.000,0.000,0.000,0.000,0.000,21.049,1.645,0.000,38.366,17.565,0.000,0.000,16.634,0.000,0.000,0.000,1.567,0.000,1.589
Br62_rep6_Dep6_Tu0.3,0.000,0.135,0.000,0.000,0.000,0.000,0.000,0.000,0.000,0.000,6.110,0.000,49.443,0.480,0.000,15.257,4.095,0.000,20.189,0.000,0.159,0.000,4.131
Br62_rep9_Dep6_Tu0.3,0.000,13.925,0.000,0.000,0.000,0.000,0.000,0.000,0.000,0.000,2.693,0.000,51.475,0.140,0.198,28.076,0.120,0.042,0.000,0.000,0.047,0.000,3.283
Br62_rep2_Dep6_Tu20,0.000,0.000,0.000,0.993,0.000,0.000,0.000,0.000,0.000,22.222,0.674,0.000,39.094,0.000,0.000,6.370,0.000,0.000,1.729,0.000,20.686,0.000,8.231
Br62_rep6_Dep6_Tu0.5,0.000,0.085,0.000,0.000,0.000,0.000,0.000,0.449,0.000,0.000,2.736,0.000,49.593,24.902,0.000,0.956,13.762,6.504,0.000,0.000,0.073,0.000,0.940
Br62_rep8_Dep6_Tu10,0.000,0.764,0.000,0.171,0.000,0.000,0.000,5.101,0.000,8.784,0.873,0.000,44.824,13.555,0.000,0.000,4.190,0.566,16.963,0.000,3.904,0.000,0.304
Br62_rep2_Dep6_Tu0.1,0.000,0.103,0.000,0.000,0.000,0.000,0.000,0.036,0.000,0.000,0.993,0.000,51.099,1.323,0.000,9.442,18.946,11.277,0.000,0.000,0.000,0.000,6.779
Br62_rep5_Dep6_Tu10,0.000,0.000,0.000,0.140,0.000,0.000,0.000,0.000,0.000,10.249,1.309,0.000,47.549,0.000,0.000,0.000,8.914,3.026,15.631,0.000,4.183,0.000,8.998
Br62_rep10_Dep6_Tu10,0.000,0.000,0.000,0.083,0.000,0.000,0.000,0.000,0.000,10.250,0.750,0.000,46.376,13.308,0.555,0.000,9.906,0.000,12.523,0.000,5.270,0.000,0.976
Br62_rep4_Dep6_Tu10,0.000,2.822,0.000,0.302,0.000,0.000,0.000,0.000,0.000,7.684,1.259,0.000,47.522,0.000,7.989,0.196,1.099,3.877,0.000,0.000,4.105,0.000,23.146
Br62_rep3_Dep6_Tu0.1,0.000,0.000,0.000,0.000,0.000,0.000,0.000,0.241,0.000,0.000,1.985,0.000,52.206,0.829,0.270,4.958,4.641,5.341,18.947,0.000,0.000,0.000,10.582
Br62_rep2_Dep6_Tu50,0.000,0.000,0.000,4.429,0.236,0.000,0.000,0.000,0.000,56.019,0.315,0.000,24.914,0.000,0.000,0.000,0.000,0.000,1.669,0.000,12.418,0.000,0.000
Br62_rep9_Dep6_Tu10,0.000,0.000,0.000,0.194,0.000,0.000,0.000,3.180,0.000,8.107,1.342,0.000,48.421,0.000,1.914,0.000,1.197,2.150,24.849,0.000,0.789,0.000,7.856
Br62_rep5_Dep6_Tu0.3,0.000,0.000,0.000,0.000,0.000,0.000,0.000,0.426,0.000,0.000,2.375,0.000,47.915,0.000,0.027,0.151,4.365,32.794,1.549,0.000,10.397,0.000,0.000
Br62_rep8_Dep6_Tu50,0.000,0.000,0.000,4.854,0.507,0.000,0.000,0.000,0.000,46.085,0.196,0.000,22.109,0.000,0.000,0.000,0.000,0.000,12.523,0.000,13.725,0.000,0.000
Br62_rep4_Dep6_Tu0.3,0.000,7.646,0.000,0.000,0.000,0.000,0.000,0.424,0.000,0.000,1.702,0.000,51.897,0.869,0.104,14.987,0.000,15.597,1.743,0.000,0.000,0.000,5.031
Br62_rep7_Dep6_Tu1,0.000,10.882,0.000,0.000,0.000,0.000,0.000,3.033,0.000,0.000,3.342,0.000,54.784,0.000,0.000,18.780,0.000,0.000,0.000,0.000,1.829,0.000,7.349
Br62_rep3_Dep6_Tu0.5,0.000,0.189,0.000,0.000,0.000,0.000,0.000,0.000,0.000,0.000,6.254,0.000,49.423,0.062,0.000,15.341,3.918,0.000,20.504,0.000,0.058,0.000,4.251
Br62_rep7_Dep6_Tu40,0.000,0.000,0.000,3.058,0.238,0.000,0.000,0.000,0.000,41.348,0.531,0.000,28.716,0.000,3.018,0.000,2.564,0.098,16.040,0.000,4.389,0.000,0.000
Br62_rep2_Dep6_Tu3,0.000,0.000,0.000,0.000,0.000,0.000,0.000,0.000,0.000,0.000,7.019,0.000,49.685,0.000,2.196,1.369,4.197,5.954,0.000,0.000,9.383,0.000,20.195
Br62_rep2_Dep6_Tu0.5,0.000,11.062,0.000,0.000,0.000,0.000,0.000,2.076,0.000,0.000,3.088,0.000,53.886,0.617,2.106,26.266,0.472,0.000,0.000,0.000,0.030,0.000,0.396
Br62_rep1_Dep6_Tu50,0.000,0.000,0.000,3.742,1.209,0.000,0.000,0.000,0.000,50.278,0.139,0.000,22.596,0.000,0.000,0.000,0.000,0.000,12.397,0.000,9.638,0.000,0.000
Br62_rep3_Dep6_Tu3,0.000,0.000,0.000,0.009,0.000,0.000,0.000,10.301,0.000,0.000,0.851,0.000,50.792,0.000,0.000,2.402,5.787,0.000,5.297,0.000,4.936,0.000,19.625
Br62_rep7_Dep6_Tu3,0.000,0.181,0.000,0.006,0.000,0.000,0.000,0.410,0.000,0.041,1.183,0.000,48.652,7.189,0.489,0.033,6.130,26.475,2.620,0.000,6.443,0.000,0.146
Br62_rep3_Dep6_Tu0.3,0.000,2.075,0.000,0.000,0.000,0.000,0.000,0.000,0.000,0.000,0.548,0.000,49.397,24.177,0.000,9.305,0.209,0.115,0.000,0.000,3.927,0.000,10.246
Br62_rep8_Dep6_Tu30,0.000,0.000,0.000,2.472,0.084,0.000,0.000,0.000,0.000,36.543,0.412,0.000,34.654,0.000,8.096,0.000,0.000,2.551,7.271,0.000,7.916,0.000,0.000
Br62_rep4_Dep6_Tu30,0.000,2.978,0.000,2.054,0.000,0.000,0.000,0.000,0.000,38.307,0.315,0.000,34.488,0.000,15.368,0.000,0.000,0.000,0.000,0.000,6.488,0.000,0.000
Br62_rep6_Dep6_Tu3,0.000,24.618,0.000,0.014,0.000,0.000,0.000,0.000,0.000,0.000,1.793,0.000,53.614,11.135,0.000,3.272,0.000,0.000,0.000,0.000,1.823,0.000,3.729
Br62_rep4_Dep6_Tu0.1,0.000,15.729,0.000,0.000,0.000,0.000,0.000,1.434,0.000,0.000,3.099,0.000,52.605,0.000,0.937,1.967,0.000,0.000,5.388,0.000,18.517,0.000,0.323
Br62_rep8_Dep6_Tu5,0.000,0.000,0.000,0.075,0.000,0.000,0.000,8.732,0.000,0.000,1.179,0.000,50.359,10.065,0.249,0.000,0.000,10.852,12.473,0.000,5.507,0.000,0.507
Br62_rep10_Dep6_Tu50,0.252,0.000,0.000,4.463,1.437,0.000,0.000,0.000,0.000,52.865,0.263,0.000,20.590,0.000,0.047,0.000,8.178,0.000,0.000,0.000,11.904,0.000,0.000
Br62_rep10_Dep6_Tu0.3,0.000,0.648,0.000,0.000,0.000,0.000,0.000,0.000,0.000,0.000,2.652,0.000,51.471,13.333,2.561,0.879,15.656,12.284,0.000,0.000,0.000,0.000,0.515
Br62_rep3_Dep6_Tu20,0.000,0.000,0.000,0.716,0.000,0.000,0.000,0.000,0.000,22.658,1.797,0.000,39.864,0.000,6.786,16.010,0.904,0.000,0.000,0.000,5.172,0.000,6.093
Br62_rep1_Dep6_Tu1,0.000,0.000,0.000,0.000,0.000,0.000,0.000,0.767,0.000,0.000,2.673,0.000,50.069,21.826,0.000,0.257,7.266,3.064,13.492,0.000,0.182,0.000,0.405
Br62_rep3_Dep6_Tu1,0.000,0.000,0.000,0.000,0.000,0.000,0.000,0.000,0.000,0.000,1.390,0.000,54.097,0.000,0.000,5.899,0.000,3.094,27.743,0.000,0.000,0.000,7.775
Br62_rep9_Dep6_Tu2,0.000,3.496,0.000,0.000,0.000,0.000,0.000,1.225,0.000,0.000,2.623,0.000,54.560,0.705,0.000,7.213,3.219,0.000,0.000,0.000,8.254,0.000,18.704
Br62_rep7_Dep6_Tu50,0.000,0.000,0.000,4.547,0.889,0.000,0.000,0.000,0.000,51.765,0.593,0.000,21.960,0.000,0.000,0.000,0.000,0.000,2.514,0.000,17.731,0.000,0.000
Br62_rep7_Dep6_Tu5,0.000,0.000,0.000,0.084,0.000,0.000,0.000,16.005,0.000,0.013,3.137,0.000,50.704,4.183,0.000,0.000,0.055,0.685,0.000,0.000,16.599,0.000,8.534
Br62_rep8_Dep6_Tu2,0.000,0.700,0.000,0.000,0.000,0.000,0.000,2.504,0.000,0.000,2.679,0.000,52.667,0.000,0.000,2.086,1.165,0.319,28.408,0.000,1.374,0.000,8.096
Br62_rep5_Dep6_Tu0.1,0.000,13.693,0.000,0.000,0.000,0.000,0.000,0.416,0.000,0.000,1.587,0.000,50.863,0.507,0.000,6.960,0.488,1.183,0.000,0.000,0.082,0.000,24.220
Br62_rep6_Dep6_Tu5,0.000,3.152,0.000,0.038,0.000,0.000,0.000,6.433,0.000,0.027,1.899,0.000,51.560,1.930,2.145,1.755,2.287,0.069,0.000,0.000,27.212,0.000,1.493
Br62_rep9_Dep6_Tu20,0.000,0.000,0.000,0.945,0.000,0.000,0.000,0.000,0.000,21.061,1.044,0.000,39.980,0.000,2.510,0.000,0.000,0.325,2.051,0.000,21.132,0.000,10.952
Br62_rep2_Dep6_Tu30,0.000,0.000,0.000,2.258,0.000,0.000,0.000,0.000,0.000,36.530,1.258,0.000,34.134,0.000,14.415,0.000,1.601,0.000,2.113,0.000,7.691,0.000,0.000
Br62_rep7_Dep6_Tu10,0.000,0.587,0.000,0.151,0.000,0.000,0.000,0.428,0.000,7.221,0.515,0.000,48.396,0.282,20.815,11.568,0.507,0.000,0.000,0.000,5.150,0.000,4.380
Br62_rep6_Dep6_Tu0.1,0.000,30.727,0.000,0.000,0.000,0.000,0.000,0.000,0.000,0.000,2.348,0.000,53.686,7.887,0.000,1.848,0.000,2.014,0.000,0.000,0.000,0.000,1.490
Br62_rep5_Dep6_Tu50,0.000,0.000,0.000,5.407,1.958,0.000,0.000,0.000,0.000,52.834,0.285,0.000,22.186,0.000,5.995,0.000,0.000,0.000,1.591,0.000,7.191,0.000,2.553
Br62_rep10_Dep6_Tu1,0.000,0.294,0.000,0.000,0.000,0.000,0.000,0.960,0.000,0.000,1.725,0.000,50.378,17.695,0.436,0.782,9.031,11.028,7.379,0.000,0.000,0.000,0.292
Br62_rep1_Dep6_Tu30,0.000,0.000,0.000,2.588,0.000,0.000,0.000,0.000,0.000,35.182,0.512,0.000,34.714,0.000,12.983,0.000,0.000,0.000,5.601,0.000,8.419,0.000,0.000
Br62_rep7_Dep6_Tu0.3,0.000,4.275,0.000,0.000,0.000,0.000,0.000,0.000,0.000,0.000,1.282,0.000,54.245,0.000,2.656,1.229,2.317,3.397,0.000,0.000,1.356,0.000,29.241
Br62_rep2_Dep6_Tu10,0.000,4.492,0.000,0.272,0.000,0.000,0.000,2.094,0.000,10.414,0.765,0.000,47.584,3.799,10.178,0.000,1.291,0.000,0.238,0.000,2.221,0.000,16.651
Br62_rep9_Dep6_Tu0.1,0.000,0.013,0.000,0.000,0.000,0.000,0.000,0.000,0.000,0.000,1.090,0.000,51.439,21.204,0.495,1.585,8.452,4.906,10.338,0.000,0.154,0.000,0.324
Br62_rep3_Dep6_Tu10,0.000,0.000,0.000,0.312,0.000,0.000,0.000,0.000,0.000,9.070,2.272,0.000,47.095,0.000,2.246,1.979,0.000,0.000,9.751,0.000,25.681,0.000,1.593
Br62_rep4_Dep6_Tu5,0.000,0.406,0.000,0.073,0.000,0.000,0.000,0.637,0.000,1.742,2.185,0.000,46.131,0.000,0.258,0.000,6.403,31.382,1.601,0.000,9.182,0.000,0.000
Br62_rep8_Dep6_Tu20,0.000,0.000,0.000,1.116,0.006,0.000,0.000,0.000,0.000,24.260,1.334,0.000,41.566,0.000,0.046,0.000,15.668,0.000,0.000,0.000,1.636,0.000,14.369
Br62_rep1_Dep6_Tu2,0.000,13.926,0.000,0.000,0.000,0.000,0.000,0.335,0.000,0.000,1.151,0.000,50.480,0.000,0.000,4.663,0.449,1.105,0.000,0.000,0.147,0.000,27.742
Br62_rep10_Dep6_Tu5,0.000,0.000,0.000,0.031,0.000,0.000,0.000,1.088,0.000,5.253,1.721,0.000,49.181,0.000,0.000,0.000,20.135,12.363,0.000,0.000,0.493,0.000,9.735
Br62_rep10_Dep6_Tu30,0.000,0.000,0.000,2.060,0.000,0.000,0.000,0.000,0.000,32.677,0.744,0.000,35.691,0.000,8.164,9.439,1.919,0.000,0.000,0.000,9.305,0.000,0.000
Br62_rep6_Dep6_Tu2,0.000,0.090,0.000,0.003,0.000,0.000,0.000,0.658,0.000,0.000,2.365,0.000,51.150,7.649,1.392,0.308,15.018,12.008,0.000,0.000,8.493,0.000,0.866
Br62_rep4_Dep6_Tu3,0.000,0.000,0.000,0.010,0.000,0.000,0.000,1.179,0.000,0.000,1.476,0.000,50.958,0.523,2.376,9.127,24.115,9.987,0.000,0.000,0.248,0.000,0.000
Br66_rep4_Dep6_Tu50,0.000,0.000,0.000,2.168,1.173,0.000,0.000,0.000,0.000,57.233,3.220,8.683,19.734,0.000,0.000,0.000,7.366,0.000,0.000,0.000,0.000,0.000,0.422
Br66_rep3_Dep6_Tu0.5,0.000,0.164,0.000,0.000,0.000,0.000,0.000,0.000,0.000,0.000,6.105,0.000,49.407,0.523,0.000,15.261,4.201,0.000,20.105,0.000,0.007,0.000,4.225
Br66_rep2_Dep6_Tu3,0.000,0.000,0.000,0.000,0.000,0.000,0.000,2.583,0.000,0.000,7.144,0.000,49.758,0.793,1.987,1.657,2.873,5.544,0.000,0.000,7.821,0.000,19.840
Br66_rep6_Dep6_Tu40,0.000,0.000,0.000,2.042,0.110,0.000,0.000,11.034,0.000,50.222,3.991,0.000,30.606,0.000,0.000,0.000,1.995,0.000,0.000,0.000,0.000,0.000,0.000
Br66_rep9_Dep6_Tu0.1,0.000,0.056,0.000,0.000,0.000,0.000,0.000,0.000,0.000,0.000,1.108,0.000,51.360,21.285,0.385,1.779,8.646,5.228,9.898,0.000,0.055,0.000,0.201
Br66_rep9_Dep6_Tu5,0.000,0.000,0.000,0.008,0.009,0.000,0.000,18.282,0.000,1.017,1.558,0.000,49.246,0.000,0.000,1.051,1.571,21.485,0.000,0.000,5.683,0.000,0.088
Br66_rep10_Dep6_Tu1,0.000,0.000,0.000,0.000,0.000,0.000,0.000,0.129,0.000,0.000,0.795,0.000,51.760,0.000,0.779,6.982,33.984,4.460,0.000,0.000,0.000,0.000,1.110
