Sample,BRCA,CEAD,CESC,COAD,OV,READ,bcell,cd4tcell,cd8tcell,erythroblast,monocyte,naturalkillercell,neutrophil
Colo_rep2_Dep6_Tu0.5,0.000,26.430,0.010,0.000,1.314,0.000,8.154,0.056,0.816,1.039,59.506,0.000,2.673
Colo_rep2_Dep6_Tu50,0.000,8.119,0.000,54.716,0.434,0.022,5.459,0.000,1.765,1.402,23.384,4.699,0.000
Colo_rep6_Dep6_Tu1,0.000,18.815,0.000,0.000,2.692,0.000,7.553,0.107,2.602,6.327,61.668,0.000,0.235
Colo_rep3_Dep6_Tu2,0.000,8.759,0.023,0.996,5.433,0.000,11.470,0.000,8.237,2.341,55.890,0.000,6.850
Colo_rep7_Dep6_Tu2,0.000,15.100,0.016,1.214,0.069,0.000,7.447,0.000,14.690,2.220,59.243,0.000,0.000
Colo_rep8_Dep6_Tu0.1,0.000,7.186,0.010,0.000,0.525,0.000,5.807,0.000,8.367,16.089,55.759,0.000,6.256
Colo_rep10_Dep6_Tu2,0.000,24.187,0.027,0.000,6.353,0.000,7.236,0.076,1.383,2.417,58.301,0.000,0.019
Colo_rep6_Dep6_Tu3,0.000,12.675,0.000,1.798,2.896,0.021,8.404,0.000,12.124,3.626,58.374,0.083,0.000
Colo_rep9_Dep6_Tu30,0.000,6.584,0.000,36.739,3.427,0.000,6.770,0.000,0.551,10.852,34.653,0.423,0.000
Colo_rep9_Dep6_Tu0.5,0.000,29.532,0.035,0.000,0.060,0.000,5.402,0.000,1.172,1.323,62.450,0.000,0.026
Colo_rep6_Dep6_Tu20,0.000,9.046,0.000,26.098,1.313,0.000,5.313,0.000,12.572,2.416,43.221,0.000,0.022
Colo_rep8_Dep6_Tu30,0.000,10.381,0.000,35.526,9.437,0.000,3.414,0.013,1.259,1.095,38.182,0.692,0.000
Colo_rep3_Dep6_Tu5,0.000,20.954,0.014,5.808,0.486,0.000,2.695,0.000,3.177,6.183,60.220,0.201,0.262
Colo_rep4_Dep6_Tu3,0.000,18.799,0.034,2.111,0.189,0.004,3.462,0.020,0.644,17.471,57.266,0.000,0.000
Colo_rep2_Dep6_Tu10,0.000,19.586,0.005,11.897,6.314,0.000,6.199,0.034,1.375,1.602,52.078,0.074,0.835
Colo_rep3_Dep6_Tu40,0.000,3.304,0.000,45.497,3.401,0.000,4.768,0.000,0.155,9.166,28.814,2.820,2.076
Colo_rep3_Dep6_Tu30,0.068,12.574,0.000,36.339,3.401,0.000,7.671,0.000,1.347,1.978,36.391,0.230,0.000
Colo_rep6_Dep6_Tu30,0.000,1.626,0.000,37.181,0.000,0.000,7.137,0.000,5.732,12.726,34.454,1.145,0.000
Colo_rep4_Dep6_Tu50,0.000,1.111,0.000,55.578,0.471,0.000,5.163,0.000,6.415,6.761,22.408,2.092,0.000
Colo_rep5_Dep6_Tu50,0.000,6.203,0.000,55.989,3.777,0.000,5.328,0.107,2.256,1.470,22.340,2.529,0.000
Colo_rep6_Dep6_Tu2,0.000,7.817,0.038,2.187,0.073,0.000,9.458,0.000,4.705,16.031,55.400,0.000,4.291
Colo_rep10_Dep6_Tu50,0.000,0.937,0.079,54.780,0.077,0.000,6.432,0.000,5.805,8.558,21.620,1.712,0.000
Colo_rep7_Dep6_Tu50,0.000,2.272,0.000,56.770,0.162,0.000,6.387,0.105,8.252,2.781,22.056,1.214,0.000
Colo_rep9_Dep6_Tu40,0.000,2.628,0.000,46.165,3.932,0.000,4.893,0.072,0.603,9.445,29.023,3.239,0.000
Colo_rep8_Dep6_Tu5,0.000,6.372,0.029,3.687,0.042,0.000,5.353,0.000,9.035,16.425,54.622,0.000,4.435
Colo_rep1_Dep6_Tu20,0.000,2.108,0.000,27.349,0.000,0.000,11.072,0.000,5.037,13.976,39.992,0.465,0.000
Colo_rep9_Dep6_Tu2,0.000,25.952,0.000,1.359,0.128,0.023,8.303,0.020,0.746,3.808,59.353,0.000,0.307
Colo_rep5_Dep6_Tu30,0.000,7.391,0.000,36.948,0.585,0.000,7.258,0.047,9.651,2.919,33.338,1.861,0.000
Colo_rep4_Dep6_Tu0.1,0.000,11.060,0.029,0.000,2.974,0.000,8.568,0.000,9.252,2.035,58.980,0.000,7.101
Colo_rep5_Dep6_Tu0.1,0.000,20.577,0.018,0.000,12.624,0.000,4.150,0.000,0.744,1.002,60.854,0.000,0.031
Colo_rep9_Dep6_Tu3,0.000,15.597,0.052,1.247,2.386,0.000,6.819,0.000,0.972,17.487,55.203,0.000,0.236
Colo_rep2_Dep6_Tu0.1,0.000,18.692,0.011,0.000,0.499,0.000,3.485,0.000,1.593,17.894,57.808,0.000,0.018
Colo_rep8_Dep6_Tu10,0.039,2.704,0.000,13.664,4.342,0.000,7.743,0.025,7.478,14.126,49.877,0.000,0.000
Colo_rep4_Dep6_Tu30,0.000,14.931,0.000,38.367,0.000,0.000,7.346,0.056,2.567,1.049,34.598,1.085,0.000
Colo_rep2_Dep6_Tu2,0.000,14.079,0.000,1.241,1.463,0.000,7.924,0.050,12.810,2.903,59.530,0.000,0.000
Colo_rep1_Dep6_Tu5,0.000,14.185,0.027,3.783,1.138,0.000,7.109,0.017,13.746,3.535,56.459,0.000,0.000
Colo_rep8_Dep6_Tu50,0.000,0.434,0.000,55.441,0.303,0.000,6.631,0.000,3.826,8.769,22.171,2.427,0.000
Colo_rep5_Dep6_Tu5,0.000,6.522,0.019,5.946,0.058,0.004,6.169,0.000,10.509,17.395,53.377,0.000,0.000
Colo_rep6_Dep6_Tu50,0.000,0.650,0.000,54.535,0.000,0.000,8.426,0.039,4.141,7.887,21.002,3.319,0.000
Colo_rep5_Dep6_Tu0.5,0.000,26.809,0.000,0.000,2.451,0.000,6.867,0.000,0.757,1.134,61.950,0.000,0.032
Colo_rep4_Dep6_Tu20,0.000,6.360,0.000,24.655,0.177,0.000,6.898,0.000,6.727,11.598,41.122,2.462,0.000
Colo_rep8_Dep6_Tu40,0.000,12.554,0.000,46.173,0.646,0.000,4.733,0.000,2.291,1.599,30.218,1.785,0.000
Colo_rep7_Dep6_Tu0.3,0.000,25.748,0.019,0.000,1.896,0.000,7.221,0.047,0.765,3.225,61.079,0.000,0.000
Colo_rep7_Dep6_Tu30,0.000,15.394,0.000,37.980,0.544,0.000,4.740,0.000,1.423,0.779,37.139,1.806,0.194
Colo_rep10_Dep6_Tu20,0.015,1.218,0.010,25.581,3.599,0.000,6.574,0.000,7.099,13.210,42.098,0.597,0.000
Colo_rep9_Dep6_Tu10,0.000,11.938,0.018,9.995,1.610,0.000,3.995,0.000,0.202,14.739,50.074,0.391,7.037
Colo_rep9_Dep6_Tu0.1,0.000,4.623,0.051,0.000,1.246,0.000,8.027,0.000,9.302,18.566,54.956,0.000,3.229
Colo_rep10_Dep6_Tu0.3,0.000,8.263,0.024,0.351,0.082,0.000,9.031,0.000,4.834,16.257,56.477,0.000,4.681
Colo_rep8_Dep6_Tu20,0.000,10.461,0.020,23.963,3.240,0.000,4.655,0.044,0.568,12.372,43.060,0.911,0.704
Colo_rep3_Dep6_Tu3,0.000,18.288,0.097,2.367,4.831,0.008,7.147,0.066,3.141,8.260,55.794,0.000,0.000
Colo_rep4_Dep6_Tu2,0.000,14.931,0.000,1.361,4.168,0.000,6.243,0.026,0.707,15.450,57.114,0.000,0.000
Colo_rep10_Dep6_Tu0.1,0.000,2.677,0.022,0.000,6.778,0.000,8.122,0.000,7.952,17.175,55.155,0.000,2.119
Colo_rep4_Dep6_Tu0.3,0.000,17.206,0.014,0.000,5.357,0.000,7.244,0.000,2.485,7.354,60.188,0.000,0.151
Colo_rep9_Dep6_Tu0.3,0.000,24.776,0.000,0.000,3.878,0.000,11.762,0.000,0.699,0.455,57.839,0.000,0.592
Colo_rep1_Dep6_Tu10,0.000,4.329,0.000,11.470,0.397,0.006,4.976,0.002,10.848,17.162,50.334,0.000,0.475
Colo_rep6_Dep6_Tu0.3,0.000,15.553,0.074,0.000,1.082,0.000,9.694,0.000,0.758,18.345,54.448,0.000,0.046
Colo_rep6_Dep6_Tu0.5,0.000,3.942,0.037,0.000,5.687,0.000,6.239,0.000,9.516,17.018,54.176,0.000,3.384
Colo_rep10_Dep6_Tu10,0.000,5.088,0.025,11.788,0.351,0.000,6.206,0.000,8.536,14.191,48.519,0.791,4.505
Colo_rep10_Dep6_Tu1,0.000,5.758,0.023,0.000,0.669,0.009,7.477,0.000,9.339,18.490,54.927,0.000,3.308
Colo_rep10_Dep6_Tu5,0.000,16.500,0.000,4.266,1.140,0.000,4.750,0.033,2.104,17.353,53.810,0.044,0.000
Colo_rep10_Dep6_Tu40,0.000,6.734,0.000,46.211,8.275,0.000,3.655,0.187,1.617,1.386,30.316,1.621,0.000
Colo_rep10_Dep6_Tu0.5,0.000,6.067,0.025,0.000,0.392,0.000,5.127,0.000,11.102,18.310,57.628,0.000,1.348
Colo_rep1_Dep6_Tu1,0.000,3.890,0.017,0.000,5.962,0.000,6.962,0.000,9.044,16.639,54.054,0.000,3.432
Colo_rep7_Dep6_Tu20,0.000,20.285,0.000,26.633,0.247,0.000,5.039,0.057,0.802,0.921,44.273,1.744,0.000
Colo_rep6_Dep6_Tu10,0.000,11.363,0.013,12.414,4.013,0.000,5.391,0.000,0.958,14.273,51.451,0.000,0.125
Colo_rep10_Dep6_Tu3,0.000,25.880,0.000,2.897,2.401,0.015,8.452,0.037,1.592,0.920,57.707,0.099,0.000
Colo_rep1_Dep6_Tu30,0.000,12.196,0.000,37.626,4.881,0.000,5.978,0.076,1.868,1.180,34.676,1.513,0.007
Colo_rep1_Dep6_Tu0.1,0.000,23.576,0.000,0.000,7.737,0.000,5.737,0.000,0.517,0.675,61.561,0.080,0.117
Colo_rep7_Dep6_Tu5,0.000,11.838,0.031,5.147,3.758,0.000,8.903,0.000,5.220,2.602,55.144,0.185,7.173
Colo_rep7_Dep6_Tu0.1,0.000,29.431,0.027,0.000,0.116,0.000,5.218,0.000,0.812,1.797,62.584,0.013,0.000
Colo_rep6_Dep6_Tu40,0.000,9.831,0.000,48.177,0.000,0.000,7.026,0.000,2.929,2.346,29.041,0.649,0.000
Colo_rep8_Dep6_Tu2,0.022,14.028,0.027,0.947,0.822,0.000,6.119,0.000,0.152,15.588,55.031,0.141,7.125
Colo_rep7_Dep6_Tu0.5,0.000,14.579,0.000,0.000,2.074,0.000,5.120,0.008,14.550,3.101,60.557,0.000,0.010
Colo_rep5_Dep6_Tu20,0.000,0.958,0.000,23.348,6.280,0.000,6.340,0.047,5.900,13.679,41.584,0.112,1.751
Colo_rep8_Dep6_Tu0.3,0.000,24.732,0.000,0.000,3.868,0.000,11.739,0.000,0.785,0.456,57.845,0.000,0.574
Colo_rep4_Dep6_Tu5,0.000,5.901,0.021,5.852,0.073,0.000,9.243,0.000,8.180,17.487,53.049,0.194,0.000
Colo_rep9_Dep6_Tu1,0.000,20.773,0.034,0.000,12.453,0.000,3.886,0.000,0.877,1.162,60.816,0.000,0.000
Colo_rep1_Dep6_Tu0.5,0.000,13.389,0.027,0.000,2.752,0.000,9.763,0.000,11.178,4.259,57.694,0.000,0.938
Colo_rep8_Dep6_Tu3,0.000,19.371,0.026,1.253,0.045,0.005,1.446,0.031,1.591,18.321,57.911,0.000,0.000
Colo_rep5_Dep6_Tu0.3,0.000,7.158,0.031,0.017,0.093,0.000,10.025,0.000,8.508,17.857,56.295,0.000,0.016
Colo_rep2_Dep6_Tu30,0.000,13.305,0.000,37.653,3.393,0.000,8.449,0.000,0.173,0.539,34.882,1.226,0.380
Colo_rep7_Dep6_Tu10,0.000,25.376,0.000,12.936,0.095,0.000,4.514,0.000,0.826,1.224,54.468,0.560,0.000
Colo_rep2_Dep6_Tu40,0.000,0.640,0.000,45.259,4.795,0.000,6.493,0.024,3.505,9.101,28.379,0.747,1.058
Colo_rep3_Dep6_Tu0.1,0.000,12.972,0.009,0.000,4.982,0.000,3.753,0.000,0.061,15.404,56.646,0.141,6.032
Colo_rep3_Dep6_Tu1,0.000,12.529,0.000,0.000,4.196,0.000,5.294,0.000,0.202,14.849,57.542,0.000,5.388
Colo_rep8_Dep6_Tu1,0.000,16.406,0.000,0.000,2.111,0.000,6.094,0.000,0.696,16.561,58.109,0.000,0.024
Colo_rep4_Dep6_Tu1,0.000,6.782,0.022,0.000,0.445,0.000,5.259,0.053,11.308,18.331,57.784,0.000,0.016
Colo_rep5_Dep6_Tu40,0.000,2.407,0.013,46.929,0.125,0.000,6.052,0.000,5.561,7.592,26.881,2.941,1.499
Colo_rep5_Dep6_Tu10,0.000,14.267,0.024,10.984,0.934,0.000,7.274,0.060,0.802,15.784,49.872,0.000,0.000
Colo_rep2_Dep6_Tu0.3,0.000,19.544,0.006,0.000,0.104,0.000,1.640,0.000,1.449,18.192,59.065,0.000,0.000
Colo_rep10_Dep6_Tu30,0.000,15.586,0.000,37.966,0.000,0.009,5.484,0.000,1.944,0.970,35.456,2.584,0.000
Colo_rep1_Dep6_Tu40,0.816,6.930,0.000,45.108,0.000,0.000,3.008,0.000,1.941,11.300,30.099,0.798,0.000
Colo_rep6_Dep6_Tu0.1,0.000,13.457,0.000,0.000,2.114,0.000,9.978,0.000,12.335,3.060,59.056,0.000,0.000
Colo_rep7_Dep6_Tu40,0.000,5.265,0.000,47.128,2.956,0.003,5.942,0.000,0.614,8.636,28.290,1.166,0.000
Colo_rep1_Dep6_Tu50,0.000,2.047,0.000,54.514,1.460,0.007,5.044,0.035,2.193,8.913,22.157,3.631,0.000
Colo_rep1_Dep6_Tu0.3,0.000,8.640,0.027,0.371,5.531,0.000,12.364,0.000,7.188,1.953,56.274,0.069,7.583
Colo_rep9_Dep6_Tu20,0.000,8.405,0.000,25.953,1.449,0.000,7.162,0.000,10.628,2.026,43.195,0.030,1.151
Colo_rep4_Dep6_Tu10,0.000,22.150,0.002,13.466,1.703,0.000,7.053,0.059,0.709,1.368,53.489,0.000,0.000
Colo_rep6_Dep6_Tu5,0.000,14.364,0.000,4.504,0.042,0.000,7.268,0.000,14.386,2.309,57.127,0.000,0.000
Colo_rep9_Dep6_Tu5,0.000,11.552,0.105,4.512,0.129,0.000,8.894,0.000,6.611,13.349,54.848,0.000,0.000
Colo_rep3_Dep6_Tu50,0.000,2.204,0.000,56.499,1.105,0.000,6.388,0.056,6.504,2.297,22.828,2.119,0.000
Colo_rep5_Dep6_Tu1,0.000,13.104,0.093,0.000,0.125,0.000,9.547,0.000,6.066,13.741,57.210,0.000,0.113
Colo_rep5_Dep6_Tu3,0.000,27.232,0.000,2.986,0.284,0.009,6.431,0.051,0.740,1.102,60.908,0.243,0.015
Colo_rep2_Dep6_Tu1,0.000,20.270,0.030,0.000,0.427,0.000,11.832,0.000,2.752,8.066,56.616,0.000,0.006
Colo_rep7_Dep6_Tu1,0.000,27.393,0.000,0.000,0.748,0.000,7.222,0.000,1.261,2.242,60.789,0.000,0.344
Colo_rep5_Dep6_Tu2,0.000,6.678,0.059,1.763,0.014,0.000,9.127,0.000,6.051,16.846,54.687,0.000,4.775
Colo_rep4_Dep6_Tu40,0.000,10.503,0.000,47.981,0.422,0.000,6.450,0.143,2.107,2.501,28.483,1.409,0.000
Colo_rep2_Dep6_Tu20,0.000,7.726,0.000,26.342,3.043,0.000,6.438,0.000,11.320,1.271,43.202,0.658,0.000
Colo_rep4_Dep6_Tu0.5,0.000,4.961,0.026,0.000,2.499,0.000,6.025,0.000,10.079,18.073,58.216,0.000,0.122
Colo_rep2_Dep6_Tu5,0.000,18.531,0.012,2.981,0.000,0.003,1.455,0.058,1.835,18.014,57.111,0.000,0.000
Colo_rep2_Dep6_Tu3,0.000,20.496,0.031,2.177,0.176,0.002,10.436,0.000,1.482,9.059,54.779,0.000,1.362
Colo_rep3_Dep6_Tu10,0.000,10.127,0.000,15.680,2.384,0.006,9.613,0.000,8.882,1.842,51.466,0.000,0.000
Colo_rep8_Dep6_Tu0.5,0.000,13.178,0.066,0.000,3.136,0.000,6.949,0.000,13.280,2.879,59.610,0.000,0.901
Colo_rep7_Dep6_Tu3,0.000,6.326,0.024,2.022,0.034,0.003,6.291,0.000,9.467,18.063,54.637,0.000,3.132
Colo_rep3_Dep6_Tu0.5,0.000,15.517,0.095,0.000,1.077,0.000,9.705,0.000,0.792,18.369,54.445,0.000,0.000
Colo_rep3_Dep6_Tu20,0.000,15.905,0.005,26.538,3.110,0.000,9.682,0.015,0.441,0.751,42.238,1.316,0.000
Colo_rep1_Dep6_Tu2,0.000,20.790,0.012,0.000,12.489,0.011,3.450,0.011,1.216,1.185,60.836,0.000,0.000
Colo_rep9_Dep6_Tu50,0.000,7.407,0.000,57.413,0.605,0.000,4.848,0.088,1.210,1.636,23.324,3.469,0.000
Colo_rep3_Dep6_Tu0.3,0.000,13.226,0.056,0.000,3.147,0.000,6.893,0.000,13.249,2.831,59.636,0.000,0.961
Colo_rep1_Dep6_Tu3,0.000,10.588,0.000,1.756,5.547,0.020,10.752,0.000,6.393,2.230,55.937,0.000,6.776
Br62_rep5_Dep6_Tu0.5,0.000,26.592,0.000,0.000,2.684,0.000,6.692,0.000,0.792,1.187,62.026,0.000,0.026
Br62_rep5_Dep6_Tu3,3.676,26.837,0.083,0.000,0.478,0.038,5.655,0.000,0.718,1.205,61.253,0.000,0.056
Br62_rep6_Dep6_Tu30,44.213,3.114,0.095,0.000,0.374,2.455,5.819,0.000,4.978,0.000,37.607,0.000,1.344
Br62_rep7_Dep6_Tu20,23.526,21.810,0.144,0.000,0.170,0.424,3.791,0.000,0.666,0.875,48.458,0.000,0.135
Br62_rep2_Dep6_Tu40,40.430,0.679,0.220,0.000,6.740,3.094,3.756,0.000,2.784,8.115,31.326,0.000,2.856
Br62_rep8_Dep6_Tu0.5,0.000,13.186,0.057,0.000,3.170,0.000,6.740,0.000,13.223,2.846,59.561,0.000,1.216
Br62_rep5_Dep6_Tu2,0.000,6.536,0.089,0.000,0.018,0.049,9.063,0.000,6.827,17.252,55.097,0.000,5.069
Br62_rep4_Dep6_Tu50,61.133,1.138,2.321,0.000,1.940,3.520,2.043,0.000,0.000,0.000,23.438,0.000,4.466
Br62_rep8_Dep6_Tu40,46.086,14.926,0.560,0.000,0.606,2.822,1.603,0.000,0.000,0.270,32.418,0.000,0.709
Br62_rep7_Dep6_Tu2,0.082,15.264,0.102,0.000,0.074,0.011,7.361,0.000,14.777,2.442,59.880,0.000,0.008
Br62_rep9_Dep6_Tu40,46.236,3.254,0.404,0.000,4.476,1.409,1.303,0.000,0.000,6.486,31.414,0.000,5.018
Br62_rep10_Dep6_Tu2,0.194,24.085,0.131,0.000,6.513,0.000,6.951,0.000,1.376,1.905,58.585,0.000,0.259
Br62_rep6_Dep6_Tu10,10.227,12.826,0.099,0.000,4.369,0.085,4.394,0.000,0.737,14.011,52.164,0.000,1.088
Br62_rep2_Dep6_Tu2,0.245,14.108,0.025,0.000,1.493,0.043,7.725,0.000,13.089,2.911,60.191,0.000,0.169
Br62_rep9_Dep6_Tu5,4.180,12.334,0.260,0.000,0.197,0.120,8.682,0.000,5.657,12.885,55.475,0.000,0.210
Br62_rep6_Dep6_Tu40,46.812,9.251,0.262,0.000,4.396,2.382,3.863,0.000,0.000,0.000,32.556,0.000,0.478
Br62_rep4_Dep6_Tu20,26.654,7.023,0.122,0.000,1.637,0.618,3.367,0.000,6.055,9.195,42.684,0.000,2.646
Br62_rep9_Dep6_Tu1,0.000,20.702,0.048,0.000,12.435,0.008,3.866,0.000,0.964,1.229,60.748,0.000,0.000
Br62_rep1_Dep6_Tu0.3,0.000,8.759,0.017,0.000,5.467,0.005,12.447,0.000,7.185,2.099,56.323,0.047,7.650
Br62_rep3_Dep6_Tu5,4.965,21.311,0.045,0.000,0.692,0.056,2.483,0.000,2.739,6.331,60.826,0.000,0.554
Br62_rep9_Dep6_Tu50,58.012,9.326,0.461,0.000,1.078,3.936,1.166,0.000,0.000,0.000,25.021,0.000,0.998
Br62_rep5_Dep6_Tu30,34.152,8.243,0.525,0.000,1.115,2.475,4.318,0.000,8.459,1.582,36.836,0.000,2.295
Br62_rep9_Dep6_Tu0.5,0.000,29.452,0.084,0.000,0.061,0.000,5.390,0.000,1.243,1.312,62.409,0.000,0.048
Br62_rep1_Dep6_Tu20,24.384,3.260,0.103,0.000,0.000,1.244,7.115,0.000,4.085,12.343,42.511,0.000,4.954
Br62_rep4_Dep6_Tu2,0.110,15.466,0.015,0.000,4.132,0.021,6.191,0.010,0.765,15.464,57.827,0.000,0.000
Br62_rep8_Dep6_Tu3,1.398,19.131,0.107,0.000,0.038,0.016,1.612,0.000,1.700,18.183,57.813,0.000,0.000
Br62_rep2_Dep6_Tu5,3.840,18.729,0.069,0.000,0.042,0.056,1.300,0.000,1.248,17.442,57.267,0.000,0.007
Br62_rep2_Dep6_Tu1,0.115,20.126,0.068,0.000,0.408,0.000,11.542,0.000,2.628,8.163,56.363,0.000,0.587
Br62_rep8_Dep6_Tu1,0.038,16.515,0.000,0.000,2.150,0.000,5.908,0.000,0.675,16.557,58.084,0.000,0.072
Br62_rep10_Dep6_Tu0.1,0.000,2.821,0.021,0.000,6.803,0.000,8.003,0.000,8.069,17.079,55.162,0.000,2.042
Br62_rep3_Dep6_Tu40,43.695,3.780,0.049,0.000,4.357,3.345,1.168,0.000,0.000,6.899,31.251,0.489,4.968
Br62_rep8_Dep6_Tu0.3,0.000,24.738,0.020,0.000,3.826,0.000,11.708,0.000,0.757,0.434,57.883,0.000,0.633
Br62_rep4_Dep6_Tu0.5,0.000,4.942,0.031,0.000,2.515,0.008,5.925,0.000,10.198,18.039,58.126,0.000,0.215
Br62_rep6_Dep6_Tu50,60.158,2.031,1.431,0.000,0.116,4.548,4.106,0.000,0.000,0.000,23.799,0.000,3.811
Br62_rep7_Dep6_Tu0.1,0.000,29.491,0.022,0.000,0.100,0.000,5.262,0.000,0.787,1.723,62.577,0.038,0.000
Br62_rep9_Dep6_Tu30,32.573,6.847,0.556,0.000,3.647,1.153,3.583,0.000,0.005,9.294,36.384,0.000,5.959
Br62_rep6_Dep6_Tu20,22.487,10.852,0.053,0.000,1.467,0.749,3.344,0.000,12.629,1.700,46.692,0.000,0.025
Br62_rep5_Dep6_Tu5,4.726,6.542,0.043,0.000,0.047,0.050,6.195,0.000,10.204,17.790,54.294,0.000,0.108
Br62_rep4_Dep6_Tu40,46.742,12.141,0.490,0.000,0.870,2.830,4.478,0.000,0.000,0.998,30.739,0.000,0.712
Br62_rep8_Dep6_Tu0.1,0.000,7.474,0.009,0.000,0.591,0.000,5.782,0.000,8.262,15.896,55.846,0.000,6.140
Br62_rep1_Dep6_Tu40,44.641,6.899,0.150,0.000,1.111,3.338,0.815,0.000,1.245,9.708,31.580,0.276,0.236
Br62_rep3_Dep6_Tu30,35.333,13.805,0.820,0.000,4.806,1.732,4.067,0.000,0.000,1.210,37.835,0.000,0.393
Br62_rep7_Dep6_Tu0.5,0.000,14.649,0.000,0.000,2.048,0.000,5.114,0.008,14.530,3.096,60.537,0.000,0.018
Br62_rep1_Dep6_Tu10,6.862,5.307,0.216,0.000,0.951,0.320,4.503,0.000,10.487,17.240,52.850,0.000,1.264
Br62_rep10_Dep6_Tu20,23.117,1.717,0.218,0.000,4.468,0.564,4.220,0.000,6.203,12.231,44.117,0.239,2.905
Br62_rep1_Dep6_Tu5,3.586,14.503,0.047,0.000,1.017,0.219,6.872,0.000,13.577,3.217,56.962,0.000,0.000
Br62_rep3_Dep6_Tu50,53.442,4.504,1.895,0.000,3.232,5.399,3.822,0.000,0.000,0.465,25.241,0.000,1.999
Br62_rep1_Dep6_Tu3,1.664,10.371,0.031,0.000,5.647,0.038,10.663,0.000,6.450,2.349,55.800,0.000,6.987
Br62_rep7_Dep6_Tu30,37.038,16.262,1.193,0.000,0.477,2.171,2.416,0.000,0.000,0.000,39.944,0.000,0.499
Br62_rep6_Dep6_Tu1,0.000,18.984,0.017,0.000,2.748,0.000,7.313,0.150,2.322,6.515,61.600,0.000,0.352
Br62_rep1_Dep6_Tu0.5,0.000,13.183,0.038,0.000,2.795,0.000,9.478,0.000,11.154,4.153,57.721,0.000,1.477
Br62_rep1_Dep6_Tu0.1,0.000,23.510,0.000,0.000,7.795,0.000,5.558,0.000,0.543,0.633,61.682,0.144,0.134
Br62_rep9_Dep6_Tu3,1.970,15.320,0.115,0.000,2.358,0.017,6.733,0.000,0.819,16.704,54.968,0.053,0.943
Br62_rep5_Dep6_Tu40,45.753,2.515,0.328,0.000,1.033,2.732,2.373,0.000,4.544,5.871,30.817,0.000,4.034
Br62_rep10_Dep6_Tu3,1.937,25.487,0.048,0.000,2.059,0.018,8.138,0.000,1.221,0.971,58.175,0.000,1.946
Br62_rep2_Dep6_Tu0.3,0.000,19.547,0.017,0.000,0.097,0.000,1.612,0.000,1.481,18.171,59.075,0.000,0.000
Br62_rep10_Dep6_Tu40,43.597,8.820,0.476,0.000,8.954,2.936,1.277,0.000,1.044,0.000,32.776,0.000,0.120
Br62_rep3_Dep6_Tu2,0.337,8.936,0.083,0.000,5.620,0.039,11.158,0.000,8.145,2.428,56.430,0.000,6.825
Br62_rep5_Dep6_Tu1,0.108,13.023,0.117,0.000,0.131,0.000,9.500,0.000,5.945,13.597,57.286,0.000,0.293
Br62_rep4_Dep6_Tu1,0.000,6.633,0.047,0.000,0.646,0.014,5.100,0.031,11.405,18.333,57.580,0.000,0.210
Br62_rep10_Dep6_Tu0.5,0.000,6.227,0.032,0.000,0.454,0.000,5.322,0.000,11.057,18.360,57.519,0.000,1.029
Br62_rep5_Dep6_Tu20,20.431,0.998,0.232,0.000,7.067,0.545,4.993,0.000,6.157,12.797,43.849,0.000,2.930
Br62_rep6_Dep6_Tu0.3,0.000,15.507,0.078,0.000,1.129,0.000,9.657,0.000,0.735,18.312,54.443,0.000,0.139
Br62_rep9_Dep6_Tu0.3,0.000,24.761,0.009,0.000,3.851,0.000,11.723,0.000,0.726,0.429,57.869,0.000,0.633
Br62_rep2_Dep6_Tu20,23.926,8.307,0.052,0.000,2.713,0.529,4.561,0.000,10.275,1.130,46.312,0.000,2.196
Br62_rep6_Dep6_Tu0.5,0.000,3.853,0.038,0.000,5.762,0.000,6.166,0.000,9.509,16.968,54.252,0.000,3.452
Br62_rep8_Dep6_Tu10,11.689,2.722,0.040,0.000,4.719,0.171,6.801,0.000,8.356,14.011,51.489,0.000,0.000
Br62_rep2_Dep6_Tu0.1,0.000,18.651,0.009,0.000,0.578,0.000,3.475,0.000,1.607,17.842,57.823,0.000,0.013
Br62_rep5_Dep6_Tu10,10.486,13.339,0.050,0.000,1.322,0.151,4.816,0.000,0.466,15.058,51.326,0.000,2.986
Br62_rep10_Dep6_Tu10,13.061,5.364,0.034,0.000,0.326,0.056,4.589,0.000,7.571,13.789,49.948,0.000,5.261
Br62_rep4_Dep6_Tu10,11.665,22.288,0.103,0.000,2.716,0.241,6.572,0.000,0.490,1.658,54.267,0.000,0.000
Br62_rep3_Dep6_Tu0.1,0.010,13.015,0.007,0.000,4.906,0.000,3.807,0.000,0.070,15.384,56.688,0.143,5.970
Br62_rep2_Dep6_Tu50,57.534,8.417,0.595,0.000,0.848,3.464,2.457,0.000,0.000,0.145,25.737,0.000,0.803
Br62_rep9_Dep6_Tu10,9.610,12.339,0.034,0.000,2.419,0.248,3.098,0.000,0.092,13.696,50.930,0.170,7.363
Br62_rep5_Dep6_Tu0.3,0.000,7.134,0.045,0.000,0.090,0.000,10.043,0.000,8.534,17.846,56.266,0.000,0.042
Br62_rep8_Dep6_Tu50,61.439,2.151,0.796,0.000,0.908,5.472,2.520,0.000,0.000,0.000,25.245,0.000,1.468
Br62_rep4_Dep6_Tu0.3,0.000,17.319,0.014,0.000,5.221,0.000,7.237,0.000,2.483,7.389,60.204,0.000,0.134
Br62_rep7_Dep6_Tu1,0.000,27.550,0.000,0.000,0.737,0.000,7.157,0.000,1.196,2.119,60.827,0.000,0.413
Br62_rep3_Dep6_Tu0.5,0.000,15.530,0.069,0.000,1.094,0.000,9.717,0.000,0.760,18.330,54.431,0.000,0.069
Br62_rep7_Dep6_Tu40,43.250,5.198,0.557,0.000,3.964,2.022,1.329,0.000,0.054,7.159,29.996,0.000,6.471
Br62_rep2_Dep6_Tu3,2.461,20.134,0.096,0.000,0.512,0.041,10.471,0.000,1.535,8.277,54.671,0.000,1.801
Br62_rep2_Dep6_Tu0.5,0.000,26.400,0.027,0.000,1.406,0.000,8.158,0.030,0.786,1.063,59.563,0.000,2.566
Br62_rep1_Dep6_Tu50,53.353,4.060,1.728,0.000,2.325,4.440,1.636,0.000,0.699,5.569,23.864,0.000,2.325
Br62_rep3_Dep6_Tu3,2.258,18.173,0.417,0.000,5.050,0.019,6.697,0.066,3.642,7.382,56.077,0.000,0.219
Br62_rep7_Dep6_Tu3,1.207,6.289,0.064,0.000,0.049,0.034,6.135,0.000,9.633,18.446,55.075,0.000,3.069
Br62_rep3_Dep6_Tu0.3,0.000,13.202,0.086,0.000,3.159,0.000,6.818,0.000,13.208,2.894,59.600,0.000,1.033
Br62_rep8_Dep6_Tu30,34.371,10.774,0.356,0.000,10.570,1.406,1.503,0.000,0.396,0.453,40.100,0.000,0.070
Br62_rep4_Dep6_Tu30,36.995,14.906,0.270,0.000,2.814,1.759,3.379,0.000,0.390,0.343,36.924,0.000,2.220
Br62_rep6_Dep6_Tu3,1.194,12.801,0.000,0.000,3.512,0.084,8.288,0.000,11.954,3.384,58.733,0.000,0.049
Br62_rep4_Dep6_Tu0.1,0.025,10.978,0.023,0.000,3.008,0.000,8.511,0.000,9.257,2.055,59.018,0.000,7.126
Br62_rep8_Dep6_Tu5,3.073,5.928,0.099,0.000,0.058,0.062,4.719,0.000,9.261,16.647,55.262,0.000,4.892
Br62_rep10_Dep6_Tu50,56.273,1.207,1.782,0.000,3.724,4.018,2.319,0.000,0.000,4.925,22.860,0.000,2.891
Br62_rep10_Dep6_Tu0.3,0.000,8.064,0.031,0.248,0.078,0.003,9.126,0.000,4.997,16.449,56.417,0.000,4.587
Br62_rep3_Dep6_Tu20,25.756,16.524,0.109,0.000,3.667,0.379,8.576,0.000,0.371,0.436,43.889,0.000,0.292
Br62_rep1_Dep6_Tu1,0.000,3.750,0.023,0.000,6.151,0.003,6.780,0.000,8.952,16.709,54.097,0.000,3.534
Br62_rep3_Dep6_Tu1,0.005,12.660,0.008,0.000,4.135,0.000,5.291,0.000,0.190,14.832,57.472,0.000,5.407
Br62_rep9_Dep6_Tu2,0.641,25.831,0.087,0.000,0.218,0.044,8.357,0.000,1.016,3.942,59.437,0.000,0.425
Br62_rep7_Dep6_Tu50,57.454,5.976,1.968,0.000,2.109,4.495,4.526,0.000,0.000,0.558,22.568,0.000,0.346
Br62_rep7_Dep6_Tu5,3.528,11.170,0.046,0.000,3.198,0.312,8.240,0.000,8.136,2.440,55.470,0.000,7.461
Br62_rep8_Dep6_Tu2,1.251,13.857,0.018,0.000,1.019,0.014,5.838,0.000,0.142,15.603,54.897,0.127,7.235
Br62_rep5_Dep6_Tu0.1,0.000,20.583,0.016,0.000,12.587,0.000,4.117,0.000,0.771,1.047,60.847,0.000,0.032
Br62_rep6_Dep6_Tu5,3.111,14.741,0.064,0.000,0.192,0.106,7.246,0.000,14.515,1.829,58.196,0.000,0.000
Br62_rep9_Dep6_Tu20,22.895,8.182,0.058,0.000,2.266,0.857,5.132,0.000,9.780,1.471,46.010,0.000,3.350
Br62_rep2_Dep6_Tu30,34.835,14.430,0.145,0.000,3.243,2.465,6.736,0.000,0.340,0.000,37.267,0.000,0.538
Br62_rep7_Dep6_Tu10,10.910,26.841,0.107,0.000,0.096,0.176,3.755,0.000,0.441,0.835,55.991,0.768,0.081
Br62_rep6_Dep6_Tu0.1,0.000,13.528,0.000,0.000,2.224,0.000,9.954,0.000,12.331,2.916,59.046,0.000,0.000
Br62_rep5_Dep6_Tu50,56.256,5.638,1.779,0.000,5.136,4.445,1.816,0.000,0.000,0.000,23.601,0.000,1.328
Br62_rep10_Dep6_Tu1,0.000,5.559,0.022,0.000,0.806,0.016,7.724,0.000,9.489,18.266,54.722,0.000,3.396
Br62_rep1_Dep6_Tu30,34.921,13.867,0.039,0.000,5.494,1.836,2.290,0.000,0.839,0.685,38.754,0.000,1.275
Br62_rep7_Dep6_Tu0.3,0.000,25.733,0.022,0.000,1.951,0.000,7.266,0.075,0.675,3.259,60.983,0.000,0.036
Br62_rep2_Dep6_Tu10,10.509,21.170,0.000,0.000,6.459,0.199,4.959,0.000,1.405,1.421,53.222,0.083,0.574
Br62_rep9_Dep6_Tu0.1,0.000,4.754,0.056,0.000,1.097,0.000,7.953,0.000,9.413,18.582,54.852,0.000,3.293
Br62_rep3_Dep6_Tu10,11.118,8.721,0.031,0.000,2.742,0.238,7.240,0.000,8.632,1.494,52.515,0.000,7.269
Br62_rep4_Dep6_Tu5,4.906,6.329,0.042,0.000,0.083,0.079,8.651,0.000,8.039,17.726,53.652,0.265,0.228
Br62_rep8_Dep6_Tu20,22.667,11.287,0.312,0.000,3.366,0.958,2.409,0.000,0.319,12.031,44.310,0.000,2.340
Br62_rep1_Dep6_Tu2,0.602,20.687,0.019,0.000,12.365,0.012,3.234,0.000,1.374,1.057,60.652,0.000,0.000
Br62_rep10_Dep6_Tu5,4.487,16.544,0.010,0.000,1.235,0.033,4.296,0.021,2.031,17.113,54.230,0.000,0.000
Br62_rep10_Dep6_Tu30,33.312,16.939,0.398,0.000,1.527,1.988,3.674,0.000,1.759,0.623,39.675,0.000,0.106
Br62_rep6_Dep6_Tu2,0.040,8.283,0.125,0.000,0.077,0.037,9.285,0.000,5.030,16.290,56.190,0.000,4.642
Br62_rep4_Dep6_Tu3,1.982,18.918,0.166,0.000,0.359,0.044,3.254,0.000,0.717,17.422,57.138,0.000,0.000
Br66_rep4_Dep6_Tu50,64.385,0.000,0.656,0.000,0.232,2.463,3.945,0.000,3.072,0.000,22.793,0.000,2.453
Br66_rep3_Dep6_Tu0.5,0.000,15.539,0.073,0.000,1.113,0.000,9.655,0.000,0.733,18.324,54.444,0.000,0.120
Br66_rep2_Dep6_Tu3,0.530,20.379,0.428,0.000,0.512,0.026,10.526,0.011,1.834,8.811,55.311,0.000,1.631
Br66_rep6_Dep6_Tu40,48.197,10.539,0.719,0.000,0.000,2.483,5.752,0.000,0.394,0.332,31.344,0.000,0.240
Br66_rep9_Dep6_Tu0.1,0.000,4.865,0.060,0.000,1.150,0.000,8.114,0.000,9.309,18.426,54.882,0.000,3.192
Br66_rep9_Dep6_Tu5,4.152,11.798,0.195,0.000,0.128,0.047,9.210,0.000,6.057,12.986,55.176,0.000,0.251
Br66_rep10_Dep6_Tu1,0.000,19.537,0.112,0.000,0.050,0.000,1.657,0.000,1.645,18.426,58.573,0.000,0.000
Br66_rep6_Dep6_Tu20,24.690,9.393,0.387,0.000,0.559,0.705,4.054,0.000,12.658,2.029,45.453,0.000,0.072
Br66_rep10_Dep6_Tu30,35.860,5.835,0.199,0.000,2.040,1.752,5.653,0.000,7.067,1.344,38.814,0.000,1.434
Br66_rep10_Dep6_Tu5,4.437,13.380,0.307,0.000,1.631,0.065,7.306,0.000,12.037,2.912,56.950,0.000,0.974
Br66_rep7_Dep6_Tu1,0.000,27.616,0.000,0.000,0.674,0.000,7.273,0.000,1.134,2.106,60.944,0.000,0.252
Br66_rep6_Dep6_Tu0.3,0.000,15.541,0.086,0.000,1.090,0.000,9.654,0.000,0.736,18.328,54.437,0.000,0.129
Br66_rep1_Dep6_Tu30,35.219,13.988,0.119,0.000,5.164,0.963,3.628,0.000,0.708,0.461,38.313,0.000,1.436
Br66_rep3_Dep6_Tu1,0.014,12.680,0.011,0.000,4.107,0.000,5.227,0.000,0.195,14.799,57.528,0.000,5.439
Br66_rep3_Dep6_Tu30,33.480,13.608,0.223,0.000,4.272,1.929,5.848,0.000,0.482,0.536,39.454,0.000,0.167
Br66_rep9_Dep6_Tu1,0.028,20.676,0.055,0.000,12.445,0.000,3.893,0.000,0.932,1.220,60.751,0.000,0.000
Br66_rep9_Dep6_Tu40,43.527,2.998,0.607,0.000,3.814,2.254,1.821,0.000,0.000,8.163,32.653,0.000,4.162
Br66_rep5_Dep6_Tu1,0.000,12.804,0.149,0.000,0.182,0.000,9.516,0.000,6.024,13.789,57.245,0.000,0.292
Br66_rep2_Dep6_Tu5,1.960,18.504,0.179,0.000,0.083,0.006,1.722,0.000,1.631,18.396,57.510,0.000,0.009
Br66_rep5_Dep6_Tu30,35.115,8.546,0.551,0.000,0.362,1.119,6.869,0.019,7.899,1.384,36.886,0.000,1.249
Br66_rep7_Dep6_Tu50,59.544,2.164,0.796,0.000,0.023,3.540,3.656,0.000,5.785,0.469,23.946,0.000,0.078
Br66_rep4_Dep6_Tu40,47.962,11.584,0.323,0.000,0.053,2.701,5.420,0.000,0.000,0.698,30.925,0.000,0.332
Br66_rep8_Dep6_Tu5,2.855,6.527,0.076,0.000,0.045,0.024,4.724,0.000,9.138,16.340,55.386,0.000,4.884
Br66_rep9_Dep6_Tu2,0.069,26.251,0.064,0.000,0.133,0.016,8.284,0.000,0.909,3.986,59.818,0.000,0.470
Br66_rep6_Dep6_Tu30,45.709,1.896,0.796,0.000,0.062,1.802,7.558,0.000,5.088,0.000,37.033,0.056,0.000
Br66_rep4_Dep6_Tu0.1,0.000,11.004,0.023,0.000,2.978,0.000,8.553,0.000,9.269,2.083,58.978,0.000,7.111
Br66_rep5_Dep6_Tu10,10.489,13.656,0.359,0.000,0.592,0.046,6.212,0.000,0.440,15.744,51.220,0.000,1.241
Br66_rep3_Dep6_Tu40,45.062,2.254,0.793,0.000,1.072,3.036,2.817,0.000,0.000,8.525,31.353,0.546,4.542
Br66_rep9_Dep6_Tu0.5,0.000,29.468,0.048,0.000,0.061,0.000,5.315,0.000,1.237,1.386,62.443,0.000,0.041
Br66_rep8_Dep6_Tu2,0.793,13.935,0.039,0.000,1.014,0.000,5.995,0.000,0.105,15.607,55.230,0.047,7.237
Br66_rep10_Dep6_Tu2,1.068,13.857,0.072,0.000,2.332,0.022,7.052,0.000,5.001,8.728,58.074,0.000,3.793
Br66_rep6_Dep6_Tu0.1,0.000,13.472,0.000,0.000,2.104,0.000,9.986,0.000,12.350,3.037,59.051,0.000,0.000
Br66_rep5_Dep6_Tu0.5,0.000,26.770,0.000,0.000,2.485,0.000,6.705,0.000,0.797,1.161,62.042,0.000,0.040
Br66_rep2_Dep6_Tu20,22.583,8.724,0.751,0.000,2.084,0.483,5.558,0.000,10.089,1.303,46.953,0.000,1.473
Br66_rep4_Dep6_Tu0.5,0.000,4.969,0.037,0.000,2.349,0.011,6.078,0.000,10.110,18.171,58.154,0.000,0.120
Br66_rep4_Dep6_Tu5,4.233,6.624,0.086,0.000,0.041,0.030,9.045,0.000,7.706,17.926,53.748,0.278,0.284
Br66_rep8_Dep6_Tu0.5,0.000,13.183,0.114,0.000,3.142,0.000,6.900,0.000,13.253,2.865,59.595,0.000,0.948
Br66_rep5_Dep6_Tu20,19.117,1.246,0.565,0.000,6.418,0.199,6.284,0.000,6.204,13.656,43.993,0.000,2.319
Br66_rep1_Dep6_Tu3,0.847,10.075,0.038,0.000,5.721,0.027,10.768,0.000,6.837,2.458,56.265,0.000,6.964
Br66_rep10_Dep6_Tu10,10.694,10.593,0.448,0.000,3.080,0.105,7.501,0.000,5.470,6.894,51.097,0.000,4.117
Br66_rep3_Dep6_Tu10,9.824,9.310,0.050,0.000,2.760,0.052,7.497,0.000,8.382,1.352,53.828,0.000,6.945
Br66_rep10_Dep6_Tu40,43.319,0.490,0.387,0.000,0.882,2.355,3.507,0.000,5.949,9.830,30.476,0.000,2.805
Br66_rep1_Dep6_Tu50,56.712,1.593,1.733,0.000,1.002,3.428,3.818,0.000,0.307,6.798,22.093,0.000,2.516
Br66_rep10_Dep6_Tu0.5,0.057,15.395,0.012,0.000,4.354,0.000,8.595,0.000,2.304,10.832,58.146,0.000,0.305
Br66_rep1_Dep6_Tu0.3,0.000,8.737,0.026,0.000,5.496,0.005,12.401,0.000,7.229,2.017,56.400,0.057,7.632
Br66_rep10_Dep6_Tu0.1,0.000,13.148,0.000,0.000,3.272,0.000,9.415,0.000,4.851,6.737,57.795,0.000,4.781
Br66_rep8_Dep6_Tu40,44.716,14.319,1.730,0.000,0.240,2.905,3.253,0.000,0.000,0.424,32.312,0.000,0.101
Br66_rep3_Dep6_Tu20,22.935,17.507,0.230,0.000,2.834,0.538,9.958,0.000,0.247,0.491,44.597,0.000,0.662
Br66_rep9_Dep6_Tu0.3,0.000,24.737,0.022,0.000,3.892,0.000,11.744,0.000,0.740,0.438,57.841,0.000,0.586
Br66_rep7_Dep6_Tu0.3,0.000,25.798,0.014,0.000,1.856,0.000,7.288,0.060,0.662,3.253,61.051,0.000,0.017
Br66_rep5_Dep6_Tu2,0.000,6.420,0.299,0.000,0.023,0.000,9.076,0.000,6.646,17.341,55.099,0.000,5.096
Br66_rep5_Dep6_Tu0.3,0.000,7.152,0.046,0.000,0.105,0.000,10.023,0.000,8.507,17.845,56.320,0.000,0.001
Br66_rep6_Dep6_Tu5,3.395,14.873,0.608,0.000,0.068,0.164,7.459,0.000,13.840,1.747,57.845,0.000,0.000
Br66_rep5_Dep6_Tu3,2.419,26.620,0.000,0.000,0.374,0.034,6.053,0.000,1.023,1.463,61.682,0.279,0.052
Br66_rep1_Dep6_Tu5,2.150,14.517,0.077,0.000,0.978,0.110,7.136,0.000,13.872,3.621,57.539,0.000,0.000
Br66_rep6_Dep6_Tu10,8.555,12.374,0.226,0.000,4.272,0.036,5.530,0.036,1.147,14.547,53.100,0.000,0.176
Br66_rep3_Dep6_Tu5,4.629,21.179,0.065,0.000,0.680,0.018,3.230,0.000,2.573,6.798,60.610,0.000,0.218
Br66_rep1_Dep6_Tu1,0.000,3.901,0.028,0.000,6.015,0.000,6.993,0.000,9.042,16.618,54.000,0.000,3.403
Br66_rep4_Dep6_Tu30,34.477,16.073,0.138,0.000,1.207,1.079,5.881,0.000,0.724,0.503,38.349,0.000,1.568
Br66_rep8_Dep6_Tu20,19.266,11.427,0.699,0.000,3.316,0.973,3.661,0.000,0.107,12.731,45.879,0.604,1.337
Br66_rep4_Dep6_Tu10,10.653,22.608,0.247,0.000,1.487,0.430,7.145,0.111,0.334,1.737,55.249,0.000,0.000
Br66_rep2_Dep6_Tu1,0.052,20.088,0.014,0.000,0.389,0.000,11.493,0.000,2.641,8.245,56.647,0.000,0.431
Br66_rep6_Dep6_Tu2,0.206,8.619,0.100,0.000,0.083,0.020,9.366,0.000,4.982,16.075,56.034,0.000,4.514
Br66_rep6_Dep6_Tu0.5,0.000,3.799,0.049,0.000,5.718,0.000,6.241,0.000,9.568,17.071,54.177,0.000,3.377
Br66_rep5_Dep6_Tu0.1,0.000,20.578,0.019,0.000,12.613,0.000,4.144,0.000,0.762,1.011,60.844,0.000,0.031
Br66_rep2_Dep6_Tu2,0.515,14.157,0.000,0.000,1.702,0.036,7.755,0.058,12.808,2.759,60.081,0.000,0.127
Br66_rep10_Dep6_Tu50,60.798,3.239,1.347,0.000,0.095,3.938,4.837,0.568,0.000,0.493,24.321,0.000,0.365
Br66_rep7_Dep6_Tu3,0.501,6.504,0.039,0.000,0.043,0.021,6.444,0.000,9.537,18.563,55.372,0.000,2.976
Br66_rep7_Dep6_Tu10,9.938,26.436,0.426,0.000,0.091,0.122,4.354,0.000,1.065,0.922,56.354,0.285,0.008
Br66_rep2_Dep6_Tu0.5,0.000,26.394,0.025,0.000,1.415,0.000,8.175,0.001,0.704,1.077,59.566,0.000,2.642
Br66_rep5_Dep6_Tu50,55.537,7.551,2.755,0.000,1.448,4.306,3.463,0.000,0.745,0.220,23.830,0.000,0.147
Br66_rep9_Dep6_Tu20,21.547,8.868,0.000,0.000,1.934,1.277,6.683,0.000,9.828,1.492,46.321,0.000,2.050
Br66_rep8_Dep6_Tu3,0.528,19.408,0.164,0.000,0.055,0.005,1.740,0.000,1.585,18.298,58.217,0.000,0.000
Br66_rep9_Dep6_Tu10,8.858,12.005,0.136,0.000,1.267,0.058,3.983,0.000,0.075,15.016,51.165,0.348,7.088
Br66_rep7_Dep6_Tu2,0.000,15.133,0.336,0.000,0.086,0.000,7.427,0.000,14.801,2.380,59.826,0.000,0.010
Br66_rep6_Dep6_Tu3,0.717,12.676,0.000,0.000,3.390,0.042,8.352,0.000,12.201,3.520,59.100,0.000,0.000
Br66_rep1_Dep6_Tu0.5,0.000,13.371,0.035,0.000,2.730,0.000,9.782,0.000,11.143,4.201,57.761,0.000,0.977
Br66_rep2_Dep6_Tu40,49.488,0.664,0.932,0.000,7.267,2.360,4.881,0.600,0.000,0.000,31.581,0.000,2.227
Br66_rep1_Dep6_Tu2,0.563,20.711,0.000,0.000,12.514,0.000,3.397,0.000,1.108,1.001,60.693,0.000,0.013
Br66_rep8_Dep6_Tu1,0.026,16.424,0.006,0.000,1.978,0.000,6.001,0.000,0.731,16.553,58.200,0.000,0.080
Br66_rep4_Dep6_Tu3,1.370,18.815,0.271,0.000,0.263,0.012,3.615,0.038,0.818,17.528,57.270,0.000,0.000
Br66_rep7_Dep6_Tu40,40.395,4.201,2.092,0.000,3.430,1.856,3.083,0.000,0.000,8.821,30.722,0.000,5.401
Br66_rep7_Dep6_Tu0.5,0.000,14.622,0.000,0.000,2.015,0.000,5.114,0.018,14.560,3.136,60.526,0.000,0.008
Br66_rep2_Dep6_Tu30,35.996,13.250,0.498,0.000,2.671,2.177,8.512,0.000,0.000,0.127,36.346,0.000,0.423
Br66_rep2_Dep6_Tu0.1,0.000,18.689,0.009,0.000,0.479,0.000,3.488,0.000,1.601,17.904,57.809,0.000,0.022
Br66_rep7_Dep6_Tu0.1,0.000,29.461,0.033,0.000,0.107,0.000,5.215,0.000,0.813,1.776,62.595,0.000,0.000
Br66_rep1_Dep6_Tu40,43.980,7.065,0.278,0.000,0.000,1.950,1.285,0.000,1.826,10.564,32.978,0.000,0.074
Br66_rep7_Dep6_Tu5,2.574,11.876,0.114,0.000,3.487,0.085,8.386,0.000,7.264,2.605,56.148,0.000,7.460
Br66_rep4_Dep6_Tu1,0.000,6.310,0.042,0.000,0.584,0.009,5.184,0.032,11.419,18.489,57.506,0.000,0.425
Br66_rep8_Dep6_Tu0.1,0.000,7.159,0.011,0.000,0.532,0.000,5.785,0.000,8.391,16.112,55.750,0.000,6.260
Br66_rep4_Dep6_Tu2,0.518,15.060,0.026,0.000,4.170,0.012,6.160,0.000,0.776,15.523,57.755,0.000,0.000
Br66_rep1_Dep6_Tu0.1,0.000,23.580,0.000,0.000,7.762,0.000,5.717,0.000,0.501,0.653,61.586,0.078,0.123
Br66_rep2_Dep6_Tu10,10.884,20.624,0.060,0.000,6.747,0.041,4.727,0.000,1.103,1.173,54.051,0.000,0.591
Br66_rep4_Dep6_Tu20,23.918,6.205,0.618,0.000,0.426,0.258,5.084,0.000,5.958,11.635,43.617,0.000,2.282
Br66_rep4_Dep6_Tu0.3,0.000,17.283,0.013,0.000,5.296,0.000,7.240,0.000,2.404,7.397,60.195,0.000,0.172
Br66_rep10_Dep6_Tu3,1.772,14.060,0.011,0.000,3.944,0.016,8.081,0.000,2.812,12.262,57.014,0.000,0.028
Br66_rep1_Dep6_Tu20,23.232,3.102,0.704,0.000,0.000,0.600,8.078,0.000,3.724,13.366,42.841,0.000,4.352
Br66_rep6_Dep6_Tu1,0.000,19.020,0.043,0.000,2.863,0.000,7.606,0.121,2.215,6.310,61.554,0.000,0.267
Br66_rep6_Dep6_Tu50,55.440,0.303,1.284,0.000,0.000,4.238,7.199,0.000,1.225,7.149,23.162,0.000,0.000
Br66_rep9_Dep6_Tu3,1.422,15.075,0.078,0.000,2.258,0.000,6.992,0.000,0.898,17.381,55.064,0.000,0.831
Br66_rep3_Dep6_Tu50,56.818,1.409,2.604,0.000,0.588,4.040,5.565,0.000,5.146,0.000,23.541,0.000,0.290
Br66_rep8_Dep6_Tu30,30.927,11.318,0.915,0.000,10.858,1.108,2.567,0.000,0.490,0.487,41.152,0.000,0.177
Br66_rep7_Dep6_Tu20,24.649,21.398,0.104,0.000,0.062,0.106,3.421,0.000,0.735,0.566,48.888,0.000,0.070
Br66_rep3_Dep6_Tu2,0.581,8.729,0.079,0.000,5.478,0.023,11.309,0.000,8.303,2.516,56.090,0.000,6.890
Br66_rep8_Dep6_Tu50,62.398,0.483,1.688,0.000,0.392,3.398,4.802,0.000,0.000,0.000,24.651,1.417,0.771
Br66_rep3_Dep6_Tu3,0.853,18.546,0.402,0.000,4.767,0.008,6.893,0.000,3.605,8.083,56.597,0.000,0.244
Br66_rep3_Dep6_Tu0.3,0.000,13.238,0.115,0.000,3.125,0.000,6.909,0.000,13.249,2.843,59.612,0.000,0.909
Br66_rep8_Dep6_Tu0.3,0.000,24.743,0.030,0.000,3.894,0.000,11.745,0.000,0.767,0.380,57.847,0.000,0.595
Br66_rep3_Dep6_Tu0.1,0.000,12.966,0.007,0.000,4.984,0.000,3.765,0.000,0.060,15.404,56.640,0.145,6.030
Br66_rep10_Dep6_Tu0.3,0.000,20.939,0.000,0.000,1.325,0.005,8.675,0.000,2.629,7.548,57.514,0.000,1.365
Br66_rep2_Dep6_Tu50,56.962,8.370,2.011,0.000,0.252,4.214,3.704,0.000,0.000,0.134,24.200,0.000,0.153
Br66_rep5_Dep6_Tu5,2.742,6.556,0.151,0.000,0.043,0.017,5.827,0.000,10.293,18.159,54.285,0.000,1.927
Br66_rep10_Dep6_Tu20,21.953,3.893,0.071,0.000,0.057,0.528,6.682,0.000,4.834,12.745,44.140,0.484,4.614
Br66_rep7_Dep6_Tu30,36.465,16.850,0.630,0.000,0.378,0.846,3.288,0.000,0.485,0.307,40.603,0.000,0.147
Br66_rep9_Dep6_Tu30,32.558,6.733,0.711,0.000,1.310,0.316,4.617,0.000,0.104,10.401,37.097,0.000,6.153
Br66_rep5_Dep6_Tu40,45.344,6.374,1.963,0.000,0.225,2.058,4.987,0.000,1.166,4.635,30.789,0.000,2.457
Br66_rep8_Dep6_Tu10,9.241,2.753,0.006,0.000,4.707,0.066,6.410,0.000,7.005,14.751,51.461,0.000,3.600
Br66_rep9_Dep6_Tu50,57.481,7.747,0.834,0.000,0.302,5.039,2.642,0.000,0.046,0.127,25.089,0.000,0.693
Br66_rep2_Dep6_Tu0.3,0.000,19.522,0.011,0.000,0.107,0.000,1.637,0.000,1.469,18.189,59.065,0.000,0.000
Br66_rep1_Dep6_Tu10,6.905,5.763,0.160,0.000,0.263,0.095,4.872,0.000,10.427,17.207,53.106,0.000,1.202
Cer77_rep9_Dep6_Tu3,0.000,15.370,1.311,0.000,2.259,0.004,7.308,0.000,1.011,17.282,54.492,0.000,0.962
Cer77_rep5_Dep6_Tu30,1.008,0.000,2.149,0.922,1.047,0.560,4.620,56.657,0.000,2.724,25.759,2.224,2.330
Cer77_rep3_Dep6_Tu30,0.995,0.000,2.233,0.000,3.476,0.582,4.161,58.783,0.178,2.600,26.172,0.447,0.374
Cer77_rep8_Dep6_Tu50,1.213,0.000,3.375,0.159,0.566,0.709,1.370,69.744,0.000,6.024,15.576,0.000,1.263
Cer77_rep1_Dep6_Tu1,0.000,3.924,0.064,0.000,5.998,0.000,6.878,0.000,9.013,16.681,53.972,0.000,3.469
Cer77_rep7_Dep6_Tu3,0.034,7.093,0.206,0.000,0.058,0.061,6.577,0.000,9.367,18.582,55.079,0.000,2.942
Cer77_rep10_Dep6_Tu2,0.086,12.992,0.144,0.000,2.329,0.057,6.751,3.259,4.871,8.638,56.991,0.000,3.880
Cer77_rep2_Dep6_Tu0.5,0.000,26.290,0.024,0.000,1.469,0.000,8.104,0.047,0.756,1.088,59.522,0.000,2.701
Cer77_rep3_Dep6_Tu20,0.600,11.561,1.433,0.582,2.702,0.303,6.364,38.411,0.151,0.929,35.757,0.805,0.401
Cer77_rep1_Dep6_Tu2,0.036,20.404,0.169,0.000,12.338,0.005,3.352,0.848,1.264,1.359,60.214,0.000,0.011
Cer77_rep2_Dep6_Tu5,0.000,17.628,0.518,0.000,0.107,0.068,1.583,6.755,1.156,17.334,54.850,0.000,0.000
Cer77_rep5_Dep6_Tu0.5,0.000,26.532,0.000,0.000,2.596,0.000,6.640,0.125,0.873,1.173,61.985,0.000,0.076
Cer77_rep2_Dep6_Tu50,1.027,0.000,4.829,0.000,0.590,0.766,0.934,73.123,0.000,1.727,16.306,0.000,0.699
Cer77_rep9_Dep6_Tu0.5,0.000,29.375,0.232,0.000,0.078,0.000,5.360,0.000,1.252,1.401,62.283,0.000,0.019
Cer77_rep4_Dep6_Tu10,0.027,18.379,0.858,0.000,2.583,0.121,5.564,21.508,0.288,2.233,48.099,0.340,0.000
Cer77_rep9_Dep6_Tu20,0.450,0.000,1.769,0.410,2.177,0.310,4.082,42.600,7.585,2.262,34.729,1.048,2.579
Cer77_rep3_Dep6_Tu10,0.275,7.029,0.954,0.000,2.692,0.156,6.537,19.756,6.451,2.148,47.719,0.000,6.283
Cer77_rep6_Dep6_Tu5,0.000,13.181,0.503,0.000,0.199,0.063,6.506,9.155,13.553,2.232,54.608,0.000,0.000
Cer77_rep5_Dep6_Tu1,0.000,12.800,0.157,0.000,0.238,0.000,9.488,0.000,6.112,13.861,57.129,0.000,0.213
Cer77_rep5_Dep6_Tu0.3,0.000,7.206,0.044,0.000,0.101,0.000,10.013,0.000,8.483,17.837,56.298,0.000,0.017
Cer77_rep4_Dep6_Tu50,0.958,0.000,4.193,0.247,0.527,0.615,1.450,70.654,0.000,4.537,13.887,0.000,2.932
Cer77_rep6_Dep6_Tu0.3,0.000,15.523,0.110,0.000,1.110,0.000,9.671,0.000,0.774,18.319,54.410,0.000,0.083
Cer77_rep4_Dep6_Tu40,1.311,0.000,3.128,0.420,1.213,0.628,3.092,65.621,0.000,2.996,20.809,0.000,0.781
Cer77_rep10_Dep6_Tu5,0.124,12.352,0.565,0.099,1.659,0.112,6.937,8.783,11.477,3.335,53.586,0.108,0.865
Cer77_rep3_Dep6_Tu1,0.000,12.707,0.052,0.000,4.107,0.004,5.253,0.000,0.205,14.829,57.466,0.000,5.376
Cer77_rep8_Dep6_Tu40,0.968,0.000,2.990,0.464,0.840,0.431,1.541,66.972,0.000,2.667,20.284,2.074,0.770
Cer77_rep7_Dep6_Tu0.3,0.000,25.676,0.025,0.000,1.804,0.000,7.346,0.097,0.740,3.366,60.921,0.000,0.024
Cer77_rep3_Dep6_Tu0.1,0.000,12.979,0.014,0.000,4.980,0.000,3.748,0.000,0.056,15.403,56.648,0.129,6.043
Cer77_rep4_Dep6_Tu0.3,0.000,17.286,0.029,0.000,5.300,0.000,7.175,0.000,2.492,7.343,60.188,0.000,0.188
Cer77_rep6_Dep6_Tu2,0.000,7.838,0.508,0.000,0.100,0.108,9.077,2.000,5.654,15.575,54.810,0.000,4.330
Cer77_rep6_Dep6_Tu20,0.186,3.922,1.123,0.000,1.246,0.351,2.943,42.201,9.754,2.463,35.644,0.027,0.138
Cer77_rep9_Dep6_Tu40,0.622,0.000,3.044,0.189,2.038,0.570,1.205,60.375,0.000,6.255,20.800,1.603,3.298
Cer77_rep6_Dep6_Tu40,0.963,0.000,3.489,0.479,1.972,0.583,2.824,64.947,0.000,2.910,21.332,0.000,0.500
Cer77_rep8_Dep6_Tu5,0.051,5.310,0.494,0.000,0.132,0.066,4.733,9.039,8.674,15.415,51.897,0.000,4.189
Cer77_rep5_Dep6_Tu50,1.004,0.000,3.309,0.862,3.122,0.599,1.834,70.197,0.000,1.988,16.095,0.000,0.989
Cer77_rep1_Dep6_Tu30,1.304,6.512,2.046,0.526,3.621,0.369,1.800,52.043,0.297,1.616,27.294,1.638,0.933
