Sample,BRCA,CEAD,CESC,COAD,OV,READ,bcell,cd4tcell,cd8tcell,erythroblast,monocyte,naturalkillercell,neutrophil
Colo_rep2_Dep6_Tu0.5,0.000,1.507,0.000,0.000,4.675,0.000,1.891,0.000,5.634,9.707,12.596,1.729,62.262
Colo_rep2_Dep6_Tu50,0.000,0.710,0.000,1.482,9.010,30.887,3.063,7.641,0.047,5.707,7.849,2.360,31.245
Colo_rep6_Dep6_Tu1,0.000,1.943,0.000,0.000,2.874,0.000,2.736,0.000,6.766,10.968,10.899,0.602,63.212
Colo_rep3_Dep6_Tu2,0.000,0.616,0.561,0.000,3.996,2.279,3.323,0.000,5.161,9.614,10.840,2.973,60.638
Colo_rep7_Dep6_Tu2,0.000,0.000,0.667,0.000,3.194,1.610,2.038,0.000,7.367,12.049,9.348,1.240,62.487
Colo_rep8_Dep6_Tu0.1,0.000,0.000,1.809,0.000,3.982,0.416,3.432,0.000,5.573,11.572,9.061,1.328,62.828
Colo_rep10_Dep6_Tu2,0.000,2.857,0.196,0.000,4.282,0.097,2.622,0.000,6.190,12.200,9.170,0.545,61.840
Colo_rep6_Dep6_Tu3,0.000,0.000,0.015,0.000,5.135,2.066,4.475,0.541,6.168,8.971,10.174,1.132,61.321
Colo_rep9_Dep6_Tu30,0.000,0.991,0.365,0.000,7.213,20.013,2.643,0.000,8.349,8.742,9.009,0.473,42.203
Colo_rep9_Dep6_Tu0.5,0.000,0.000,0.610,0.000,3.930,0.182,1.885,0.020,6.159,13.747,10.403,0.677,62.389
Colo_rep6_Dep6_Tu20,0.000,0.000,1.084,0.000,5.798,14.486,2.961,0.000,9.058,4.505,8.604,2.493,51.011
Colo_rep8_Dep6_Tu30,0.000,1.680,0.415,0.000,9.265,18.888,4.312,4.602,4.852,2.805,7.444,0.906,44.830
Colo_rep3_Dep6_Tu5,0.000,0.000,1.286,0.000,5.063,3.723,2.302,0.000,7.018,9.449,7.194,2.008,61.956
Colo_rep4_Dep6_Tu3,0.000,1.009,1.722,0.000,3.513,1.720,2.245,0.000,7.225,10.187,11.761,0.000,60.620
Colo_rep2_Dep6_Tu10,0.000,1.891,0.308,0.000,5.208,6.425,2.052,0.000,6.249,9.931,9.236,1.839,56.861
Colo_rep3_Dep6_Tu40,0.000,2.573,0.000,0.000,7.254,26.092,2.086,5.098,3.563,5.330,9.239,1.030,37.735
Colo_rep3_Dep6_Tu30,0.929,0.905,0.000,0.000,6.715,19.994,2.142,2.959,5.712,5.175,11.085,0.949,43.436
Colo_rep6_Dep6_Tu30,0.000,0.133,0.325,0.000,9.695,20.686,2.219,2.266,8.339,4.040,8.524,0.000,43.773
Colo_rep4_Dep6_Tu50,0.000,1.681,0.000,0.559,8.435,32.199,1.956,3.848,7.421,5.460,6.404,0.000,32.038
Colo_rep5_Dep6_Tu50,0.000,2.073,0.000,0.000,9.592,31.583,2.336,4.392,4.340,5.894,7.590,1.845,30.354
Colo_rep6_Dep6_Tu2,0.000,0.339,1.103,0.000,4.419,2.822,2.483,0.000,5.326,10.848,9.894,1.288,61.478
Colo_rep10_Dep6_Tu50,0.000,1.365,1.474,0.000,7.602,31.577,2.306,0.000,9.489,7.360,7.331,0.389,31.107
Colo_rep7_Dep6_Tu50,0.000,2.201,0.000,0.000,6.663,31.852,2.379,5.740,6.772,6.138,6.386,0.000,31.869
Colo_rep9_Dep6_Tu40,0.000,3.067,0.000,0.189,6.655,25.282,1.840,5.247,5.816,4.727,8.711,0.291,38.176
Colo_rep8_Dep6_Tu5,0.167,0.000,1.685,0.000,6.545,3.851,1.680,0.000,8.463,7.441,8.879,1.332,59.958
Colo_rep1_Dep6_Tu20,0.000,0.000,1.120,0.000,7.525,14.195,0.000,0.000,11.175,5.748,9.931,0.490,49.815
Colo_rep9_Dep6_Tu2,0.000,1.806,0.000,0.000,3.999,0.927,3.166,0.000,1.995,13.456,9.832,2.509,62.311
Colo_rep5_Dep6_Tu30,0.000,0.770,0.686,0.000,6.615,18.955,3.638,3.807,2.828,10.569,9.304,0.644,42.184
Colo_rep4_Dep6_Tu0.1,0.211,0.000,1.035,0.000,2.787,0.000,3.551,0.000,4.744,11.774,10.670,1.698,63.531
Colo_rep5_Dep6_Tu0.1,0.000,0.906,0.846,0.000,3.707,0.000,3.273,0.000,5.668,11.524,10.294,1.102,62.681
Colo_rep9_Dep6_Tu3,0.000,0.000,0.956,0.000,6.551,0.666,1.261,0.864,8.994,9.570,10.677,0.384,60.077
Colo_rep2_Dep6_Tu0.1,0.000,1.224,0.156,0.000,6.527,0.000,1.462,0.000,7.524,9.868,9.381,1.109,62.749
Colo_rep8_Dep6_Tu10,0.709,1.161,1.258,0.000,2.871,7.418,3.404,0.000,11.032,5.567,10.215,0.111,56.255
Colo_rep4_Dep6_Tu30,0.000,0.854,0.000,0.000,7.414,19.477,1.222,2.692,6.692,8.925,8.928,1.033,42.763
Colo_rep2_Dep6_Tu2,0.000,2.547,0.000,0.000,2.511,1.354,3.353,0.000,4.220,13.371,10.567,0.512,61.565
Colo_rep1_Dep6_Tu5,0.000,1.715,0.405,0.000,4.872,3.275,3.829,0.000,6.255,9.921,8.827,1.505,59.396
Colo_rep8_Dep6_Tu50,0.459,0.038,0.690,0.681,9.589,32.553,2.264,3.627,8.489,2.302,7.359,0.000,31.948
Colo_rep5_Dep6_Tu5,0.000,1.010,1.341,0.000,4.127,3.375,3.157,0.000,8.979,8.754,8.197,0.390,60.671
Colo_rep6_Dep6_Tu50,0.000,0.924,0.908,0.000,9.457,32.891,0.097,5.727,3.820,5.078,8.111,1.127,31.859
Colo_rep5_Dep6_Tu0.5,0.000,0.852,0.000,0.000,4.320,0.515,2.379,0.000,5.827,12.021,9.305,0.477,64.304
Colo_rep4_Dep6_Tu20,0.000,0.734,0.369,0.000,7.486,13.136,2.128,0.000,6.954,9.691,6.875,0.754,51.873
Colo_rep8_Dep6_Tu40,0.000,1.774,0.000,0.000,9.484,25.908,3.300,5.832,0.000,6.291,6.939,2.311,38.161
Colo_rep7_Dep6_Tu0.3,0.000,1.784,0.000,0.000,3.806,0.000,1.856,0.000,4.874,12.030,10.540,1.399,63.711
Colo_rep7_Dep6_Tu30,0.000,0.052,0.000,1.264,6.188,19.253,2.025,0.000,8.240,9.623,7.390,1.297,44.669
Colo_rep10_Dep6_Tu20,0.717,1.745,1.204,0.000,4.006,13.791,2.288,2.587,10.850,3.212,9.731,0.000,49.869
Colo_rep9_Dep6_Tu10,0.000,0.000,0.501,0.000,6.125,6.908,2.523,1.566,5.366,9.310,10.188,0.844,56.669
Colo_rep9_Dep6_Tu0.1,0.000,0.000,1.912,0.000,4.264,0.000,2.572,0.000,8.564,9.545,9.677,0.873,62.594
Colo_rep10_Dep6_Tu0.3,0.000,0.000,1.056,0.000,4.382,1.347,2.497,0.000,5.383,11.303,9.779,1.238,63.016
Colo_rep8_Dep6_Tu20,0.000,3.739,0.461,0.000,4.942,12.745,2.380,4.217,1.758,9.215,6.575,2.018,51.951
Colo_rep3_Dep6_Tu3,0.000,1.833,1.554,0.000,3.203,1.240,2.509,0.000,7.568,12.670,8.813,0.000,60.610
Colo_rep4_Dep6_Tu2,0.000,2.869,0.000,0.000,6.366,1.692,2.982,0.000,8.021,6.328,8.674,0.429,62.639
Colo_rep10_Dep6_Tu0.1,0.000,0.551,1.942,0.000,4.367,0.159,3.326,0.000,7.304,9.851,9.023,0.924,62.553
Colo_rep4_Dep6_Tu0.3,0.000,0.000,2.043,0.000,3.251,0.000,2.825,0.000,6.514,11.294,10.074,1.315,62.684
Colo_rep9_Dep6_Tu0.3,0.000,0.000,0.448,0.000,3.655,0.234,3.041,0.000,5.337,12.161,11.028,1.139,62.957
Colo_rep1_Dep6_Tu10,0.000,1.355,0.643,0.000,5.736,6.376,2.702,0.000,7.020,9.491,8.943,1.356,56.377
Colo_rep6_Dep6_Tu0.3,0.000,0.000,1.666,0.000,3.218,0.000,2.532,0.000,8.913,10.306,11.805,0.063,61.497
Colo_rep6_Dep6_Tu0.5,0.000,0.000,2.003,0.000,4.901,0.000,2.213,0.000,8.503,11.402,8.955,0.000,62.022
Colo_rep10_Dep6_Tu10,0.000,0.000,1.754,0.000,5.652,7.125,3.451,4.526,4.015,7.352,8.547,1.392,56.187
Colo_rep10_Dep6_Tu1,0.000,0.000,1.501,0.000,4.834,0.023,2.099,0.000,6.097,12.347,9.548,1.745,61.805
Colo_rep10_Dep6_Tu5,0.000,2.625,0.205,0.000,5.872,3.146,1.871,0.000,9.726,8.564,10.059,0.000,57.932
Colo_rep10_Dep6_Tu40,0.000,3.103,0.000,0.000,8.115,25.437,1.687,2.995,6.635,6.646,6.916,0.833,37.634
Colo_rep10_Dep6_Tu0.5,0.000,0.888,1.020,0.000,4.231,0.144,2.839,0.000,6.960,9.990,9.490,1.166,63.273
Colo_rep1_Dep6_Tu1,0.000,0.000,1.490,0.000,4.054,0.354,2.039,0.000,6.963,11.951,10.310,1.382,61.456
Colo_rep7_Dep6_Tu20,0.000,1.515,0.076,0.000,4.208,13.462,3.466,1.218,6.176,9.865,9.850,0.000,50.165
Colo_rep6_Dep6_Tu10,0.000,0.727,1.317,0.000,6.386,7.243,2.300,0.000,6.618,7.456,8.882,1.266,57.805
Colo_rep10_Dep6_Tu3,0.000,1.451,0.000,0.000,4.017,1.507,1.566,0.000,8.674,8.958,12.263,0.223,61.340
Colo_rep1_Dep6_Tu30,0.000,3.653,0.000,0.000,7.221,19.965,2.105,0.000,5.341,7.863,7.006,2.886,43.959
Colo_rep1_Dep6_Tu0.1,0.000,0.880,0.000,0.000,4.164,0.000,2.779,0.000,7.217,10.351,10.656,0.813,63.140
Colo_rep7_Dep6_Tu5,0.000,0.000,1.419,0.000,5.699,3.525,3.512,0.000,1.951,11.861,10.552,2.260,59.220
Colo_rep7_Dep6_Tu0.1,0.000,0.000,0.786,0.000,4.081,0.023,2.536,0.000,6.183,12.436,10.715,0.009,63.230
Colo_rep6_Dep6_Tu40,0.000,0.000,0.000,0.582,8.406,25.990,2.033,4.109,3.863,7.816,9.701,1.176,36.324
Colo_rep8_Dep6_Tu2,0.000,0.056,0.259,0.000,3.881,1.375,2.873,0.000,5.478,12.919,10.147,1.254,61.758
Colo_rep7_Dep6_Tu0.5,0.000,2.294,0.000,0.000,5.074,0.281,3.187,0.000,6.164,8.525,8.716,2.395,63.364
Colo_rep5_Dep6_Tu20,0.684,4.019,0.347,0.000,3.655,13.077,2.952,0.000,7.576,8.245,8.451,1.637,49.358
Colo_rep8_Dep6_Tu0.3,0.000,0.000,0.441,0.000,3.527,0.279,2.977,0.000,5.779,11.861,10.981,1.100,63.054
Colo_rep4_Dep6_Tu5,0.000,0.161,1.499,0.000,3.763,3.204,2.257,1.018,8.257,9.658,10.491,0.000,59.691
Colo_rep9_Dep6_Tu1,0.000,0.498,0.917,0.000,3.686,0.000,3.924,0.000,6.326,12.138,10.162,0.000,62.351
Colo_rep1_Dep6_Tu0.5,0.000,0.206,1.831,0.000,3.396,0.000,2.338,0.000,3.587,13.898,10.823,1.495,62.424
Colo_rep8_Dep6_Tu3,0.000,1.306,1.259,0.000,4.741,0.608,1.239,0.000,9.086,11.628,8.812,0.000,61.321
Colo_rep5_Dep6_Tu0.3,0.000,0.000,1.123,0.000,3.095,0.860,2.501,0.000,9.100,10.361,10.001,0.281,62.679
Colo_rep2_Dep6_Tu30,0.000,0.000,0.000,0.000,6.505,21.187,3.360,7.343,0.000,5.462,8.966,1.832,45.344
Colo_rep7_Dep6_Tu10,0.000,0.000,0.000,0.000,4.833,6.080,2.453,3.307,4.287,12.266,10.110,0.545,56.119
Colo_rep2_Dep6_Tu40,0.000,3.314,0.000,0.000,5.812,27.352,3.608,2.902,3.281,4.366,8.165,2.637,38.563
Colo_rep3_Dep6_Tu0.1,0.000,0.864,0.447,0.000,6.872,0.000,2.108,2.922,3.436,8.357,12.201,0.999,61.794
Colo_rep3_Dep6_Tu1,0.000,0.000,0.810,0.000,5.143,0.000,2.998,0.000,6.372,9.938,10.515,1.279,62.944
Colo_rep8_Dep6_Tu1,0.000,0.894,0.296,0.000,4.603,0.000,2.782,0.000,6.027,11.459,10.310,0.591,63.038
Colo_rep4_Dep6_Tu1,0.000,3.077,0.496,0.000,5.066,0.000,2.211,0.000,5.958,10.814,8.707,0.688,62.984
Colo_rep5_Dep6_Tu40,0.134,0.000,1.593,0.000,7.479,27.393,3.095,8.455,4.977,0.069,8.505,1.110,37.189
Colo_rep5_Dep6_Tu10,0.000,2.664,0.374,0.000,4.638,5.347,2.196,0.000,6.880,10.753,10.193,0.974,55.980
Colo_rep2_Dep6_Tu0.3,0.000,0.246,1.174,0.000,4.825,0.000,1.177,0.000,8.965,10.443,8.905,0.000,64.266
Colo_rep10_Dep6_Tu30,0.000,1.060,0.000,0.361,8.024,19.797,1.685,1.471,9.295,6.510,7.169,0.806,43.821
Colo_rep1_Dep6_Tu40,0.000,1.993,0.000,0.000,8.826,26.424,1.776,0.461,11.096,3.268,8.334,0.000,37.822
Colo_rep6_Dep6_Tu0.1,0.000,1.066,0.195,0.000,2.602,0.511,3.468,0.000,7.080,12.127,10.849,0.000,62.100
Colo_rep7_Dep6_Tu40,0.000,1.132,0.000,0.000,8.182,25.991,1.677,0.998,8.522,8.675,7.134,0.191,37.499
Colo_rep1_Dep6_Tu50,0.000,1.323,0.000,0.408,9.613,33.460,3.438,0.000,10.885,2.445,5.439,1.355,31.635
Colo_rep1_Dep6_Tu0.3,0.000,0.382,1.150,0.000,3.210,0.866,2.911,0.000,3.329,12.068,10.961,2.792,62.329
Colo_rep9_Dep6_Tu20,0.000,1.026,0.000,0.000,6.696,13.106,3.003,0.000,6.373,8.299,8.296,2.556,50.645
Colo_rep4_Dep6_Tu10,0.000,2.189,0.000,0.000,3.943,6.402,2.590,0.000,5.669,11.328,10.710,0.031,57.138
Colo_rep6_Dep6_Tu5,0.000,0.000,0.159,0.000,4.119,3.429,2.012,0.000,8.677,11.834,9.289,0.862,59.619
Colo_rep9_Dep6_Tu5,0.000,1.082,1.587,0.000,3.704,2.516,1.412,0.000,6.931,12.146,11.324,0.666,58.633
Colo_rep3_Dep6_Tu50,0.000,1.904,0.000,0.000,8.922,32.239,3.160,4.020,5.297,5.713,7.371,0.000,31.373
Colo_rep5_Dep6_Tu1,0.000,0.273,1.741,0.000,3.628,0.000,1.596,0.000,6.976,11.845,11.855,1.004,61.082
Colo_rep5_Dep6_Tu3,0.000,1.833,0.000,0.000,3.968,1.044,2.714,1.186,4.516,12.701,9.115,0.866,62.056
Colo_rep2_Dep6_Tu1,0.000,1.700,0.467,0.000,3.598,0.000,2.594,0.000,4.818,13.018,12.932,0.687,60.185
Colo_rep7_Dep6_Tu1,0.000,0.549,0.038,0.000,4.147,0.590,1.441,0.000,6.887,11.258,11.437,1.124,62.530
Colo_rep5_Dep6_Tu2,0.000,0.000,1.913,0.000,3.918,2.231,1.453,0.000,7.702,8.486,9.689,1.466,63.141
Colo_rep4_Dep6_Tu40,0.000,2.518,0.000,0.370,7.103,24.981,2.658,0.906,3.376,12.490,8.070,0.749,36.781
Colo_rep2_Dep6_Tu20,0.000,0.000,0.000,0.000,7.301,13.069,4.314,0.000,7.458,8.992,6.482,1.372,51.011
Colo_rep4_Dep6_Tu0.5,0.000,0.000,1.708,0.000,3.370,0.639,3.363,0.000,5.457,12.444,7.978,1.075,63.967
Colo_rep2_Dep6_Tu5,0.000,2.441,0.862,0.000,4.869,1.586,0.080,0.000,8.975,12.007,7.999,0.000,61.181
Colo_rep2_Dep6_Tu3,0.000,0.554,0.396,0.000,5.614,1.680,2.765,0.000,3.909,13.082,11.266,1.580,59.154
Colo_rep3_Dep6_Tu10,0.358,0.000,0.000,0.000,4.218,6.868,3.867,0.000,7.067,10.240,10.612,0.664,56.107
Colo_rep8_Dep6_Tu0.5,0.000,1.254,0.804,0.000,4.827,0.000,2.281,0.000,4.137,10.996,9.773,2.585,63.346
Colo_rep7_Dep6_Tu3,0.000,0.000,1.837,0.000,4.127,2.158,2.104,0.000,7.848,10.331,10.129,1.142,60.325
Colo_rep3_Dep6_Tu0.5,0.000,0.000,1.932,0.000,3.196,0.000,2.483,0.000,8.860,10.609,11.583,0.000,61.336
Colo_rep3_Dep6_Tu20,0.000,1.387,0.000,0.000,5.829,13.139,2.686,1.097,4.558,9.896,9.292,0.841,51.276
Colo_rep1_Dep6_Tu2,0.000,1.467,0.484,0.000,4.331,0.000,2.808,0.000,7.298,13.475,8.274,0.141,61.721
Colo_rep9_Dep6_Tu50,0.000,2.820,0.000,0.139,7.068,32.329,2.140,1.707,5.816,7.966,7.116,0.000,32.902
Colo_rep3_Dep6_Tu0.3,0.000,1.188,0.760,0.000,4.689,0.000,2.209,0.000,4.516,10.871,9.670,2.565,63.532
Colo_rep1_Dep6_Tu3,0.351,0.000,1.109,0.000,4.022,1.794,3.243,0.000,4.098,11.332,11.054,2.257,60.739
Br62_rep5_Dep6_Tu0.5,0.000,1.134,0.000,0.000,4.679,0.100,2.359,0.010,5.887,11.924,9.275,0.301,64.332
Br62_rep5_Dep6_Tu3,2.053,0.019,0.946,0.145,4.840,0.000,3.262,0.045,4.640,11.585,9.054,1.304,62.107
Br62_rep6_Dep6_Tu30,25.881,0.790,1.057,3.652,2.297,0.000,3.727,0.000,6.395,4.301,6.652,0.562,44.687
Br62_rep7_Dep6_Tu20,16.688,0.000,1.135,1.184,5.927,0.000,2.637,1.235,4.132,8.388,7.967,0.343,50.364
Br62_rep2_Dep6_Tu40,33.141,0.497,2.379,5.695,2.827,0.000,2.816,0.000,3.772,3.494,5.130,1.748,38.501
Br62_rep8_Dep6_Tu0.5,0.000,1.261,0.754,0.000,4.585,0.000,2.095,0.000,4.691,11.194,9.755,2.552,63.113
Br62_rep5_Dep6_Tu2,0.241,0.000,2.121,0.000,4.285,0.991,1.549,0.000,8.259,9.111,9.255,1.401,62.787
Br62_rep4_Dep6_Tu50,40.650,0.000,3.034,7.271,1.775,0.000,3.313,0.000,2.164,3.405,4.220,1.111,33.057
Br62_rep8_Dep6_Tu40,32.773,0.000,2.940,3.912,2.880,0.000,2.218,2.097,1.924,7.296,4.921,0.973,38.066
Br62_rep7_Dep6_Tu2,0.000,0.000,1.172,0.000,3.241,0.084,2.242,0.000,7.221,13.197,9.331,0.985,62.527
Br62_rep9_Dep6_Tu40,33.618,0.000,2.632,4.254,4.265,0.000,3.084,0.000,2.755,3.393,4.947,1.360,39.691
Br62_rep10_Dep6_Tu2,0.024,1.204,0.994,0.000,4.687,0.000,3.025,0.000,6.150,11.541,9.092,1.136,62.147
Br62_rep6_Dep6_Tu10,7.754,3.499,1.748,0.034,5.292,0.000,1.697,0.000,8.018,6.817,7.661,0.618,56.862
Br62_rep2_Dep6_Tu2,1.549,2.802,0.000,0.000,2.641,0.026,3.406,0.000,3.437,13.384,9.856,0.505,62.394
Br62_rep9_Dep6_Tu5,4.690,0.233,1.784,0.000,3.953,0.000,2.461,0.000,6.198,8.922,11.974,1.203,58.581
Br62_rep6_Dep6_Tu40,31.572,0.000,2.346,5.220,3.862,0.000,2.797,0.000,1.945,7.397,6.516,0.443,37.901
Br62_rep4_Dep6_Tu20,18.059,0.000,2.513,1.905,4.256,0.000,3.489,0.000,3.194,7.530,6.652,1.176,51.227
Br62_rep9_Dep6_Tu1,0.000,0.708,1.071,0.000,3.723,0.000,3.959,0.000,6.652,11.294,10.310,0.062,62.221
Br62_rep1_Dep6_Tu0.3,0.000,0.631,1.026,0.000,3.473,0.574,3.005,0.000,3.276,12.400,10.658,2.925,62.032
Br62_rep3_Dep6_Tu5,1.704,0.872,2.117,0.194,4.272,0.000,1.699,0.000,6.863,11.719,6.394,2.069,62.097
Br62_rep9_Dep6_Tu50,39.602,0.000,1.834,7.165,5.027,0.000,3.965,0.000,2.214,2.546,3.724,1.229,32.695
Br62_rep5_Dep6_Tu30,22.332,0.000,2.322,2.864,5.581,0.000,3.016,0.000,5.556,8.594,6.312,0.425,42.999
Br62_rep9_Dep6_Tu0.5,0.000,0.000,1.022,0.000,4.040,0.000,1.783,0.115,6.459,13.349,10.527,0.523,62.183
Br62_rep1_Dep6_Tu20,18.140,0.000,2.128,1.545,4.146,0.000,0.000,0.000,5.818,8.357,7.699,1.001,51.166
Br62_rep4_Dep6_Tu2,0.658,2.925,0.073,0.000,6.463,0.000,2.744,0.000,8.469,7.486,8.641,0.031,62.510
Br62_rep8_Dep6_Tu3,1.552,0.946,2.238,0.000,4.358,0.000,0.980,0.000,9.220,9.994,9.025,0.000,61.687
Br62_rep2_Dep6_Tu5,4.487,0.000,1.881,0.000,4.823,0.000,0.770,0.000,8.217,10.349,8.012,0.000,61.462
Br62_rep2_Dep6_Tu1,1.075,0.946,0.711,0.000,3.666,0.000,2.660,0.000,4.408,12.452,13.055,0.911,60.116
Br62_rep8_Dep6_Tu1,1.165,0.000,0.441,0.000,4.473,0.000,2.821,0.000,5.869,11.072,10.264,0.764,63.132
Br62_rep10_Dep6_Tu0.1,0.000,0.156,1.822,0.000,4.393,0.121,3.324,0.000,6.869,10.443,9.240,1.094,62.539
Br62_rep3_Dep6_Tu40,32.777,0.658,2.444,4.181,4.340,0.000,3.248,3.424,0.000,4.110,5.077,2.517,37.223
Br62_rep8_Dep6_Tu0.3,0.000,0.000,0.539,0.000,3.948,0.076,2.946,0.000,5.653,11.718,11.053,1.108,62.960
Br62_rep4_Dep6_Tu0.5,0.223,0.000,1.804,0.000,3.527,0.385,3.317,0.000,5.096,12.415,8.110,1.264,63.858
Br62_rep6_Dep6_Tu50,38.329,1.270,3.865,6.312,2.427,0.000,0.735,0.000,3.512,6.461,4.689,0.303,32.096
Br62_rep7_Dep6_Tu0.1,0.000,0.000,0.806,0.000,4.045,0.000,2.466,0.000,6.457,12.409,10.636,0.000,63.180
Br62_rep9_Dep6_Tu30,25.776,2.205,2.156,2.738,4.669,0.000,1.745,0.000,0.652,7.177,6.533,2.109,44.238
Br62_rep6_Dep6_Tu20,16.036,1.234,1.487,1.651,4.701,0.000,3.298,0.000,8.424,5.322,5.806,1.700,50.341
Br62_rep5_Dep6_Tu5,4.909,0.000,1.718,0.000,4.373,0.000,2.138,0.000,8.284,9.818,8.274,0.389,60.097
Br62_rep4_Dep6_Tu40,30.816,0.000,1.282,3.735,6.945,0.000,2.288,0.000,1.731,7.737,6.564,1.697,37.204
Br62_rep8_Dep6_Tu0.1,0.000,0.000,1.749,0.000,4.211,0.373,3.509,0.000,5.753,11.306,8.976,1.408,62.716
Br62_rep1_Dep6_Tu40,32.018,0.341,1.313,5.648,4.474,0.000,2.442,0.000,6.783,3.106,4.451,1.188,38.235
Br62_rep3_Dep6_Tu30,25.405,0.000,1.922,2.594,4.170,0.000,3.083,0.000,3.311,7.421,7.223,0.468,44.403
Br62_rep7_Dep6_Tu0.5,0.000,2.197,0.000,0.000,5.557,0.000,2.928,0.000,6.345,8.310,8.900,2.513,63.250
Br62_rep1_Dep6_Tu10,7.737,1.312,1.341,0.495,3.882,0.000,3.677,0.000,4.822,10.628,7.392,1.430,57.284
Br62_rep10_Dep6_Tu20,18.943,0.000,2.902,1.852,2.283,0.000,2.906,0.000,7.651,5.229,8.955,0.000,49.278
Br62_rep1_Dep6_Tu5,2.733,1.825,1.303,0.000,5.818,0.000,3.641,0.000,5.364,9.549,8.665,1.534,59.566
Br62_rep3_Dep6_Tu50,37.758,1.131,2.859,6.716,4.364,0.000,3.320,0.000,0.000,4.901,4.653,1.921,32.377
Br62_rep1_Dep6_Tu3,3.079,0.374,1.598,0.028,3.563,0.000,3.128,0.000,3.199,11.231,10.778,2.630,60.391
Br62_rep7_Dep6_Tu30,27.257,2.957,0.320,3.452,1.154,0.000,2.525,0.000,1.441,7.034,5.563,1.891,46.404
Br62_rep6_Dep6_Tu1,0.000,2.069,0.186,0.000,3.067,0.000,2.638,0.165,7.122,10.000,10.539,0.745,63.470
Br62_rep1_Dep6_Tu0.5,0.000,0.000,1.965,0.000,3.338,0.000,2.631,0.000,3.997,13.343,10.811,1.498,62.416
Br62_rep1_Dep6_Tu0.1,0.000,0.770,0.000,0.000,4.351,0.000,2.747,0.000,7.816,10.037,10.367,0.687,63.224
Br62_rep9_Dep6_Tu3,0.622,0.000,1.712,0.000,6.120,0.000,1.903,2.144,6.902,9.257,10.037,0.910,60.394
Br62_rep5_Dep6_Tu40,33.033,0.000,1.460,5.300,4.484,0.000,4.077,2.060,1.165,3.241,4.914,2.060,38.208
Br62_rep10_Dep6_Tu3,1.764,0.227,0.839,0.000,5.208,0.000,1.854,0.000,5.949,9.372,12.574,1.141,61.072
Br62_rep2_Dep6_Tu0.3,0.000,0.116,1.352,0.000,5.007,0.000,1.406,0.000,9.020,9.892,8.908,0.000,64.299
Br62_rep10_Dep6_Tu40,31.000,1.108,2.188,4.074,3.577,0.000,4.271,0.000,5.115,7.620,4.168,0.000,36.878
Br62_rep3_Dep6_Tu2,1.699,0.000,1.629,0.012,3.959,0.656,3.260,0.000,5.567,9.611,10.363,2.505,60.739
Br62_rep5_Dep6_Tu1,0.416,0.000,1.978,0.000,3.566,0.000,1.807,0.000,6.776,10.346,12.252,1.467,61.392
Br62_rep4_Dep6_Tu1,0.069,2.602,1.054,0.000,5.383,0.000,2.495,0.000,4.547,10.919,9.325,1.195,62.412
Br62_rep10_Dep6_Tu0.5,0.000,1.210,0.975,0.000,4.071,0.000,2.551,0.000,6.943,10.223,9.588,1.201,63.237
Br62_rep5_Dep6_Tu20,17.907,0.000,2.737,1.524,3.564,0.000,3.281,0.000,4.777,7.407,6.932,1.852,50.017
Br62_rep6_Dep6_Tu0.3,0.000,0.000,1.683,0.000,3.521,0.000,2.558,0.000,8.861,10.016,11.853,0.000,61.508
Br62_rep9_Dep6_Tu0.3,0.000,0.000,0.623,0.000,3.687,0.062,2.934,0.000,6.099,11.597,11.081,0.931,62.985
Br62_rep2_Dep6_Tu20,17.547,0.553,0.346,1.524,5.643,0.000,4.923,0.000,3.306,7.925,6.571,1.033,50.629
Br62_rep6_Dep6_Tu0.5,0.000,0.000,2.012,0.000,4.861,0.000,2.254,0.000,8.959,10.434,9.319,0.000,62.161
Br62_rep8_Dep6_Tu10,9.138,0.229,1.725,1.102,2.968,0.000,2.286,0.000,11.393,6.079,8.559,0.000,56.521
Br62_rep2_Dep6_Tu0.1,0.000,1.201,0.094,0.000,6.756,0.000,1.510,0.000,7.504,9.801,9.357,1.027,62.751
Br62_rep5_Dep6_Tu10,8.841,0.000,2.106,0.185,3.791,0.000,2.767,0.000,6.032,9.966,10.043,0.074,56.193
Br62_rep10_Dep6_Tu10,10.277,0.151,1.893,0.165,3.883,0.000,2.691,0.000,5.566,9.562,7.901,0.948,56.964
Br62_rep4_Dep6_Tu10,7.822,3.501,1.051,0.000,3.725,0.000,1.889,0.000,4.689,9.961,10.530,0.114,56.719
Br62_rep3_Dep6_Tu0.1,0.000,0.734,0.447,0.000,7.010,0.000,2.219,2.596,3.616,8.589,12.117,0.969,61.702
Br62_rep2_Dep6_Tu50,38.967,0.740,3.389,4.985,4.259,0.000,3.026,0.000,3.143,3.064,4.189,1.131,33.107
Br62_rep9_Dep6_Tu10,10.000,0.000,0.916,0.685,3.647,0.000,3.083,0.101,3.230,11.333,9.195,1.146,56.664
Br62_rep5_Dep6_Tu0.3,0.000,0.000,1.316,0.000,3.381,0.535,2.609,0.000,8.744,10.697,9.842,0.310,62.566
Br62_rep8_Dep6_Tu50,38.092,0.000,3.854,5.963,3.943,0.000,4.805,0.000,0.000,3.428,4.129,1.910,33.875
Br62_rep4_Dep6_Tu0.3,0.000,0.000,2.040,0.000,3.186,0.000,2.647,0.000,6.881,11.065,10.041,1.378,62.762
Br62_rep7_Dep6_Tu1,0.000,1.005,0.011,0.000,4.681,0.000,1.301,0.000,7.153,11.450,11.107,0.808,62.485
Br62_rep3_Dep6_Tu0.5,0.000,0.000,1.737,0.000,3.651,0.000,2.490,0.000,8.927,10.310,11.608,0.000,61.276
Br62_rep7_Dep6_Tu40,30.742,0.920,2.287,4.113,4.665,0.000,3.322,0.000,3.823,6.233,4.722,1.585,37.589
Br62_rep2_Dep6_Tu3,1.604,0.831,0.837,0.000,5.704,0.000,2.774,0.000,4.157,12.909,11.117,1.367,58.699
Br62_rep2_Dep6_Tu0.5,0.000,1.408,0.000,0.000,5.244,0.000,1.656,0.000,5.673,9.138,12.704,1.910,62.267
Br62_rep1_Dep6_Tu50,36.676,0.000,2.870,6.024,5.763,0.000,4.252,0.000,3.975,4.431,3.093,0.623,32.292
Br62_rep3_Dep6_Tu3,1.192,1.523,1.637,0.000,3.943,0.000,2.963,0.333,7.581,11.344,8.599,0.149,60.736
Br62_rep7_Dep6_Tu3,2.500,0.000,2.171,0.027,3.482,0.000,2.236,0.000,6.598,11.824,9.803,1.241,60.117
Br62_rep3_Dep6_Tu0.3,0.000,1.377,0.839,0.000,4.649,0.000,2.307,0.000,4.221,10.924,9.606,2.636,63.441
Br62_rep8_Dep6_Tu30,24.397,0.000,3.134,2.884,5.572,0.000,5.232,0.000,4.284,4.967,5.149,0.338,44.044
Br62_rep4_Dep6_Tu30,25.513,1.904,0.439,3.565,4.660,0.000,2.707,0.000,4.876,5.319,5.926,1.303,43.786
Br62_rep6_Dep6_Tu3,1.377,0.000,0.516,0.763,5.332,0.000,4.165,0.373,5.804,10.135,9.102,1.165,61.269
Br62_rep4_Dep6_Tu0.1,0.541,0.000,1.001,0.000,2.809,0.000,3.464,0.000,4.745,11.717,10.553,1.776,63.395
Br62_rep8_Dep6_Tu5,4.305,0.242,2.160,0.000,5.612,0.000,1.474,0.000,8.644,9.350,8.158,0.407,59.649
Br62_rep10_Dep6_Tu50,38.887,2.692,4.223,6.407,2.213,0.000,2.330,0.000,0.000,5.699,3.444,1.603,32.501
Br62_rep10_Dep6_Tu0.3,0.000,0.000,1.077,0.000,4.347,1.266,2.460,0.000,5.390,11.264,9.846,1.340,63.011
Br62_rep3_Dep6_Tu20,16.034,0.000,1.966,1.504,4.099,0.000,3.064,0.121,3.327,10.450,8.026,0.000,51.408
Br62_rep1_Dep6_Tu1,0.000,0.056,1.714,0.000,4.597,0.000,2.049,0.000,7.510,11.337,10.311,1.357,61.069
Br62_rep3_Dep6_Tu1,0.000,0.000,0.978,0.000,5.145,0.000,3.265,0.000,6.402,9.620,10.376,1.352,62.862
Br62_rep9_Dep6_Tu2,0.000,3.168,0.000,0.000,3.917,0.000,3.595,0.000,2.699,12.561,9.044,2.348,62.668
Br62_rep7_Dep6_Tu50,38.796,0.901,2.214,7.271,3.625,0.000,4.004,0.727,0.000,6.573,4.002,1.042,30.845
Br62_rep7_Dep6_Tu5,4.453,0.000,1.682,0.000,4.957,0.000,2.691,0.000,4.990,11.316,9.504,1.156,59.251
Br62_rep8_Dep6_Tu2,2.147,0.154,0.593,0.000,3.871,0.000,2.615,0.000,5.967,12.295,9.835,1.071,61.451
Br62_rep5_Dep6_Tu0.1,0.000,0.848,0.867,0.000,3.926,0.000,3.201,0.000,5.903,11.149,10.423,1.049,62.633
Br62_rep6_Dep6_Tu5,3.095,0.967,1.038,0.000,3.135,0.000,2.781,0.000,6.937,11.573,8.910,1.031,60.532
Br62_rep9_Dep6_Tu20,16.092,2.047,1.009,2.153,2.766,0.000,3.373,0.000,5.780,6.563,7.827,1.620,50.770
Br62_rep2_Dep6_Tu30,26.630,0.000,1.349,3.978,3.000,0.000,1.452,0.000,3.828,6.614,6.801,1.098,45.251
Br62_rep7_Dep6_Tu10,6.982,0.000,1.378,0.600,4.272,0.000,2.256,1.740,4.286,12.789,9.319,0.234,56.144
Br62_rep6_Dep6_Tu0.1,0.000,1.064,0.159,0.000,2.947,0.515,3.545,0.000,7.475,11.678,10.602,0.000,62.014
Br62_rep5_Dep6_Tu50,40.769,1.628,3.567,6.303,4.245,0.000,2.370,0.000,0.000,3.074,4.479,1.843,31.721
Br62_rep10_Dep6_Tu1,0.000,0.000,1.661,0.000,5.476,0.000,1.950,0.000,6.123,11.645,9.782,1.713,61.651
Br62_rep1_Dep6_Tu30,25.073,2.646,0.000,3.255,4.634,0.000,1.718,0.000,1.387,6.915,7.517,2.755,44.099
Br62_rep7_Dep6_Tu0.3,0.000,1.858,0.000,0.000,4.278,0.000,2.005,0.000,4.497,11.620,10.452,1.621,63.668
Br62_rep2_Dep6_Tu10,7.508,0.292,0.631,0.957,5.692,0.000,2.744,0.000,4.773,11.068,7.918,1.320,57.098
Br62_rep9_Dep6_Tu0.1,0.000,0.000,1.748,0.000,4.798,0.000,2.523,0.000,8.926,8.846,9.646,1.002,62.511
Br62_rep3_Dep6_Tu10,10.220,0.000,0.883,0.335,3.498,0.000,3.856,0.000,5.109,9.301,9.308,1.560,55.929
Br62_rep4_Dep6_Tu5,3.451,1.459,1.479,0.000,4.109,0.000,2.193,1.793,6.322,9.377,10.283,0.109,59.424
Br62_rep8_Dep6_Tu20,14.067,2.455,3.070,2.920,4.210,0.000,3.312,0.027,4.858,5.895,6.926,0.553,51.710
Br62_rep1_Dep6_Tu2,0.492,0.000,0.926,0.000,5.226,0.000,3.146,0.000,8.851,11.474,8.159,0.060,61.667
Br62_rep10_Dep6_Tu5,3.121,2.687,0.369,0.000,4.948,0.000,2.216,0.000,9.705,9.094,9.508,0.000,58.352
Br62_rep10_Dep6_Tu30,21.507,0.000,3.236,2.220,5.352,0.000,1.033,0.000,8.921,7.389,6.463,0.000,43.878
Br62_rep6_Dep6_Tu2,0.592,0.000,1.596,0.000,4.423,0.987,2.480,0.000,5.416,11.781,9.736,1.167,61.822
Br62_rep4_Dep6_Tu3,0.841,0.360,2.490,0.148,4.466,0.000,2.624,0.000,6.844,10.855,11.042,0.000,60.330
Br66_rep4_Dep6_Tu50,46.955,0.000,3.344,4.219,0.000,0.000,2.249,0.000,3.996,0.000,6.540,1.197,31.499
Br66_rep3_Dep6_Tu0.5,0.000,0.000,1.742,0.000,3.398,0.000,2.515,0.000,8.481,10.511,11.841,0.165,61.347
Br66_rep2_Dep6_Tu3,1.447,1.033,0.923,0.000,4.955,0.000,2.636,0.000,4.491,13.261,11.022,1.226,59.005
Br66_rep6_Dep6_Tu40,35.590,0.000,2.327,4.865,1.979,0.000,0.000,0.000,1.434,6.794,9.728,1.023,36.260
Br66_rep9_Dep6_Tu0.1,0.000,0.000,1.865,0.000,4.227,0.000,2.569,0.000,8.835,9.297,9.815,0.817,62.574
Br66_rep9_Dep6_Tu5,4.566,0.271,1.669,0.000,3.241,0.000,1.962,0.000,6.591,10.501,11.294,0.993,58.910
Br66_rep10_Dep6_Tu1,0.000,0.000,2.374,0.000,4.262,0.000,1.176,0.000,9.766,9.532,9.933,0.000,62.957
Br66_rep6_Dep6_Tu20,17.715,0.000,3.278,1.262,2.695,0.000,1.825,0.000,5.516,6.774,7.285,2.956,50.695
Br66_rep10_Dep6_Tu30,28.903,0.000,0.915,2.183,1.859,0.000,2.648,0.000,1.130,8.319,7.916,1.863,44.263
Br66_rep10_Dep6_Tu5,4.104,0.945,0.789,0.000,2.669,0.323,2.824,0.000,4.389,12.499,9.146,1.754,60.558
Br66_rep7_Dep6_Tu1,0.000,1.337,0.030,0.000,3.992,0.000,1.333,0.000,6.530,11.694,11.341,0.997,62.746
Br66_rep6_Dep6_Tu0.3,0.000,0.000,1.780,0.000,3.365,0.000,2.511,0.000,8.918,10.148,11.515,0.165,61.597
Br66_rep1_Dep6_Tu30,28.762,0.000,1.778,3.055,2.656,0.000,2.052,0.000,1.977,7.577,5.820,1.786,44.537
Br66_rep3_Dep6_Tu1,0.000,0.000,1.170,0.000,5.090,0.000,3.306,0.000,5.752,9.665,10.369,1.583,63.066
Br66_rep3_Dep6_Tu30,29.824,1.363,0.809,2.267,1.813,0.000,2.753,0.000,2.649,4.022,9.140,1.503,43.856
Br66_rep9_Dep6_Tu1,0.000,0.555,1.290,0.000,3.570,0.000,3.944,0.000,5.953,11.657,10.266,0.461,62.303
Br66_rep9_Dep6_Tu40,37.472,1.687,1.892,3.739,2.781,0.000,1.314,2.119,3.003,0.469,5.718,1.091,38.714
Br66_rep5_Dep6_Tu1,0.000,0.102,2.249,0.000,3.587,0.000,1.853,0.000,6.311,11.002,12.271,1.555,61.069
Br66_rep2_Dep6_Tu5,3.746,0.000,1.857,0.000,5.059,0.000,1.016,0.000,8.500,9.727,8.398,0.199,61.498
Br66_rep5_Dep6_Tu30,25.978,0.000,3.012,1.811,5.021,0.000,2.477,0.000,1.914,7.413,7.766,1.522,43.085
Br66_rep7_Dep6_Tu50,44.824,0.685,1.809,5.921,2.651,0.000,1.180,0.623,0.463,1.886,5.386,2.250,32.322
Br66_rep4_Dep6_Tu40,35.457,0.000,2.280,3.194,1.801,0.000,2.282,1.824,0.320,5.421,8.741,1.871,36.808
Br66_rep8_Dep6_Tu5,5.659,0.311,1.653,0.000,5.920,0.197,1.121,0.000,8.501,7.941,7.486,0.725,60.484
Br66_rep9_Dep6_Tu2,0.000,2.711,0.000,0.000,4.111,0.000,2.755,0.000,2.862,12.999,9.471,2.356,62.735
Br66_rep6_Dep6_Tu30,30.132,0.000,2.095,2.624,0.355,0.000,1.606,0.493,4.727,4.958,6.632,0.000,46.378
Br66_rep4_Dep6_Tu0.1,0.254,0.000,0.999,0.000,2.808,0.000,3.546,0.000,4.452,11.856,10.684,1.842,63.560
Br66_rep5_Dep6_Tu10,9.212,0.585,2.823,0.025,2.598,0.000,1.409,0.000,5.305,10.232,10.053,0.898,56.860
Br66_rep3_Dep6_Tu40,36.522,0.000,4.010,3.462,2.018,0.000,1.429,4.270,0.000,1.709,7.377,1.420,37.784
Br66_rep9_Dep6_Tu0.5,0.000,0.000,0.673,0.000,3.972,0.000,1.788,0.000,6.939,13.211,10.353,0.540,62.525
Br66_rep8_Dep6_Tu2,2.454,0.000,0.782,0.000,3.143,0.000,2.856,0.000,4.517,12.878,9.980,1.375,62.015
Br66_rep10_Dep6_Tu2,0.590,0.284,1.499,0.000,4.330,0.000,3.050,0.000,4.316,9.147,10.242,3.218,63.325
Br66_rep6_Dep6_Tu0.1,0.000,1.099,0.270,0.000,2.579,0.370,3.524,0.000,7.183,12.183,10.821,0.000,61.971
Br66_rep5_Dep6_Tu0.5,0.000,1.641,0.000,0.000,4.068,0.189,2.339,0.000,5.691,11.899,9.345,0.591,64.237
Br66_rep2_Dep6_Tu20,20.463,2.627,0.772,0.214,3.216,0.000,2.713,0.000,2.702,7.416,7.300,1.491,51.086
Br66_rep4_Dep6_Tu0.5,0.000,0.000,2.011,0.000,3.545,0.401,3.257,0.000,5.510,12.206,8.077,1.069,63.924
Br66_rep4_Dep6_Tu5,4.553,0.000,1.650,0.219,3.817,0.000,1.981,1.062,6.818,10.426,10.385,0.441,58.649
Br66_rep8_Dep6_Tu0.5,0.000,1.186,0.930,0.000,4.681,0.000,2.342,0.000,4.162,10.720,9.737,2.731,63.511
Br66_rep5_Dep6_Tu20,21.625,0.091,2.222,0.566,1.708,0.000,2.900,0.000,4.096,6.665,7.889,2.832,49.405
Br66_rep1_Dep6_Tu3,3.217,0.000,1.684,0.000,3.193,0.000,2.833,0.000,3.306,11.042,11.485,2.533,60.708
Br66_rep10_Dep6_Tu10,8.589,0.097,2.862,0.083,3.595,0.000,3.659,0.000,5.224,7.953,9.373,1.627,56.939
Br66_rep3_Dep6_Tu10,10.070,0.000,1.115,0.000,3.210,0.000,3.772,0.950,2.171,9.893,9.323,2.545,56.952
Br66_rep10_Dep6_Tu40,37.276,0.000,2.589,4.271,2.233,0.000,1.303,0.000,3.406,2.141,6.053,2.330,38.398
Br66_rep1_Dep6_Tu50,45.384,0.000,2.579,5.260,3.947,0.000,2.018,0.000,2.996,0.880,5.004,0.777,31.156
Br66_rep10_Dep6_Tu0.5,0.414,1.031,0.619,0.000,5.020,0.000,3.632,0.000,3.703,13.573,9.985,0.890,61.134
Br66_rep1_Dep6_Tu0.3,0.000,0.617,1.082,0.000,3.152,0.617,2.998,0.000,3.400,12.247,10.718,2.893,62.277
Br66_rep10_Dep6_Tu0.1,0.000,0.292,0.000,0.000,4.949,0.137,2.993,0.000,6.458,10.779,10.227,2.086,62.079
Br66_rep8_Dep6_Tu40,33.111,0.683,3.976,3.340,3.392,0.000,3.168,0.000,0.000,6.787,5.412,1.147,38.983
Br66_rep3_Dep6_Tu20,18.719,0.000,2.349,1.257,2.664,0.000,2.561,0.000,0.887,9.014,10.139,2.108,50.302
Br66_rep9_Dep6_Tu0.3,0.000,0.000,0.784,0.000,3.633,0.085,3.164,0.000,5.638,11.648,10.904,0.996,63.148
Br66_rep7_Dep6_Tu0.3,0.000,1.936,0.000,0.000,4.000,0.000,1.954,0.000,4.292,11.869,10.603,1.664,63.681
Br66_rep5_Dep6_Tu2,0.000,0.000,2.770,0.000,3.973,1.382,1.849,0.000,8.271,8.237,9.568,1.261,62.688
Br66_rep5_Dep6_Tu0.3,0.000,0.000,1.475,0.000,3.037,0.619,2.579,0.000,9.218,10.309,9.963,0.183,62.616
Br66_rep6_Dep6_Tu5,2.297,0.189,1.995,0.000,2.924,0.000,2.413,0.000,7.360,12.765,8.828,0.900,60.330
Br66_rep5_Dep6_Tu3,1.649,0.000,0.644,0.000,4.585,0.000,2.684,1.777,5.454,10.473,9.135,1.337,62.264
Br66_rep1_Dep6_Tu5,2.669,0.771,1.157,0.000,5.700,0.000,3.835,0.000,4.941,10.960,8.449,1.755,59.763
Br66_rep6_Dep6_Tu10,8.163,2.959,1.768,0.124,5.138,0.000,1.676,0.000,6.500,6.200,8.780,0.860,57.832
Br66_rep3_Dep6_Tu5,3.469,0.000,2.182,0.042,3.956,0.000,2.948,0.000,6.217,11.332,6.363,1.610,61.883
Br66_rep1_Dep6_Tu1,0.000,0.008,2.047,0.000,4.366,0.000,1.990,0.000,6.955,11.368,10.189,1.475,61.601
Br66_rep4_Dep6_Tu30,27.183,0.000,1.055,2.568,5.762,0.000,2.350,0.000,2.489,5.259,8.380,2.016,42.938
Br66_rep8_Dep6_Tu20,17.228,1.399,3.218,1.226,4.553,0.000,1.838,4.755,0.624,6.126,5.389,1.561,52.083
Br66_rep4_Dep6_Tu10,9.751,2.655,1.222,0.204,3.659,0.000,1.383,0.000,3.679,8.261,11.576,0.552,57.058
Br66_rep2_Dep6_Tu1,0.000,1.878,0.215,0.000,3.332,0.000,2.848,0.000,5.590,11.909,13.020,0.633,60.574
Br66_rep6_Dep6_Tu2,0.595,0.161,1.975,0.000,3.861,1.125,2.478,0.000,5.180,11.955,9.939,1.138,61.594
Br66_rep6_Dep6_Tu0.5,0.000,0.000,2.079,0.000,4.771,0.000,2.520,0.000,8.286,10.808,9.417,0.021,62.098
Br66_rep5_Dep6_Tu0.1,0.000,0.780,0.928,0.000,3.780,0.000,3.281,0.000,5.643,11.487,10.341,1.111,62.648
Br66_rep2_Dep6_Tu2,2.215,2.885,0.000,0.000,2.370,0.000,3.627,0.000,2.393,13.218,10.005,1.024,62.263
Br66_rep10_Dep6_Tu50,45.087,3.093,1.937,5.352,0.000,0.000,2.643,0.000,0.000,4.340,3.385,1.163,33.000
Br66_rep7_Dep6_Tu3,2.668,0.000,1.860,0.110,3.152,0.000,1.919,0.000,6.558,11.994,9.821,1.347,60.571
Br66_rep7_Dep6_Tu10,8.121,0.214,1.567,0.378,3.062,0.000,2.551,2.176,5.054,11.329,8.825,0.367,56.357
Br66_rep2_Dep6_Tu0.5,0.000,0.750,0.236,0.000,5.303,0.000,1.893,0.000,5.494,9.578,12.656,1.907,62.183
Br66_rep5_Dep6_Tu50,45.102,0.000,4.531,4.444,2.846,0.000,0.733,0.000,2.125,1.673,6.420,0.543,31.583
Br66_rep9_Dep6_Tu20,18.669,0.000,1.219,1.875,3.593,0.000,1.868,0.000,4.844,6.748,8.401,1.950,50.835
Br66_rep8_Dep6_Tu3,2.070,0.227,2.349,0.000,3.815,0.000,1.164,0.000,9.482,9.832,9.607,0.000,61.456
Br66_rep9_Dep6_Tu10,9.537,0.000,2.393,0.000,2.351,0.000,2.771,2.416,2.329,10.684,9.937,0.825,56.756
Br66_rep7_Dep6_Tu2,0.000,0.000,1.431,0.000,2.965,0.000,2.213,0.000,6.864,13.513,9.308,1.065,62.641
Br66_rep6_Dep6_Tu3,2.065,0.169,0.443,0.792,4.621,0.000,3.857,0.000,6.330,9.635,9.706,1.074,61.306
Br66_rep1_Dep6_Tu0.5,0.000,0.000,2.072,0.000,3.284,0.000,2.303,0.000,3.997,13.391,10.904,1.568,62.480
Br66_rep2_Dep6_Tu40,37.975,0.993,3.198,2.934,0.000,0.000,2.830,0.000,0.000,3.819,6.507,2.652,39.093
Br66_rep1_Dep6_Tu2,1.787,0.297,0.279,0.000,4.603,0.000,3.106,0.000,5.721,12.506,8.355,1.412,61.935
Br66_rep8_Dep6_Tu1,1.030,0.120,0.652,0.000,4.307,0.000,2.716,0.000,5.817,10.968,10.267,0.836,63.288
Br66_rep4_Dep6_Tu3,1.250,1.788,2.557,0.000,3.414,0.000,2.257,0.000,7.025,10.104,10.979,0.000,60.625
Br66_rep7_Dep6_Tu40,36.415,0.974,3.304,3.347,3.988,0.000,1.407,0.000,0.000,5.908,5.702,2.268,36.687
Br66_rep7_Dep6_Tu0.5,0.000,2.520,0.000,0.000,5.187,0.010,3.215,0.000,6.284,8.121,8.957,2.343,63.362
Br66_rep2_Dep6_Tu30,28.621,0.000,2.595,3.320,2.396,0.000,1.583,0.000,1.036,6.287,7.301,1.820,45.040
Br66_rep2_Dep6_Tu0.1,0.000,1.251,0.143,0.000,6.622,0.000,1.447,0.000,7.461,9.829,9.448,1.148,62.651
Br66_rep7_Dep6_Tu0.1,0.000,0.000,0.838,0.000,4.032,0.000,2.427,0.000,6.361,12.348,10.794,0.000,63.200
Br66_rep1_Dep6_Tu40,36.881,0.000,1.814,4.210,1.580,0.000,1.352,0.000,4.589,4.535,6.041,0.765,38.233
Br66_rep7_Dep6_Tu5,4.308,0.000,1.800,0.000,4.511,0.000,2.955,0.000,2.906,12.110,9.964,1.682,59.764
Br66_rep4_Dep6_Tu1,0.494,2.381,0.889,0.000,4.765,0.000,2.691,0.000,4.737,10.706,8.983,1.450,62.904
Br66_rep8_Dep6_Tu0.1,0.000,0.000,1.884,0.000,4.078,0.354,3.390,0.000,5.703,11.553,8.976,1.289,62.773
Br66_rep4_Dep6_Tu2,1.738,2.396,0.053,0.000,6.412,0.000,2.586,0.000,7.910,7.195,8.693,0.264,62.752
Br66_rep1_Dep6_Tu0.1,0.000,0.834,0.000,0.000,4.116,0.000,2.789,0.000,7.116,10.426,10.587,0.924,63.207
Br66_rep2_Dep6_Tu10,9.474,1.875,0.554,0.309,2.348,0.000,2.380,0.000,3.674,11.948,7.606,1.902,57.929
Br66_rep4_Dep6_Tu20,17.687,0.000,3.864,1.860,3.677,0.000,2.804,0.000,2.163,8.211,6.307,1.651,51.774
Br66_rep4_Dep6_Tu0.3,0.000,0.000,2.151,0.000,3.076,0.000,2.760,0.000,6.696,11.197,10.078,1.397,62.645
Br66_rep10_Dep6_Tu3,4.443,0.477,0.483,0.000,3.900,0.000,2.787,0.000,7.027,9.832,8.507,0.849,61.695
Br66_rep1_Dep6_Tu20,17.998,0.423,2.932,0.951,2.940,0.000,0.000,0.000,9.978,4.930,9.701,0.230,49.915
Br66_rep6_Dep6_Tu1,0.000,1.256,0.812,0.000,3.117,0.000,2.654,0.000,6.639,10.128,10.889,0.966,63.537
Br66_rep6_Dep6_Tu50,44.735,0.000,5.072,5.123,0.733,0.000,0.000,0.020,3.438,2.653,6.717,0.000,31.508
Br66_rep9_Dep6_Tu3,1.136,0.000,1.728,0.000,6.105,0.000,1.855,0.337,8.265,8.870,10.314,1.073,60.317
Br66_rep3_Dep6_Tu50,44.605,0.901,4.061,4.958,0.000,0.000,1.962,0.000,0.000,2.400,8.069,1.322,31.722
Br66_rep8_Dep6_Tu30,25.949,0.000,3.148,2.498,5.327,0.000,3.523,0.004,0.663,4.906,5.885,2.899,45.198
Br66_rep7_Dep6_Tu20,20.201,0.000,1.252,0.236,2.347,0.000,1.269,0.000,6.006,8.760,7.867,0.627,51.434
Br66_rep3_Dep6_Tu2,1.938,0.000,1.051,0.000,4.204,0.847,3.636,0.000,5.059,8.882,10.532,2.793,61.058
Br66_rep8_Dep6_Tu50,46.261,0.000,3.476,4.560,1.537,0.000,2.759,1.398,0.000,2.017,4.293,1.013,32.686
Br66_rep3_Dep6_Tu3,1.667,0.012,2.029,0.000,4.201,0.000,3.110,0.000,6.462,12.397,8.660,0.664,60.798
Br66_rep3_Dep6_Tu0.3,0.000,1.466,0.891,0.000,4.497,0.000,2.332,0.000,4.139,10.754,9.687,2.693,63.542
Br66_rep8_Dep6_Tu0.3,0.000,0.120,0.709,0.000,3.509,0.081,2.963,0.000,5.636,11.855,11.160,0.975,62.993
Br66_rep3_Dep6_Tu0.1,0.000,0.935,0.430,0.000,6.698,0.000,2.144,2.927,3.373,8.523,12.189,1.038,61.744
Br66_rep10_Dep6_Tu0.3,0.617,0.389,0.170,0.000,3.486,0.305,1.973,0.000,4.953,13.326,10.548,1.597,62.637
Br66_rep2_Dep6_Tu50,44.436,0.000,4.326,4.914,3.564,0.000,3.030,0.000,0.000,0.000,7.005,2.040,30.684
Br66_rep5_Dep6_Tu5,4.628,0.465,2.413,0.000,4.026,0.000,2.081,0.000,6.804,9.388,7.912,0.965,61.316
Br66_rep10_Dep6_Tu20,19.133,0.000,0.890,2.204,3.727,0.163,1.691,1.063,2.667,8.498,7.352,2.335,50.276
Br66_rep7_Dep6_Tu30,28.380,0.000,1.727,2.749,2.653,0.000,3.642,0.421,3.192,3.236,7.213,1.286,45.500
Br66_rep9_Dep6_Tu30,30.769,0.000,1.980,1.556,1.730,0.000,2.566,0.000,1.494,5.361,8.197,2.044,44.301
Br66_rep5_Dep6_Tu40,37.447,0.000,3.019,3.136,2.987,0.000,3.662,0.352,2.006,2.613,5.953,1.136,37.690
Br66_rep8_Dep6_Tu10,12.535,0.843,1.223,0.961,0.933,0.000,2.648,0.000,8.527,5.913,9.785,0.626,56.005
Br66_rep9_Dep6_Tu50,43.796,0.000,3.008,6.320,2.547,0.000,1.630,0.905,0.000,2.800,3.370,2.538,33.087
Br66_rep2_Dep6_Tu0.3,0.000,0.300,1.196,0.000,4.692,0.000,1.248,0.000,8.932,10.484,9.037,0.000,64.111
Br66_rep1_Dep6_Tu10,8.441,3.386,0.859,0.000,3.348,0.000,2.650,0.000,3.637,9.533,8.261,1.755,58.128
Cer77_rep9_Dep6_Tu3,0.000,0.644,3.556,0.000,6.355,0.000,2.041,1.298,6.838,8.724,10.152,1.498,58.893
Cer77_rep5_Dep6_Tu30,5.223,11.558,11.455,8.074,11.203,0.506,2.934,5.571,0.679,0.000,5.361,2.158,35.280
Cer77_rep3_Dep6_Tu30,5.546,14.319,11.244,9.043,9.080,0.000,3.930,0.000,0.930,0.051,7.037,1.598,37.221
Cer77_rep8_Dep6_Tu50,7.106,19.394,15.927,12.486,11.187,0.039,3.388,0.000,0.000,0.000,2.635,2.604,25.232
Cer77_rep1_Dep6_Tu1,0.000,0.438,2.150,0.000,4.808,0.000,2.164,0.000,6.353,11.802,10.145,1.601,60.538
Cer77_rep7_Dep6_Tu3,0.000,1.211,2.977,1.041,5.146,0.198,1.995,0.000,6.301,10.406,9.576,1.889,59.261
Cer77_rep10_Dep6_Tu2,0.000,0.455,2.144,0.367,4.836,0.456,3.667,0.000,3.330,8.253,10.165,3.317,63.009
Cer77_rep2_Dep6_Tu0.5,0.000,1.461,0.033,0.000,5.150,0.000,1.889,0.000,4.782,9.902,12.555,2.055,62.172
Cer77_rep3_Dep6_Tu20,3.401,10.653,8.224,6.386,6.913,0.708,2.860,2.385,0.924,3.093,6.693,1.886,45.874
Cer77_rep1_Dep6_Tu2,0.000,2.465,2.195,0.000,4.838,0.000,3.284,0.000,5.524,11.887,7.975,0.887,60.945
Cer77_rep2_Dep6_Tu5,0.000,5.194,3.306,1.108,4.652,0.000,1.012,0.000,8.532,8.673,8.242,0.000,59.281
Cer77_rep5_Dep6_Tu0.5,0.000,3.146,0.000,0.000,4.086,0.153,2.712,0.000,5.264,10.903,8.891,0.713,64.132
Cer77_rep2_Dep6_Tu50,4.945,20.971,16.635,11.909,12.252,0.000,2.254,1.056,0.000,0.000,4.021,1.879,24.077
Cer77_rep9_Dep6_Tu0.5,0.000,0.000,1.585,0.000,3.990,0.000,1.780,0.000,6.770,12.761,10.539,0.476,62.099
Cer77_rep4_Dep6_Tu10,0.264,9.589,4.862,2.097,5.758,0.000,2.801,0.000,4.370,7.500,9.617,0.074,53.068
Cer77_rep9_Dep6_Tu20,3.280,11.656,7.966,6.523,6.539,0.370,2.185,1.197,4.531,1.223,7.675,2.013,44.842
Cer77_rep3_Dep6_Tu10,2.169,4.784,5.423,2.409,5.907,0.000,3.698,0.000,3.315,8.424,8.007,2.312,53.551
Cer77_rep6_Dep6_Tu5,0.000,3.612,3.768,1.223,4.603,0.000,3.010,0.000,6.932,9.437,7.823,1.141,58.451
Cer77_rep5_Dep6_Tu1,0.000,0.728,2.375,0.000,3.735,0.000,1.926,0.000,5.857,10.949,12.166,1.444,60.821
Cer77_rep5_Dep6_Tu0.3,0.000,0.000,1.387,0.000,3.446,0.607,2.567,0.000,8.969,10.361,9.880,0.236,62.548
Cer77_rep4_Dep6_Tu50,5.594,19.726,16.375,12.453,10.491,0.508,2.321,4.490,0.000,0.000,3.298,1.047,23.696
Cer77_rep6_Dep6_Tu0.3,0.000,0.000,2.057,0.000,3.257,0.000,2.376,0.000,9.177,10.104,11.847,0.000,61.182
Cer77_rep4_Dep6_Tu40,5.043,17.968,13.629,10.113,12.054,0.574,3.853,0.000,0.000,0.000,4.820,1.732,30.214
Cer77_rep10_Dep6_Tu5,1.496,3.652,2.040,0.589,4.463,0.940,3.622,0.000,4.240,11.334,7.882,1.499,58.243
Cer77_rep3_Dep6_Tu1,0.000,0.000,1.865,0.000,4.872,0.000,3.414,0.000,6.299,9.713,9.963,1.353,62.521
Cer77_rep8_Dep6_Tu40,5.302,16.216,14.399,9.984,12.005,0.289,3.326,3.704,0.000,0.000,3.470,1.556,29.749
Cer77_rep7_Dep6_Tu0.3,0.000,2.046,0.000,0.000,3.981,0.000,1.976,0.000,4.574,11.818,10.589,1.601,63.414
Cer77_rep3_Dep6_Tu0.1,0.000,1.906,0.271,0.000,6.377,0.000,2.159,2.658,3.396,8.177,12.108,1.122,61.826
Cer77_rep4_Dep6_Tu0.3,0.000,0.000,2.472,0.000,3.219,0.000,2.645,0.000,6.563,10.896,9.984,1.444,62.779
Cer77_rep6_Dep6_Tu2,0.000,1.148,2.237,0.000,4.726,1.431,2.353,0.000,5.468,10.168,10.158,1.583,60.728
Cer77_rep6_Dep6_Tu20,1.351,13.103,8.192,6.846,7.798,0.000,3.415,0.000,3.162,2.347,5.866,3.975,43.944
Cer77_rep9_Dep6_Tu40,4.004,17.111,13.982,10.567,10.602,0.000,4.381,4.410,0.000,0.000,3.578,0.851,30.514
Cer77_rep6_Dep6_Tu40,5.325,18.804,13.185,10.411,10.634,0.174,3.100,0.230,0.000,0.000,5.413,1.636,31.087
Cer77_rep8_Dep6_Tu5,0.978,3.225,4.039,0.532,7.760,0.527,2.758,0.000,7.311,6.490,7.300,0.895,58.184
Cer77_rep5_Dep6_Tu50,7.618,17.948,15.050,11.551,13.166,0.730,2.532,1.860,0.000,0.000,2.965,2.023,24.557
Cer77_rep1_Dep6_Tu30,5.755,14.569,10.002,9.239,9.579,0.000,3.169,0.000,0.450,2.439,4.409,3.083,37.306
Cer77_rep2_Dep6_Tu20,2.837,11.031,7.560,5.848,8.046,0.000,4.646,0.000,2.094,4.312,6.252,2.466,44.908
