Sample,BRCA,CEAD,CESC,COAD,OV,READ,bcell,cd4tcell,cd8tcell,erythroblast,monocyte,naturalkillercell,neutrophil
Cer81_rep10_Dep6_Tu5,1.129,0.523,1.033,0.223,5.334,0.401,3.285,0.000,3.978,12.542,9.099,2.109,60.344
Cer81_rep8_Dep6_Tu2,0.002,1.491,0.637,0.000,3.735,0.000,2.984,0.000,1.997,14.411,8.747,3.795,62.200
Cer81_rep6_Dep6_Tu3,0.164,0.000,0.886,0.130,5.841,0.000,5.252,0.000,3.199,12.215,7.845,2.752,61.716
Cer81_rep2_Dep6_Tu3,0.000,1.533,1.529,0.147,4.850,0.000,2.720,2.003,0.000,13.277,9.052,4.129,60.760
Cer81_rep7_Dep6_Tu20,5.966,3.538,7.576,2.736,4.792,0.000,3.395,2.360,0.298,9.225,6.758,3.724,49.632
Cer81_rep5_Dep6_Tu5,1.205,0.000,2.714,0.902,7.533,0.000,2.141,0.000,4.345,9.899,8.546,3.372,59.343
Cer81_rep4_Dep6_Tu0.1,0.210,0.000,0.679,0.000,1.832,0.000,4.686,0.000,1.782,14.432,8.454,3.338,64.588
Cer81_rep9_Dep6_Tu20,4.390,0.256,8.515,2.836,7.554,0.000,2.167,0.000,1.739,12.400,7.617,3.569,48.958
Cer81_rep9_Dep6_Tu5,1.996,0.982,1.970,0.061,5.217,0.000,3.282,1.397,2.557,10.206,8.854,3.382,60.096
Cer81_rep2_Dep6_Tu1,0.774,1.319,0.000,0.000,3.799,0.000,2.848,0.000,2.008,14.656,9.644,2.566,62.386
Cer81_rep8_Dep6_Tu3,0.000,1.655,2.198,0.000,3.374,0.000,1.821,0.000,5.625,13.038,8.014,2.056,62.221
Cer81_rep8_Dep6_Tu1,1.731,0.000,0.000,0.000,5.033,0.000,3.926,0.000,0.629,12.759,9.156,3.700,63.067
Cer81_rep1_Dep6_Tu50,10.560,7.573,18.201,6.180,9.143,0.000,2.219,0.781,4.692,1.021,5.133,3.240,31.257
Cer81_rep9_Dep6_Tu1,0.000,0.000,1.816,0.000,4.893,0.000,3.995,0.000,1.781,13.987,7.903,2.538,63.088
Cer81_rep4_Dep6_Tu30,5.007,4.254,12.712,4.334,8.795,0.000,3.141,0.000,0.355,6.539,6.042,5.604,43.215
Cer81_rep5_Dep6_Tu20,4.437,4.969,8.070,1.820,6.579,0.000,4.307,0.000,1.706,7.255,7.957,3.780,49.118
Cer81_rep2_Dep6_Tu0.5,0.000,1.028,0.142,0.000,6.047,0.000,2.592,0.000,1.346,13.075,7.870,4.144,63.756
Cer81_rep2_Dep6_Tu2,0.754,1.646,0.000,0.072,2.747,0.024,4.007,0.000,0.655,15.893,9.682,2.519,62.002
Cer81_rep5_Dep6_Tu1,0.992,0.503,0.850,0.000,3.783,0.000,3.454,0.000,2.885,11.782,10.095,3.391,62.265
Cer81_rep7_Dep6_Tu0.5,0.000,1.513,0.169,0.000,5.422,0.000,3.578,0.000,2.900,11.078,7.362,4.339,63.639
Cer81_rep5_Dep6_Tu0.1,0.000,0.000,1.275,0.000,3.564,0.000,3.879,0.000,2.297,13.803,8.781,2.474,63.926
Cer81_rep8_Dep6_Tu0.1,0.000,0.239,0.832,0.000,3.836,0.000,4.401,0.000,1.680,14.735,8.531,2.624,63.122
Cer81_rep10_Dep6_Tu10,1.411,2.529,4.963,0.631,5.069,0.000,3.870,0.000,2.166,12.256,7.827,3.494,55.785
Cer81_rep2_Dep6_Tu5,1.019,1.482,3.485,0.327,4.190,0.000,0.637,3.225,2.597,11.515,8.282,2.852,60.387
Cer81_rep8_Dep6_Tu50,13.355,5.947,18.733,5.542,8.908,0.000,1.500,3.699,0.993,0.000,5.538,4.335,31.450
Cer81_rep2_Dep6_Tu40,10.974,9.218,15.837,3.184,7.109,0.000,3.833,0.000,0.000,0.209,7.740,5.053,36.844
Cer81_rep6_Dep6_Tu30,7.705,5.462,9.949,3.792,7.298,0.000,2.398,1.159,4.983,5.148,6.533,2.605,42.968
Cer81_rep4_Dep6_Tu1,0.000,2.878,0.840,0.000,5.272,0.000,2.175,0.000,3.121,10.165,10.147,2.798,62.605
Cer81_rep3_Dep6_Tu0.3,0.000,0.000,0.688,0.000,4.905,0.000,3.415,0.000,2.349,13.270,7.459,3.915,63.999
Cer81_rep9_Dep6_Tu0.1,0.000,0.000,0.537,0.000,5.083,0.000,1.980,0.000,6.255,11.606,9.800,2.725,62.014
Cer81_rep1_Dep6_Tu40,8.515,6.171,13.987,6.158,7.578,0.000,1.028,0.000,8.285,3.859,5.373,1.920,37.126
Cer81_rep10_Dep6_Tu2,0.000,0.474,1.532,0.000,4.272,0.000,3.871,0.000,0.000,13.519,9.025,4.006,63.301
Cer81_rep7_Dep6_Tu50,10.760,10.302,18.173,6.524,7.999,0.000,1.554,0.000,0.393,3.128,6.304,3.834,31.029
Cer81_rep8_Dep6_Tu0.3,0.000,0.000,0.000,0.000,3.707,0.000,4.499,0.705,0.000,14.965,7.302,3.673,65.149
Cer81_rep8_Dep6_Tu40,7.709,6.177,14.768,4.572,9.971,0.000,1.758,0.000,2.574,6.786,5.334,3.443,36.907
Cer81_rep9_Dep6_Tu40,9.945,8.742,14.249,4.215,8.401,0.000,1.982,1.183,2.282,3.578,5.870,2.503,37.051
Cer81_rep9_Dep6_Tu10,1.627,2.306,4.927,1.660,5.595,0.000,2.986,1.421,0.000,11.077,8.769,3.949,55.683
Cer81_rep2_Dep6_Tu50,10.584,6.401,19.888,6.160,9.557,0.000,2.700,0.227,0.000,2.006,7.551,4.380,30.547
Cer81_rep8_Dep6_Tu10,2.040,3.412,3.990,1.300,3.535,0.000,2.963,0.000,3.962,10.616,8.945,3.372,55.866
Cer81_rep10_Dep6_Tu0.1,0.000,0.000,0.421,0.000,4.270,0.000,3.927,0.000,1.185,13.487,9.474,4.354,62.882
Cer81_rep3_Dep6_Tu1,0.000,0.000,0.706,0.000,5.219,0.000,3.890,0.000,1.195,13.372,8.753,4.015,62.850
Cer81_rep9_Dep6_Tu50,10.684,6.234,21.864,6.042,7.230,0.000,3.253,0.000,1.576,1.477,5.149,3.835,32.656
Cer81_rep8_Dep6_Tu30,5.846,5.396,15.086,2.684,6.239,0.000,2.983,0.291,0.226,7.417,7.298,3.178,43.357
Cer81_rep4_Dep6_Tu20,2.601,3.718,8.586,2.603,5.709,0.000,2.551,0.000,4.357,10.549,7.645,2.448,49.231
Cer81_rep10_Dep6_Tu20,2.783,5.721,6.954,2.342,6.493,0.114,2.371,0.000,4.948,8.248,8.045,3.548,48.433
Cer81_rep7_Dep6_Tu3,0.546,0.513,2.308,0.694,5.029,0.000,1.413,0.000,3.380,12.666,9.724,3.137,60.590
Cer81_rep2_Dep6_Tu30,5.496,4.626,13.859,3.431,7.254,0.000,2.581,0.000,0.000,8.236,6.583,4.415,43.519
Cer81_rep1_Dep6_Tu0.1,0.000,0.000,0.000,0.000,4.413,0.000,4.278,0.000,1.588,13.963,7.704,3.328,64.727
Cer81_rep5_Dep6_Tu10,0.923,4.577,5.145,0.898,4.506,0.000,2.653,0.000,1.404,12.036,8.456,2.479,56.922
Cer81_rep7_Dep6_Tu0.1,0.000,0.000,0.659,0.074,2.889,0.000,2.944,2.385,1.910,14.153,8.002,2.237,64.748
Cer81_rep8_Dep6_Tu0.5,0.000,0.000,0.967,0.000,5.287,0.000,3.413,0.000,2.459,12.742,7.436,3.976,63.720
Cer81_rep7_Dep6_Tu1,0.000,0.884,0.686,0.000,4.393,0.000,2.947,0.000,1.333,15.004,7.755,3.378,63.621
Cer81_rep10_Dep6_Tu0.5,0.257,0.916,0.444,0.000,4.412,0.000,4.280,0.000,0.408,15.418,8.687,2.388,62.790
Cer81_rep8_Dep6_Tu20,2.614,5.538,9.360,2.473,6.945,0.000,2.035,0.920,2.413,8.537,5.894,2.880,50.392
Cer81_rep4_Dep6_Tu5,2.798,1.060,1.687,1.080,4.872,0.000,2.864,2.493,0.952,10.226,9.445,3.151,59.372
Cer81_rep3_Dep6_Tu30,6.010,5.807,13.690,4.265,5.724,0.000,2.999,0.000,1.257,7.651,6.901,2.718,42.979
Cer81_rep9_Dep6_Tu0.3,0.000,0.000,0.000,0.000,3.372,0.000,4.467,0.559,0.000,15.286,7.244,3.810,65.263
Cer81_rep4_Dep6_Tu0.3,0.000,0.000,1.278,0.000,3.757,0.000,2.653,0.000,5.013,13.458,7.851,3.136,62.854
Cer81_rep1_Dep6_Tu30,8.620,2.990,12.900,4.240,8.467,0.000,0.815,0.000,0.000,8.062,5.798,5.690,42.419
Cer81_rep1_Dep6_Tu1,0.000,0.000,1.152,0.000,5.405,0.000,3.144,0.000,2.805,12.303,9.747,3.457,61.987
Cer81_rep4_Dep6_Tu50,11.941,7.846,18.274,5.935,7.636,0.000,2.795,0.000,2.007,1.811,5.852,4.556,31.346
Cer81_rep6_Dep6_Tu0.1,0.000,0.000,0.001,0.000,3.051,0.000,4.611,0.000,4.838,14.446,8.865,1.152,63.037
Cer81_rep1_Dep6_Tu0.5,0.000,0.685,1.606,0.000,2.966,0.000,3.043,0.007,2.602,14.746,9.025,2.311,63.009
Cer81_rep3_Dep6_Tu50,12.650,7.213,19.115,6.779,5.933,0.000,3.198,0.286,0.076,0.000,6.909,6.192,31.648
Cer81_rep6_Dep6_Tu50,9.182,7.257,19.738,6.796,7.795,0.000,0.958,1.766,3.873,2.933,6.470,2.428,30.805
Cer81_rep4_Dep6_Tu40,9.295,4.020,16.179,4.783,8.541,0.000,2.795,2.606,0.000,5.539,7.143,3.205,35.893
Cer81_rep7_Dep6_Tu5,2.659,0.000,2.109,0.145,5.116,0.000,4.088,0.610,2.043,12.137,9.511,2.449,59.131
Cer81_rep9_Dep6_Tu30,6.232,7.335,12.293,3.771,6.017,0.000,1.732,0.000,0.000,8.304,6.982,4.629,42.704
Cer81_rep5_Dep6_Tu0.5,0.000,0.092,0.002,0.000,5.262,0.000,3.846,0.000,0.000,14.887,8.290,3.500,64.121
Cer81_rep5_Dep6_Tu2,0.000,1.179,0.898,0.000,4.056,1.120,2.800,0.000,3.807,10.559,8.972,3.351,63.258
Cer81_rep5_Dep6_Tu3,0.000,0.411,2.037,0.544,3.831,0.000,3.664,0.708,1.259,14.109,7.907,3.395,62.136
Cer81_rep2_Dep6_Tu0.3,0.000,1.194,0.915,0.000,3.421,0.000,1.319,2.733,2.148,12.609,8.358,3.318,63.984
Cer81_rep10_Dep6_Tu1,0.000,0.000,1.808,0.000,3.483,0.000,1.742,0.000,5.611,13.629,8.089,2.118,63.521
Cer81_rep3_Dep6_Tu20,5.549,4.256,8.789,1.375,6.188,0.000,2.331,0.000,0.000,11.011,5.877,3.991,50.632
Cer81_rep4_Dep6_Tu10,1.230,3.876,4.816,0.850,5.205,0.000,2.226,0.000,2.009,11.464,8.836,2.132,57.356
Cer81_rep4_Dep6_Tu2,0.095,2.216,0.523,0.359,7.071,0.000,3.191,0.000,5.948,7.979,8.228,1.518,62.871
Cer81_rep1_Dep6_Tu20,3.617,3.983,7.851,2.544,7.179,0.000,0.740,0.000,3.165,10.466,7.593,2.755,50.106
Cer81_rep3_Dep6_Tu40,9.946,10.240,15.018,4.043,6.289,0.046,2.008,0.000,1.202,3.175,7.112,4.271,36.650
Cer81_rep9_Dep6_Tu0.5,0.000,0.000,0.000,0.000,4.987,0.000,2.254,1.195,2.338,14.678,8.420,2.421,63.707
Cer81_rep2_Dep6_Tu10,1.724,0.328,5.578,1.771,6.063,0.000,2.572,0.476,1.108,13.576,7.239,3.650,55.915
Cer81_rep6_Dep6_Tu0.3,0.000,0.000,1.251,0.000,4.133,0.000,3.130,0.000,3.756,12.885,8.630,2.573,63.642
Cer81_rep10_Dep6_Tu30,5.691,6.537,13.296,2.850,8.063,0.000,2.495,0.000,0.660,7.060,6.313,3.824,43.212
Cer81_rep1_Dep6_Tu10,1.482,2.514,4.518,1.207,5.439,0.000,4.009,0.000,2.934,10.678,7.869,3.021,56.329
Cer81_rep7_Dep6_Tu2,0.000,0.000,1.382,0.000,2.996,0.000,2.927,0.000,0.934,16.394,8.968,3.595,62.804
Cer81_rep6_Dep6_Tu2,0.000,0.434,1.088,0.024,3.031,0.674,3.389,0.000,3.714,13.386,9.970,2.458,61.832
Cer81_rep10_Dep6_Tu40,8.364,8.459,15.173,4.946,10.107,0.000,1.912,0.000,4.049,0.357,5.440,3.126,38.068
Cer81_rep6_Dep6_Tu5,0.000,0.000,3.359,0.458,3.678,0.000,2.742,0.000,2.355,15.131,8.858,2.986,60.433
Cer81_rep5_Dep6_Tu40,9.235,5.352,15.030,4.956,11.025,0.000,3.035,2.588,0.545,1.694,6.200,3.375,36.966
Cer81_rep3_Dep6_Tu3,0.000,0.880,2.385,0.000,2.959,0.000,4.241,0.831,3.458,13.559,7.260,2.643,61.785
Cer81_rep1_Dep6_Tu2,0.169,0.000,1.507,0.000,4.644,0.000,2.975,0.000,3.311,14.623,8.021,2.262,62.488
Cer81_rep6_Dep6_Tu10,0.307,3.767,4.731,1.073,5.660,0.000,1.807,0.000,4.032,10.743,8.217,2.704,56.959
Cer81_rep9_Dep6_Tu2,0.000,0.000,0.020,0.070,5.355,0.000,3.639,2.965,0.000,13.614,8.142,3.685,62.510
Cer81_rep6_Dep6_Tu0.5,0.000,0.000,1.062,0.000,5.422,0.000,3.046,0.000,3.273,12.893,8.316,2.248,63.740
Cer81_rep1_Dep6_Tu0.3,0.317,0.059,0.647,0.000,3.288,0.000,3.532,1.087,0.245,14.457,10.573,3.417,62.378
Cer81_rep1_Dep6_Tu3,1.141,1.079,2.161,0.000,1.769,0.000,3.664,0.000,3.128,12.953,10.176,2.489,61.440
Cer81_rep2_Dep6_Tu0.1,0.000,0.862,0.000,0.000,6.748,0.000,1.684,0.678,2.635,11.888,9.430,3.489,62.585
Cer81_rep7_Dep6_Tu0.3,0.000,0.931,0.139,0.000,4.529,0.000,2.406,0.000,2.888,12.927,8.618,2.802,64.759
Cer81_rep5_Dep6_Tu30,6.263,2.817,12.961,3.051,9.003,0.000,2.114,0.236,0.000,11.191,6.464,3.152,42.749
Cer81_rep10_Dep6_Tu3,1.115,0.516,2.137,0.000,3.934,0.000,3.666,0.454,4.111,12.486,7.112,2.136,62.334
Cer81_rep6_Dep6_Tu40,11.661,5.649,16.715,2.960,6.601,0.000,1.152,1.699,0.000,4.273,7.903,4.928,36.457
Cer81_rep3_Dep6_Tu0.5,0.000,0.000,1.345,0.000,4.089,0.000,3.167,0.000,4.029,12.757,8.636,2.476,63.500
Cer81_rep8_Dep6_Tu5,1.661,1.524,2.159,0.865,5.309,0.000,2.958,0.000,4.161,10.001,8.636,3.025,59.700
Cer81_rep7_Dep6_Tu30,6.327,5.878,11.552,3.945,6.120,0.000,3.307,0.696,1.156,6.418,7.522,3.968,43.110
Cer81_rep3_Dep6_Tu2,1.109,0.041,1.135,0.000,5.019,0.180,3.745,0.000,3.073,12.266,8.748,2.938,61.746
Cer81_rep5_Dep6_Tu50,10.628,7.583,19.700,5.477,7.707,0.000,1.884,0.544,1.295,4.812,5.486,3.972,30.914
Cer81_rep2_Dep6_Tu20,4.477,4.924,7.302,1.625,6.546,0.000,3.237,0.000,2.358,9.026,6.944,4.107,49.453
Cer81_rep7_Dep6_Tu40,9.621,8.172,16.164,4.609,5.464,0.000,1.624,0.798,0.261,5.910,5.783,5.331,36.263
Cer81_rep10_Dep6_Tu0.3,0.366,0.000,0.301,0.000,2.927,0.000,2.748,1.332,1.316,16.215,7.706,3.045,64.043
Cer81_rep4_Dep6_Tu3,0.097,2.868,1.656,0.000,3.447,0.000,3.495,3.432,0.000,11.303,8.632,3.185,61.883
Cer81_rep6_Dep6_Tu1,0.000,0.335,0.390,0.000,5.338,0.000,3.355,0.000,2.403,12.199,8.463,3.603,63.915
Cer81_rep4_Dep6_Tu0.5,0.914,0.920,0.519,0.000,4.281,0.315,2.737,0.000,3.314,11.254,9.355,3.061,63.328
Cer81_rep3_Dep6_Tu0.1,0.388,0.252,0.443,0.000,6.303,0.000,2.694,1.555,2.653,10.773,10.221,2.068,62.651
Cer81_rep7_Dep6_Tu10,0.818,0.000,4.007,1.223,5.949,0.000,2.733,0.479,3.399,13.426,7.689,3.264,57.013
Cer81_rep10_Dep6_Tu50,11.864,8.114,17.571,6.447,8.884,0.000,3.470,0.000,0.000,1.720,5.746,4.237,31.947
Cer81_rep5_Dep6_Tu0.3,0.000,0.000,0.115,0.000,4.391,0.052,3.153,2.231,2.669,12.928,9.240,2.617,62.603
Cer81_rep6_Dep6_Tu20,3.797,4.618,7.424,2.890,5.378,0.000,2.783,0.528,4.520,5.862,7.446,4.367,50.387
Cer81_rep3_Dep6_Tu5,0.000,0.684,3.712,0.681,5.448,0.000,2.487,0.000,1.677,13.666,7.242,4.202,60.201
Cer81_rep3_Dep6_Tu10,3.829,0.387,4.017,0.708,2.813,0.000,4.680,1.022,0.028,13.888,7.758,4.294,56.575
Cer81_rep9_Dep6_Tu3,0.000,0.000,2.475,0.000,7.438,0.000,1.682,0.206,2.430,12.579,8.697,3.783,60.710
Cer81_rep1_Dep6_Tu5,0.000,0.927,2.773,0.386,6.198,0.000,3.799,0.000,2.188,12.261,7.821,3.552,60.096
