Sample,BRCA,CEAD,CESC,COAD,OV,READ,bcell,cd4tcell,cd8tcell,erythroblast,monocyte,naturalkillercell,neutrophil,Unknown-1,Unknown-2,Unknown-3,Unknown-4,Unknown-5,Unknown-6,Unknown-7,Unknown-8,Unknown-9,Unknown-10
Colo9345_rep1_Dep6_Tu5,1.006,5.987,0.796,1.690,3.022,0.391,2.743,9.314,0.400,0.938,11.151,4.966,1.806,3.472,0.911,3.509,12.391,8.396,2.555,7.905,1.145,1.162,14.348
Colo9345_rep8_Dep6_Tu30,1.320,5.334,0.980,0.449,2.773,1.471,0.721,6.101,6.095,4.700,3.840,1.888,7.702,2.977,3.615,17.386,5.536,0.741,3.203,5.687,0.262,12.514,4.705
Colo9345_rep5_Dep6_Tu1,0.953,1.711,0.740,0.268,1.510,0.042,1.267,6.329,6.545,4.270,9.479,3.401,13.901,0.878,0.334,6.628,18.494,8.287,1.175,0.746,0.235,0.331,12.475
Colo9345_rep5_Dep6_Tu20,1.240,4.771,2.339,1.434,2.618,2.651,0.643,5.074,4.366,1.256,5.574,3.484,0.400,8.702,17.517,1.771,1.761,9.370,4.733,3.596,4.762,6.209,5.730
Colo9345_rep7_Dep6_Tu20,1.835,7.239,1.404,3.862,1.674,2.228,3.296,6.057,1.730,0.634,1.753,3.950,2.822,9.077,10.579,6.725,2.808,1.612,9.180,7.353,1.185,10.376,2.620
Colo9345_rep6_Dep6_Tu2,1.318,0.514,0.432,0.260,3.183,0.213,1.915,8.020,9.865,2.908,5.290,3.986,8.150,1.194,0.743,14.762,6.815,12.211,3.861,1.558,0.949,0.218,11.634
Colo9345_rep10_Dep6_Tu10,1.445,1.510,0.986,0.991,1.076,0.318,2.924,11.561,8.383,2.469,3.462,2.721,7.684,0.484,1.110,22.850,6.005,10.303,9.613,0.338,1.322,0.755,1.691
Colo9345_rep1_Dep6_Tu10,1.881,3.083,1.097,1.084,3.366,1.009,2.838,4.133,8.896,4.467,4.526,2.040,1.219,2.041,8.890,5.542,3.652,4.644,11.049,12.473,0.127,1.319,10.625
Colo9345_rep3_Dep6_Tu30,1.784,1.409,3.065,5.677,0.291,3.864,3.029,6.994,3.876,0.063,0.994,1.113,3.001,3.283,3.094,2.337,0.468,1.043,2.837,25.071,20.147,2.577,3.984
Colo9345_rep6_Dep6_Tu1,0.763,5.832,0.168,0.278,2.668,0.076,0.780,12.740,9.432,1.490,1.939,2.804,7.111,0.181,0.200,17.371,23.556,4.667,2.954,0.997,0.097,0.224,3.671
Colo9345_rep2_Dep6_Tu10,2.095,2.021,2.116,1.996,2.104,0.381,1.794,1.345,5.752,6.401,4.211,3.522,8.399,0.689,1.290,2.146,7.831,2.652,19.910,1.508,5.435,10.392,6.009
Colo9345_rep6_Dep6_Tu5,1.555,4.754,0.965,0.826,1.614,0.183,3.829,0.939,1.460,4.658,13.508,5.732,4.058,3.530,0.134,15.673,1.831,11.812,2.657,4.844,4.565,1.686,9.188
Colo9345_rep5_Dep6_Tu10,1.063,2.593,1.763,3.028,3.369,0.777,1.432,7.894,0.438,5.361,6.387,4.354,3.283,11.234,0.986,8.884,8.593,8.894,6.452,1.617,2.316,8.121,1.160
Colo9345_rep5_Dep6_Tu40,2.575,0.614,3.443,0.444,0.015,4.509,2.571,4.006,5.243,4.456,0.257,0.478,2.224,3.608,32.302,0.343,0.073,2.606,2.118,12.132,9.001,3.121,3.861
Colo9345_rep1_Dep6_Tu0.1,0.508,2.422,0.022,0.030,2.715,0.016,1.506,7.587,1.115,4.785,13.450,4.116,10.874,0.000,0.003,24.677,18.205,1.223,1.669,0.110,0.065,0.045,4.855
Colo9345_rep3_Dep6_Tu10,1.520,6.058,1.504,3.804,1.102,0.098,2.445,1.085,5.792,4.614,7.346,1.934,7.979,7.181,5.522,3.523,8.486,11.730,4.784,4.013,6.946,0.687,1.848
Colo9345_rep4_Dep6_Tu2,0.787,6.317,0.512,0.255,2.362,0.173,1.075,9.077,5.839,5.543,1.026,1.906,17.924,0.288,0.508,24.400,6.386,6.340,5.627,0.541,1.219,0.870,1.023
Colo9345_rep2_Dep6_Tu20,2.386,6.205,0.513,5.466,2.554,0.983,3.253,5.527,1.318,2.971,0.836,3.062,4.786,0.977,8.836,2.457,6.989,2.759,8.083,10.737,4.822,13.987,0.496
Colo9345_rep3_Dep6_Tu50,1.500,2.267,3.405,7.661,0.204,4.378,1.808,2.390,1.373,2.641,1.593,0.650,0.754,18.898,4.092,0.111,0.842,0.080,6.088,13.100,10.095,15.780,0.288
Colo9345_rep6_Dep6_Tu0.1,0.309,4.186,0.153,0.060,2.508,0.011,1.446,6.528,5.622,3.783,6.019,3.765,17.990,0.021,0.011,10.561,10.573,1.240,0.203,0.101,0.092,0.009,24.811
Colo9345_rep3_Dep6_Tu40,1.552,0.853,2.860,4.483,0.777,4.502,2.337,0.938,6.787,3.835,2.642,0.118,0.950,6.475,20.510,1.344,1.859,0.316,9.042,4.912,7.318,14.953,0.638
Colo9345_rep6_Dep6_Tu3,0.845,5.401,0.766,0.242,3.058,0.335,0.779,12.126,1.764,2.863,4.759,3.333,13.807,0.641,1.251,0.220,18.168,1.598,6.569,3.765,0.086,1.035,16.590
Colo9345_rep9_Dep6_Tu50,0.819,1.435,2.194,5.285,2.467,2.210,2.771,3.463,5.054,2.112,5.192,2.318,4.295,5.008,3.109,7.711,0.884,2.096,9.660,14.829,11.541,4.705,0.842
Colo9345_rep1_Dep6_Tu3,0.894,2.208,0.069,1.446,3.196,0.190,0.205,5.578,1.570,6.865,9.173,4.523,14.560,0.287,1.344,5.506,12.968,6.777,6.024,1.349,0.419,3.187,11.665
Colo9345_rep6_Dep6_Tu30,2.254,0.590,1.768,7.163,1.942,2.747,0.996,3.726,3.799,4.465,3.722,1.324,0.764,9.986,8.453,0.137,2.339,5.090,4.372,12.217,13.419,6.731,1.997
Colo9345_rep1_Dep6_Tu20,0.159,7.451,1.217,5.969,0.381,2.263,3.470,3.112,2.560,2.999,6.527,1.392,1.035,1.883,0.486,1.693,3.580,10.262,6.760,12.715,10.259,13.484,0.342
Colo9345_rep4_Dep6_Tu0.5,0.554,1.191,0.200,0.065,2.968,0.055,2.812,3.082,7.701,5.129,10.843,1.324,17.021,0.341,0.085,2.026,14.581,11.830,1.076,0.127,0.074,0.073,16.843
Colo9345_rep9_Dep6_Tu10,0.718,1.071,1.290,1.186,2.365,0.077,3.008,7.217,3.749,2.924,10.064,2.065,15.310,0.778,0.921,9.775,1.883,12.539,4.872,1.826,1.217,0.724,14.423
Colo9345_rep3_Dep6_Tu1,0.080,2.398,0.606,0.359,3.093,0.091,1.408,7.693,5.193,4.950,6.011,2.608,19.927,1.106,0.449,8.515,22.380,4.110,1.961,0.211,0.262,0.110,6.480
Colo9345_rep7_Dep6_Tu0.1,0.223,3.890,0.150,0.035,2.225,0.007,2.279,9.076,4.533,5.078,11.913,2.985,3.166,0.053,0.013,10.028,27.001,2.965,1.255,0.140,0.034,0.016,12.937
Colo9345_rep4_Dep6_Tu20,2.035,4.878,2.492,2.638,2.143,2.599,3.059,6.599,0.215,0.135,6.702,2.661,1.887,8.007,3.049,5.695,0.855,1.676,15.221,4.844,14.469,6.689,1.452
Colo9345_rep7_Dep6_Tu5,0.806,4.442,1.198,1.473,1.633,0.539,3.460,7.528,4.622,4.493,5.075,1.837,11.490,4.607,3.332,7.955,13.019,11.402,4.115,0.463,3.831,0.468,2.210
Colo9345_rep10_Dep6_Tu50,0.169,2.006,2.611,5.520,1.649,1.816,1.926,4.861,2.273,6.672,2.618,3.047,3.483,2.507,7.451,3.410,1.123,6.381,7.849,5.839,16.075,4.778,5.936
Colo9345_rep2_Dep6_Tu50,1.176,2.539,3.040,3.950,0.872,4.983,1.839,2.792,0.765,1.826,2.211,2.005,0.831,12.497,9.463,0.065,0.010,0.710,6.644,0.849,32.782,6.703,1.449
Colo9345_rep10_Dep6_Tu40,2.378,4.308,1.092,2.215,0.279,1.757,2.410,5.230,6.266,4.663,5.077,2.305,2.784,7.334,11.532,8.084,0.701,7.616,11.396,2.230,5.379,1.534,3.432
Colo9345_rep9_Dep6_Tu20,0.039,5.881,0.643,1.514,2.058,0.626,2.615,3.912,7.686,3.421,5.687,2.843,11.441,0.880,3.557,8.701,8.620,5.680,6.277,2.766,5.258,0.883,9.014
Colo9345_rep8_Dep6_Tu3,0.311,4.406,0.352,0.049,1.491,0.041,2.548,5.672,2.234,6.103,11.335,2.897,10.148,0.516,0.024,26.230,10.398,11.908,2.098,0.212,0.016,0.089,0.923
Colo9345_rep5_Dep6_Tu3,0.217,2.927,0.633,0.611,3.179,0.435,0.093,7.856,8.255,6.057,10.185,2.031,1.729,3.175,0.013,20.922,12.754,4.136,0.180,1.441,0.430,3.800,8.943
Colo9345_rep1_Dep6_Tu40,0.245,2.422,3.180,9.121,0.623,3.333,3.442,1.724,0.235,3.279,0.622,2.382,2.444,20.477,10.184,0.899,0.264,2.911,1.517,15.036,4.461,8.929,2.272
Colo9345_rep9_Dep6_Tu0.3,0.193,2.023,0.233,0.027,0.523,0.004,3.162,3.960,9.305,5.623,11.663,4.159,3.365,0.114,0.011,33.436,19.174,0.083,2.143,0.168,0.025,0.068,0.538
Colo9345_rep4_Dep6_Tu1,0.679,6.207,0.439,0.258,2.383,0.037,0.834,5.539,3.306,1.007,6.918,4.479,23.601,0.256,0.466,3.823,8.639,15.978,1.338,0.534,0.055,0.019,13.203
Colo9345_rep10_Dep6_Tu20,1.505,0.881,1.163,1.760,2.471,0.393,3.005,8.851,4.436,5.345,6.912,4.127,1.174,4.611,2.323,9.567,9.661,11.875,6.146,1.924,3.032,2.513,6.328
Colo9345_rep1_Dep6_Tu1,0.941,4.878,0.518,0.036,0.962,0.065,2.765,10.142,0.267,5.286,4.797,3.939,19.899,0.547,0.171,3.382,14.545,14.236,2.086,0.655,0.066,0.015,9.802
Colo9345_rep6_Dep6_Tu50,1.792,1.931,1.951,1.754,0.465,0.415,0.797,4.090,5.395,2.083,5.042,3.374,1.699,27.236,0.709,1.614,3.259,23.557,3.121,8.964,0.477,0.048,0.226
Colo9345_rep7_Dep6_Tu0.5,0.662,2.630,0.304,0.153,2.067,0.028,2.518,2.255,6.005,5.201,9.185,4.073,19.002,0.100,0.020,1.123,24.446,0.115,1.282,0.636,0.184,0.118,17.892
Colo9345_rep10_Dep6_Tu0.3,0.557,3.673,0.236,0.037,1.799,0.020,3.976,1.038,0.285,0.792,19.512,5.551,14.855,0.078,0.014,17.925,20.555,5.280,1.392,0.143,0.059,0.025,2.195
Colo9345_rep9_Dep6_Tu3,0.348,2.880,0.596,0.032,2.581,0.075,1.494,4.893,7.608,1.570,11.554,3.437,17.629,0.579,0.129,1.445,30.903,3.485,0.661,0.123,0.510,0.262,7.207
Colo9345_rep3_Dep6_Tu0.1,0.598,5.012,0.236,0.020,1.463,0.009,3.136,10.806,2.970,1.950,14.245,3.398,2.048,0.193,0.007,19.458,20.570,0.454,0.150,0.130,0.066,0.009,13.074
Colo9345_rep6_Dep6_Tu20,2.004,4.434,0.767,2.745,2.834,2.648,2.635,1.120,6.200,1.703,5.038,2.862,6.166,1.646,9.433,6.663,1.948,1.024,8.446,11.983,13.865,3.511,0.321
Colo9345_rep8_Dep6_Tu0.5,0.651,1.057,0.205,0.046,2.237,0.016,3.572,6.244,7.598,5.702,0.813,1.619,23.298,0.026,0.007,8.951,22.038,0.447,1.330,0.098,0.124,0.051,13.871
Colo9345_rep9_Dep6_Tu0.5,0.486,4.304,0.128,0.006,2.953,0.001,1.355,9.979,2.440,3.269,6.051,1.936,21.927,0.040,0.006,5.200,27.754,0.614,2.481,0.200,0.092,0.004,8.775
Colo9345_rep9_Dep6_Tu2,0.628,2.874,0.244,0.111,2.499,0.052,0.536,7.407,6.025,4.016,9.224,0.639,17.678,0.154,0.018,18.093,2.909,6.445,0.121,0.458,0.200,0.039,19.630
Colo9345_rep8_Dep6_Tu0.3,1.027,0.899,0.331,0.059,1.058,0.028,2.272,2.029,5.239,2.120,23.556,5.010,2.292,0.057,0.010,18.633,9.177,4.587,1.303,0.203,0.061,0.015,20.034
Colo9345_rep6_Dep6_Tu0.5,0.845,3.233,0.299,0.057,2.599,0.033,1.843,4.876,8.545,1.213,17.967,4.868,0.623,0.282,0.001,1.448,32.370,16.872,1.342,0.281,0.079,0.067,0.256
Colo9345_rep4_Dep6_Tu0.1,0.608,0.573,0.266,0.088,2.184,0.020,1.974,5.951,7.545,4.024,9.473,2.694,17.431,0.061,0.016,12.611,23.853,6.785,2.226,0.186,0.021,0.021,1.391
Colo9345_rep1_Dep6_Tu0.3,0.442,2.859,0.333,0.090,1.423,0.062,2.402,7.671,0.947,3.421,11.522,3.631,19.147,0.075,0.028,2.451,11.819,4.892,2.361,0.088,0.066,0.006,24.260
Colo9345_rep5_Dep6_Tu30,1.700,3.325,2.995,4.350,1.243,3.305,1.944,0.564,0.631,3.059,3.904,3.846,3.073,23.131,3.486,0.959,1.405,1.324,9.459,5.444,3.656,14.222,2.973
Colo9345_rep2_Dep6_Tu2,1.534,2.557,0.766,0.335,2.010,0.418,2.239,8.029,5.160,0.220,10.931,3.024,15.630,0.751,0.990,1.984,15.546,9.981,1.374,0.680,2.158,0.201,13.481
Colo9345_rep4_Dep6_Tu40,1.784,4.111,2.264,7.956,0.650,3.862,2.242,0.883,3.202,0.928,2.215,1.868,1.827,18.051,3.814,1.551,0.838,0.336,5.530,10.649,9.769,14.606,1.061
Colo9345_rep7_Dep6_Tu30,0.266,4.103,2.385,7.468,2.108,2.694,3.599,4.942,3.573,1.013,0.330,1.110,2.126,12.326,7.686,0.156,3.368,2.693,4.477,5.185,19.245,5.904,3.243
Colo9345_rep5_Dep6_Tu0.3,0.296,3.807,0.255,0.071,2.841,0.009,2.937,10.830,0.252,1.265,12.933,4.249,8.423,0.010,0.040,2.016,16.408,15.040,0.538,0.203,0.072,0.003,17.503
Colo9345_rep5_Dep6_Tu0.5,0.687,4.869,0.054,0.158,2.837,0.015,3.237,6.281,3.927,2.564,0.582,4.242,22.010,0.001,0.008,28.072,12.845,2.888,2.446,0.478,0.274,0.089,1.435
Colo9345_rep2_Dep6_Tu1,0.835,2.873,0.234,0.113,2.705,0.068,2.822,6.912,4.170,2.997,7.419,3.847,16.773,0.697,0.092,19.763,10.540,0.481,3.205,0.568,0.587,0.285,12.012
Colo9345_rep2_Dep6_Tu3,0.635,0.229,0.998,0.115,2.601,0.499,3.517,5.493,8.189,5.571,5.347,1.817,15.088,1.557,0.054,1.206,15.779,8.628,1.163,3.664,2.839,1.762,13.250
Colo9345_rep4_Dep6_Tu30,1.460,3.230,1.731,6.606,1.002,3.050,1.553,4.706,4.049,2.526,0.405,2.940,1.710,3.409,2.815,1.909,2.131,4.228,4.646,4.790,4.195,33.775,3.135
Colo9345_rep7_Dep6_Tu2,1.068,4.721,0.261,0.558,2.444,0.106,2.757,12.362,1.051,4.235,14.111,0.229,1.575,1.536,0.092,17.092,5.445,14.350,0.332,1.786,1.872,0.283,11.732
Colo9345_rep8_Dep6_Tu40,1.471,2.871,1.534,5.104,2.011,1.339,2.756,3.587,2.545,4.095,5.876,2.296,5.094,0.210,4.160,5.913,1.313,3.758,9.872,20.915,5.765,1.013,6.501
Colo9345_rep10_Dep6_Tu3,0.747,1.907,0.196,0.187,4.111,0.029,3.850,8.845,5.815,0.542,7.615,4.375,9.456,0.260,0.130,13.265,19.288,6.548,3.929,0.207,0.106,0.103,8.493
Colo9345_rep3_Dep6_Tu0.3,0.047,5.562,0.032,0.119,0.154,0.002,3.019,1.862,5.190,4.831,10.783,5.042,14.610,0.143,0.021,14.502,20.175,3.458,2.765,0.119,0.024,0.083,7.456
Colo9345_rep5_Dep6_Tu0.1,0.582,3.087,0.167,0.067,3.372,0.005,3.380,11.632,3.174,0.036,6.496,1.299,18.324,0.019,0.007,17.167,24.679,2.980,0.839,0.164,0.097,0.016,2.411
Colo9345_rep2_Dep6_Tu0.5,0.048,2.887,0.256,0.219,1.050,0.027,2.971,2.644,3.313,6.084,9.978,3.676,22.332,0.159,0.089,12.748,19.920,6.061,2.217,0.115,0.321,0.207,2.681
Colo9345_rep6_Dep6_Tu10,1.431,3.613,0.940,3.067,3.308,0.718,3.876,0.826,6.463,7.279,1.725,4.306,2.963,6.090,6.828,8.473,6.348,3.261,10.592,5.341,1.794,2.193,8.564
Colo9345_rep9_Dep6_Tu0.1,0.230,2.729,0.058,0.045,1.370,0.016,2.757,1.214,9.681,6.217,12.232,0.164,16.688,0.080,0.014,7.168,16.861,13.280,1.136,0.015,0.019,0.020,8.005
Colo9345_rep7_Dep6_Tu10,1.416,2.405,1.672,2.349,1.205,1.346,2.297,6.369,5.844,3.558,2.479,3.069,10.866,3.112,1.287,4.653,12.655,7.201,0.368,10.795,9.846,4.066,1.140
Colo9345_rep10_Dep6_Tu2,0.579,0.977,0.511,0.056,2.365,0.005,2.033,10.073,1.101,5.628,12.231,4.632,9.192,0.215,0.004,17.103,20.149,9.488,1.975,0.273,0.205,0.127,1.077
Colo9345_rep7_Dep6_Tu40,1.649,2.094,2.093,2.206,1.744,0.662,2.799,4.025,4.299,3.579,4.850,2.874,4.955,24.493,0.930,0.398,1.878,20.104,1.744,6.665,2.339,0.274,3.346
Colo9345_rep8_Dep6_Tu20,0.980,1.117,1.371,0.682,4.069,0.356,4.197,0.466,0.537,8.092,15.271,4.002,2.981,0.315,1.648,2.322,13.387,8.319,8.467,6.327,1.138,4.884,9.071
Colo9345_rep3_Dep6_Tu5,1.147,2.784,0.576,2.086,3.513,0.386,2.945,7.312,5.683,4.027,5.573,2.680,6.985,2.166,4.148,2.829,10.893,9.660,12.323,0.884,1.980,0.188,9.231
Colo9345_rep5_Dep6_Tu2,0.288,2.760,0.559,0.884,3.089,0.246,2.647,7.885,4.421,2.252,7.425,2.941,17.328,3.103,0.574,10.292,11.955,10.219,3.327,0.223,0.428,0.064,7.090
Colo9345_rep1_Dep6_Tu30,1.164,1.116,2.664,7.435,0.635,2.888,3.155,4.746,3.682,1.363,0.455,2.516,2.715,10.895,17.807,2.896,1.716,0.141,10.147,2.047,1.840,14.063,3.913
Colo9345_rep10_Dep6_Tu1,0.656,3.861,0.118,0.041,0.613,0.013,2.918,7.306,6.402,4.989,12.127,0.424,4.524,0.045,0.002,38.056,0.645,11.515,0.620,0.025,0.104,0.045,4.950
Colo9345_rep4_Dep6_Tu10,1.055,5.082,1.422,2.644,2.674,1.321,3.672,6.622,5.531,0.033,6.504,2.578,2.360,1.399,0.922,1.555,11.380,12.159,5.660,0.910,10.041,10.399,4.078
Colo9345_rep3_Dep6_Tu3,0.514,4.807,0.775,1.295,0.824,0.288,3.012,3.032,8.239,5.792,9.245,1.590,12.057,4.206,0.637,9.076,21.596,3.974,0.569,3.774,0.699,0.599,3.401
Colo9345_rep5_Dep6_Tu50,1.796,2.143,2.497,7.936,1.056,4.258,2.317,2.483,1.913,1.191,3.302,1.113,0.914,1.240,13.907,0.359,0.115,2.601,3.578,1.675,20.527,22.136,0.942
Colo9345_rep2_Dep6_Tu40,1.306,1.660,2.645,7.115,1.328,3.277,1.961,3.987,3.421,1.878,2.511,1.681,1.417,8.412,32.659,2.606,1.715,1.690,0.590,6.373,3.202,7.325,1.239
Colo9345_rep1_Dep6_Tu2,1.110,1.958,0.582,0.335,3.462,0.008,3.274,9.223,1.866,6.718,5.083,3.074,12.372,1.215,0.247,10.458,17.627,1.439,7.081,1.787,0.657,0.213,10.210
Colo9345_rep2_Dep6_Tu5,0.215,0.072,1.197,1.477,3.176,0.358,3.114,5.878,0.782,6.568,10.582,4.136,5.755,0.372,2.336,25.543,3.141,12.117,1.309,3.343,4.722,3.430,0.377
Colo9345_rep2_Dep6_Tu0.1,0.734,5.707,0.386,0.023,0.088,0.056,3.250,10.049,1.416,0.917,8.252,0.714,24.145,0.082,0.009,14.004,11.876,4.829,0.329,0.146,0.021,0.045,12.922
Colo9345_rep10_Dep6_Tu5,0.711,1.297,0.416,0.363,2.409,0.089,1.909,4.631,10.835,6.949,7.109,1.977,13.113,0.224,0.122,7.344,16.152,17.388,5.669,0.661,0.574,0.029,0.027
Colo9345_rep1_Dep6_Tu0.5,0.538,4.539,0.151,0.016,2.632,0.026,2.442,7.566,3.224,4.459,12.320,0.391,14.413,0.120,0.086,7.784,25.434,0.069,1.491,0.180,0.213,0.151,11.756
Colo9345_rep8_Dep6_Tu10,0.713,8.172,0.811,0.687,0.226,0.101,0.351,9.775,2.319,4.713,7.553,5.266,8.869,1.949,0.325,17.431,6.421,9.690,4.356,1.765,0.240,0.777,7.487
Colo9345_rep9_Dep6_Tu5,1.055,3.507,0.098,0.187,3.286,0.076,3.327,7.856,0.418,1.770,12.121,3.710,13.823,0.764,0.251,10.082,16.456,6.150,2.021,1.236,0.284,0.191,11.332
Colo9345_rep7_Dep6_Tu1,0.004,2.635,0.672,0.340,2.905,0.066,2.539,3.138,8.672,2.038,12.672,4.281,6.253,0.200,0.329,33.345,2.184,3.305,1.730,0.592,0.266,0.548,11.286
Colo9345_rep5_Dep6_Tu5,0.877,6.414,0.080,2.017,1.757,0.384,0.460,6.375,6.420,4.914,7.438,2.144,8.787,3.520,2.249,7.962,2.809,15.463,1.208,1.878,3.555,1.045,12.243
Colo9345_rep7_Dep6_Tu50,1.784,2.885,3.280,1.996,0.350,5.403,2.402,3.101,3.010,2.245,0.486,1.233,0.922,13.115,12.214,0.904,0.258,2.792,2.747,5.473,13.306,19.643,0.454
Colo9345_rep3_Dep6_Tu20,0.751,3.736,1.404,7.339,1.188,1.535,3.087,5.776,2.965,3.238,4.120,1.589,1.732,6.588,6.969,7.099,2.480,3.254,11.457,10.529,1.826,11.270,0.066
Colo9345_rep8_Dep6_Tu1,0.315,4.305,0.265,0.047,1.394,0.031,3.296,3.582,2.229,4.008,11.748,4.000,16.292,0.128,0.021,23.054,7.436,7.808,1.085,0.085,0.071,0.048,8.751
Colo9345_rep4_Dep6_Tu5,1.551,1.914,0.584,0.630,3.515,0.691,2.836,6.763,1.948,3.428,8.528,2.962,14.825,2.559,3.660,5.392,3.137,13.240,3.385,1.909,0.099,4.713,11.732
Colo9345_rep10_Dep6_Tu30,2.042,4.002,1.273,1.073,3.108,0.823,2.717,3.552,7.933,2.358,9.591,0.440,3.445,3.836,6.281,6.725,5.886,6.235,8.532,3.177,6.489,1.653,8.831
Colo9345_rep10_Dep6_Tu0.5,0.480,3.990,0.001,0.065,2.534,0.019,2.481,8.689,1.915,5.462,8.256,2.014,17.873,0.062,0.012,10.806,21.130,3.370,0.534,0.036,0.027,0.046,10.199
Colo9345_rep8_Dep6_Tu2,0.284,4.107,0.291,0.143,3.447,0.022,1.725,10.284,8.996,0.093,6.825,4.307,5.318,0.193,0.032,16.862,7.280,10.549,1.000,0.188,0.094,0.035,17.926
Colo9345_rep7_Dep6_Tu0.3,0.502,3.296,0.203,0.049,1.750,0.033,0.976,7.797,6.071,5.685,7.999,0.814,14.798,0.111,0.002,20.335,5.655,6.807,0.147,0.274,0.117,0.145,16.432
Colo9345_rep4_Dep6_Tu3,1.281,4.193,0.292,0.983,3.509,0.279,4.249,10.441,1.533,0.025,6.100,0.333,18.830,3.927,0.352,6.590,17.887,12.199,0.738,4.903,0.076,1.217,0.065
Colo9345_rep3_Dep6_Tu0.5,0.654,2.941,0.322,0.144,2.671,0.030,3.990,9.906,1.040,0.829,7.123,4.364,18.137,0.319,0.060,14.037,19.545,4.222,0.040,0.396,0.171,0.123,8.935
Colo9345_rep8_Dep6_Tu50,1.852,0.658,3.076,4.087,0.201,2.421,0.833,4.531,4.933,3.576,5.004,2.050,4.413,10.430,1.541,2.419,0.370,10.235,3.988,3.838,13.263,10.514,5.766
Colo9345_rep2_Dep6_Tu30,2.297,0.597,2.448,4.215,2.066,3.086,1.389,0.285,6.135,4.054,2.881,1.877,3.078,11.225,13.770,2.112,2.342,3.115,6.018,6.600,3.623,15.615,1.171
Colo9345_rep8_Dep6_Tu5,0.665,6.397,0.317,0.068,0.428,0.147,2.949,9.251,1.945,3.821,13.937,1.803,8.446,0.801,0.408,14.948,13.564,15.444,1.465,0.813,0.412,0.070,1.899
Colo9345_rep1_Dep6_Tu50,1.290,2.422,2.543,8.800,0.939,3.730,2.031,2.738,0.542,2.678,0.800,1.805,0.818,12.300,17.768,0.160,0.344,1.958,5.087,9.091,6.499,14.750,0.907
Colo9345_rep8_Dep6_Tu0.1,0.313,1.930,0.427,0.044,2.575,0.012,5.174,2.672,5.312,0.309,5.077,4.649,28.444,0.092,0.014,9.587,14.710,13.375,1.088,0.010,0.030,0.025,4.131
Colo9345_rep6_Dep6_Tu0.3,0.721,5.377,0.191,0.138,0.932,0.069,1.907,9.929,0.164,0.697,10.024,4.049,19.255,0.157,0.085,15.644,18.470,3.634,0.858,0.149,0.144,0.009,7.396
Colo9345_rep9_Dep6_Tu1,0.856,3.619,0.028,0.134,2.841,0.053,1.605,0.553,4.963,2.201,15.173,2.354,21.086,0.001,0.049,26.733,11.374,0.072,0.914,0.084,0.195,0.099,5.013
Colo9345_rep7_Dep6_Tu3,1.211,4.840,0.540,0.379,2.960,0.270,3.360,10.752,1.837,1.709,3.397,2.906,16.022,1.137,1.588,10.852,4.351,16.392,3.249,3.432,1.745,0.003,7.067
Colo9345_rep9_Dep6_Tu40,1.191,3.896,1.573,3.737,2.790,1.163,1.987,5.886,3.460,3.680,5.724,2.778,4.487,8.315,9.084,6.918,10.844,2.076,5.143,1.763,1.290,9.430,2.787
Colo9345_rep3_Dep6_Tu2,0.223,1.979,0.837,0.849,3.507,0.324,1.791,10.399,9.098,0.857,3.294,1.118,17.394,1.431,0.255,9.212,9.362,5.342,6.356,0.073,0.531,0.869,14.897
Colo9345_rep2_Dep6_Tu0.3,0.514,5.584,0.148,0.083,1.805,0.004,1.487,13.203,0.046,0.480,8.784,3.405,11.480,0.163,0.011,29.299,1.370,13.937,1.257,0.018,0.001,0.033,6.889
Colo9345_rep4_Dep6_Tu0.3,0.621,1.639,0.420,0.018,2.579,0.015,4.055,3.023,1.761,3.906,12.354,5.700,18.584,0.086,0.025,3.379,21.948,16.232,2.981,0.247,0.005,0.058,0.363
Colo9345_rep9_Dep6_Tu30,1.631,1.508,1.314,0.154,3.180,1.252,1.679,5.885,5.592,5.250,8.345,3.203,1.358,4.696,2.834,4.886,12.609,11.904,3.533,0.323,3.655,12.358,2.850
Colo9345_rep6_Dep6_Tu40,1.556,3.240,2.741,6.865,0.888,3.527,2.748,2.920,1.702,3.349,0.828,1.267,2.352,8.375,18.719,0.569,0.768,0.980,0.203,21.307,4.870,7.016,3.211
Colo9345_rep10_Dep6_Tu0.1,0.651,5.341,0.133,0.004,0.969,0.022,2.202,2.261,10.429,2.623,8.180,2.771,17.216,0.039,0.000,22.347,5.369,12.209,0.476,0.090,0.051,0.001,6.615
Colo9345_rep4_Dep6_Tu50,1.586,3.497,2.795,1.842,0.594,4.878,3.114,1.341,0.886,3.775,0.872,2.309,1.101,17.095,15.039,0.769,0.362,2.612,0.724,11.982,8.151,14.488,0.187
