Sample,BRCA,CEAD,CESC,COAD,OV,READ,bcell,cd4tcell,cd8tcell,erythroblast,monocyte,naturalkillercell,neutrophil
Colo9345_rep1_Dep6_Tu5,0.000,23.620,12.290,0.093,26.017,0.000,0.016,0.425,0.211,0.113,3.595,0.052,33.567
Colo9345_rep8_Dep6_Tu30,0.000,16.416,30.845,0.165,23.262,0.008,0.020,0.726,0.043,0.173,2.521,0.068,25.755
Colo9345_rep5_Dep6_Tu1,0.000,8.148,0.137,0.000,39.462,0.000,0.007,1.142,0.348,0.018,4.680,0.009,46.049
Colo9345_rep5_Dep6_Tu20,0.001,25.659,53.110,0.811,4.704,0.457,0.073,0.723,0.594,0.206,2.352,0.053,11.256
Colo9345_rep7_Dep6_Tu20,0.001,23.845,54.487,0.671,5.991,0.181,0.063,1.271,0.543,0.145,1.172,0.065,11.565
Colo9345_rep6_Dep6_Tu2,0.000,20.504,0.909,0.003,30.642,0.000,0.005,1.313,0.044,0.020,3.937,0.019,42.603
Colo9345_rep10_Dep6_Tu10,0.000,24.156,0.858,0.015,31.142,0.000,0.004,0.631,0.278,0.003,3.843,0.017,39.052
Colo9345_rep1_Dep6_Tu10,0.000,40.350,24.144,0.285,11.332,0.021,0.029,0.309,0.357,0.074,2.000,0.010,21.090
Colo9345_rep3_Dep6_Tu30,0.001,17.367,72.043,1.106,0.831,0.400,0.074,1.224,0.378,0.200,1.684,0.036,4.656
Colo9345_rep6_Dep6_Tu1,0.000,6.344,0.001,0.000,40.383,0.000,0.002,1.443,0.163,0.011,4.208,0.007,47.438
Colo9345_rep2_Dep6_Tu10,0.001,24.205,31.077,0.158,17.453,0.007,0.037,0.177,0.325,0.265,2.651,0.022,23.621
Colo9345_rep6_Dep6_Tu5,0.000,25.567,11.205,0.065,24.574,0.000,0.018,0.205,0.760,0.134,2.547,0.046,34.877
Colo9345_rep5_Dep6_Tu10,0.000,23.062,30.545,0.216,18.056,0.004,0.025,1.039,0.478,0.101,3.029,0.050,23.394
Colo9345_rep5_Dep6_Tu40,0.002,8.504,84.304,2.022,0.052,0.661,0.173,2.479,0.368,0.025,1.296,0.074,0.041
Colo9345_rep1_Dep6_Tu0.1,0.000,0.000,0.000,0.000,42.575,0.000,0.002,0.980,0.141,0.009,5.121,0.024,51.148
Colo9345_rep3_Dep6_Tu10,0.000,3.821,38.968,0.274,23.089,0.002,0.066,2.355,0.306,0.079,3.768,0.108,27.163
Colo9345_rep4_Dep6_Tu2,0.000,17.074,1.020,0.002,34.206,0.000,0.013,0.099,0.754,0.012,4.478,0.021,42.321
Colo9345_rep2_Dep6_Tu20,0.002,24.763,54.242,1.037,4.971,0.146,0.061,0.445,0.720,0.156,2.155,0.030,11.273
Colo9345_rep3_Dep6_Tu50,0.001,2.289,93.594,2.546,0.000,0.451,0.041,0.148,0.783,0.026,0.110,0.007,0.005
Colo9345_rep6_Dep6_Tu0.1,0.000,0.002,0.000,0.000,41.102,0.000,0.005,0.940,0.491,0.022,5.909,0.026,51.503
Colo9345_rep3_Dep6_Tu40,0.001,11.275,83.161,2.164,0.010,0.585,0.075,0.330,0.997,0.132,0.600,0.116,0.555
Colo9345_rep6_Dep6_Tu3,0.000,22.092,3.110,0.032,31.026,0.000,0.016,0.971,0.202,0.090,3.428,0.046,38.986
Colo9345_rep9_Dep6_Tu50,0.000,27.942,51.052,0.723,5.724,0.066,0.024,0.120,0.424,0.160,1.523,0.017,12.224
Colo9345_rep1_Dep6_Tu3,0.000,26.969,1.991,0.015,28.739,0.000,0.004,0.712,0.369,0.018,3.990,0.016,37.176
Colo9345_rep6_Dep6_Tu30,0.001,24.764,67.802,1.107,0.495,0.504,0.044,1.089,0.802,0.107,2.225,0.079,0.980
Colo9345_rep1_Dep6_Tu20,0.002,41.797,46.150,0.935,0.561,0.152,0.013,0.442,0.016,0.129,1.029,0.029,8.746
Colo9345_rep4_Dep6_Tu0.5,0.000,3.110,0.000,0.000,40.332,0.000,0.009,1.342,0.737,0.007,4.745,0.017,49.703
Colo9345_rep9_Dep6_Tu10,0.000,24.479,1.178,0.046,30.229,0.000,0.005,0.267,0.062,0.036,4.114,0.053,39.530
Colo9345_rep3_Dep6_Tu1,0.000,8.103,0.001,0.000,38.663,0.000,0.003,0.578,0.377,0.019,5.333,0.034,46.890
Colo9345_rep7_Dep6_Tu0.1,0.000,0.002,0.000,0.000,42.206,0.000,0.000,1.144,0.193,0.003,4.558,0.005,51.890
Colo9345_rep4_Dep6_Tu20,0.002,34.869,49.070,1.312,1.585,0.160,0.015,0.600,0.221,0.151,1.334,0.057,10.625
Colo9345_rep7_Dep6_Tu5,0.000,27.571,10.561,0.095,24.372,0.000,0.030,0.959,0.334,0.126,2.067,0.042,33.844
Colo9345_rep10_Dep6_Tu50,0.001,28.135,49.670,1.132,4.718,0.196,0.052,0.785,0.662,0.427,1.183,0.014,13.025
Colo9345_rep2_Dep6_Tu50,0.000,3.185,93.428,2.026,0.000,0.574,0.071,0.426,0.168,0.013,0.070,0.034,0.005
Colo9345_rep10_Dep6_Tu40,0.014,30.012,36.714,0.788,10.021,0.112,0.067,1.201,0.113,0.185,1.460,0.130,19.184
Colo9345_rep9_Dep6_Tu20,0.000,24.976,13.175,0.034,24.723,0.000,0.014,0.963,0.474,0.096,2.410,0.027,33.109
Colo9345_rep8_Dep6_Tu3,0.000,4.333,0.000,0.000,40.903,0.000,0.002,0.731,0.628,0.024,3.620,0.010,49.749
Colo9345_rep5_Dep6_Tu3,0.000,21.744,2.786,0.045,31.731,0.000,0.009,0.794,0.360,0.068,2.253,0.015,40.197
Colo9345_rep1_Dep6_Tu40,0.001,9.584,83.579,1.940,0.032,0.705,0.090,1.354,0.861,0.206,0.799,0.124,0.725
Colo9345_rep9_Dep6_Tu0.3,0.000,0.001,0.000,0.000,41.914,0.000,0.002,1.028,0.098,0.013,5.482,0.044,51.419
Colo9345_rep4_Dep6_Tu1,0.000,9.834,0.004,0.001,36.450,0.000,0.006,1.343,0.346,0.035,4.960,0.017,47.005
Colo9345_rep10_Dep6_Tu20,0.000,43.914,7.282,0.031,16.768,0.000,0.003,0.664,0.247,0.033,2.299,0.039,28.721
Colo9345_rep1_Dep6_Tu1,0.000,7.710,0.020,0.000,37.770,0.000,0.008,1.426,0.662,0.037,5.237,0.047,47.082
Colo9345_rep6_Dep6_Tu50,0.000,98.503,0.000,0.000,0.000,0.000,0.000,0.001,0.002,0.001,0.024,0.001,1.467
Colo9345_rep7_Dep6_Tu0.5,0.000,1.357,0.000,0.000,41.738,0.000,0.010,2.221,0.510,0.029,3.464,0.013,50.658
Colo9345_rep10_Dep6_Tu0.3,0.000,0.001,0.000,0.000,40.805,0.000,0.001,1.294,0.245,0.010,5.436,0.035,52.173
Colo9345_rep9_Dep6_Tu3,0.000,3.066,0.001,0.000,41.789,0.000,0.003,1.706,0.399,0.027,5.335,0.022,47.653
Colo9345_rep3_Dep6_Tu0.1,0.000,0.004,0.000,0.000,41.559,0.000,0.001,1.176,0.246,0.001,5.844,0.033,51.137
Colo9345_rep6_Dep6_Tu20,0.001,21.159,55.245,0.572,6.041,0.203,0.087,1.074,0.594,0.204,1.417,0.068,13.337
Colo9345_rep8_Dep6_Tu0.5,0.000,0.012,0.000,0.000,41.758,0.000,0.000,1.781,0.248,0.007,4.988,0.019,51.186
Colo9345_rep9_Dep6_Tu0.5,0.000,0.003,0.000,0.000,42.484,0.000,0.001,1.133,0.119,0.006,4.834,0.004,51.417
Colo9345_rep9_Dep6_Tu2,0.000,0.652,0.000,0.000,43.392,0.000,0.000,1.469,0.170,0.007,4.111,0.008,50.191
Colo9345_rep8_Dep6_Tu0.3,0.000,0.000,0.000,0.000,41.954,0.000,0.001,0.528,0.421,0.011,5.637,0.013,51.436
Colo9345_rep6_Dep6_Tu0.5,0.000,1.443,0.000,0.000,40.672,0.000,0.010,0.995,1.073,0.017,5.442,0.031,50.318
Colo9345_rep4_Dep6_Tu0.1,0.000,0.018,0.000,0.000,41.421,0.000,0.002,1.213,0.060,0.008,5.209,0.041,52.027
Colo9345_rep1_Dep6_Tu0.3,0.000,0.232,0.000,0.000,41.481,0.000,0.004,0.853,0.772,0.015,6.880,0.048,49.715
Colo9345_rep5_Dep6_Tu30,0.001,19.105,69.585,1.568,0.592,0.550,0.156,1.711,1.104,0.042,0.670,0.027,4.890
Colo9345_rep2_Dep6_Tu2,0.000,16.828,0.889,0.003,33.434,0.000,0.006,0.859,0.610,0.065,3.846,0.017,43.442
Colo9345_rep4_Dep6_Tu40,0.001,9.475,84.584,1.900,0.027,0.525,0.126,0.524,1.370,0.254,1.030,0.025,0.161
Colo9345_rep7_Dep6_Tu30,0.001,18.457,71.347,1.285,0.593,0.368,0.106,1.325,0.464,0.188,0.788,0.071,5.007
Colo9345_rep5_Dep6_Tu0.3,0.000,0.991,0.000,0.000,40.815,0.000,0.003,2.097,0.118,0.014,5.866,0.030,50.066
Colo9345_rep5_Dep6_Tu0.5,0.000,0.621,0.000,0.000,43.800,0.000,0.001,0.979,0.321,0.013,4.760,0.014,49.491
Colo9345_rep2_Dep6_Tu1,0.000,8.577,0.027,0.000,38.172,0.000,0.005,0.092,0.640,0.020,5.192,0.020,47.257
Colo9345_rep2_Dep6_Tu3,0.000,24.615,2.774,0.004,29.392,0.000,0.011,0.753,0.228,0.031,3.447,0.025,38.720
Colo9345_rep4_Dep6_Tu30,0.001,16.296,72.669,1.260,0.777,0.368,0.143,1.243,0.943,0.309,0.700,0.135,5.157
Colo9345_rep7_Dep6_Tu2,0.000,18.807,0.649,0.000,32.998,0.000,0.006,0.642,0.391,0.028,3.665,0.009,42.805
Colo9345_rep8_Dep6_Tu40,0.000,27.037,39.689,0.644,12.009,0.027,0.014,0.448,0.277,0.095,1.664,0.034,18.061
Colo9345_rep10_Dep6_Tu3,0.000,3.911,0.000,0.000,41.785,0.000,0.003,0.744,0.613,0.022,4.633,0.009,48.281
Colo9345_rep3_Dep6_Tu0.3,0.000,0.153,0.000,0.000,42.494,0.000,0.000,1.908,0.353,0.005,5.063,0.012,50.011
Colo9345_rep5_Dep6_Tu0.1,0.000,0.000,0.000,0.000,42.861,0.000,0.001,1.310,0.257,0.009,4.870,0.014,50.678
Colo9345_rep2_Dep6_Tu0.5,0.000,0.764,0.001,0.000,43.294,0.000,0.005,0.878,0.516,0.006,5.371,0.034,49.133
Colo9345_rep6_Dep6_Tu10,0.001,27.757,27.905,0.368,16.615,0.068,0.013,0.765,0.517,0.190,2.322,0.030,23.451
Colo9345_rep9_Dep6_Tu0.1,0.000,0.002,0.000,0.000,40.481,0.000,0.002,1.429,0.261,0.005,6.466,0.022,51.333
Colo9345_rep7_Dep6_Tu10,0.000,31.094,27.304,0.167,15.610,0.009,0.021,0.301,0.384,0.019,1.468,0.018,23.604
Colo9345_rep10_Dep6_Tu2,0.000,1.021,0.000,0.000,41.632,0.000,0.004,1.268,0.408,0.001,5.124,0.034,50.508
Colo9345_rep7_Dep6_Tu40,0.001,94.456,0.007,0.013,0.072,0.011,0.001,0.005,0.006,0.001,0.151,0.005,5.271
Colo9345_rep8_Dep6_Tu20,0.000,30.746,11.526,0.128,23.246,0.000,0.010,0.651,0.232,0.083,2.282,0.076,31.020
Colo9345_rep3_Dep6_Tu5,0.000,25.107,12.286,0.133,24.969,0.000,0.014,0.593,0.275,0.034,2.470,0.033,34.086
Colo9345_rep5_Dep6_Tu2,0.000,25.080,0.001,0.000,27.713,0.000,0.008,0.575,0.243,0.041,3.464,0.026,42.850
Colo9345_rep1_Dep6_Tu30,0.001,14.521,73.262,1.701,1.465,0.428,0.134,1.196,0.726,0.220,1.243,0.035,5.069
Colo9345_rep10_Dep6_Tu1,0.000,0.033,0.000,0.000,42.246,0.000,0.001,0.430,0.412,0.011,4.932,0.009,51.927
Colo9345_rep4_Dep6_Tu10,0.000,26.429,29.883,0.308,16.739,0.009,0.013,0.242,0.278,0.105,2.611,0.015,23.369
Colo9345_rep3_Dep6_Tu3,0.000,17.426,6.142,0.046,31.257,0.000,0.025,1.876,0.022,0.058,3.644,0.041,39.461
Colo9345_rep5_Dep6_Tu50,0.000,1.977,94.073,2.300,0.000,0.569,0.078,0.007,0.819,0.026,0.112,0.023,0.014
Colo9345_rep2_Dep6_Tu40,0.003,6.234,85.469,2.431,0.221,0.545,0.125,1.999,0.483,0.120,0.759,0.067,1.542
Colo9345_rep1_Dep6_Tu2,0.000,10.230,3.389,0.004,38.406,0.000,0.009,0.964,0.654,0.075,3.721,0.028,42.522
Colo9345_rep2_Dep6_Tu5,0.000,26.115,11.054,0.038,25.089,0.000,0.009,0.374,0.411,0.121,2.129,0.005,34.655
Colo9345_rep2_Dep6_Tu0.1,0.000,0.002,0.000,0.000,41.360,0.000,0.001,1.705,0.053,0.013,5.893,0.018,50.954
Colo9345_rep10_Dep6_Tu5,0.000,12.045,0.000,0.000,36.162,0.000,0.012,1.515,0.455,0.046,3.539,0.021,46.204
Colo9345_rep1_Dep6_Tu0.5,0.000,1.370,0.000,0.000,41.899,0.000,0.004,1.913,0.307,0.006,5.436,0.019,49.045
Colo9345_rep8_Dep6_Tu10,0.000,24.454,0.249,0.030,29.530,0.000,0.018,1.153,0.239,0.082,4.440,0.062,39.744
Colo9345_rep9_Dep6_Tu5,0.000,9.975,0.001,0.000,38.326,0.000,0.008,0.963,0.307,0.036,4.917,0.009,45.457
Colo9345_rep7_Dep6_Tu1,0.000,5.985,0.009,0.000,41.039,0.000,0.004,1.284,0.341,0.014,4.068,0.010,47.246
Colo9345_rep5_Dep6_Tu5,0.000,38.866,5.577,0.058,19.580,0.000,0.002,1.116,0.024,0.063,2.568,0.017,32.130
Colo9345_rep7_Dep6_Tu50,0.000,2.485,93.395,2.316,0.000,0.656,0.058,0.110,0.634,0.090,0.217,0.030,0.009
Colo9345_rep3_Dep6_Tu20,0.002,22.844,55.625,0.799,5.340,0.057,0.117,1.001,0.345,0.290,0.594,0.093,12.892
Colo9345_rep8_Dep6_Tu1,0.000,0.085,0.000,0.000,42.131,0.000,0.002,0.083,0.530,0.010,5.704,0.016,51.439
Colo9345_rep4_Dep6_Tu5,0.000,42.892,4.830,0.013,18.346,0.000,0.007,0.470,0.097,0.099,2.618,0.022,30.604
Colo9345_rep10_Dep6_Tu30,0.001,32.619,23.327,0.141,15.612,0.033,0.047,0.950,0.312,0.055,1.661,0.035,25.208
Colo9345_rep10_Dep6_Tu0.5,0.000,0.002,0.000,0.000,41.571,0.000,0.002,1.265,0.018,0.022,5.597,0.028,51.495
Colo9345_rep8_Dep6_Tu2,0.000,1.786,0.000,0.000,41.607,0.000,0.003,0.980,0.751,0.028,6.010,0.046,48.789
Colo9345_rep7_Dep6_Tu0.3,0.000,0.212,0.000,0.000,43.226,0.000,0.000,0.986,0.111,0.007,4.842,0.009,50.609
Colo9345_rep4_Dep6_Tu3,0.000,23.104,4.225,0.005,30.050,0.000,0.006,0.024,0.422,0.059,3.081,0.033,38.991
Colo9345_rep3_Dep6_Tu0.5,0.000,0.779,0.000,0.000,42.547,0.000,0.002,1.182,0.532,0.012,5.998,0.011,48.938
Colo9345_rep8_Dep6_Tu50,0.003,39.487,45.456,0.616,2.497,0.212,0.032,0.427,0.338,0.119,0.679,0.049,10.085
Colo9345_rep2_Dep6_Tu30,0.002,14.758,73.560,1.363,1.249,0.318,0.097,1.925,0.268,0.152,0.506,0.199,5.604
Colo9345_rep8_Dep6_Tu5,0.000,12.547,0.018,0.000,34.708,0.000,0.008,1.035,0.547,0.019,4.266,0.001,46.851
Colo9345_rep1_Dep6_Tu50,0.000,1.418,93.454,2.598,0.002,0.621,0.016,1.339,0.373,0.046,0.114,0.014,0.004
Colo9345_rep8_Dep6_Tu0.1,0.000,0.001,0.000,0.000,39.983,0.000,0.008,1.960,0.351,0.019,6.136,0.020,51.522
Colo9345_rep6_Dep6_Tu0.3,0.000,0.069,0.000,0.000,42.431,0.000,0.001,1.256,0.258,0.001,6.320,0.019,49.644
Colo9345_rep9_Dep6_Tu1,0.000,0.002,0.000,0.000,43.487,0.000,0.002,0.985,0.686,0.010,5.246,0.013,49.567
Colo9345_rep7_Dep6_Tu3,0.000,34.097,0.738,0.007,24.221,0.000,0.007,0.064,0.938,0.064,2.716,0.014,37.135
Colo9345_rep9_Dep6_Tu40,0.003,30.835,35.510,0.656,11.300,0.073,0.028,0.408,0.505,0.249,0.585,0.101,19.749
Colo9345_rep3_Dep6_Tu2,0.000,19.442,0.078,0.001,33.345,0.000,0.007,0.310,0.789,0.041,4.809,0.037,41.141
Colo9345_rep2_Dep6_Tu0.3,0.000,0.164,0.000,0.000,42.441,0.000,0.001,1.149,0.263,0.015,4.062,0.013,51.892
Colo9345_rep4_Dep6_Tu0.3,0.000,0.077,0.000,0.000,42.858,0.000,0.002,1.674,0.147,0.014,4.662,0.024,50.543
Colo9345_rep9_Dep6_Tu30,0.000,37.731,21.507,0.270,14.216,0.011,0.022,0.151,0.241,0.090,1.997,0.070,23.694
Colo9345_rep6_Dep6_Tu40,0.001,9.186,84.726,1.815,0.030,0.632,0.033,1.753,0.663,0.022,0.944,0.075,0.120
Colo9345_rep10_Dep6_Tu0.1,0.000,0.000,0.000,0.000,41.025,0.000,0.001,1.472,0.100,0.012,5.713,0.020,51.657
Colo9345_rep4_Dep6_Tu50,0.000,2.544,92.967,2.419,0.000,0.565,0.041,1.136,0.245,0.029,0.032,0.018,0.004
