Sample,BRCA,CEAD,CESC,COAD,OV,READ,bcell,cd4tcell,cd8tcell,erythroblast,monocyte,naturalkillercell,neutrophil,Unknown-1,Unknown-2,Unknown-3,Unknown-4,Unknown-5,Unknown-6,Unknown-7,Unknown-8,Unknown-9,Unknown-10
Colo9345_rep1_Dep6_Tu5,0.000,0.000,0.000,11.858,0.000,2.389,0.000,0.000,0.000,0.000,0.000,0.000,37.387,2.442,0.000,12.430,0.000,0.000,12.913,1.617,0.000,1.943,17.021
Colo9345_rep8_Dep6_Tu30,0.000,0.462,0.165,21.778,0.000,5.558,0.000,0.000,0.000,0.000,0.000,0.000,27.871,7.912,0.000,1.740,0.000,0.000,11.283,0.367,0.000,14.825,8.039
Colo9345_rep5_Dep6_Tu1,0.000,0.000,0.000,0.172,0.000,0.000,0.000,0.000,0.000,0.000,0.227,0.000,48.570,0.000,0.000,0.848,12.173,0.769,0.000,8.366,0.000,13.187,15.687
Colo9345_rep5_Dep6_Tu20,0.354,1.809,0.662,33.492,0.000,8.914,0.000,0.000,0.000,0.000,0.000,0.000,15.403,3.436,0.000,0.014,0.000,31.007,0.000,2.458,0.566,0.000,1.884
Colo9345_rep7_Dep6_Tu20,0.670,2.378,0.667,34.588,0.039,9.446,0.000,0.000,0.000,0.000,0.000,0.000,18.529,22.735,0.000,0.000,0.000,9.778,0.055,1.114,0.000,0.000,0.000
Colo9345_rep6_Dep6_Tu2,0.000,0.000,0.000,2.213,0.000,0.000,0.000,0.000,0.000,0.000,0.098,0.000,46.802,2.992,0.000,3.403,17.485,0.000,6.035,19.431,0.000,0.000,1.539
Colo9345_rep10_Dep6_Tu10,0.000,0.000,0.000,6.897,0.000,1.466,0.000,0.000,0.000,0.000,0.105,0.000,45.662,0.000,0.000,1.123,4.238,0.000,2.529,5.910,3.215,4.793,24.061
Colo9345_rep1_Dep6_Tu10,0.000,0.622,0.429,23.309,0.000,5.439,0.000,0.000,0.000,0.000,0.000,0.000,25.127,10.191,0.000,0.000,3.598,0.000,2.165,25.785,0.314,0.000,3.021
Colo9345_rep3_Dep6_Tu30,0.944,3.362,1.039,42.620,0.924,11.623,0.000,0.000,0.000,0.000,0.000,0.000,8.251,28.537,0.000,0.285,0.000,0.000,2.281,0.000,0.000,0.000,0.132
Colo9345_rep6_Dep6_Tu1,0.000,0.000,0.000,0.138,0.000,0.000,0.000,0.000,0.000,0.000,0.104,0.000,54.674,1.071,0.000,7.099,5.473,0.000,0.000,0.739,0.000,0.000,30.701
Colo9345_rep2_Dep6_Tu10,0.000,0.465,0.334,22.132,0.000,5.380,0.000,0.000,0.000,0.000,0.000,0.000,27.942,18.955,0.000,5.725,0.000,0.000,1.146,0.000,0.000,2.393,15.529
Colo9345_rep6_Dep6_Tu5,0.000,0.000,0.000,11.126,0.000,3.132,0.000,0.000,0.000,0.000,0.000,0.000,40.264,3.545,0.000,0.000,0.086,0.000,32.948,1.613,0.286,0.000,6.999
Colo9345_rep5_Dep6_Tu10,0.000,0.357,0.377,21.494,0.000,4.812,0.000,0.000,0.000,0.000,0.000,0.000,31.981,22.601,0.000,13.165,0.000,0.000,1.504,0.000,0.000,0.000,3.708
Colo9345_rep5_Dep6_Tu40,1.715,3.999,1.094,49.054,1.145,13.169,0.000,0.000,0.000,0.000,0.000,0.000,4.032,5.088,0.000,0.000,0.000,20.702,0.000,0.000,0.000,0.000,0.000
Colo9345_rep1_Dep6_Tu0.1,0.000,0.000,0.000,0.000,0.000,0.000,0.000,0.000,0.000,0.000,0.236,0.000,53.181,0.202,0.000,2.369,0.922,0.000,0.000,0.000,16.775,2.127,24.187
Colo9345_rep3_Dep6_Tu10,0.044,0.000,0.344,22.356,0.000,4.908,0.000,0.000,0.000,0.000,0.000,0.000,28.441,2.638,0.000,2.654,0.293,4.828,29.912,0.000,0.000,0.000,3.581
Colo9345_rep4_Dep6_Tu2,0.000,0.000,0.000,3.876,0.000,0.000,0.000,0.000,0.000,0.000,0.083,0.000,53.118,0.504,0.000,8.235,21.813,0.010,4.523,3.908,0.000,0.000,3.926
Colo9345_rep2_Dep6_Tu20,1.165,3.260,0.588,38.426,0.000,8.620,0.000,0.000,0.000,0.000,0.000,0.000,15.637,7.554,0.000,0.765,0.000,8.560,0.000,0.000,0.000,3.827,11.598
Colo9345_rep3_Dep6_Tu50,2.628,6.214,1.384,53.610,3.211,14.784,0.000,0.000,0.000,0.000,0.000,0.000,1.950,8.536,0.000,0.000,0.000,7.681,0.000,0.000,0.000,0.000,0.000
Colo9345_rep6_Dep6_Tu0.1,0.000,0.000,0.000,0.000,0.000,0.000,0.000,0.000,0.000,0.000,0.256,0.000,55.442,0.000,0.000,1.397,0.409,0.000,0.000,5.154,0.000,3.531,33.809
Colo9345_rep3_Dep6_Tu40,2.036,4.197,1.377,49.288,1.998,13.411,0.000,0.000,0.000,0.000,0.000,0.000,4.676,18.398,0.000,0.000,0.000,4.620,0.000,0.000,0.000,0.000,0.000
Colo9345_rep6_Dep6_Tu3,0.000,0.000,0.000,4.573,0.000,2.092,0.000,0.000,0.000,0.000,0.000,0.000,44.713,1.900,0.000,0.000,0.501,0.000,28.490,1.830,0.000,5.467,10.432
Colo9345_rep9_Dep6_Tu50,0.220,1.471,0.541,32.334,0.000,7.840,0.000,0.000,0.000,0.000,0.000,0.000,13.681,5.317,0.000,37.606,0.000,0.000,0.246,0.000,0.000,0.000,0.744
Colo9345_rep1_Dep6_Tu3,0.000,0.000,0.000,6.728,0.000,1.474,0.000,0.000,0.000,0.000,0.118,0.000,40.223,0.000,0.000,0.000,2.264,0.000,20.158,0.512,9.801,0.000,18.721
Colo9345_rep6_Dep6_Tu30,1.269,2.733,0.991,42.926,0.560,11.579,0.000,0.000,0.000,0.000,0.000,0.000,7.917,26.429,0.000,0.000,0.000,0.000,5.595,0.000,0.000,0.000,0.000
Colo9345_rep1_Dep6_Tu20,0.562,2.430,0.746,33.050,0.000,8.574,0.000,0.000,0.000,0.000,0.000,0.000,16.735,27.446,0.000,0.000,0.000,10.332,0.000,0.000,0.000,0.000,0.124
Colo9345_rep4_Dep6_Tu0.5,0.000,0.000,0.000,0.000,0.000,0.000,0.000,0.000,0.000,0.000,0.261,0.000,48.844,0.499,0.000,0.000,13.697,0.000,3.400,24.911,0.000,2.770,5.616
Colo9345_rep9_Dep6_Tu10,0.000,0.000,0.000,5.692,0.000,0.000,0.000,0.000,0.000,0.000,0.260,0.000,47.603,4.952,0.000,3.819,29.082,1.529,0.000,0.000,0.000,2.325,4.736
Colo9345_rep3_Dep6_Tu1,0.000,0.000,0.000,0.145,0.000,0.000,0.000,0.000,0.000,0.000,0.430,0.000,51.916,0.000,0.000,0.000,21.307,0.000,0.000,6.100,6.456,4.226,9.418
Colo9345_rep7_Dep6_Tu0.1,0.000,0.000,0.000,0.000,0.000,0.000,0.000,0.000,0.000,0.000,0.205,0.000,55.650,1.130,0.335,0.000,0.000,0.000,0.965,0.265,4.503,7.104,29.842
Colo9345_rep4_Dep6_Tu20,0.306,2.379,0.509,34.119,0.000,8.266,0.000,0.000,0.000,0.000,0.000,0.000,17.475,25.878,0.000,0.000,0.000,11.068,0.000,0.000,0.000,0.000,0.000
Colo9345_rep7_Dep6_Tu5,0.000,0.000,0.000,11.143,0.000,2.365,0.000,0.000,0.000,0.000,0.000,0.000,37.042,4.959,0.000,0.000,5.163,0.000,28.052,0.000,0.013,0.000,11.262
Colo9345_rep10_Dep6_Tu50,0.202,3.720,0.615,33.929,0.000,8.647,0.000,0.000,0.000,0.000,0.000,0.000,16.939,7.175,0.000,0.230,0.000,12.264,12.982,0.000,0.000,0.000,3.296
Colo9345_rep2_Dep6_Tu50,2.357,6.146,1.324,53.771,1.596,15.201,0.000,0.000,0.000,0.000,0.000,0.000,1.990,14.205,0.000,3.106,0.000,0.000,0.304,0.000,0.000,0.000,0.000
Colo9345_rep10_Dep6_Tu40,0.511,1.779,0.455,26.449,0.000,6.414,0.000,0.000,0.000,0.000,0.000,0.000,23.587,19.885,0.000,0.000,15.609,1.422,0.070,0.000,0.000,0.967,2.852
Colo9345_rep9_Dep6_Tu20,0.000,0.000,0.000,16.399,0.000,2.862,0.000,0.000,0.000,0.000,0.000,0.000,37.452,0.000,0.000,1.494,0.299,1.889,0.407,0.000,0.339,3.288,35.569
Colo9345_rep8_Dep6_Tu3,0.000,0.000,0.000,0.000,0.000,0.000,0.000,0.000,0.000,0.000,0.092,0.000,47.997,2.000,0.000,1.415,8.182,0.000,0.396,1.709,0.637,35.162,2.410
Colo9345_rep5_Dep6_Tu3,0.000,0.000,0.000,6.993,0.000,2.161,0.000,0.000,0.000,0.000,0.000,0.000,43.867,1.917,0.000,3.951,0.000,0.000,0.000,2.105,0.000,12.882,26.123
Colo9345_rep1_Dep6_Tu40,1.916,5.755,1.156,48.902,3.033,13.903,0.000,0.000,0.000,0.000,0.000,0.000,4.785,15.037,0.000,5.138,0.000,0.013,0.361,0.000,0.000,0.000,0.000
Colo9345_rep9_Dep6_Tu0.3,0.000,0.000,0.000,0.000,0.000,0.000,0.000,0.000,0.000,0.000,0.395,0.000,52.717,0.000,0.000,0.712,0.275,0.000,4.265,0.000,31.160,0.000,10.476
Colo9345_rep4_Dep6_Tu1,0.000,0.000,0.000,0.096,0.000,0.000,0.000,0.000,0.000,0.000,0.348,0.000,50.132,1.382,0.000,0.000,9.468,0.000,0.000,32.417,0.256,1.572,4.328
Colo9345_rep10_Dep6_Tu20,0.000,0.000,0.093,16.067,0.000,2.447,0.000,0.000,0.000,0.000,0.000,0.000,35.123,0.000,0.000,3.296,12.638,0.000,0.000,25.135,0.001,0.699,4.501
Colo9345_rep1_Dep6_Tu1,0.000,0.000,0.000,0.150,0.000,0.000,0.000,0.000,0.000,0.000,0.425,0.000,54.043,1.387,0.000,3.190,29.531,0.000,1.503,0.000,0.426,0.000,9.343
Colo9345_rep6_Dep6_Tu50,0.000,0.000,0.240,4.522,0.000,1.915,0.000,0.000,0.000,0.000,0.000,0.000,16.137,0.614,0.000,2.754,73.817,0.000,0.000,0.000,0.000,0.000,0.000
Colo9345_rep7_Dep6_Tu0.5,0.000,0.000,0.000,0.000,0.000,0.000,0.000,0.000,0.000,0.000,0.053,0.000,52.421,0.994,0.000,0.069,0.118,0.000,1.049,1.873,0.000,9.096,34.326
Colo9345_rep10_Dep6_Tu0.3,0.000,0.000,0.000,0.000,0.000,0.000,0.000,0.000,0.000,0.000,0.552,0.000,56.303,0.032,0.000,0.089,3.736,0.000,7.277,1.111,15.021,3.218,12.661
Colo9345_rep9_Dep6_Tu3,0.000,0.000,0.000,0.000,0.000,0.000,0.000,0.000,0.000,0.000,0.332,0.000,51.055,0.164,0.000,1.162,15.812,0.000,0.377,3.080,20.946,1.873,5.197
Colo9345_rep3_Dep6_Tu0.1,0.000,0.000,0.000,0.000,0.000,0.000,0.000,0.000,0.000,0.000,0.627,0.000,55.528,0.630,0.000,0.312,25.343,0.000,0.466,0.000,4.119,2.936,10.037
Colo9345_rep6_Dep6_Tu20,0.532,3.617,0.631,34.379,0.059,9.398,0.000,0.000,0.000,0.000,0.000,0.000,17.333,10.270,0.000,0.000,0.000,13.061,7.104,0.000,0.000,1.514,2.100
Colo9345_rep8_Dep6_Tu0.5,0.000,0.000,0.000,0.000,0.000,0.000,0.000,0.000,0.000,0.000,0.190,0.000,50.858,0.000,0.000,0.000,1.112,0.000,0.000,1.387,3.526,1.140,41.786
Colo9345_rep9_Dep6_Tu0.5,0.000,0.000,0.000,0.000,0.000,0.000,0.000,0.000,0.000,0.000,0.293,0.000,57.080,1.034,2.353,0.000,0.000,0.000,1.291,0.357,1.797,3.610,32.182
Colo9345_rep9_Dep6_Tu2,0.000,0.000,0.000,0.000,0.000,0.000,0.000,0.000,0.000,0.000,0.104,0.000,55.121,2.616,0.000,0.000,1.531,0.000,2.185,0.207,6.253,3.264,28.718
Colo9345_rep8_Dep6_Tu0.3,0.000,0.000,0.000,0.000,0.000,0.000,0.000,0.000,0.000,0.000,0.326,0.000,52.768,0.000,0.000,0.812,0.241,0.000,3.956,0.000,31.131,0.000,10.765
Colo9345_rep6_Dep6_Tu0.5,0.000,0.000,0.000,0.000,0.000,0.000,0.000,0.000,0.000,0.000,0.405,0.000,53.590,0.000,0.000,0.000,22.348,0.000,0.158,11.681,2.530,1.193,8.094
Colo9345_rep4_Dep6_Tu0.1,0.000,0.000,0.000,0.000,0.000,0.000,0.000,0.000,0.000,0.000,0.376,0.000,51.124,0.175,0.000,0.000,0.312,0.000,22.118,1.373,3.791,0.536,20.194
Colo9345_rep1_Dep6_Tu0.3,0.000,0.000,0.000,0.000,0.000,0.000,0.000,0.000,0.000,0.000,0.630,0.000,47.364,0.000,0.000,0.243,2.090,0.189,10.835,1.333,6.620,0.000,30.695
Colo9345_rep5_Dep6_Tu30,1.402,4.342,0.830,43.035,0.334,11.662,0.000,0.000,0.000,0.000,0.000,0.000,9.823,25.899,0.000,0.000,0.000,2.670,0.000,0.000,0.000,0.000,0.000
Colo9345_rep2_Dep6_Tu2,0.000,0.000,0.000,3.049,0.000,0.000,0.000,0.000,0.000,0.000,0.025,0.000,45.342,1.202,0.000,3.555,0.000,0.000,20.030,0.776,0.853,5.375,19.794
Colo9345_rep4_Dep6_Tu40,2.294,4.848,1.321,49.197,1.414,13.965,0.000,0.000,0.000,0.000,0.000,0.000,4.713,4.072,0.000,0.000,0.000,18.175,0.000,0.000,0.000,0.000,0.000
Colo9345_rep7_Dep6_Tu30,1.236,4.034,0.896,44.284,0.621,11.219,0.000,0.000,0.000,0.000,0.000,0.000,9.179,23.400,0.000,0.000,0.000,1.210,2.268,0.000,0.000,0.000,1.651
Colo9345_rep5_Dep6_Tu0.3,0.000,0.000,0.000,0.000,0.000,0.000,0.000,0.000,0.000,0.000,0.427,0.000,50.432,0.000,0.000,1.118,5.993,0.000,0.000,33.131,0.000,2.279,6.619
Colo9345_rep5_Dep6_Tu0.5,0.000,0.000,0.000,0.000,0.000,0.000,0.000,0.000,0.000,0.000,0.180,0.000,53.904,1.445,0.000,0.000,1.011,0.000,3.752,0.000,24.011,0.103,15.593
Colo9345_rep2_Dep6_Tu1,0.000,0.000,0.000,0.141,0.000,0.000,0.000,0.000,0.000,0.000,0.245,0.000,54.416,0.000,0.000,1.673,4.605,0.000,19.731,3.610,3.085,2.769,9.724
Colo9345_rep2_Dep6_Tu3,0.000,0.000,0.000,6.222,0.000,2.088,0.000,0.000,0.000,0.000,0.000,0.000,48.493,0.702,0.000,2.527,6.458,0.000,21.576,3.021,0.000,0.000,8.912
Colo9345_rep4_Dep6_Tu30,0.901,3.259,0.920,42.787,0.796,11.142,0.000,0.000,0.000,0.000,0.000,0.000,8.614,18.081,0.000,0.000,0.000,12.402,0.000,0.000,0.000,0.000,1.095
Colo9345_rep7_Dep6_Tu2,0.000,0.000,0.000,2.029,0.000,1.345,0.000,0.000,0.000,0.000,0.082,0.000,45.738,0.000,0.000,0.859,1.338,0.000,28.796,3.983,1.616,0.729,13.485
Colo9345_rep8_Dep6_Tu40,0.000,0.533,0.255,23.765,0.000,7.179,0.000,0.000,0.000,0.000,0.000,0.000,21.683,10.053,0.000,22.770,0.000,8.519,4.318,0.000,0.000,0.000,0.924
Colo9345_rep10_Dep6_Tu3,0.000,0.000,0.000,0.000,0.000,0.000,0.000,0.000,0.000,0.000,0.051,0.000,55.162,0.000,0.000,2.123,12.686,0.156,5.164,4.816,2.938,3.760,13.142
Colo9345_rep3_Dep6_Tu0.3,0.000,0.000,0.000,0.000,0.000,0.000,0.000,0.000,0.000,0.000,0.177,0.000,50.613,0.000,0.000,0.000,1.188,0.000,0.000,1.969,3.315,1.137,41.599
Colo9345_rep5_Dep6_Tu0.1,0.000,0.000,0.000,0.000,0.000,0.000,0.000,0.000,0.000,0.000,0.292,0.000,50.883,0.316,0.000,0.653,0.298,0.000,0.525,0.000,15.004,7.973,24.054
Colo9345_rep2_Dep6_Tu0.5,0.000,0.000,0.000,0.000,0.000,0.000,0.000,0.000,0.000,0.000,0.218,0.000,54.814,2.256,0.000,1.641,1.699,0.000,0.000,0.000,10.140,0.000,29.231
Colo9345_rep6_Dep6_Tu10,0.000,0.412,0.178,19.961,0.000,5.485,0.000,0.000,0.000,0.000,0.000,0.000,30.751,13.604,0.000,11.540,0.000,8.404,1.433,1.388,0.000,4.742,2.102
Colo9345_rep9_Dep6_Tu0.1,0.000,0.000,0.000,0.000,0.000,0.000,0.000,0.000,0.000,0.000,0.548,0.000,53.851,1.152,0.000,0.204,18.100,0.000,0.000,14.926,0.694,1.640,8.884
Colo9345_rep7_Dep6_Tu10,0.000,0.194,0.275,21.758,0.000,5.647,0.000,0.000,0.000,0.000,0.000,0.000,29.919,17.516,0.000,0.000,0.000,5.264,0.000,1.420,0.000,0.255,17.751
Colo9345_rep10_Dep6_Tu2,0.000,0.000,0.000,0.000,0.000,0.000,0.000,0.000,0.000,0.000,0.339,0.000,55.768,1.189,0.000,0.000,4.393,0.000,3.740,4.481,4.267,4.092,21.729
Colo9345_rep7_Dep6_Tu40,0.162,0.000,0.219,5.353,0.000,2.292,0.000,0.000,0.000,0.000,0.000,0.000,17.418,2.679,0.000,3.497,68.378,0.000,0.000,0.000,0.000,0.000,0.000
Colo9345_rep8_Dep6_Tu20,0.000,0.000,0.000,13.186,0.000,2.029,0.000,0.000,0.000,0.000,0.000,0.000,36.924,5.121,0.000,0.540,20.476,10.564,0.000,3.234,0.000,0.000,7.926
Colo9345_rep3_Dep6_Tu5,0.000,0.000,0.000,13.282,0.000,2.961,0.000,0.000,0.000,0.000,0.000,0.000,40.519,11.473,0.000,0.000,3.400,0.000,0.000,5.048,0.584,0.000,22.733
Colo9345_rep5_Dep6_Tu2,0.000,0.000,0.000,1.973,0.000,0.000,0.000,0.000,0.000,0.000,0.000,0.000,46.145,4.038,0.000,0.000,20.171,0.000,0.000,21.669,0.000,1.769,4.234
Colo9345_rep1_Dep6_Tu30,0.934,3.787,0.797,42.766,0.142,11.138,0.000,0.000,0.000,0.000,0.000,0.000,8.495,7.088,0.000,0.000,0.000,22.919,0.000,0.000,0.000,0.000,1.932
Colo9345_rep10_Dep6_Tu1,0.000,0.000,0.000,0.000,0.000,0.000,0.000,0.000,0.000,0.000,0.203,0.000,50.201,1.527,0.000,0.373,6.428,0.000,0.000,2.113,0.489,35.598,3.067
Colo9345_rep4_Dep6_Tu10,0.000,0.102,0.238,27.696,0.000,5.698,0.000,0.000,0.000,0.000,0.000,0.000,27.671,6.389,0.000,0.096,0.000,0.000,4.320,0.225,0.000,16.228,11.335
Colo9345_rep3_Dep6_Tu3,0.000,0.000,0.000,6.885,0.000,1.441,0.000,0.000,0.000,0.000,0.000,0.000,42.877,4.590,0.000,0.403,0.000,0.000,13.581,4.566,8.964,9.212,7.480
Colo9345_rep5_Dep6_Tu50,2.451,7.640,1.475,53.388,2.099,15.184,0.000,0.000,0.000,0.000,0.000,0.000,2.015,12.185,0.000,0.000,0.000,2.985,0.576,0.000,0.000,0.000,0.000
Colo9345_rep2_Dep6_Tu40,1.749,5.078,1.184,48.246,0.855,12.789,0.000,0.000,0.000,0.000,0.000,0.000,3.967,5.322,0.000,0.000,0.000,20.452,0.000,0.000,0.000,0.000,0.357
Colo9345_rep1_Dep6_Tu2,0.000,0.000,0.000,4.390,0.000,0.000,0.000,0.000,0.000,0.000,0.020,0.000,42.989,0.000,0.000,1.042,0.581,0.441,0.000,0.543,14.054,14.282,21.655
Colo9345_rep2_Dep6_Tu5,0.000,0.000,0.000,11.445,0.000,2.568,0.000,0.000,0.000,0.000,0.000,0.000,37.452,8.742,0.000,0.406,3.635,0.000,0.000,0.000,0.000,33.323,2.427
Colo9345_rep2_Dep6_Tu0.1,0.000,0.000,0.000,0.000,0.000,0.000,0.000,0.000,0.000,0.000,0.486,0.000,54.076,0.000,0.000,1.651,11.809,0.000,0.000,4.179,1.657,20.065,6.075
Colo9345_rep10_Dep6_Tu5,0.000,0.000,0.000,0.312,0.000,0.000,0.000,0.000,0.000,0.000,0.048,0.000,51.064,2.398,0.000,18.838,1.875,0.000,0.000,0.000,0.000,0.000,25.463
Colo9345_rep1_Dep6_Tu0.5,0.000,0.000,0.000,0.000,0.000,0.000,0.000,0.000,0.000,0.000,0.283,0.000,50.370,0.000,0.137,1.166,0.627,0.000,2.478,1.898,3.795,0.680,38.566
Colo9345_rep8_Dep6_Tu10,0.000,0.000,0.000,4.802,0.000,0.000,0.000,0.000,0.000,0.000,0.111,0.000,49.615,4.146,0.000,5.204,27.425,1.286,4.039,0.000,0.000,1.804,1.567
Colo9345_rep9_Dep6_Tu5,0.000,0.000,0.000,0.263,0.000,0.000,0.000,0.000,0.000,0.000,0.232,0.000,48.566,1.119,0.000,0.833,12.548,0.000,0.000,7.205,0.039,12.989,16.205
Colo9345_rep7_Dep6_Tu1,0.000,0.000,0.000,0.123,0.000,0.000,0.000,0.000,0.000,0.000,0.143,0.000,53.862,1.644,0.000,2.027,0.151,0.000,0.000,1.709,0.000,7.021,33.319
Colo9345_rep5_Dep6_Tu5,0.000,0.000,0.000,11.682,0.000,3.050,0.000,0.000,0.000,0.000,0.000,0.000,39.260,2.924,0.000,0.000,0.000,3.908,1.612,34.761,0.000,0.446,2.356
Colo9345_rep7_Dep6_Tu50,2.121,6.627,1.417,53.670,2.407,15.087,0.000,0.000,0.000,0.000,0.000,0.000,2.024,9.899,0.000,0.000,0.000,6.749,0.000,0.000,0.000,0.000,0.000
Colo9345_rep3_Dep6_Tu20,0.503,3.421,0.670,36.764,0.000,8.196,0.000,0.000,0.000,0.000,0.000,0.000,16.961,19.552,0.000,0.000,0.000,7.630,0.000,0.000,0.000,6.032,0.272
Colo9345_rep8_Dep6_Tu1,0.000,0.000,0.000,0.000,0.000,0.000,0.000,0.000,0.000,0.000,0.551,0.000,56.695,0.542,0.000,0.573,18.419,0.000,2.572,0.980,2.655,13.987,3.024
Colo9345_rep4_Dep6_Tu5,0.000,0.000,0.000,11.710,0.000,2.455,0.000,0.000,0.000,0.000,0.000,0.000,35.106,2.731,0.000,6.414,3.270,0.600,1.957,31.423,0.000,0.000,4.331
Colo9345_rep10_Dep6_Tu30,0.000,0.814,0.133,21.854,0.000,5.280,0.000,0.000,0.000,0.000,0.000,0.000,27.964,0.435,0.000,1.201,0.000,9.805,0.000,0.000,0.000,8.023,24.491
Colo9345_rep10_Dep6_Tu0.5,0.000,0.000,0.000,0.000,0.000,0.000,0.000,0.000,0.000,0.000,0.427,0.000,57.539,0.000,0.000,2.688,7.530,0.000,0.241,6.412,0.680,3.514,20.968
Colo9345_rep8_Dep6_Tu2,0.000,0.000,0.000,0.000,0.000,0.000,0.000,0.000,0.000,0.000,0.494,0.000,52.523,1.423,0.000,0.000,25.193,0.000,1.697,1.581,14.212,0.000,2.875
Colo9345_rep7_Dep6_Tu0.3,0.000,0.000,0.000,0.000,0.000,0.000,0.000,0.000,0.000,0.000,0.212,0.000,52.401,0.033,0.000,0.373,0.000,0.161,1.859,0.292,10.446,12.583,21.639
Colo9345_rep4_Dep6_Tu3,0.000,0.000,0.000,4.232,0.000,1.135,0.000,0.000,0.000,0.000,0.000,0.000,46.855,9.784,0.000,14.113,18.121,0.000,0.000,0.361,0.000,0.000,5.399
Colo9345_rep3_Dep6_Tu0.5,0.000,0.000,0.000,0.000,0.000,0.000,0.000,0.000,0.000,0.000,0.490,0.000,49.957,0.363,0.000,0.000,12.101,0.000,0.678,6.627,23.927,0.486,5.369
Colo9345_rep8_Dep6_Tu50,0.734,1.457,0.869,31.325,0.000,10.013,0.000,0.000,0.000,0.000,0.000,0.000,16.891,31.811,0.000,0.000,0.000,0.000,0.000,0.000,0.000,0.000,6.899
Colo9345_rep2_Dep6_Tu30,1.402,4.386,0.963,44.404,0.322,11.582,0.000,0.000,0.000,0.000,0.000,0.000,8.770,23.736,0.000,0.000,0.000,0.000,3.358,0.000,0.000,0.000,1.077
Colo9345_rep8_Dep6_Tu5,0.000,0.000,0.000,0.135,0.000,0.000,0.000,0.000,0.000,0.000,0.113,0.000,51.131,2.395,0.000,0.000,11.564,0.000,1.062,26.889,0.751,1.338,4.621
Colo9345_rep1_Dep6_Tu50,2.507,5.719,1.264,54.341,2.342,14.754,0.000,0.000,0.000,0.000,0.000,0.000,2.000,17.072,0.000,0.000,0.000,0.000,0.000,0.000,0.000,0.000,0.000
Colo9345_rep8_Dep6_Tu0.1,0.000,0.000,0.000,0.000,0.000,0.000,0.000,0.000,0.000,0.000,0.715,0.000,56.438,0.862,0.000,2.455,21.002,0.000,0.000,8.376,0.853,1.238,8.060
Colo9345_rep6_Dep6_Tu0.3,0.000,0.000,0.000,0.000,0.000,0.000,0.000,0.000,0.000,0.000,0.622,0.000,50.291,0.842,0.000,0.000,11.646,0.241,0.503,6.462,23.833,0.835,4.725
Colo9345_rep9_Dep6_Tu1,0.000,0.000,0.000,0.000,0.000,0.000,0.000,0.000,0.000,0.000,0.261,0.000,50.823,0.000,0.000,0.000,0.475,0.000,1.002,0.125,18.099,7.422,21.792
Colo9345_rep7_Dep6_Tu3,0.000,0.000,0.000,4.950,0.000,1.763,0.000,0.000,0.000,0.000,0.066,0.000,41.310,3.430,0.000,0.224,8.111,0.731,0.000,33.997,0.063,0.858,4.495
Colo9345_rep9_Dep6_Tu40,0.271,1.038,0.503,24.183,0.000,6.959,0.000,0.000,0.000,0.000,0.000,0.000,28.279,27.612,0.000,0.000,0.000,7.974,0.234,0.000,0.000,0.000,2.947
Colo9345_rep3_Dep6_Tu2,0.000,0.000,0.000,3.015,0.000,0.000,0.000,0.000,0.000,0.000,0.126,0.000,44.154,0.477,0.000,0.000,1.881,2.111,9.362,3.704,0.706,0.000,34.463
Colo9345_rep2_Dep6_Tu0.3,0.000,0.000,0.000,0.000,0.000,0.000,0.000,0.000,0.000,0.000,0.090,0.000,51.824,0.413,0.000,0.383,2.787,0.000,0.000,3.599,0.000,37.596,3.307
Colo9345_rep4_Dep6_Tu0.3,0.000,0.000,0.000,0.000,0.000,0.000,0.000,0.000,0.000,0.000,0.175,0.000,56.169,0.943,0.000,2.615,4.011,0.000,0.000,1.957,0.000,5.715,28.414
Colo9345_rep9_Dep6_Tu30,0.000,0.000,0.213,16.353,0.000,4.614,0.000,0.000,0.000,0.000,0.000,0.000,28.988,23.881,0.000,2.817,20.583,2.445,0.000,0.000,0.000,0.000,0.106
Colo9345_rep6_Dep6_Tu40,1.504,4.440,1.481,48.711,1.290,13.654,0.000,0.000,0.000,0.000,0.000,0.000,4.291,24.628,0.000,0.000,0.000,0.000,0.000,0.000,0.000,0.000,0.000
Colo9345_rep10_Dep6_Tu0.1,0.000,0.000,0.000,0.000,0.000,0.000,0.000,0.000,0.000,0.000,0.401,0.000,55.475,0.000,0.000,0.000,0.599,0.000,3.770,5.656,7.693,1.736,24.669
Colo9345_rep4_Dep6_Tu50,2.359,5.915,1.437,52.038,1.858,15.166,0.000,0.000,0.000,0.000,0.000,0.000,1.871,7.791,0.000,0.000,0.000,11.564,0.000,0.000,0.000,0.000,0.000
