Sample,BRCA,CEAD,CESC,COAD,OV,READ,bcell,cd4tcell,cd8tcell,erythroblast,monocyte,naturalkillercell,neutrophil
Colo9345_rep1_Dep6_Tu5,1.564,3.965,1.044,11.107,2.383,5.393,2.426,3.052,0.000,8.443,7.428,2.771,50.423
Colo9345_rep8_Dep6_Tu30,1.997,5.201,1.822,18.633,2.854,8.131,2.040,1.103,0.000,6.829,6.748,2.399,42.242
Colo9345_rep5_Dep6_Tu1,0.164,2.788,0.985,1.695,2.093,1.855,2.466,2.447,1.210,10.761,9.513,2.575,61.449
Colo9345_rep5_Dep6_Tu20,3.642,7.142,2.453,29.418,2.521,13.314,2.356,1.932,0.000,3.245,5.130,1.799,27.048
Colo9345_rep7_Dep6_Tu20,3.315,6.519,2.247,30.394,2.903,12.554,2.059,2.480,0.000,4.564,4.850,1.337,26.777
Colo9345_rep6_Dep6_Tu2,0.430,3.511,0.763,4.059,1.883,2.796,2.260,1.923,2.402,10.055,8.979,1.821,59.119
Colo9345_rep10_Dep6_Tu10,0.375,4.390,0.673,6.577,1.956,3.025,2.276,3.365,0.030,9.595,8.336,2.462,56.941
Colo9345_rep1_Dep6_Tu10,2.298,5.703,1.872,19.629,2.390,8.854,2.443,2.167,0.000,5.316,6.885,1.746,40.698
Colo9345_rep3_Dep6_Tu30,3.922,7.558,2.853,36.726,2.801,15.243,2.086,1.905,0.000,2.909,3.639,0.866,19.493
Colo9345_rep6_Dep6_Tu1,0.000,3.623,0.584,2.114,1.889,1.602,1.973,1.575,0.000,12.821,8.039,3.097,62.683
Colo9345_rep2_Dep6_Tu10,2.266,5.588,1.695,20.005,2.284,7.889,2.464,2.703,0.000,7.331,5.443,1.629,40.703
Colo9345_rep6_Dep6_Tu5,1.692,4.220,0.987,10.794,1.663,5.308,2.383,2.551,0.000,8.386,8.057,2.657,51.302
Colo9345_rep5_Dep6_Tu10,1.963,5.390,1.689,19.539,2.311,8.237,1.957,2.617,0.000,7.506,6.701,1.909,40.180
Colo9345_rep5_Dep6_Tu40,4.732,7.352,2.757,41.401,3.524,17.635,2.613,1.991,0.000,0.710,2.383,1.084,13.818
Colo9345_rep1_Dep6_Tu0.1,0.000,3.081,0.056,0.000,1.587,0.355,2.050,0.761,2.387,13.250,8.342,2.601,65.530
Colo9345_rep3_Dep6_Tu10,2.659,4.267,1.747,19.269,2.589,8.556,2.644,3.878,0.000,5.514,6.445,1.681,40.753
Colo9345_rep4_Dep6_Tu2,0.380,3.486,0.653,5.018,2.157,3.008,2.279,1.827,3.305,8.370,8.437,2.213,58.868
Colo9345_rep2_Dep6_Tu20,3.576,6.633,2.355,30.113,2.659,12.808,2.146,2.428,0.000,3.407,5.214,1.370,27.290
Colo9345_rep3_Dep6_Tu50,5.058,7.921,3.251,44.892,3.797,18.694,2.325,0.677,0.000,0.579,2.124,0.951,9.730
Colo9345_rep6_Dep6_Tu0.1,0.286,2.514,0.112,0.000,1.486,0.759,2.481,0.000,5.008,11.983,9.038,1.925,64.408
Colo9345_rep3_Dep6_Tu40,4.486,7.649,3.213,41.929,3.567,17.296,2.003,0.917,0.000,0.686,2.741,1.288,14.226
Colo9345_rep6_Dep6_Tu3,1.481,4.577,0.329,6.174,1.879,3.969,2.558,2.805,0.833,9.286,7.518,2.193,56.399
Colo9345_rep9_Dep6_Tu50,3.143,6.864,2.590,30.126,2.511,11.944,2.186,0.000,0.000,4.870,4.727,2.054,28.986
Colo9345_rep1_Dep6_Tu3,0.914,4.523,0.582,7.028,1.650,3.605,2.581,0.962,1.643,10.205,9.074,2.106,55.127
Colo9345_rep6_Dep6_Tu30,4.250,7.340,2.884,36.538,3.037,15.708,2.078,2.801,0.000,1.087,3.727,1.330,19.219
Colo9345_rep1_Dep6_Tu20,3.378,7.453,2.200,30.146,2.598,12.487,1.895,1.603,0.000,4.144,4.718,1.195,28.183
Colo9345_rep4_Dep6_Tu0.5,0.509,3.408,0.166,0.578,1.587,1.587,2.643,0.000,4.541,10.663,8.952,2.013,63.353
Colo9345_rep9_Dep6_Tu10,0.966,3.992,0.404,7.433,1.919,2.598,2.302,0.000,0.000,11.111,8.594,3.117,57.563
Colo9345_rep3_Dep6_Tu1,0.029,2.295,0.879,2.673,1.888,1.713,2.103,0.000,4.162,11.133,8.774,2.559,61.792
Colo9345_rep7_Dep6_Tu0.1,0.012,2.034,0.440,0.239,2.246,0.761,2.395,2.244,1.232,12.408,8.410,1.989,65.588
Colo9345_rep4_Dep6_Tu20,3.213,7.055,2.282,30.446,2.811,12.420,2.060,2.393,0.000,3.379,3.996,1.723,28.222
Colo9345_rep7_Dep6_Tu5,1.704,4.002,1.401,11.606,2.270,5.126,2.405,3.559,0.000,7.823,7.827,1.822,50.456
Colo9345_rep10_Dep6_Tu50,2.910,6.875,1.646,29.536,2.803,12.053,2.564,1.888,0.000,5.836,3.352,1.445,29.091
Colo9345_rep2_Dep6_Tu50,4.849,8.426,3.433,44.716,3.177,19.102,2.254,0.785,0.000,0.298,2.380,0.845,9.735
Colo9345_rep10_Dep6_Tu40,2.818,6.882,1.615,24.293,2.834,9.680,2.166,3.609,0.000,4.905,3.852,1.324,36.022
Colo9345_rep9_Dep6_Tu20,1.585,3.137,1.257,12.759,2.682,5.627,2.344,1.926,1.204,8.085,6.530,2.287,50.578
Colo9345_rep8_Dep6_Tu3,0.435,3.431,0.406,1.412,1.711,1.334,1.930,0.348,3.387,11.588,7.839,2.743,63.436
Colo9345_rep5_Dep6_Tu3,0.358,3.799,0.885,7.153,1.724,3.290,1.794,2.171,0.000,12.139,7.234,2.825,56.628
Colo9345_rep1_Dep6_Tu40,4.295,8.090,3.021,41.149,3.477,17.537,2.251,1.076,0.000,1.552,2.079,1.190,14.283
Colo9345_rep9_Dep6_Tu0.3,0.000,2.556,0.027,0.000,1.311,0.281,2.629,2.904,0.000,13.404,8.047,2.717,66.125
Colo9345_rep4_Dep6_Tu1,0.642,3.310,0.667,1.992,1.754,1.952,2.464,0.607,2.725,9.718,9.927,2.488,61.755
Colo9345_rep10_Dep6_Tu20,1.305,5.087,1.402,12.653,2.246,5.907,1.903,2.323,0.966,7.661,7.698,2.610,48.237
Colo9345_rep1_Dep6_Tu1,0.559,2.828,0.474,1.799,1.857,1.954,2.632,0.000,4.040,10.100,9.544,2.716,61.497
Colo9345_rep6_Dep6_Tu50,0.696,2.040,1.071,10.056,1.805,4.276,2.067,2.150,0.788,13.008,7.726,1.925,52.393
Colo9345_rep7_Dep6_Tu0.5,0.210,4.098,0.299,0.096,1.425,1.479,2.663,2.846,2.398,10.310,7.189,2.434,64.552
Colo9345_rep10_Dep6_Tu0.3,0.045,1.960,0.186,0.000,1.556,0.456,2.105,3.923,1.315,12.460,7.782,2.536,65.676
Colo9345_rep9_Dep6_Tu3,0.000,3.039,0.490,1.738,1.132,0.839,2.154,1.736,3.069,13.097,8.330,2.215,62.161
Colo9345_rep3_Dep6_Tu0.1,0.000,3.053,0.348,0.000,1.982,0.576,2.062,0.901,1.995,11.537,10.617,2.937,63.991
Colo9345_rep6_Dep6_Tu20,3.025,6.883,2.268,29.127,2.597,13.092,2.250,3.785,0.000,2.974,3.880,1.388,28.733
Colo9345_rep8_Dep6_Tu0.5,0.232,3.275,0.300,0.000,1.629,0.418,2.538,2.416,2.144,11.644,7.805,2.518,65.081
Colo9345_rep9_Dep6_Tu0.5,0.000,1.238,0.587,0.000,2.367,0.913,2.052,3.315,1.217,12.058,8.935,2.357,64.961
Colo9345_rep9_Dep6_Tu2,0.000,2.349,0.484,0.971,2.114,1.068,2.710,2.471,0.756,12.618,8.138,1.828,64.494
Colo9345_rep8_Dep6_Tu0.3,0.000,2.570,0.014,0.000,1.356,0.256,2.617,2.998,0.000,13.270,8.064,2.650,66.206
Colo9345_rep6_Dep6_Tu0.5,0.652,3.155,0.203,0.345,1.471,1.161,2.916,1.093,3.211,10.672,8.428,2.507,64.185
Colo9345_rep4_Dep6_Tu0.1,0.309,2.083,0.355,0.000,1.245,0.681,2.891,3.806,0.233,11.824,8.790,2.460,65.324
Colo9345_rep1_Dep6_Tu0.3,0.000,3.145,0.472,0.000,1.356,1.146,2.789,1.480,1.466,11.398,10.857,2.872,63.018
Colo9345_rep5_Dep6_Tu30,4.001,7.842,2.408,36.672,2.746,15.462,2.475,3.345,0.000,1.861,3.458,0.635,19.094
Colo9345_rep2_Dep6_Tu2,1.184,3.560,0.700,3.587,2.161,3.211,2.881,1.432,0.987,10.262,9.197,2.349,58.488
Colo9345_rep4_Dep6_Tu40,4.603,7.675,2.940,41.528,3.329,17.404,2.365,1.730,0.000,1.645,2.291,0.578,13.911
Colo9345_rep7_Dep6_Tu30,4.187,7.646,2.735,36.657,3.158,15.376,2.539,1.237,0.000,1.991,3.039,1.302,20.131
Colo9345_rep5_Dep6_Tu0.3,0.070,1.594,0.817,0.000,1.268,1.300,2.582,3.260,3.237,10.831,9.244,2.001,63.797
Colo9345_rep5_Dep6_Tu0.5,0.293,2.259,0.280,0.879,1.931,1.073,2.328,1.713,1.136,12.242,8.719,2.912,64.234
Colo9345_rep2_Dep6_Tu1,0.154,3.442,0.500,2.555,1.140,1.563,2.505,3.130,0.671,11.943,8.972,1.868,61.556
Colo9345_rep2_Dep6_Tu3,1.153,4.539,0.758,6.152,1.707,4.155,2.657,2.095,0.000,10.000,8.542,2.435,55.806
Colo9345_rep4_Dep6_Tu30,3.529,7.269,2.722,36.593,3.329,15.418,2.100,1.896,0.000,3.696,2.990,1.160,19.298
Colo9345_rep7_Dep6_Tu2,0.720,4.415,0.421,4.285,1.492,2.889,2.317,1.996,0.000,10.219,8.715,3.112,59.420
Colo9345_rep8_Dep6_Tu40,2.312,4.653,2.027,25.327,2.932,10.217,1.872,2.101,0.000,6.296,5.285,1.635,35.343
Colo9345_rep10_Dep6_Tu3,0.959,3.318,0.418,0.754,1.769,1.721,2.445,1.778,3.131,10.872,7.495,1.539,63.803
Colo9345_rep3_Dep6_Tu0.3,0.160,3.507,0.313,0.000,1.572,0.654,2.617,2.073,2.662,11.756,7.874,2.335,64.477
Colo9345_rep5_Dep6_Tu0.1,0.306,1.749,0.409,0.000,1.496,0.656,2.448,2.978,0.000,12.932,9.107,2.787,65.133
Colo9345_rep2_Dep6_Tu0.5,0.000,3.356,0.310,0.723,2.107,0.913,2.402,1.046,0.811,13.240,7.811,3.022,64.258
Colo9345_rep6_Dep6_Tu10,2.329,5.390,1.407,19.246,2.715,8.776,1.884,0.000,1.300,7.784,6.106,2.601,40.462
Colo9345_rep9_Dep6_Tu0.1,0.000,3.241,0.457,0.000,1.345,0.652,2.614,0.506,3.402,11.165,10.024,2.589,64.006
Colo9345_rep7_Dep6_Tu10,1.762,4.479,1.751,19.875,2.835,8.400,2.192,4.645,0.000,6.015,5.157,1.531,41.359
Colo9345_rep10_Dep6_Tu2,0.000,2.222,0.721,1.337,1.796,0.777,2.655,2.071,0.388,11.225,9.221,2.939,64.646
Colo9345_rep7_Dep6_Tu40,1.758,3.820,1.133,11.849,3.029,5.322,2.459,0.674,0.000,11.260,6.631,3.276,48.789
Colo9345_rep8_Dep6_Tu20,0.917,5.627,1.249,13.419,1.970,4.716,1.906,2.307,1.305,8.808,5.548,2.350,49.879
Colo9345_rep3_Dep6_Tu5,0.907,4.543,0.994,12.929,2.208,4.633,2.263,2.131,0.514,7.943,6.258,3.094,51.583
Colo9345_rep5_Dep6_Tu2,0.266,4.119,0.367,4.755,1.105,2.321,2.454,1.780,2.313,11.083,7.822,1.688,59.927
Colo9345_rep1_Dep6_Tu30,3.844,7.539,2.733,37.613,3.160,15.285,2.306,2.503,0.000,1.729,2.368,1.217,19.703
Colo9345_rep10_Dep6_Tu1,0.055,3.517,0.144,0.000,1.834,0.625,1.879,1.111,2.654,12.139,8.168,2.940,64.936
Colo9345_rep4_Dep6_Tu10,2.232,5.930,1.591,20.565,1.961,8.613,2.200,1.138,0.000,7.197,6.226,1.648,40.700
Colo9345_rep3_Dep6_Tu3,1.183,3.864,0.449,7.341,1.895,3.799,2.595,2.659,0.011,10.246,7.186,2.704,56.068
Colo9345_rep5_Dep6_Tu50,4.935,8.758,3.319,44.365,3.193,18.912,2.016,0.777,0.000,0.686,2.021,0.978,10.040
Colo9345_rep2_Dep6_Tu40,4.796,8.521,3.073,41.471,3.122,17.237,2.372,1.224,0.000,0.506,2.307,1.277,14.096
Colo9345_rep1_Dep6_Tu2,0.926,3.133,0.782,5.132,1.919,2.717,2.194,0.729,2.407,10.706,8.043,2.797,58.516
Colo9345_rep2_Dep6_Tu5,1.479,4.194,1.281,11.140,1.823,5.478,1.936,2.909,0.000,9.525,6.417,2.671,51.148
Colo9345_rep2_Dep6_Tu0.1,0.000,2.779,0.430,0.039,2.270,0.520,1.702,0.271,3.913,11.606,9.521,2.763,64.188
Colo9345_rep10_Dep6_Tu5,0.844,3.312,0.233,3.020,2.251,1.927,2.707,1.316,1.122,11.211,8.666,2.287,61.104
Colo9345_rep1_Dep6_Tu0.5,0.000,3.730,0.254,0.528,1.491,0.662,2.728,3.142,1.327,11.930,9.013,1.962,63.232
Colo9345_rep8_Dep6_Tu10,0.944,4.242,0.409,6.182,1.149,3.046,1.991,2.302,2.411,8.778,9.013,2.843,56.689
Colo9345_rep9_Dep6_Tu5,0.489,3.393,0.947,1.686,2.269,1.980,2.604,1.683,1.339,10.836,9.544,2.306,60.924
Colo9345_rep7_Dep6_Tu1,0.000,2.259,0.631,2.774,2.233,1.409,2.283,1.831,1.803,11.962,7.383,2.368,63.064
Colo9345_rep5_Dep6_Tu5,1.220,4.777,0.939,11.174,1.887,4.973,1.986,4.165,0.294,7.989,8.086,1.734,50.776
Colo9345_rep7_Dep6_Tu50,4.768,8.426,3.006,44.949,3.131,18.860,2.099,1.717,0.000,0.440,1.952,0.651,10.001
Colo9345_rep3_Dep6_Tu20,3.332,7.606,2.141,30.642,2.859,12.257,2.514,1.330,0.000,3.720,3.549,1.703,28.347
Colo9345_rep8_Dep6_Tu1,0.501,2.505,0.219,0.000,2.063,0.983,2.302,0.444,2.622,11.790,9.488,2.586,64.497
Colo9345_rep4_Dep6_Tu5,1.800,3.173,1.553,11.728,2.273,5.225,2.471,4.217,0.000,7.183,8.560,1.918,49.900
Colo9345_rep10_Dep6_Tu30,2.270,5.636,1.306,16.778,1.985,8.216,2.462,3.710,0.426,6.742,4.732,2.365,43.372
Colo9345_rep10_Dep6_Tu0.5,0.000,3.124,0.341,0.000,1.938,0.497,2.720,1.454,0.000,13.162,9.248,3.049,64.467
Colo9345_rep8_Dep6_Tu2,0.000,2.576,0.168,1.545,1.741,0.977,1.986,0.000,2.673,13.444,9.343,3.181,62.365
Colo9345_rep7_Dep6_Tu0.3,0.067,3.579,0.324,0.072,1.586,1.059,2.313,0.223,2.561,12.186,8.874,1.984,65.169
Colo9345_rep4_Dep6_Tu3,1.436,3.161,0.853,7.696,2.322,3.560,1.932,3.696,0.000,8.942,7.478,2.999,55.925
Colo9345_rep3_Dep6_Tu0.5,0.000,2.226,0.561,0.983,1.053,0.771,2.377,1.813,3.769,11.916,8.386,2.333,63.812
Colo9345_rep8_Dep6_Tu50,3.923,5.811,2.691,28.657,2.614,12.590,2.932,2.783,0.000,1.764,5.943,1.748,28.544
Colo9345_rep2_Dep6_Tu30,4.034,7.911,2.617,37.486,2.692,15.179,2.071,2.263,0.000,2.098,2.570,1.371,19.707
Colo9345_rep8_Dep6_Tu5,0.933,3.642,0.352,1.962,1.741,2.067,2.709,0.810,3.585,9.804,8.492,2.418,61.485
Colo9345_rep1_Dep6_Tu50,4.984,7.785,3.090,45.351,3.476,18.787,2.222,2.275,0.000,0.022,1.613,0.494,9.902
Colo9345_rep8_Dep6_Tu0.1,0.118,3.294,0.345,0.000,1.554,0.407,2.845,1.525,1.854,12.035,9.269,2.764,63.991
Colo9345_rep6_Dep6_Tu0.3,0.000,2.120,0.473,0.746,0.917,0.418,2.213,1.236,3.869,12.458,8.744,2.352,64.452
Colo9345_rep9_Dep6_Tu1,0.684,1.905,0.589,0.000,2.424,1.078,2.142,1.156,2.137,12.359,8.504,2.897,64.124
Colo9345_rep7_Dep6_Tu3,0.829,4.112,1.041,6.916,1.768,3.968,2.381,2.287,2.499,8.479,8.691,1.572,55.457
Colo9345_rep9_Dep6_Tu40,2.936,6.537,1.739,24.066,2.275,9.764,1.700,0.360,0.000,6.075,5.482,2.482,36.584
Colo9345_rep3_Dep6_Tu2,0.392,3.501,0.882,4.708,1.641,2.829,3.032,2.087,2.094,10.026,8.402,2.047,58.358
Colo9345_rep2_Dep6_Tu0.3,0.290,3.607,0.395,0.085,1.418,0.854,1.990,2.817,0.000,12.206,8.266,3.248,64.825
Colo9345_rep4_Dep6_Tu0.3,0.000,3.134,0.435,0.147,1.442,0.940,2.301,0.000,2.853,14.487,7.912,2.255,64.093
Colo9345_rep9_Dep6_Tu30,1.891,5.212,1.427,18.094,2.556,7.872,2.414,0.656,0.000,8.065,6.485,2.729,42.598
Colo9345_rep6_Dep6_Tu40,4.075,7.580,3.337,41.055,3.099,17.607,1.698,2.003,0.000,1.572,2.956,0.985,14.034
Colo9345_rep10_Dep6_Tu0.1,0.113,2.572,0.314,0.000,1.238,0.373,2.362,1.821,2.177,12.208,9.198,2.748,64.877
Colo9345_rep4_Dep6_Tu50,4.634,7.908,3.300,44.910,3.555,18.730,1.990,2.474,0.000,0.000,1.559,0.990,9.950
