Sample,BRCA,CEAD,CESC,COAD,OV,READ,bcell,cd4tcell,cd8tcell,erythroblast,monocyte,naturalkillercell,neutrophil
Colo_rep2_Dep6_Tu0.5,0.000,51.665,0.000,0.000,0.000,0.000,0.001,0.031,0.015,0.000,1.393,0.034,46.861
Colo_rep2_Dep6_Tu50,0.000,5.015,0.000,0.000,79.857,9.218,0.000,0.000,0.000,0.001,0.030,0.000,5.879
Colo_rep6_Dep6_Tu1,0.000,51.113,0.000,0.000,0.000,0.000,0.007,0.012,0.025,0.010,1.153,0.007,47.673
Colo_rep3_Dep6_Tu2,0.000,53.434,0.000,0.000,0.000,0.000,0.005,0.042,0.087,0.035,1.335,0.057,45.006
Colo_rep7_Dep6_Tu2,0.000,51.917,0.000,0.000,0.002,0.000,0.003,0.010,0.024,0.119,1.075,0.024,46.827
Colo_rep8_Dep6_Tu0.1,0.000,50.315,0.000,0.000,0.000,0.000,0.014,0.180,0.247,0.004,1.588,0.016,47.636
Colo_rep10_Dep6_Tu2,0.000,53.994,0.000,0.000,0.001,0.000,0.009,0.055,0.022,0.049,0.760,0.009,45.101
Colo_rep6_Dep6_Tu3,0.000,53.417,0.000,0.000,0.043,0.000,0.279,0.060,0.070,0.105,0.915,0.021,45.088
Colo_rep9_Dep6_Tu30,0.000,23.827,0.000,0.000,49.821,4.804,0.003,0.019,0.001,0.058,0.378,0.005,21.083
Colo_rep9_Dep6_Tu0.5,0.000,51.562,0.000,0.000,0.000,0.000,0.000,0.041,0.009,0.003,0.699,0.000,47.686
Colo_rep6_Dep6_Tu20,0.000,34.675,0.000,0.000,30.292,3.761,0.003,0.008,0.021,0.019,0.178,0.006,31.037
Colo_rep8_Dep6_Tu30,0.000,23.474,0.000,0.000,52.920,3.401,0.001,0.000,0.002,0.006,0.130,0.000,20.066
Colo_rep3_Dep6_Tu5,0.000,52.768,0.000,0.000,3.172,0.357,0.009,0.038,0.039,0.104,0.383,0.005,43.124
Colo_rep4_Dep6_Tu3,0.000,53.572,0.000,0.000,0.040,0.000,0.001,0.016,0.010,0.027,0.849,0.002,45.484
Colo_rep2_Dep6_Tu10,0.000,44.379,0.000,0.000,17.561,0.564,0.003,0.006,0.007,0.027,0.444,0.024,36.986
Colo_rep3_Dep6_Tu40,0.000,11.101,0.000,0.000,68.348,6.523,0.000,0.001,0.000,0.006,0.101,0.000,13.919
Colo_rep3_Dep6_Tu30,0.000,22.124,0.000,0.000,53.739,4.030,0.000,0.000,0.001,0.008,0.148,0.000,19.951
Colo_rep6_Dep6_Tu30,0.000,20.898,0.000,0.000,53.047,4.356,0.001,0.041,0.016,0.030,0.545,0.002,21.065
Colo_rep4_Dep6_Tu50,0.000,6.682,0.000,0.000,73.124,11.653,0.000,0.001,0.001,0.008,0.035,0.000,8.497
Colo_rep5_Dep6_Tu50,0.000,5.039,0.000,0.000,78.367,10.019,0.000,0.000,0.001,0.007,0.086,0.002,6.479
Colo_rep6_Dep6_Tu2,0.000,52.358,0.000,0.000,0.000,0.000,0.008,0.061,0.017,0.070,1.616,0.026,45.843
Colo_rep10_Dep6_Tu50,0.000,7.353,0.000,0.000,74.437,11.147,0.000,0.001,0.000,0.013,0.207,0.000,6.841
Colo_rep7_Dep6_Tu50,0.000,5.743,0.000,0.000,76.163,10.212,0.000,0.000,0.000,0.005,0.052,0.000,7.825
Colo_rep9_Dep6_Tu40,0.000,12.211,0.000,0.000,66.782,6.332,0.000,0.002,0.001,0.003,0.103,0.000,14.566
Colo_rep8_Dep6_Tu5,0.000,51.420,0.000,0.000,2.210,0.708,0.005,0.052,0.044,0.099,0.820,0.073,44.568
Colo_rep1_Dep6_Tu20,0.000,34.151,0.000,0.000,32.347,3.084,0.000,0.005,0.007,0.026,0.611,0.002,29.767
Colo_rep9_Dep6_Tu2,0.000,53.924,0.000,0.000,0.001,0.000,0.001,0.025,0.008,0.029,0.365,0.004,45.643
Colo_rep5_Dep6_Tu30,0.000,24.714,0.000,0.000,49.250,4.460,0.005,0.053,0.012,0.104,0.732,0.005,20.665
Colo_rep4_Dep6_Tu0.1,0.000,49.409,0.000,0.000,0.000,0.000,0.003,0.033,0.035,0.006,1.467,0.027,49.020
Colo_rep5_Dep6_Tu0.1,0.000,50.829,0.000,0.000,0.000,0.000,0.006,0.056,0.018,0.023,1.408,0.013,47.646
Colo_rep9_Dep6_Tu3,0.000,53.377,0.000,0.000,0.215,0.000,0.005,0.090,0.146,0.218,1.625,0.015,44.309
Colo_rep2_Dep6_Tu0.1,0.000,50.957,0.000,0.000,0.000,0.000,0.002,0.205,0.013,0.013,1.498,0.018,47.294
Colo_rep8_Dep6_Tu10,0.000,47.294,0.000,0.000,9.522,1.808,0.243,0.063,0.208,0.237,1.454,0.030,39.141
Colo_rep4_Dep6_Tu30,0.000,22.219,0.000,0.000,55.521,3.175,0.001,0.002,0.006,0.028,0.072,0.003,18.973
Colo_rep2_Dep6_Tu2,0.000,52.811,0.000,0.000,0.000,0.000,0.007,0.007,0.015,0.055,0.971,0.010,46.123
Colo_rep1_Dep6_Tu5,0.000,55.071,0.000,0.000,0.444,0.507,0.052,0.086,0.080,0.324,0.875,0.003,42.560
Colo_rep8_Dep6_Tu50,0.000,5.518,0.000,0.000,77.309,10.340,0.000,0.001,0.001,0.002,0.150,0.000,6.680
Colo_rep5_Dep6_Tu5,0.000,53.511,0.000,0.000,3.375,0.090,0.002,0.029,0.001,0.086,0.515,0.017,42.374
Colo_rep6_Dep6_Tu50,0.000,6.520,0.000,0.000,74.057,11.409,0.000,0.001,0.000,0.012,0.212,0.000,7.788
Colo_rep5_Dep6_Tu0.5,0.000,50.566,0.000,0.000,0.000,0.000,0.002,0.043,0.004,0.003,1.184,0.005,48.192
Colo_rep4_Dep6_Tu20,0.000,31.248,0.000,0.000,35.712,2.058,0.001,0.005,0.047,0.146,0.330,0.019,30.434
Colo_rep8_Dep6_Tu40,0.000,14.376,0.000,0.000,67.102,6.072,0.000,0.000,0.000,0.002,0.012,0.000,12.436
Colo_rep7_Dep6_Tu0.3,0.000,49.762,0.000,0.000,0.000,0.000,0.001,0.030,0.005,0.019,1.198,0.003,48.981
Colo_rep7_Dep6_Tu30,0.000,21.094,0.000,0.000,53.667,4.232,0.001,0.003,0.002,0.022,0.142,0.002,20.835
Colo_rep10_Dep6_Tu20,0.000,31.372,0.000,0.000,34.510,2.448,0.022,0.112,0.072,0.177,1.005,0.027,30.255
Colo_rep9_Dep6_Tu10,0.000,44.825,0.000,0.000,15.099,0.605,0.002,0.022,0.011,0.057,1.059,0.015,38.305
Colo_rep9_Dep6_Tu0.1,0.000,50.936,0.000,0.000,0.000,0.000,0.001,0.145,0.093,0.013,1.752,0.023,47.038
Colo_rep10_Dep6_Tu0.3,0.000,50.047,0.000,0.000,0.000,0.000,0.003,0.101,0.096,0.033,1.770,0.001,47.949
Colo_rep8_Dep6_Tu20,0.000,32.842,0.000,0.000,35.251,2.208,0.000,0.012,0.007,0.063,0.226,0.014,29.377
Colo_rep3_Dep6_Tu3,0.000,53.929,0.000,0.000,0.128,0.000,0.009,0.152,0.155,0.494,0.962,0.035,44.136
Colo_rep4_Dep6_Tu2,0.000,52.989,0.000,0.000,0.001,0.000,0.006,0.039,0.018,0.016,1.054,0.002,45.875
Colo_rep10_Dep6_Tu0.1,0.000,50.201,0.000,0.000,0.000,0.000,0.010,0.123,0.108,0.025,2.388,0.013,47.132
Colo_rep4_Dep6_Tu0.3,0.000,51.379,0.000,0.000,0.000,0.000,0.008,0.062,0.074,0.029,1.062,0.029,47.357
Colo_rep9_Dep6_Tu0.3,0.000,50.277,0.000,0.000,0.000,0.000,0.004,0.042,0.027,0.016,1.551,0.059,48.023
Colo_rep1_Dep6_Tu10,0.000,47.258,0.000,0.000,13.303,1.021,0.019,0.062,0.007,0.114,0.840,0.028,37.348
Colo_rep6_Dep6_Tu0.3,0.000,50.047,0.000,0.000,0.000,0.000,0.002,0.222,0.005,0.004,2.246,0.002,47.472
Colo_rep6_Dep6_Tu0.5,0.000,50.494,0.000,0.000,0.000,0.000,0.005,0.076,0.059,0.053,1.367,0.006,47.939
Colo_rep10_Dep6_Tu10,0.000,45.823,0.000,0.000,15.186,0.545,0.005,0.127,0.005,0.104,0.683,0.025,37.497
Colo_rep10_Dep6_Tu1,0.000,51.059,0.000,0.000,0.000,0.000,0.004,0.073,0.056,0.068,2.012,0.101,46.627
Colo_rep10_Dep6_Tu5,0.000,51.788,0.000,0.000,5.393,0.073,0.009,0.059,0.069,0.224,0.677,0.005,41.703
Colo_rep10_Dep6_Tu40,0.000,13.599,0.000,0.000,66.057,7.047,0.000,0.001,0.001,0.002,0.113,0.001,13.178
Colo_rep10_Dep6_Tu0.5,0.000,51.670,0.000,0.000,0.000,0.000,0.001,0.045,0.029,0.016,1.148,0.015,47.075
Colo_rep1_Dep6_Tu1,0.000,50.541,0.000,0.000,0.000,0.000,0.012,0.090,0.045,0.121,2.108,0.167,46.916
Colo_rep7_Dep6_Tu20,0.000,34.396,0.000,0.000,34.923,1.993,0.001,0.002,0.004,0.025,0.213,0.000,28.443
Colo_rep6_Dep6_Tu10,0.000,46.147,0.000,0.000,14.311,0.964,0.000,0.003,0.000,0.014,0.379,0.002,38.180
Colo_rep10_Dep6_Tu3,0.000,53.674,0.000,0.000,0.187,0.000,0.000,0.061,0.009,0.029,0.934,0.011,45.095
Colo_rep1_Dep6_Tu30,0.000,19.699,0.000,0.000,55.832,3.649,0.000,0.001,0.002,0.006,0.077,0.004,20.730
Colo_rep1_Dep6_Tu0.1,0.000,49.108,0.000,0.000,0.000,0.000,0.046,0.072,0.016,0.008,1.509,0.025,49.216
Colo_rep7_Dep6_Tu5,0.001,52.013,0.000,0.019,4.124,0.185,0.037,0.038,0.006,0.049,1.131,0.017,42.380
Colo_rep7_Dep6_Tu0.1,0.000,50.054,0.000,0.000,0.000,0.000,0.000,0.066,0.016,0.005,0.918,0.001,48.941
Colo_rep6_Dep6_Tu40,0.000,14.768,0.000,0.000,65.836,6.712,0.000,0.001,0.000,0.009,0.118,0.000,12.557
Colo_rep8_Dep6_Tu2,0.000,52.226,0.000,0.000,0.007,0.000,0.005,0.081,0.006,0.001,1.665,0.087,45.923
Colo_rep7_Dep6_Tu0.5,0.000,50.887,0.000,0.000,0.000,0.000,0.003,0.156,0.038,0.019,0.774,0.006,48.118
Colo_rep5_Dep6_Tu20,0.000,33.854,0.000,0.000,31.351,3.159,0.001,0.015,0.007,0.255,1.425,0.109,29.825
Colo_rep8_Dep6_Tu0.3,0.000,50.253,0.000,0.000,0.000,0.000,0.005,0.062,0.034,0.026,1.584,0.029,48.007
Colo_rep4_Dep6_Tu5,0.000,52.323,0.000,0.000,2.292,0.410,0.002,0.054,0.036,0.192,1.719,0.015,42.957
Colo_rep9_Dep6_Tu1,0.000,51.310,0.000,0.000,0.000,0.000,0.044,0.106,0.032,0.122,1.522,0.006,46.857
Colo_rep1_Dep6_Tu0.5,0.000,50.745,0.000,0.000,0.000,0.000,0.004,0.177,0.037,0.045,1.644,0.006,47.343
Colo_rep8_Dep6_Tu3,0.000,52.417,0.000,0.000,0.601,0.000,0.006,0.071,0.016,0.266,0.570,0.014,46.038
Colo_rep5_Dep6_Tu0.3,0.000,50.666,0.000,0.000,0.000,0.000,0.000,0.147,0.073,0.008,2.187,0.011,46.907
Colo_rep2_Dep6_Tu30,0.000,22.708,0.000,0.000,49.885,5.417,0.000,0.017,0.005,0.017,0.237,0.002,21.710
Colo_rep7_Dep6_Tu10,0.000,45.847,0.000,0.000,15.737,0.551,0.001,0.007,0.002,0.022,0.311,0.000,37.523
Colo_rep2_Dep6_Tu40,0.000,12.797,0.000,0.000,63.269,8.242,0.004,0.004,0.003,0.012,0.549,0.005,15.115
Colo_rep3_Dep6_Tu0.1,0.000,50.072,0.000,0.000,0.000,0.000,0.002,0.089,0.018,0.010,1.899,0.002,47.909
Colo_rep3_Dep6_Tu1,0.000,50.998,0.000,0.000,0.000,0.000,0.002,0.014,0.008,0.006,1.477,0.009,47.485
Colo_rep8_Dep6_Tu1,0.000,50.808,0.000,0.000,0.000,0.000,0.001,0.031,0.019,0.015,1.233,0.013,47.880
Colo_rep4_Dep6_Tu1,0.000,50.932,0.000,0.000,0.000,0.000,0.003,0.023,0.112,0.036,1.703,0.004,47.187
Colo_rep5_Dep6_Tu40,0.000,12.646,0.000,0.000,65.497,7.719,0.000,0.006,0.002,0.000,0.252,0.003,13.875
Colo_rep5_Dep6_Tu10,0.000,42.856,0.000,0.000,17.500,0.217,0.002,0.002,0.015,0.095,1.182,0.008,38.122
Colo_rep2_Dep6_Tu0.3,0.000,49.329,0.000,0.000,0.000,0.000,0.001,0.049,0.045,0.047,0.908,0.006,49.615
Colo_rep10_Dep6_Tu30,0.000,18.523,0.000,0.000,57.368,3.414,0.000,0.000,0.001,0.005,0.043,0.000,20.645
Colo_rep1_Dep6_Tu40,0.000,11.230,0.000,0.000,67.874,6.915,0.000,0.000,0.001,0.007,0.030,0.000,13.943
Colo_rep6_Dep6_Tu0.1,0.000,49.928,0.000,0.000,0.000,0.000,0.013,0.204,0.093,0.034,1.728,0.003,47.997
Colo_rep7_Dep6_Tu40,0.000,10.977,0.000,0.000,68.087,6.889,0.001,0.001,0.001,0.001,0.065,0.002,13.976
Colo_rep1_Dep6_Tu50,0.000,4.315,0.000,0.000,78.408,10.558,0.000,0.002,0.002,0.006,0.047,0.001,6.662
Colo_rep1_Dep6_Tu0.3,0.000,51.010,0.000,0.000,0.000,0.000,0.001,0.045,0.025,0.006,2.423,0.018,46.472
Colo_rep9_Dep6_Tu20,0.000,34.077,0.000,0.000,34.627,2.064,0.000,0.005,0.006,0.057,0.252,0.012,28.901
Colo_rep4_Dep6_Tu10,0.000,45.999,0.000,0.000,15.659,0.298,0.000,0.002,0.001,0.054,0.353,0.000,37.634
Colo_rep6_Dep6_Tu5,0.000,51.928,0.000,0.000,3.191,0.238,0.003,0.027,0.009,0.276,0.948,0.025,43.356
Colo_rep9_Dep6_Tu5,0.000,54.067,0.000,0.000,3.259,0.080,0.008,0.017,0.006,0.148,0.812,0.008,41.594
Colo_rep3_Dep6_Tu50,0.000,7.448,0.000,0.000,74.403,10.775,0.000,0.000,0.000,0.002,0.122,0.000,7.248
Colo_rep5_Dep6_Tu1,0.000,53.037,0.000,0.000,0.000,0.000,0.001,0.026,0.014,0.009,1.369,0.003,45.541
Colo_rep5_Dep6_Tu3,0.000,53.556,0.000,0.000,0.164,0.000,0.003,0.010,0.001,0.127,0.614,0.005,45.519
Colo_rep2_Dep6_Tu1,0.000,50.099,0.000,0.000,0.000,0.000,0.000,0.076,0.030,0.018,1.877,0.009,47.891
Colo_rep7_Dep6_Tu1,0.000,51.790,0.000,0.000,0.000,0.000,0.001,0.021,0.007,0.017,0.865,0.005,47.294
Colo_rep5_Dep6_Tu2,0.000,51.940,0.000,0.000,0.001,0.000,0.001,0.122,0.070,0.024,0.910,0.007,46.925
Colo_rep4_Dep6_Tu40,0.000,12.390,0.000,0.000,68.662,6.369,0.000,0.001,0.000,0.024,0.076,0.000,12.477
Colo_rep2_Dep6_Tu20,0.000,33.363,0.000,0.000,35.208,1.997,0.006,0.022,0.016,0.062,0.363,0.020,28.944
Colo_rep4_Dep6_Tu0.5,0.000,50.409,0.000,0.000,0.000,0.000,0.000,0.084,0.035,0.036,1.548,0.006,47.882
Colo_rep2_Dep6_Tu5,0.000,53.101,0.000,0.000,1.880,0.062,0.001,0.058,0.036,0.188,0.337,0.012,44.326
Colo_rep2_Dep6_Tu3,0.000,54.165,0.000,0.000,0.198,0.000,0.000,0.014,0.000,0.129,1.303,0.024,44.166
Colo_rep3_Dep6_Tu10,0.000,42.130,0.000,0.000,18.272,0.488,0.094,0.005,0.002,0.034,0.685,0.017,38.274
Colo_rep8_Dep6_Tu0.5,0.000,50.796,0.000,0.000,0.000,0.000,0.011,0.257,0.093,0.010,1.098,0.046,47.689
Colo_rep7_Dep6_Tu3,0.000,54.875,0.000,0.000,0.104,0.000,0.001,0.031,0.067,0.042,0.981,0.005,43.894
Colo_rep3_Dep6_Tu0.5,0.000,50.500,0.000,0.000,0.000,0.000,0.001,0.066,0.056,0.024,2.241,0.007,47.106
Colo_rep3_Dep6_Tu20,0.000,32.141,0.000,0.000,37.730,1.512,0.001,0.000,0.001,0.019,0.148,0.000,28.447
Colo_rep1_Dep6_Tu2,0.000,53.449,0.000,0.000,0.002,0.000,0.005,0.050,0.028,0.213,1.126,0.010,45.116
Colo_rep9_Dep6_Tu50,0.000,5.198,0.000,0.000,78.276,10.482,0.000,0.000,0.000,0.001,0.010,0.000,6.032
Colo_rep3_Dep6_Tu0.3,0.000,50.754,0.000,0.000,0.000,0.000,0.008,0.119,0.131,0.019,1.024,0.034,47.911
Colo_rep1_Dep6_Tu3,0.000,53.170,0.000,0.000,0.030,0.000,0.030,0.041,0.054,0.051,1.724,0.031,44.868
