Sample,BRCA,CEAD,CESC,COAD,OV,READ,bcell,cd4tcell,cd8tcell,erythroblast,monocyte,naturalkillercell,neutrophil,Unknown-1
Colo_rep2_Dep6_Tu0.5,0.000,0.000,0.000,0.000,32.513,0.000,0.000,0.000,0.000,0.000,0.000,0.000,66.833,0.653
Colo_rep2_Dep6_Tu50,0.109,0.000,0.000,50.895,27.828,0.103,0.000,0.000,0.000,0.000,0.000,0.000,20.573,0.492
Colo_rep6_Dep6_Tu1,0.000,0.000,0.000,0.000,29.438,0.000,0.000,0.000,0.000,0.000,0.000,0.000,66.178,4.383
Colo_rep3_Dep6_Tu2,0.000,0.000,0.000,0.000,32.061,0.000,0.000,0.000,0.000,0.000,0.000,0.000,62.035,5.903
Colo_rep7_Dep6_Tu2,0.000,0.000,0.000,0.000,35.835,0.000,0.000,0.000,0.000,0.000,0.000,0.000,61.250,2.914
Colo_rep8_Dep6_Tu0.1,0.000,0.000,0.000,0.000,23.536,0.000,0.000,0.000,0.000,0.000,0.000,0.000,58.777,17.687
Colo_rep10_Dep6_Tu2,0.000,0.000,0.000,0.000,34.279,0.000,0.000,0.000,0.000,0.000,0.000,0.000,65.155,0.564
Colo_rep6_Dep6_Tu3,0.000,0.000,0.000,0.000,33.863,0.000,0.625,0.000,0.000,0.000,0.000,0.000,61.365,4.146
Colo_rep9_Dep6_Tu30,0.000,0.000,0.000,34.116,22.330,0.000,0.000,0.000,0.000,0.000,0.000,0.000,31.498,12.056
Colo_rep9_Dep6_Tu0.5,0.000,0.000,0.000,0.000,31.043,0.000,0.000,0.000,0.000,0.000,0.000,0.000,68.525,0.431
Colo_rep6_Dep6_Tu20,0.000,0.000,0.000,18.184,37.160,0.000,0.000,0.000,0.000,0.000,0.000,0.000,43.432,1.223
Colo_rep8_Dep6_Tu30,0.000,0.000,0.000,31.387,32.551,0.220,0.000,0.000,0.000,0.000,0.000,0.000,35.437,0.405
Colo_rep3_Dep6_Tu5,0.000,0.000,0.000,0.000,33.710,0.000,0.000,0.000,0.000,0.000,0.000,0.000,64.483,1.805
Colo_rep4_Dep6_Tu3,0.000,0.000,0.000,0.000,23.871,0.000,0.000,0.000,0.000,0.000,0.000,0.000,62.011,14.118
Colo_rep2_Dep6_Tu10,0.000,0.000,0.000,10.081,34.580,0.000,0.000,0.000,0.000,0.000,0.000,0.000,54.764,0.574
Colo_rep3_Dep6_Tu40,0.000,0.000,0.000,40.171,19.188,8.183,0.000,0.000,0.000,0.000,0.000,0.000,23.706,8.752
Colo_rep3_Dep6_Tu30,0.000,0.000,0.000,34.901,29.643,0.000,0.000,0.000,0.000,0.000,0.000,0.000,34.439,1.016
Colo_rep6_Dep6_Tu30,0.000,0.000,0.000,33.321,22.083,0.000,0.000,0.000,0.000,0.000,0.000,0.000,29.783,14.812
Colo_rep4_Dep6_Tu50,0.001,0.000,0.000,44.152,23.803,5.355,0.000,0.000,0.000,0.000,0.000,0.000,15.966,10.722
Colo_rep5_Dep6_Tu50,0.000,0.000,0.000,34.170,22.941,26.314,0.000,0.000,0.000,0.000,0.000,0.000,16.237,0.337
Colo_rep6_Dep6_Tu2,0.000,0.000,0.000,0.000,21.293,0.000,0.000,0.000,0.000,0.000,0.000,0.000,59.646,19.060
Colo_rep10_Dep6_Tu50,0.000,0.000,0.000,36.995,19.345,17.735,0.000,0.000,0.000,0.000,0.000,0.000,14.120,11.805
Colo_rep7_Dep6_Tu50,0.000,0.000,0.000,47.368,31.237,0.050,0.000,0.000,0.000,0.000,0.000,0.000,18.125,3.220
Colo_rep9_Dep6_Tu40,0.010,0.000,0.000,43.382,21.993,0.000,0.000,0.000,0.000,0.000,0.000,0.000,24.510,10.105
Colo_rep8_Dep6_Tu5,0.000,0.000,0.000,0.000,23.897,0.000,0.000,0.000,0.000,0.000,0.000,0.000,57.256,18.847
Colo_rep1_Dep6_Tu20,0.000,0.000,0.000,21.583,21.391,0.000,0.000,0.000,0.000,0.000,0.000,0.000,39.738,17.287
Colo_rep9_Dep6_Tu2,0.000,0.000,0.000,0.000,31.310,0.000,0.000,0.000,0.000,0.000,0.000,0.000,67.043,1.646
Colo_rep5_Dep6_Tu30,0.000,0.000,0.000,27.764,36.379,0.000,0.000,0.000,0.000,0.000,0.000,0.000,33.055,2.801
Colo_rep4_Dep6_Tu0.1,0.000,0.000,0.000,0.000,32.212,0.000,0.000,0.000,0.000,0.000,0.000,0.011,63.286,4.491
Colo_rep5_Dep6_Tu0.1,0.000,0.000,0.000,0.000,32.557,0.000,0.000,0.000,0.000,0.000,0.000,0.000,66.587,0.856
Colo_rep9_Dep6_Tu3,0.000,0.000,0.000,0.000,21.483,0.000,0.000,0.000,0.000,0.000,0.000,0.000,63.152,15.365
Colo_rep2_Dep6_Tu0.1,0.000,0.000,0.000,0.000,22.143,0.000,0.000,0.000,0.000,0.000,0.000,0.000,62.775,15.081
Colo_rep8_Dep6_Tu10,0.000,0.000,0.000,6.345,26.996,0.000,0.000,0.000,0.000,0.000,0.000,0.000,50.056,16.602
Colo_rep4_Dep6_Tu30,0.000,0.000,0.000,32.713,32.920,0.589,0.000,0.000,0.000,0.000,0.000,0.000,33.522,0.255
Colo_rep2_Dep6_Tu2,0.000,0.000,0.000,0.000,34.432,0.000,0.000,0.000,0.000,0.000,0.000,0.000,61.809,3.759
Colo_rep1_Dep6_Tu5,0.000,0.000,0.000,0.000,36.893,0.000,0.000,0.000,0.000,0.000,0.000,0.000,60.267,2.839
Colo_rep8_Dep6_Tu50,0.000,0.000,0.000,49.747,20.493,0.600,0.000,0.000,0.000,0.000,0.000,0.000,16.644,12.515
Colo_rep5_Dep6_Tu5,0.000,0.000,0.000,0.000,25.047,0.000,0.000,0.000,0.000,0.000,0.000,0.000,55.585,19.368
Colo_rep6_Dep6_Tu50,0.000,0.000,0.000,44.622,18.272,8.806,0.000,0.000,0.000,0.000,0.000,0.000,15.754,12.545
Colo_rep5_Dep6_Tu0.5,0.000,0.000,0.000,0.000,31.218,0.000,0.000,0.000,0.000,0.000,0.000,0.000,68.127,0.654
Colo_rep4_Dep6_Tu20,0.000,0.000,0.000,21.392,26.511,0.000,0.000,0.000,0.000,0.000,0.000,0.000,40.092,12.005
Colo_rep8_Dep6_Tu40,0.000,0.000,0.000,42.689,29.669,0.123,0.000,0.000,0.000,0.000,0.000,0.000,27.075,0.443
Colo_rep7_Dep6_Tu0.3,0.000,0.000,0.000,0.000,29.881,0.000,0.000,0.000,0.000,0.000,0.000,0.000,68.445,1.674
Colo_rep7_Dep6_Tu30,0.000,0.000,0.000,35.505,29.914,0.000,0.000,0.000,0.000,0.000,0.000,0.000,34.301,0.279
Colo_rep10_Dep6_Tu20,0.000,0.000,0.000,17.987,26.705,0.000,0.000,0.000,0.000,0.000,0.000,0.000,39.448,15.860
Colo_rep9_Dep6_Tu10,0.000,0.000,0.000,12.565,20.962,0.000,0.000,0.000,0.000,0.000,0.000,0.000,51.955,14.517
Colo_rep9_Dep6_Tu0.1,0.000,0.000,0.000,0.000,21.523,0.000,0.000,0.000,0.000,0.000,0.000,0.000,57.877,20.599
Colo_rep10_Dep6_Tu0.3,0.000,0.000,0.000,0.000,20.789,0.000,0.000,0.000,0.000,0.000,0.000,0.000,60.083,19.127
Colo_rep8_Dep6_Tu20,0.000,0.000,0.000,25.411,22.314,0.000,0.000,0.000,0.000,0.000,0.000,0.000,40.984,11.291
Colo_rep3_Dep6_Tu3,0.000,0.000,0.000,0.000,33.038,0.000,0.000,0.000,0.000,0.000,0.000,0.000,62.756,4.205
Colo_rep4_Dep6_Tu2,0.000,0.000,0.000,0.000,22.505,0.000,0.000,0.000,0.000,0.000,0.000,0.000,63.088,14.407
Colo_rep10_Dep6_Tu0.1,0.000,0.000,0.000,0.000,22.155,0.000,0.000,0.000,0.000,0.000,0.000,0.000,57.943,19.901
Colo_rep4_Dep6_Tu0.3,0.000,0.000,0.000,0.000,28.024,0.000,0.000,0.000,0.000,0.000,0.000,0.000,65.772,6.203
Colo_rep9_Dep6_Tu0.3,0.000,0.000,0.000,0.000,31.767,0.000,0.000,0.000,0.000,0.000,0.000,0.250,67.363,0.619
Colo_rep1_Dep6_Tu10,0.000,0.000,0.000,7.516,23.401,0.000,0.000,0.000,0.000,0.000,0.000,0.000,49.468,19.614
Colo_rep6_Dep6_Tu0.3,0.000,0.000,0.000,0.000,20.337,0.000,0.000,0.000,0.000,0.000,0.000,0.000,63.941,15.721
Colo_rep6_Dep6_Tu0.5,0.000,0.000,0.000,0.000,22.902,0.000,0.000,0.000,0.000,0.000,0.000,0.000,57.710,19.387
Colo_rep10_Dep6_Tu10,0.000,0.000,0.000,7.268,26.143,0.000,0.000,0.000,0.000,0.000,0.000,0.000,49.531,17.057
Colo_rep10_Dep6_Tu1,0.000,0.000,0.000,0.000,22.779,0.000,0.000,0.000,0.000,0.000,0.000,0.000,57.478,19.742
Colo_rep10_Dep6_Tu5,0.000,0.000,0.000,0.000,25.773,0.000,0.000,0.000,0.000,0.000,0.000,0.000,59.788,14.438
Colo_rep10_Dep6_Tu40,0.000,0.000,0.000,41.856,31.731,0.219,0.000,0.000,0.000,0.000,0.000,0.000,25.669,0.526
Colo_rep10_Dep6_Tu0.5,0.000,0.000,0.000,0.000,21.135,0.000,0.000,0.000,0.000,0.000,0.000,0.000,58.364,20.500
Colo_rep1_Dep6_Tu1,0.000,0.000,0.000,0.000,23.169,0.000,0.000,0.000,0.000,0.000,0.000,0.000,57.464,19.366
Colo_rep7_Dep6_Tu20,0.000,0.000,0.000,24.511,30.244,0.000,0.000,0.000,0.000,0.000,0.000,0.000,44.904,0.340
Colo_rep6_Dep6_Tu10,0.000,0.000,0.000,10.828,22.617,0.000,0.000,0.000,0.000,0.000,0.000,0.000,53.228,13.326
Colo_rep10_Dep6_Tu3,0.000,0.000,0.000,0.000,34.133,0.000,0.000,0.000,0.000,0.000,0.000,0.000,65.276,0.590
Colo_rep1_Dep6_Tu30,0.000,0.000,0.000,33.546,30.799,1.591,0.000,0.000,0.000,0.000,0.000,0.000,33.750,0.313
Colo_rep1_Dep6_Tu0.1,0.000,0.000,0.000,0.000,30.971,0.000,0.000,0.000,0.000,0.000,0.000,0.000,68.411,0.618
Colo_rep7_Dep6_Tu5,0.000,0.000,0.000,0.000,34.330,0.000,0.000,0.000,0.000,0.000,0.000,0.000,60.442,5.226
Colo_rep7_Dep6_Tu0.1,0.000,0.000,0.000,0.000,31.139,0.000,0.000,0.000,0.000,0.000,0.000,0.000,68.364,0.496
Colo_rep6_Dep6_Tu40,0.000,0.000,0.000,41.693,31.432,0.000,0.000,0.000,0.000,0.000,0.000,0.000,25.740,1.135
Colo_rep8_Dep6_Tu2,0.000,0.000,0.000,0.000,21.348,0.000,0.000,0.000,0.000,0.000,0.000,0.000,62.349,16.302
Colo_rep7_Dep6_Tu0.5,0.000,0.000,0.000,0.000,34.588,0.000,0.000,0.000,0.000,0.000,0.000,0.000,63.318,2.093
Colo_rep5_Dep6_Tu20,0.000,0.000,0.000,18.410,24.475,0.000,0.000,0.000,0.000,0.000,0.000,0.000,38.959,18.156
Colo_rep8_Dep6_Tu0.3,0.000,0.000,0.000,0.000,31.767,0.000,0.000,0.000,0.000,0.000,0.000,0.269,67.357,0.607
Colo_rep4_Dep6_Tu5,0.000,0.000,0.000,0.000,24.462,0.000,0.000,0.000,0.000,0.000,0.000,0.000,55.754,19.783
Colo_rep9_Dep6_Tu1,0.000,0.000,0.000,0.000,33.339,0.000,0.000,0.000,0.000,0.000,0.000,0.000,65.772,0.889
Colo_rep1_Dep6_Tu0.5,0.000,0.000,0.000,0.000,32.133,0.000,0.000,0.000,0.000,0.000,0.000,0.000,62.671,5.196
Colo_rep8_Dep6_Tu3,0.000,0.000,0.000,0.000,24.480,0.000,0.000,0.000,0.000,0.000,0.000,0.000,62.567,12.953
Colo_rep5_Dep6_Tu0.3,0.000,0.000,0.000,0.000,21.756,0.000,0.000,0.000,0.000,0.000,0.000,0.000,58.402,19.841
Colo_rep2_Dep6_Tu30,0.000,0.000,0.000,33.412,32.140,0.000,0.000,0.000,0.000,0.000,0.000,0.000,34.165,0.282
Colo_rep7_Dep6_Tu10,0.000,0.000,0.000,12.668,29.817,0.000,0.000,0.000,0.000,0.000,0.000,0.000,57.062,0.452
Colo_rep2_Dep6_Tu40,0.000,0.000,0.000,39.158,22.910,0.000,0.000,0.000,0.000,0.000,0.000,0.000,23.617,14.315
Colo_rep3_Dep6_Tu0.1,0.000,0.000,0.000,0.000,20.280,0.000,0.000,0.000,0.000,0.000,0.000,0.000,63.948,15.770
Colo_rep3_Dep6_Tu1,0.000,0.000,0.000,0.000,20.329,0.000,0.000,0.000,0.000,0.000,0.000,0.000,64.317,15.353
Colo_rep8_Dep6_Tu1,0.000,0.000,0.000,0.000,21.436,0.000,0.000,0.000,0.000,0.000,0.000,0.000,63.347,15.217
Colo_rep4_Dep6_Tu1,0.000,0.000,0.000,0.000,21.481,0.000,0.000,0.000,0.000,0.000,0.000,0.000,58.055,20.463
Colo_rep5_Dep6_Tu40,0.000,0.000,0.000,39.186,28.841,0.000,0.000,0.000,0.000,0.000,0.000,0.000,23.487,8.486
Colo_rep5_Dep6_Tu10,0.000,0.000,0.000,12.356,21.320,0.000,0.000,0.000,0.000,0.000,0.000,0.000,53.314,13.009
Colo_rep2_Dep6_Tu0.3,0.000,0.000,0.000,0.000,22.695,0.000,0.000,0.000,0.000,0.000,0.000,0.000,63.417,13.887
Colo_rep10_Dep6_Tu30,0.028,0.000,0.000,37.106,28.348,0.000,0.000,0.000,0.000,0.000,0.000,0.000,34.281,0.236
Colo_rep1_Dep6_Tu40,0.000,0.000,0.000,43.588,24.349,0.422,0.000,0.000,0.000,0.000,0.000,0.000,25.119,6.522
Colo_rep6_Dep6_Tu0.1,0.000,0.000,0.000,0.000,32.922,0.000,0.000,0.000,0.000,0.000,0.000,0.000,62.601,4.476
Colo_rep7_Dep6_Tu40,0.000,0.000,0.000,44.600,20.613,0.421,0.000,0.000,0.000,0.000,0.000,0.000,24.580,9.785
Colo_rep1_Dep6_Tu50,0.026,0.000,0.000,43.792,18.907,12.266,0.000,0.000,0.000,0.000,0.000,0.000,16.147,8.862
Colo_rep1_Dep6_Tu0.3,0.000,0.000,0.000,0.000,31.461,0.000,0.000,0.000,0.000,0.000,0.000,0.000,62.633,5.905
Colo_rep9_Dep6_Tu20,0.000,0.000,0.000,18.867,37.014,0.000,0.000,0.000,0.000,0.000,0.000,0.000,42.925,1.193
Colo_rep4_Dep6_Tu10,0.000,0.000,0.000,13.050,29.565,0.000,0.000,0.000,0.000,0.000,0.000,0.000,56.363,1.021
Colo_rep6_Dep6_Tu5,0.000,0.000,0.000,0.000,37.387,0.000,0.000,0.000,0.000,0.000,0.000,0.000,60.344,2.268
Colo_rep9_Dep6_Tu5,0.000,0.000,0.000,0.000,27.202,0.000,0.000,0.000,0.000,0.000,0.000,0.000,58.771,14.026
Colo_rep3_Dep6_Tu50,0.000,0.000,0.000,46.307,32.364,0.000,0.000,0.000,0.000,0.000,0.000,0.000,18.482,2.847
Colo_rep5_Dep6_Tu1,0.000,0.000,0.000,0.000,25.799,0.000,0.000,0.000,0.000,0.000,0.000,0.000,60.360,13.840
Colo_rep5_Dep6_Tu3,0.000,0.000,0.000,0.000,31.937,0.000,0.000,0.000,0.000,0.000,0.000,0.000,67.624,0.439
Colo_rep2_Dep6_Tu1,0.000,0.000,0.000,0.000,28.816,0.000,0.000,0.000,0.000,0.000,0.000,0.000,64.954,6.229
Colo_rep7_Dep6_Tu1,0.000,0.000,0.000,0.000,31.523,0.000,0.000,0.000,0.000,0.000,0.000,0.000,67.693,0.783
Colo_rep5_Dep6_Tu2,0.000,0.000,0.000,0.000,20.992,0.000,0.000,0.000,0.000,0.000,0.000,0.000,59.337,19.671
Colo_rep4_Dep6_Tu40,0.000,0.000,0.000,43.655,29.364,0.010,0.000,0.000,0.000,0.000,0.000,0.000,26.155,0.816
Colo_rep2_Dep6_Tu20,0.000,0.000,0.000,18.226,36.736,0.000,0.000,0.000,0.000,0.000,0.000,0.000,43.884,1.153
Colo_rep4_Dep6_Tu0.5,0.000,0.000,0.000,0.000,21.035,0.000,0.000,0.000,0.000,0.000,0.000,0.000,58.677,20.287
Colo_rep2_Dep6_Tu5,0.000,0.000,0.000,0.000,25.228,0.000,0.000,0.000,0.000,0.000,0.000,0.000,61.387,13.385
Colo_rep2_Dep6_Tu3,0.000,0.000,0.000,0.000,31.501,0.000,0.000,0.000,0.000,0.000,0.000,0.000,62.883,5.616
Colo_rep3_Dep6_Tu10,0.002,0.000,0.000,8.729,33.948,0.000,0.000,0.000,0.000,0.000,0.000,0.000,54.086,3.235
Colo_rep8_Dep6_Tu0.5,0.000,0.000,0.000,0.000,33.851,0.000,0.000,0.000,0.000,0.000,0.000,0.000,63.140,3.008
Colo_rep7_Dep6_Tu3,0.000,0.000,0.000,0.000,22.976,0.000,0.000,0.000,0.000,0.000,0.000,0.000,56.817,20.206
Colo_rep3_Dep6_Tu0.5,0.000,0.000,0.000,0.000,20.335,0.000,0.000,0.000,0.000,0.000,0.000,0.000,63.933,15.732
Colo_rep3_Dep6_Tu20,0.000,0.000,0.000,24.616,30.893,0.000,0.000,0.000,0.000,0.000,0.000,0.000,44.056,0.435
Colo_rep1_Dep6_Tu2,0.000,0.000,0.000,0.000,34.002,0.000,0.000,0.000,0.000,0.000,0.000,0.000,65.282,0.715
Colo_rep9_Dep6_Tu50,0.000,0.000,0.000,52.501,28.027,0.000,0.000,0.000,0.000,0.000,0.000,0.000,19.192,0.280
Colo_rep3_Dep6_Tu0.3,0.000,0.000,0.000,0.000,33.860,0.000,0.000,0.000,0.000,0.000,0.000,0.000,63.152,2.987
Colo_rep1_Dep6_Tu3,0.000,0.000,0.000,0.000,32.389,0.000,0.000,0.000,0.000,0.000,0.000,0.000,62.407,5.203
