Sample,BRCA,CEAD,CESC,COAD,OV,READ,bcell,cd4tcell,cd8tcell,erythroblast,monocyte,naturalkillercell,neutrophil
Cer81_rep10_Dep6_Tu5,0.000,81.737,1.896,0.000,0.003,0.000,0.028,0.237,0.406,0.055,1.976,0.016,13.645
Cer81_rep8_Dep6_Tu2,0.000,84.902,0.001,0.000,0.001,0.000,0.010,0.019,0.160,0.038,2.072,0.058,12.740
Cer81_rep6_Dep6_Tu3,0.000,85.782,0.001,0.000,0.000,0.000,0.024,0.295,0.259,0.027,1.503,0.010,12.097
Cer81_rep2_Dep6_Tu3,0.000,85.563,0.173,0.000,0.000,0.000,0.009,0.334,0.186,0.020,1.748,0.012,11.954
Cer81_rep7_Dep6_Tu20,0.000,64.953,16.996,0.000,0.001,0.000,0.008,2.981,0.862,0.034,2.915,0.018,11.231
Cer81_rep5_Dep6_Tu5,0.000,82.691,1.693,0.000,0.006,0.000,0.013,0.834,0.206,0.052,1.892,0.033,12.580
Cer81_rep4_Dep6_Tu0.1,0.000,84.426,0.000,0.000,0.000,0.000,0.003,0.114,0.004,0.012,1.324,0.016,14.101
Cer81_rep9_Dep6_Tu20,0.000,64.347,16.002,0.000,0.000,0.000,0.023,3.826,1.019,0.014,2.977,0.032,11.759
Cer81_rep9_Dep6_Tu5,0.004,84.741,1.053,0.008,0.002,0.000,0.040,0.605,0.175,0.021,2.056,0.052,11.244
Cer81_rep2_Dep6_Tu1,0.000,84.371,0.000,0.000,0.000,0.000,0.001,0.063,0.050,0.011,2.229,0.009,13.266
Cer81_rep8_Dep6_Tu3,0.000,85.341,0.057,0.000,0.001,0.000,0.007,0.214,0.136,0.030,1.279,0.017,12.918
Cer81_rep8_Dep6_Tu1,0.000,84.309,0.000,0.000,0.000,0.000,0.004,0.080,0.099,0.012,1.403,0.012,14.082
Cer81_rep1_Dep6_Tu50,0.000,22.927,43.214,0.000,0.000,0.000,0.022,15.093,1.466,0.032,4.109,0.061,13.075
Cer81_rep9_Dep6_Tu1,0.000,86.612,0.000,0.000,0.000,0.000,0.003,0.129,0.023,0.033,1.551,0.013,11.637
Cer81_rep4_Dep6_Tu30,0.000,50.832,26.340,0.000,0.000,0.000,0.019,5.878,2.382,0.047,2.418,0.006,12.078
Cer81_rep5_Dep6_Tu20,0.000,60.393,16.915,0.001,0.005,0.000,0.069,0.777,2.925,0.123,4.682,0.181,13.928
Cer81_rep2_Dep6_Tu0.5,0.000,85.560,0.000,0.000,0.000,0.000,0.001,0.095,0.005,0.013,1.343,0.018,12.964
Cer81_rep2_Dep6_Tu2,0.000,84.570,0.008,0.000,0.000,0.000,0.015,0.058,0.139,0.061,1.464,0.035,13.650
Cer81_rep5_Dep6_Tu1,0.000,85.965,0.000,0.000,0.000,0.000,0.006,0.271,0.048,0.013,1.407,0.008,12.283
Cer81_rep7_Dep6_Tu0.5,0.000,84.590,0.000,0.000,0.000,0.000,0.005,0.268,0.010,0.008,1.070,0.011,14.038
Cer81_rep5_Dep6_Tu0.1,0.000,85.849,0.000,0.000,0.000,0.000,0.001,0.078,0.024,0.011,1.282,0.008,12.747
Cer81_rep8_Dep6_Tu0.1,0.000,83.033,0.000,0.000,0.000,0.000,0.005,0.199,0.138,0.008,1.968,0.021,14.627
Cer81_rep10_Dep6_Tu10,0.000,76.873,7.018,0.000,0.002,0.000,0.036,0.471,1.033,0.053,2.642,0.010,11.862
Cer81_rep2_Dep6_Tu5,0.000,82.850,1.854,0.000,0.001,0.000,0.015,0.728,0.088,0.072,0.566,0.021,13.803
Cer81_rep8_Dep6_Tu50,0.000,24.093,43.198,0.000,0.000,0.000,0.053,13.916,2.343,0.026,3.662,0.070,12.638
Cer81_rep2_Dep6_Tu40,0.001,37.141,34.751,0.000,0.001,0.000,0.058,3.320,6.625,0.016,5.297,0.049,12.741
Cer81_rep6_Dep6_Tu30,0.000,50.346,24.859,0.000,0.000,0.000,0.005,7.173,1.534,0.017,3.911,0.071,12.084
Cer81_rep4_Dep6_Tu1,0.000,84.343,0.000,0.000,0.000,0.000,0.009,0.157,0.011,0.028,2.054,0.027,13.371
Cer81_rep3_Dep6_Tu0.3,0.000,85.770,0.000,0.000,0.000,0.000,0.001,0.109,0.083,0.003,1.192,0.007,12.836
Cer81_rep9_Dep6_Tu0.1,0.000,84.103,0.000,0.000,0.000,0.000,0.003,0.139,0.116,0.011,1.875,0.019,13.734
Cer81_rep1_Dep6_Tu40,0.000,37.376,34.270,0.000,0.001,0.000,0.054,11.401,0.934,0.096,3.183,0.088,12.596
Cer81_rep10_Dep6_Tu2,0.000,84.560,0.000,0.000,0.000,0.000,0.012,0.173,0.036,0.024,1.447,0.035,13.714
Cer81_rep7_Dep6_Tu50,0.000,22.178,45.041,0.000,0.000,0.000,0.019,4.691,9.118,0.043,5.694,0.011,13.204
Cer81_rep8_Dep6_Tu0.3,0.000,85.409,0.000,0.000,0.000,0.000,0.001,0.062,0.022,0.010,1.325,0.015,13.155
Cer81_rep8_Dep6_Tu40,0.000,40.338,34.833,0.000,0.000,0.000,0.007,9.405,2.202,0.013,2.955,0.008,10.237
Cer81_rep9_Dep6_Tu40,0.000,36.404,35.006,0.000,0.000,0.000,0.013,5.158,4.662,0.112,5.282,0.027,13.335
Cer81_rep9_Dep6_Tu10,0.000,76.030,7.219,0.000,0.003,0.000,0.039,0.593,0.633,0.094,2.903,0.066,12.420
Cer81_rep2_Dep6_Tu50,0.000,26.119,43.095,0.000,0.000,0.000,0.027,11.367,2.857,0.032,5.214,0.023,11.265
Cer81_rep8_Dep6_Tu10,0.001,73.074,6.828,0.002,0.000,0.000,0.034,1.423,1.218,0.013,2.966,0.171,14.268
Cer81_rep10_Dep6_Tu0.1,0.000,84.848,0.000,0.000,0.000,0.000,0.002,0.147,0.039,0.000,1.429,0.012,13.524
Cer81_rep3_Dep6_Tu1,0.000,84.879,0.000,0.000,0.000,0.000,0.003,0.056,0.083,0.016,1.505,0.014,13.444
Cer81_rep9_Dep6_Tu50,0.000,26.543,43.548,0.000,0.000,0.000,0.008,13.230,1.914,0.013,3.520,0.058,11.167
Cer81_rep8_Dep6_Tu30,0.000,52.968,25.346,0.000,0.002,0.000,0.109,5.468,1.585,0.036,3.441,0.063,10.981
Cer81_rep4_Dep6_Tu20,0.000,60.938,16.807,0.000,0.000,0.000,0.024,3.073,1.772,0.080,3.293,0.125,13.888
Cer81_rep10_Dep6_Tu20,0.000,62.039,17.092,0.005,0.001,0.000,0.028,4.393,0.798,0.059,2.333,0.078,13.174
Cer81_rep7_Dep6_Tu3,0.000,84.871,0.081,0.000,0.001,0.000,0.008,0.132,0.300,0.024,1.855,0.014,12.714
Cer81_rep2_Dep6_Tu30,0.000,49.644,27.197,0.000,0.000,0.000,0.029,5.563,1.626,0.003,3.500,0.066,12.371
Cer81_rep1_Dep6_Tu0.1,0.000,84.812,0.000,0.000,0.000,0.000,0.002,0.069,0.053,0.005,1.290,0.005,13.764
Cer81_rep5_Dep6_Tu10,0.000,75.887,7.139,0.000,0.002,0.000,0.021,0.975,0.320,0.063,2.959,0.041,12.592
Cer81_rep7_Dep6_Tu0.1,0.000,86.072,0.000,0.000,0.000,0.000,0.000,0.080,0.029,0.000,1.062,0.002,12.755
Cer81_rep8_Dep6_Tu0.5,0.000,85.978,0.000,0.000,0.000,0.000,0.001,0.170,0.090,0.001,1.282,0.005,12.473
Cer81_rep7_Dep6_Tu1,0.000,86.385,0.000,0.000,0.000,0.000,0.003,0.136,0.086,0.001,0.896,0.002,12.490
Cer81_rep10_Dep6_Tu0.5,0.000,84.720,0.000,0.000,0.000,0.000,0.008,0.163,0.064,0.025,1.143,0.005,13.871
Cer81_rep8_Dep6_Tu20,0.000,63.428,16.464,0.000,0.000,0.000,0.021,2.421,2.613,0.036,2.408,0.034,12.574
Cer81_rep4_Dep6_Tu5,0.000,82.126,2.390,0.000,0.002,0.000,0.011,0.591,0.217,0.048,2.228,0.015,12.371
Cer81_rep3_Dep6_Tu30,0.000,50.831,25.930,0.000,0.000,0.000,0.042,6.081,1.448,0.030,3.976,0.016,11.646
Cer81_rep9_Dep6_Tu0.3,0.000,85.380,0.000,0.000,0.000,0.000,0.001,0.087,0.024,0.013,1.197,0.021,13.278
Cer81_rep4_Dep6_Tu0.3,0.000,85.426,0.000,0.000,0.000,0.000,0.000,0.100,0.080,0.013,1.214,0.011,13.156
Cer81_rep1_Dep6_Tu30,0.000,50.919,26.068,0.000,0.000,0.000,0.029,5.531,2.149,0.066,3.259,0.047,11.931
Cer81_rep1_Dep6_Tu1,0.000,82.937,0.000,0.000,0.000,0.000,0.014,0.033,0.316,0.025,2.181,0.030,14.464
Cer81_rep4_Dep6_Tu50,0.000,21.114,43.908,0.000,0.000,0.000,0.059,14.186,2.187,0.009,4.338,0.134,14.065
Cer81_rep6_Dep6_Tu0.1,0.000,84.472,0.000,0.000,0.000,0.000,0.004,0.123,0.060,0.023,1.526,0.005,13.788
Cer81_rep1_Dep6_Tu0.5,0.000,85.328,0.000,0.000,0.000,0.000,0.001,0.095,0.107,0.009,1.605,0.004,12.852
Cer81_rep3_Dep6_Tu50,0.000,23.640,43.488,0.000,0.000,0.000,0.045,13.663,2.422,0.013,4.202,0.054,12.474
Cer81_rep6_Dep6_Tu50,0.000,24.924,42.951,0.000,0.000,0.000,0.046,15.643,0.304,0.059,4.042,0.095,11.936
Cer81_rep4_Dep6_Tu40,0.000,40.021,34.030,0.000,0.000,0.000,0.043,11.008,1.041,0.024,4.094,0.056,9.682
Cer81_rep7_Dep6_Tu5,0.000,82.809,1.949,0.000,0.002,0.000,0.041,0.266,0.672,0.038,1.929,0.016,12.278
Cer81_rep9_Dep6_Tu30,0.000,49.029,26.986,0.000,0.002,0.000,0.063,4.612,1.889,0.013,4.362,0.105,12.939
Cer81_rep5_Dep6_Tu0.5,0.000,86.027,0.000,0.000,0.000,0.000,0.001,0.102,0.009,0.003,1.026,0.003,12.829
Cer81_rep5_Dep6_Tu2,0.000,83.737,0.000,0.000,0.000,0.000,0.010,0.039,0.204,0.026,1.601,0.018,14.365
Cer81_rep5_Dep6_Tu3,0.000,86.003,0.162,0.000,0.001,0.000,0.003,0.111,0.091,0.013,1.398,0.021,12.197
Cer81_rep2_Dep6_Tu0.3,0.000,84.407,0.000,0.000,0.000,0.000,0.001,0.073,0.035,0.015,0.925,0.005,14.539
Cer81_rep10_Dep6_Tu1,0.000,85.005,0.000,0.000,0.000,0.000,0.003,0.047,0.044,0.022,1.064,0.007,13.808
Cer81_rep3_Dep6_Tu20,0.000,64.434,16.614,0.000,0.000,0.000,0.007,3.063,1.118,0.032,2.808,0.016,11.907
Cer81_rep4_Dep6_Tu10,0.000,79.625,6.496,0.000,0.001,0.000,0.021,0.137,0.433,0.033,2.760,0.012,10.481
Cer81_rep4_Dep6_Tu2,0.000,84.986,0.000,0.000,0.001,0.000,0.004,0.276,0.069,0.010,1.967,0.030,12.657
Cer81_rep1_Dep6_Tu20,0.000,61.577,16.699,0.000,0.000,0.000,0.024,3.757,0.774,0.025,3.416,0.112,13.615
Cer81_rep3_Dep6_Tu40,0.000,38.966,34.837,0.000,0.000,0.000,0.014,9.985,1.354,0.020,3.488,0.113,11.221
Cer81_rep9_Dep6_Tu0.5,0.000,86.522,0.000,0.000,0.000,0.000,0.001,0.089,0.017,0.004,1.019,0.003,12.344
Cer81_rep2_Dep6_Tu10,0.000,76.480,7.439,0.002,0.002,0.000,0.014,0.187,0.934,0.076,2.669,0.038,12.159
Cer81_rep6_Dep6_Tu0.3,0.000,85.128,0.000,0.000,0.000,0.000,0.002,0.131,0.045,0.006,1.652,0.009,13.028
Cer81_rep10_Dep6_Tu30,0.000,49.083,26.213,0.000,0.000,0.000,0.051,5.420,2.610,0.034,4.171,0.021,12.397
Cer81_rep1_Dep6_Tu10,0.000,76.126,6.758,0.001,0.004,0.000,0.051,1.004,0.623,0.106,2.529,0.076,12.722
Cer81_rep7_Dep6_Tu2,0.000,84.822,0.004,0.000,0.000,0.000,0.004,0.312,0.019,0.010,1.725,0.015,13.088
Cer81_rep6_Dep6_Tu2,0.000,84.312,0.000,0.000,0.000,0.000,0.001,0.176,0.157,0.024,1.962,0.008,13.361
Cer81_rep10_Dep6_Tu40,0.000,33.878,35.575,0.000,0.000,0.000,0.046,8.924,3.088,0.017,4.287,0.020,14.164
Cer81_rep6_Dep6_Tu5,0.000,81.964,2.199,0.000,0.001,0.000,0.014,0.538,0.068,0.047,2.061,0.032,13.075
Cer81_rep5_Dep6_Tu40,0.000,34.875,34.936,0.000,0.000,0.000,0.085,11.788,1.342,0.019,3.500,0.110,13.343
Cer81_rep3_Dep6_Tu3,0.000,85.681,0.062,0.000,0.001,0.000,0.014,0.159,0.459,0.061,1.626,0.008,11.929
Cer81_rep1_Dep6_Tu2,0.000,86.742,0.000,0.000,0.001,0.000,0.006,0.228,0.158,0.007,1.219,0.018,11.622
Cer81_rep6_Dep6_Tu10,0.000,77.164,6.325,0.000,0.003,0.000,0.015,0.764,0.692,0.107,2.348,0.095,12.486
Cer81_rep9_Dep6_Tu2,0.000,87.307,0.000,0.000,0.000,0.000,0.002,0.193,0.088,0.015,1.076,0.009,11.310
Cer81_rep6_Dep6_Tu0.5,0.000,82.587,0.000,0.000,0.000,0.000,0.005,0.124,0.163,0.007,1.722,0.009,15.383
Cer81_rep1_Dep6_Tu0.3,0.000,84.378,0.000,0.000,0.000,0.000,0.003,0.108,0.082,0.008,2.201,0.018,13.202
Cer81_rep1_Dep6_Tu3,0.000,85.267,0.109,0.000,0.001,0.000,0.011,0.352,0.133,0.003,2.283,0.018,11.823
Cer81_rep2_Dep6_Tu0.1,0.000,84.343,0.000,0.000,0.000,0.000,0.002,0.034,0.141,0.026,1.555,0.010,13.890
Cer81_rep7_Dep6_Tu0.3,0.000,86.977,0.000,0.000,0.000,0.000,0.001,0.015,0.051,0.004,0.880,0.002,12.071
Cer81_rep5_Dep6_Tu30,0.000,48.506,25.267,0.000,0.000,0.000,0.068,6.076,3.149,0.123,3.916,0.030,12.865
Cer81_rep10_Dep6_Tu3,0.000,86.536,0.016,0.000,0.000,0.000,0.018,0.210,0.200,0.033,1.381,0.014,11.592
Cer81_rep6_Dep6_Tu40,0.000,38.489,34.102,0.000,0.002,0.000,0.007,7.896,3.329,0.041,4.817,0.021,11.296
Cer81_rep3_Dep6_Tu0.5,0.000,85.016,0.000,0.000,0.000,0.000,0.000,0.159,0.004,0.015,1.747,0.011,13.047
Cer81_rep8_Dep6_Tu5,0.000,81.281,1.965,0.003,0.001,0.000,0.018,0.770,0.167,0.025,1.899,0.111,13.760
Cer81_rep7_Dep6_Tu30,0.000,51.031,26.043,0.000,0.000,0.000,0.007,7.427,0.838,0.011,3.537,0.058,11.048
Cer81_rep3_Dep6_Tu2,0.000,84.921,0.000,0.000,0.000,0.000,0.009,0.258,0.141,0.009,2.139,0.024,12.499
Cer81_rep5_Dep6_Tu50,0.000,23.681,44.952,0.000,0.000,0.000,0.006,11.964,2.826,0.012,3.926,0.048,12.585
Cer81_rep2_Dep6_Tu20,0.000,62.991,16.269,0.000,0.001,0.000,0.016,1.991,2.522,0.119,3.609,0.118,12.363
Cer81_rep7_Dep6_Tu40,0.000,37.385,34.811,0.000,0.000,0.000,0.069,10.042,2.297,0.053,2.839,0.068,12.435
Cer81_rep10_Dep6_Tu0.3,0.000,84.264,0.000,0.000,0.000,0.000,0.001,0.113,0.051,0.006,1.472,0.017,14.076
Cer81_rep4_Dep6_Tu3,0.000,84.901,0.137,0.000,0.004,0.000,0.007,0.192,0.153,0.085,1.643,0.025,12.853
Cer81_rep6_Dep6_Tu1,0.000,85.349,0.000,0.000,0.000,0.000,0.004,0.149,0.044,0.022,1.098,0.014,13.320
Cer81_rep4_Dep6_Tu0.5,0.000,84.826,0.000,0.000,0.000,0.000,0.005,0.120,0.060,0.036,1.528,0.001,13.423
Cer81_rep3_Dep6_Tu0.1,0.000,84.441,0.000,0.000,0.000,0.000,0.001,0.162,0.066,0.026,1.386,0.012,13.906
Cer81_rep7_Dep6_Tu10,0.000,79.225,6.125,0.000,0.001,0.000,0.021,1.448,0.192,0.041,1.971,0.024,10.953
Cer81_rep10_Dep6_Tu50,0.000,24.784,42.811,0.000,0.001,0.000,0.063,12.748,2.103,0.035,5.099,0.023,12.332
Cer81_rep5_Dep6_Tu0.3,0.000,85.007,0.000,0.000,0.000,0.000,0.002,0.003,0.125,0.019,1.807,0.012,13.025
Cer81_rep6_Dep6_Tu20,0.000,63.899,15.462,0.000,0.001,0.000,0.060,4.750,0.747,0.039,2.125,0.072,12.844
Cer81_rep3_Dep6_Tu5,0.000,83.222,2.310,0.000,0.001,0.000,0.016,0.334,0.377,0.056,1.630,0.019,12.037
Cer81_rep3_Dep6_Tu10,0.000,77.453,6.694,0.000,0.001,0.000,0.034,1.486,0.246,0.017,2.144,0.040,11.885
Cer81_rep9_Dep6_Tu3,0.000,85.666,0.191,0.000,0.001,0.000,0.009,0.412,0.147,0.095,1.323,0.041,12.114
Cer81_rep1_Dep6_Tu5,0.000,83.427,2.124,0.000,0.000,0.000,0.016,0.450,0.369,0.029,1.462,0.011,12.113
