Sample,BRCA,CEAD,CESC,COAD,OV,READ,bcell,cd4tcell,cd8tcell,erythroblast,monocyte,naturalkillercell,neutrophil,Unknown-1,Unknown-2,Unknown-3,Unknown-4,Unknown-5,Unknown-6,Unknown-7,Unknown-8,Unknown-9,Unknown-10
Cer81_rep10_Dep6_Tu5,0.000,0.000,0.000,0.000,0.000,0.000,0.000,0.000,0.000,0.000,0.090,0.000,52.271,0.000,0.298,0.503,13.499,12.485,1.553,2.618,4.726,11.956,0.000
Cer81_rep8_Dep6_Tu2,0.000,0.000,0.000,0.000,0.000,0.000,0.000,0.000,0.000,0.000,0.534,0.000,51.444,0.068,0.000,24.539,11.976,2.812,0.633,7.283,0.000,0.709,0.000
Cer81_rep6_Dep6_Tu3,0.000,0.000,0.000,0.000,0.000,0.000,0.000,0.000,0.000,0.000,0.099,0.000,55.802,0.000,0.000,2.441,12.716,0.000,0.824,0.663,0.409,22.920,4.124
Cer81_rep2_Dep6_Tu3,0.000,0.000,0.000,0.000,0.000,0.000,0.000,0.000,0.000,0.000,0.192,0.000,54.348,0.000,0.000,4.299,21.903,7.982,2.253,0.000,0.288,4.510,4.224
Cer81_rep7_Dep6_Tu20,0.402,0.000,1.260,0.330,0.330,0.000,0.000,0.000,0.000,0.000,0.000,0.000,34.817,0.000,0.000,9.772,18.452,0.000,1.678,0.000,25.489,7.470,0.000
Cer81_rep5_Dep6_Tu5,0.000,0.000,0.000,0.000,0.000,0.000,0.000,0.000,0.000,0.000,0.106,0.000,50.294,17.026,0.861,4.890,3.575,13.213,1.192,5.865,0.000,0.743,2.234
Cer81_rep4_Dep6_Tu0.1,0.000,0.000,0.000,0.000,0.000,0.000,0.000,0.000,0.000,0.000,0.364,0.000,58.360,0.000,1.280,1.875,8.408,0.198,0.597,0.471,1.033,27.413,0.000
Cer81_rep9_Dep6_Tu20,0.274,0.008,0.988,0.225,0.028,0.000,0.000,0.000,0.000,0.000,0.026,0.000,40.233,0.000,1.697,0.000,13.745,0.000,3.541,0.000,25.868,13.366,0.000
Cer81_rep9_Dep6_Tu5,0.000,0.000,0.000,0.000,0.000,0.000,0.000,0.000,0.000,0.000,0.237,0.000,51.941,21.636,1.618,5.373,7.673,0.000,0.000,3.942,1.791,0.414,5.375
Cer81_rep2_Dep6_Tu1,0.000,0.000,0.000,0.000,0.000,0.000,0.000,0.000,0.000,0.000,0.636,0.000,56.687,0.000,0.000,7.439,17.351,2.188,1.593,0.086,0.000,3.519,10.500
Cer81_rep8_Dep6_Tu3,0.000,0.000,0.000,0.000,0.000,0.000,0.000,0.000,0.000,0.000,0.095,0.000,49.156,0.796,0.000,31.589,5.229,0.000,0.000,2.824,1.233,0.000,9.078
Cer81_rep8_Dep6_Tu1,0.000,0.000,0.000,0.000,0.000,0.000,0.000,0.000,0.000,0.000,0.525,0.000,54.727,2.628,0.160,27.608,7.546,0.000,0.000,6.725,0.000,0.081,0.000
Cer81_rep1_Dep6_Tu50,4.163,3.442,4.540,2.166,2.134,0.000,0.000,0.000,0.000,0.000,0.000,0.000,18.240,0.000,0.000,0.000,0.000,0.000,56.794,0.000,8.519,0.000,0.000
Cer81_rep9_Dep6_Tu1,0.000,0.000,0.000,0.000,0.000,0.000,0.000,0.000,0.000,0.000,0.302,0.000,52.102,0.000,0.000,6.778,31.329,0.000,1.866,2.239,0.000,5.382,0.000
Cer81_rep4_Dep6_Tu30,1.242,0.981,2.440,0.653,0.888,0.000,0.000,0.000,0.000,0.000,0.000,0.000,29.463,0.000,0.000,0.000,20.348,0.000,17.306,0.000,24.772,1.906,0.000
Cer81_rep5_Dep6_Tu20,0.266,0.164,1.322,0.231,0.810,0.000,0.000,0.000,0.000,0.000,0.279,0.000,37.152,0.000,0.000,0.000,2.483,0.000,2.607,43.393,7.515,0.715,3.063
Cer81_rep2_Dep6_Tu0.5,0.000,0.000,0.000,0.000,0.000,0.000,0.000,0.000,0.000,0.000,0.258,0.000,52.699,0.000,0.000,9.241,24.220,0.000,0.000,0.000,0.000,10.081,3.500
Cer81_rep2_Dep6_Tu2,0.000,0.000,0.000,0.000,0.000,0.000,0.000,0.000,0.000,0.000,0.217,0.000,54.414,0.134,0.000,1.270,8.394,11.047,0.603,1.821,0.508,17.840,3.751
Cer81_rep5_Dep6_Tu1,0.000,0.000,0.000,0.000,0.000,0.000,0.000,0.000,0.000,0.000,0.461,0.000,53.153,20.366,0.386,8.153,7.546,0.683,0.000,3.507,0.526,0.000,5.218
Cer81_rep7_Dep6_Tu0.5,0.000,0.000,0.000,0.000,0.000,0.000,0.000,0.000,0.000,0.000,0.040,0.000,54.648,0.000,0.000,1.813,12.926,0.000,0.436,1.066,0.000,10.501,18.568
Cer81_rep5_Dep6_Tu0.1,0.000,0.000,0.000,0.000,0.000,0.000,0.000,0.000,0.000,0.000,0.270,0.000,53.467,0.562,0.000,6.099,30.833,0.000,0.000,1.218,0.000,7.345,0.205
Cer81_rep8_Dep6_Tu0.1,0.000,0.000,0.000,0.000,0.000,0.000,0.000,0.000,0.000,0.000,0.454,0.000,54.476,0.000,0.000,6.269,5.639,0.000,0.000,3.515,0.993,0.847,27.806
Cer81_rep10_Dep6_Tu10,0.000,0.000,0.242,0.000,0.000,0.000,0.000,0.000,0.000,0.000,0.121,0.000,49.764,0.000,0.801,0.000,7.017,1.034,6.165,8.908,2.498,21.922,1.527
Cer81_rep2_Dep6_Tu5,0.000,0.000,0.000,0.000,0.000,0.000,0.000,0.000,0.000,0.000,0.000,0.000,47.992,0.077,0.067,30.955,4.937,0.376,0.911,0.000,2.915,0.128,11.642
Cer81_rep8_Dep6_Tu50,6.178,5.854,5.128,2.225,2.696,0.000,0.000,0.000,0.000,0.000,0.000,0.000,18.726,0.000,1.164,0.000,0.696,0.000,6.522,0.000,46.082,4.729,0.000
Cer81_rep2_Dep6_Tu40,3.866,4.658,3.772,1.118,1.530,0.000,0.000,0.000,0.000,0.000,0.344,0.000,21.341,0.000,0.000,0.000,2.207,0.000,13.778,36.153,11.230,0.000,0.000
Cer81_rep6_Dep6_Tu30,2.550,0.397,3.023,0.829,0.758,0.000,0.000,0.000,0.000,0.000,0.000,0.000,30.802,0.000,5.611,0.000,0.053,0.000,8.922,35.284,11.770,0.000,0.000
Cer81_rep4_Dep6_Tu1,0.000,0.000,0.000,0.000,0.000,0.000,0.000,0.000,0.000,0.000,0.512,0.000,52.286,22.708,0.000,5.077,2.270,9.714,0.000,7.136,0.015,0.000,0.280
Cer81_rep3_Dep6_Tu0.3,0.000,0.000,0.000,0.000,0.000,0.000,0.000,0.000,0.000,0.000,0.143,0.000,55.607,0.000,0.000,1.613,18.393,0.000,0.658,2.741,0.272,16.402,4.170
Cer81_rep9_Dep6_Tu0.1,0.000,0.000,0.000,0.000,0.000,0.000,0.000,0.000,0.000,0.000,0.366,0.000,54.122,2.745,0.000,1.157,4.604,0.000,0.250,19.598,0.000,0.000,17.157
Cer81_rep1_Dep6_Tu40,3.175,3.011,3.869,1.463,1.835,0.000,0.000,0.000,0.000,0.000,0.000,0.000,23.795,4.844,0.000,0.000,6.719,0.000,25.318,3.493,22.477,0.000,0.000
Cer81_rep10_Dep6_Tu2,0.000,0.000,0.000,0.000,0.000,0.000,0.000,0.000,0.000,0.000,0.259,0.000,56.737,0.000,0.000,9.389,7.734,0.000,1.486,2.649,0.891,19.624,1.231
Cer81_rep7_Dep6_Tu50,5.406,5.504,5.158,1.892,2.355,0.000,0.000,0.000,0.000,0.000,0.000,0.000,16.686,0.000,0.000,0.000,6.198,0.000,21.614,3.504,31.680,0.000,0.000
Cer81_rep8_Dep6_Tu0.3,0.000,0.000,0.000,0.000,0.000,0.000,0.000,0.000,0.000,0.000,0.257,0.000,51.891,0.000,0.000,5.807,32.171,0.000,0.356,0.000,0.000,5.793,3.722
Cer81_rep8_Dep6_Tu40,2.847,1.351,3.655,1.461,1.711,0.000,0.000,0.000,0.000,0.000,0.000,0.000,22.823,0.000,0.000,0.000,15.562,0.000,37.193,0.000,13.395,0.000,0.000
Cer81_rep9_Dep6_Tu40,4.911,2.472,4.160,1.682,2.125,0.000,0.000,0.000,0.000,0.000,0.000,0.000,24.074,0.000,0.000,0.000,7.758,0.000,43.673,3.682,5.464,0.000,0.000
Cer81_rep9_Dep6_Tu10,0.000,0.000,0.224,0.021,0.000,0.000,0.000,0.000,0.000,0.000,0.334,0.000,44.237,7.373,1.114,18.370,13.394,0.684,1.668,11.745,0.836,0.000,0.000
Cer81_rep2_Dep6_Tu50,4.169,2.858,4.827,1.938,2.479,0.000,0.000,0.000,0.000,0.000,0.000,0.000,16.953,0.000,0.000,0.000,3.750,0.000,0.491,2.955,57.049,2.421,0.108
Cer81_rep8_Dep6_Tu10,0.000,0.000,0.162,0.000,0.000,0.000,0.000,0.000,0.000,0.000,0.053,0.000,45.393,0.000,1.055,7.587,6.281,2.542,1.739,12.462,3.845,1.217,17.663
Cer81_rep10_Dep6_Tu0.1,0.000,0.000,0.000,0.000,0.000,0.000,0.000,0.000,0.000,0.000,0.364,0.000,57.168,0.000,0.000,6.588,4.895,0.350,0.000,0.673,0.000,25.061,4.900
Cer81_rep3_Dep6_Tu1,0.000,0.000,0.000,0.000,0.000,0.000,0.000,0.000,0.000,0.000,0.402,0.000,54.098,0.000,0.243,29.510,7.473,0.000,0.000,4.225,0.000,3.622,0.425
Cer81_rep9_Dep6_Tu50,4.239,2.095,4.770,1.965,2.485,0.000,0.000,0.000,0.000,0.000,0.000,0.000,16.109,0.000,0.000,0.000,2.779,0.000,21.246,0.000,40.620,3.689,0.000
Cer81_rep8_Dep6_Tu30,1.144,1.708,2.444,0.463,0.824,0.000,0.000,0.000,0.000,0.000,0.083,0.000,30.786,0.000,1.353,0.000,22.248,0.000,30.032,2.209,6.705,0.000,0.000
Cer81_rep4_Dep6_Tu20,0.358,0.065,1.321,0.280,0.258,0.000,0.000,0.000,0.000,0.000,0.000,0.000,38.890,0.000,15.905,0.190,4.379,0.000,5.576,7.086,18.947,6.744,0.000
Cer81_rep10_Dep6_Tu20,0.257,0.341,1.382,0.340,0.182,0.000,0.000,0.000,0.000,0.000,0.000,0.000,39.647,0.000,1.386,0.000,4.601,0.000,6.509,22.702,22.653,0.000,0.000
Cer81_rep7_Dep6_Tu3,0.000,0.000,0.000,0.000,0.000,0.000,0.000,0.000,0.000,0.000,0.229,0.000,51.355,8.424,0.195,6.936,4.278,21.979,0.443,5.745,0.000,0.418,0.000
Cer81_rep2_Dep6_Tu30,1.250,1.154,2.271,0.707,0.655,0.000,0.000,0.000,0.000,0.000,0.000,0.000,28.913,0.000,12.742,0.000,14.620,0.000,23.930,0.000,13.756,0.000,0.000
Cer81_rep1_Dep6_Tu0.1,0.000,0.000,0.000,0.000,0.000,0.000,0.000,0.000,0.000,0.000,0.241,0.000,53.081,0.000,0.000,8.319,25.406,0.000,0.040,0.374,0.000,11.371,1.167
Cer81_rep5_Dep6_Tu10,0.000,0.000,0.322,0.028,0.000,0.000,0.000,0.000,0.000,0.000,0.356,0.000,45.581,0.000,7.343,23.862,4.783,0.000,0.722,9.092,4.591,0.000,3.318
Cer81_rep7_Dep6_Tu0.1,0.000,0.000,0.000,0.000,0.000,0.000,0.000,0.000,0.000,0.000,0.173,0.000,53.899,0.000,0.000,13.727,26.450,0.392,0.499,0.000,0.000,4.858,0.000
Cer81_rep8_Dep6_Tu0.5,0.000,0.000,0.000,0.000,0.000,0.000,0.000,0.000,0.000,0.000,0.137,0.000,55.842,0.000,0.000,1.196,18.650,0.000,0.609,2.719,0.692,16.177,3.978
Cer81_rep7_Dep6_Tu1,0.000,0.000,0.000,0.000,0.000,0.000,0.000,0.000,0.000,0.000,0.267,0.000,53.193,0.000,0.061,16.194,15.148,0.693,0.000,0.000,0.000,14.443,0.000
Cer81_rep10_Dep6_Tu0.5,0.000,0.000,0.000,0.000,0.000,0.000,0.000,0.000,0.000,0.000,0.294,0.000,58.083,1.116,0.000,17.656,12.964,1.984,0.086,0.173,0.000,0.000,7.643
Cer81_rep8_Dep6_Tu20,0.168,0.302,1.745,0.345,0.130,0.000,0.000,0.000,0.000,0.000,0.000,0.000,33.685,0.000,1.787,13.543,9.065,0.000,22.651,14.280,0.000,0.469,1.829
Cer81_rep4_Dep6_Tu5,0.000,0.000,0.000,0.000,0.000,0.000,0.000,0.000,0.000,0.000,0.227,0.000,51.273,0.000,2.252,5.230,3.350,0.000,1.124,29.257,2.040,0.000,5.247
Cer81_rep3_Dep6_Tu30,1.509,1.085,2.990,0.784,1.181,0.000,0.000,0.000,0.000,0.000,0.000,0.000,28.702,0.000,0.000,2.331,10.837,0.000,16.678,7.121,20.541,6.240,0.000
Cer81_rep9_Dep6_Tu0.3,0.000,0.000,0.000,0.000,0.000,0.000,0.000,0.000,0.000,0.000,0.245,0.000,51.860,0.000,0.000,5.629,32.181,0.000,0.372,0.000,0.000,5.770,3.943
Cer81_rep4_Dep6_Tu0.3,0.000,0.000,0.000,0.000,0.000,0.000,0.000,0.000,0.000,0.000,0.116,0.000,59.571,4.338,0.000,17.025,15.868,0.446,0.677,0.000,0.000,1.958,0.000
Cer81_rep1_Dep6_Tu30,2.180,0.644,2.979,0.770,0.585,0.000,0.000,0.000,0.000,0.000,0.000,0.000,29.571,0.000,3.304,0.000,19.995,0.000,8.130,0.000,29.148,2.693,0.000
Cer81_rep1_Dep6_Tu1,0.000,0.000,0.000,0.000,0.000,0.000,0.000,0.000,0.000,0.000,0.423,0.000,52.815,1.693,0.000,1.617,3.700,2.087,0.493,19.583,0.000,0.381,17.207
Cer81_rep4_Dep6_Tu50,5.828,4.949,5.028,2.437,2.687,0.000,0.000,0.000,0.000,0.000,0.000,0.042,17.984,0.000,0.000,0.000,5.216,0.000,19.567,0.000,36.261,0.000,0.000
Cer81_rep6_Dep6_Tu0.1,0.000,0.000,0.000,0.000,0.000,0.000,0.000,0.000,0.000,0.000,0.162,0.000,57.416,0.000,0.000,2.658,11.092,0.000,0.000,1.375,1.002,24.918,1.375
Cer81_rep1_Dep6_Tu0.5,0.000,0.000,0.000,0.000,0.000,0.000,0.000,0.000,0.000,0.000,0.279,0.000,55.527,0.000,0.000,2.936,20.303,3.214,0.000,1.558,0.000,9.861,6.321
Cer81_rep3_Dep6_Tu50,3.998,3.519,4.583,2.128,1.912,0.000,0.000,0.000,0.000,0.000,0.000,0.000,17.915,0.000,0.000,0.000,0.000,0.000,0.000,4.518,61.426,0.000,0.000
Cer81_rep6_Dep6_Tu50,5.088,5.611,5.378,2.708,3.085,0.000,0.000,0.000,0.000,0.000,0.000,0.000,17.700,0.000,0.000,0.000,4.115,0.000,12.738,0.000,38.090,0.000,5.486
Cer81_rep4_Dep6_Tu40,3.051,1.579,3.397,1.118,1.761,0.000,0.000,0.000,0.000,0.000,0.000,0.000,26.007,0.000,0.554,0.000,1.751,0.000,33.745,0.000,25.818,1.218,0.000
Cer81_rep7_Dep6_Tu5,0.000,0.000,0.000,0.000,0.000,0.000,0.000,0.000,0.000,0.000,0.308,0.000,50.409,0.000,1.817,0.737,11.896,16.825,0.924,0.288,2.065,14.729,0.000
Cer81_rep9_Dep6_Tu30,1.739,0.819,3.605,0.637,1.273,0.000,0.000,0.000,0.000,0.000,0.153,0.000,29.418,0.000,1.116,0.000,5.408,0.000,32.067,17.935,5.830,0.000,0.000
Cer81_rep5_Dep6_Tu0.5,0.000,0.000,0.000,0.000,0.000,0.000,0.000,0.000,0.000,0.000,0.160,0.000,53.087,0.000,0.000,14.415,23.129,1.333,0.000,0.000,0.000,7.143,0.732
Cer81_rep5_Dep6_Tu2,0.000,0.000,0.000,0.000,0.000,0.000,0.000,0.000,0.000,0.000,0.227,0.000,54.130,0.000,1.215,5.545,2.772,6.329,0.002,7.203,1.031,0.106,21.438
Cer81_rep5_Dep6_Tu3,0.000,0.000,0.000,0.000,0.000,0.000,0.000,0.000,0.000,0.000,0.068,0.000,51.796,0.000,3.327,11.911,22.428,1.029,0.178,0.126,0.116,9.019,0.000
Cer81_rep2_Dep6_Tu0.3,0.000,0.000,0.000,0.000,0.000,0.000,0.000,0.000,0.000,0.000,0.076,0.000,49.822,0.000,0.000,31.651,5.280,0.000,0.000,1.809,0.208,0.041,11.112
Cer81_rep10_Dep6_Tu1,0.000,0.000,0.000,0.000,0.000,0.000,0.000,0.000,0.000,0.000,0.126,0.000,49.903,0.000,0.000,31.902,4.745,0.018,0.000,2.230,1.075,0.259,9.740
Cer81_rep3_Dep6_Tu20,0.466,0.002,2.055,0.187,0.118,0.000,0.000,0.000,0.000,0.000,0.000,0.000,36.675,0.000,2.213,0.000,22.048,0.000,13.142,1.897,11.294,9.901,0.000
Cer81_rep4_Dep6_Tu10,0.000,0.000,0.127,0.000,0.000,0.000,0.000,0.000,0.000,0.000,0.212,0.000,48.097,0.000,24.151,0.000,6.073,0.000,5.834,2.657,3.852,8.996,0.000
Cer81_rep4_Dep6_Tu2,0.000,0.000,0.000,0.000,0.000,0.000,0.000,0.000,0.000,0.000,0.340,0.000,53.761,0.987,0.000,26.235,6.329,1.025,0.269,8.917,0.000,0.518,1.617
Cer81_rep1_Dep6_Tu20,0.384,0.129,1.418,0.264,0.017,0.000,0.000,0.000,0.000,0.000,0.000,0.000,37.369,0.000,6.160,0.000,1.633,0.000,0.470,23.807,18.672,2.571,7.106
Cer81_rep3_Dep6_Tu40,5.703,2.283,4.815,1.763,3.089,0.000,0.000,0.000,0.000,0.000,0.000,0.000,21.521,0.000,0.000,1.991,7.981,0.000,36.453,5.017,4.714,3.614,1.058
Cer81_rep9_Dep6_Tu0.5,0.000,0.000,0.000,0.000,0.000,0.000,0.000,0.000,0.000,0.000,0.189,0.000,54.078,0.036,0.000,12.438,28.405,0.000,0.000,0.000,0.000,4.570,0.282
Cer81_rep2_Dep6_Tu10,0.000,0.000,0.195,0.009,0.000,0.000,0.000,0.000,0.000,0.000,0.049,0.000,47.355,0.000,0.367,0.000,34.622,0.000,8.365,3.792,2.515,2.730,0.000
Cer81_rep6_Dep6_Tu0.3,0.000,0.000,0.000,0.000,0.000,0.000,0.000,0.000,0.000,0.000,0.590,0.000,53.807,0.000,0.000,35.342,4.597,0.000,0.614,0.000,0.000,0.735,4.313
Cer81_rep10_Dep6_Tu30,1.777,1.027,2.431,0.788,0.947,0.000,0.000,0.000,0.000,0.000,0.000,0.000,32.588,0.000,2.461,0.000,8.068,0.000,11.876,11.029,27.009,0.000,0.000
Cer81_rep1_Dep6_Tu10,0.000,0.000,0.128,0.008,0.000,0.000,0.000,0.000,0.000,0.000,0.140,0.000,46.658,27.498,4.591,1.958,0.000,0.000,0.000,13.214,1.510,0.656,3.639
Cer81_rep7_Dep6_Tu2,0.000,0.000,0.000,0.000,0.000,0.000,0.000,0.000,0.000,0.000,0.312,0.000,53.175,0.000,0.000,0.761,6.318,0.000,0.943,2.491,1.794,16.107,18.097
Cer81_rep6_Dep6_Tu2,0.000,0.000,0.000,0.000,0.000,0.000,0.000,0.000,0.000,0.000,0.360,0.000,55.282,0.000,0.000,9.206,4.116,2.482,0.572,8.951,0.850,0.000,18.179
Cer81_rep10_Dep6_Tu40,4.387,4.404,4.101,1.357,2.834,0.000,0.000,0.000,0.000,0.000,0.000,0.000,22.891,2.320,0.000,0.000,4.368,0.000,19.330,18.581,15.425,0.000,0.000
Cer81_rep6_Dep6_Tu5,0.000,0.000,0.000,0.000,0.000,0.000,0.000,0.000,0.000,0.000,0.177,0.000,51.713,0.000,0.000,0.000,2.604,0.000,1.795,3.282,5.898,16.976,17.554
Cer81_rep5_Dep6_Tu40,4.459,2.790,4.301,1.287,2.382,0.000,0.000,0.000,0.000,0.000,0.000,0.000,22.687,0.000,0.000,0.000,7.735,1.499,13.595,8.305,30.959,0.000,0.000
Cer81_rep3_Dep6_Tu3,0.000,0.000,0.000,0.000,0.000,0.000,0.000,0.000,0.000,0.000,0.025,0.000,54.330,0.902,0.000,9.636,16.843,0.000,2.455,4.128,0.000,8.788,2.890
Cer81_rep1_Dep6_Tu2,0.000,0.000,0.000,0.000,0.000,0.000,0.000,0.000,0.000,0.000,0.141,0.000,51.465,0.000,0.000,6.287,29.184,0.000,2.578,1.988,0.000,8.355,0.000
Cer81_rep6_Dep6_Tu10,0.000,0.000,0.110,0.000,0.000,0.000,0.000,0.000,0.000,0.000,0.095,0.000,46.088,0.000,0.787,17.054,7.673,0.000,7.400,19.332,1.165,0.295,0.000
Cer81_rep9_Dep6_Tu2,0.000,0.000,0.000,0.000,0.000,0.000,0.000,0.000,0.000,0.000,0.152,0.000,54.681,1.085,0.000,10.987,18.438,0.000,0.843,0.945,0.349,10.943,1.577
Cer81_rep6_Dep6_Tu0.5,0.000,0.000,0.000,0.000,0.000,0.000,0.000,0.000,0.000,0.000,0.341,0.000,53.651,5.435,0.000,1.388,3.829,0.000,0.721,16.021,0.000,0.000,18.611
Cer81_rep1_Dep6_Tu0.3,0.000,0.000,0.000,0.000,0.000,0.000,0.000,0.000,0.000,0.000,0.638,0.000,56.030,0.000,0.000,1.264,5.339,0.345,0.580,2.206,0.000,31.446,2.151
Cer81_rep1_Dep6_Tu3,0.000,0.000,0.000,0.000,0.000,0.000,0.000,0.000,0.000,0.000,0.458,0.000,54.399,0.000,0.625,1.026,8.697,0.000,0.932,3.290,0.000,29.221,1.350
Cer81_rep2_Dep6_Tu0.1,0.000,0.000,0.000,0.000,0.000,0.000,0.000,0.000,0.000,0.000,0.315,0.000,51.416,0.000,0.000,28.172,6.344,0.000,0.000,4.487,0.000,0.000,9.264
Cer81_rep7_Dep6_Tu0.3,0.000,0.000,0.000,0.000,0.000,0.000,0.000,0.000,0.000,0.000,0.220,0.000,55.783,0.000,0.000,12.769,18.946,0.000,1.029,1.623,0.802,8.744,0.082
Cer81_rep5_Dep6_Tu30,1.675,0.472,2.237,0.731,0.673,0.000,0.000,0.000,0.000,0.000,0.000,0.000,32.895,0.000,0.000,0.000,12.217,2.169,10.242,0.000,36.687,0.000,0.000
Cer81_rep10_Dep6_Tu3,0.000,0.000,0.000,0.000,0.000,0.000,0.000,0.000,0.000,0.000,0.101,0.000,54.749,0.000,0.000,14.248,15.313,9.334,1.052,3.671,1.532,0.000,0.000
Cer81_rep6_Dep6_Tu40,3.760,1.586,4.590,1.265,3.194,0.000,0.000,0.000,0.000,0.000,0.032,0.000,23.443,0.000,0.000,0.000,4.751,0.000,35.494,1.772,10.691,9.422,0.000
Cer81_rep3_Dep6_Tu0.5,0.000,0.000,0.000,0.000,0.000,0.000,0.000,0.000,0.000,0.000,0.569,0.000,53.689,0.000,0.000,35.282,4.560,0.000,0.531,0.120,0.000,0.933,4.314
Cer81_rep8_Dep6_Tu5,0.000,0.000,0.000,0.000,0.000,0.000,0.000,0.000,0.000,0.000,0.228,0.000,50.844,0.000,0.000,6.257,4.757,28.667,3.012,2.493,0.754,0.000,2.985
Cer81_rep7_Dep6_Tu30,1.711,0.654,2.794,0.682,0.956,0.000,0.000,0.000,0.000,0.000,0.000,0.000,29.016,0.000,0.996,0.000,12.778,0.000,22.647,0.000,20.642,7.124,0.000
Cer81_rep3_Dep6_Tu2,0.000,0.000,0.000,0.000,0.000,0.000,0.000,0.000,0.000,0.000,0.442,0.000,55.169,0.466,0.184,1.625,8.427,1.313,0.606,2.908,0.000,28.860,0.000
Cer81_rep5_Dep6_Tu50,3.945,4.403,4.956,2.066,2.323,0.000,0.000,0.000,0.000,0.000,0.000,0.000,17.889,0.000,0.000,0.000,0.000,0.000,45.394,0.000,19.021,0.000,0.000
Cer81_rep2_Dep6_Tu20,0.335,0.177,1.199,0.317,0.143,0.000,0.000,0.000,0.000,0.000,0.133,0.000,40.992,0.000,0.000,0.000,21.821,1.553,11.903,7.369,14.057,0.000,0.000
Cer81_rep7_Dep6_Tu40,3.686,1.482,3.957,1.382,2.431,0.000,0.000,0.000,0.000,0.000,0.000,0.000,23.689,0.000,0.000,0.000,6.010,0.000,41.242,0.615,14.986,0.000,0.518
Cer81_rep10_Dep6_Tu0.3,0.000,0.000,0.000,0.000,0.000,0.000,0.000,0.000,0.000,0.000,0.399,0.000,56.275,0.000,0.000,12.167,17.298,3.156,0.263,0.000,0.000,7.658,2.783
Cer81_rep4_Dep6_Tu3,0.000,0.000,0.000,0.000,0.000,0.000,0.000,0.000,0.000,0.000,0.164,0.000,49.039,0.000,0.898,26.166,6.853,0.039,0.000,6.531,1.943,0.438,7.928
Cer81_rep6_Dep6_Tu1,0.000,0.000,0.000,0.000,0.000,0.000,0.000,0.000,0.000,0.000,0.286,0.000,58.520,2.232,0.485,16.215,15.739,0.000,0.056,2.487,0.207,0.000,3.772
Cer81_rep4_Dep6_Tu0.5,0.000,0.000,0.000,0.000,0.000,0.000,0.000,0.000,0.000,0.000,0.326,0.000,52.380,14.863,0.000,6.180,3.084,3.299,0.000,15.952,0.000,0.000,3.915
Cer81_rep3_Dep6_Tu0.1,0.000,0.000,0.000,0.000,0.000,0.000,0.000,0.000,0.000,0.000,0.454,0.000,54.679,0.000,0.217,29.140,9.427,0.000,0.206,4.532,0.000,0.904,0.441
Cer81_rep7_Dep6_Tu10,0.000,0.000,0.187,0.003,0.000,0.000,0.000,0.000,0.000,0.000,0.000,0.000,47.942,0.000,5.952,0.000,28.996,0.000,3.218,0.022,6.128,6.811,0.741
Cer81_rep10_Dep6_Tu50,3.957,6.910,4.424,1.889,2.805,0.000,0.000,0.000,0.000,0.000,0.000,0.000,20.569,0.000,0.000,0.000,0.000,0.000,36.702,0.000,22.743,0.000,0.000
Cer81_rep5_Dep6_Tu0.3,0.000,0.000,0.000,0.000,0.000,0.000,0.000,0.000,0.000,0.000,0.360,0.000,52.985,14.253,1.924,5.757,3.933,0.000,0.116,16.080,0.000,0.000,4.592
Cer81_rep6_Dep6_Tu20,0.251,0.082,1.303,0.201,0.091,0.000,0.000,0.000,0.000,0.000,0.000,0.000,38.735,0.000,0.000,0.173,6.602,0.000,5.731,3.934,20.183,13.279,9.435
Cer81_rep3_Dep6_Tu5,0.000,0.000,0.000,0.000,0.000,0.000,0.000,0.000,0.000,0.000,0.044,0.000,54.573,0.000,1.665,17.539,16.490,0.000,0.000,3.446,0.959,3.177,2.106
Cer81_rep3_Dep6_Tu10,0.000,0.000,0.148,0.000,0.000,0.000,0.000,0.000,0.000,0.000,0.021,0.000,49.094,0.000,2.620,2.686,8.072,0.000,3.104,0.000,9.364,24.890,0.000
Cer81_rep9_Dep6_Tu3,0.000,0.000,0.000,0.000,0.000,0.000,0.000,0.000,0.000,0.000,0.329,0.000,51.519,0.000,0.065,32.949,6.854,0.000,0.011,5.888,0.749,0.000,1.634
Cer81_rep1_Dep6_Tu5,0.000,0.000,0.000,0.000,0.000,0.000,0.000,0.000,0.000,0.000,0.070,0.000,51.105,0.000,0.000,1.765,12.958,0.019,1.150,1.622,2.425,14.582,14.304
