Sample,BRCA,CEAD,CESC,COAD,OV,READ,bcell,cd4tcell,cd8tcell,erythroblast,monocyte,naturalkillercell,neutrophil
Cer81_rep10_Dep6_Tu5,0.000,1.503,0.000,0.000,49.166,0.000,0.013,0.066,0.006,0.534,5.417,0.016,43.279
Cer81_rep8_Dep6_Tu2,0.000,0.407,0.000,0.444,40.480,0.000,0.000,0.007,0.001,1.957,7.552,0.886,48.266
Cer81_rep6_Dep6_Tu3,0.000,2.842,0.000,0.000,49.393,0.000,0.185,0.001,0.002,0.007,5.634,0.000,41.935
Cer81_rep2_Dep6_Tu3,0.000,0.900,0.000,0.000,44.614,0.000,0.000,0.363,0.005,3.821,6.158,0.738,43.401
Cer81_rep7_Dep6_Tu20,0.002,3.033,25.294,0.000,40.454,0.000,0.000,0.000,0.000,0.009,1.231,0.000,29.977
Cer81_rep5_Dep6_Tu5,0.000,3.478,2.273,0.000,53.604,0.000,0.003,0.006,0.026,0.117,3.761,0.314,36.418
Cer81_rep4_Dep6_Tu0.1,0.000,0.003,0.000,0.000,41.424,0.000,0.000,0.002,0.000,1.965,6.458,0.011,50.138
Cer81_rep9_Dep6_Tu20,0.040,7.964,20.855,0.000,38.894,0.000,0.002,0.000,0.001,0.083,3.816,0.000,28.345
Cer81_rep9_Dep6_Tu5,0.000,2.490,0.043,1.029,49.858,0.000,0.002,0.233,0.095,4.108,3.373,0.078,38.689
Cer81_rep2_Dep6_Tu1,0.000,0.155,0.000,0.000,44.199,0.000,0.000,0.094,0.059,2.282,7.664,0.393,45.155
Cer81_rep8_Dep6_Tu3,0.000,0.922,4.350,0.000,43.284,0.000,0.000,0.000,0.000,2.548,1.699,0.025,47.171
Cer81_rep8_Dep6_Tu1,0.000,0.119,0.000,0.000,45.085,0.000,0.000,0.000,0.000,0.940,6.036,1.753,46.068
Cer81_rep1_Dep6_Tu50,0.001,0.036,70.243,2.150,1.212,0.257,0.518,0.127,1.942,2.899,1.388,0.289,18.938
Cer81_rep9_Dep6_Tu1,0.000,2.230,0.000,0.000,46.838,0.000,0.001,0.000,0.000,0.042,4.659,0.000,46.231
Cer81_rep4_Dep6_Tu30,0.416,0.323,44.488,0.000,20.693,0.133,0.000,0.006,0.000,3.601,2.006,0.000,28.333
Cer81_rep5_Dep6_Tu20,0.000,20.629,3.263,0.000,31.382,0.000,0.954,0.005,0.083,0.863,5.120,0.026,37.678
Cer81_rep2_Dep6_Tu0.5,0.000,0.042,0.000,0.000,42.246,0.000,0.000,0.001,0.000,1.604,7.625,0.016,48.466
Cer81_rep2_Dep6_Tu2,0.000,0.669,0.000,0.000,49.625,0.000,0.000,0.000,0.000,0.843,6.448,0.000,42.415
Cer81_rep5_Dep6_Tu1,0.000,0.351,0.000,0.000,45.290,0.000,0.007,0.049,0.222,5.101,5.388,0.730,42.861
Cer81_rep7_Dep6_Tu0.5,0.000,0.011,0.000,0.000,47.411,0.000,0.000,0.000,0.004,2.298,5.808,0.101,44.367
Cer81_rep5_Dep6_Tu0.1,0.000,0.009,0.000,0.000,42.387,0.000,0.002,0.000,0.000,1.655,6.239,0.002,49.705
Cer81_rep8_Dep6_Tu0.1,0.000,0.001,0.000,0.000,41.829,0.034,0.938,0.382,0.501,0.668,5.187,1.525,48.937
Cer81_rep10_Dep6_Tu10,0.000,5.008,7.322,0.000,42.883,0.000,0.000,0.002,0.001,1.710,3.463,0.170,39.440
Cer81_rep2_Dep6_Tu5,0.000,4.835,2.333,0.000,46.289,0.000,0.000,0.000,0.000,1.002,1.060,0.002,44.478
Cer81_rep8_Dep6_Tu50,0.833,0.437,71.874,0.258,5.633,0.014,0.131,1.531,0.273,1.704,2.174,2.305,12.834
Cer81_rep2_Dep6_Tu40,0.003,13.382,45.997,0.012,7.985,0.000,2.200,0.018,0.115,0.012,3.650,0.003,26.622
Cer81_rep6_Dep6_Tu30,0.011,8.222,33.670,0.085,26.268,0.000,0.016,0.417,2.011,0.206,3.751,0.664,24.678
Cer81_rep4_Dep6_Tu1,0.000,0.145,0.000,0.000,46.103,0.000,1.120,0.033,0.365,2.319,8.709,0.905,40.300
Cer81_rep3_Dep6_Tu0.3,0.000,0.003,0.000,0.000,45.377,0.000,0.940,0.002,0.033,0.492,8.278,0.000,44.874
Cer81_rep9_Dep6_Tu0.1,0.000,0.002,0.000,0.000,40.772,0.001,0.215,0.047,0.702,5.020,5.847,1.066,46.328
Cer81_rep1_Dep6_Tu40,0.000,1.228,56.169,0.000,12.711,0.074,0.000,0.487,3.057,1.447,5.756,0.964,18.106
Cer81_rep10_Dep6_Tu2,0.000,1.867,0.298,0.000,48.210,0.000,0.000,0.000,0.000,1.682,1.869,0.000,46.073
Cer81_rep7_Dep6_Tu50,0.202,3.128,63.443,0.358,1.751,1.395,0.587,1.780,0.882,5.155,6.315,0.023,14.981
Cer81_rep8_Dep6_Tu0.3,0.000,0.002,0.000,0.000,39.497,0.000,0.000,0.000,0.000,0.829,5.742,0.001,53.928
Cer81_rep8_Dep6_Tu40,0.000,0.964,56.366,0.000,20.421,0.000,0.047,0.241,0.086,1.267,4.362,0.005,16.240
Cer81_rep9_Dep6_Tu40,3.073,1.298,51.204,1.076,14.960,0.000,0.000,0.985,0.007,1.215,2.834,0.019,23.327
Cer81_rep9_Dep6_Tu10,0.000,7.767,4.703,0.000,42.283,0.000,0.167,0.001,0.000,0.009,4.132,0.000,40.937
Cer81_rep2_Dep6_Tu50,3.707,0.113,60.201,0.000,14.952,0.001,0.000,0.002,0.000,0.623,1.640,0.000,18.762
Cer81_rep8_Dep6_Tu10,0.081,6.994,7.189,0.168,33.162,0.001,0.995,0.892,0.072,0.024,3.339,0.169,46.913
Cer81_rep10_Dep6_Tu0.1,0.000,0.000,0.000,0.000,41.251,0.000,0.007,0.020,0.081,2.999,7.314,2.261,46.067
Cer81_rep3_Dep6_Tu1,0.000,0.066,0.000,0.000,46.276,0.000,0.002,0.000,0.000,0.284,6.936,0.405,46.032
Cer81_rep9_Dep6_Tu50,0.002,0.592,63.085,0.013,9.660,1.448,0.180,1.324,0.083,3.562,1.484,0.012,18.555
Cer81_rep8_Dep6_Tu30,0.000,6.572,29.080,0.000,32.380,0.000,0.000,0.001,0.000,1.036,3.204,0.000,27.727
Cer81_rep4_Dep6_Tu20,0.000,6.390,24.426,0.000,32.363,0.004,0.611,0.004,0.027,0.022,6.988,1.079,28.085
Cer81_rep10_Dep6_Tu20,0.003,15.695,14.376,0.651,34.621,0.001,0.000,0.024,0.007,0.063,0.356,0.000,34.203
Cer81_rep7_Dep6_Tu3,0.000,1.495,0.002,0.000,51.430,0.000,0.002,0.017,0.030,0.965,4.812,0.154,41.093
Cer81_rep2_Dep6_Tu30,0.026,7.726,44.039,0.884,21.388,0.000,0.000,0.000,0.000,0.005,0.957,0.000,24.975
Cer81_rep1_Dep6_Tu0.1,0.000,0.003,0.000,0.000,33.534,0.001,0.010,0.005,0.008,3.521,4.923,0.100,57.894
Cer81_rep5_Dep6_Tu10,0.000,6.500,7.756,0.000,43.008,0.000,0.003,0.029,0.007,1.290,2.714,0.001,38.692
Cer81_rep7_Dep6_Tu0.1,0.000,0.000,0.000,0.000,47.767,0.000,0.000,0.001,0.000,0.651,6.964,0.002,44.614
Cer81_rep8_Dep6_Tu0.5,0.000,0.005,0.000,0.000,46.142,0.000,0.835,0.001,0.008,0.617,7.915,0.000,44.475
Cer81_rep7_Dep6_Tu1,0.000,0.659,0.000,0.000,47.932,0.000,0.000,0.000,0.000,0.029,9.335,0.025,42.020
Cer81_rep10_Dep6_Tu0.5,0.000,0.000,0.000,0.000,42.332,0.506,0.172,0.000,0.000,1.332,7.654,0.040,47.964
Cer81_rep8_Dep6_Tu20,0.005,10.302,18.997,0.570,30.094,0.001,1.148,0.438,0.390,0.121,1.449,0.539,35.946
Cer81_rep4_Dep6_Tu5,0.000,3.814,3.155,0.000,43.946,0.001,0.000,0.262,0.061,2.462,4.564,0.357,41.378
Cer81_rep3_Dep6_Tu30,0.000,4.112,40.456,0.000,24.236,0.000,0.009,0.000,0.002,0.715,6.576,0.006,23.887
Cer81_rep9_Dep6_Tu0.3,0.000,0.017,0.000,0.000,41.339,0.000,0.000,0.000,0.000,0.345,5.300,0.001,52.998
Cer81_rep4_Dep6_Tu0.3,0.000,0.007,0.000,0.000,48.358,0.000,0.000,0.000,0.000,0.763,5.227,0.103,45.542
Cer81_rep1_Dep6_Tu30,0.000,5.692,39.831,0.000,24.010,0.000,0.000,0.000,0.001,3.785,2.153,0.000,24.528
Cer81_rep1_Dep6_Tu1,0.000,0.282,0.000,0.000,42.346,0.000,0.007,0.002,0.046,2.264,6.442,1.930,46.680
Cer81_rep4_Dep6_Tu50,0.440,0.299,66.815,0.000,3.997,0.339,0.736,0.182,1.843,8.052,2.557,0.007,14.733
Cer81_rep6_Dep6_Tu0.1,0.000,0.003,0.000,0.000,42.891,0.000,0.031,0.066,0.134,0.710,9.951,0.012,46.202
Cer81_rep1_Dep6_Tu0.5,0.000,0.010,0.000,0.000,43.542,0.000,0.001,0.014,0.006,2.207,6.650,0.000,47.569
Cer81_rep3_Dep6_Tu50,0.003,2.090,63.561,0.072,10.914,0.000,1.379,0.981,0.431,0.201,5.351,0.163,14.856
Cer81_rep6_Dep6_Tu50,0.000,6.100,62.206,0.208,2.107,0.489,0.987,1.338,0.597,4.766,4.861,2.215,14.126
Cer81_rep4_Dep6_Tu40,0.038,7.162,44.324,0.052,26.417,0.006,0.007,0.017,0.052,2.254,3.337,0.222,16.112
Cer81_rep7_Dep6_Tu5,0.000,2.850,0.001,0.000,51.194,0.000,0.000,0.000,0.000,0.055,2.431,0.000,43.468
Cer81_rep9_Dep6_Tu30,0.000,14.472,27.456,0.001,21.071,0.000,0.969,0.013,0.004,2.247,5.556,0.182,28.028
Cer81_rep5_Dep6_Tu0.5,0.000,0.001,0.000,0.000,41.484,0.000,0.000,0.002,0.000,0.019,8.632,0.003,49.858
Cer81_rep5_Dep6_Tu2,0.000,0.561,0.000,0.000,47.759,0.000,0.000,0.008,0.310,0.408,3.387,2.136,45.433
Cer81_rep5_Dep6_Tu3,0.000,1.946,0.000,0.000,53.120,0.000,0.000,0.000,0.000,0.179,3.683,0.001,41.071
Cer81_rep2_Dep6_Tu0.3,0.000,0.004,0.000,0.000,41.013,0.000,0.000,0.009,0.001,5.239,1.857,0.024,51.852
Cer81_rep10_Dep6_Tu1,0.000,0.110,0.000,0.000,43.823,0.000,0.000,0.001,0.007,3.917,2.498,0.065,49.580
Cer81_rep3_Dep6_Tu20,0.000,7.297,24.498,0.000,33.028,0.000,0.000,0.000,0.000,0.066,1.278,0.000,33.833
Cer81_rep4_Dep6_Tu10,0.000,8.293,2.486,0.000,48.998,0.000,0.000,0.000,0.000,0.056,3.562,0.000,36.604
Cer81_rep4_Dep6_Tu2,0.000,0.018,0.000,0.003,40.958,0.000,0.000,0.005,0.204,0.508,9.179,1.415,47.710
Cer81_rep1_Dep6_Tu20,0.000,9.176,24.980,0.001,34.528,0.000,0.013,0.000,0.592,0.637,0.594,0.161,29.318
Cer81_rep3_Dep6_Tu40,0.111,5.465,51.872,0.749,14.102,0.188,0.449,0.489,0.154,0.032,0.763,2.117,23.509
Cer81_rep9_Dep6_Tu0.5,0.000,0.001,0.000,0.000,46.994,0.000,0.000,0.026,0.003,0.094,7.473,0.093,45.316
Cer81_rep2_Dep6_Tu10,0.000,3.819,3.335,0.328,46.983,0.004,0.000,0.001,0.000,1.017,6.179,0.003,38.330
Cer81_rep6_Dep6_Tu0.3,0.000,0.051,0.000,0.000,42.159,0.000,0.001,0.004,0.080,2.507,9.610,0.976,44.612
Cer81_rep10_Dep6_Tu30,0.000,5.551,36.422,0.256,25.384,0.029,0.003,0.005,0.251,2.092,6.085,0.008,23.914
Cer81_rep1_Dep6_Tu10,0.000,4.279,6.639,0.000,49.825,0.000,1.152,0.011,0.031,0.290,5.313,0.664,31.797
Cer81_rep7_Dep6_Tu2,0.000,0.398,0.000,0.000,49.954,0.000,0.000,0.000,0.000,0.615,3.341,0.001,45.692
Cer81_rep6_Dep6_Tu2,0.000,0.446,0.000,0.000,47.069,0.000,0.008,0.030,0.465,1.705,3.632,0.319,46.326
Cer81_rep10_Dep6_Tu40,0.000,4.364,53.044,0.000,11.071,0.002,0.276,0.010,1.709,0.972,5.339,0.384,22.828
Cer81_rep6_Dep6_Tu5,0.000,2.337,3.798,0.000,51.412,0.000,0.000,0.000,0.000,0.007,1.797,0.000,40.650
Cer81_rep5_Dep6_Tu40,0.031,5.269,47.297,0.001,15.958,0.137,0.205,2.113,2.372,0.821,5.789,0.999,19.010
Cer81_rep3_Dep6_Tu3,0.000,3.214,0.000,0.464,51.650,0.000,0.000,0.001,0.000,0.268,4.202,0.013,40.187
Cer81_rep1_Dep6_Tu2,0.000,1.032,0.000,0.000,47.447,0.000,0.000,0.000,0.000,0.681,3.646,0.001,47.192
Cer81_rep6_Dep6_Tu10,0.000,6.978,0.827,0.830,46.890,0.000,0.000,0.000,0.000,0.004,4.611,0.047,39.812
Cer81_rep9_Dep6_Tu2,0.000,0.013,0.000,0.000,52.452,0.000,0.000,0.001,0.001,2.735,4.056,0.281,40.459
Cer81_rep6_Dep6_Tu0.5,0.000,0.065,0.000,0.000,40.566,0.016,0.311,0.005,0.852,3.372,6.760,0.134,47.917
Cer81_rep1_Dep6_Tu0.3,0.000,0.020,0.000,0.000,40.887,0.000,0.002,0.052,0.011,0.781,9.694,0.896,47.657
Cer81_rep1_Dep6_Tu3,0.000,0.514,0.000,0.000,49.365,0.000,0.000,0.000,0.000,0.658,8.980,0.031,40.452
Cer81_rep2_Dep6_Tu0.1,0.000,0.001,0.000,0.000,38.590,0.001,0.000,0.158,2.158,3.978,6.250,1.283,47.581
Cer81_rep7_Dep6_Tu0.3,0.000,0.001,0.000,0.000,43.264,0.000,0.000,0.000,0.000,3.980,5.960,0.016,46.779
Cer81_rep5_Dep6_Tu30,0.000,7.264,31.433,0.468,28.489,0.000,0.009,0.026,0.006,9.884,1.578,0.000,20.842
Cer81_rep10_Dep6_Tu3,0.000,1.525,0.000,0.000,47.982,0.000,0.002,0.000,0.000,0.327,6.280,0.037,43.847
Cer81_rep6_Dep6_Tu40,0.000,5.376,47.104,0.000,16.721,0.362,0.007,0.773,0.097,2.085,4.675,2.173,20.627
Cer81_rep3_Dep6_Tu0.5,0.000,0.013,0.000,0.000,41.624,0.000,0.001,0.002,0.083,2.706,9.659,1.106,44.806
Cer81_rep8_Dep6_Tu5,0.000,4.681,0.000,0.276,51.615,0.030,0.017,0.000,0.000,0.015,4.663,0.391,38.313
Cer81_rep7_Dep6_Tu30,0.000,4.214,43.021,0.000,26.057,0.000,0.000,0.001,0.000,0.386,2.453,0.000,23.868
Cer81_rep3_Dep6_Tu2,0.000,1.569,0.000,0.001,49.170,0.000,0.002,0.000,0.000,0.001,6.722,0.011,42.524
Cer81_rep5_Dep6_Tu50,1.281,0.055,64.484,1.116,7.296,0.000,1.280,0.447,1.521,3.925,3.621,0.097,14.876
Cer81_rep2_Dep6_Tu20,0.000,12.071,15.409,0.000,39.963,0.000,0.038,0.000,0.000,0.001,2.147,0.000,30.370
Cer81_rep7_Dep6_Tu40,0.153,4.524,47.997,0.142,15.112,0.955,1.250,0.911,0.074,3.342,3.752,0.555,21.233
Cer81_rep10_Dep6_Tu0.3,0.000,0.000,0.000,0.000,39.613,0.000,0.000,0.027,0.583,0.242,10.426,0.326,48.783
Cer81_rep4_Dep6_Tu3,0.000,4.310,0.076,0.000,40.786,0.001,0.000,0.012,0.014,0.894,4.039,0.111,49.757
Cer81_rep6_Dep6_Tu1,0.000,0.089,0.000,0.000,44.628,0.000,0.000,0.001,0.000,2.115,1.932,0.310,50.926
Cer81_rep4_Dep6_Tu0.5,0.000,0.003,0.000,0.000,43.254,0.000,0.002,0.005,0.001,2.274,7.591,0.248,46.621
Cer81_rep3_Dep6_Tu0.1,0.000,0.001,0.000,0.000,40.714,0.000,0.000,0.002,0.000,2.758,9.314,0.067,47.143
Cer81_rep7_Dep6_Tu10,0.000,8.664,2.797,0.100,49.816,0.000,0.000,0.000,0.000,0.004,4.010,0.001,34.607
Cer81_rep10_Dep6_Tu50,2.889,1.644,60.491,0.965,12.014,1.221,0.477,0.005,0.003,0.034,5.902,0.000,14.357
Cer81_rep5_Dep6_Tu0.3,0.000,0.008,0.000,0.000,46.264,0.000,0.000,0.004,0.150,0.908,7.854,2.180,42.632
Cer81_rep6_Dep6_Tu20,0.000,7.003,22.388,0.001,36.340,0.000,0.000,0.000,0.184,0.046,3.325,0.180,30.532
Cer81_rep3_Dep6_Tu5,0.000,2.899,0.039,0.000,49.942,0.000,0.000,0.000,0.000,0.584,0.924,0.000,45.614
Cer81_rep3_Dep6_Tu10,0.000,3.061,10.721,0.002,45.501,0.000,0.000,0.000,0.000,0.137,2.132,0.000,38.446
Cer81_rep9_Dep6_Tu3,0.000,1.479,0.000,0.000,46.236,0.000,0.003,0.145,0.533,1.244,4.977,0.558,44.824
Cer81_rep1_Dep6_Tu5,0.000,5.456,0.093,0.000,49.071,0.000,0.003,0.002,0.920,0.015,3.946,0.007,40.488
