Sample,BRCA,CEAD,CESC,COAD,OV,READ,bcell,cd4tcell,cd8tcell,erythroblast,monocyte,naturalkillercell,neutrophil
Cer81_rep10_Dep6_Tu5,2.542,0.000,0.000,0.000,4.797,0.000,2.703,1.037,0.421,16.218,13.225,2.472,56.586
Cer81_rep8_Dep6_Tu2,0.890,0.000,0.000,0.000,0.988,0.000,3.982,0.000,0.000,17.120,12.250,4.174,60.595
Cer81_rep6_Dep6_Tu3,0.000,0.000,2.012,0.296,4.397,0.000,4.795,0.000,2.024,14.831,12.667,0.000,58.977
Cer81_rep2_Dep6_Tu3,0.000,0.000,0.631,0.151,7.885,0.000,0.000,2.689,0.000,14.095,12.135,6.781,55.633
Cer81_rep7_Dep6_Tu20,3.664,0.000,7.490,3.274,11.145,0.000,2.357,1.895,0.000,11.721,9.027,3.000,46.427
Cer81_rep5_Dep6_Tu5,0.000,0.000,2.587,0.703,6.361,0.000,5.231,1.320,0.606,15.591,10.326,4.967,52.309
Cer81_rep4_Dep6_Tu0.1,0.000,0.000,0.898,0.000,1.335,0.000,2.171,0.950,0.000,16.679,12.945,1.985,63.037
Cer81_rep9_Dep6_Tu20,7.494,0.923,9.245,1.873,0.364,0.000,4.165,0.000,0.085,15.162,8.452,1.902,50.334
Cer81_rep9_Dep6_Tu5,4.037,0.000,2.006,1.454,0.632,0.000,4.238,1.266,1.744,17.134,10.026,2.994,54.469
Cer81_rep2_Dep6_Tu1,0.000,0.000,3.408,0.000,4.302,0.000,0.236,0.392,0.000,14.869,12.669,4.426,59.699
Cer81_rep8_Dep6_Tu3,1.113,1.848,0.000,1.377,5.271,0.000,0.389,0.000,1.180,14.061,9.033,3.831,61.897
Cer81_rep8_Dep6_Tu1,0.000,0.000,0.000,0.910,0.975,0.000,0.000,0.000,0.000,18.491,13.701,4.557,61.366
Cer81_rep1_Dep6_Tu50,7.545,0.000,21.719,9.999,5.794,0.000,3.597,1.238,4.129,9.947,4.723,0.804,30.505
Cer81_rep9_Dep6_Tu1,2.139,0.000,0.000,0.031,2.084,0.000,3.725,0.000,0.000,15.772,12.974,1.313,61.963
Cer81_rep4_Dep6_Tu30,6.161,3.898,13.683,5.004,5.069,0.000,0.605,0.145,0.000,14.783,7.486,0.902,42.264
Cer81_rep5_Dep6_Tu20,1.781,5.954,1.832,4.160,0.000,0.000,6.786,0.000,0.671,16.577,9.724,1.639,50.876
Cer81_rep2_Dep6_Tu0.5,0.000,0.000,0.000,0.029,1.858,0.000,1.266,1.006,0.000,17.903,13.766,1.132,63.040
Cer81_rep2_Dep6_Tu2,0.000,0.000,1.886,0.814,2.071,0.000,1.800,0.000,0.479,17.926,15.102,0.533,59.388
Cer81_rep5_Dep6_Tu1,1.540,0.000,2.038,0.000,0.000,0.000,4.280,0.775,1.952,17.731,11.592,3.400,56.691
Cer81_rep7_Dep6_Tu0.5,0.000,0.000,0.893,0.000,5.157,0.000,1.483,0.000,3.791,16.313,10.323,2.266,59.774
Cer81_rep5_Dep6_Tu0.1,0.000,0.000,0.000,0.000,2.322,0.000,3.475,0.744,0.000,16.615,13.186,0.000,63.657
Cer81_rep8_Dep6_Tu0.1,0.000,0.000,0.000,0.000,6.162,0.000,6.715,0.372,1.592,12.178,9.006,5.326,58.649
Cer81_rep10_Dep6_Tu10,4.055,1.782,5.067,0.474,0.000,0.000,2.312,1.723,0.822,16.913,8.739,3.286,54.828
Cer81_rep2_Dep6_Tu5,3.827,0.791,0.000,2.250,3.828,0.000,1.777,0.620,0.000,15.731,8.446,3.938,58.793
Cer81_rep8_Dep6_Tu50,11.493,0.000,21.245,10.162,12.187,0.000,2.535,3.211,0.000,8.123,3.279,1.984,25.781
Cer81_rep2_Dep6_Tu40,8.605,0.655,17.619,8.344,0.000,0.000,6.191,0.000,2.047,9.360,9.230,0.200,37.748
Cer81_rep6_Dep6_Tu30,10.376,0.000,8.918,3.578,8.611,0.000,3.464,1.697,2.035,7.517,9.787,5.213,38.804
Cer81_rep4_Dep6_Tu1,0.000,0.000,0.000,0.000,2.871,0.000,6.784,0.000,1.211,16.402,13.152,3.783,55.797
Cer81_rep3_Dep6_Tu0.3,0.000,0.000,0.000,0.000,7.096,0.000,5.554,0.000,2.973,11.530,10.397,1.929,60.521
Cer81_rep9_Dep6_Tu0.1,0.000,0.000,0.000,0.000,7.645,0.000,3.628,0.000,1.125,17.124,11.719,2.546,56.213
Cer81_rep1_Dep6_Tu40,10.342,0.000,19.320,5.985,2.383,0.000,0.000,1.934,6.178,10.164,11.373,1.214,31.108
Cer81_rep10_Dep6_Tu2,0.601,0.000,0.000,0.000,7.043,0.000,3.303,0.000,0.000,20.241,7.753,1.756,59.304
Cer81_rep7_Dep6_Tu50,7.612,6.245,19.729,8.640,4.406,0.000,1.982,3.009,0.000,9.885,10.395,2.913,25.182
Cer81_rep8_Dep6_Tu0.3,0.479,0.023,0.000,0.000,3.014,0.000,0.000,0.000,0.001,14.063,13.069,2.633,66.717
Cer81_rep8_Dep6_Tu40,3.046,0.000,16.288,3.919,13.311,0.000,4.621,1.702,0.000,14.782,7.472,3.498,31.361
Cer81_rep9_Dep6_Tu40,12.484,0.687,14.354,5.940,8.276,0.000,1.966,2.734,0.000,9.209,6.788,1.419,36.142
Cer81_rep9_Dep6_Tu10,1.637,0.000,0.205,6.019,2.849,0.000,5.662,1.282,0.000,13.881,11.556,1.973,54.937
Cer81_rep2_Dep6_Tu50,10.841,0.000,19.254,5.111,7.555,0.000,0.526,0.574,0.000,13.396,7.156,0.000,35.588
Cer81_rep8_Dep6_Tu10,3.151,0.000,5.592,0.164,0.000,0.000,6.204,1.772,2.660,10.597,8.316,2.683,58.861
Cer81_rep10_Dep6_Tu0.1,0.000,0.000,0.000,0.000,1.257,0.000,2.507,1.368,2.367,16.022,10.892,4.422,61.164
Cer81_rep3_Dep6_Tu1,0.000,0.000,0.000,0.000,2.611,0.000,2.845,0.000,0.000,15.852,13.751,4.580,60.360
Cer81_rep9_Dep6_Tu50,10.175,0.000,22.037,5.139,8.248,0.637,2.892,1.652,0.000,11.894,2.986,1.370,32.968
Cer81_rep8_Dep6_Tu30,11.326,0.000,14.506,1.441,5.569,0.000,1.391,0.502,0.000,11.012,9.137,1.109,44.006
Cer81_rep4_Dep6_Tu20,0.684,0.000,11.189,2.235,10.613,0.000,3.746,2.649,0.172,7.936,15.203,4.672,40.902
Cer81_rep10_Dep6_Tu20,4.043,0.201,7.712,5.039,7.963,0.000,1.011,0.576,3.803,11.082,6.664,2.162,49.743
Cer81_rep7_Dep6_Tu3,0.000,0.000,2.049,0.000,4.746,0.000,4.822,0.000,0.000,15.874,11.674,5.032,55.804
Cer81_rep2_Dep6_Tu30,7.833,0.000,16.788,8.708,5.818,0.000,0.000,0.000,0.000,8.854,8.780,0.756,42.464
Cer81_rep1_Dep6_Tu0.1,0.379,0.000,0.000,0.000,1.813,0.000,1.908,0.192,1.824,15.549,7.613,1.303,69.419
Cer81_rep5_Dep6_Tu10,0.000,1.870,2.021,2.851,2.034,0.000,5.089,2.104,0.000,19.800,9.659,3.111,51.460
Cer81_rep7_Dep6_Tu0.1,0.000,0.000,0.000,0.000,5.552,0.000,1.727,1.192,0.000,15.420,14.157,2.674,59.277
Cer81_rep8_Dep6_Tu0.5,0.000,0.000,0.000,0.000,6.537,0.000,5.567,0.000,2.765,12.127,9.601,1.761,61.641
Cer81_rep7_Dep6_Tu1,0.000,0.000,0.000,0.000,0.000,0.000,2.397,0.817,0.635,14.660,14.442,5.200,61.848
Cer81_rep10_Dep6_Tu0.5,0.000,0.000,0.000,0.000,3.894,0.000,2.961,0.000,0.000,16.143,12.525,3.662,60.814
Cer81_rep8_Dep6_Tu20,3.819,4.491,5.165,2.620,3.370,0.000,6.457,4.951,0.000,9.509,7.544,2.434,49.638
Cer81_rep4_Dep6_Tu5,0.000,0.000,0.000,1.651,10.357,1.227,3.916,2.170,0.489,15.977,9.430,3.013,51.769
Cer81_rep3_Dep6_Tu30,2.511,0.000,16.930,5.314,5.352,0.000,1.788,0.000,0.000,15.778,9.412,1.898,41.017
Cer81_rep9_Dep6_Tu0.3,0.041,0.696,0.000,0.126,1.841,0.000,0.000,0.000,0.153,14.398,13.222,2.659,66.863
Cer81_rep4_Dep6_Tu0.3,0.000,1.048,0.632,0.000,0.123,0.000,2.595,0.000,0.000,18.462,11.249,1.594,64.297
Cer81_rep1_Dep6_Tu30,11.806,0.000,11.138,4.783,4.244,0.000,2.122,0.000,0.000,15.220,7.677,2.252,40.758
Cer81_rep1_Dep6_Tu1,0.000,0.000,0.000,0.000,1.326,0.000,4.098,0.000,0.648,16.626,12.743,4.802,59.757
Cer81_rep4_Dep6_Tu50,10.196,0.000,21.021,7.753,7.253,0.000,4.975,0.337,2.886,11.944,7.407,0.397,25.830
Cer81_rep6_Dep6_Tu0.1,0.000,0.000,1.202,0.000,0.611,0.000,2.939,0.599,3.170,14.217,15.479,0.000,61.782
Cer81_rep1_Dep6_Tu0.5,0.000,0.000,1.366,0.000,5.158,0.000,3.157,0.000,1.308,15.514,9.751,1.515,62.232
Cer81_rep3_Dep6_Tu50,8.921,0.000,25.226,4.979,7.399,0.000,2.330,1.598,0.000,9.285,8.540,2.405,29.316
Cer81_rep6_Dep6_Tu50,3.722,4.505,25.309,7.667,5.921,1.314,2.699,1.403,0.991,12.978,9.280,2.539,21.673
Cer81_rep4_Dep6_Tu40,7.412,2.712,16.931,5.110,5.992,0.000,2.129,0.461,0.000,16.459,7.394,2.288,33.111
Cer81_rep7_Dep6_Tu5,0.000,0.000,3.198,0.060,4.182,0.000,5.009,2.049,0.722,13.244,10.441,0.978,60.117
Cer81_rep9_Dep6_Tu30,9.928,4.238,8.967,2.227,5.652,0.000,4.057,0.000,0.000,14.449,9.615,3.119,37.748
Cer81_rep5_Dep6_Tu0.5,0.138,0.000,0.000,0.000,1.511,0.000,3.103,1.256,0.000,12.207,10.256,4.455,67.074
Cer81_rep5_Dep6_Tu2,0.000,0.000,2.007,0.000,4.082,0.000,0.512,0.000,4.039,15.347,9.874,3.881,60.256
Cer81_rep5_Dep6_Tu3,0.000,0.000,0.000,0.000,9.875,0.000,1.343,1.123,0.000,16.097,8.707,4.136,58.718
Cer81_rep2_Dep6_Tu0.3,0.000,2.181,0.000,0.000,4.161,0.000,1.873,1.348,0.000,15.655,7.147,2.903,64.733
Cer81_rep10_Dep6_Tu1,0.000,0.944,0.000,0.709,5.101,0.000,0.982,0.144,2.132,13.696,9.732,3.394,63.166
Cer81_rep3_Dep6_Tu20,4.534,0.600,15.369,2.109,1.711,0.000,0.000,1.266,0.696,13.029,8.099,0.128,52.459
Cer81_rep4_Dep6_Tu10,0.000,2.426,3.888,2.599,2.259,0.000,0.000,0.000,0.000,18.529,12.694,0.713,56.894
Cer81_rep4_Dep6_Tu2,0.000,1.045,0.000,0.000,6.458,0.000,2.166,0.000,1.018,13.158,12.110,4.318,59.726
Cer81_rep1_Dep6_Tu20,3.673,1.175,13.249,1.026,10.763,0.000,0.707,0.000,3.674,14.968,6.138,2.581,42.044
Cer81_rep3_Dep6_Tu40,7.531,0.000,17.318,6.369,9.827,0.000,3.673,1.791,0.000,8.807,4.857,4.228,35.597
Cer81_rep9_Dep6_Tu0.5,0.000,0.000,0.731,0.000,3.900,0.000,1.702,1.710,0.000,14.611,13.718,4.210,59.418
Cer81_rep2_Dep6_Tu10,1.280,0.000,0.303,3.302,8.028,0.000,0.000,0.571,0.000,16.971,13.926,2.668,52.952
Cer81_rep6_Dep6_Tu0.3,0.000,0.038,0.000,0.000,0.170,0.000,4.595,0.352,3.098,16.413,14.006,3.687,57.642
Cer81_rep10_Dep6_Tu30,4.481,0.000,15.614,2.592,12.022,0.000,0.000,0.000,1.764,13.043,13.603,1.574,35.307
Cer81_rep1_Dep6_Tu10,0.814,1.545,0.000,0.451,4.873,0.000,9.894,0.000,1.345,17.541,11.073,4.872,47.591
Cer81_rep7_Dep6_Tu2,0.000,0.000,2.782,0.000,0.000,0.000,3.623,0.000,1.657,16.675,8.326,1.735,65.202
Cer81_rep6_Dep6_Tu2,0.000,0.023,0.489,0.048,6.305,0.000,0.745,0.000,6.605,16.648,8.703,0.127,60.307
Cer81_rep10_Dep6_Tu40,5.233,3.681,17.414,3.082,5.865,0.000,5.389,0.000,2.721,10.902,8.695,2.884,34.134
Cer81_rep6_Dep6_Tu5,0.000,0.000,5.818,0.528,0.265,0.000,3.952,0.135,1.884,14.369,7.827,2.278,62.944
Cer81_rep5_Dep6_Tu40,3.553,0.190,16.645,5.535,12.131,0.000,2.292,1.719,2.665,9.473,9.860,4.810,31.128
Cer81_rep3_Dep6_Tu3,0.000,0.000,4.060,0.164,1.009,0.000,2.152,2.820,0.000,15.603,11.630,5.882,56.680
Cer81_rep1_Dep6_Tu2,1.812,0.000,0.000,0.000,6.209,0.000,2.590,0.000,0.000,14.969,12.298,2.304,59.818
Cer81_rep6_Dep6_Tu10,0.000,0.000,4.422,2.981,0.110,0.000,1.895,0.000,0.695,13.876,12.090,4.016,59.915
Cer81_rep9_Dep6_Tu2,0.000,0.000,0.000,0.128,4.437,0.000,1.773,0.000,0.000,23.298,10.473,2.635,57.256
Cer81_rep6_Dep6_Tu0.5,0.000,0.000,0.000,0.000,4.108,0.000,4.246,0.000,3.730,15.333,11.138,1.564,59.881
Cer81_rep1_Dep6_Tu0.3,0.000,0.000,1.220,0.000,0.000,0.000,2.348,0.457,0.000,15.928,14.080,3.116,62.851
Cer81_rep1_Dep6_Tu3,0.000,0.000,3.060,0.000,2.319,0.000,2.455,0.000,0.000,15.191,14.283,5.009,57.683
Cer81_rep2_Dep6_Tu0.1,0.852,0.000,0.000,0.000,1.997,0.000,2.313,1.229,2.853,17.217,9.373,5.158,59.008
Cer81_rep7_Dep6_Tu0.3,0.000,0.000,0.000,0.000,0.000,0.000,0.000,0.000,0.000,22.589,12.442,1.624,63.345
Cer81_rep5_Dep6_Tu30,5.538,0.000,9.086,5.416,3.894,0.000,4.605,2.444,0.714,20.894,8.963,0.714,37.731
Cer81_rep10_Dep6_Tu3,0.000,0.000,0.000,1.510,4.195,0.000,3.796,0.344,0.000,14.750,10.618,3.479,61.308
Cer81_rep6_Dep6_Tu40,6.591,5.921,16.099,1.532,9.220,0.000,2.327,0.715,0.000,12.367,8.707,3.772,32.748
Cer81_rep3_Dep6_Tu0.5,0.000,0.000,0.000,0.000,0.541,0.000,5.038,0.000,3.016,16.351,13.902,3.597,57.554
Cer81_rep8_Dep6_Tu5,0.000,0.000,2.982,1.077,2.121,0.000,5.601,0.000,2.468,15.313,11.478,3.255,55.705
Cer81_rep7_Dep6_Tu30,6.017,0.000,13.860,4.383,9.700,0.000,1.532,0.000,0.000,14.218,9.897,1.227,39.166
Cer81_rep3_Dep6_Tu2,0.000,0.000,2.233,0.015,3.374,0.000,4.845,0.000,0.000,12.385,13.413,2.083,61.651
Cer81_rep5_Dep6_Tu50,12.854,0.000,20.678,5.757,7.225,0.000,2.629,0.000,2.929,11.532,6.998,2.709,26.689
Cer81_rep2_Dep6_Tu20,2.136,2.146,8.323,3.152,3.417,0.000,6.178,0.000,2.739,13.237,5.968,1.180,51.522
Cer81_rep7_Dep6_Tu40,10.848,0.000,18.554,4.655,3.163,1.795,3.821,1.813,0.000,13.465,6.610,2.415,32.862
Cer81_rep10_Dep6_Tu0.3,0.000,0.000,0.000,0.000,2.904,0.000,0.000,1.095,1.330,12.186,13.850,5.769,62.865
Cer81_rep4_Dep6_Tu3,0.531,1.298,0.000,0.124,4.234,0.000,2.412,1.071,0.915,16.027,10.143,2.647,60.598
Cer81_rep6_Dep6_Tu1,0.122,1.456,0.000,0.000,0.000,0.000,4.702,0.000,0.000,18.336,6.151,2.522,66.711
Cer81_rep4_Dep6_Tu0.5,0.000,0.000,0.000,0.000,0.783,0.000,5.284,0.000,0.267,18.161,10.648,3.488,61.370
Cer81_rep3_Dep6_Tu0.1,0.000,0.000,0.000,0.000,7.993,0.000,0.967,0.715,0.000,14.930,15.662,2.674,57.059
Cer81_rep7_Dep6_Tu10,0.091,0.000,3.849,2.774,3.824,0.000,4.698,1.449,0.000,14.384,12.831,5.178,50.921
Cer81_rep10_Dep6_Tu50,9.120,5.530,19.047,7.739,9.582,0.602,2.794,0.000,0.000,8.058,9.210,1.530,26.787
Cer81_rep5_Dep6_Tu0.3,0.000,2.203,0.166,0.000,3.193,0.092,2.603,0.000,3.758,14.570,12.903,4.635,55.876
Cer81_rep6_Dep6_Tu20,1.349,0.000,13.541,1.319,3.880,0.000,0.000,0.000,6.934,12.436,10.691,2.414,47.436
Cer81_rep3_Dep6_Tu5,1.569,0.000,0.000,2.971,1.373,0.000,3.221,0.130,0.684,19.745,6.604,0.666,63.036
Cer81_rep3_Dep6_Tu10,0.000,0.000,6.779,2.611,1.523,0.000,1.929,1.336,0.000,18.712,10.418,0.807,55.885
Cer81_rep9_Dep6_Tu3,0.000,0.000,0.000,0.000,4.700,0.000,4.291,1.504,2.372,14.753,11.483,3.988,56.909
Cer81_rep1_Dep6_Tu5,2.248,0.000,5.180,0.000,1.059,0.000,3.902,0.000,4.341,11.698,9.473,2.506,59.593
