Sample,BRCA,CEAD,CESC,COAD,OV,READ,bcell,cd4tcell,cd8tcell,erythroblast,monocyte,naturalkillercell,neutrophil,Unknown-1,Unknown-2,Unknown-3,Unknown-4,Unknown-5,Unknown-6,Unknown-7,Unknown-8,Unknown-9,Unknown-10
Colo_rep2_Dep6_Tu0.5,0.000,0.000,0.000,0.000,0.000,0.000,0.000,0.000,0.000,0.000,0.388,0.000,55.217,0.878,19.908,0.312,0.000,0.000,13.092,7.922,2.283,0.000,0.000
Colo_rep2_Dep6_Tu50,0.000,0.000,0.000,0.000,0.000,38.018,0.000,0.000,0.000,0.000,0.014,0.000,16.345,0.190,14.244,0.000,0.000,7.225,22.635,1.327,0.000,0.000,0.000
Colo_rep6_Dep6_Tu1,0.000,0.000,0.000,0.000,0.000,0.000,0.000,0.000,0.000,0.000,0.407,0.000,57.213,6.978,15.168,0.000,0.914,0.000,0.000,4.888,11.420,3.009,0.000
Colo_rep3_Dep6_Tu2,0.000,0.000,0.000,0.000,0.000,0.000,0.000,0.000,0.000,0.000,0.431,0.000,55.331,1.487,18.497,0.000,0.000,0.000,2.265,0.000,0.000,0.000,21.987
Colo_rep7_Dep6_Tu2,0.000,0.000,0.000,0.000,0.000,0.000,0.000,0.000,0.000,0.000,0.338,0.000,54.375,0.598,6.557,5.995,0.000,0.000,6.358,0.098,4.461,13.459,7.758
Colo_rep8_Dep6_Tu0.1,0.000,0.000,0.000,0.000,0.000,0.000,0.000,0.000,0.000,0.000,0.559,0.000,55.103,28.294,8.519,6.932,0.000,0.000,0.116,0.212,0.000,0.265,0.000
Colo_rep10_Dep6_Tu2,0.000,0.000,0.000,0.000,0.000,0.000,0.000,0.000,0.000,0.000,0.119,0.000,52.166,3.014,18.080,1.814,0.000,0.000,9.527,0.664,13.485,1.131,0.000
Colo_rep6_Dep6_Tu3,0.000,0.000,0.000,0.000,0.000,0.000,0.000,0.000,0.000,0.000,0.123,0.000,56.212,1.804,10.042,0.000,0.000,0.000,1.925,0.000,5.389,1.484,23.020
Colo_rep9_Dep6_Tu30,0.000,0.000,0.000,0.000,0.000,24.508,0.000,0.000,0.000,0.000,0.237,0.000,28.151,21.542,18.682,0.000,0.676,0.000,6.203,0.000,0.000,0.000,0.000
Colo_rep9_Dep6_Tu0.5,0.000,0.000,0.000,0.000,0.000,0.000,0.000,0.000,0.000,0.000,0.257,0.000,53.852,1.595,14.121,0.000,0.000,0.000,19.057,0.000,2.159,8.957,0.000
Colo_rep6_Dep6_Tu20,0.000,0.000,0.000,0.000,0.000,10.973,0.000,0.000,0.000,0.000,0.014,0.000,40.437,0.000,15.272,26.098,1.295,1.520,4.352,0.038,0.000,0.000,0.000
Colo_rep8_Dep6_Tu30,0.000,0.000,0.000,0.000,0.000,23.997,0.000,0.000,0.000,0.000,0.054,0.000,32.136,1.127,19.955,0.112,0.000,0.000,19.635,2.983,0.000,0.000,0.000
Colo_rep3_Dep6_Tu5,0.000,0.000,0.000,0.000,0.000,2.318,0.000,0.000,0.000,0.000,0.058,0.000,52.160,7.480,28.258,1.791,2.497,0.000,0.000,0.000,0.000,5.437,0.000
Colo_rep4_Dep6_Tu3,0.000,0.000,0.000,0.000,0.000,0.000,0.000,0.000,0.000,0.000,0.241,0.000,50.906,33.425,10.291,0.000,0.756,0.000,0.940,2.089,1.351,0.000,0.000
Colo_rep2_Dep6_Tu10,0.000,0.000,0.000,0.000,0.000,4.907,0.000,0.000,0.000,0.000,0.064,0.000,46.283,2.747,20.939,0.911,0.099,0.000,21.743,2.306,0.000,0.000,0.000
Colo_rep3_Dep6_Tu40,0.000,0.000,0.000,0.000,0.000,31.193,0.000,0.000,0.000,0.000,0.251,0.000,24.749,0.000,12.012,0.000,0.157,10.362,1.702,18.592,0.000,0.000,0.980
Colo_rep3_Dep6_Tu30,0.000,0.000,0.000,0.000,0.000,23.267,0.000,0.000,0.000,0.000,0.153,0.000,30.648,0.000,15.020,0.000,0.120,7.253,20.779,0.546,0.000,0.000,2.212
Colo_rep6_Dep6_Tu30,0.000,0.000,0.000,0.000,0.000,22.723,0.000,0.000,0.000,0.000,0.138,0.000,29.077,11.738,14.718,0.000,0.000,21.512,0.093,0.000,0.000,0.000,0.000
Colo_rep4_Dep6_Tu50,0.000,0.000,0.000,0.000,0.000,31.650,0.000,0.000,0.000,0.000,0.000,0.000,13.551,0.934,2.588,41.595,0.000,8.759,0.851,0.071,0.000,0.000,0.000
Colo_rep5_Dep6_Tu50,0.000,0.000,0.000,0.000,0.020,34.214,0.000,0.000,0.000,0.000,0.154,0.000,14.260,0.168,7.777,0.000,0.000,14.814,15.619,11.976,0.000,0.000,0.997
Colo_rep6_Dep6_Tu2,0.000,0.000,0.000,0.000,0.000,0.000,0.000,0.000,0.000,0.000,0.417,0.000,55.421,29.779,11.698,0.000,0.000,0.000,0.000,2.603,0.080,0.000,0.000
Colo_rep10_Dep6_Tu50,0.000,0.000,0.000,0.000,0.000,33.134,0.000,0.000,0.000,0.000,0.350,0.000,19.291,0.013,3.825,3.899,0.000,37.457,0.000,0.000,0.000,0.000,2.029
Colo_rep7_Dep6_Tu50,0.000,0.000,0.000,0.000,0.000,32.824,0.000,0.000,0.000,0.000,0.093,0.000,19.266,0.000,11.090,0.000,0.983,35.742,0.000,0.000,0.000,0.000,0.000
Colo_rep9_Dep6_Tu40,0.000,0.000,0.000,0.000,0.000,24.997,0.000,0.000,0.000,0.000,0.067,0.000,24.397,1.728,12.317,0.321,0.000,36.171,0.000,0.000,0.000,0.000,0.000
Colo_rep8_Dep6_Tu5,0.000,0.000,0.000,0.000,0.000,1.598,0.000,0.000,0.000,0.000,0.273,0.000,51.261,23.428,6.745,0.000,14.733,0.000,0.716,0.000,0.396,0.078,0.771
Colo_rep1_Dep6_Tu20,0.000,0.000,0.000,0.000,0.000,15.459,0.000,0.000,0.000,0.000,0.267,0.000,38.015,19.817,11.721,0.000,0.000,0.000,0.223,13.151,0.000,0.000,1.346
Colo_rep9_Dep6_Tu2,0.000,0.000,0.000,0.000,0.000,0.000,0.000,0.000,0.000,0.000,0.146,0.000,55.472,2.623,24.974,0.190,0.000,0.000,0.000,0.000,16.593,0.000,0.000
Colo_rep5_Dep6_Tu30,0.000,0.000,0.000,0.000,0.000,20.955,0.000,0.000,0.000,0.000,0.202,0.000,28.966,0.000,15.908,19.821,3.177,0.000,10.970,0.000,0.000,0.000,0.000
Colo_rep4_Dep6_Tu0.1,0.000,0.000,0.000,0.000,0.000,0.000,0.000,0.000,0.000,0.000,0.472,0.000,54.887,2.599,7.995,0.000,0.000,0.000,3.536,0.000,0.252,5.052,25.206
Colo_rep5_Dep6_Tu0.1,0.000,0.000,0.000,0.000,0.000,0.000,0.000,0.000,0.000,0.000,0.354,0.000,51.639,4.385,7.896,0.000,0.000,0.000,3.916,0.000,31.809,0.000,0.000
Colo_rep9_Dep6_Tu3,0.000,0.000,0.000,0.000,0.000,0.000,0.000,0.000,0.000,0.000,0.367,0.000,48.824,35.251,15.026,0.000,0.000,0.000,0.000,0.257,0.133,0.141,0.000
Colo_rep2_Dep6_Tu0.1,0.000,0.000,0.000,0.000,0.000,0.000,0.000,0.000,0.000,0.000,0.508,0.000,52.040,33.547,10.128,0.000,0.765,0.000,0.213,0.000,2.799,0.000,0.000
Colo_rep8_Dep6_Tu10,0.000,0.000,0.000,0.000,0.000,2.504,0.000,0.000,0.000,0.000,0.233,0.000,43.799,23.549,6.041,4.805,0.000,10.402,0.000,8.666,0.000,0.000,0.000
Colo_rep4_Dep6_Tu30,0.000,0.000,0.000,0.000,0.000,19.649,0.000,0.000,0.000,0.000,0.000,0.000,25.678,0.000,16.435,0.000,0.000,0.000,18.069,19.533,0.000,0.000,0.634
Colo_rep2_Dep6_Tu2,0.000,0.000,0.000,0.000,0.000,0.000,0.000,0.000,0.000,0.000,0.352,0.000,54.682,1.951,9.552,0.809,11.048,0.000,3.657,0.000,9.084,0.000,8.863
Colo_rep1_Dep6_Tu5,0.000,0.000,0.000,0.000,0.000,0.843,0.000,0.000,0.000,0.000,0.116,0.000,52.004,1.847,13.084,14.527,0.736,0.000,0.000,0.000,11.737,0.199,4.906
Colo_rep8_Dep6_Tu50,0.000,0.000,0.000,0.000,0.004,32.647,0.000,0.000,0.000,0.000,0.229,0.000,18.359,0.579,4.988,0.000,0.000,40.755,0.000,2.438,0.000,0.000,0.000
Colo_rep5_Dep6_Tu5,0.000,0.000,0.000,0.000,0.000,0.988,0.000,0.000,0.000,0.000,0.239,0.000,49.685,14.094,5.945,0.000,27.347,1.319,0.167,0.000,0.216,0.000,0.000
Colo_rep6_Dep6_Tu50,0.000,0.000,0.000,0.000,0.000,38.441,0.000,0.000,0.000,0.000,0.429,0.000,18.306,2.829,14.915,1.730,2.104,12.287,0.624,8.333,0.000,0.000,0.000
Colo_rep5_Dep6_Tu0.5,0.000,0.000,0.000,0.000,0.000,0.000,0.000,0.000,0.000,0.000,0.335,0.000,55.230,1.782,19.069,0.000,0.000,0.000,2.673,1.845,19.033,0.000,0.032
Colo_rep4_Dep6_Tu20,0.000,0.000,0.000,0.000,0.000,16.760,0.000,0.000,0.000,0.000,0.000,0.000,38.117,13.967,20.106,0.000,6.909,0.000,3.885,0.000,0.255,0.000,0.000
Colo_rep8_Dep6_Tu40,0.000,0.000,0.000,0.000,0.000,30.150,0.000,0.000,0.000,0.000,0.000,0.000,21.810,0.086,9.199,0.000,0.000,0.000,38.456,0.000,0.297,0.000,0.000
Colo_rep7_Dep6_Tu0.3,0.000,0.000,0.000,0.000,0.000,0.000,0.000,0.000,0.000,0.000,0.328,0.000,54.919,1.858,16.464,0.000,0.000,0.000,0.000,0.869,23.900,1.661,0.000
Colo_rep7_Dep6_Tu30,0.000,0.000,0.000,0.000,0.000,22.507,0.000,0.000,0.000,0.000,0.008,0.000,26.893,0.532,14.026,0.000,0.489,0.000,35.232,0.000,0.000,0.000,0.313
Colo_rep10_Dep6_Tu20,0.000,0.000,0.000,0.000,0.000,7.746,0.000,0.000,0.000,0.000,0.180,0.000,35.731,10.001,5.290,0.893,0.569,25.789,0.747,12.638,0.000,0.000,0.415
Colo_rep9_Dep6_Tu10,0.000,0.000,0.000,0.000,0.000,5.961,0.000,0.000,0.000,0.000,0.579,0.000,43.846,31.483,10.280,0.000,0.000,0.000,0.000,7.850,0.000,0.000,0.000
Colo_rep9_Dep6_Tu0.1,0.000,0.000,0.000,0.000,0.000,0.000,0.000,0.000,0.000,0.000,0.528,0.000,53.671,26.977,5.310,1.677,10.676,0.000,0.236,0.000,0.000,0.000,0.922
Colo_rep10_Dep6_Tu0.3,0.000,0.000,0.000,0.000,0.000,0.000,0.000,0.000,0.000,0.000,0.558,0.000,56.246,28.773,9.826,0.000,2.588,0.000,0.000,2.006,0.000,0.000,0.000
Colo_rep8_Dep6_Tu20,0.000,0.000,0.000,0.000,0.000,14.725,0.000,0.000,0.000,0.000,0.004,0.000,34.039,24.151,27.079,0.000,0.000,0.000,0.000,0.000,0.000,0.000,0.000
Colo_rep3_Dep6_Tu3,0.000,0.000,0.000,0.000,0.000,0.000,0.000,0.000,0.000,0.000,0.051,0.000,51.817,10.163,22.292,0.000,0.277,0.000,0.000,2.125,11.903,1.371,0.000
Colo_rep4_Dep6_Tu2,0.000,0.000,0.000,0.000,0.000,0.000,0.000,0.000,0.000,0.000,0.269,0.000,51.823,31.877,12.860,0.000,1.556,0.117,0.000,0.806,0.690,0.000,0.000
Colo_rep10_Dep6_Tu0.1,0.000,0.000,0.000,0.000,0.000,0.000,0.000,0.000,0.000,0.000,0.558,0.000,52.655,30.678,4.677,0.000,6.445,0.000,0.000,0.000,1.061,0.000,3.925
Colo_rep4_Dep6_Tu0.3,0.000,0.000,0.000,0.000,0.000,0.000,0.000,0.000,0.000,0.000,0.298,0.000,55.447,11.141,16.889,0.000,1.650,0.000,0.957,0.000,13.616,0.000,0.000
Colo_rep9_Dep6_Tu0.3,0.000,0.000,0.000,0.000,0.000,0.000,0.000,0.000,0.000,0.000,0.331,0.000,53.240,0.751,17.025,0.000,0.000,0.000,6.879,5.261,5.601,10.910,0.000
Colo_rep1_Dep6_Tu10,0.000,0.000,0.000,0.000,0.000,4.745,0.000,0.000,0.000,0.000,0.308,0.000,40.490,22.348,5.659,1.104,20.817,1.764,0.000,0.000,0.000,0.000,2.764
Colo_rep6_Dep6_Tu0.3,0.000,0.000,0.000,0.000,0.000,0.000,0.000,0.000,0.000,0.000,0.733,0.000,50.750,34.612,12.509,0.000,0.000,0.000,1.048,0.174,0.172,0.000,0.000
Colo_rep6_Dep6_Tu0.5,0.000,0.000,0.000,0.000,0.000,0.000,0.000,0.000,0.000,0.000,0.474,0.000,51.604,29.658,3.501,2.326,1.974,0.000,0.000,0.000,0.000,0.000,10.462
Colo_rep10_Dep6_Tu10,0.000,0.000,0.000,0.000,0.000,4.863,0.000,0.000,0.000,0.000,0.229,0.000,45.594,27.613,7.669,0.000,0.000,0.000,1.697,1.856,0.000,0.045,10.432
Colo_rep10_Dep6_Tu1,0.000,0.000,0.000,0.000,0.000,0.000,0.000,0.000,0.000,0.000,0.705,0.000,53.186,26.122,5.061,0.977,12.121,0.173,0.013,0.000,0.000,0.000,1.641
Colo_rep10_Dep6_Tu5,0.000,0.000,0.000,0.000,0.000,1.576,0.000,0.000,0.000,0.000,0.174,0.000,47.914,33.589,12.691,0.688,0.000,0.000,2.517,0.000,0.850,0.000,0.000
Colo_rep10_Dep6_Tu40,0.000,0.000,0.000,0.000,0.000,33.538,0.000,0.000,0.000,0.000,0.030,0.000,24.168,0.000,15.461,0.000,0.000,0.968,24.462,1.372,0.000,0.000,0.000
Colo_rep10_Dep6_Tu0.5,0.000,0.000,0.000,0.000,0.000,0.000,0.000,0.000,0.000,0.000,0.466,0.000,49.568,23.970,4.149,0.000,21.642,0.000,0.000,0.000,0.174,0.000,0.029
Colo_rep1_Dep6_Tu1,0.000,0.000,0.000,0.000,0.000,0.000,0.000,0.000,0.000,0.000,0.731,0.000,52.005,30.927,4.944,0.000,0.000,0.000,0.180,0.000,0.000,0.000,11.211
Colo_rep7_Dep6_Tu20,0.000,0.000,0.000,0.000,0.000,12.454,0.000,0.000,0.000,0.000,0.096,0.000,35.945,0.236,11.376,0.000,0.527,0.000,35.236,2.627,0.000,1.502,0.000
Colo_rep6_Dep6_Tu10,0.000,0.000,0.000,0.000,0.000,6.397,0.000,0.000,0.000,0.000,0.193,0.000,45.980,32.458,10.874,0.000,0.000,0.000,1.674,0.000,0.000,0.534,1.888
Colo_rep10_Dep6_Tu3,0.000,0.000,0.000,0.000,0.000,0.000,0.000,0.000,0.000,0.000,0.188,0.000,53.378,0.925,19.402,0.000,0.000,0.000,15.782,8.443,0.000,1.846,0.034
Colo_rep1_Dep6_Tu30,0.000,0.000,0.000,0.000,0.000,23.500,0.000,0.000,0.000,0.000,0.000,0.000,28.557,0.000,25.627,2.428,0.000,1.548,12.902,5.437,0.000,0.000,0.000
Colo_rep1_Dep6_Tu0.1,0.000,0.000,0.000,0.000,0.000,0.000,0.000,0.000,0.000,0.000,0.360,0.000,56.261,1.575,11.923,0.000,0.000,0.000,3.578,2.288,21.939,2.077,0.000
Colo_rep7_Dep6_Tu5,0.000,0.000,0.000,0.000,0.000,1.115,0.000,0.000,0.000,0.000,0.346,0.000,52.290,0.851,21.708,0.000,13.948,0.000,4.047,1.707,2.290,1.697,0.000
Colo_rep7_Dep6_Tu0.1,0.000,0.000,0.000,0.000,0.000,0.000,0.000,0.000,0.000,0.000,0.228,0.000,54.192,1.600,15.831,0.000,0.316,0.000,20.974,0.271,0.000,6.586,0.000
Colo_rep6_Dep6_Tu40,0.000,0.000,0.000,0.000,0.000,33.294,0.000,0.000,0.000,0.000,0.287,0.000,24.923,0.166,6.749,0.000,0.000,1.347,31.857,0.948,0.427,0.000,0.000
Colo_rep8_Dep6_Tu2,0.000,0.000,0.000,0.000,0.000,0.000,0.000,0.000,0.000,0.000,0.601,0.000,51.132,34.754,11.395,0.000,0.000,0.000,0.000,2.095,0.000,0.000,0.021
Colo_rep7_Dep6_Tu0.5,0.000,0.000,0.000,0.000,0.000,0.000,0.000,0.000,0.000,0.000,0.089,0.000,56.491,0.635,13.663,0.000,8.971,0.000,1.499,0.000,12.246,0.160,6.245
Colo_rep5_Dep6_Tu20,0.000,0.000,0.000,0.000,0.000,7.166,0.000,0.000,0.000,0.000,0.360,0.000,34.436,14.778,5.015,0.000,1.539,36.703,0.000,0.000,0.000,0.000,0.000
Colo_rep8_Dep6_Tu0.3,0.000,0.000,0.000,0.000,0.000,0.000,0.000,0.000,0.000,0.000,0.321,0.000,53.211,0.860,17.098,0.000,0.000,0.000,6.909,5.216,5.473,10.911,0.000
Colo_rep4_Dep6_Tu5,0.000,0.000,0.000,0.000,0.000,1.270,0.000,0.000,0.000,0.000,0.354,0.000,46.458,22.260,8.118,0.000,21.203,0.000,0.000,0.000,0.335,0.000,0.000
Colo_rep9_Dep6_Tu1,0.000,0.000,0.000,0.000,0.000,0.000,0.000,0.000,0.000,0.000,0.381,0.000,49.908,4.182,6.759,0.199,0.019,0.000,4.659,0.000,33.770,0.047,0.075
Colo_rep1_Dep6_Tu0.5,0.000,0.000,0.000,0.000,0.000,0.000,0.000,0.000,0.000,0.000,0.479,0.000,54.384,2.553,21.831,0.942,8.983,0.000,0.459,1.364,9.005,0.000,0.000
Colo_rep8_Dep6_Tu3,0.000,0.000,0.000,0.000,0.000,0.000,0.000,0.000,0.000,0.000,0.097,0.000,45.582,31.750,5.227,0.000,0.102,0.000,1.402,0.000,1.436,14.403,0.000
Colo_rep5_Dep6_Tu0.3,0.000,0.000,0.000,0.000,0.000,0.000,0.000,0.000,0.000,0.000,0.643,0.000,50.824,22.014,6.575,0.000,19.701,0.000,0.000,0.000,0.222,0.000,0.018
Colo_rep2_Dep6_Tu30,0.000,0.000,0.000,0.000,0.000,21.781,0.000,0.000,0.000,0.000,0.091,0.000,30.085,0.574,15.214,0.000,0.181,0.000,31.628,0.000,0.150,0.294,0.000
Colo_rep7_Dep6_Tu10,0.000,0.000,0.000,0.000,0.000,4.695,0.000,0.000,0.000,0.000,0.051,0.000,46.525,0.477,13.047,0.000,0.000,0.000,31.392,0.000,0.000,3.812,0.000
Colo_rep2_Dep6_Tu40,0.000,0.000,0.000,0.000,0.000,18.334,0.000,0.000,0.000,0.000,0.263,0.000,20.457,0.132,4.385,0.681,0.000,55.733,0.000,0.014,0.000,0.000,0.000
Colo_rep3_Dep6_Tu0.1,0.000,0.000,0.000,0.000,0.000,0.000,0.000,0.000,0.000,0.000,0.699,0.000,52.535,33.761,11.419,0.000,0.000,0.000,0.567,0.000,1.017,0.000,0.000
Colo_rep3_Dep6_Tu1,0.000,0.000,0.000,0.000,0.000,0.000,0.000,0.000,0.000,0.000,0.558,0.000,53.255,33.701,11.212,0.000,0.000,0.000,0.089,0.096,1.042,0.046,0.000
Colo_rep8_Dep6_Tu1,0.000,0.000,0.000,0.000,0.000,0.000,0.000,0.000,0.000,0.000,0.470,0.000,52.634,33.408,7.810,0.000,0.746,0.000,0.000,0.000,0.929,4.002,0.000
Colo_rep4_Dep6_Tu1,0.000,0.000,0.000,0.000,0.000,0.000,0.000,0.000,0.000,0.000,0.545,0.000,50.114,23.798,4.202,0.000,21.214,0.073,0.053,0.000,0.000,0.000,0.000
Colo_rep5_Dep6_Tu40,0.000,0.000,0.000,0.000,0.000,24.405,0.000,0.000,0.000,0.000,0.162,0.000,25.687,0.000,9.445,0.000,0.000,38.047,0.000,0.840,0.000,0.000,1.412
Colo_rep5_Dep6_Tu10,0.000,0.000,0.000,0.000,0.000,6.163,0.000,0.000,0.000,0.000,0.507,0.000,42.960,30.711,17.644,0.000,0.000,0.000,0.000,1.753,0.000,0.000,0.260
Colo_rep2_Dep6_Tu0.3,0.000,0.000,0.000,0.000,0.000,0.000,0.000,0.000,0.000,0.000,0.160,0.000,47.470,30.959,4.764,0.000,0.456,0.000,0.697,0.000,4.065,11.426,0.000
Colo_rep10_Dep6_Tu30,0.000,0.000,0.000,0.000,0.000,24.719,0.000,0.000,0.000,0.000,0.000,0.000,30.151,0.176,34.096,2.100,0.000,0.000,1.203,7.553,0.000,0.000,0.000
Colo_rep1_Dep6_Tu40,0.000,0.000,0.000,0.000,0.000,27.421,0.000,0.000,0.000,0.000,0.000,0.000,24.514,0.000,10.571,0.000,0.000,30.291,4.623,2.147,0.000,0.000,0.431
Colo_rep6_Dep6_Tu0.1,0.000,0.000,0.000,0.000,0.000,0.000,0.000,0.000,0.000,0.000,0.384,0.000,58.117,2.310,11.984,0.000,9.585,0.000,1.975,0.000,14.578,0.017,1.049
Colo_rep7_Dep6_Tu40,0.000,0.000,0.000,0.000,0.000,29.094,0.000,0.000,0.000,0.000,0.081,0.000,22.142,3.864,9.709,0.000,0.000,20.142,4.527,9.914,0.000,0.000,0.527
Colo_rep1_Dep6_Tu50,0.000,0.000,0.000,0.000,0.000,31.735,0.000,0.000,0.000,0.000,0.000,0.000,18.805,0.000,5.935,0.378,0.000,43.146,0.000,0.000,0.000,0.000,0.000
Colo_rep1_Dep6_Tu0.3,0.000,0.000,0.000,0.000,0.000,0.000,0.000,0.000,0.000,0.000,1.117,0.000,59.547,3.332,30.717,1.311,0.000,0.000,2.031,0.281,1.661,0.000,0.000
Colo_rep9_Dep6_Tu20,0.000,0.000,0.000,0.000,0.000,15.465,0.000,0.000,0.000,0.000,0.011,0.000,38.347,2.201,42.169,0.000,1.604,0.000,0.000,0.201,0.000,0.000,0.000
Colo_rep4_Dep6_Tu10,0.000,0.000,0.000,0.000,0.000,7.584,0.000,0.000,0.000,0.000,0.290,0.000,46.265,0.000,19.550,0.000,0.000,0.000,0.000,3.359,21.818,0.690,0.443
Colo_rep6_Dep6_Tu5,0.000,0.000,0.000,0.000,0.000,0.657,0.000,0.000,0.000,0.000,0.213,0.000,51.595,0.443,6.444,6.547,3.786,0.000,7.613,0.000,2.603,13.869,6.230
Colo_rep9_Dep6_Tu5,0.000,0.000,0.000,0.000,0.000,0.660,0.000,0.000,0.000,0.000,0.271,0.000,49.580,15.477,8.367,0.000,12.164,0.000,0.000,11.875,0.000,1.604,0.000
Colo_rep3_Dep6_Tu50,0.000,0.000,0.000,0.000,0.000,35.009,0.000,0.000,0.000,0.000,0.059,0.000,16.004,0.000,3.884,0.000,0.470,4.334,0.207,40.033,0.000,0.000,0.000
Colo_rep5_Dep6_Tu1,0.000,0.000,0.000,0.000,0.000,0.000,0.000,0.000,0.000,0.000,0.513,0.000,53.126,16.117,7.927,0.000,11.984,0.000,0.000,8.835,0.292,1.205,0.000
Colo_rep5_Dep6_Tu3,0.000,0.000,0.000,0.000,0.000,0.000,0.000,0.000,0.000,0.000,0.061,0.000,52.049,1.733,15.572,0.000,0.318,0.000,18.193,0.275,1.820,9.544,0.433
Colo_rep2_Dep6_Tu1,0.000,0.000,0.000,0.000,0.000,0.000,0.000,0.000,0.000,0.000,0.796,0.000,56.701,10.488,15.109,0.000,0.000,0.000,8.957,0.000,0.000,0.016,7.932
Colo_rep7_Dep6_Tu1,0.000,0.000,0.000,0.000,0.000,0.000,0.000,0.000,0.000,0.000,0.380,0.000,55.662,0.998,18.785,0.000,0.000,0.000,6.875,0.402,13.102,3.794,0.000
Colo_rep5_Dep6_Tu2,0.000,0.000,0.000,0.000,0.000,0.000,0.000,0.000,0.000,0.000,0.185,0.000,52.079,23.651,9.574,0.000,9.478,0.000,0.337,0.838,0.000,1.385,2.472
Colo_rep4_Dep6_Tu40,0.000,0.000,0.000,0.000,0.000,32.814,0.000,0.000,0.000,0.000,0.060,0.000,22.630,0.000,11.653,1.013,0.000,0.000,31.672,0.000,0.157,0.000,0.000
Colo_rep2_Dep6_Tu20,0.000,0.000,0.000,0.000,0.000,14.890,0.000,0.000,0.000,0.000,0.178,0.000,37.018,0.000,12.071,0.000,0.000,0.000,6.595,0.644,1.144,0.000,27.458
Colo_rep4_Dep6_Tu0.5,0.000,0.000,0.000,0.000,0.000,0.000,0.000,0.000,0.000,0.000,0.500,0.000,50.858,27.914,4.165,0.000,14.546,0.000,0.000,0.000,0.306,0.000,1.710
Colo_rep2_Dep6_Tu5,0.000,0.000,0.000,0.000,0.000,1.551,0.000,0.000,0.000,0.000,0.000,0.000,44.792,30.251,4.878,0.000,0.359,0.000,0.547,0.112,2.793,14.700,0.017
Colo_rep2_Dep6_Tu3,0.000,0.000,0.000,0.000,0.000,0.000,0.000,0.000,0.000,0.000,0.425,0.000,53.490,11.094,16.533,0.000,0.000,0.000,5.246,0.901,8.699,3.610,0.000
Colo_rep3_Dep6_Tu10,0.000,0.000,0.000,0.000,0.000,5.050,0.000,0.000,0.000,0.000,0.248,0.000,46.538,2.297,8.081,0.475,0.000,0.000,6.965,1.324,0.000,1.530,27.491
Colo_rep8_Dep6_Tu0.5,0.000,0.000,0.000,0.000,0.000,0.000,0.000,0.000,0.000,0.000,0.291,0.000,52.250,1.730,10.499,4.093,1.161,0.000,0.088,0.134,9.558,0.000,20.195
Colo_rep7_Dep6_Tu3,0.000,0.000,0.000,0.000,0.000,0.000,0.000,0.000,0.000,0.000,0.261,0.000,48.829,19.984,5.641,0.000,23.384,0.000,0.440,0.000,0.000,0.527,0.933
Colo_rep3_Dep6_Tu0.5,0.000,0.000,0.000,0.000,0.000,0.000,0.000,0.000,0.000,0.000,0.691,0.000,50.702,34.436,12.325,0.000,0.000,0.000,0.916,0.219,0.710,0.000,0.000
Colo_rep3_Dep6_Tu20,0.000,0.000,0.000,0.000,0.000,10.349,0.000,0.000,0.000,0.000,0.009,0.000,37.584,0.417,10.245,0.000,0.000,0.000,0.000,40.448,0.000,0.946,0.000
Colo_rep1_Dep6_Tu2,0.000,0.000,0.000,0.000,0.000,0.000,0.000,0.000,0.000,0.000,0.224,0.000,49.663,4.130,7.351,0.000,0.000,0.000,4.332,0.000,34.057,0.241,0.000
Colo_rep9_Dep6_Tu50,0.000,0.000,0.000,0.000,0.000,39.555,0.000,0.000,0.000,0.000,0.000,0.000,15.978,0.000,6.057,0.000,0.000,0.000,35.623,0.000,0.000,0.000,2.786
Colo_rep3_Dep6_Tu0.3,0.000,0.000,0.000,0.000,0.000,0.000,0.000,0.000,0.000,0.000,0.281,0.000,52.268,1.752,10.447,4.008,1.093,0.000,0.016,0.187,9.627,0.049,20.271
Colo_rep1_Dep6_Tu3,0.000,0.000,0.000,0.000,0.000,0.000,0.000,0.000,0.000,0.000,0.470,0.000,51.940,3.681,21.316,4.472,0.000,0.000,0.000,0.077,0.000,0.000,18.043
