Sample,BRCA,CEAD,CESC,COAD,OV,READ,bcell,cd4tcell,cd8tcell,erythroblast,monocyte,naturalkillercell,neutrophil
Colo_rep2_Dep6_Tu0.5,0.000,2.745,0.165,0.000,1.934,0.420,2.291,1.663,0.817,13.017,8.235,3.117,65.597
Colo_rep2_Dep6_Tu50,0.000,4.962,0.722,2.635,3.448,29.531,1.299,8.574,0.077,4.473,8.517,2.510,33.250
Colo_rep6_Dep6_Tu1,0.000,2.759,0.186,0.000,1.805,0.733,2.027,1.006,1.148,13.063,8.812,3.253,65.208
Colo_rep3_Dep6_Tu2,0.000,2.856,0.406,0.000,1.855,1.804,2.952,1.122,4.106,10.051,9.207,1.776,63.863
Colo_rep7_Dep6_Tu2,0.029,2.945,0.000,0.000,1.224,1.580,2.359,2.920,0.100,11.711,9.364,3.024,64.743
Colo_rep8_Dep6_Tu0.1,0.000,3.202,0.275,0.000,1.560,0.403,2.811,1.726,1.764,12.034,9.274,2.808,64.144
Colo_rep10_Dep6_Tu2,0.000,2.915,0.391,0.000,1.421,1.446,2.673,5.132,0.000,11.667,7.551,2.466,64.337
Colo_rep6_Dep6_Tu3,0.151,2.606,0.000,0.000,2.047,2.731,2.653,2.560,2.129,10.476,8.648,1.948,64.053
Colo_rep9_Dep6_Tu30,0.000,4.038,0.206,0.000,3.900,18.804,2.182,4.508,2.618,6.889,8.589,2.865,45.401
Colo_rep9_Dep6_Tu0.5,0.000,1.002,0.430,0.000,2.297,0.930,2.027,3.940,0.529,12.127,8.913,2.413,65.391
Colo_rep6_Dep6_Tu20,0.218,3.550,0.223,0.000,2.057,12.932,1.956,6.748,2.942,6.319,7.535,1.928,53.593
Colo_rep8_Dep6_Tu30,0.000,4.599,0.107,0.457,3.620,18.238,1.982,6.828,0.000,7.153,9.057,2.812,45.146
Colo_rep3_Dep6_Tu5,0.000,3.723,0.109,0.000,2.259,3.456,1.976,1.334,2.966,10.747,7.987,3.031,62.412
Colo_rep4_Dep6_Tu3,0.168,1.758,0.595,0.000,2.153,2.442,1.882,3.340,0.717,10.755,9.053,3.266,63.870
Colo_rep2_Dep6_Tu10,0.263,2.623,0.554,0.000,2.547,6.527,2.674,6.221,0.000,9.793,7.601,2.327,58.869
Colo_rep3_Dep6_Tu40,0.000,4.157,0.238,0.595,3.660,24.600,1.625,7.999,0.000,6.008,9.592,2.599,38.928
Colo_rep3_Dep6_Tu30,0.000,4.512,0.025,0.121,3.206,18.375,2.257,7.575,0.300,7.084,9.016,1.759,45.770
Colo_rep6_Dep6_Tu30,0.000,3.558,0.226,0.510,3.404,19.348,2.183,6.475,5.807,3.918,8.147,1.222,45.202
Colo_rep4_Dep6_Tu50,0.000,5.558,0.233,2.551,3.516,29.796,2.112,7.152,3.678,2.379,6.425,1.738,34.863
Colo_rep5_Dep6_Tu50,0.000,5.003,0.000,0.908,4.176,30.186,1.298,7.964,1.759,4.411,9.286,2.411,32.599
Colo_rep6_Dep6_Tu2,0.000,2.580,0.166,0.000,1.655,1.738,2.159,2.012,3.527,10.349,9.788,1.976,64.050
Colo_rep10_Dep6_Tu50,0.304,4.273,0.093,1.537,4.139,30.016,1.936,5.652,2.916,5.262,9.112,2.016,32.744
Colo_rep7_Dep6_Tu50,0.000,5.919,0.017,1.487,4.456,29.856,1.669,10.662,0.000,1.639,7.996,2.240,34.060
Colo_rep9_Dep6_Tu40,0.037,6.117,0.000,1.796,3.000,23.688,1.655,6.533,1.962,4.877,8.218,2.037,40.081
Colo_rep8_Dep6_Tu5,0.316,2.680,0.000,0.000,1.765,3.501,2.439,1.506,4.282,9.959,8.716,2.336,62.499
Colo_rep1_Dep6_Tu20,0.053,3.851,0.023,0.000,2.803,12.898,1.422,2.388,4.997,7.566,9.337,1.978,52.684
Colo_rep9_Dep6_Tu2,0.000,2.538,0.114,0.000,2.274,1.521,2.592,2.877,0.974,12.369,8.264,1.783,64.694
Colo_rep5_Dep6_Tu30,0.139,3.972,0.104,0.000,2.996,18.604,3.228,9.306,0.000,6.230,8.433,2.457,44.532
Colo_rep4_Dep6_Tu0.1,0.123,1.919,0.181,0.000,1.184,0.480,2.843,4.126,0.235,11.874,8.902,2.431,65.701
Colo_rep5_Dep6_Tu0.1,0.003,1.442,0.316,0.000,1.521,0.432,2.401,3.519,0.050,12.863,9.068,2.731,65.654
Colo_rep9_Dep6_Tu3,0.000,3.091,0.264,0.000,1.689,1.978,1.877,2.299,2.799,12.229,8.584,2.317,62.873
Colo_rep2_Dep6_Tu0.1,0.000,2.493,0.368,0.000,2.127,0.327,1.779,0.667,3.393,11.845,9.530,2.837,64.633
Colo_rep8_Dep6_Tu10,0.082,3.224,0.158,0.000,1.373,6.653,2.483,3.829,2.994,8.603,8.921,2.898,58.783
Colo_rep4_Dep6_Tu30,0.000,4.241,0.000,0.059,3.590,18.552,2.343,6.004,2.581,9.274,6.603,2.116,44.637
Colo_rep2_Dep6_Tu2,0.144,2.437,0.027,0.000,2.005,2.026,2.751,1.778,1.765,11.109,10.712,2.281,62.967
Colo_rep1_Dep6_Tu5,0.085,3.278,0.057,0.000,2.058,3.656,2.610,2.719,2.260,10.332,8.240,2.710,61.997
Colo_rep8_Dep6_Tu50,0.419,4.072,0.287,2.701,3.986,29.714,1.786,8.370,4.266,1.822,7.728,1.765,33.086
Colo_rep5_Dep6_Tu5,0.000,2.830,0.376,0.000,1.690,3.685,2.256,4.462,1.845,9.407,9.048,2.223,62.177
Colo_rep6_Dep6_Tu50,0.000,4.851,0.166,1.374,3.151,30.326,1.450,5.650,3.810,5.310,8.426,1.201,34.286
Colo_rep5_Dep6_Tu0.5,0.000,1.911,0.000,0.000,1.726,0.613,2.247,2.855,0.495,12.364,8.604,3.080,66.105
Colo_rep4_Dep6_Tu20,0.000,4.200,0.000,0.000,3.590,12.888,2.671,3.481,2.214,7.138,7.724,3.301,52.793
Colo_rep8_Dep6_Tu40,0.202,4.627,0.454,0.892,3.820,24.746,1.714,7.731,0.000,5.326,8.536,2.541,39.410
Colo_rep7_Dep6_Tu0.3,0.000,3.202,0.147,0.000,1.488,0.673,2.211,0.345,2.717,12.101,9.072,1.967,66.077
Colo_rep7_Dep6_Tu30,0.000,3.686,0.478,0.488,3.232,18.690,2.111,6.836,1.318,6.630,9.006,2.240,45.284
Colo_rep10_Dep6_Tu20,0.451,3.658,0.164,0.000,2.277,12.906,2.774,6.352,2.723,5.404,8.353,3.058,51.879
Colo_rep9_Dep6_Tu10,0.127,2.452,0.281,0.307,2.837,6.659,2.564,2.480,1.027,10.455,9.072,3.276,58.462
Colo_rep9_Dep6_Tu0.1,0.000,3.299,0.384,0.000,1.259,0.619,2.581,0.782,3.315,11.099,9.895,2.621,64.146
Colo_rep10_Dep6_Tu0.3,0.000,2.530,0.131,0.000,1.616,0.536,2.131,1.852,3.491,10.830,10.022,1.889,64.972
Colo_rep8_Dep6_Tu20,0.000,4.439,0.000,1.079,2.187,11.976,1.678,3.894,3.929,8.396,7.157,2.305,52.959
Colo_rep3_Dep6_Tu3,0.000,2.989,0.000,0.000,1.422,2.526,2.328,3.198,1.320,11.937,7.887,2.942,63.451
Colo_rep4_Dep6_Tu2,0.000,3.318,0.000,0.000,2.525,2.030,1.994,0.634,4.936,9.258,8.317,2.436,64.552
Colo_rep10_Dep6_Tu0.1,0.201,2.897,0.309,0.000,1.442,0.823,2.606,0.486,4.316,10.434,9.615,2.242,64.628
Colo_rep4_Dep6_Tu0.3,0.000,2.504,0.306,0.000,1.612,0.548,2.314,0.000,3.102,14.419,7.870,2.341,64.984
Colo_rep9_Dep6_Tu0.3,0.000,2.330,0.000,0.000,1.293,0.276,2.541,3.178,0.000,13.299,8.046,2.655,66.382
Colo_rep1_Dep6_Tu10,0.000,2.996,0.499,0.000,1.886,6.995,2.344,1.053,5.709,8.274,9.771,2.038,58.435
Colo_rep6_Dep6_Tu0.3,0.000,1.858,0.347,0.000,0.910,0.154,2.217,1.821,3.585,12.587,8.685,2.445,65.390
Colo_rep6_Dep6_Tu0.5,0.345,2.648,0.090,0.000,1.453,0.677,2.792,1.365,3.041,10.983,8.487,2.411,65.709
Colo_rep10_Dep6_Tu10,0.103,3.188,0.336,0.000,2.042,6.406,3.145,5.745,0.000,8.894,9.131,3.243,57.766
Colo_rep10_Dep6_Tu1,0.000,2.953,0.697,0.000,1.769,0.953,2.458,0.000,3.939,10.710,10.220,2.490,63.810
Colo_rep10_Dep6_Tu5,0.000,3.579,0.000,0.000,2.238,3.402,2.011,0.445,6.182,10.035,8.393,2.097,61.618
Colo_rep10_Dep6_Tu40,0.000,6.771,0.000,2.116,2.628,23.813,1.263,4.772,4.006,4.911,7.894,2.052,39.774
Colo_rep10_Dep6_Tu0.5,0.000,2.742,0.269,0.000,1.412,0.812,2.753,0.000,5.060,9.933,9.676,1.846,65.498
Colo_rep1_Dep6_Tu1,0.000,2.471,0.215,0.000,1.533,1.130,2.708,0.000,4.892,10.642,9.871,2.388,64.151
Colo_rep7_Dep6_Tu20,0.232,2.735,0.630,0.000,2.544,12.818,2.208,6.481,1.522,8.663,9.389,1.467,51.313
Colo_rep6_Dep6_Tu10,0.000,3.059,0.364,0.000,2.310,6.971,1.929,0.000,2.539,11.253,8.514,3.330,59.731
Colo_rep10_Dep6_Tu3,0.000,2.823,0.041,0.000,1.865,1.838,2.549,1.964,1.249,13.171,7.957,2.838,63.706
Colo_rep1_Dep6_Tu30,0.150,4.589,0.731,0.917,3.295,18.834,2.154,6.026,1.861,5.802,6.747,2.898,45.997
Colo_rep1_Dep6_Tu0.1,0.000,2.516,0.000,0.000,1.460,0.182,2.015,1.145,2.424,13.200,8.407,2.528,66.121
Colo_rep7_Dep6_Tu5,0.263,2.118,0.348,0.000,2.400,3.575,2.501,5.144,0.000,10.056,9.925,2.372,61.297
Colo_rep7_Dep6_Tu0.1,0.000,1.792,0.366,0.000,2.127,0.567,2.392,3.067,0.661,12.448,8.433,2.051,66.096
Colo_rep6_Dep6_Tu40,0.000,3.330,0.561,0.944,3.535,24.521,1.406,6.937,2.776,6.584,9.552,1.417,38.437
Colo_rep8_Dep6_Tu2,0.000,1.897,0.065,0.000,1.891,1.849,2.137,0.000,2.760,13.654,9.331,3.144,63.272
Colo_rep7_Dep6_Tu0.5,0.000,3.543,0.022,0.000,1.423,0.682,2.480,3.350,2.368,10.542,7.054,2.421,66.113
Colo_rep5_Dep6_Tu20,0.071,5.266,0.000,0.000,3.319,12.441,2.594,3.347,2.760,6.488,9.554,3.130,51.028
Colo_rep8_Dep6_Tu0.3,0.000,2.299,0.000,0.000,1.314,0.263,2.579,3.353,0.000,13.154,7.982,2.664,66.392
Colo_rep4_Dep6_Tu5,0.181,2.177,0.556,0.000,1.520,3.998,2.651,5.380,0.769,9.230,9.504,2.289,61.746
Colo_rep9_Dep6_Tu1,0.367,1.203,0.599,0.000,2.246,1.124,2.069,1.805,2.103,12.211,8.703,2.824,64.745
Colo_rep1_Dep6_Tu0.5,0.000,3.122,0.054,0.000,1.593,0.115,2.611,3.111,1.665,12.049,9.261,1.860,64.559
Colo_rep8_Dep6_Tu3,0.000,2.916,0.000,0.000,1.820,2.360,2.055,1.848,2.448,11.839,8.254,2.792,63.668
Colo_rep5_Dep6_Tu0.3,0.000,1.475,0.456,0.000,1.188,0.849,2.515,3.143,3.582,10.763,9.291,1.984,64.754
Colo_rep2_Dep6_Tu30,0.000,3.718,0.174,0.076,3.091,18.743,2.261,8.790,0.000,6.811,7.422,2.462,46.452
Colo_rep7_Dep6_Tu10,0.000,1.710,0.402,0.000,2.500,6.801,1.737,5.152,1.309,9.503,9.348,2.286,59.252
Colo_rep2_Dep6_Tu40,0.081,5.896,0.099,0.988,3.743,24.357,2.002,8.176,0.068,3.399,8.220,3.360,39.613
Colo_rep3_Dep6_Tu0.1,0.000,2.752,0.196,0.000,1.988,0.393,1.962,1.267,2.103,11.503,10.515,2.836,64.485
Colo_rep3_Dep6_Tu1,0.000,1.122,0.557,0.000,2.094,1.277,2.271,0.000,4.565,11.519,9.229,2.705,64.662
Colo_rep8_Dep6_Tu1,0.211,2.119,0.008,0.000,2.189,1.074,2.254,1.047,2.528,11.498,9.682,2.499,64.891
Colo_rep4_Dep6_Tu1,0.065,3.148,0.240,0.000,1.682,1.132,2.176,0.000,3.935,9.869,10.319,2.473,64.962
Colo_rep5_Dep6_Tu40,0.123,3.535,1.029,0.428,3.550,24.806,2.994,10.198,0.000,2.187,8.162,3.383,39.604
Colo_rep5_Dep6_Tu10,0.000,3.692,0.000,0.275,2.482,6.336,1.835,3.139,1.578,9.864,9.491,2.769,58.538
Colo_rep2_Dep6_Tu0.3,0.077,3.441,0.087,0.000,1.408,0.417,2.060,2.835,0.000,12.462,8.575,3.111,65.527
Colo_rep10_Dep6_Tu30,0.000,3.775,0.683,1.631,3.140,18.721,2.152,6.407,1.739,5.566,7.622,2.099,46.466
Colo_rep1_Dep6_Tu40,0.000,5.161,0.000,0.250,3.728,24.688,2.159,6.921,3.337,4.691,7.797,1.469,39.799
Colo_rep6_Dep6_Tu0.1,0.135,2.214,0.005,0.000,1.412,0.594,2.467,0.000,5.144,12.176,9.037,1.926,64.891
Colo_rep7_Dep6_Tu40,0.000,4.047,0.000,2.108,3.697,24.225,2.107,6.682,1.493,6.857,7.176,1.956,39.652
Colo_rep1_Dep6_Tu50,0.000,5.005,0.561,2.483,3.883,30.150,2.059,9.868,0.838,3.515,6.612,2.125,32.901
Colo_rep1_Dep6_Tu0.3,0.000,2.679,0.287,0.000,1.142,0.679,2.614,1.927,1.425,11.493,11.065,2.608,64.082
Colo_rep9_Dep6_Tu20,0.000,3.489,0.000,0.000,2.750,13.158,2.498,5.726,1.339,8.588,7.502,2.184,52.767
Colo_rep4_Dep6_Tu10,0.000,3.867,0.121,0.000,1.731,6.783,2.547,2.970,0.874,10.578,9.472,1.983,59.073
Colo_rep6_Dep6_Tu5,0.069,2.787,0.000,0.000,1.401,3.428,2.537,3.166,1.060,11.111,9.249,2.984,62.209
Colo_rep9_Dep6_Tu5,0.000,2.288,0.601,0.000,1.927,3.335,2.400,3.828,1.292,10.209,10.148,2.460,61.511
Colo_rep3_Dep6_Tu50,0.605,6.408,0.000,1.659,2.676,30.144,1.726,8.724,1.207,3.643,8.451,1.790,32.969
Colo_rep5_Dep6_Tu1,0.000,2.491,0.612,0.000,1.450,1.043,2.416,2.579,1.259,11.122,10.522,2.410,64.096
Colo_rep5_Dep6_Tu3,0.000,3.210,0.180,0.000,1.456,2.208,1.869,2.091,0.000,13.437,8.231,3.215,64.103
Colo_rep2_Dep6_Tu1,0.000,2.811,0.042,0.000,1.134,0.692,2.493,3.391,0.555,13.046,9.715,1.779,64.342
Colo_rep7_Dep6_Tu1,0.000,1.501,0.387,0.000,2.210,0.709,2.413,2.620,1.611,12.209,7.915,2.516,65.910
Colo_rep5_Dep6_Tu2,0.000,3.397,0.000,0.000,1.363,1.388,2.233,1.281,2.261,12.617,8.339,2.120,65.000
Colo_rep4_Dep6_Tu40,0.366,3.843,0.439,1.115,3.922,24.721,2.833,7.647,0.000,5.775,8.936,1.854,38.549
Colo_rep2_Dep6_Tu20,0.000,2.860,0.000,0.177,2.749,12.916,2.468,6.129,0.693,8.616,8.192,2.458,52.741
Colo_rep4_Dep6_Tu0.5,0.000,2.720,0.000,0.000,1.690,1.039,2.505,0.000,4.903,10.905,9.279,2.055,64.904
Colo_rep2_Dep6_Tu5,0.227,4.329,0.095,0.000,1.668,3.375,1.695,3.110,0.000,11.793,8.001,3.187,62.520
Colo_rep2_Dep6_Tu3,0.000,2.733,0.344,0.000,1.494,2.440,2.852,2.856,0.164,11.514,10.139,2.765,62.699
Colo_rep3_Dep6_Tu10,0.164,2.597,0.298,0.000,1.536,6.954,3.183,5.628,0.996,9.354,8.817,1.937,58.536
Colo_rep8_Dep6_Tu0.5,0.000,3.145,0.110,0.000,1.507,0.359,2.546,2.645,2.317,11.681,7.908,2.362,65.421
Colo_rep7_Dep6_Tu3,0.000,3.247,0.514,0.000,1.795,2.676,2.270,2.483,2.620,9.980,9.542,1.809,63.065
Colo_rep3_Dep6_Tu0.5,0.000,1.846,0.359,0.000,0.953,0.295,2.239,2.292,3.532,12.267,8.535,2.470,65.212
Colo_rep3_Dep6_Tu20,0.000,4.317,0.185,0.037,1.893,12.740,2.588,5.968,0.000,8.698,7.228,2.442,53.904
Colo_rep1_Dep6_Tu2,0.118,1.985,0.211,0.000,1.839,2.033,2.134,1.501,2.718,11.793,8.812,2.949,63.907
Colo_rep9_Dep6_Tu50,0.302,4.360,0.661,1.670,3.867,30.699,2.138,7.276,0.000,4.679,8.696,1.844,33.810
Colo_rep3_Dep6_Tu0.3,0.000,3.156,0.044,0.000,1.456,0.227,2.451,2.634,2.485,11.799,7.816,2.314,65.617
Colo_rep1_Dep6_Tu3,0.000,3.423,0.041,0.000,1.122,2.161,2.502,1.567,2.971,11.048,9.669,1.913,63.583
