Sample,BRCA,CEAD,CESC,COAD,OV,READ,bcell,cd4tcell,cd8tcell,erythroblast,monocyte,naturalkillercell,neutrophil,Unknown-1,Unknown-2,Unknown-3,Unknown-4,Unknown-5,Unknown-6,Unknown-7,Unknown-8,Unknown-9,Unknown-10
Ov9433_rep10_Dep6_Tu5,0.000,0.000,0.000,0.000,0.000,0.000,0.000,0.180,0.000,0.000,5.351,0.000,52.376,3.995,0.000,0.000,0.000,20.324,3.928,4.391,0.282,0.000,9.173
Ov9433_rep6_Dep6_Tu20,0.000,0.000,0.000,0.000,5.538,0.000,0.000,0.000,0.000,0.000,12.504,0.000,43.566,0.000,4.069,0.000,0.000,25.657,0.000,1.017,0.000,7.648,0.000
Ov9433_rep8_Dep6_Tu5,0.000,0.000,0.000,0.000,0.000,0.000,0.000,0.335,0.000,0.000,6.123,0.000,52.886,0.000,16.597,0.000,0.000,1.005,19.782,2.980,0.291,0.000,0.000
Ov9433_rep2_Dep6_Tu5,0.000,0.000,0.000,0.000,0.000,0.000,0.000,0.100,0.000,0.000,6.735,0.000,49.234,5.734,1.066,0.000,0.000,0.667,1.772,1.711,32.979,0.000,0.000
Ov9433_rep5_Dep6_Tu0.5,0.000,0.000,0.000,0.000,0.000,0.000,0.000,0.362,0.000,0.000,19.301,0.000,52.722,5.073,0.000,0.000,0.000,4.208,0.250,0.159,4.722,0.000,13.201
Ov9433_rep5_Dep6_Tu5,0.000,0.000,0.000,0.000,0.000,0.000,0.000,0.315,0.000,0.000,5.196,0.000,52.715,0.000,24.876,2.668,0.000,3.048,9.827,1.117,0.236,0.000,0.000
Ov9433_rep8_Dep6_Tu30,0.000,0.000,0.056,0.000,12.369,0.000,0.000,0.000,0.000,0.000,13.960,0.000,29.953,0.000,0.689,0.457,26.933,3.912,0.498,0.000,0.000,11.171,0.000
Ov9433_rep6_Dep6_Tu0.3,0.000,0.000,0.000,0.000,0.000,0.000,0.000,1.098,0.000,0.000,13.717,0.000,51.412,0.000,10.354,0.000,5.381,0.469,0.000,0.100,17.467,0.000,0.000
Ov9433_rep1_Dep6_Tu0.3,0.000,0.000,0.000,0.000,0.000,0.000,0.000,1.183,0.000,0.000,5.592,0.000,53.659,0.000,0.367,0.000,0.000,21.051,0.000,0.099,0.512,0.000,17.535
Ov9433_rep2_Dep6_Tu10,0.000,0.000,0.000,0.000,0.000,0.000,0.000,0.133,0.000,0.000,28.317,0.000,48.125,2.840,0.066,0.000,0.000,2.144,0.000,5.412,1.681,0.000,11.281
Ov9433_rep4_Dep6_Tu20,0.000,0.000,0.000,0.000,5.605,0.000,0.000,0.000,0.000,0.000,13.384,0.000,40.996,0.000,24.774,1.170,0.000,5.039,0.411,1.935,0.000,6.684,0.000
Ov9433_rep3_Dep6_Tu10,0.000,0.000,0.000,0.000,0.000,0.000,0.000,0.102,0.000,0.000,6.629,0.000,47.021,0.107,0.000,0.441,2.370,19.411,6.950,4.923,0.000,0.000,12.044
Ov9433_rep4_Dep6_Tu0.3,0.000,0.000,0.000,0.000,0.000,0.000,0.000,0.367,0.000,0.000,7.055,0.000,56.267,3.103,0.000,0.000,17.042,5.710,0.000,0.343,7.799,0.000,2.312
Ov9433_rep9_Dep6_Tu0.1,0.000,0.000,0.000,0.000,0.000,0.000,0.000,0.714,0.000,0.000,4.748,0.000,53.255,0.000,15.661,0.206,0.557,1.759,17.581,5.517,0.000,0.000,0.000
Ov9433_rep10_Dep6_Tu0.5,0.000,0.000,0.000,0.000,0.000,0.000,0.000,0.478,0.000,0.000,10.754,0.000,56.311,0.000,1.113,1.868,0.000,12.923,0.000,0.000,16.551,0.000,0.000
Ov9433_rep6_Dep6_Tu30,0.000,0.000,0.164,0.000,5.187,0.000,0.000,0.000,0.000,0.000,4.166,0.000,32.439,1.366,11.762,20.011,0.000,2.154,0.000,8.542,0.000,14.209,0.000
Ov9433_rep1_Dep6_Tu2,0.000,0.000,0.000,0.000,0.000,0.000,0.000,0.213,0.000,0.000,11.357,0.000,50.597,0.107,0.000,0.000,31.074,5.136,0.135,0.000,0.000,0.000,1.380
Ov9433_rep1_Dep6_Tu5,0.000,0.000,0.000,0.000,0.000,0.000,0.000,0.181,0.000,0.000,9.061,0.000,49.933,8.614,0.627,0.000,0.000,16.642,7.926,0.000,0.058,0.000,6.957
Ov9433_rep5_Dep6_Tu1,0.000,0.000,0.000,0.000,0.000,0.000,0.000,0.737,0.000,0.000,7.798,0.000,52.737,1.385,0.000,0.000,2.073,2.445,26.503,0.000,6.320,0.000,0.000
Ov9433_rep9_Dep6_Tu5,0.000,0.000,0.000,0.000,0.000,0.000,0.000,0.443,0.000,0.000,8.937,0.000,51.407,1.909,0.304,0.000,1.947,2.490,26.592,0.000,5.967,0.000,0.000
Ov9433_rep9_Dep6_Tu0.3,0.000,0.000,0.000,0.000,0.000,0.000,0.000,0.424,0.000,0.000,13.662,0.000,49.742,0.000,0.000,0.000,0.055,1.908,0.017,0.121,4.562,0.000,29.508
Ov9433_rep4_Dep6_Tu10,0.000,0.000,0.000,0.000,0.000,0.000,0.000,0.379,0.000,0.000,33.596,0.000,49.260,0.000,0.000,1.212,0.000,9.339,0.000,0.175,4.073,0.000,1.964
Ov9433_rep1_Dep6_Tu3,0.000,0.000,0.000,0.000,0.000,0.000,0.000,0.525,0.000,0.000,5.720,0.000,49.947,0.000,0.836,0.589,1.085,18.436,7.337,0.000,0.005,0.000,15.519
Ov9433_rep4_Dep6_Tu50,0.633,0.000,1.307,0.000,20.704,0.000,0.000,0.000,0.000,0.000,7.358,0.000,22.199,0.000,20.186,0.000,0.000,0.000,1.778,0.000,1.577,24.258,0.000
Ov9433_rep9_Dep6_Tu30,0.000,0.000,0.170,0.000,19.043,0.000,0.000,0.035,0.000,0.000,8.811,0.000,31.850,0.000,17.643,0.138,0.000,0.394,1.238,0.000,12.256,8.420,0.000
Ov9433_rep4_Dep6_Tu2,0.000,0.000,0.000,0.000,0.000,0.000,0.000,0.566,0.000,0.000,12.637,0.000,57.728,0.000,0.000,0.000,0.000,2.202,0.474,0.555,25.272,0.000,0.565
Ov9433_rep7_Dep6_Tu3,0.000,0.000,0.000,0.000,0.000,0.000,0.000,0.508,0.000,0.000,5.624,0.000,54.323,0.000,29.119,1.158,1.594,6.165,1.048,0.461,0.000,0.000,0.000
Ov9433_rep8_Dep6_Tu1,0.000,0.000,0.000,0.000,0.000,0.000,0.000,0.592,0.000,0.000,7.824,0.000,55.012,4.541,3.772,0.000,0.000,0.826,0.892,1.468,25.072,0.000,0.000
Ov9433_rep2_Dep6_Tu30,0.000,0.000,0.094,0.000,13.940,0.000,0.000,0.000,0.000,0.000,30.795,0.000,32.911,0.000,0.000,0.220,0.000,2.532,0.000,4.665,0.000,10.500,4.341
Ov9433_rep7_Dep6_Tu1,0.000,0.000,0.000,0.000,0.000,0.000,0.000,0.401,0.000,0.000,27.994,0.000,55.497,2.465,0.000,0.000,4.047,6.005,0.189,0.803,2.598,0.000,0.000
Ov9433_rep6_Dep6_Tu3,0.000,0.000,0.000,0.000,0.000,0.000,0.000,0.194,0.000,0.000,7.032,0.000,52.779,0.000,1.052,0.000,0.000,17.448,5.552,0.000,0.342,0.000,15.599
Ov9433_rep8_Dep6_Tu0.3,0.000,0.000,0.000,0.000,0.000,0.000,0.000,0.417,0.000,0.000,13.659,0.000,49.707,0.000,0.000,0.000,0.000,1.859,0.107,0.220,4.511,0.000,29.518
Ov9433_rep5_Dep6_Tu3,0.000,0.000,0.000,0.000,0.000,0.000,0.000,0.142,0.000,0.000,25.234,0.000,53.695,2.328,0.105,0.000,1.354,7.582,0.000,0.000,0.000,0.000,9.560
Ov9433_rep4_Dep6_Tu0.1,0.000,0.000,0.000,0.000,0.000,0.000,0.000,0.497,0.000,0.000,4.286,0.000,52.917,0.000,0.000,0.000,3.316,17.782,5.405,0.764,0.000,0.000,15.033
Ov9433_rep2_Dep6_Tu40,0.076,0.068,3.263,0.000,12.248,0.000,0.000,0.000,0.000,0.000,7.163,0.000,34.661,0.000,0.000,0.000,4.442,7.814,0.000,2.189,3.976,24.099,0.000
Ov9433_rep2_Dep6_Tu20,0.000,0.000,0.000,0.000,6.689,0.000,0.000,0.018,0.000,0.000,11.431,0.000,38.504,0.000,0.000,0.068,0.000,21.123,14.873,0.000,0.000,7.292,0.000
Ov9433_rep10_Dep6_Tu3,0.000,0.000,0.000,0.000,0.000,0.000,0.000,0.187,0.000,0.000,15.916,0.000,55.687,0.382,2.220,0.583,0.000,5.137,2.393,3.508,13.987,0.000,0.000
Ov9433_rep4_Dep6_Tu3,0.000,0.000,0.000,0.000,0.000,0.000,0.000,0.348,0.000,0.000,9.694,0.000,53.839,0.000,2.541,0.353,0.440,1.015,0.275,4.698,26.797,0.000,0.000
Ov9433_rep2_Dep6_Tu3,0.000,0.000,0.000,0.000,0.000,0.000,0.000,0.426,0.000,0.000,24.850,0.000,55.553,0.000,0.000,0.000,1.417,7.214,5.799,0.000,1.911,0.000,2.829
Ov9433_rep3_Dep6_Tu50,0.622,0.331,1.552,0.000,23.966,0.000,0.000,0.000,0.000,0.000,8.337,0.000,24.739,8.729,2.671,0.000,0.000,5.054,2.027,0.064,0.000,21.909,0.000
Ov9433_rep6_Dep6_Tu2,0.000,0.000,0.000,0.000,0.000,0.000,0.000,0.486,0.000,0.000,6.305,0.000,52.936,1.137,9.748,8.698,0.000,2.655,15.980,0.000,2.054,0.000,0.000
Ov9433_rep1_Dep6_Tu30,0.000,0.000,0.095,0.000,13.134,0.000,0.000,0.000,0.000,0.000,27.939,0.000,33.721,2.526,0.000,0.000,4.957,0.956,0.000,1.096,2.624,12.951,0.000
Ov9433_rep9_Dep6_Tu40,0.042,0.000,0.663,0.000,19.977,0.000,0.000,0.000,0.000,0.000,11.403,0.000,28.306,0.000,7.399,1.210,0.000,0.316,1.258,0.908,12.441,16.075,0.000
Ov9433_rep8_Dep6_Tu0.1,0.000,0.000,0.000,0.000,0.000,0.000,0.000,0.722,0.000,0.000,8.349,0.000,53.793,0.106,19.757,0.000,0.000,2.334,12.642,2.296,0.000,0.000,0.000
Ov9433_rep7_Dep6_Tu0.5,0.000,0.000,0.000,0.000,0.000,0.000,0.000,0.139,0.000,0.000,7.792,0.000,56.081,0.763,0.000,0.000,1.073,21.348,0.000,0.711,0.114,0.000,11.978
Ov9433_rep7_Dep6_Tu0.1,0.000,0.000,0.000,0.000,0.000,0.000,0.000,0.240,0.000,0.000,25.363,0.000,52.631,10.631,0.524,0.000,2.922,2.131,0.075,0.000,0.765,0.000,4.716
Ov9433_rep9_Dep6_Tu2,0.000,0.000,0.000,0.000,0.000,0.000,0.000,0.218,0.000,0.000,25.843,0.000,55.673,0.000,0.000,0.000,5.158,4.241,0.000,3.298,0.000,0.000,5.568
Ov9433_rep3_Dep6_Tu2,0.000,0.000,0.000,0.000,0.000,0.000,0.000,0.626,0.000,0.000,6.515,0.000,52.280,0.000,2.122,0.000,0.000,22.747,1.711,0.000,0.226,0.000,13.771
Ov9433_rep4_Dep6_Tu40,0.003,0.000,0.607,0.000,24.955,0.000,0.000,0.000,0.000,0.000,22.442,0.000,29.577,0.000,0.000,0.000,0.000,3.225,0.000,8.947,0.000,10.243,0.000
Ov9433_rep9_Dep6_Tu10,0.000,0.000,0.000,0.000,0.000,0.000,0.000,0.636,0.000,0.000,4.730,0.000,48.606,0.000,1.652,15.675,0.000,0.961,1.630,0.000,25.510,0.600,0.000
Ov9433_rep9_Dep6_Tu50,0.364,0.000,0.676,0.000,27.430,0.000,0.000,0.000,0.000,0.000,19.159,0.000,23.907,0.000,0.078,0.000,0.000,2.940,0.000,4.110,1.380,19.955,0.000
Ov9433_rep2_Dep6_Tu1,0.000,0.000,0.000,0.000,0.000,0.000,0.000,0.827,0.000,0.000,23.106,0.000,55.709,0.000,0.398,0.000,0.000,7.666,8.088,0.000,4.205,0.000,0.000
Ov9433_rep8_Dep6_Tu3,0.000,0.000,0.000,0.000,0.000,0.000,0.000,0.234,0.000,0.000,5.889,0.000,49.487,5.307,0.790,0.000,0.000,1.017,0.968,2.828,33.480,0.000,0.000
Ov9433_rep3_Dep6_Tu40,0.038,0.000,0.413,0.000,16.597,0.000,0.000,0.000,0.000,0.000,14.364,0.000,28.247,0.000,11.648,1.251,0.000,0.779,1.057,0.000,7.278,18.326,0.000
Ov9433_rep6_Dep6_Tu40,0.012,0.000,1.406,0.000,22.966,0.000,0.000,0.000,0.000,0.000,21.908,0.000,30.539,4.854,0.889,0.000,0.000,0.000,0.000,0.000,2.532,14.764,0.128
Ov9433_rep6_Dep6_Tu50,0.087,0.002,0.838,0.000,20.633,0.000,0.000,0.000,0.000,0.000,5.366,0.000,20.791,0.000,29.817,0.545,0.000,0.000,0.367,0.000,0.000,21.554,0.000
Ov9433_rep5_Dep6_Tu2,0.000,0.000,0.000,0.000,0.000,0.000,0.000,0.410,0.000,0.000,6.511,0.000,51.850,0.000,19.283,5.738,0.000,1.182,9.620,3.776,1.292,0.000,0.336
Ov9433_rep9_Dep6_Tu3,0.000,0.000,0.000,0.000,0.000,0.000,0.000,0.541,0.000,0.000,14.052,0.000,50.240,0.000,5.230,0.659,0.000,0.834,3.827,0.036,24.116,0.000,0.462
Ov9433_rep10_Dep6_Tu40,0.029,0.000,0.734,0.000,21.359,0.000,0.000,0.000,0.000,0.000,3.955,0.000,28.531,0.000,27.179,0.000,1.032,0.000,0.951,0.338,1.215,14.676,0.000
Ov9433_rep1_Dep6_Tu50,0.203,0.000,0.583,0.000,21.461,0.000,0.000,0.000,0.000,0.000,12.448,0.000,24.990,0.000,0.658,0.000,0.000,0.177,0.000,2.048,10.960,26.471,0.000
Ov9433_rep6_Dep6_Tu5,0.000,0.000,0.000,0.000,0.000,0.000,0.000,0.276,0.000,0.000,3.626,0.000,51.709,32.557,0.675,0.000,0.173,9.710,0.000,0.681,0.591,0.000,0.000
Ov9433_rep2_Dep6_Tu2,0.000,0.000,0.000,0.000,0.000,0.000,0.000,0.454,0.000,0.000,5.694,0.000,57.828,1.161,0.420,0.000,0.000,26.530,1.097,6.015,0.800,0.000,0.000
Ov9433_rep9_Dep6_Tu0.5,0.000,0.000,0.000,0.000,0.000,0.000,0.000,0.338,0.000,0.000,20.953,0.000,52.916,13.598,0.151,0.000,0.000,1.697,0.004,0.000,0.000,0.000,10.342
Ov9433_rep3_Dep6_Tu5,0.000,0.000,0.000,0.000,0.000,0.000,0.000,0.096,0.000,0.000,15.860,0.000,56.543,0.000,0.153,0.000,18.666,2.989,0.000,5.137,0.554,0.000,0.000
Ov9433_rep4_Dep6_Tu1,0.000,0.000,0.000,0.000,0.000,0.000,0.000,0.758,0.000,0.000,2.983,0.000,52.046,0.000,12.482,6.038,3.375,3.494,17.381,0.412,1.029,0.000,0.000
Ov9433_rep3_Dep6_Tu1,0.000,0.000,0.000,0.000,0.000,0.000,0.000,0.734,0.000,0.000,12.366,0.000,52.626,0.000,3.190,9.202,3.064,0.296,1.209,0.000,17.312,0.000,0.000
Ov9433_rep1_Dep6_Tu0.5,0.000,0.000,0.000,0.000,0.000,0.000,0.000,0.427,0.000,0.000,11.331,0.000,52.739,0.000,0.045,0.000,4.602,20.240,10.109,0.507,0.000,0.000,0.000
Ov9433_rep5_Dep6_Tu0.1,0.000,0.000,0.000,0.000,0.000,0.000,0.000,0.347,0.000,0.000,8.283,0.000,46.697,0.786,0.000,0.000,26.839,3.938,0.000,0.072,3.975,0.000,9.062
Ov9433_rep7_Dep6_Tu0.3,0.000,0.000,0.000,0.000,0.000,0.000,0.000,0.311,0.000,0.000,26.571,0.000,53.879,2.648,0.000,0.000,0.048,8.797,0.000,0.000,4.647,0.000,3.097
Ov9433_rep1_Dep6_Tu40,0.000,0.000,0.221,0.000,16.620,0.000,0.000,0.000,0.000,0.000,9.668,0.000,25.653,0.000,4.814,0.022,0.000,0.548,0.000,10.655,16.549,15.248,0.000
Ov9433_rep8_Dep6_Tu2,0.000,0.000,0.000,0.000,0.000,0.000,0.000,0.728,0.000,0.000,7.204,0.000,52.896,0.181,2.887,11.696,0.000,0.936,0.424,0.000,23.047,0.000,0.000
Ov9433_rep2_Dep6_Tu0.3,0.000,0.000,0.000,0.000,0.000,0.000,0.000,0.237,0.000,0.000,6.454,0.000,50.591,5.333,0.765,0.000,0.000,0.792,1.383,1.480,32.963,0.000,0.000
Ov9433_rep7_Dep6_Tu20,0.000,0.000,0.000,0.000,6.206,0.000,0.000,0.000,0.000,0.000,32.995,0.000,38.643,13.282,1.625,0.348,0.591,0.405,0.000,0.696,0.000,5.207,0.000
Ov9433_rep6_Dep6_Tu0.5,0.000,0.000,0.000,0.000,0.000,0.000,0.000,0.643,0.000,0.000,3.939,0.000,51.544,0.000,12.302,0.000,2.208,0.000,25.894,0.800,2.121,0.000,0.548
Ov9433_rep8_Dep6_Tu40,0.095,0.000,0.371,0.000,20.974,0.000,0.000,0.000,0.000,0.000,24.209,0.000,26.262,12.481,0.602,0.000,0.000,0.539,0.547,0.252,0.000,13.666,0.000
Ov9433_rep10_Dep6_Tu30,0.000,0.000,0.082,0.000,15.929,0.000,0.000,0.000,0.000,0.000,13.121,0.000,33.995,1.245,3.204,0.089,0.000,15.094,6.489,0.280,0.000,10.462,0.008
Ov9433_rep7_Dep6_Tu50,0.213,0.126,1.784,0.000,24.500,0.000,0.000,0.000,0.000,0.000,7.942,0.000,21.607,19.336,1.889,0.000,0.000,0.000,0.000,1.025,0.000,21.577,0.000
Ov9433_rep1_Dep6_Tu1,0.000,0.000,0.000,0.000,0.000,0.000,0.000,0.945,0.000,0.000,5.393,0.000,51.229,0.345,14.298,0.264,0.000,0.619,23.260,1.429,2.215,0.000,0.000
Ov9433_rep2_Dep6_Tu0.5,0.000,0.000,0.000,0.000,0.000,0.000,0.000,0.377,0.000,0.000,16.136,0.000,52.599,0.000,0.000,0.000,0.000,0.441,0.000,0.000,5.645,0.000,24.801
Ov9433_rep1_Dep6_Tu10,0.000,0.000,0.000,0.000,0.000,0.000,0.000,0.269,0.000,0.000,3.814,0.000,47.613,0.000,6.518,18.448,5.203,0.361,16.139,0.355,1.279,0.000,0.000
Ov9433_rep5_Dep6_Tu0.3,0.000,0.000,0.000,0.000,0.000,0.000,0.000,0.729,0.000,0.000,2.604,0.000,51.715,0.000,5.247,21.982,2.798,5.697,5.598,1.530,2.098,0.000,0.000
Ov9433_rep7_Dep6_Tu40,0.004,0.000,0.223,0.000,23.952,0.000,0.000,0.000,0.000,0.000,10.539,0.000,26.950,0.000,21.676,0.000,0.000,1.243,2.211,0.000,0.000,13.201,0.000
Ov9433_rep8_Dep6_Tu50,0.768,0.000,1.254,0.000,15.840,0.000,0.000,0.000,0.000,0.000,3.122,0.000,22.348,0.000,22.253,0.310,0.000,3.666,0.000,1.277,1.396,27.766,0.000
Ov9433_rep5_Dep6_Tu50,0.288,0.608,1.340,0.000,30.654,0.000,0.000,0.000,0.000,0.000,23.289,0.000,22.885,0.000,0.737,0.000,0.000,0.000,0.553,0.000,1.582,18.063,0.000
Ov9433_rep4_Dep6_Tu5,0.000,0.000,0.000,0.000,0.000,0.000,0.000,0.406,0.000,0.000,3.757,0.000,48.171,0.000,9.138,17.356,2.459,5.682,12.158,0.331,0.542,0.000,0.000
Ov9433_rep3_Dep6_Tu3,0.000,0.000,0.000,0.000,0.000,0.000,0.000,0.108,0.000,0.000,22.750,0.000,54.621,0.000,0.000,0.000,2.836,11.486,4.819,0.175,3.204,0.000,0.000
Ov9433_rep8_Dep6_Tu0.5,0.000,0.000,0.000,0.000,0.000,0.000,0.000,0.240,0.000,0.000,8.345,0.000,50.011,0.000,0.000,0.000,0.239,20.435,15.901,0.246,0.000,0.000,4.582
Ov9433_rep9_Dep6_Tu20,0.000,0.000,0.000,0.000,6.378,0.000,0.000,0.047,0.000,0.000,11.389,0.000,37.870,0.000,0.000,0.000,0.330,21.976,8.886,4.647,0.000,5.680,2.797
Ov9433_rep10_Dep6_Tu0.3,0.000,0.000,0.000,0.000,0.000,0.000,0.000,0.672,0.000,0.000,23.683,0.000,55.488,4.066,2.328,0.000,0.000,5.723,4.503,0.000,2.725,0.000,0.811
Ov9433_rep5_Dep6_Tu40,0.062,0.000,0.497,0.000,14.488,0.000,0.000,0.000,0.000,0.000,11.542,0.000,30.340,0.000,12.541,0.000,0.207,2.827,0.000,7.848,0.023,19.363,0.261
Ov9433_rep2_Dep6_Tu50,0.258,0.000,1.087,0.000,29.037,0.000,0.000,0.000,0.000,0.000,20.303,0.000,23.120,0.000,0.000,0.000,0.000,2.298,0.000,5.897,0.000,17.999,0.000
Ov9433_rep1_Dep6_Tu20,0.000,0.000,0.000,0.000,6.272,0.000,0.000,0.099,0.000,0.000,7.477,0.000,41.424,0.419,30.660,2.850,0.000,1.704,1.442,2.367,0.000,5.286,0.000
Ov9433_rep3_Dep6_Tu0.1,0.000,0.000,0.000,0.000,0.000,0.000,0.000,0.855,0.000,0.000,11.306,0.000,54.161,0.000,4.336,4.374,1.026,1.003,1.406,0.000,21.532,0.000,0.000
Ov9433_rep5_Dep6_Tu20,0.000,0.000,0.000,0.000,4.930,0.000,0.000,0.374,0.000,0.000,4.606,0.000,38.846,0.000,20.157,0.002,2.496,4.462,10.719,1.325,2.838,9.244,0.000
Ov9433_rep3_Dep6_Tu30,0.000,0.000,0.101,0.000,16.280,0.000,0.000,0.000,0.000,0.000,22.155,0.000,35.121,0.489,0.000,0.000,9.808,2.045,0.000,0.702,2.454,10.843,0.000
Ov9433_rep6_Dep6_Tu0.1,0.000,0.000,0.000,0.000,0.000,0.000,0.000,0.399,0.000,0.000,5.997,0.000,55.339,0.000,0.918,0.000,0.000,20.507,0.469,0.000,0.594,0.000,15.776
Ov9433_rep5_Dep6_Tu30,0.000,0.000,0.108,0.000,14.995,0.000,0.000,0.000,0.000,0.000,10.833,0.000,32.980,0.000,2.012,1.026,0.000,13.706,7.990,6.879,0.000,9.469,0.000
Ov9433_rep3_Dep6_Tu0.3,0.000,0.000,0.000,0.000,0.000,0.000,0.000,0.245,0.000,0.000,8.456,0.000,49.989,0.000,0.000,0.000,0.281,20.572,15.803,0.185,0.015,0.000,4.454
Ov9433_rep9_Dep6_Tu1,0.000,0.000,0.000,0.000,0.000,0.000,0.000,0.393,0.000,0.000,9.555,0.000,49.582,0.000,0.000,0.000,30.620,3.865,0.311,0.000,1.536,0.000,4.138
Ov9433_rep6_Dep6_Tu1,0.000,0.000,0.000,0.000,0.000,0.000,0.000,0.502,0.000,0.000,8.562,0.000,59.310,0.000,0.000,0.000,20.055,6.226,0.000,0.000,5.344,0.000,0.000
Ov9433_rep10_Dep6_Tu1,0.000,0.000,0.000,0.000,0.000,0.000,0.000,0.264,0.000,0.000,5.976,0.000,50.061,5.047,0.000,0.000,0.000,0.868,1.923,2.506,33.354,0.000,0.000
Ov9433_rep7_Dep6_Tu5,0.000,0.000,0.000,0.000,0.000,0.000,0.000,0.384,0.000,0.000,6.341,0.000,51.216,0.000,0.000,2.942,3.627,19.207,1.871,0.000,0.554,0.000,13.858
Ov9433_rep3_Dep6_Tu0.5,0.000,0.000,0.000,0.000,0.000,0.000,0.000,1.091,0.000,0.000,13.908,0.000,51.487,0.000,10.496,0.000,5.478,0.308,0.000,0.000,17.230,0.000,0.000
Ov9433_rep4_Dep6_Tu30,0.000,0.000,0.065,0.000,15.826,0.000,0.000,0.000,0.000,0.000,20.236,0.000,30.722,0.000,0.547,0.205,0.000,0.941,0.000,15.564,0.000,6.118,9.776
Ov9433_rep4_Dep6_Tu0.5,0.000,0.000,0.000,0.000,0.000,0.000,0.000,0.728,0.000,0.000,2.836,0.000,53.091,0.000,9.177,0.720,2.095,7.623,17.834,0.204,5.691,0.000,0.000
Ov9433_rep3_Dep6_Tu20,0.000,0.000,0.065,0.000,5.239,0.000,0.000,0.000,0.000,0.000,35.789,0.000,41.884,1.792,0.272,0.009,0.000,4.289,0.395,1.502,0.000,8.763,0.000
Ov9433_rep6_Dep6_Tu10,0.000,0.000,0.000,0.000,0.000,0.000,0.000,0.241,0.000,0.000,10.412,0.000,50.188,0.000,5.983,1.269,0.000,3.275,0.000,1.029,27.051,0.000,0.551
Ov9433_rep5_Dep6_Tu10,0.000,0.000,0.000,0.000,0.000,0.000,0.000,0.432,0.000,0.000,10.123,0.000,46.319,0.992,0.000,15.982,3.974,0.140,0.000,2.316,19.135,0.587,0.000
Ov9433_rep8_Dep6_Tu10,0.000,0.000,0.000,0.000,0.000,0.000,0.000,0.453,0.000,0.000,6.298,0.000,50.146,0.000,24.800,0.000,0.000,6.319,8.347,2.485,1.152,0.000,0.000
Ov9433_rep7_Dep6_Tu2,0.000,0.000,0.000,0.000,0.000,0.000,0.000,0.400,0.000,0.000,3.479,0.000,51.939,32.022,0.001,0.000,0.000,9.441,0.790,0.159,0.854,0.000,0.914
Ov9433_rep10_Dep6_Tu2,0.000,0.000,0.000,0.000,0.000,0.000,0.000,0.404,0.000,0.000,13.665,0.000,58.832,0.766,0.000,0.253,4.370,14.304,0.000,6.942,0.000,0.000,0.463
Ov9433_rep7_Dep6_Tu30,0.000,0.000,0.167,0.000,15.143,0.000,0.000,0.000,0.000,0.000,27.481,0.000,35.623,0.000,0.000,0.000,0.081,7.405,0.000,0.000,3.399,10.700,0.000
Ov9433_rep1_Dep6_Tu0.1,0.000,0.000,0.000,0.000,0.000,0.000,0.000,0.345,0.000,0.000,13.438,0.000,50.786,0.000,0.000,0.000,0.634,3.460,0.000,0.025,8.886,0.000,22.425
Ov9433_rep8_Dep6_Tu20,0.000,0.000,0.000,0.000,7.550,0.000,0.000,0.000,0.000,0.000,17.732,0.000,36.702,0.000,10.667,4.757,0.001,0.647,1.066,0.403,15.636,4.837,0.000
Ov9433_rep10_Dep6_Tu0.1,0.000,0.000,0.000,0.000,0.000,0.000,0.000,0.654,0.000,0.000,8.318,0.000,56.273,0.000,0.000,0.000,0.000,8.616,7.715,0.000,1.836,0.000,16.586
Ov9433_rep7_Dep6_Tu10,0.000,0.000,0.000,0.000,0.000,0.000,0.000,0.048,0.000,0.000,24.522,0.000,48.400,17.877,0.000,0.527,0.000,1.494,0.169,0.000,0.000,0.000,6.963
Ov9433_rep10_Dep6_Tu50,0.609,0.365,2.658,0.000,25.416,0.000,0.000,0.000,0.000,0.000,15.400,0.000,29.725,0.000,0.000,0.000,0.000,0.000,0.000,0.000,2.367,23.458,0.000
Ov9433_rep2_Dep6_Tu0.1,0.000,0.000,0.000,0.000,0.000,0.000,0.000,0.689,0.000,0.000,11.832,0.000,54.748,0.000,5.979,0.000,0.000,1.474,0.000,0.000,25.277,0.000,0.000
Ov9433_rep10_Dep6_Tu10,0.000,0.000,0.000,0.000,0.000,0.000,0.000,0.329,0.000,0.000,12.016,0.000,49.406,0.670,0.000,0.000,0.000,15.545,0.000,8.961,6.272,0.000,6.800
Ov9433_rep10_Dep6_Tu20,0.000,0.000,0.000,0.000,4.786,0.000,0.000,0.178,0.000,0.000,5.058,0.000,42.740,0.000,8.013,19.868,0.010,2.839,8.437,1.120,0.000,6.949,0.000
