Sample,BRCA,CEAD,CESC,COAD,OV,READ,bcell,cd4tcell,cd8tcell,erythroblast,monocyte,naturalkillercell,neutrophil,Unknown-1
Cer81_rep10_Dep6_Tu5,0.017,0.731,3.440,0.050,0.618,0.003,0.451,0.977,1.259,1.155,2.243,0.345,16.375,72.335
Cer81_rep8_Dep6_Tu2,0.378,1.044,0.579,0.080,0.742,0.005,0.199,0.947,0.116,0.799,3.391,0.660,16.294,74.767
Cer81_rep6_Dep6_Tu3,0.000,1.966,0.751,0.000,0.140,0.000,0.958,0.665,1.203,0.953,1.760,0.276,14.913,76.415
Cer81_rep2_Dep6_Tu3,0.000,0.283,2.757,0.000,1.331,0.000,0.190,0.648,0.399,1.327,2.579,0.494,15.404,74.587
Cer81_rep7_Dep6_Tu20,0.053,0.006,25.516,0.000,0.016,0.000,0.207,2.733,0.005,0.178,1.159,0.067,11.184,58.877
Cer81_rep5_Dep6_Tu5,0.000,0.404,5.006,0.000,0.952,0.000,0.057,1.311,1.080,1.385,1.743,0.373,15.494,72.194
Cer81_rep4_Dep6_Tu0.1,0.000,0.053,0.000,0.000,0.235,0.004,0.477,0.460,0.117,1.313,2.605,0.943,18.239,75.555
Cer81_rep9_Dep6_Tu20,0.007,0.030,23.968,0.000,0.127,0.000,0.122,1.730,0.727,0.626,2.233,0.202,11.753,58.474
Cer81_rep9_Dep6_Tu5,0.253,0.477,4.050,0.334,0.415,0.000,0.308,0.017,1.915,0.982,2.414,0.268,13.549,75.018
Cer81_rep2_Dep6_Tu1,0.005,0.226,0.009,0.000,0.279,0.000,0.124,0.681,1.136,1.354,3.462,0.311,17.323,75.090
Cer81_rep8_Dep6_Tu3,0.013,0.554,2.675,0.000,0.392,0.001,0.273,1.011,0.944,1.270,1.820,0.186,17.473,73.387
Cer81_rep8_Dep6_Tu1,0.000,0.142,0.000,0.000,0.661,0.004,0.250,0.320,0.850,1.520,2.822,0.476,16.940,76.015
Cer81_rep1_Dep6_Tu50,0.000,0.000,60.284,0.000,0.001,0.000,0.031,4.752,0.089,0.146,1.202,0.051,11.233,22.210
Cer81_rep9_Dep6_Tu1,0.004,0.709,0.032,0.000,0.903,0.306,0.942,0.752,0.308,0.977,2.854,0.258,15.924,76.031
Cer81_rep4_Dep6_Tu30,0.000,0.000,38.854,0.000,0.002,0.000,0.052,0.839,1.159,0.261,1.796,0.082,11.035,45.919
Cer81_rep5_Dep6_Tu20,0.001,0.441,23.387,0.000,0.338,0.000,0.343,3.220,0.002,0.985,3.228,0.536,14.524,52.995
Cer81_rep2_Dep6_Tu0.5,0.000,0.238,0.000,0.000,0.428,0.000,0.396,0.606,0.094,0.931,2.628,0.736,15.735,78.208
Cer81_rep2_Dep6_Tu2,0.001,0.390,1.545,0.000,0.339,0.044,0.493,0.270,0.687,1.976,1.794,0.413,16.113,75.936
Cer81_rep5_Dep6_Tu1,0.003,0.979,0.000,0.000,0.364,0.000,0.161,0.681,0.998,0.930,3.169,0.320,14.667,77.727
Cer81_rep7_Dep6_Tu0.5,0.000,0.325,0.000,0.000,0.579,0.000,0.563,0.526,0.804,2.052,1.568,0.315,17.756,75.510
Cer81_rep5_Dep6_Tu0.1,0.000,0.033,0.000,0.000,0.355,0.000,0.555,0.704,0.268,1.743,2.535,0.286,16.627,76.894
Cer81_rep8_Dep6_Tu0.1,0.000,0.067,0.000,0.000,0.744,0.005,0.587,1.419,0.810,1.019,2.828,0.478,17.812,74.231
Cer81_rep10_Dep6_Tu10,0.000,0.213,12.447,0.000,0.189,0.000,0.409,0.670,1.326,1.296,3.050,0.346,14.675,65.379
Cer81_rep2_Dep6_Tu5,0.001,0.491,5.209,0.000,0.358,0.000,0.088,1.099,0.749,1.641,1.576,0.101,17.294,71.393
Cer81_rep8_Dep6_Tu50,0.000,0.001,59.317,0.000,0.002,0.000,0.001,4.508,1.359,0.096,1.332,0.079,10.024,23.281
Cer81_rep2_Dep6_Tu40,0.003,0.040,49.908,0.000,0.010,0.000,0.321,1.222,1.141,0.089,2.502,0.179,12.327,32.257
Cer81_rep6_Dep6_Tu30,0.004,0.004,34.603,0.000,0.001,0.000,0.070,3.404,1.718,0.237,1.741,0.026,10.514,47.677
Cer81_rep4_Dep6_Tu1,0.000,1.206,0.016,0.059,0.924,0.002,0.214,0.494,0.767,1.502,3.060,0.325,17.138,74.294
Cer81_rep3_Dep6_Tu0.3,0.000,0.362,0.000,0.000,0.469,0.000,0.380,1.544,0.174,1.001,1.820,0.715,17.246,76.289
Cer81_rep9_Dep6_Tu0.1,0.000,0.190,0.000,0.000,0.616,0.004,0.160,0.695,1.407,1.447,3.036,0.469,16.875,75.101
Cer81_rep1_Dep6_Tu40,0.001,0.004,47.285,0.002,0.107,0.000,0.015,2.927,2.650,0.444,1.574,0.010,12.031,32.949
Cer81_rep10_Dep6_Tu2,0.017,0.981,0.330,0.000,1.465,0.000,0.304,0.507,0.267,1.252,2.744,0.748,18.299,73.085
Cer81_rep7_Dep6_Tu50,0.000,0.013,59.981,0.000,0.003,0.000,0.008,3.828,0.535,0.165,1.214,0.022,9.810,24.422
Cer81_rep8_Dep6_Tu0.3,0.000,0.007,0.000,0.000,0.328,0.001,0.410,0.451,0.368,1.337,2.672,0.598,16.430,77.397
Cer81_rep8_Dep6_Tu40,0.000,0.004,46.805,0.000,0.019,0.000,0.002,3.445,0.636,0.143,0.575,0.008,6.358,42.005
Cer81_rep9_Dep6_Tu40,0.004,0.007,48.192,0.000,0.008,0.000,0.055,3.662,0.169,0.075,1.517,0.145,11.393,34.772
Cer81_rep9_Dep6_Tu10,0.001,0.147,12.007,0.000,0.162,0.000,0.153,2.093,0.069,0.706,2.811,0.333,13.769,67.749
Cer81_rep2_Dep6_Tu50,0.001,0.000,57.873,0.000,0.002,0.000,0.100,3.666,0.599,0.102,2.134,0.008,8.350,27.163
Cer81_rep8_Dep6_Tu10,0.007,0.082,11.795,0.097,0.705,0.001,0.439,2.074,1.383,0.809,2.863,0.583,17.747,61.413
Cer81_rep10_Dep6_Tu0.1,0.000,0.025,0.000,0.000,0.412,0.001,0.385,0.857,0.021,1.012,3.318,0.971,16.684,76.314
Cer81_rep3_Dep6_Tu1,0.001,0.419,0.246,0.000,0.941,0.000,0.301,0.934,0.105,0.708,2.926,0.460,16.441,76.520
Cer81_rep9_Dep6_Tu50,0.000,0.000,58.694,0.000,0.001,0.000,0.071,3.411,1.182,0.022,0.348,0.064,7.387,28.821
Cer81_rep8_Dep6_Tu30,0.000,0.042,36.562,0.000,0.048,0.000,0.359,1.683,0.790,0.381,2.225,0.036,10.566,47.309
Cer81_rep4_Dep6_Tu20,0.000,0.010,25.567,0.000,0.036,0.000,0.063,1.710,1.348,0.603,1.888,0.260,13.315,55.201
Cer81_rep10_Dep6_Tu20,0.039,0.567,24.079,0.290,0.093,0.000,0.055,2.435,0.655,0.316,1.710,0.185,12.351,57.227
Cer81_rep7_Dep6_Tu3,0.010,1.184,2.370,0.000,0.318,0.001,0.051,0.810,1.218,1.445,2.206,0.179,15.590,74.618
Cer81_rep2_Dep6_Tu30,0.002,0.001,39.752,0.000,0.002,0.000,0.012,1.373,0.543,0.132,1.744,0.029,10.553,45.858
Cer81_rep1_Dep6_Tu0.1,0.000,0.067,0.000,0.000,0.709,0.002,0.929,0.541,0.292,0.679,2.738,0.382,18.302,75.361
Cer81_rep5_Dep6_Tu10,0.002,0.500,12.831,0.001,0.121,0.001,0.103,0.638,1.205,1.000,3.423,0.049,16.203,63.924
Cer81_rep7_Dep6_Tu0.1,0.000,0.026,0.000,0.000,0.256,0.000,0.256,1.050,0.212,1.143,2.229,0.083,16.533,78.213
Cer81_rep8_Dep6_Tu0.5,0.000,1.018,0.001,0.000,0.487,0.000,0.327,1.168,0.542,0.955,1.671,0.517,16.837,76.477
Cer81_rep7_Dep6_Tu1,0.001,0.530,0.006,0.000,0.580,0.005,0.548,0.622,0.144,1.020,1.812,0.339,15.084,79.308
Cer81_rep10_Dep6_Tu0.5,0.000,0.123,0.000,0.000,0.424,0.007,1.081,0.249,0.355,2.180,2.340,0.074,16.677,76.492
Cer81_rep8_Dep6_Tu20,0.000,0.156,24.930,0.003,0.055,0.000,0.174,2.127,1.042,0.249,1.719,0.067,12.606,56.871
Cer81_rep4_Dep6_Tu5,0.005,0.268,6.203,0.000,0.797,0.000,0.026,0.863,1.122,1.288,3.259,0.290,15.834,70.046
Cer81_rep3_Dep6_Tu30,0.000,0.005,38.472,0.000,0.015,0.000,0.060,1.069,0.957,0.196,2.027,0.006,10.816,46.376
Cer81_rep9_Dep6_Tu0.3,0.000,0.007,0.000,0.000,0.130,0.003,0.322,0.274,0.390,1.708,2.648,0.720,16.186,77.610
Cer81_rep4_Dep6_Tu0.3,0.000,0.077,0.000,0.000,0.631,0.013,0.401,0.781,0.842,1.316,2.032,0.612,16.275,77.020
Cer81_rep1_Dep6_Tu30,0.007,0.002,38.469,0.000,0.021,0.000,0.006,1.721,0.863,0.527,1.293,0.126,10.783,46.183
Cer81_rep1_Dep6_Tu1,0.000,0.709,0.055,0.000,0.637,0.000,0.257,0.808,0.558,2.035,2.955,0.875,17.287,73.823
Cer81_rep4_Dep6_Tu50,0.000,0.003,58.434,0.000,0.001,0.000,0.024,3.658,1.581,0.054,1.831,0.139,9.766,24.508
Cer81_rep6_Dep6_Tu0.1,0.000,0.089,0.000,0.000,0.148,0.001,0.687,0.682,0.617,2.310,2.338,0.138,17.075,75.915
Cer81_rep1_Dep6_Tu0.5,0.000,0.349,0.000,0.000,0.442,0.000,0.248,1.373,0.657,1.187,2.716,0.159,17.179,75.691
Cer81_rep3_Dep6_Tu50,0.000,0.005,59.364,0.000,0.001,0.000,0.036,2.853,1.345,0.006,2.284,0.052,9.845,24.210
Cer81_rep6_Dep6_Tu50,0.000,0.002,59.002,0.001,0.001,0.000,0.005,5.471,0.058,0.100,1.267,0.008,8.773,25.311
Cer81_rep4_Dep6_Tu40,0.001,0.003,46.956,0.000,0.004,0.000,0.028,4.585,0.224,0.179,1.968,0.055,8.440,37.557
Cer81_rep7_Dep6_Tu5,0.004,0.240,5.049,0.000,0.717,0.000,0.267,1.548,0.432,0.302,3.191,0.319,13.916,74.013
Cer81_rep9_Dep6_Tu30,0.002,0.022,37.608,0.000,0.011,0.000,0.132,1.306,0.335,0.564,2.389,0.639,11.686,45.306
Cer81_rep5_Dep6_Tu0.5,0.000,0.036,0.000,0.000,0.486,0.000,0.566,0.397,0.409,1.172,2.017,0.187,16.048,78.682
Cer81_rep5_Dep6_Tu2,0.001,1.136,0.035,0.000,0.273,0.221,0.175,0.863,1.416,1.580,2.161,0.136,18.543,73.462
Cer81_rep5_Dep6_Tu3,0.000,0.713,2.564,0.000,0.571,0.000,0.222,0.319,0.877,1.086,1.797,0.183,15.815,75.852
Cer81_rep2_Dep6_Tu0.3,0.000,0.115,0.000,0.000,0.454,0.000,0.060,0.341,1.003,2.255,1.726,0.203,19.246,74.597
Cer81_rep10_Dep6_Tu1,0.000,0.821,0.167,0.000,0.338,0.007,0.333,0.514,0.778,2.161,1.655,0.188,18.599,74.438
Cer81_rep3_Dep6_Tu20,0.002,0.007,24.091,0.000,0.021,0.000,0.050,2.010,0.297,0.347,1.906,0.160,10.955,60.153
Cer81_rep4_Dep6_Tu10,0.001,0.349,11.613,0.002,0.394,0.000,0.271,0.488,0.423,0.465,3.182,0.025,13.040,69.747
Cer81_rep4_Dep6_Tu2,0.003,0.969,0.366,0.001,1.230,0.012,0.820,0.773,0.327,0.971,2.927,0.182,14.896,76.523
Cer81_rep1_Dep6_Tu20,0.000,0.109,25.002,0.000,0.057,0.000,0.035,1.624,1.494,0.819,1.353,0.080,14.581,54.845
Cer81_rep3_Dep6_Tu40,0.005,0.001,48.401,0.000,0.028,0.000,0.017,2.457,1.121,0.064,1.035,0.151,8.613,38.108
Cer81_rep9_Dep6_Tu0.5,0.000,0.076,0.000,0.000,0.704,0.000,0.134,0.866,0.583,0.535,1.847,0.085,15.062,80.108
Cer81_rep2_Dep6_Tu10,0.001,0.049,12.055,0.228,0.425,0.020,0.304,1.265,1.241,1.234,2.031,0.255,15.267,65.625
Cer81_rep6_Dep6_Tu0.3,0.000,0.142,0.000,0.000,0.733,0.000,0.146,0.917,0.719,0.919,3.673,0.137,16.715,75.897
Cer81_rep10_Dep6_Tu30,0.004,0.018,37.705,0.088,0.020,0.000,0.230,3.443,0.482,0.186,1.723,0.099,12.666,43.338
Cer81_rep1_Dep6_Tu10,0.000,0.308,12.404,0.003,0.368,0.000,0.176,0.185,2.027,1.328,1.917,0.291,14.153,66.840
Cer81_rep7_Dep6_Tu2,0.000,0.168,2.137,0.000,0.366,0.007,0.181,0.342,1.044,1.806,2.518,0.150,16.913,74.369
Cer81_rep6_Dep6_Tu2,0.000,1.103,0.000,0.000,0.429,0.065,0.608,0.770,1.043,1.607,3.162,0.273,16.630,74.309
Cer81_rep10_Dep6_Tu40,0.000,0.014,49.499,0.000,0.015,0.000,0.030,1.593,2.314,0.125,1.921,0.083,13.024,31.382
Cer81_rep6_Dep6_Tu5,0.020,0.581,5.261,0.000,0.379,0.002,0.205,1.094,0.693,1.008,2.298,0.221,15.988,72.249
Cer81_rep5_Dep6_Tu40,0.003,0.001,48.701,0.000,0.002,0.000,0.110,4.310,0.527,0.130,1.852,0.107,11.400,32.854
Cer81_rep3_Dep6_Tu3,0.026,1.212,1.864,0.000,0.971,0.000,0.184,1.639,1.566,0.055,2.210,0.244,15.049,74.980
Cer81_rep1_Dep6_Tu2,0.013,1.281,0.571,0.000,0.584,0.000,0.390,0.307,0.547,2.128,2.201,0.298,14.963,76.716
Cer81_rep6_Dep6_Tu10,0.004,0.927,10.789,0.000,0.394,0.000,0.259,0.844,0.540,1.071,2.342,0.322,13.658,68.851
Cer81_rep9_Dep6_Tu2,0.003,0.684,0.538,0.000,0.489,0.013,0.267,0.531,0.515,1.525,1.605,0.842,14.776,78.210
Cer81_rep6_Dep6_Tu0.5,0.000,0.382,0.000,0.000,0.840,0.000,0.162,0.464,0.779,1.915,2.673,0.372,18.727,73.685
Cer81_rep1_Dep6_Tu0.3,0.000,0.121,0.000,0.000,0.355,0.014,0.343,0.704,0.132,1.315,3.876,0.817,15.718,76.606
Cer81_rep1_Dep6_Tu3,0.001,1.200,2.399,0.000,0.285,0.000,0.242,0.470,1.277,0.534,3.762,0.427,15.627,73.777
Cer81_rep2_Dep6_Tu0.1,0.000,0.039,0.000,0.000,0.750,0.003,0.240,0.753,1.004,1.727,2.519,0.209,16.729,76.027
Cer81_rep7_Dep6_Tu0.3,0.000,0.089,0.000,0.000,0.266,0.000,0.168,0.380,0.244,1.672,2.444,0.160,16.700,77.877
Cer81_rep5_Dep6_Tu30,0.006,0.002,35.934,0.001,0.024,0.000,0.020,3.274,1.157,0.830,1.984,0.019,11.406,45.341
Cer81_rep10_Dep6_Tu3,0.005,0.641,1.778,0.000,0.228,0.013,0.728,1.148,0.152,1.740,1.617,0.373,14.240,77.337
Cer81_rep6_Dep6_Tu40,0.000,0.018,47.073,0.000,0.023,0.000,0.010,2.588,1.108,0.343,2.577,0.105,9.985,36.170
Cer81_rep3_Dep6_Tu0.5,0.000,0.234,0.000,0.000,0.570,0.000,0.181,0.872,0.690,1.218,3.673,0.178,16.836,75.548
Cer81_rep8_Dep6_Tu5,0.001,0.378,5.611,0.305,0.060,0.001,0.063,0.937,0.839,0.872,2.186,0.632,16.204,71.912
Cer81_rep7_Dep6_Tu30,0.000,0.018,37.370,0.000,0.012,0.000,0.161,2.162,0.953,0.160,1.450,0.105,9.530,48.078
Cer81_rep3_Dep6_Tu2,0.292,0.637,0.012,0.000,1.491,0.000,0.195,0.769,0.615,1.091,2.760,0.668,14.553,76.918
Cer81_rep5_Dep6_Tu50,0.000,0.002,60.860,0.000,0.001,0.000,0.053,2.537,1.322,0.167,1.034,0.112,10.270,23.640
Cer81_rep2_Dep6_Tu20,0.005,0.018,25.028,0.000,0.051,0.000,0.115,2.070,0.966,0.275,1.855,0.395,12.490,56.733
Cer81_rep7_Dep6_Tu40,0.002,0.002,48.570,0.000,0.005,0.000,0.106,2.182,1.947,0.162,1.427,0.451,9.521,35.626
Cer81_rep10_Dep6_Tu0.3,0.000,0.033,0.000,0.000,0.455,0.000,0.099,0.694,0.370,2.005,2.815,0.512,18.249,74.768
Cer81_rep4_Dep6_Tu3,0.005,2.573,0.539,0.000,0.590,0.015,0.360,0.613,0.661,1.302,2.434,0.083,16.814,74.011
Cer81_rep6_Dep6_Tu1,0.005,1.027,0.002,0.000,0.795,0.009,0.306,0.493,0.266,1.005,2.235,0.364,16.813,76.681
Cer81_rep4_Dep6_Tu0.5,0.000,0.446,0.000,0.000,0.790,0.010,0.128,0.788,0.734,1.999,2.642,0.215,17.774,74.473
Cer81_rep3_Dep6_Tu0.1,0.001,0.072,0.000,0.000,0.718,0.000,0.199,1.096,0.120,1.338,3.116,0.496,17.055,75.788
Cer81_rep7_Dep6_Tu10,0.000,0.086,10.976,0.010,0.236,0.000,0.058,1.604,0.884,0.591,1.626,0.245,11.792,71.892
Cer81_rep10_Dep6_Tu50,0.002,0.005,58.952,0.000,0.001,0.000,0.062,2.620,0.888,0.090,2.146,0.015,9.101,26.120
Cer81_rep5_Dep6_Tu0.3,0.000,0.105,0.000,0.000,0.455,0.000,0.052,0.042,1.554,2.138,3.230,0.221,15.910,76.290
Cer81_rep6_Dep6_Tu20,0.003,0.074,22.492,0.000,0.109,0.000,0.377,2.950,1.348,0.212,1.301,0.058,13.415,57.660
Cer81_rep3_Dep6_Tu5,0.000,0.831,5.280,0.000,0.231,0.000,0.488,0.565,0.915,1.292,1.916,0.161,14.681,73.641
Cer81_rep3_Dep6_Tu10,0.005,0.031,11.961,0.000,0.179,0.000,0.310,0.520,1.237,0.971,2.331,0.482,14.608,67.365
Cer81_rep9_Dep6_Tu3,0.003,0.661,1.597,0.000,1.055,0.000,0.166,1.893,0.371,1.715,2.725,0.259,16.288,73.269
Cer81_rep1_Dep6_Tu5,0.001,0.798,5.300,0.000,0.254,0.000,0.244,0.121,2.095,0.952,2.017,0.062,14.957,73.199
