Sample,BRCA,CEAD,CESC,COAD,OV,READ,bcell,cd4tcell,cd8tcell,erythroblast,monocyte,naturalkillercell,neutrophil,Unknown-1,Unknown-2,Unknown-3,Unknown-4,Unknown-5,Unknown-6,Unknown-7,Unknown-8,Unknown-9,Unknown-10
Cer81_rep10_Dep6_Tu5,0.656,3.471,0.046,0.096,0.740,0.170,0.889,0.339,5.275,2.948,4.586,2.925,12.337,8.637,17.980,4.447,17.271,1.402,6.932,5.459,2.180,0.101,1.113
Cer81_rep8_Dep6_Tu2,0.481,1.645,0.153,0.015,2.442,0.148,0.830,5.353,2.852,2.652,2.262,0.936,14.529,5.703,5.821,16.969,12.986,2.526,1.067,1.926,14.009,1.929,2.768
Cer81_rep6_Dep6_Tu3,0.462,0.498,0.389,0.047,0.010,0.151,3.172,0.776,3.460,4.773,5.165,2.538,3.786,5.895,5.648,1.171,12.621,3.100,5.377,3.025,14.279,11.287,12.370
Cer81_rep2_Dep6_Tu3,0.429,2.516,0.481,0.030,1.375,0.112,0.973,2.124,4.813,3.362,3.574,1.421,10.019,10.203,14.741,5.686,2.352,2.266,5.496,3.339,1.943,13.388,9.354
Cer81_rep7_Dep6_Tu20,2.759,4.809,2.606,0.387,0.234,0.207,3.032,4.209,5.278,1.537,3.853,1.640,0.047,2.126,0.610,8.306,2.720,15.388,4.303,14.016,13.122,7.933,0.880
Cer81_rep5_Dep6_Tu5,0.558,1.671,0.114,0.003,1.845,0.140,1.902,5.265,2.652,3.967,1.539,1.997,5.135,7.141,9.774,7.123,6.540,6.124,19.073,3.824,6.668,2.245,4.699
Cer81_rep4_Dep6_Tu0.1,0.154,1.293,0.024,0.008,0.415,0.142,3.470,1.628,3.526,2.976,1.351,1.610,14.500,6.237,7.066,5.353,7.671,0.592,3.241,0.109,6.317,17.673,14.643
Cer81_rep9_Dep6_Tu20,0.402,3.362,5.864,0.270,1.949,0.189,2.564,2.277,3.496,5.350,5.037,2.124,6.192,0.561,9.004,2.835,0.573,15.486,6.262,10.010,5.137,10.512,0.542
Cer81_rep9_Dep6_Tu5,0.329,2.004,1.251,0.231,1.105,0.199,0.558,3.361,6.392,1.574,4.107,1.311,6.793,0.121,4.226,11.978,7.154,1.594,20.133,6.965,2.979,8.952,6.683
Cer81_rep2_Dep6_Tu1,0.593,0.728,0.229,0.002,0.924,0.094,1.741,5.468,2.118,3.773,1.615,1.428,14.941,3.926,6.945,7.226,6.582,0.885,5.576,3.385,13.870,7.357,10.593
Cer81_rep8_Dep6_Tu3,0.804,1.418,0.429,0.011,1.308,0.021,2.456,1.161,4.134,2.146,4.247,1.224,11.210,21.620,1.996,14.942,0.940,1.207,13.977,8.029,0.188,1.048,5.484
Cer81_rep8_Dep6_Tu1,0.381,1.182,0.109,0.020,0.875,0.068,1.137,2.340,1.964,4.156,4.921,1.986,9.743,20.827,3.168,3.172,9.783,0.156,11.208,0.779,10.213,6.846,4.964
Cer81_rep1_Dep6_Tu50,1.160,6.298,31.304,0.752,1.027,0.024,1.235,2.052,5.780,2.852,1.584,2.027,0.815,11.141,1.490,0.115,0.591,16.515,0.505,5.741,1.755,1.486,3.750
Cer81_rep9_Dep6_Tu1,0.488,2.371,0.043,0.038,0.243,0.116,1.990,5.400,1.403,3.252,3.413,0.752,9.777,4.534,7.610,3.554,11.130,0.717,6.092,4.009,14.911,13.946,4.209
Cer81_rep4_Dep6_Tu30,1.591,5.636,16.233,0.509,3.338,0.015,0.638,2.677,5.860,0.462,4.414,1.253,4.476,1.100,3.159,4.313,7.382,8.566,0.997,17.213,2.737,5.423,2.009
Cer81_rep5_Dep6_Tu20,0.868,5.110,4.616,0.102,2.261,0.299,2.391,5.316,4.059,3.482,1.940,2.706,7.341,3.360,10.068,2.159,2.975,16.793,6.954,5.172,3.467,3.544,5.017
Cer81_rep2_Dep6_Tu0.5,0.263,0.860,0.197,0.001,2.295,0.025,1.633,2.275,1.399,4.203,3.780,2.334,14.516,8.263,19.795,10.465,0.340,0.901,1.021,2.946,7.529,9.749,5.210
Cer81_rep2_Dep6_Tu2,0.357,1.025,0.135,0.036,1.687,0.051,2.287,2.674,2.102,4.915,2.106,1.334,7.391,6.317,7.137,5.168,16.524,2.293,7.678,1.388,1.623,14.774,10.999
Cer81_rep5_Dep6_Tu1,0.115,0.781,0.257,0.019,1.142,0.102,2.363,0.897,6.004,3.611,2.834,1.143,10.646,4.716,8.161,11.789,0.030,1.194,21.746,6.961,3.657,6.282,5.551
Cer81_rep7_Dep6_Tu0.5,0.298,1.017,0.030,0.006,1.652,0.146,2.606,3.874,1.594,2.267,2.772,2.628,11.889,1.254,4.264,6.478,0.705,1.063,10.149,3.923,4.102,11.492,25.791
Cer81_rep5_Dep6_Tu0.1,0.344,1.188,0.168,0.011,0.588,0.135,2.067,3.497,4.404,0.375,5.168,1.695,6.618,2.506,15.944,8.212,9.559,0.033,4.023,4.642,20.243,0.865,7.715
Cer81_rep8_Dep6_Tu0.1,0.101,0.975,0.232,0.022,0.415,0.240,0.512,3.653,3.808,3.621,5.550,2.084,13.740,8.455,9.870,5.981,3.645,0.997,10.317,0.176,7.110,2.310,16.185
Cer81_rep10_Dep6_Tu10,0.913,0.265,6.341,0.166,4.333,0.043,0.780,3.050,4.465,2.807,6.133,1.329,9.389,5.918,0.433,0.170,9.105,0.559,9.305,7.003,4.671,12.059,10.764
Cer81_rep2_Dep6_Tu5,0.076,0.402,0.248,0.047,3.557,0.164,2.167,5.176,4.260,2.374,1.677,0.373,14.194,21.485,1.859,0.147,3.062,3.626,17.219,6.008,8.286,0.793,2.800
Cer81_rep8_Dep6_Tu50,2.827,0.125,32.064,0.382,0.753,0.068,1.101,5.294,4.263,3.601,3.185,2.167,1.127,8.463,0.405,0.463,3.232,17.293,0.926,8.512,0.988,1.290,1.470
Cer81_rep2_Dep6_Tu40,2.467,8.972,18.979,0.405,1.248,0.020,1.364,4.641,4.085,1.585,1.058,1.686,4.927,4.921,1.656,4.871,9.055,21.407,0.172,3.354,0.548,2.126,0.453
Cer81_rep6_Dep6_Tu30,2.126,6.173,9.255,0.381,1.210,0.191,0.586,3.077,9.101,1.515,4.909,0.765,3.794,5.179,6.061,2.196,0.577,19.264,6.016,9.986,0.446,1.790,5.401
Cer81_rep4_Dep6_Tu1,0.004,1.632,0.134,0.025,1.822,0.064,2.448,3.282,2.103,1.366,4.408,2.191,5.557,6.347,2.680,15.749,9.134,1.905,24.113,0.133,0.769,8.073,6.061
Cer81_rep3_Dep6_Tu0.3,0.032,0.961,0.132,0.006,1.988,0.060,3.323,4.591,0.183,3.511,0.789,2.155,7.604,1.340,20.659,4.221,10.443,1.534,4.788,5.148,3.849,13.304,9.379
Cer81_rep9_Dep6_Tu0.1,0.414,0.999,0.117,0.012,0.970,0.113,1.513,6.385,1.887,1.542,2.207,2.673,8.855,4.795,11.273,10.915,9.376,1.623,21.701,0.420,2.474,6.054,3.682
Cer81_rep1_Dep6_Tu40,1.709,0.777,21.113,0.829,3.060,0.200,1.433,5.349,7.367,1.586,3.782,1.153,4.184,8.527,0.781,5.791,3.714,20.013,0.452,1.455,1.626,3.111,1.989
Cer81_rep10_Dep6_Tu2,0.527,1.441,0.190,0.043,0.518,0.095,1.317,5.001,2.883,3.402,5.669,0.753,10.029,2.987,7.343,0.642,9.037,2.588,7.274,2.880,19.043,0.840,15.498
Cer81_rep7_Dep6_Tu50,1.239,5.429,39.011,0.440,1.037,0.035,2.500,2.089,1.871,1.306,2.974,2.732,2.726,4.890,0.822,1.460,3.665,2.616,2.005,14.619,1.325,1.169,4.041
Cer81_rep8_Dep6_Tu0.3,0.412,0.415,0.051,0.006,2.211,0.052,0.653,1.122,1.742,5.418,5.675,2.223,4.648,0.425,1.683,5.253,12.667,0.091,3.480,3.981,22.670,16.539,8.585
Cer81_rep8_Dep6_Tu40,1.357,7.099,19.993,0.367,2.207,0.033,1.725,2.391,3.438,3.473,1.209,2.896,1.498,3.480,1.696,1.600,6.579,15.820,1.276,12.922,1.699,1.727,5.514
Cer81_rep9_Dep6_Tu40,1.254,6.541,24.070,0.489,2.699,0.032,2.170,1.852,2.539,2.175,2.561,2.879,1.814,7.373,0.689,3.264,6.075,6.642,2.137,18.231,0.984,0.270,3.259
Cer81_rep9_Dep6_Tu10,0.254,3.394,2.065,0.090,3.425,0.072,1.417,2.523,2.364,3.937,2.905,3.096,4.586,17.078,1.925,20.902,1.126,2.170,0.325,13.995,0.341,2.833,9.173
Cer81_rep2_Dep6_Tu50,2.658,3.072,30.663,0.756,3.144,0.008,2.962,1.862,2.168,3.685,3.453,1.832,3.064,1.637,0.000,2.488,0.620,10.904,0.770,14.094,1.815,4.215,4.130
Cer81_rep8_Dep6_Tu10,1.130,5.691,3.692,0.123,0.075,0.143,3.675,1.239,5.369,2.211,2.551,2.422,4.021,3.333,11.092,7.863,10.088,0.893,7.373,7.863,4.578,0.307,14.269
Cer81_rep10_Dep6_Tu0.1,0.422,1.223,0.148,0.007,0.283,0.045,2.612,1.464,1.041,3.033,6.095,3.521,11.667,2.643,10.702,7.596,5.962,0.619,12.205,3.512,1.818,11.605,11.777
Cer81_rep3_Dep6_Tu1,0.237,0.296,0.250,0.008,1.147,0.121,0.664,3.435,3.034,3.447,5.310,1.959,10.650,18.536,0.246,4.023,3.508,1.290,2.679,4.422,26.923,2.076,5.741
Cer81_rep9_Dep6_Tu50,0.671,1.635,32.690,0.848,1.538,0.124,2.611,3.113,4.646,2.084,2.948,2.535,2.466,1.309,0.111,3.406,3.430,13.039,0.569,15.519,1.047,2.363,1.298
Cer81_rep8_Dep6_Tu30,1.532,5.758,13.242,0.179,3.662,0.020,2.105,3.776,3.993,2.067,4.116,0.753,2.218,0.234,2.809,3.166,14.447,13.469,0.764,8.214,1.955,8.753,2.770
Cer81_rep4_Dep6_Tu20,1.522,1.377,7.695,0.325,3.550,0.137,1.859,8.242,1.410,1.518,5.722,0.900,5.831,4.995,5.700,4.874,6.306,16.812,3.851,3.228,5.005,2.596,6.546
Cer81_rep10_Dep6_Tu20,0.817,2.014,5.783,0.556,3.914,0.227,2.347,6.472,4.274,1.029,1.912,2.265,7.365,15.215,4.830,2.691,0.076,17.798,10.348,1.537,2.659,3.335,2.535
Cer81_rep7_Dep6_Tu3,0.649,0.492,0.097,0.033,1.252,0.192,2.260,5.232,4.624,0.574,3.318,1.758,3.334,8.261,8.594,11.378,2.246,5.795,24.020,0.495,6.084,0.547,8.766
Cer81_rep2_Dep6_Tu30,2.499,6.483,15.317,0.388,0.310,0.017,0.124,4.470,1.781,3.559,0.621,2.700,6.135,4.096,3.264,5.348,5.569,17.860,1.360,2.965,5.813,8.841,0.479
Cer81_rep1_Dep6_Tu0.1,0.466,1.253,0.062,0.013,1.640,0.108,0.116,4.346,2.346,2.467,6.443,0.864,12.853,0.122,16.261,2.745,11.307,0.766,5.902,3.673,16.405,4.677,5.164
Cer81_rep5_Dep6_Tu10,0.957,2.435,4.643,0.057,1.971,0.075,2.949,2.112,1.568,3.426,3.593,2.703,5.121,14.900,9.471,6.908,1.019,1.897,9.350,13.309,4.628,3.463,3.446
Cer81_rep7_Dep6_Tu0.1,0.279,0.932,0.030,0.002,2.138,0.044,1.909,5.618,0.650,0.985,5.081,0.899,10.894,2.850,6.647,7.749,3.141,0.511,4.732,4.390,18.272,14.180,8.069
Cer81_rep8_Dep6_Tu0.5,0.343,0.899,0.144,0.004,1.612,0.055,1.815,2.320,5.276,3.735,3.868,0.279,0.119,5.553,17.080,0.451,4.995,1.584,4.969,5.591,14.429,9.231,15.648
Cer81_rep7_Dep6_Tu1,0.190,1.216,0.086,0.012,1.716,0.106,3.135,1.906,0.148,2.258,3.733,3.409,8.446,1.505,1.851,9.814,8.234,1.389,6.031,9.129,17.825,4.101,13.759
Cer81_rep10_Dep6_Tu0.5,0.444,0.234,0.188,0.054,1.281,0.088,1.074,4.843,0.134,5.614,3.179,2.564,11.754,11.132,16.708,6.927,7.591,0.511,1.445,4.582,9.502,2.405,7.745
Cer81_rep8_Dep6_Tu20,1.086,8.047,5.165,0.115,1.364,0.093,3.041,4.507,1.099,2.022,3.694,1.854,4.131,8.152,1.364,10.907,7.495,14.516,5.363,3.865,7.756,2.568,1.797
Cer81_rep4_Dep6_Tu5,0.716,0.092,1.898,0.019,2.361,0.110,1.980,5.688,0.813,4.428,3.318,2.208,5.932,14.017,11.102,4.497,1.072,2.071,16.510,7.340,4.419,3.235,6.173
Cer81_rep3_Dep6_Tu30,1.445,7.800,12.215,0.311,0.551,0.068,2.874,3.677,3.961,3.018,0.013,1.729,4.295,1.548,2.303,6.909,7.558,18.681,1.842,4.681,0.608,9.621,4.292
Cer81_rep9_Dep6_Tu0.3,0.145,0.739,0.018,0.006,1.924,0.125,2.261,4.216,1.746,0.865,4.063,2.382,11.988,3.772,7.596,1.944,1.411,0.522,0.700,9.269,22.837,6.338,15.134
Cer81_rep4_Dep6_Tu0.3,0.040,0.559,0.002,0.001,1.798,0.277,1.612,3.850,3.157,1.972,5.222,1.975,10.063,0.861,3.887,2.948,16.815,0.840,12.945,4.654,12.643,6.781,7.097
Cer81_rep1_Dep6_Tu30,2.137,6.121,16.898,0.214,2.043,0.084,0.619,5.374,0.614,2.406,3.734,2.406,2.775,2.337,2.634,4.922,8.119,7.844,1.951,15.619,4.156,5.810,1.184
Cer81_rep1_Dep6_Tu1,0.456,1.329,0.038,0.009,0.952,0.111,1.203,5.600,1.314,2.349,5.709,2.602,8.072,6.769,11.441,1.333,2.682,2.387,15.197,2.804,8.863,2.390,16.389
Cer81_rep4_Dep6_Tu50,2.241,2.127,26.963,0.618,3.132,0.029,1.753,5.590,2.380,4.528,2.385,3.005,1.605,0.761,1.977,2.526,3.519,24.999,0.287,5.268,0.719,0.985,2.603
Cer81_rep6_Dep6_Tu0.1,0.052,0.985,0.134,0.016,1.335,0.051,2.584,0.138,6.216,0.899,5.359,2.039,9.403,0.132,17.591,0.469,15.108,0.500,14.775,6.109,10.071,0.777,5.259
Cer81_rep1_Dep6_Tu0.5,0.479,1.805,0.032,0.018,0.372,0.072,0.598,4.306,1.093,4.347,4.488,2.528,11.407,1.755,16.137,4.333,1.916,1.035,1.155,1.002,13.220,12.612,15.290
Cer81_rep3_Dep6_Tu50,1.460,0.985,35.359,0.735,2.201,0.036,1.267,5.763,4.830,1.127,2.640,1.427,1.688,1.419,2.675,1.624,2.460,10.321,2.110,14.831,0.870,1.473,2.699
Cer81_rep6_Dep6_Tu50,1.941,0.318,27.768,0.985,3.247,0.042,2.514,7.991,1.737,3.008,2.677,1.669,1.712,1.135,0.291,4.074,4.219,25.420,0.894,4.917,0.003,0.141,3.296
Cer81_rep4_Dep6_Tu40,1.729,5.141,19.498,0.378,3.756,0.043,1.472,5.135,2.475,2.895,4.279,2.083,3.052,1.212,2.173,1.295,8.374,15.968,0.027,15.473,0.852,1.166,1.522
Cer81_rep7_Dep6_Tu5,0.276,0.938,1.334,0.066,1.895,0.149,2.085,3.243,2.350,2.806,5.322,2.655,7.918,3.620,10.237,0.470,1.535,2.722,6.973,7.610,6.392,17.337,12.065
Cer81_rep9_Dep6_Tu30,1.612,5.945,14.985,0.327,2.176,0.030,1.461,2.279,3.698,3.495,2.815,2.307,4.842,8.327,0.089,9.359,8.241,12.247,2.379,5.822,2.093,1.362,4.110
Cer81_rep5_Dep6_Tu0.5,0.119,0.824,0.072,0.008,1.831,0.111,0.475,2.797,3.391,2.921,4.332,1.811,10.903,2.145,6.588,3.051,6.037,1.094,6.804,10.184,19.296,8.560,6.644
Cer81_rep5_Dep6_Tu2,0.371,0.698,0.130,0.021,1.336,0.176,1.729,5.300,1.871,2.871,2.956,2.357,6.621,16.047,11.623,15.866,0.461,3.085,6.256,2.109,6.460,1.058,10.596
Cer81_rep5_Dep6_Tu3,0.061,1.744,0.431,0.059,1.012,0.109,2.698,4.545,2.764,4.517,0.791,0.291,8.852,3.787,9.276,2.943,7.396,0.299,10.248,14.995,10.444,9.647,3.091
Cer81_rep2_Dep6_Tu0.3,0.395,0.682,0.174,0.004,1.110,0.033,1.973,3.346,0.728,4.717,4.077,1.459,1.976,18.591,7.544,11.343,5.551,0.286,16.999,0.519,9.270,2.529,6.694
Cer81_rep10_Dep6_Tu1,0.484,1.087,0.232,0.024,2.391,0.005,1.676,3.320,1.675,0.725,1.211,3.359,16.382,23.107,5.912,13.216,2.059,0.284,9.517,3.089,3.645,4.806,1.794
Cer81_rep3_Dep6_Tu20,2.300,4.203,5.011,0.234,3.046,0.147,1.646,0.955,5.422,1.811,4.941,2.784,5.363,2.102,2.754,0.179,5.293,9.843,3.732,16.101,3.856,10.259,8.021
Cer81_rep4_Dep6_Tu10,0.935,2.707,0.757,0.081,3.425,0.234,1.580,2.450,3.431,2.493,5.773,1.513,7.758,0.864,4.014,9.257,5.111,7.464,1.745,9.441,10.251,17.808,0.909
Cer81_rep4_Dep6_Tu2,0.038,0.012,0.598,0.020,1.607,0.459,1.764,4.480,5.476,1.640,6.189,0.093,7.226,0.316,5.441,7.582,11.630,1.189,13.437,3.970,20.801,1.056,4.977
Cer81_rep1_Dep6_Tu20,0.959,2.770,6.162,0.267,4.236,0.098,1.453,1.835,4.600,3.743,4.329,2.234,2.757,2.678,2.040,6.037,2.705,15.730,10.800,7.996,1.838,1.180,13.551
Cer81_rep3_Dep6_Tu40,2.221,0.487,28.512,0.489,2.526,0.109,0.623,3.901,4.942,1.674,3.356,2.234,2.195,6.417,0.425,4.261,7.683,4.538,1.818,16.175,1.483,0.654,3.277
Cer81_rep9_Dep6_Tu0.5,0.361,0.843,0.101,0.009,1.696,0.038,0.447,3.448,3.578,1.553,4.871,1.993,5.894,1.520,8.933,9.086,5.487,0.834,7.913,8.015,16.952,6.385,10.042
Cer81_rep2_Dep6_Tu10,1.944,3.610,0.226,0.723,1.710,0.246,2.132,3.691,4.521,2.515,5.232,1.843,3.055,6.488,2.021,7.400,7.489,1.650,7.591,16.595,9.426,0.834,9.057
Cer81_rep6_Dep6_Tu0.3,0.382,0.274,0.116,0.004,2.303,0.128,0.433,4.205,4.290,1.221,5.806,1.457,10.161,1.951,12.843,14.926,1.974,1.953,12.084,3.937,5.553,6.995,7.001
Cer81_rep10_Dep6_Tu30,1.259,4.996,18.418,0.250,2.236,0.092,3.065,0.394,5.899,2.234,2.210,2.151,4.454,5.703,0.602,1.645,9.631,9.539,3.206,5.614,0.624,2.577,13.202
Cer81_rep1_Dep6_Tu10,0.659,1.336,3.334,0.196,2.390,0.317,3.086,0.959,5.192,0.865,5.440,2.974,8.479,12.945,5.874,8.111,6.562,6.754,10.179,6.092,1.781,0.354,6.120
Cer81_rep7_Dep6_Tu2,0.194,0.984,0.270,0.020,2.027,0.167,2.728,2.059,1.838,2.023,5.006,3.063,7.784,5.738,9.998,1.768,8.020,1.484,5.750,4.804,9.398,6.002,18.876
Cer81_rep6_Dep6_Tu2,0.017,0.624,0.014,0.049,2.770,0.156,2.301,2.215,2.546,3.501,4.822,2.805,7.730,0.721,1.036,7.246,0.782,2.214,11.864,5.650,7.862,3.046,30.029
Cer81_rep10_Dep6_Tu40,1.262,3.394,17.999,0.314,4.683,0.114,1.466,6.552,1.409,3.732,3.339,2.761,2.083,3.824,1.355,0.416,6.946,26.665,2.487,3.403,0.239,0.662,4.896
Cer81_rep6_Dep6_Tu5,0.715,2.559,1.300,0.108,0.416,0.059,2.806,5.438,1.976,2.286,3.608,1.275,4.226,2.141,13.408,2.178,11.366,2.793,6.002,0.928,7.104,5.434,21.872
Cer81_rep5_Dep6_Tu40,1.258,5.129,19.063,0.485,1.900,0.141,3.116,7.252,0.064,2.139,4.026,3.138,4.023,6.580,1.617,3.231,0.875,24.535,0.249,3.478,2.328,2.321,3.052
Cer81_rep3_Dep6_Tu3,0.403,0.941,0.045,0.021,2.883,0.097,2.130,3.503,4.058,4.080,3.411,0.689,7.396,17.785,8.035,5.961,9.743,1.879,0.044,6.993,2.092,10.918,6.894
Cer81_rep1_Dep6_Tu2,0.684,1.473,0.425,0.014,2.747,0.028,2.486,0.468,1.569,1.853,5.663,3.115,9.365,2.314,15.730,8.572,5.044,1.615,1.177,1.677,19.250,14.359,0.373
Cer81_rep6_Dep6_Tu10,0.361,3.616,2.425,0.214,0.415,0.351,2.619,4.214,1.825,4.307,3.732,2.082,7.109,14.522,6.925,5.797,10.796,4.661,2.148,5.893,5.848,2.788,7.354
Cer81_rep9_Dep6_Tu2,0.690,1.192,0.250,0.010,0.509,0.137,0.914,1.884,4.483,5.255,1.461,2.491,7.024,4.127,4.041,1.983,15.352,0.632,9.470,7.741,17.522,2.045,10.787
Cer81_rep6_Dep6_Tu0.5,0.327,1.050,0.090,0.018,1.824,0.076,0.616,0.121,5.532,2.620,6.356,2.466,0.993,1.005,11.181,6.589,10.578,1.643,18.418,3.427,7.598,0.358,17.114
Cer81_rep1_Dep6_Tu0.3,0.069,0.247,0.157,0.020,2.159,0.103,0.138,4.315,4.631,3.217,6.837,0.214,8.184,3.896,21.354,2.533,5.947,1.039,0.888,3.571,19.819,9.624,1.040
Cer81_rep1_Dep6_Tu3,0.624,1.852,0.643,0.009,1.640,0.087,1.569,0.233,3.232,2.831,7.056,2.974,11.679,3.791,14.890,6.873,6.564,2.710,3.505,2.083,1.890,10.998,12.267
Cer81_rep2_Dep6_Tu0.1,0.254,0.625,0.167,0.016,0.785,0.097,0.267,5.108,2.172,3.584,4.886,2.427,4.478,0.036,14.492,20.538,4.880,1.879,19.620,1.979,2.060,4.219,5.433
Cer81_rep7_Dep6_Tu0.3,0.060,0.892,0.001,0.009,2.248,0.004,2.222,2.630,0.268,5.110,4.497,1.189,9.533,1.099,11.168,11.401,7.118,0.695,0.239,1.870,14.797,16.512,6.439
Cer81_rep5_Dep6_Tu30,0.812,6.805,14.099,0.475,1.286,0.073,3.526,0.802,8.603,1.472,2.426,0.469,3.364,3.814,0.113,2.598,5.716,12.653,3.763,10.071,3.479,6.715,6.867
Cer81_rep10_Dep6_Tu3,0.495,3.344,0.370,0.091,0.360,0.147,1.417,4.622,3.604,0.569,1.223,3.364,6.797,9.441,17.066,10.387,10.692,0.767,0.052,0.052,3.523,3.995,17.624
Cer81_rep6_Dep6_Tu40,2.222,3.652,23.923,0.374,0.318,0.073,1.306,5.314,2.038,4.596,3.222,2.034,1.890,1.450,0.277,2.786,10.879,10.867,1.521,13.392,3.414,4.314,0.136
Cer81_rep3_Dep6_Tu0.5,0.010,0.386,0.090,0.016,2.360,0.041,1.798,0.377,3.805,3.818,6.072,2.133,11.138,2.925,2.519,18.633,0.715,1.493,15.927,0.138,17.320,0.212,8.075
Cer81_rep8_Dep6_Tu5,0.816,1.145,0.233,0.052,1.541,0.127,1.783,3.803,4.480,3.430,3.427,1.298,1.209,12.942,7.236,10.365,2.892,6.727,11.566,1.693,7.614,5.804,9.817
Cer81_rep7_Dep6_Tu30,0.668,5.061,12.575,0.717,0.351,0.371,1.609,3.956,6.525,1.858,4.981,1.875,5.686,0.890,3.014,7.266,0.881,14.725,2.662,20.345,1.570,2.159,0.255
Cer81_rep3_Dep6_Tu2,0.913,0.608,0.200,0.027,2.860,0.117,1.552,1.510,6.251,0.177,6.117,0.631,12.659,4.228,3.434,0.063,9.809,2.520,7.964,1.684,14.507,12.381,9.786
Cer81_rep5_Dep6_Tu50,1.419,3.827,28.394,0.837,3.590,0.013,2.931,3.939,2.885,4.129,0.933,1.736,1.281,2.410,0.231,4.031,5.241,23.267,0.338,1.925,0.472,4.972,1.199
Cer81_rep2_Dep6_Tu20,3.288,1.104,0.652,0.431,6.150,0.124,1.127,4.657,4.849,1.173,5.218,3.812,6.993,1.246,5.604,5.875,3.756,22.753,0.184,3.286,5.704,1.519,10.497
Cer81_rep7_Dep6_Tu40,2.051,3.403,17.901,0.631,3.994,0.122,2.426,2.802,6.516,2.847,2.680,2.585,3.510,7.684,0.478,1.122,1.769,19.723,0.211,13.380,1.245,2.914,0.007
Cer81_rep10_Dep6_Tu0.3,0.287,0.261,0.101,0.010,1.473,0.088,0.984,3.211,2.229,4.246,5.300,2.552,14.215,5.513,15.552,16.968,4.162,1.332,5.505,4.610,0.136,3.346,7.920
Cer81_rep4_Dep6_Tu3,0.623,2.658,0.213,0.021,2.680,0.038,1.678,1.438,1.883,3.226,5.271,2.386,6.654,0.536,13.278,32.513,2.386,0.535,0.944,2.660,4.886,3.074,10.421
Cer81_rep6_Dep6_Tu1,0.493,0.337,0.204,0.006,3.057,0.012,1.511,0.536,2.833,3.617,6.159,2.294,7.782,3.154,18.455,12.055,6.914,0.899,2.611,7.361,7.574,1.914,10.220
Cer81_rep4_Dep6_Tu0.5,0.202,0.940,0.146,0.010,1.393,0.121,0.264,3.725,3.334,3.925,4.813,1.366,7.410,12.103,15.325,6.406,3.578,0.729,20.487,2.602,0.113,4.864,6.144
Cer81_rep3_Dep6_Tu0.1,0.318,0.615,0.173,0.011,2.350,0.095,1.417,2.636,3.327,1.583,3.937,2.594,14.054,3.327,0.916,7.401,6.941,0.174,16.513,6.902,15.001,4.392,5.321
Cer81_rep7_Dep6_Tu10,0.970,0.671,2.944,0.081,2.991,0.264,2.575,4.652,0.241,1.424,5.058,3.469,5.916,0.836,7.456,14.039,8.928,4.768,0.714,12.546,11.792,4.411,3.253
Cer81_rep10_Dep6_Tu50,2.127,4.884,24.974,0.557,3.202,0.059,1.618,2.157,5.452,2.009,4.679,1.270,1.591,2.565,0.465,1.099,2.636,27.334,0.774,4.625,1.488,4.141,0.296
Cer81_rep5_Dep6_Tu0.3,0.412,1.406,0.070,0.005,0.453,0.027,1.623,1.063,6.732,1.257,5.255,1.399,6.412,11.528,12.259,1.500,2.951,1.506,21.452,4.895,7.493,0.061,10.239
Cer81_rep6_Dep6_Tu20,1.610,1.433,5.293,0.239,2.150,0.178,3.451,2.053,2.623,4.010,5.002,3.368,5.211,1.049,6.026,1.971,2.697,16.347,12.619,4.838,0.552,11.788,5.492
Cer81_rep3_Dep6_Tu5,0.472,3.020,0.568,0.100,2.484,0.067,1.839,0.113,3.949,2.404,6.100,2.537,3.382,6.507,8.996,1.393,0.867,2.413,12.010,6.617,12.837,13.861,7.465
Cer81_rep3_Dep6_Tu10,1.071,0.770,3.170,0.153,2.904,0.092,1.080,3.522,1.993,4.200,4.441,2.446,7.148,9.213,1.392,0.327,8.017,5.458,4.062,2.232,0.552,19.716,16.040
Cer81_rep9_Dep6_Tu3,0.405,2.103,0.102,0.009,1.920,0.034,2.181,3.548,1.642,6.240,0.288,1.204,14.391,3.509,3.583,15.980,5.046,2.226,16.599,6.227,5.287,6.304,1.172
Cer81_rep1_Dep6_Tu5,0.378,2.680,1.408,0.096,0.789,0.128,2.770,4.717,3.670,2.537,0.197,1.853,8.244,6.321,12.437,1.894,2.853,2.274,11.030,5.408,6.238,8.311,13.768
