Sample,BRCA,CEAD,CESC,COAD,OV,READ,bcell,cd4tcell,cd8tcell,erythroblast,monocyte,naturalkillercell,neutrophil,Unknown-1
Breast-GC1002975,0.291,4.850,3.766,0.000,3.911,0.408,3.202,0.898,1.993,6.239,11.350,3.770,22.186,37.136
Breast-GC1002976,0.968,16.240,0.000,0.000,6.117,1.687,2.101,1.231,6.063,3.023,3.699,3.813,25.635,29.423
Breast-GC1002977,0.000,0.000,0.000,0.000,0.166,0.444,6.042,8.664,0.751,0.000,10.262,13.601,46.058,14.012
Breast-GC1002978,1.230,0.007,12.498,0.544,6.554,0.226,3.060,0.644,1.877,0.667,18.412,2.931,11.741,39.608
Breast-GC1002979,8.173,4.193,0.457,0.054,1.890,1.679,1.059,0.853,2.424,3.292,14.962,3.815,35.047,22.100
Breast-GC1002980,0.000,2.285,7.549,0.006,6.951,0.001,3.196,2.435,1.858,1.753,10.195,0.710,0.773,62.287
Breast-GC1002981,0.001,7.771,2.907,0.000,4.454,0.015,1.737,1.475,0.566,4.124,14.636,3.262,26.651,32.401
Breast-GC1003967,0.180,3.201,5.418,0.324,9.226,0.435,2.246,1.404,0.593,7.954,14.672,2.878,2.530,48.939
Breast-GC1003968,1.854,2.269,0.187,0.862,9.126,3.865,0.933,0.138,3.106,11.956,12.965,5.415,14.454,32.870
Breast-GC1003970,0.535,9.134,2.690,0.001,1.752,0.021,0.400,0.438,0.741,3.470,36.791,2.739,17.192,24.097
Breast-GC1003971,0.410,0.946,8.819,0.845,7.683,0.799,2.095,1.069,4.029,9.465,17.227,5.689,0.136,40.788
Breast-GC1003972,0.656,13.077,0.280,1.101,6.183,0.362,0.485,0.016,4.612,5.646,22.752,4.086,0.324,40.421
Breast-GC1003974,0.612,0.061,1.366,1.510,7.877,0.001,2.437,1.221,1.602,4.242,12.226,1.403,33.491,31.950
Breast-GC1002311,0.000,4.498,5.680,0.001,2.722,0.260,1.480,4.189,0.731,6.089,18.473,3.646,12.061,40.172
Breast-GC1004006,0.003,8.884,0.802,0.000,0.925,0.983,4.011,5.031,1.385,6.017,12.138,2.397,28.710,28.715
Breast-GC1004007,0.001,6.340,5.335,0.000,3.460,1.540,4.269,2.404,1.592,4.588,10.251,7.274,0.570,52.376
Breast-GC1004008,0.204,4.724,5.370,0.335,0.539,0.263,3.487,1.162,2.920,3.342,8.703,4.534,30.894,33.523
Breast-GC1004009,0.141,10.008,0.024,0.170,11.057,1.977,0.845,0.002,0.176,4.452,8.416,0.794,37.987,23.952
Breast-GC110693,1.016,2.441,0.000,0.000,1.494,0.004,6.995,0.510,4.713,3.510,10.515,5.411,34.173,29.218
Breast-GC110694,0.045,8.504,0.709,0.063,4.782,0.508,3.159,1.352,1.117,9.835,14.485,2.786,22.513,30.142
Breast-GC110695,0.013,14.215,2.079,0.000,11.947,1.247,0.772,1.915,0.774,3.707,9.915,6.622,1.444,45.350
Breast-GC110696,0.000,3.741,3.727,0.000,4.753,0.000,6.246,4.220,0.454,4.471,14.350,6.669,9.205,42.166
Breast-GC116960,0.019,8.139,1.728,0.188,7.526,0.386,4.116,3.040,0.713,5.112,20.338,4.574,13.928,30.194
Breast-GC116963,0.000,8.337,2.396,0.000,3.307,0.010,0.075,1.124,0.184,0.419,6.297,2.237,48.907,26.706
Breast-GC116964,0.000,0.752,0.002,0.404,6.721,1.438,5.814,1.577,2.406,6.141,23.612,6.322,3.971,40.840
Breast-GC116965,0.868,7.886,6.313,0.000,6.335,0.210,0.936,3.853,1.457,10.112,9.635,2.309,0.103,49.983
Breast-GC116966,0.000,1.333,14.322,0.000,1.715,0.079,1.502,1.456,2.231,5.529,13.516,4.103,0.038,54.176
Breast-GC116967,0.245,7.572,0.285,0.645,8.216,0.978,1.342,3.269,1.293,5.046,16.337,7.001,14.578,33.193
Breast-GC116968,0.185,9.702,1.148,0.172,2.762,1.690,0.761,1.516,1.023,3.234,6.620,1.860,32.043,37.284
Breast-GC116969,0.000,1.056,13.134,0.000,2.246,1.203,0.170,0.266,3.354,6.243,6.325,1.939,38.657,25.406
Breast-GC116970,0.002,10.589,0.017,0.201,4.457,1.574,1.528,1.160,1.139,9.660,15.196,3.065,27.607,23.806
Breast-GC116971,0.056,9.847,8.722,0.000,2.995,0.133,3.130,0.868,0.288,9.251,13.356,4.510,8.212,38.634
Breast-GC110676,0.000,0.107,2.716,1.018,2.690,2.332,3.299,1.702,7.348,1.158,9.279,3.616,17.955,46.781
Breast-GC110678,0.001,4.653,12.528,1.342,4.471,0.585,1.728,1.114,3.723,5.725,21.836,4.460,16.436,21.400
Breast-GC110679,16.458,2.502,3.892,1.380,1.672,1.348,4.017,1.324,1.831,3.941,13.172,1.098,13.171,34.195
Breast-GC110680,0.000,7.888,2.318,0.000,3.553,2.412,1.636,1.733,2.698,9.289,7.690,1.401,27.020,32.364
Breast-GC110681,4.022,0.003,0.032,0.000,28.381,5.383,2.294,0.274,0.648,1.713,3.379,4.658,5.487,43.727
Breast-GC110682,0.000,1.545,0.011,0.000,9.837,3.275,6.631,0.704,1.080,4.281,14.046,7.823,26.248,24.519
Breast-GC110683,1.495,1.093,0.172,0.039,6.600,3.429,4.704,2.506,2.199,7.565,18.175,8.111,15.761,28.152
Breast-GC110684,0.404,1.131,2.165,0.804,9.553,2.498,3.831,0.787,0.731,4.214,16.333,2.966,21.863,32.721
Breast-GC110685,0.001,12.042,8.894,0.027,4.446,0.781,5.497,7.789,1.580,2.802,13.698,4.880,7.299,30.263
Ovarian-GC110686,0.000,5.488,11.296,0.865,3.043,0.001,0.318,2.861,0.206,9.645,6.610,2.865,0.011,56.793
Ovarian-GC114179,0.002,8.903,1.070,0.895,0.267,1.164,1.924,2.290,0.378,18.034,15.276,4.579,15.230,29.988
Ovarian-GC114180,0.000,8.598,10.035,0.469,0.117,0.000,4.565,4.772,0.185,8.155,11.371,1.443,0.863,49.429
Ovarian-GC114181,9.331,3.872,12.734,0.000,6.066,0.668,0.013,0.111,0.439,24.113,5.374,3.874,12.773,20.632
Ovarian-GC114182,4.818,0.005,0.001,0.000,54.911,3.791,0.000,0.003,0.223,0.078,5.074,0.582,9.123,21.391
Ovarian-GC116977,0.000,8.896,0.214,0.504,5.717,2.855,1.935,0.906,1.141,12.522,12.977,3.732,7.431,41.171
Ovarian-GC116979,1.466,10.582,7.118,0.170,19.594,0.769,0.233,1.079,0.317,10.374,8.931,1.619,25.811,11.935
Ovarian-GC116982,0.000,14.176,0.262,0.000,18.472,0.093,1.494,3.658,0.094,5.059,8.577,5.735,5.950,36.430
Ovarian-GC116990,0.492,3.685,0.955,0.000,7.312,3.052,3.284,0.503,2.043,3.491,16.004,4.481,24.669,30.029
Ovarian-GC119363,0.076,18.010,1.930,0.681,11.457,0.139,1.490,1.799,0.529,19.824,3.212,1.270,8.476,31.106
Ovarian-GC119364,0.930,7.565,7.596,0.001,1.430,0.855,3.377,1.631,0.881,3.295,18.281,4.079,24.681,25.399
Ovarian-GC119365,1.035,0.000,0.001,0.000,95.742,0.113,0.010,0.001,0.000,3.076,0.005,0.000,0.000,0.017
Ovarian-GC119366,2.192,25.483,10.736,0.173,0.583,0.142,0.048,1.152,0.216,22.159,11.075,2.018,0.066,23.956
Colorectal-GC121326,0.067,15.838,0.033,0.070,4.698,0.186,0.088,2.710,0.804,14.909,3.733,2.554,29.286,25.024
Colorectal-GC121327,8.458,10.663,15.015,13.421,1.061,0.000,0.210,0.000,0.000,8.678,6.443,0.000,0.018,36.033
Colorectal-GC121328,0.000,0.178,6.897,0.000,11.779,4.340,1.450,2.166,2.963,24.269,8.007,3.843,0.000,34.108
Colorectal-GC121329,0.176,10.715,12.815,0.000,4.794,19.160,6.170,2.758,2.278,22.066,4.155,1.601,1.978,11.334
Colorectal-GC121330,1.626,44.327,0.000,0.000,5.430,1.561,0.000,0.000,0.006,4.631,1.299,0.050,14.546,26.523
Colorectal-GC1003994,0.000,0.329,11.248,1.036,11.014,0.163,1.258,0.512,2.995,15.419,10.735,0.970,6.462,37.859
Colorectal-GC1003995,4.570,13.038,6.202,14.324,2.839,18.223,1.363,0.226,2.731,0.183,6.176,0.890,11.554,17.681
Colorectal-GC1003996,1.011,0.769,0.677,3.533,6.401,0.148,4.389,2.008,2.552,9.194,12.067,2.865,33.045,21.342
Colorectal-GC1003997,0.000,2.666,17.347,0.603,0.254,0.000,1.283,0.018,0.289,10.980,10.273,1.620,12.975,41.691
Colorectal-GC1003998,0.000,5.496,11.613,1.319,0.519,2.388,0.584,0.436,4.055,10.951,16.815,8.242,10.926,26.656
Colorectal-GC1003999,0.096,36.949,0.015,0.000,3.711,0.442,0.033,1.526,0.036,11.439,0.557,2.117,6.094,36.983
Colorectal-GC1004000,0.116,8.551,0.017,0.459,4.883,46.703,0.169,0.044,5.630,0.197,1.557,1.654,8.642,21.377
Colorectal-GC1004001,0.000,0.106,13.707,0.159,1.808,0.170,0.256,0.937,1.430,7.179,13.018,4.181,23.745,33.303
Colorectal-GC1004002,1.877,3.630,8.695,1.936,0.137,0.022,1.273,5.645,0.063,8.019,10.742,4.646,9.831,43.484
Colorectal-GC1004003,0.884,19.910,0.007,0.000,5.207,0.547,0.095,2.224,2.381,14.965,11.748,0.980,9.190,31.860
Colorectal-GC137538,2.310,0.004,0.002,0.534,18.504,2.849,0.687,4.194,12.126,0.708,21.014,5.682,0.085,31.301
Colorectal-GC137539,0.028,16.007,1.384,0.009,0.589,3.251,1.854,0.599,3.983,7.813,21.619,2.006,23.136,17.721
Colorectal-GC137540,0.000,1.371,2.843,0.001,2.357,0.000,0.918,4.163,3.868,17.168,14.888,1.277,8.162,42.984
Colorectal-GC137541,0.099,4.658,2.248,0.000,5.277,3.738,3.461,2.755,1.068,10.258,15.191,4.103,16.072,31.072
Colorectal-GC137542,0.000,0.270,1.759,1.157,1.580,1.099,1.104,3.260,4.263,20.450,9.019,4.686,19.860,31.493
Colorectal-GC137543,0.018,2.628,12.344,0.544,9.696,5.427,3.440,0.308,2.224,1.049,8.650,1.843,0.099,51.730
Colorectal-GC137544,0.000,0.434,7.533,0.038,5.618,0.000,1.564,0.255,3.979,7.676,11.082,1.370,10.494,49.955
Colorectal-GC137545,0.000,2.869,18.987,0.000,0.087,0.001,3.513,2.633,0.052,6.186,11.673,4.020,1.320,48.660
Colorectal-GC137546,0.000,3.707,11.620,0.159,2.273,0.858,1.953,0.239,1.046,4.790,10.698,4.150,19.175,39.332
Colorectal-GC137547,1.658,5.930,1.657,0.000,2.325,2.240,0.300,0.968,1.170,14.589,21.881,4.543,9.381,33.358
Colorectal-GC137548,0.086,0.328,0.387,0.000,10.311,0.022,0.127,0.354,2.251,0.247,7.505,8.205,38.037,32.141
Colorectal-GC137549,0.182,4.071,0.636,0.000,5.535,10.918,3.185,0.830,2.803,17.714,9.144,7.031,18.138,19.814
Colorectal-GC137550,1.559,0.246,5.267,0.000,3.995,2.830,7.921,1.452,2.215,3.830,5.204,5.850,23.011,36.621
Colorectal-GC137551,0.329,0.000,0.000,0.000,0.194,4.679,5.787,0.042,1.396,0.961,34.391,3.725,28.276,20.219
Colorectal-GC137552,0.000,0.027,6.688,0.020,6.790,3.990,1.076,0.234,1.219,7.144,22.877,4.349,10.294,35.292
Colorectal-GC137553,0.115,2.105,0.405,0.556,7.899,3.494,22.848,1.381,8.639,2.079,13.763,4.132,0.064,32.519
Colorectal-GC137554,0.325,22.638,0.014,0.245,5.118,2.658,3.365,0.230,1.543,5.857,10.005,4.344,4.943,38.715
Colorectal-GC137555,0.000,0.074,6.277,0.000,2.821,2.147,2.515,2.842,2.377,4.299,19.454,5.992,9.348,41.855
Colorectal-GC137556,0.009,0.754,3.340,0.000,6.437,2.073,1.764,4.719,1.535,9.317,13.582,3.020,20.392,33.058
Colorectal-GC137557,0.000,0.006,2.001,1.431,1.381,0.019,0.192,3.532,0.500,5.334,13.923,1.698,35.297,34.686
Cervical-GC1002983,0.075,5.813,0.004,0.000,10.620,1.372,2.788,1.290,1.521,3.716,14.453,5.159,34.079,19.109
Cervical-GC1002984,0.091,3.597,4.839,0.000,4.364,0.428,0.935,2.038,0.809,10.348,23.004,3.957,10.918,34.670
Cervical-GC114187,0.000,0.027,0.003,0.214,15.135,0.826,4.928,4.715,1.719,1.352,13.647,3.862,0.048,53.525
Cervical-GC114188,0.000,5.326,0.163,0.365,11.516,0.027,3.039,6.275,1.703,1.957,10.964,3.328,11.553,43.786
Control-GC1003986,0.000,0.059,1.085,0.000,4.739,3.741,3.373,2.838,3.892,1.116,11.777,5.188,39.872,22.321
Control-GC1003988,0.000,2.242,5.983,0.259,2.454,2.708,0.544,2.095,0.972,7.680,14.069,1.697,15.861,43.436
Control-GC110675,0.000,0.056,0.025,0.225,6.513,0.001,3.105,0.128,1.538,3.119,8.505,1.357,48.272,27.157
Control-GC112864,0.709,0.597,3.116,0.007,12.179,0.005,3.060,0.868,2.609,2.339,14.539,3.745,23.480,32.746
Control-GC112894,0.692,20.125,0.015,0.576,6.483,5.111,3.548,0.130,2.142,3.458,8.791,6.440,15.952,26.535
Control-GC112895,0.015,7.911,0.390,0.000,6.761,2.432,8.390,1.178,4.496,7.713,14.715,2.834,16.871,26.293
Control-GC112897,1.921,0.126,0.175,0.694,13.081,2.026,5.565,2.630,0.246,5.311,9.059,3.067,26.132,29.968
Control-GC119350,0.000,0.043,2.813,0.000,4.322,0.596,4.615,5.124,0.858,8.441,15.256,4.485,6.774,46.672
Control-GC119351,0.000,1.110,0.098,0.000,9.655,1.797,1.812,0.506,0.939,10.290,7.451,4.098,33.118,29.126
Control-GC119352,0.000,7.732,8.290,0.000,0.814,0.000,1.742,0.402,2.135,7.839,12.493,3.392,14.912,40.249
Control-GC119353,0.219,5.150,0.403,0.000,14.929,1.794,2.023,2.288,3.353,10.198,18.924,4.474,6.893,29.352
Control-GC119354,0.000,7.822,5.168,0.523,5.250,0.002,3.114,1.241,4.396,12.069,12.924,4.669,7.096,35.726
Control-GC119356,0.555,0.314,3.645,0.047,1.968,3.200,1.971,2.230,0.807,11.867,9.066,3.047,35.833,25.449
Control-GRP-GC114128,0.000,0.028,3.712,0.359,4.068,1.768,6.205,0.346,1.254,11.542,15.178,5.622,0.034,49.884
Control-GRP-GC114130,0.000,6.678,23.858,0.000,0.006,0.000,0.004,2.157,0.260,8.865,13.173,1.470,6.397,37.132
Control-GRP-GC114131,0.021,0.315,9.556,0.938,5.606,1.624,1.133,1.109,4.072,2.758,8.998,1.950,10.792,51.128
Control-GRP-GC114132,0.000,15.146,11.477,0.000,0.260,0.004,0.176,2.831,0.806,15.396,16.526,4.990,21.537,10.852
Control-GRP-GC114133,0.104,0.509,10.156,0.000,2.427,2.708,5.211,0.543,2.567,6.996,22.999,3.393,8.472,33.914
Control-GRP-GC114134,0.000,0.336,13.463,0.000,0.896,0.003,0.079,5.632,0.701,9.705,15.649,3.440,7.928,42.167
Control-GRP-GC114136,0.000,8.232,10.239,0.768,1.297,1.324,0.364,0.027,0.696,5.435,5.496,3.066,29.340,33.717
Control-GRP-GC114137,0.000,5.227,11.313,0.000,0.482,0.000,0.435,1.572,1.528,13.056,10.325,1.170,23.649,31.243
Control-GRP-GC114139,0.000,0.669,10.630,0.000,3.324,0.936,1.580,1.917,3.263,8.936,10.541,3.620,14.910,39.676
Control-GRP-GC114140,1.128,0.003,0.000,0.000,12.675,0.383,3.653,0.035,0.847,0.003,7.406,5.725,34.481,33.662
Control-GRP-GC114141,0.001,24.623,0.001,0.000,2.911,2.233,0.727,1.522,2.174,7.787,7.860,2.104,26.208,21.849
Control-GRP-GC114142,0.017,5.719,5.937,0.000,2.000,2.021,0.997,1.802,1.038,3.917,11.782,3.903,29.056,31.813
Control-GRP-GC114183,0.000,3.114,11.931,0.017,0.081,0.008,1.871,1.898,0.888,9.367,7.489,1.244,32.202,29.889
Control-GRP-GC114185,0.194,3.881,1.851,0.078,3.775,4.968,2.112,0.361,3.447,0.018,16.509,1.692,26.752,34.363
Control-GRP-GC114186,0.000,3.409,11.046,0.069,1.733,1.142,2.144,1.049,1.361,3.398,12.558,2.396,19.395,40.301
Control-GRP-GC118464,0.005,15.026,3.066,0.000,1.926,1.439,0.004,6.143,0.496,4.816,11.193,2.656,23.526,29.701
Control-GRP-GC118466,0.001,8.222,7.993,0.000,1.419,0.010,2.681,2.435,3.103,10.178,15.640,2.839,9.431,36.048
Control-GRP-GC118474,0.000,3.539,15.768,0.000,0.699,0.000,0.016,0.675,2.950,6.463,17.360,3.162,14.732,34.637
Control-GRP-GC118476,0.000,12.090,13.570,0.000,0.100,0.000,0.002,0.757,0.266,9.518,11.700,2.198,5.358,44.441
Control-GRP-GC118478,0.000,1.110,11.245,0.000,1.205,1.058,2.722,1.426,1.899,11.403,16.642,4.645,16.486,30.159
Control-GRP-GC118484,0.000,4.547,4.867,0.256,1.000,0.013,2.331,0.028,2.111,6.934,11.760,1.903,30.209,34.040
Control-GRP-GC118485,0.000,3.478,10.776,0.003,3.128,0.001,1.370,3.193,0.130,5.019,12.140,2.825,12.414,45.523
Control-GRP-GC118486,0.000,3.954,9.555,0.000,0.053,0.003,1.552,0.125,0.069,4.121,10.423,1.246,48.278,20.620
Control-GRP-GC118489,0.000,7.489,7.168,0.000,2.110,1.144,2.489,0.962,0.449,2.587,15.205,1.923,33.029,25.444
Control-GRP-GC118490,0.000,4.730,9.376,0.001,5.884,0.138,4.276,3.622,4.323,1.112,14.444,0.950,15.579,35.564
Control-GRP-GC118491,0.000,1.083,20.150,0.000,0.135,1.266,0.766,1.836,2.520,14.270,10.673,1.703,4.709,40.888
Control-GRP-GC118494,0.006,5.003,4.375,0.000,6.384,0.003,3.874,2.070,0.356,3.327,21.358,1.528,16.858,34.858
Control-GRP-GC118496,0.000,2.925,6.263,0.069,6.622,0.333,0.057,0.004,0.067,5.108,3.848,0.446,53.906,20.353
Control-GRP-GC118497,0.000,1.093,16.187,0.005,0.069,0.040,2.320,0.836,0.125,8.949,9.392,2.818,22.264,35.902
Control-GRP-GC118499,0.018,6.044,9.306,0.009,1.606,0.027,1.081,2.002,1.527,5.033,9.787,1.609,35.094,26.858
Control-GRP-GC119340,0.000,4.196,11.678,0.000,0.932,0.001,1.356,4.440,0.040,11.565,16.282,2.265,12.792,34.452
Control-GRP-GC119343,0.000,0.136,16.601,0.000,0.029,0.000,0.321,3.435,1.857,15.234,10.761,2.489,0.016,49.121
Control-GRP-GC119367,0.000,5.796,13.549,0.000,6.029,0.897,1.111,0.014,0.578,5.536,18.671,3.743,6.019,38.057
Control-GRP-GC119369,0.000,4.446,9.386,0.000,0.861,0.000,0.013,0.183,2.285,7.042,8.249,1.502,30.971,35.062
Control-GRP-GC119370,0.000,10.439,3.286,0.000,3.554,0.069,2.523,0.551,2.637,4.068,19.948,1.648,14.632,36.644
Control-GRP-GC119374,0.000,5.079,8.906,0.000,0.251,0.002,1.975,3.192,1.948,3.230,21.387,5.756,20.319,27.954
Control-GRP-GC119375,0.003,10.455,6.908,0.000,7.945,0.002,1.911,2.919,0.780,8.907,15.843,2.779,9.959,31.590
Control-GRP-GC119377,0.000,8.411,12.211,0.000,0.426,0.014,2.639,4.420,0.445,8.306,12.411,2.650,13.689,34.376
Control-GRP-GC119383,0.000,6.682,12.663,0.002,0.337,0.001,1.551,1.985,2.160,3.256,16.648,2.004,3.054,49.657
Control-GRP-GC119384,0.000,7.504,14.625,0.000,0.563,0.000,1.533,2.061,1.361,2.994,14.658,3.616,19.050,32.035
Control-GRP-GC119386,0.533,8.514,18.168,3.084,0.039,0.188,1.066,2.000,0.367,0.646,13.857,0.896,18.782,31.861
Control-GRP-GC119388,0.014,4.201,6.915,0.708,0.736,1.493,3.542,1.176,0.170,10.783,19.991,4.973,14.982,30.316
Control-GRP-GC119389,0.000,1.390,22.662,0.000,0.250,0.000,0.000,1.640,0.469,11.130,7.743,3.005,14.136,37.574
Control-GRP-GC119390,0.079,2.145,17.445,2.247,3.918,1.107,0.746,0.701,0.002,7.493,15.824,2.813,6.231,39.248
Control-GRP-GC119391,0.000,5.492,17.631,0.112,0.016,0.000,0.229,2.607,0.073,14.136,8.680,5.582,10.817,34.626
Control-GRP-GC119394,0.000,0.092,13.243,0.000,1.521,0.000,0.519,2.792,3.923,8.334,11.533,2.996,7.417,47.629
Control-GRP-GC119395,0.000,12.136,0.866,0.803,0.378,0.191,2.458,1.325,1.156,15.743,16.100,1.855,4.551,42.437
Control-GRP-GC119397,0.001,15.988,4.982,0.000,1.473,0.007,0.390,0.047,1.254,6.042,12.943,3.693,25.972,27.208
Control-GRP-GC119398,0.001,3.722,11.399,0.200,0.795,0.009,0.118,0.443,0.055,6.001,9.418,1.701,37.872,28.267
Control-GRP-GC119399,0.582,3.161,21.781,0.000,0.515,0.000,0.087,0.449,1.227,8.850,11.707,1.702,16.885,33.056
Control-GRP-GC119400,0.006,19.240,3.615,0.018,0.070,0.505,0.003,0.587,0.760,9.902,8.729,0.550,35.411,20.605
Control-GRP-GC119401,0.000,0.915,22.857,0.010,1.037,0.060,0.444,3.267,0.520,11.457,12.237,1.474,10.520,35.201
Control-GRP-GC119402,0.000,12.683,4.590,0.000,0.293,0.828,2.319,2.117,3.866,6.084,11.382,2.236,20.780,32.821
Control-GRP-GC119403,0.000,4.436,16.939,0.005,0.806,0.000,0.740,0.573,0.602,2.668,8.046,1.791,32.510,30.884
Control-GRP-GC119405,0.000,5.009,12.611,0.000,0.171,2.632,1.215,0.025,2.831,3.300,15.627,3.104,22.761,30.714
Control-GRP-GC119410,0.000,0.193,26.395,0.000,0.007,0.000,0.260,2.583,0.189,8.104,6.040,1.038,18.734,36.455
Control-GRP-GC119411,0.000,14.418,6.965,0.000,0.092,0.004,0.360,0.470,0.100,6.430,13.324,3.997,20.068,33.771
Control-GRP-GC119415,0.000,1.108,6.338,0.000,0.367,1.233,0.814,1.181,0.474,12.219,16.490,3.818,19.457,36.501
Control-GRP-GC119416,0.017,16.571,8.441,0.000,0.996,0.000,1.614,1.816,0.228,3.903,8.675,2.707,18.609,36.424
Control-GRP-GC119417,0.000,6.239,14.696,0.501,0.531,0.256,1.179,3.195,1.111,1.122,13.286,0.362,16.957,40.565
Control-GRP-GC119419,0.133,2.695,2.839,2.072,2.135,0.001,3.801,3.701,2.283,3.946,11.862,3.989,31.738,28.805
Control-GRP-GC119420,0.000,2.584,13.304,0.000,2.258,0.001,0.081,1.202,1.658,4.587,8.355,0.682,39.265,26.024
Control-GRP-GC119421,0.000,8.120,0.385,0.033,13.151,0.953,6.519,0.261,0.287,4.619,11.078,0.007,12.435,42.154
Control-GRP-GC119422,0.003,1.910,15.540,0.009,1.208,0.000,0.109,2.006,1.773,10.444,17.933,1.168,7.493,40.405
Control-GRP-GC119426,1.700,3.149,8.673,0.691,1.507,0.000,1.880,2.417,3.683,4.882,14.009,3.882,24.181,29.346
Control-GRP-GC119430,0.041,4.016,14.638,0.471,0.154,0.020,1.787,1.991,3.616,16.427,9.476,4.076,0.350,42.935
Control-GRP-GC121331,0.000,0.902,12.972,1.176,7.457,0.000,0.000,6.498,0.052,3.348,7.244,0.506,9.438,50.404
Control-GRP-GC121332,0.741,0.884,4.668,0.537,6.918,0.315,2.753,2.210,1.089,8.528,5.368,3.083,44.455,18.451
Control-GRP-GC121336,0.000,0.133,15.233,0.000,0.000,0.004,0.069,4.099,2.443,8.854,11.046,2.524,0.012,55.584
Control-GRP-GC121337,0.000,0.011,21.172,0.000,1.357,0.000,0.309,0.202,2.668,7.948,12.949,2.604,0.172,50.607
Control-GRP-GC121338,0.000,0.935,18.292,0.000,0.034,0.001,0.082,4.181,0.301,10.381,10.418,1.006,20.753,33.616
Control-GRP-GC121339,0.128,4.621,12.974,0.489,0.787,0.221,0.181,2.044,1.027,2.853,7.778,0.371,32.118,34.408
Control-GRP-GC121340,0.001,1.329,13.664,0.224,1.451,0.000,0.242,1.904,0.607,5.656,8.180,2.836,26.674,37.231
Control-GRP-GC121341,0.000,9.609,6.566,0.000,0.098,0.044,3.364,0.276,1.514,2.571,12.227,0.659,15.323,47.750
Control-GRP-GC121342,0.131,20.145,0.214,0.003,1.912,0.131,0.003,0.850,2.178,8.607,9.290,0.094,25.894,30.549
Control-GRP-GC121343,0.018,7.274,19.362,0.000,3.660,0.421,0.978,1.870,3.248,5.511,9.820,3.645,11.822,32.372
Control-GRP-GC121346,0.000,1.315,3.245,0.368,0.712,0.023,2.078,0.804,0.109,5.470,14.611,5.536,38.125,27.602
Control-GRP-GC121347,0.216,25.069,0.410,0.000,0.791,1.012,2.237,1.168,0.129,5.278,6.991,2.416,17.268,37.015
Control-GRP-GC121348,0.067,2.589,5.623,0.011,1.196,0.433,1.033,0.102,2.789,3.090,4.965,1.405,49.260,27.437
Control-GRP-GC121349,0.000,0.018,21.816,0.000,0.007,0.000,0.026,1.805,0.531,6.167,9.383,0.374,33.909,25.964
