Sample,BRCA,CEAD,CESC,COAD,OV,READ,bcell,cd4tcell,cd8tcell,erythroblast,monocyte,naturalkillercell,neutrophil
Breast-GC1002975,1.701,0.193,0.000,0.000,5.581,2.986,3.669,0.466,2.081,22.741,17.053,6.518,37.011
Breast-GC1002976,9.860,1.654,0.574,0.000,4.613,3.756,3.319,2.004,5.895,16.360,6.893,4.841,40.231
Breast-GC1002977,0.000,0.000,0.000,0.000,0.000,0.000,5.213,14.069,0.000,0.199,14.286,13.381,52.851
Breast-GC1002978,3.588,0.000,0.328,0.000,11.354,0.000,3.201,0.947,0.676,20.946,23.688,6.577,28.696
Breast-GC1002979,9.015,2.048,0.000,0.000,2.891,0.231,0.168,0.037,2.786,11.965,19.486,6.574,44.800
Breast-GC1002980,0.000,1.025,0.000,0.000,15.243,0.000,3.488,0.115,1.982,26.349,16.758,5.693,29.348
Breast-GC1002981,3.603,0.000,0.000,0.000,8.546,0.098,3.045,1.546,0.000,18.913,18.502,5.338,40.409
Breast-GC1003967,0.000,1.361,0.000,0.000,12.276,2.549,1.535,1.547,0.202,28.371,21.401,7.176,23.581
Breast-GC1003968,6.073,0.000,0.000,0.559,6.349,3.133,2.776,0.946,0.209,24.651,16.044,7.846,31.414
Breast-GC1003970,1.900,0.000,3.070,0.691,3.345,0.000,1.717,0.000,1.716,12.518,41.069,6.002,27.973
Breast-GC1003971,2.231,2.930,0.321,0.272,6.037,1.565,1.401,6.013,1.694,28.212,22.738,10.729,15.857
Breast-GC1003972,4.372,1.877,0.000,0.296,5.274,0.000,0.000,0.000,5.692,29.899,29.419,4.498,18.673
Breast-GC1003974,0.436,0.000,2.268,0.000,13.676,0.000,0.000,0.000,0.000,20.767,15.772,2.604,44.477
Breast-GC1002311,2.407,0.000,0.000,0.000,3.299,1.909,2.086,4.197,0.980,23.679,24.909,6.619,29.916
Breast-GC1004006,5.794,1.058,0.000,0.000,1.167,3.199,4.705,7.295,0.563,19.937,18.457,4.671,33.155
Breast-GC1004007,0.980,0.000,0.000,0.000,6.161,4.521,4.424,2.386,0.000,30.876,20.959,8.741,20.952
Breast-GC1004008,0.517,1.436,0.000,0.984,6.625,1.571,3.101,1.686,0.733,16.002,16.473,8.160,42.712
Breast-GC1004009,1.995,0.000,1.854,0.000,3.826,4.771,0.000,0.000,0.000,20.195,12.039,2.888,52.432
Breast-GC110693,0.000,0.000,0.000,0.000,0.000,0.000,7.134,0.000,3.096,17.875,14.666,6.817,50.413
Breast-GC110694,1.333,2.601,0.000,0.939,6.603,0.000,2.422,1.991,1.416,20.601,19.992,4.925,37.176
Breast-GC110695,0.725,0.000,0.580,0.000,13.522,1.746,0.000,1.438,0.000,32.872,16.589,9.999,22.530
Breast-GC110696,0.000,1.558,0.000,0.000,10.833,0.000,5.580,4.374,0.000,22.020,20.610,9.276,25.748
Breast-GC116960,3.517,0.000,0.000,0.000,7.540,0.000,4.281,3.250,0.000,20.800,25.006,7.424,28.182
Breast-GC116963,2.879,1.965,0.000,0.000,8.082,0.000,0.037,1.195,0.000,12.426,10.171,4.202,59.044
Breast-GC116964,1.765,3.058,0.000,0.000,0.000,0.000,5.093,3.615,0.000,24.607,29.755,8.257,23.851
Breast-GC116965,4.622,4.476,0.000,0.000,4.450,0.279,0.150,2.478,0.000,37.381,19.429,7.388,19.347
Breast-GC116966,0.000,1.221,0.000,0.954,6.746,0.770,0.632,1.966,2.730,31.379,23.772,8.140,21.690
Breast-GC116967,3.231,0.000,0.000,0.000,5.842,0.000,1.094,2.958,0.000,26.765,22.653,8.223,29.234
Breast-GC116968,1.014,0.000,0.000,0.000,11.307,4.266,0.841,0.436,1.568,19.150,11.442,4.813,45.163
Breast-GC116969,0.000,3.689,1.169,0.000,3.915,2.032,1.758,0.000,2.137,17.114,11.385,5.270,51.531
Breast-GC116970,3.440,0.807,0.201,0.000,4.431,3.227,2.640,1.481,2.622,19.738,17.822,5.614,37.977
Breast-GC116971,3.602,1.495,0.000,0.000,8.562,0.000,5.315,0.961,0.000,25.702,19.288,9.268,25.807
Breast-GC110676,1.965,0.000,0.000,0.000,6.389,1.190,3.063,0.000,6.452,23.195,13.466,7.182,37.097
Breast-GC110678,0.784,1.838,2.371,1.966,8.132,0.016,2.949,2.506,3.588,17.499,24.288,6.478,27.585
Breast-GC110679,18.424,0.444,1.068,0.000,7.596,2.800,3.713,0.000,2.058,16.669,15.957,3.066,28.205
Breast-GC110680,1.233,0.000,0.571,0.000,3.176,2.914,1.755,2.895,3.817,22.674,13.471,3.946,43.549
Breast-GC110681,9.391,0.000,0.000,0.000,12.796,13.388,0.998,0.000,0.000,24.786,11.235,2.874,24.531
Breast-GC110682,3.728,0.000,0.000,0.000,2.700,2.506,8.104,0.000,0.000,19.296,20.552,9.704,33.410
Breast-GC110683,7.316,0.000,0.000,0.000,0.000,2.581,4.224,4.579,0.000,22.241,22.926,7.813,28.320
Breast-GC110684,0.000,3.218,0.054,0.000,7.151,0.000,5.089,0.000,0.000,20.490,22.718,2.598,38.681
Breast-GC110685,2.391,4.059,0.805,1.320,5.376,3.577,5.642,8.950,0.000,18.142,18.831,9.807,21.102
Ovarian-GC110686,0.000,0.000,0.000,0.000,22.214,0.000,0.000,2.274,0.076,32.699,13.907,9.683,19.146
Ovarian-GC114179,1.198,4.827,0.000,0.000,5.475,2.116,3.906,1.602,0.000,26.106,18.538,8.878,27.354
Ovarian-GC114180,0.000,0.732,1.243,0.983,12.103,0.000,6.689,3.044,1.417,28.049,16.830,6.783,22.125
Ovarian-GC114181,4.710,5.525,0.000,0.000,14.693,1.813,1.052,0.550,3.388,26.299,10.463,8.200,23.308
Ovarian-GC114182,10.604,0.000,0.000,0.000,27.796,9.220,0.000,0.000,0.796,13.964,11.217,2.459,23.944
Ovarian-GC116977,0.000,2.673,0.000,0.000,8.907,7.425,1.837,0.000,1.173,27.536,19.719,7.179,23.549
Ovarian-GC116979,4.551,2.224,0.000,0.000,20.428,2.468,1.040,1.495,1.368,17.456,13.589,4.258,31.123
Ovarian-GC116982,2.912,0.372,0.000,0.000,22.794,3.258,4.051,2.083,0.000,18.342,13.874,9.983,22.331
Ovarian-GC116990,2.523,0.763,1.915,0.154,5.216,2.639,2.132,1.220,0.728,15.371,22.627,6.671,38.041
Ovarian-GC119363,5.449,0.000,0.000,0.000,19.717,2.482,1.714,1.387,1.592,32.279,9.889,5.140,20.352
Ovarian-GC119364,1.862,0.326,1.361,0.000,6.441,3.647,5.753,4.020,0.000,12.542,20.743,8.282,35.022
Ovarian-GC119365,7.730,0.000,0.000,0.000,59.542,7.327,3.496,0.000,0.000,12.095,7.289,0.000,2.522
Ovarian-GC119366,11.040,1.671,0.000,0.610,8.367,5.710,1.732,4.392,1.954,31.987,16.237,5.459,10.841
Colorectal-GC121326,5.363,0.786,0.582,0.000,2.066,1.669,0.000,3.567,1.910,26.790,11.579,5.357,40.332
Colorectal-GC121327,5.829,2.713,0.000,9.535,11.873,2.969,4.552,0.000,0.000,28.707,14.424,3.812,15.586
Colorectal-GC121328,0.000,0.000,0.000,0.000,12.316,8.619,0.066,2.230,4.022,40.395,15.026,8.677,8.650
Colorectal-GC121329,3.994,0.000,0.000,0.000,9.355,23.768,6.488,3.494,4.499,22.114,12.368,4.750,9.170
Colorectal-GC121330,18.080,0.000,0.000,0.000,5.622,17.455,0.248,0.000,0.000,19.951,7.356,3.212,28.077
Colorectal-GC1003994,0.000,0.000,0.000,0.000,19.129,0.274,3.301,0.000,1.399,29.126,18.006,5.809,22.957
Colorectal-GC1003995,7.893,4.233,0.000,18.176,5.426,14.702,3.988,0.000,4.074,8.090,10.173,1.769,21.475
Colorectal-GC1003996,3.076,1.098,0.000,2.757,1.186,1.771,5.595,3.053,3.224,16.544,13.943,4.124,43.628
Colorectal-GC1003997,0.546,0.000,0.000,0.000,9.032,2.577,3.676,0.000,0.000,30.688,16.940,4.639,31.903
Colorectal-GC1003998,6.626,0.000,0.000,0.000,4.290,4.889,1.979,0.000,3.709,24.288,19.956,11.170,23.093
Colorectal-GC1003999,9.286,0.000,2.131,0.000,5.279,10.380,1.721,2.835,0.000,31.637,6.928,6.328,23.475
Colorectal-GC1004000,5.462,7.261,0.000,3.955,0.000,40.533,0.000,0.000,2.431,10.883,6.257,4.226,18.993
Colorectal-GC1004001,0.000,3.392,0.000,0.000,8.305,0.230,0.000,0.000,0.261,24.421,20.702,8.569,34.120
Colorectal-GC1004002,1.935,0.766,0.000,3.391,1.633,5.187,3.342,3.625,0.000,28.362,16.069,7.517,28.173
Colorectal-GC1004003,10.601,0.000,0.000,0.000,7.201,3.111,1.350,2.192,1.910,27.038,17.364,6.398,22.835
Colorectal-GC137538,2.800,0.000,3.114,0.000,11.205,0.000,5.590,12.421,3.410,11.705,23.010,4.833,21.912
Colorectal-GC137539,2.556,0.000,2.682,3.058,2.709,2.820,3.309,1.905,1.696,20.763,24.121,5.091,29.289
Colorectal-GC137540,0.000,0.000,0.000,0.000,2.746,0.000,0.484,2.745,6.010,38.705,18.937,2.885,27.487
Colorectal-GC137541,7.628,0.000,0.000,0.494,0.000,2.856,2.985,0.998,1.185,28.534,20.444,5.117,29.760
Colorectal-GC137542,3.074,0.000,0.000,0.501,0.000,0.000,0.766,6.154,1.697,34.453,13.336,6.027,33.992
Colorectal-GC137543,0.000,0.000,0.000,0.000,18.258,7.003,3.239,0.000,2.577,26.161,16.292,6.316,20.154
Colorectal-GC137544,0.000,2.732,0.000,0.000,10.197,1.812,1.768,0.000,1.372,28.837,19.013,4.151,30.118
Colorectal-GC137545,0.000,0.000,6.949,0.000,9.721,0.000,1.661,0.000,3.021,26.417,24.113,9.719,18.400
Colorectal-GC137546,2.922,0.000,0.000,0.000,5.052,4.619,2.929,2.562,1.208,20.388,17.218,6.847,36.254
Colorectal-GC137547,4.266,0.000,0.000,0.000,5.232,3.595,0.836,1.442,0.008,29.343,25.960,5.886,23.432
Colorectal-GC137548,0.812,0.000,0.000,0.000,8.001,0.000,0.000,0.362,0.000,19.012,9.465,11.224,51.124
Colorectal-GC137549,0.301,2.179,0.000,0.000,6.995,15.114,4.263,2.039,1.122,23.551,9.821,9.634,24.981
Colorectal-GC137550,2.745,0.000,0.000,0.000,6.384,1.791,8.678,0.695,0.349,19.517,9.649,8.466,41.726
Colorectal-GC137551,3.529,0.000,0.000,0.000,0.000,0.000,5.920,1.820,2.425,10.495,33.985,2.217,39.609
Colorectal-GC137552,0.000,2.768,0.708,0.000,8.619,4.372,2.236,0.000,0.090,22.539,25.515,6.880,26.271
Colorectal-GC137553,3.211,3.426,0.000,0.000,5.791,0.000,21.729,1.871,8.185,19.153,20.194,5.038,11.402
Colorectal-GC137554,0.501,12.744,0.000,0.000,6.562,4.162,6.496,0.197,4.445,21.027,12.880,5.941,25.044
Colorectal-GC137555,4.626,0.000,0.000,0.000,3.986,1.886,0.773,3.775,0.292,26.537,24.263,7.826,26.036
Colorectal-GC137556,2.043,0.000,0.000,0.000,5.981,1.089,1.516,5.068,1.596,22.905,19.348,5.056,35.397
Colorectal-GC137557,0.343,4.894,0.000,0.000,1.872,0.233,0.967,1.804,0.000,21.941,17.182,2.630,48.135
Cervical-GC1002983,5.228,1.283,0.983,0.000,1.896,3.491,3.658,2.069,1.412,13.501,16.438,5.821,44.221
Cervical-GC1002984,0.000,2.497,0.000,0.000,6.302,0.508,1.231,0.919,0.881,26.855,27.059,7.285,26.462
Cervical-GC114187,0.000,0.000,0.000,0.000,14.845,0.000,4.439,3.485,0.223,27.511,21.970,5.210,22.317
Cervical-GC114188,0.000,0.000,0.000,0.000,18.331,0.463,4.879,4.125,2.634,17.136,16.408,7.838,28.185
Control-GC1003986,1.456,0.000,0.000,0.162,4.938,0.355,4.353,0.683,3.800,12.961,15.029,6.700,49.561
Control-GC1003988,0.000,8.576,2.030,0.000,0.070,2.047,1.188,1.198,0.000,24.439,19.398,4.455,36.598
Control-GC110675,0.000,0.000,0.000,0.000,8.606,0.000,3.371,0.000,0.000,13.130,11.469,2.458,60.965
Control-GC112864,0.000,5.710,0.764,0.000,9.311,0.000,2.246,0.390,1.702,21.481,17.464,5.746,35.186
Control-GC112894,10.984,0.000,0.557,1.012,0.000,11.025,2.691,0.000,0.551,19.011,15.267,7.784,31.120
Control-GC112895,3.121,0.000,0.000,0.000,2.888,3.512,10.361,3.325,3.468,18.903,22.093,3.038,29.292
Control-GC112897,6.863,0.000,0.000,0.000,5.448,4.658,2.781,1.788,0.000,18.474,15.489,6.617,37.882
Control-GC119350,0.237,0.000,0.000,0.344,3.537,0.000,3.309,3.831,0.000,34.528,23.475,5.670,25.069
Control-GC119351,2.705,0.000,0.000,0.000,8.374,2.101,0.000,0.234,0.001,21.466,13.730,7.046,44.344
Control-GC119352,1.202,1.294,0.000,0.000,10.151,0.000,1.958,0.171,0.470,27.796,18.126,7.136,31.696
Control-GC119353,7.298,0.000,0.000,0.000,12.209,1.003,4.232,0.682,1.065,24.409,21.448,7.328,20.324
Control-GC119354,1.325,1.240,2.001,0.000,11.076,1.875,4.052,3.838,1.615,25.589,18.306,8.132,20.951
Control-GC119356,0.000,3.103,0.000,0.000,2.710,5.162,3.623,2.679,0.000,19.114,12.767,5.246,45.596
Control-GRP-GC114128,0.000,0.000,0.000,0.000,4.220,0.481,3.838,0.000,0.000,37.124,25.070,6.754,22.514
Control-GRP-GC114130,4.402,3.390,0.000,0.000,4.696,3.907,1.291,2.653,1.698,27.338,20.552,6.519,23.553
Control-GRP-GC114131,1.055,0.792,0.000,1.276,7.472,0.000,0.000,0.689,0.000,30.055,18.925,6.743,32.992
Control-GRP-GC114132,3.822,1.271,0.000,1.164,5.811,1.800,3.571,4.357,1.067,20.325,18.583,10.219,28.010
Control-GRP-GC114133,2.819,0.000,0.000,0.000,4.268,1.766,5.503,0.000,1.066,24.052,29.630,7.197,23.699
Control-GRP-GC114134,2.449,0.000,0.000,0.000,5.504,1.128,1.922,2.789,1.743,27.897,24.383,6.776,25.409
Control-GRP-GC114136,1.753,1.906,1.390,2.253,1.636,1.147,0.000,0.000,0.000,25.184,10.941,6.748,47.042
Control-GRP-GC114137,2.664,0.304,0.000,0.000,7.251,0.000,2.046,0.140,3.536,25.849,16.497,4.970,36.743
Control-GRP-GC114139,0.000,3.225,0.000,0.000,7.424,0.000,1.122,3.323,5.863,25.274,17.100,4.411,32.259
Control-GRP-GC114140,2.221,0.000,0.000,0.000,8.956,0.000,1.064,0.000,0.000,11.919,14.747,7.648,53.445
Control-GRP-GC114141,3.692,3.545,0.000,0.000,4.498,12.667,3.586,1.558,2.297,16.009,11.043,4.509,36.596
Control-GRP-GC114142,5.203,0.000,0.000,0.000,0.935,3.418,2.146,1.651,1.025,17.829,18.542,6.494,42.758
Control-GRP-GC114183,0.000,3.229,0.000,0.000,8.472,0.000,4.186,1.813,0.000,25.274,10.427,3.327,43.272
Control-GRP-GC114185,3.815,5.054,0.000,0.000,0.000,0.000,0.000,0.000,3.224,13.027,22.376,5.951,46.554
Control-GRP-GC114186,1.100,2.083,0.000,0.000,5.815,1.648,2.898,0.000,2.246,24.075,18.250,5.709,36.177
Control-GRP-GC118464,0.904,1.747,0.486,0.000,3.739,10.888,1.132,6.614,1.341,15.708,13.626,4.756,39.060
Control-GRP-GC118466,2.925,0.323,0.000,0.000,6.865,2.508,4.913,1.883,4.243,25.100,22.673,5.405,23.162
Control-GRP-GC118474,1.625,1.689,0.000,0.000,1.324,4.550,1.806,0.147,4.811,22.098,22.784,8.560,30.607
Control-GRP-GC118476,2.685,1.882,0.662,0.000,0.868,6.450,1.364,1.306,1.646,29.328,20.374,7.672,25.764
Control-GRP-GC118478,0.000,0.487,0.680,0.621,7.953,2.697,2.210,0.600,1.284,23.341,21.641,8.673,29.813
Control-GRP-GC118484,0.000,0.000,0.000,0.000,11.142,1.368,3.159,0.225,0.326,18.959,14.889,6.282,43.650
Control-GRP-GC118485,0.000,1.225,0.000,0.000,15.864,0.550,4.013,3.260,0.000,20.017,18.380,7.096,29.596
Control-GRP-GC118486,0.000,3.055,0.000,0.628,0.000,1.891,3.145,0.330,2.029,11.876,14.956,5.459,56.630
Control-GRP-GC118489,0.000,0.000,0.000,0.032,6.785,3.857,5.408,0.692,0.752,13.015,20.091,5.130,44.238
Control-GRP-GC118490,0.000,2.395,0.000,0.000,12.056,1.670,6.384,4.913,4.790,15.751,19.841,2.829,29.371
Control-GRP-GC118491,0.038,2.345,0.000,0.000,7.685,4.669,3.090,1.614,2.860,31.325,18.687,6.539,21.150
Control-GRP-GC118494,4.255,0.000,0.000,0.000,8.392,0.401,4.199,1.827,0.000,18.608,25.442,5.470,31.405
Control-GRP-GC118496,0.000,0.000,0.000,0.000,6.432,4.297,0.657,0.000,0.000,15.571,7.230,3.667,62.146
Control-GRP-GC118497,1.819,2.319,0.000,0.062,3.692,1.394,3.346,1.900,0.000,24.248,16.597,6.230,38.394
Control-GRP-GC118499,3.825,0.000,0.000,0.122,4.699,0.526,3.026,2.659,1.935,15.760,16.184,5.540,45.724
Control-GRP-GC119340,3.412,0.000,0.000,0.000,6.196,1.955,2.859,3.292,0.000,26.921,21.180,6.287,27.898
Control-GRP-GC119343,0.413,0.547,0.000,0.000,7.076,2.531,0.962,2.024,3.747,37.821,21.347,7.669,15.863
Control-GRP-GC119367,4.604,2.977,0.000,0.000,6.229,5.444,4.386,0.000,0.140,20.438,23.982,8.991,22.809
Control-GRP-GC119369,0.000,0.000,0.000,0.000,8.219,6.732,2.015,0.000,2.282,20.687,13.320,5.334,41.412
Control-GRP-GC119370,0.000,1.406,0.000,0.000,15.597,2.017,1.983,0.000,3.738,17.796,24.778,5.112,27.573
Control-GRP-GC119374,0.000,0.000,0.000,0.000,7.231,2.819,3.391,3.272,2.359,14.846,24.917,9.607,31.558
Control-GRP-GC119375,1.641,0.000,0.000,0.000,14.878,1.925,3.893,3.545,0.684,24.782,18.790,6.229,23.632
Control-GRP-GC119377,1.671,6.869,0.000,0.000,2.476,4.303,5.698,2.861,3.245,15.877,19.082,8.579,29.339
Control-GRP-GC119383,1.747,0.000,0.000,0.000,6.237,1.646,3.120,0.000,4.716,25.653,26.009,6.718,24.154
Control-GRP-GC119384,0.000,3.443,0.000,0.000,8.861,4.569,3.803,3.238,1.848,16.493,19.475,8.261,30.010
Control-GRP-GC119386,0.993,5.314,3.079,2.341,3.030,0.249,4.197,2.817,1.659,16.544,17.367,5.827,36.582
Control-GRP-GC119388,3.219,0.000,0.108,0.000,1.398,4.899,2.995,3.711,0.000,23.502,25.713,7.952,26.502
Control-GRP-GC119389,2.379,0.000,0.000,0.710,10.213,0.899,0.115,1.836,1.990,29.909,14.348,8.171,29.429
Control-GRP-GC119390,4.526,0.000,0.000,1.776,11.718,2.788,0.760,1.953,0.000,24.794,22.933,5.703,23.049
Control-GRP-GC119391,2.033,0.043,0.336,1.331,8.643,0.080,3.110,3.679,0.000,29.467,15.096,11.757,24.424
Control-GRP-GC119394,0.000,0.000,0.000,0.000,7.037,0.756,0.995,2.424,2.695,31.620,20.137,8.492,25.844
Control-GRP-GC119395,1.138,3.532,0.000,0.000,8.278,1.450,3.853,0.000,1.448,30.737,21.827,6.993,20.745
Control-GRP-GC119397,3.343,3.276,2.427,0.000,4.257,0.000,1.162,0.000,2.661,19.802,17.938,7.606,37.527
Control-GRP-GC119398,1.883,0.790,0.000,0.000,5.389,1.975,2.003,2.107,1.088,16.900,14.668,5.020,48.176
Control-GRP-GC119399,2.518,2.562,2.425,0.417,4.206,0.000,1.723,1.474,1.839,25.623,18.591,6.452,32.170
Control-GRP-GC119400,3.984,2.075,2.618,0.000,2.405,3.383,0.918,1.018,2.553,20.448,13.715,3.868,43.015
Control-GRP-GC119401,3.335,0.742,0.000,0.000,4.104,3.145,3.412,3.193,2.136,26.345,18.240,7.050,28.299
Control-GRP-GC119402,4.631,0.000,0.000,0.000,2.858,4.511,4.633,2.494,2.910,19.793,15.412,7.376,35.383
Control-GRP-GC119403,1.320,3.193,0.279,1.475,2.227,0.000,3.081,0.000,0.537,20.208,13.900,6.381,47.399
Control-GRP-GC119405,0.000,0.419,2.527,0.000,4.620,3.991,2.743,0.000,5.340,17.391,21.690,5.451,35.828
Control-GRP-GC119410,0.000,2.585,0.000,0.000,11.955,3.474,2.589,1.105,1.168,24.517,12.515,7.049,33.044
Control-GRP-GC119411,3.650,1.763,0.892,0.408,0.000,1.832,3.125,1.700,0.523,22.201,18.366,9.181,36.360
Control-GRP-GC119415,0.827,0.000,0.000,0.000,8.010,1.841,1.359,1.336,1.630,23.322,20.007,7.265,34.402
Control-GRP-GC119416,5.566,0.669,0.000,0.000,5.405,2.824,4.567,1.871,2.498,18.563,15.728,8.011,34.298
Control-GRP-GC119417,0.446,2.237,0.000,0.000,4.352,6.971,1.954,3.750,0.000,20.825,19.917,4.568,34.979
Control-GRP-GC119419,1.408,1.843,0.678,2.058,4.614,0.000,3.456,2.456,1.124,14.829,16.407,6.969,44.158
Control-GRP-GC119420,0.948,3.467,0.000,0.000,7.513,1.140,2.348,0.751,1.953,15.248,13.088,4.476,49.066
Control-GRP-GC119421,0.597,4.861,0.000,0.000,11.848,0.479,5.153,0.000,0.000,22.441,20.973,3.619,30.031
Control-GRP-GC119422,0.842,2.390,0.000,0.000,10.548,0.000,1.367,0.205,3.221,26.395,24.008,6.594,24.430
Control-GRP-GC119426,1.915,0.940,0.000,2.985,6.391,0.000,2.272,0.884,3.007,22.321,15.448,8.085,35.753
Control-GRP-GC119430,0.835,1.215,0.000,0.454,5.290,0.119,2.538,4.647,5.052,33.671,17.470,8.550,20.158
Control-GRP-GC121331,0.530,0.000,0.990,0.000,19.440,2.861,0.740,3.309,0.000,22.284,14.132,6.966,28.748
Control-GRP-GC121332,0.431,0.000,0.000,0.000,3.550,5.113,2.934,4.905,0.781,14.234,10.695,5.504,51.853
Control-GRP-GC121336,1.004,0.000,0.000,0.000,3.131,2.840,1.665,2.829,2.678,34.993,24.302,7.558,19.000
Control-GRP-GC121337,0.000,0.000,1.385,0.000,3.774,0.000,3.283,0.000,3.898,37.888,24.891,6.110,18.772
Control-GRP-GC121338,1.356,3.584,2.014,0.000,0.000,0.797,3.891,3.282,2.248,26.618,15.523,6.150,34.537
Control-GRP-GC121339,3.019,3.148,0.000,0.000,1.139,2.019,1.308,1.727,3.910,21.397,15.270,0.463,46.601
Control-GRP-GC121340,0.000,1.099,3.457,0.000,0.811,0.000,1.556,2.576,2.491,21.716,17.151,7.661,41.481
Control-GRP-GC121341,0.000,1.422,0.000,0.000,3.096,6.324,3.693,1.731,2.016,19.378,23.499,5.334,33.505
Control-GRP-GC121342,5.898,2.624,0.000,0.525,1.230,1.814,0.000,0.242,2.547,24.485,15.597,3.981,41.057
Control-GRP-GC121343,6.674,0.186,0.000,0.067,0.259,5.483,2.667,1.122,4.778,22.418,17.366,10.274,28.707
Control-GRP-GC121346,0.000,0.000,0.000,0.000,3.782,0.000,5.540,0.000,0.000,18.547,16.399,5.888,49.844
Control-GRP-GC121347,7.326,1.120,0.000,0.000,0.757,6.813,5.373,1.532,0.679,20.517,12.883,8.874,34.126
Control-GRP-GC121348,1.386,0.000,2.786,0.000,3.906,2.323,1.637,0.000,4.516,12.635,9.091,1.450,60.269
Control-GRP-GC121349,0.043,3.371,0.000,0.000,9.499,0.000,1.666,2.385,1.391,19.492,14.822,5.158,42.173
