Sample,BRCA,CEAD,CESC,COAD,OV,READ,bcell,cd4tcell,cd8tcell,erythroblast,monocyte,naturalkillercell,neutrophil
Breast-GC1002975,0.340,0.000,0.000,0.000,7.137,4.588,3.651,0.000,3.067,20.668,17.265,6.620,36.664
Breast-GC1002976,8.454,0.000,0.000,0.000,7.408,6.220,3.385,1.389,7.328,13.614,7.604,5.065,39.534
Breast-GC1002977,0.000,0.000,0.000,0.000,0.000,0.000,5.592,11.097,2.311,0.000,14.951,13.674,52.375
Breast-GC1002978,2.334,0.000,0.000,0.000,12.961,1.359,3.226,0.451,1.739,18.854,23.748,6.722,28.607
Breast-GC1002979,8.691,1.483,0.000,0.000,3.565,0.828,0.207,0.000,3.098,11.344,19.568,6.615,44.600
Breast-GC1002980,0.000,0.000,0.000,0.000,16.373,0.665,3.553,0.000,2.644,24.678,16.957,5.832,29.299
Breast-GC1002981,2.649,0.000,0.000,0.000,9.527,1.204,3.109,1.534,0.000,17.619,18.598,5.636,40.125
Breast-GC1003967,0.000,0.000,0.000,0.000,14.114,4.833,1.594,0.605,1.886,24.511,21.620,7.288,23.549
Breast-GC1003968,4.653,0.000,0.000,0.000,7.924,5.027,2.797,0.444,1.308,22.423,16.315,7.930,31.179
Breast-GC1003970,1.613,0.000,2.546,0.580,4.440,0.283,1.797,0.000,2.144,11.548,40.903,6.123,28.022
Breast-GC1003971,1.229,0.853,0.000,0.000,8.790,4.177,1.561,5.303,3.278,25.146,22.971,10.771,15.922
Breast-GC1003972,2.713,0.000,0.000,0.000,8.837,2.264,0.000,0.000,7.152,25.830,29.429,4.906,18.871
Breast-GC1003974,0.000,0.000,0.016,0.000,16.803,2.346,0.000,0.000,0.000,17.271,16.179,3.759,43.626
Breast-GC1002311,1.276,0.000,0.000,0.000,4.510,3.152,2.095,3.759,1.756,22.050,24.928,6.701,29.773
Breast-GC1004006,5.514,0.536,0.000,0.000,1.819,3.748,4.716,7.126,0.925,19.309,18.537,4.725,33.045
Breast-GC1004007,0.000,0.000,0.000,0.000,7.364,5.828,4.391,1.966,0.745,28.833,21.063,8.828,20.981
Breast-GC1004008,0.338,0.985,0.000,0.740,7.214,2.218,3.134,1.557,1.105,15.404,16.580,8.189,42.536
Breast-GC1004009,0.902,0.000,0.441,0.000,6.187,6.894,0.123,0.000,0.426,17.690,12.428,3.376,51.533
Breast-GC110693,0.000,0.000,0.000,0.000,2.116,0.000,7.468,0.000,4.787,12.639,15.433,7.422,50.135
Breast-GC110694,1.078,1.475,0.000,0.961,8.305,0.000,2.600,1.694,2.256,19.167,20.144,5.207,37.113
Breast-GC110695,0.000,0.000,0.000,0.000,15.967,5.005,0.000,1.081,0.207,27.466,17.032,10.694,22.548
Breast-GC110696,0.000,0.000,0.000,0.000,12.481,1.775,5.693,4.310,0.000,19.611,20.778,9.727,25.624
Breast-GC116960,2.694,0.000,0.000,0.000,9.187,0.000,4.479,3.225,0.000,19.118,24.992,7.970,28.334
Breast-GC116963,2.747,1.465,0.000,0.000,8.898,0.000,0.182,1.222,0.060,11.810,10.321,4.469,58.826
Breast-GC116964,0.185,0.000,0.000,0.000,5.374,1.519,5.605,2.712,2.345,18.995,29.705,9.172,24.389
Breast-GC116965,3.090,1.396,0.000,0.000,8.009,3.497,0.412,1.793,1.917,33.122,19.849,7.637,19.278
Breast-GC116966,0.000,0.000,0.000,0.000,8.423,2.912,0.773,1.401,3.929,28.748,23.933,8.217,21.663
Breast-GC116967,0.639,0.000,0.000,0.000,9.345,1.821,1.324,1.947,1.976,22.322,22.807,8.611,29.207
Breast-GC116968,0.611,0.000,0.000,0.000,11.702,4.704,0.850,0.299,1.849,18.584,11.533,4.850,45.018
Breast-GC116969,0.000,3.011,0.813,0.000,4.768,2.782,1.792,0.000,2.524,16.226,11.567,5.312,51.205
Breast-GC116970,3.110,0.181,0.015,0.000,5.351,4.031,2.678,1.293,3.125,18.823,17.941,5.677,37.776
Breast-GC116971,3.497,1.135,0.000,0.000,9.128,0.044,5.387,1.006,0.000,25.195,19.335,9.434,25.841
Breast-GC110676,0.000,0.000,0.000,0.000,8.754,3.961,2.982,0.000,7.486,19.079,13.959,7.244,36.535
Breast-GC110678,0.632,1.503,2.163,1.724,8.737,0.709,2.982,2.371,3.944,16.874,24.336,6.510,27.515
Breast-GC110679,17.814,0.000,0.617,0.000,8.628,3.759,3.722,0.000,2.524,15.584,16.110,3.151,28.091
Breast-GC110680,0.000,0.000,0.000,0.000,5.014,4.691,1.781,2.332,4.856,20.416,13.781,4.109,43.020
Breast-GC110681,3.079,0.000,0.000,0.000,18.227,18.800,1.388,0.000,0.985,16.394,12.435,4.432,24.260
Breast-GC110682,1.405,0.000,0.000,0.000,5.294,5.101,8.082,0.000,0.000,16.145,20.697,10.298,32.978
Breast-GC110683,4.351,0.000,0.000,0.000,2.006,6.329,4.478,3.736,1.505,17.794,23.197,8.261,28.342
Breast-GC110684,0.000,0.000,0.000,0.000,10.541,2.273,5.445,0.000,0.000,17.001,22.929,3.813,37.997
Breast-GC110685,2.257,3.751,0.641,1.125,5.933,4.126,5.666,8.819,0.263,17.613,18.906,9.832,21.068
Ovarian-GC110686,0.000,0.000,0.000,0.000,22.448,0.000,0.000,2.148,0.287,32.197,13.969,9.725,19.226
Ovarian-GC114179,1.317,5.084,0.000,0.000,5.164,1.836,3.881,1.580,0.000,26.436,18.503,8.806,27.393
Ovarian-GC114180,0.000,1.079,1.411,0.973,11.470,0.000,6.649,3.171,1.092,28.666,16.753,6.689,22.047
Ovarian-GC114181,5.134,6.380,0.000,0.000,13.829,0.947,0.996,0.734,2.857,27.349,10.248,8.156,23.370
Ovarian-GC114182,8.286,0.000,0.000,0.000,29.203,11.215,0.000,0.000,1.821,11.257,11.669,2.675,23.874
Ovarian-GC116977,0.000,0.000,0.000,0.000,11.056,9.290,1.962,0.000,2.289,24.708,20.015,7.274,23.406
Ovarian-GC116979,4.868,2.843,0.000,0.000,19.827,1.823,0.996,1.642,0.953,18.172,13.453,4.190,31.234
Ovarian-GC116982,3.189,0.940,0.000,0.000,22.225,2.616,3.992,2.040,0.000,19.038,13.759,9.832,22.369
Ovarian-GC116990,1.645,0.000,0.884,0.000,7.494,4.778,2.206,0.720,2.035,13.121,22.782,6.792,37.543
Ovarian-GC119363,5.240,0.000,0.000,0.000,19.893,2.705,1.705,1.306,1.730,31.953,9.948,5.162,20.358
Ovarian-GC119364,2.021,0.601,1.538,0.000,5.925,3.190,5.725,4.003,0.000,12.996,20.701,8.173,35.127
Ovarian-GC119365,6.323,0.000,0.000,0.000,59.958,8.906,3.728,0.000,0.000,10.474,7.679,0.000,2.932
Ovarian-GC119366,11.788,2.995,0.000,1.314,6.676,3.898,1.610,4.817,0.903,34.062,15.925,5.318,10.695
Colorectal-GC121326,5.084,0.357,0.325,0.000,2.871,2.356,0.000,3.397,2.337,25.984,11.735,5.414,40.140
Colorectal-GC121327,6.484,4.009,0.000,10.429,10.148,1.015,4.348,0.000,0.000,30.723,14.107,3.196,15.540
Colorectal-GC121328,0.000,0.000,0.000,0.000,13.376,10.121,0.090,1.309,5.201,36.718,15.335,8.686,9.164
Colorectal-GC121329,6.156,0.000,0.000,0.000,7.289,22.132,6.616,4.289,3.159,25.104,11.930,4.550,8.776
Colorectal-GC121330,16.908,0.000,0.000,0.000,6.630,18.297,0.327,0.000,0.137,18.628,7.599,3.484,27.990
Colorectal-GC1003994,0.000,0.000,0.000,0.000,19.257,0.572,3.284,0.000,1.528,28.527,18.041,5.814,22.977
Colorectal-GC1003995,7.941,4.339,0.000,18.254,5.302,14.586,3.983,0.000,4.015,8.204,10.141,1.760,21.476
Colorectal-GC1003996,2.733,0.318,0.000,2.320,2.275,2.884,5.620,2.820,3.826,15.515,14.152,4.224,43.312
Colorectal-GC1003997,0.763,0.000,0.000,0.000,8.799,2.323,3.662,0.000,0.000,31.035,16.914,4.562,31.941
Colorectal-GC1003998,6.312,0.000,0.000,0.000,4.588,5.192,1.977,0.000,3.841,23.857,19.982,11.162,23.088
Colorectal-GC1003999,8.779,0.000,1.561,0.000,6.213,11.170,1.799,2.844,0.000,30.501,7.133,6.553,23.446
Colorectal-GC1004000,4.795,5.721,0.000,3.021,1.620,41.919,0.000,0.000,3.499,8.968,6.949,4.433,19.076
Colorectal-GC1004001,0.000,1.266,0.000,0.000,10.039,1.853,0.000,0.000,1.180,22.343,20.934,8.629,33.756
Colorectal-GC1004002,1.000,0.000,0.000,2.396,3.663,7.365,3.520,3.560,0.242,25.975,16.374,7.954,27.951
Colorectal-GC1004003,9.561,0.000,0.000,0.000,8.141,4.115,1.365,1.861,2.535,25.651,17.489,6.466,22.818
Colorectal-GC137538,1.761,0.000,1.003,0.000,15.614,0.000,5.832,10.931,5.597,7.903,23.173,5.580,22.607
Colorectal-GC137539,2.385,0.000,2.437,2.853,3.159,3.316,3.320,1.793,1.960,20.269,24.145,5.121,29.241
Colorectal-GC137540,0.000,0.000,0.000,0.000,4.427,0.000,0.655,2.039,6.978,35.834,19.094,3.251,27.723
Colorectal-GC137541,6.155,0.000,0.000,0.000,1.078,5.097,3.137,0.437,2.448,25.921,20.699,5.290,29.737
Colorectal-GC137542,2.797,0.000,0.000,0.286,0.000,0.362,1.160,5.751,2.538,32.766,13.704,6.296,34.339
Colorectal-GC137543,0.000,0.000,0.000,0.000,18.917,8.284,3.148,0.000,3.182,23.320,16.512,6.328,20.309
Colorectal-GC137544,0.000,0.000,0.000,0.000,12.493,4.115,1.881,0.000,2.615,25.429,19.367,4.345,29.755
Colorectal-GC137545,0.000,0.000,5.888,0.000,10.863,0.762,1.711,0.000,3.520,24.832,24.148,9.743,18.534
Colorectal-GC137546,3.078,0.000,0.000,0.000,4.882,4.454,2.931,2.614,1.112,20.602,17.201,6.835,36.291
Colorectal-GC137547,2.563,0.000,0.000,0.000,6.958,5.380,0.875,0.866,1.168,26.815,25.971,6.019,23.385
Colorectal-GC137548,0.000,0.000,0.000,0.000,9.555,1.530,0.000,0.070,0.459,16.577,9.895,11.493,50.422
Colorectal-GC137549,0.000,1.418,0.000,0.000,7.845,15.751,4.284,1.858,1.621,22.636,10.021,9.658,24.908
Colorectal-GC137550,1.025,0.000,0.000,0.000,8.135,3.674,8.523,0.137,1.528,17.165,10.069,8.529,41.217
Colorectal-GC137551,1.542,0.000,0.000,0.000,1.333,2.235,6.318,0.811,4.620,6.772,33.832,2.893,39.644
Colorectal-GC137552,0.000,0.000,0.000,0.000,11.413,6.907,2.356,0.000,1.530,19.131,25.664,6.996,26.003
Colorectal-GC137553,1.475,0.000,0.000,0.000,10.468,2.853,21.012,0.909,10.414,14.635,20.677,5.556,11.999
Colorectal-GC137554,0.000,10.358,0.000,0.000,8.663,6.009,6.490,0.000,5.495,18.729,13.315,6.079,24.863
Colorectal-GC137555,2.410,0.000,0.000,0.000,6.252,4.246,0.828,2.966,1.783,23.365,24.333,7.927,25.889
Colorectal-GC137556,0.394,0.000,0.000,0.000,7.692,2.927,1.537,4.407,2.724,20.538,19.514,5.203,35.064
Colorectal-GC137557,0.000,3.740,0.000,0.000,3.185,1.379,1.122,1.886,0.000,20.646,17.345,3.013,47.684
Cervical-GC1002983,4.103,0.000,0.000,0.000,4.714,5.908,3.704,1.468,2.931,10.926,16.820,5.997,43.429
Cervical-GC1002984,0.000,0.138,0.000,0.000,8.298,2.341,1.370,0.471,2.121,24.461,27.146,7.399,26.254
Cervical-GC114187,0.000,0.000,0.000,0.000,16.859,2.875,4.284,1.683,2.681,21.355,22.162,5.502,22.598
Cervical-GC114188,0.000,0.000,0.000,0.000,18.448,0.694,4.861,3.991,2.801,16.742,16.447,7.845,28.171
Control-GC1003986,0.448,0.000,0.000,0.000,6.069,1.630,4.333,0.338,4.511,11.576,15.214,6.762,49.118
Control-GC1003988,0.000,6.261,0.806,0.000,3.052,4.538,1.351,0.620,1.602,21.339,19.731,4.695,36.005
Control-GC110675,0.000,0.000,0.000,0.000,9.689,0.000,3.516,0.000,0.000,11.646,11.677,2.933,60.539
Control-GC112864,0.000,1.715,0.000,0.000,13.284,2.990,2.491,0.000,3.816,17.053,18.062,6.081,34.507
Control-GC112894,8.438,0.000,0.000,0.000,1.556,14.950,3.053,0.000,2.426,14.498,16.044,7.918,31.117
Control-GC112895,0.939,0.000,0.000,0.000,5.207,5.831,10.101,2.520,4.880,15.957,22.227,3.285,29.053
Control-GC112897,4.217,0.000,0.000,0.000,8.168,7.398,2.957,1.739,0.000,15.066,15.844,7.368,37.243
Control-GC119350,0.000,0.000,0.000,0.000,6.833,1.298,3.681,3.424,0.000,28.910,23.512,6.908,25.435
Control-GC119351,0.607,0.000,0.000,0.000,10.404,4.354,0.014,0.000,1.195,18.516,14.119,7.142,43.649
Control-GC119352,0.411,0.000,0.000,0.000,11.867,1.449,2.050,0.000,1.422,25.730,18.359,7.251,31.461
Control-GC119353,5.156,0.000,0.000,0.000,14.081,3.228,4.176,0.019,2.432,21.512,21.594,7.441,20.361
Control-GC119354,1.017,0.682,1.663,0.000,11.979,2.737,4.070,3.619,2.146,24.571,18.425,8.170,20.920
Control-GC119356,0.000,1.507,0.000,0.000,4.145,6.345,3.707,2.491,0.539,17.630,13.061,5.460,45.115
Control-GRP-GC114128,0.000,0.000,0.000,0.000,5.919,2.780,3.853,0.000,0.000,32.524,25.025,7.274,22.625
Control-GRP-GC114130,4.941,4.499,0.218,0.506,3.068,2.267,1.181,3.008,0.748,29.131,20.362,6.416,23.656
Control-GRP-GC114131,0.000,0.000,0.000,0.028,10.561,2.323,0.000,0.110,1.539,26.139,19.354,7.261,32.685
Control-GRP-GC114132,4.589,3.234,0.000,1.825,2.994,0.000,3.334,4.745,0.000,23.004,18.236,9.884,28.156
Control-GRP-GC114133,0.683,0.000,0.000,0.000,6.407,4.028,5.380,0.000,2.096,20.970,29.528,7.269,23.640
Control-GRP-GC114134,2.440,0.000,0.000,0.000,5.512,1.144,1.920,2.786,1.739,27.886,24.391,6.779,25.404
Control-GRP-GC114136,1.409,1.264,0.938,1.751,3.109,2.652,0.179,0.000,0.017,23.740,11.238,7.145,46.557
Control-GRP-GC114137,2.911,1.310,0.000,0.000,5.670,0.000,1.874,0.388,2.782,27.273,16.296,4.703,36.795
Control-GRP-GC114139,0.000,0.150,0.000,0.000,10.546,1.429,1.428,2.613,7.469,21.966,17.560,4.833,32.005
Control-GRP-GC114140,0.000,0.000,0.000,0.000,13.157,0.919,1.445,0.000,1.610,6.914,15.361,8.309,52.285
Control-GRP-GC114141,3.425,2.998,0.000,0.000,5.133,13.152,3.604,1.429,2.650,15.402,11.180,4.566,36.459
Control-GRP-GC114142,4.620,0.000,0.000,0.000,1.553,4.022,2.148,1.455,1.409,17.071,18.607,6.533,42.582
Control-GRP-GC114183,0.000,3.733,0.000,0.000,7.781,0.000,4.084,1.770,0.000,25.900,10.306,3.081,43.344
Control-GRP-GC114185,2.268,1.516,0.000,0.000,4.174,3.153,0.000,0.000,5.197,9.126,22.828,6.350,45.387
Control-GRP-GC114186,0.446,0.659,0.000,0.000,7.426,3.102,2.957,0.000,2.984,22.312,18.464,5.816,35.834
Control-GRP-GC118464,1.104,2.116,0.695,0.000,3.102,10.384,1.101,6.777,0.991,16.301,13.514,4.710,39.206
Control-GRP-GC118466,2.842,0.151,0.000,0.000,7.066,2.691,4.916,1.841,4.353,24.881,22.693,5.420,23.146
Control-GRP-GC118474,1.905,2.259,0.000,0.000,0.609,3.962,1.767,0.273,4.444,22.802,22.727,8.542,30.709
Control-GRP-GC118476,2.790,2.065,0.767,0.000,0.539,6.185,1.347,1.369,1.476,29.673,20.344,7.656,25.790
Control-GRP-GC118478,0.000,0.000,0.409,0.293,8.694,3.521,2.258,0.442,1.752,22.493,21.729,8.697,29.712
Control-GRP-GC118484,0.000,0.000,0.000,0.000,11.161,1.388,3.156,0.223,0.353,18.907,14.891,6.277,43.645
Control-GRP-GC118485,0.000,1.678,0.000,0.000,15.503,0.185,3.982,3.244,0.000,20.438,18.328,6.987,29.657
Control-GRP-GC118486,0.000,3.526,0.091,1.090,0.000,0.709,2.949,0.507,1.438,12.769,14.690,5.373,56.859
Control-GRP-GC118489,0.000,0.000,0.000,0.071,6.753,3.795,5.408,0.714,0.718,13.082,20.085,5.119,44.255
Control-GRP-GC118490,0.000,1.211,0.000,0.000,12.988,2.578,6.389,4.638,5.365,14.685,19.975,2.941,29.230
Control-GRP-GC118491,0.142,2.587,0.000,0.000,7.414,4.429,3.081,1.670,2.704,31.647,18.651,6.519,21.158
Control-GRP-GC118494,4.058,0.000,0.000,0.000,8.594,0.626,4.209,1.823,0.000,18.344,25.440,5.532,31.375
Control-GRP-GC118496,0.000,0.000,0.000,0.000,6.210,4.004,0.635,0.000,0.000,16.086,7.141,3.579,62.345
Control-GRP-GC118497,1.580,1.798,0.000,0.000,4.335,1.990,3.374,1.789,0.331,23.578,16.696,6.289,38.243
Control-GRP-GC118499,4.131,0.000,0.000,0.365,4.282,0.000,3.021,2.791,1.659,16.276,16.107,5.502,45.865
Control-GRP-GC119340,3.750,0.000,0.000,0.000,5.839,1.577,2.836,3.299,0.000,27.418,21.160,6.184,27.935
Control-GRP-GC119343,0.263,0.226,0.000,0.000,7.458,2.875,0.987,1.937,3.962,37.342,21.390,7.687,15.874
Control-GRP-GC119367,4.259,2.285,0.000,0.000,6.999,6.114,4.393,0.000,0.517,19.622,24.035,9.013,22.763
Control-GRP-GC119369,0.000,0.000,0.000,0.000,7.717,6.033,2.046,0.000,1.947,22.158,13.159,5.314,41.625
Control-GRP-GC119370,0.000,1.627,0.000,0.000,15.427,1.843,1.969,0.000,3.657,18.015,24.772,5.094,27.598
Control-GRP-GC119374,0.000,0.000,0.000,0.445,6.819,2.113,3.384,3.515,1.973,15.635,24.888,9.605,31.624
Control-GRP-GC119375,1.637,0.000,0.000,0.000,14.884,1.928,3.891,3.542,0.691,24.780,18.789,6.227,23.631
Control-GRP-GC119377,2.313,8.322,0.000,0.000,0.821,2.914,5.690,3.211,2.362,17.417,18.882,8.513,29.556
Control-GRP-GC119383,1.466,0.000,0.000,0.000,6.516,1.953,3.113,0.000,4.840,25.232,26.008,6.728,24.144
Control-GRP-GC119384,0.448,4.813,0.000,0.000,7.449,3.297,3.760,3.575,1.003,17.951,19.292,8.192,30.220
Control-GRP-GC119386,1.090,5.631,3.256,2.427,2.412,0.000,4.161,2.937,1.341,17.066,17.298,5.744,36.638
Control-GRP-GC119388,2.468,0.000,0.000,0.000,2.333,5.787,3.032,3.631,0.111,22.355,25.704,8.142,26.437
Control-GRP-GC119389,2.732,0.605,0.000,1.065,9.262,0.000,0.023,2.057,1.401,31.073,14.158,8.106,29.518
Control-GRP-GC119390,4.283,0.000,0.000,1.571,12.026,3.217,0.804,1.958,0.000,24.347,22.951,5.805,23.039
Control-GRP-GC119391,2.190,0.681,0.692,1.295,7.185,0.000,2.902,3.619,0.000,30.804,14.935,11.392,24.304
Control-GRP-GC119394,0.000,0.000,0.000,0.000,7.549,1.497,0.992,2.030,3.211,30.177,20.204,8.500,25.841
Control-GRP-GC119395,1.006,3.254,0.000,0.000,8.579,1.733,3.856,0.000,1.596,30.376,21.856,7.006,20.738
Control-GRP-GC119397,3.333,3.213,2.420,0.000,4.338,0.000,1.173,0.000,2.696,19.730,17.947,7.617,37.532
Control-GRP-GC119398,2.193,1.474,0.000,0.000,4.579,1.270,1.968,2.274,0.624,17.686,14.527,4.954,48.451
Control-GRP-GC119399,2.655,3.131,2.704,0.371,3.026,0.000,1.603,1.668,1.288,26.637,18.479,6.288,32.149
Control-GRP-GC119400,4.308,2.599,2.955,0.000,1.455,2.576,0.861,1.205,2.057,21.361,13.557,3.790,43.276
Control-GRP-GC119401,3.927,1.930,0.000,0.000,2.674,1.891,3.368,3.502,1.344,27.885,18.042,6.959,28.477
Control-GRP-GC119402,4.749,0.095,0.000,0.000,2.673,4.349,4.630,2.549,2.802,19.993,15.382,7.366,35.412
Control-GRP-GC119403,1.306,3.130,0.253,1.469,2.349,0.021,3.089,0.000,0.584,20.104,13.916,6.397,47.381
Control-GRP-GC119405,0.000,0.000,2.132,0.000,5.327,4.617,2.760,0.000,5.630,16.610,21.749,5.484,35.692
Control-GRP-GC119410,0.000,4.701,0.000,0.000,10.290,1.896,2.503,1.512,0.060,26.609,12.116,6.939,33.374
Control-GRP-GC119411,3.687,1.852,0.977,0.557,0.000,1.430,3.061,1.756,0.328,22.536,18.291,9.168,36.357
Control-GRP-GC119415,1.128,0.000,0.000,0.000,7.707,1.495,1.358,1.443,1.419,23.767,19.979,7.243,34.461
Control-GRP-GC119416,6.095,1.560,0.289,0.000,4.058,1.639,4.546,2.149,1.762,19.884,15.522,7.952,34.544
Control-GRP-GC119417,0.313,1.960,0.000,0.000,4.709,7.260,1.993,3.763,0.000,20.476,19.943,4.675,34.908
Control-GRP-GC119419,1.319,1.431,0.487,2.077,5.478,0.000,3.531,2.305,1.533,14.173,16.505,7.086,44.073
Control-GRP-GC119420,1.321,4.246,0.098,0.000,6.536,0.237,2.301,0.949,1.393,16.199,12.907,4.398,49.416
Control-GRP-GC119421,0.000,2.901,0.000,0.000,13.879,2.458,5.338,0.000,0.029,20.227,21.159,4.306,29.704
Control-GRP-GC119422,0.943,2.873,0.000,0.000,9.837,0.000,1.280,0.321,2.868,27.061,23.970,6.484,24.362
Control-GRP-GC119426,1.907,0.877,0.000,2.989,6.482,0.000,2.279,0.868,3.049,22.240,15.462,8.097,35.749
Control-GRP-GC119430,0.665,0.798,0.000,0.241,5.834,0.728,2.571,4.513,5.360,33.002,17.560,8.585,20.141
Control-GRP-GC121331,0.892,0.000,1.480,0.000,18.744,2.101,0.666,3.307,0.000,23.179,14.024,6.778,28.831
Control-GRP-GC121332,0.640,0.000,0.019,0.000,3.304,4.875,2.935,4.994,0.625,14.525,10.643,5.485,51.954
Control-GRP-GC121336,0.954,0.000,0.000,0.000,3.189,2.904,1.667,2.807,2.715,34.888,24.305,7.563,19.008
Control-GRP-GC121337,0.000,0.000,0.000,0.000,5.439,1.482,3.268,0.000,4.583,35.235,24.921,6.172,18.899
Control-GRP-GC121338,1.279,3.422,1.887,0.000,0.000,1.231,3.963,3.197,2.482,26.180,15.627,6.181,34.551
Control-GRP-GC121339,2.543,2.156,0.000,0.000,2.338,3.046,1.373,1.493,4.534,20.211,15.469,0.621,46.217
Control-GRP-GC121340,0.000,1.244,3.533,0.000,0.511,0.000,1.524,2.628,2.356,21.960,17.119,7.624,41.501
Control-GRP-GC121341,0.000,0.000,0.000,0.000,4.366,7.357,3.737,1.448,2.757,18.024,23.606,5.433,33.271
Control-GRP-GC121342,5.789,2.407,0.000,0.410,1.544,2.132,0.000,0.184,2.721,24.168,15.655,4.016,40.974
Control-GRP-GC121343,6.792,0.429,0.000,0.226,0.000,5.070,2.622,1.197,4.559,22.823,17.295,10.263,28.723
Control-GRP-GC121346,0.000,0.000,0.000,0.000,4.808,0.000,5.629,0.000,0.000,17.140,16.507,6.273,49.644
Control-GRP-GC121347,7.752,1.884,0.000,0.000,0.000,5.936,5.323,1.734,0.093,21.531,12.666,8.830,34.251
Control-GRP-GC121348,1.074,0.000,2.384,0.000,4.536,2.917,1.644,0.000,4.768,11.974,9.227,1.506,59.969
Control-GRP-GC121349,0.335,4.941,0.000,0.000,7.214,0.000,1.392,2.802,0.227,21.464,14.487,4.767,42.371
