Sample,BRCA,CEAD,CESC,COAD,OV,READ,bcell,cd4tcell,cd8tcell,erythroblast,monocyte,naturalkillercell,neutrophil,Unknown-1
Ov79_rep2_Dep6_Tu5,0.000,0.000,0.000,0.000,0.000,0.000,0.000,0.000,0.000,0.000,2.245,0.000,65.890,31.864
Ov79_rep8_Dep6_Tu30,0.000,0.777,0.295,0.056,7.955,19.050,0.000,0.000,0.000,0.000,1.270,0.000,35.087,35.510
Ov79_rep6_Dep6_Tu0.3,0.000,0.000,0.000,0.000,0.000,0.000,0.000,0.000,0.000,0.000,9.880,0.000,64.600,25.520
Ov79_rep1_Dep6_Tu3,0.000,0.000,0.000,0.000,0.000,0.000,0.000,0.000,0.000,0.000,5.125,0.034,64.379,30.461
Ov79_rep1_Dep6_Tu50,0.000,1.076,0.445,0.393,16.933,22.138,0.000,0.000,0.000,0.000,3.185,0.000,18.985,36.844
Ov79_rep7_Dep6_Tu50,0.411,0.656,0.094,0.265,12.665,32.327,0.000,0.000,0.000,0.000,2.319,0.000,20.258,31.005
Ov79_rep4_Dep6_Tu50,0.000,0.875,0.066,0.083,29.080,15.634,0.000,0.000,0.000,0.000,5.738,0.000,16.733,31.792
Ov79_rep2_Dep6_Tu3,0.000,0.000,0.000,0.000,0.000,0.000,0.000,0.000,0.000,0.000,4.611,0.000,66.024,29.364
Ov79_rep7_Dep6_Tu1,0.000,0.000,0.000,0.000,0.000,0.000,0.000,0.000,0.000,0.000,1.312,0.000,68.815,29.873
Ov79_rep9_Dep6_Tu5,0.000,0.000,0.000,0.000,0.000,0.000,0.000,0.000,0.000,0.000,7.711,0.000,61.303,30.985
Ov79_rep3_Dep6_Tu1,0.000,0.000,0.000,0.000,0.000,0.000,0.000,0.000,0.000,0.000,8.917,0.000,64.448,26.634
Ov79_rep5_Dep6_Tu3,0.000,0.000,0.000,0.000,0.000,0.000,0.000,0.000,0.000,0.000,0.972,0.000,69.862,29.165
Ov79_rep10_Dep6_Tu0.3,0.000,0.000,0.000,0.000,0.000,0.000,0.000,0.000,0.000,0.000,3.676,0.000,66.849,29.475
Ov79_rep8_Dep6_Tu2,0.000,0.000,0.000,0.000,0.000,0.000,0.000,0.000,0.000,0.000,9.713,0.000,62.634,27.653
Ov79_rep1_Dep6_Tu0.5,0.000,0.000,0.000,0.000,0.000,0.000,0.000,0.000,0.000,0.000,3.454,0.000,65.643,30.902
Ov79_rep3_Dep6_Tu0.3,0.000,0.000,0.000,0.000,0.000,0.000,0.000,0.000,0.000,0.000,2.268,0.042,66.085,31.604
Ov79_rep8_Dep6_Tu50,0.000,11.259,0.000,0.255,27.699,9.276,0.000,0.000,0.000,0.000,4.158,0.000,16.711,30.642
Ov79_rep9_Dep6_Tu0.3,0.000,0.000,0.000,0.000,0.000,0.000,0.000,0.000,0.000,0.000,1.284,0.055,67.374,31.287
Ov79_rep7_Dep6_Tu2,0.000,0.000,0.000,0.000,0.000,0.000,0.000,0.000,0.000,0.000,2.586,0.000,66.175,31.238
Ov79_rep7_Dep6_Tu30,0.000,0.498,0.000,0.164,24.227,9.056,0.000,0.000,0.000,0.000,0.890,0.000,33.618,31.547
Ov79_rep5_Dep6_Tu50,0.013,0.284,0.346,0.067,31.521,15.005,0.000,0.000,0.000,0.000,1.149,0.000,17.066,34.548
Ov79_rep6_Dep6_Tu0.5,0.000,0.000,0.000,0.000,0.000,0.000,0.000,0.000,0.000,0.000,12.861,0.000,60.699,26.440
Ov79_rep2_Dep6_Tu2,0.000,0.000,0.000,0.000,0.000,0.000,0.000,0.000,0.000,0.000,3.503,0.000,64.811,31.685
Ov79_rep3_Dep6_Tu30,0.000,0.929,0.000,0.590,24.535,0.000,0.000,0.000,0.000,0.000,1.133,0.000,33.310,39.502
Ov79_rep9_Dep6_Tu3,0.000,0.000,0.000,0.000,0.000,0.000,0.000,0.000,0.000,0.000,8.484,0.000,64.793,26.722
Ov79_rep10_Dep6_Tu2,0.000,0.000,0.000,0.000,0.000,0.000,0.000,0.000,0.000,0.000,5.060,0.000,64.943,29.996
Ov79_rep10_Dep6_Tu1,0.000,0.000,0.000,0.000,0.000,0.000,0.000,0.000,0.000,0.000,2.896,0.000,67.935,29.168
Ov79_rep6_Dep6_Tu5,0.000,0.000,0.000,0.000,0.000,0.000,0.000,0.000,0.000,0.000,2.795,0.000,64.592,32.612
Ov79_rep2_Dep6_Tu0.3,0.000,0.000,0.000,0.000,0.000,0.000,0.000,0.000,0.000,0.000,2.698,0.000,68.395,28.906
Ov79_rep4_Dep6_Tu20,0.000,0.341,0.000,0.021,18.457,0.000,0.000,0.000,0.000,0.000,2.890,0.000,41.844,36.447
Ov79_rep1_Dep6_Tu0.1,0.000,0.000,0.000,0.000,0.000,0.000,0.000,0.000,0.000,0.000,0.987,0.000,69.234,29.778
Ov79_rep4_Dep6_Tu10,0.000,0.000,0.000,0.000,0.170,0.000,0.000,0.000,0.000,0.000,2.163,0.000,60.519,37.147
Ov79_rep4_Dep6_Tu30,0.000,0.386,0.000,0.115,9.688,15.485,0.000,0.000,0.000,0.000,0.823,0.000,35.248,38.253
Ov79_rep5_Dep6_Tu10,0.000,0.000,0.000,0.000,0.000,0.000,0.000,0.000,0.000,0.000,6.734,0.000,57.599,35.667
Ov79_rep7_Dep6_Tu3,0.000,0.000,0.000,0.000,0.000,0.000,0.000,0.000,0.000,0.000,14.063,0.000,61.235,24.700
Ov79_rep9_Dep6_Tu50,0.000,4.781,0.183,0.088,33.563,9.614,0.000,0.000,0.000,0.000,1.712,0.000,17.632,32.427
Ov79_rep10_Dep6_Tu0.5,0.000,0.000,0.000,0.000,0.000,0.000,0.000,0.000,0.000,0.000,6.419,0.000,64.998,28.582
Ov79_rep7_Dep6_Tu40,0.000,21.199,0.000,0.074,10.739,10.177,0.000,0.000,0.000,0.000,2.134,0.000,25.639,30.037
Ov79_rep7_Dep6_Tu0.1,0.000,0.000,0.000,0.000,0.000,0.000,0.000,0.000,0.000,0.000,0.950,0.000,68.732,30.317
Ov79_rep9_Dep6_Tu0.1,0.000,0.000,0.000,0.000,0.000,0.000,0.000,0.000,0.000,0.000,13.496,0.000,60.905,25.598
Ov79_rep1_Dep6_Tu5,0.000,0.000,0.000,0.000,0.000,0.000,0.000,0.000,0.000,0.000,2.119,0.000,63.155,34.725
Ov79_rep9_Dep6_Tu30,0.000,5.140,0.014,0.057,15.657,6.908,0.000,0.000,0.000,0.000,4.545,0.000,32.010,35.670
Ov79_rep2_Dep6_Tu0.1,0.000,0.000,0.000,0.000,0.000,0.000,0.000,0.000,0.000,0.000,6.143,0.000,66.781,27.076
Ov79_rep7_Dep6_Tu20,0.000,0.118,0.000,0.057,20.115,0.000,0.000,0.000,0.000,0.000,0.576,0.000,44.738,34.396
Ov79_rep7_Dep6_Tu5,0.000,0.000,0.000,0.000,0.000,0.000,0.000,0.000,0.000,0.000,4.752,0.000,61.289,33.958
Ov79_rep2_Dep6_Tu10,0.000,0.000,0.000,0.000,0.911,0.000,0.000,0.000,0.000,0.000,0.912,0.000,59.196,38.981
Ov79_rep8_Dep6_Tu0.1,0.000,0.000,0.000,0.000,0.000,0.000,0.000,0.000,0.000,0.000,11.068,0.000,62.951,25.980
Ov79_rep8_Dep6_Tu5,0.000,0.000,0.000,0.000,0.000,0.000,0.000,0.000,0.000,0.000,11.840,0.000,60.067,28.092
Ov79_rep1_Dep6_Tu10,0.000,0.000,0.000,0.000,1.255,0.000,0.000,0.000,0.000,0.000,9.069,0.000,54.951,34.724
Ov79_rep1_Dep6_Tu1,0.000,0.000,0.000,0.000,0.000,0.000,0.000,0.000,0.000,0.000,12.828,0.111,60.589,26.472
Ov79_rep10_Dep6_Tu10,0.000,0.000,0.000,0.000,2.445,0.000,0.000,0.000,0.000,0.000,5.238,0.000,55.239,37.077
Ov79_rep2_Dep6_Tu50,0.347,2.226,0.143,0.211,37.715,8.743,0.000,0.000,0.000,0.000,0.850,0.000,17.643,32.121
Ov79_rep3_Dep6_Tu20,0.000,0.226,0.000,0.087,10.772,0.000,0.000,0.000,0.000,0.000,1.349,0.000,46.431,41.134
Ov79_rep3_Dep6_Tu0.1,0.000,0.000,0.000,0.000,0.000,0.000,0.000,0.000,0.000,0.000,8.273,0.000,64.959,26.767
Ov79_rep10_Dep6_Tu3,0.000,0.000,0.000,0.000,0.000,0.000,0.000,0.000,0.000,0.000,4.051,0.000,66.941,29.007
Ov79_rep5_Dep6_Tu2,0.000,0.000,0.000,0.000,0.000,0.000,0.000,0.000,0.000,0.000,12.886,0.000,61.620,25.493
Ov79_rep10_Dep6_Tu0.1,0.000,0.000,0.000,0.000,0.000,0.000,0.000,0.000,0.000,0.000,5.529,0.036,64.777,29.657
Ov79_rep6_Dep6_Tu3,0.000,0.000,0.000,0.000,0.000,0.000,0.287,0.000,0.000,0.000,2.959,0.000,67.358,29.395
Ov79_rep4_Dep6_Tu0.3,0.000,0.000,0.000,0.000,0.000,0.000,0.000,0.000,0.000,0.000,3.726,0.000,66.432,29.840
Ov79_rep4_Dep6_Tu3,0.000,0.000,0.000,0.000,0.000,0.000,0.000,0.000,0.000,0.000,5.494,0.000,67.160,27.345
Ov79_rep3_Dep6_Tu10,0.000,0.000,0.000,0.000,0.000,0.000,0.000,0.000,0.000,0.000,3.444,0.000,57.297,39.258
Ov79_rep3_Dep6_Tu5,0.000,0.000,0.000,0.000,0.000,0.000,0.000,0.000,0.000,0.000,1.558,0.000,64.316,34.125
Ov79_rep7_Dep6_Tu0.3,0.000,0.000,0.000,0.000,0.000,0.000,0.000,0.000,0.000,0.000,1.819,0.000,68.702,29.479
Ov79_rep8_Dep6_Tu3,0.000,0.000,0.000,0.000,0.000,0.000,0.000,0.000,0.000,0.000,3.004,0.000,68.242,28.754
Ov79_rep1_Dep6_Tu20,0.000,0.000,0.028,0.162,20.188,0.000,0.000,0.000,0.000,0.000,5.755,0.000,40.796,33.070
Ov79_rep5_Dep6_Tu0.5,0.000,0.000,0.000,0.000,0.000,0.000,0.000,0.000,0.000,0.000,1.446,0.000,68.189,30.364
Ov79_rep7_Dep6_Tu10,0.000,0.000,0.000,0.000,0.818,0.000,0.000,0.000,0.000,0.000,0.876,0.000,62.440,35.866
Ov79_rep8_Dep6_Tu0.5,0.000,0.000,0.000,0.000,0.000,0.000,0.000,0.000,0.000,0.000,2.163,0.000,66.076,31.760
Ov79_rep4_Dep6_Tu0.5,0.000,0.000,0.000,0.000,0.000,0.000,0.000,0.000,0.000,0.000,13.608,0.000,61.658,24.734
Ov79_rep2_Dep6_Tu40,0.000,13.680,0.053,0.210,9.446,15.734,0.000,0.000,0.000,0.000,6.374,0.000,24.797,29.706
Ov79_rep9_Dep6_Tu10,0.000,0.000,0.000,0.000,0.573,0.000,0.000,0.000,0.000,0.000,7.085,0.000,56.476,35.865
Ov79_rep3_Dep6_Tu50,0.000,5.004,0.000,0.252,7.959,28.360,0.000,0.000,0.000,0.000,2.159,0.000,20.952,35.314
Ov79_rep10_Dep6_Tu50,0.000,5.919,0.043,0.098,12.915,23.571,0.000,0.000,0.000,0.000,2.420,0.000,20.173,34.860
Ov79_rep1_Dep6_Tu30,0.000,13.560,0.000,0.056,9.689,9.490,0.000,0.000,0.000,0.000,0.757,0.000,35.614,30.834
Ov79_rep8_Dep6_Tu20,0.000,0.781,0.096,0.020,12.224,0.000,0.000,0.000,0.000,0.000,2.450,0.000,43.611,40.818
Ov79_rep6_Dep6_Tu40,0.000,1.684,0.121,0.085,22.503,6.393,0.000,0.000,0.000,0.000,2.075,0.000,25.941,41.198
Ov79_rep6_Dep6_Tu20,0.000,0.000,0.000,0.124,16.800,0.000,0.000,0.000,0.000,0.000,1.447,0.000,46.010,35.618
Ov79_rep10_Dep6_Tu30,0.000,1.040,0.360,0.099,22.502,4.050,0.000,0.000,0.000,0.000,1.854,0.000,34.486,35.609
Ov79_rep4_Dep6_Tu0.1,0.000,0.000,0.000,0.000,0.000,0.000,0.000,0.000,0.000,0.000,4.032,0.068,64.862,31.037
Ov79_rep5_Dep6_Tu20,0.000,1.483,0.000,0.080,6.831,0.000,0.000,0.000,0.000,0.000,9.823,0.000,42.901,38.880
Ov79_rep2_Dep6_Tu30,0.000,0.537,0.055,0.053,8.723,17.441,0.000,0.000,0.000,0.000,0.903,0.000,35.496,36.792
Ov79_rep5_Dep6_Tu40,0.300,1.971,0.000,0.142,26.471,11.851,0.000,0.000,0.000,0.000,2.517,0.000,24.691,32.057
Ov79_rep8_Dep6_Tu0.3,0.000,0.000,0.000,0.000,0.000,0.000,0.000,0.000,0.000,0.000,1.309,0.056,67.349,31.286
Ov79_rep4_Dep6_Tu40,4.032,0.664,0.211,0.114,17.711,19.215,0.000,0.000,0.000,0.000,1.803,0.000,27.815,28.435
Ov79_rep3_Dep6_Tu0.5,0.000,0.000,0.000,0.000,0.000,0.000,0.000,0.000,0.000,0.000,9.879,0.000,64.598,25.522
Ov79_rep6_Dep6_Tu10,0.000,0.000,0.000,0.000,2.721,0.000,0.000,0.000,0.000,0.000,4.865,0.000,57.541,34.871
Ov79_rep8_Dep6_Tu1,0.000,0.000,0.000,0.000,0.000,0.000,0.000,0.000,0.000,0.000,7.547,0.000,65.868,26.584
Ov79_rep9_Dep6_Tu2,0.000,0.000,0.000,0.000,0.000,0.000,0.000,0.000,0.000,0.000,1.981,0.000,66.775,31.243
Ov79_rep6_Dep6_Tu0.1,0.000,0.000,0.000,0.000,0.000,0.000,0.000,0.000,0.000,0.000,3.561,0.000,67.374,29.065
Ov79_rep5_Dep6_Tu0.1,0.000,0.000,0.000,0.000,0.000,0.000,0.000,0.000,0.000,0.000,1.527,0.000,66.995,31.478
Ov79_rep10_Dep6_Tu20,0.000,0.079,0.031,0.159,14.542,3.732,0.000,0.000,0.000,0.000,9.620,0.000,42.391,29.445
Ov79_rep5_Dep6_Tu0.3,0.000,0.000,0.000,0.000,0.000,0.000,0.000,0.000,0.000,0.000,13.436,0.000,61.270,25.294
Ov79_rep10_Dep6_Tu5,0.000,0.000,0.000,0.000,0.000,0.000,0.000,0.000,0.000,0.000,2.890,0.000,62.663,34.446
Ov79_rep5_Dep6_Tu5,0.000,0.000,0.000,0.000,0.000,0.000,0.000,0.000,0.000,0.000,13.365,0.000,58.269,28.365
Ov79_rep1_Dep6_Tu40,1.495,0.624,0.000,0.189,12.851,25.120,0.000,0.000,0.000,0.000,1.832,0.000,27.982,29.908
Ov79_rep8_Dep6_Tu40,0.030,0.328,0.000,0.126,29.242,10.662,0.000,0.000,0.000,0.000,0.850,0.000,24.626,34.136
Ov79_rep6_Dep6_Tu50,0.000,1.087,0.346,0.174,29.169,14.662,0.000,0.000,0.000,0.000,4.692,0.000,17.058,32.810
Ov79_rep2_Dep6_Tu20,0.003,0.006,0.079,0.018,16.723,0.000,0.000,0.000,0.000,0.000,1.903,0.000,42.938,38.328
Ov79_rep1_Dep6_Tu0.3,0.000,0.000,0.000,0.000,0.000,0.000,0.000,0.000,0.000,0.000,6.016,0.005,63.997,29.981
Ov79_rep6_Dep6_Tu1,0.000,0.000,0.000,0.000,0.000,0.000,0.000,0.000,0.000,0.000,3.113,0.000,67.322,29.564
Ov79_rep8_Dep6_Tu10,0.000,0.000,0.000,0.000,0.742,0.000,0.000,0.000,0.000,0.000,11.063,0.000,54.951,33.244
Ov79_rep9_Dep6_Tu20,0.000,0.000,0.000,0.208,14.953,0.000,0.000,0.000,0.000,0.000,1.793,0.000,43.484,39.562
Ov79_rep6_Dep6_Tu2,0.000,0.000,0.000,0.000,0.000,0.000,0.000,0.000,0.000,0.000,12.152,0.000,62.027,25.820
Ov79_rep10_Dep6_Tu40,0.000,0.825,0.218,0.333,6.953,32.961,0.000,0.000,0.000,0.000,5.569,0.000,25.142,27.998
Ov79_rep4_Dep6_Tu1,0.000,0.000,0.000,0.000,0.000,0.000,0.000,0.000,0.000,0.000,13.676,0.000,60.544,25.778
Ov79_rep1_Dep6_Tu2,0.000,0.000,0.000,0.000,0.000,0.000,0.000,0.000,0.000,0.000,1.262,0.000,65.114,33.623
Ov79_rep3_Dep6_Tu2,0.000,0.000,0.000,0.000,0.000,0.000,0.000,0.000,0.000,0.000,5.015,0.000,63.834,31.150
Ov79_rep4_Dep6_Tu2,0.000,0.000,0.000,0.000,0.000,0.000,0.000,0.000,0.000,0.000,7.375,0.000,64.507,28.117
Ov79_rep9_Dep6_Tu40,0.000,1.225,0.000,0.161,31.744,8.324,0.000,0.000,0.000,0.000,3.062,0.000,24.229,31.254
Ov79_rep4_Dep6_Tu5,0.000,0.000,0.000,0.000,0.000,0.000,0.000,0.000,0.000,0.000,13.133,0.000,57.920,28.947
Ov79_rep2_Dep6_Tu0.5,0.000,0.000,0.000,0.000,0.000,0.000,0.000,0.000,0.000,0.000,1.427,0.000,67.588,30.984
Ov79_rep5_Dep6_Tu30,27.769,0.550,0.274,0.329,12.931,0.000,0.000,0.000,0.000,0.000,1.620,0.000,33.567,22.960
Ov79_rep3_Dep6_Tu40,0.000,16.665,0.000,0.039,18.237,4.707,0.000,0.000,0.000,0.000,1.423,0.000,25.989,32.939
Ov79_rep6_Dep6_Tu30,0.000,0.562,0.000,0.248,19.348,5.971,0.000,0.000,0.000,0.000,5.912,0.000,31.285,36.674
Ov79_rep2_Dep6_Tu1,0.000,0.000,0.000,0.000,0.000,0.000,0.000,0.000,0.000,0.000,4.340,0.000,66.550,29.109
Ov79_rep3_Dep6_Tu3,0.000,0.000,0.000,0.000,0.000,0.000,0.000,0.000,0.000,0.000,2.105,0.000,66.794,31.100
Ov79_rep9_Dep6_Tu0.5,0.000,0.000,0.000,0.000,0.000,0.000,0.000,0.000,0.000,0.000,1.004,0.000,69.020,29.975
Ov79_rep9_Dep6_Tu1,0.000,0.000,0.000,0.000,0.000,0.000,0.000,0.000,0.000,0.000,1.363,0.000,65.596,33.040
Ov79_rep5_Dep6_Tu1,0.000,0.000,0.000,0.000,0.000,0.000,0.000,0.000,0.000,0.000,7.407,0.000,64.201,28.392
Ov79_rep7_Dep6_Tu0.5,0.000,0.000,0.000,0.000,0.000,0.000,0.000,0.000,0.000,0.000,1.709,0.000,67.682,30.608
