Sample,BRCA,CEAD,CESC,COAD,OV,READ,bcell,cd4tcell,cd8tcell,erythroblast,monocyte,naturalkillercell,neutrophil,Unknown-1
Colo9345_rep1_Dep6_Tu5,0.006,0.949,0.002,0.188,35.995,0.000,0.113,0.801,1.079,0.696,3.865,0.036,36.300,19.970
Colo9345_rep8_Dep6_Tu30,0.099,3.859,0.454,0.734,33.037,0.012,0.406,0.274,0.387,0.597,2.662,0.064,27.172,30.243
Colo9345_rep5_Dep6_Tu1,0.000,0.193,0.000,0.000,45.043,0.000,0.011,0.308,0.244,0.124,4.084,0.017,47.675,2.301
Colo9345_rep5_Dep6_Tu20,0.192,4.005,3.703,3.730,12.544,1.794,0.416,1.604,2.153,1.634,3.781,0.645,15.368,48.431
Colo9345_rep7_Dep6_Tu20,0.325,4.283,3.368,2.680,17.063,1.001,0.752,1.554,1.414,0.117,2.550,0.090,14.832,49.971
Colo9345_rep6_Dep6_Tu2,0.000,0.148,0.000,0.004,40.970,0.000,0.040,0.669,0.332,0.014,3.703,0.023,46.170,7.926
Colo9345_rep10_Dep6_Tu10,0.000,0.302,0.000,0.274,40.185,0.000,0.054,0.212,0.663,0.200,4.493,0.222,43.350,10.045
Colo9345_rep1_Dep6_Tu10,0.009,3.582,0.931,2.417,27.489,0.092,0.345,1.954,0.553,0.337,2.875,0.251,26.613,32.552
Colo9345_rep3_Dep6_Tu30,1.210,6.398,3.490,3.921,7.799,2.289,0.834,1.529,1.463,0.027,3.161,0.572,7.284,60.023
Colo9345_rep6_Dep6_Tu1,0.000,0.046,0.000,0.001,44.616,0.000,0.017,0.266,0.166,0.021,3.276,0.006,49.120,2.463
Colo9345_rep2_Dep6_Tu10,0.197,3.843,0.973,1.369,28.610,0.010,0.135,0.238,0.825,0.780,3.417,0.171,26.248,33.183
Colo9345_rep6_Dep6_Tu5,0.001,0.890,0.000,0.653,35.889,0.000,0.083,0.526,1.082,0.658,3.245,0.111,38.210,18.653
Colo9345_rep5_Dep6_Tu10,0.029,3.148,1.611,1.096,27.934,0.025,0.219,1.330,0.233,0.450,4.436,0.110,26.502,32.876
Colo9345_rep5_Dep6_Tu40,1.771,3.066,6.209,6.524,1.347,2.725,1.349,4.552,0.762,0.929,3.615,0.471,0.772,65.908
Colo9345_rep1_Dep6_Tu0.1,0.000,0.000,0.000,0.000,40.588,0.000,0.018,0.530,0.089,0.037,5.572,0.097,53.068,0.000
Colo9345_rep3_Dep6_Tu10,0.674,2.459,0.708,1.136,28.603,0.174,0.412,0.664,0.542,0.262,3.243,0.465,27.594,33.063
Colo9345_rep4_Dep6_Tu2,0.000,0.237,0.000,0.001,43.593,0.000,0.033,0.364,0.359,0.073,3.222,0.012,45.206,6.899
Colo9345_rep2_Dep6_Tu20,0.003,7.613,2.694,4.750,12.975,0.904,1.039,0.859,0.961,0.974,2.556,0.584,15.408,48.680
Colo9345_rep3_Dep6_Tu50,1.524,2.740,7.156,7.317,0.000,3.236,0.633,3.789,1.737,0.246,0.198,0.196,0.000,71.229
Colo9345_rep6_Dep6_Tu0.1,0.000,0.000,0.000,0.000,39.948,0.000,0.007,0.192,0.522,0.169,6.052,0.012,53.099,0.000
Colo9345_rep3_Dep6_Tu40,1.975,4.111,6.331,6.151,0.252,3.024,1.038,2.145,1.726,1.671,1.246,0.742,3.326,66.262
Colo9345_rep6_Dep6_Tu3,0.002,0.837,0.000,0.166,40.903,0.000,0.054,0.829,0.300,0.200,4.614,0.066,41.414,10.617
Colo9345_rep9_Dep6_Tu50,0.066,3.294,1.204,3.632,21.032,0.463,0.225,0.351,0.654,2.001,1.855,0.150,15.520,49.554
Colo9345_rep1_Dep6_Tu3,0.004,0.953,0.000,0.004,39.056,0.000,0.059,0.821,0.341,0.057,5.266,0.144,41.430,11.865
Colo9345_rep6_Dep6_Tu30,1.177,4.970,4.059,4.830,4.706,2.190,0.511,0.058,3.408,3.497,2.822,0.705,7.555,59.512
Colo9345_rep1_Dep6_Tu20,0.172,7.178,3.530,3.780,12.778,0.872,0.133,1.427,1.452,0.894,1.839,0.464,15.752,49.726
Colo9345_rep4_Dep6_Tu0.5,0.000,0.011,0.000,0.001,43.964,0.000,0.022,0.801,0.183,0.146,3.689,0.013,51.003,0.167
Colo9345_rep9_Dep6_Tu10,0.000,0.737,0.001,0.056,39.951,0.000,0.071,0.074,0.120,0.060,4.313,0.120,44.622,9.875
Colo9345_rep3_Dep6_Tu1,0.000,0.479,0.000,0.000,44.012,0.000,0.010,0.201,0.033,0.042,3.967,0.035,49.019,2.202
Colo9345_rep7_Dep6_Tu0.1,0.000,0.000,0.000,0.000,41.090,0.000,0.000,0.198,0.090,0.058,5.056,0.003,53.504,0.000
Colo9345_rep4_Dep6_Tu20,0.455,5.958,2.679,4.105,13.520,0.789,0.844,0.806,1.159,1.714,2.343,0.575,15.922,49.130
Colo9345_rep7_Dep6_Tu5,0.003,0.503,0.001,0.425,36.079,0.000,0.181,1.199,0.682,0.712,3.283,0.421,37.606,18.905
Colo9345_rep10_Dep6_Tu50,0.529,4.204,2.858,5.284,16.137,0.935,0.148,2.288,0.801,1.538,2.669,0.068,16.807,45.734
Colo9345_rep2_Dep6_Tu50,1.494,2.700,6.971,6.887,0.018,3.372,1.272,2.554,2.073,0.604,0.210,0.159,0.005,71.682
Colo9345_rep10_Dep6_Tu40,0.558,5.253,1.760,2.860,22.080,0.911,0.354,0.106,2.687,1.358,1.883,0.257,22.223,37.711
Colo9345_rep9_Dep6_Tu20,0.195,2.471,0.024,0.156,36.158,0.048,0.067,0.886,1.193,0.355,3.608,0.127,35.586,19.126
Colo9345_rep8_Dep6_Tu3,0.000,0.125,0.000,0.039,44.646,0.000,0.006,0.233,0.316,0.146,2.801,0.006,50.892,0.790
Colo9345_rep5_Dep6_Tu3,0.000,0.943,0.000,0.005,41.456,0.000,0.091,0.264,0.125,0.107,2.797,0.042,43.260,10.910
Colo9345_rep1_Dep6_Tu40,1.167,4.049,5.831,6.516,0.535,3.255,1.034,0.842,3.380,3.138,2.117,0.572,2.658,64.906
Colo9345_rep9_Dep6_Tu0.3,0.000,0.000,0.000,0.000,40.627,0.000,0.008,0.083,0.072,0.109,6.075,0.116,52.911,0.000
Colo9345_rep4_Dep6_Tu1,0.000,0.091,0.000,0.547,43.452,0.000,0.022,0.245,0.425,0.250,4.305,0.015,48.685,1.964
Colo9345_rep10_Dep6_Tu20,0.009,0.768,0.731,0.103,33.570,0.001,0.090,1.462,1.050,0.508,3.692,0.358,35.437,22.219
Colo9345_rep1_Dep6_Tu1,0.000,0.111,0.000,0.002,43.667,0.000,0.005,0.590,0.776,0.264,4.373,0.076,48.199,1.937
Colo9345_rep6_Dep6_Tu50,0.000,83.799,0.000,0.000,0.000,0.000,0.000,0.000,0.000,0.000,0.000,0.000,16.200,0.000
Colo9345_rep7_Dep6_Tu0.5,0.000,0.001,0.000,0.128,44.512,0.000,0.042,0.501,0.220,0.128,3.546,0.028,50.586,0.308
Colo9345_rep10_Dep6_Tu0.3,0.000,0.000,0.000,0.000,39.779,0.000,0.001,0.272,0.251,0.183,6.133,0.075,53.306,0.000
Colo9345_rep9_Dep6_Tu3,0.000,0.011,0.000,0.000,45.632,0.000,0.007,0.715,0.675,0.134,4.067,0.020,48.348,0.393
Colo9345_rep3_Dep6_Tu0.1,0.000,0.000,0.000,0.000,42.136,0.000,0.001,0.252,0.058,0.033,4.938,0.032,52.550,0.000
Colo9345_rep6_Dep6_Tu20,0.372,1.993,3.494,4.196,15.980,1.311,0.963,0.441,2.828,2.246,1.981,0.193,15.664,48.339
Colo9345_rep8_Dep6_Tu0.5,0.000,0.000,0.000,0.000,41.434,0.000,0.009,0.203,0.479,0.116,5.177,0.119,52.465,0.000
Colo9345_rep9_Dep6_Tu0.5,0.000,0.000,0.000,0.000,42.219,0.000,0.000,0.237,0.128,0.017,4.938,0.008,52.452,0.000
Colo9345_rep9_Dep6_Tu2,0.000,0.001,0.000,0.000,45.608,0.000,0.003,0.187,0.118,0.093,3.225,0.041,50.659,0.066
Colo9345_rep8_Dep6_Tu0.3,0.000,0.000,0.000,0.000,40.586,0.000,0.003,0.287,0.162,0.077,5.992,0.029,52.864,0.000
Colo9345_rep6_Dep6_Tu0.5,0.000,0.004,0.000,0.074,43.435,0.000,0.017,0.651,0.606,0.089,4.290,0.005,50.484,0.345
Colo9345_rep4_Dep6_Tu0.1,0.000,0.000,0.000,0.000,40.651,0.000,0.022,0.272,0.072,0.091,5.296,0.170,53.426,0.000
Colo9345_rep1_Dep6_Tu0.3,0.000,0.000,0.000,0.000,43.033,0.000,0.010,0.792,0.074,0.030,5.449,0.101,50.511,0.000
Colo9345_rep5_Dep6_Tu30,0.435,5.578,4.939,4.835,3.944,2.345,0.931,2.458,1.685,3.946,2.049,0.143,7.915,58.798
Colo9345_rep2_Dep6_Tu2,0.005,0.554,0.000,0.036,40.992,0.000,0.149,0.443,0.417,0.223,3.817,0.069,46.460,6.835
Colo9345_rep4_Dep6_Tu40,1.518,4.157,6.094,6.397,1.637,2.605,1.278,4.191,0.589,2.120,0.661,0.211,2.564,65.977
Colo9345_rep7_Dep6_Tu30,1.770,5.631,3.650,4.517,5.598,1.890,1.496,0.861,1.555,2.601,1.508,0.360,8.762,59.802
Colo9345_rep5_Dep6_Tu0.3,0.000,0.000,0.000,0.000,42.861,0.000,0.002,0.381,0.546,0.024,5.169,0.029,50.988,0.000
Colo9345_rep5_Dep6_Tu0.5,0.000,0.001,0.000,0.011,46.287,0.000,0.013,0.105,0.060,0.050,3.203,0.009,49.907,0.354
Colo9345_rep2_Dep6_Tu1,0.000,0.081,0.000,0.001,41.886,0.000,0.004,0.168,0.403,0.021,6.014,0.011,47.979,3.431
Colo9345_rep2_Dep6_Tu3,0.000,0.673,0.000,0.011,40.835,0.000,0.048,0.216,0.251,0.216,4.968,0.020,41.157,11.606
Colo9345_rep4_Dep6_Tu30,0.536,4.489,5.360,4.708,5.903,1.862,0.882,1.437,1.468,2.225,2.972,0.662,7.185,60.311
Colo9345_rep7_Dep6_Tu2,0.000,0.604,0.000,0.001,40.420,0.000,0.026,0.433,0.009,0.208,4.608,0.066,45.716,7.909
Colo9345_rep8_Dep6_Tu40,0.003,3.066,0.395,2.947,26.398,0.086,0.512,1.039,0.289,0.906,1.880,0.204,21.373,40.903
Colo9345_rep10_Dep6_Tu3,0.000,0.107,0.000,0.000,46.726,0.000,0.002,0.585,0.010,0.055,2.970,0.006,48.573,0.966
Colo9345_rep3_Dep6_Tu0.3,0.000,0.000,0.000,0.000,43.348,0.000,0.032,0.566,0.262,0.086,4.674,0.047,50.985,0.000
Colo9345_rep5_Dep6_Tu0.1,0.000,0.000,0.000,0.000,41.619,0.000,0.019,0.523,0.198,0.124,5.562,0.046,51.911,0.000
Colo9345_rep2_Dep6_Tu0.5,0.000,0.001,0.000,0.000,44.926,0.000,0.003,0.005,0.072,0.032,5.043,0.043,49.609,0.265
Colo9345_rep6_Dep6_Tu10,0.266,2.049,1.606,1.959,30.925,0.213,0.210,0.396,1.461,0.396,2.539,0.238,26.581,31.162
Colo9345_rep9_Dep6_Tu0.1,0.000,0.000,0.000,0.000,39.859,0.000,0.005,0.298,0.549,0.194,5.242,0.127,53.727,0.000
Colo9345_rep7_Dep6_Tu10,0.036,4.479,0.058,0.705,29.522,0.023,0.417,0.815,0.425,0.283,2.387,0.075,27.502,33.272
Colo9345_rep10_Dep6_Tu2,0.000,0.007,0.000,0.001,42.598,0.000,0.023,0.381,0.111,0.050,4.423,0.179,52.103,0.123
Colo9345_rep7_Dep6_Tu40,0.000,80.387,0.000,0.000,0.003,0.000,0.000,0.000,0.000,0.000,0.000,0.000,19.592,0.018
Colo9345_rep8_Dep6_Tu20,0.002,3.603,0.429,0.939,36.574,0.000,0.054,0.238,0.761,0.018,1.663,0.133,36.152,19.432
Colo9345_rep3_Dep6_Tu5,0.003,1.460,0.010,1.977,37.465,0.000,0.044,1.033,0.253,0.084,1.246,0.062,38.618,17.746
Colo9345_rep5_Dep6_Tu2,0.000,2.423,0.000,0.002,40.335,0.000,0.014,0.592,0.317,0.138,2.840,0.037,46.959,6.343
Colo9345_rep1_Dep6_Tu30,0.484,4.056,5.182,5.551,2.498,2.492,1.466,1.916,1.154,3.637,1.552,0.580,9.229,60.203
Colo9345_rep10_Dep6_Tu1,0.000,0.001,0.000,0.000,41.560,0.000,0.004,0.409,0.137,0.127,3.980,0.012,53.771,0.000
Colo9345_rep4_Dep6_Tu10,0.017,2.777,0.796,2.133,29.127,0.012,0.226,0.609,0.629,0.472,3.751,0.073,27.054,32.323
Colo9345_rep3_Dep6_Tu3,0.000,0.383,0.000,0.270,40.087,0.000,0.064,1.493,0.718,0.651,3.692,0.059,40.925,11.657
Colo9345_rep5_Dep6_Tu50,0.749,2.696,7.838,7.439,0.008,3.625,0.915,3.569,2.162,0.158,0.062,0.206,0.003,70.570
Colo9345_rep2_Dep6_Tu40,1.376,3.221,6.553,7.101,0.292,2.826,0.204,2.179,2.445,2.138,1.799,0.614,2.770,66.480
Colo9345_rep1_Dep6_Tu2,0.000,0.137,0.001,0.002,44.237,0.000,0.053,0.435,0.453,0.056,3.328,0.039,44.599,6.659
Colo9345_rep2_Dep6_Tu5,0.001,1.004,0.038,0.315,37.336,0.000,0.040,0.373,0.138,0.871,2.174,0.020,38.965,18.725
Colo9345_rep2_Dep6_Tu0.1,0.000,0.000,0.000,0.000,41.933,0.000,0.003,0.764,0.016,0.159,4.319,0.037,52.769,0.000
Colo9345_rep10_Dep6_Tu5,0.000,0.179,0.000,0.002,41.747,0.000,0.030,0.839,0.716,0.052,4.018,0.026,47.917,4.473
Colo9345_rep1_Dep6_Tu0.5,0.000,0.005,0.000,0.000,44.258,0.000,0.002,1.021,0.013,0.042,4.351,0.003,49.946,0.357
Colo9345_rep8_Dep6_Tu10,0.001,0.791,0.001,0.471,38.475,0.000,0.194,1.931,0.422,0.309,4.207,0.132,44.392,8.673
Colo9345_rep9_Dep6_Tu5,0.000,0.098,0.000,0.000,43.387,0.000,0.003,0.099,0.387,0.110,4.796,0.042,47.381,3.697
Colo9345_rep7_Dep6_Tu1,0.000,0.057,0.000,0.000,43.897,0.000,0.006,0.213,0.098,0.032,5.074,0.014,47.602,3.007
Colo9345_rep5_Dep6_Tu5,0.006,2.087,0.015,0.394,35.962,0.000,0.018,1.368,0.428,1.018,2.570,0.104,38.338,17.693
Colo9345_rep7_Dep6_Tu50,1.179,1.486,7.103,7.210,0.003,3.555,1.650,0.930,1.115,4.492,0.501,0.233,0.003,70.541
Colo9345_rep3_Dep6_Tu20,0.619,5.697,3.065,2.655,15.539,0.622,0.919,0.740,1.193,0.316,2.341,0.053,15.423,50.819
Colo9345_rep8_Dep6_Tu1,0.000,0.001,0.000,0.000,42.444,0.000,0.007,0.235,0.166,0.067,4.571,0.042,52.468,0.000
Colo9345_rep4_Dep6_Tu5,0.014,2.156,0.002,0.010,35.125,0.000,0.023,0.400,0.845,0.708,4.411,0.136,36.941,19.230
Colo9345_rep10_Dep6_Tu30,0.782,4.795,0.076,0.647,27.581,0.205,1.225,0.847,0.809,0.972,2.325,0.135,30.033,29.567
Colo9345_rep10_Dep6_Tu0.5,0.000,0.000,0.000,0.000,41.367,0.000,0.038,0.310,0.184,0.212,5.666,0.010,52.212,0.000
Colo9345_rep8_Dep6_Tu2,0.001,0.237,0.000,0.001,43.804,0.000,0.026,0.513,0.044,0.063,4.322,0.041,50.805,0.145
Colo9345_rep7_Dep6_Tu0.3,0.000,0.000,0.000,0.000,43.796,0.000,0.000,0.089,0.128,0.062,3.999,0.006,51.919,0.000
Colo9345_rep4_Dep6_Tu3,0.000,0.531,0.000,0.000,39.927,0.000,0.023,0.072,0.318,0.166,3.378,0.004,42.795,12.784
Colo9345_rep3_Dep6_Tu0.5,0.000,0.005,0.000,0.000,44.438,0.000,0.004,0.592,0.372,0.078,5.147,0.008,49.357,0.000
Colo9345_rep8_Dep6_Tu50,1.249,5.792,1.473,3.191,14.128,1.106,0.164,0.528,0.456,3.293,3.759,0.586,16.145,48.131
Colo9345_rep2_Dep6_Tu30,1.400,6.265,4.353,4.620,5.713,1.823,0.503,0.523,2.047,0.507,3.399,0.691,7.815,60.341
Colo9345_rep8_Dep6_Tu5,0.000,0.068,0.001,0.002,43.767,0.000,0.010,0.823,0.359,0.090,2.966,0.089,48.628,3.197
Colo9345_rep1_Dep6_Tu50,1.335,1.376,7.540,7.497,0.002,3.216,1.444,5.119,0.032,1.484,0.018,0.085,0.002,70.851
Colo9345_rep8_Dep6_Tu0.1,0.000,0.000,0.000,0.000,39.255,0.000,0.034,0.696,1.133,0.225,4.805,0.092,53.760,0.000
Colo9345_rep6_Dep6_Tu0.3,0.000,0.001,0.000,0.000,43.497,0.000,0.001,0.176,0.280,0.057,6.087,0.007,49.894,0.000
Colo9345_rep9_Dep6_Tu1,0.000,0.000,0.000,0.000,42.085,0.000,0.060,0.483,0.412,0.026,5.708,0.010,51.216,0.000
Colo9345_rep7_Dep6_Tu3,0.001,0.715,0.001,0.141,40.519,0.000,0.009,0.646,0.594,0.319,4.271,0.101,40.767,11.918
Colo9345_rep9_Dep6_Tu40,1.226,7.704,0.891,2.026,23.484,0.229,0.231,0.358,0.300,0.605,2.194,0.303,22.929,37.520
Colo9345_rep3_Dep6_Tu2,0.000,0.457,0.000,0.000,43.023,0.000,0.020,0.380,0.355,0.121,5.077,0.285,43.083,7.198
Colo9345_rep2_Dep6_Tu0.3,0.000,0.001,0.000,0.000,42.544,0.000,0.004,0.137,0.294,0.187,2.812,0.009,54.011,0.000
Colo9345_rep4_Dep6_Tu0.3,0.000,0.001,0.000,0.000,44.205,0.000,0.016,0.183,0.157,0.010,4.338,0.045,51.046,0.000
Colo9345_rep9_Dep6_Tu30,0.003,4.866,0.050,1.049,29.845,0.009,0.087,0.294,0.491,1.077,2.313,0.404,29.679,29.833
Colo9345_rep6_Dep6_Tu40,1.161,3.812,6.437,6.299,1.427,3.078,0.552,2.591,0.708,2.178,2.687,0.737,2.176,66.157
Colo9345_rep10_Dep6_Tu0.1,0.000,0.000,0.000,0.000,40.151,0.000,0.004,0.287,0.217,0.094,5.883,0.224,53.141,0.000
Colo9345_rep4_Dep6_Tu50,0.801,2.558,7.079,7.357,0.002,3.354,1.023,1.325,3.110,1.893,0.177,0.255,0.000,71.066
