Sample,BRCA,CEAD,CESC,COAD,OV,READ,bcell,cd4tcell,cd8tcell,erythroblast,monocyte,naturalkillercell,neutrophil,Unknown-1
Cer77_rep9_Dep6_Tu3,0.000,0.000,0.000,0.000,0.000,0.000,0.000,0.000,0.000,0.000,1.304,0.000,67.692,31.003
Cer77_rep5_Dep6_Tu30,1.497,8.175,2.691,2.676,4.717,0.000,0.000,0.000,0.000,0.000,0.000,0.000,23.532,56.712
Cer77_rep3_Dep6_Tu30,0.889,6.602,2.802,2.260,9.047,0.000,0.000,0.000,0.000,0.000,0.000,0.000,22.256,56.142
Cer77_rep8_Dep6_Tu50,3.391,13.092,3.261,5.678,13.421,0.000,0.000,0.000,0.000,0.000,0.000,0.000,8.946,52.211
Cer77_rep1_Dep6_Tu1,0.000,0.000,0.000,0.000,0.000,0.000,0.000,0.000,0.000,0.000,2.977,0.000,70.772,26.250
Cer77_rep7_Dep6_Tu3,0.000,0.000,0.000,0.000,0.000,0.000,0.000,0.000,0.000,0.000,1.016,0.000,67.351,31.633
Cer77_rep10_Dep6_Tu2,0.000,0.000,0.000,0.000,0.000,0.000,0.000,0.000,0.000,0.000,0.491,0.000,69.927,29.582
Cer77_rep2_Dep6_Tu0.5,0.000,0.000,0.000,0.000,0.000,0.000,0.000,0.000,0.000,0.000,0.739,0.000,73.184,26.076
Cer77_rep3_Dep6_Tu20,0.244,3.605,2.421,1.120,4.331,0.000,0.000,0.000,0.000,0.000,0.000,0.000,36.845,51.435
Cer77_rep1_Dep6_Tu2,0.000,0.000,0.000,0.000,0.000,0.000,0.000,0.000,0.000,0.000,0.357,0.000,72.036,27.606
Cer77_rep2_Dep6_Tu5,0.000,0.000,0.029,0.000,0.000,0.000,0.000,0.000,0.000,0.000,0.011,0.000,66.717,33.242
Cer77_rep5_Dep6_Tu0.5,0.000,0.000,0.000,0.000,0.000,0.000,0.000,0.000,0.000,0.000,0.473,0.000,74.294,25.232
Cer77_rep2_Dep6_Tu50,3.148,13.838,4.963,5.716,9.015,0.038,0.000,0.000,0.000,0.000,0.000,0.000,9.244,54.038
Cer77_rep9_Dep6_Tu0.5,0.000,0.000,0.000,0.000,0.000,0.000,0.000,0.000,0.000,0.000,0.494,0.000,72.985,26.520
Cer77_rep4_Dep6_Tu10,0.000,0.376,0.842,0.201,0.475,0.000,0.000,0.000,0.000,0.000,0.210,0.000,54.045,43.850
Cer77_rep9_Dep6_Tu20,0.278,3.538,1.582,1.124,2.565,0.000,0.000,0.000,0.000,0.000,0.000,0.000,35.111,55.802
Cer77_rep3_Dep6_Tu10,0.000,0.444,0.429,0.186,0.187,0.000,0.000,0.000,0.000,0.000,0.000,0.000,54.671,44.082
Cer77_rep6_Dep6_Tu5,0.000,0.000,0.071,0.000,0.000,0.000,0.000,0.000,0.000,0.000,0.215,0.000,65.159,34.555
Cer77_rep5_Dep6_Tu1,0.000,0.000,0.000,0.000,0.000,0.000,0.000,0.000,0.000,0.000,1.312,0.000,72.021,26.666
Cer77_rep5_Dep6_Tu0.3,0.000,0.000,0.000,0.000,0.000,0.000,0.000,0.000,0.000,0.000,1.887,0.000,71.123,26.989
Cer77_rep4_Dep6_Tu50,3.648,14.282,3.552,4.476,12.079,0.086,0.000,0.000,0.000,0.000,0.000,0.000,8.935,52.942
Cer77_rep6_Dep6_Tu0.3,0.000,0.000,0.000,0.000,0.000,0.000,0.000,0.000,0.000,0.000,2.859,0.000,72.227,24.913
Cer77_rep4_Dep6_Tu40,2.253,12.840,3.125,4.042,8.113,0.000,0.000,0.000,0.000,0.000,0.000,0.000,14.465,55.161
Cer77_rep10_Dep6_Tu5,0.000,0.000,0.030,0.010,0.000,0.000,0.000,0.000,0.000,0.000,0.061,0.000,64.117,35.781
Cer77_rep3_Dep6_Tu1,0.000,0.000,0.000,0.000,0.000,0.000,0.000,0.000,0.000,0.000,1.667,0.000,72.021,26.311
Cer77_rep8_Dep6_Tu40,2.115,8.115,3.403,3.863,10.454,0.000,0.000,0.000,0.000,0.000,0.000,0.000,14.249,57.800
Cer77_rep7_Dep6_Tu0.3,0.000,0.000,0.000,0.000,0.000,0.000,0.000,0.000,0.000,0.000,0.418,0.000,73.316,26.265
Cer77_rep3_Dep6_Tu0.1,0.000,0.000,0.000,0.000,0.000,0.000,0.000,0.000,0.000,0.000,1.692,0.000,73.206,25.101
Cer77_rep4_Dep6_Tu0.3,0.000,0.000,0.000,0.000,0.000,0.000,0.000,0.000,0.000,0.000,0.667,0.000,74.526,24.806
Cer77_rep6_Dep6_Tu2,0.000,0.000,0.000,0.000,0.000,0.000,0.000,0.000,0.000,0.000,1.063,0.000,69.208,29.728
Cer77_rep6_Dep6_Tu20,0.235,7.820,1.600,1.259,2.287,0.000,0.000,0.000,0.000,0.000,0.000,0.000,37.932,48.866
Cer77_rep9_Dep6_Tu40,1.511,8.162,3.417,5.639,11.760,0.000,0.000,0.000,0.000,0.000,0.000,0.000,15.366,54.144
Cer77_rep6_Dep6_Tu40,2.737,9.373,3.669,3.773,11.428,0.000,0.000,0.000,0.000,0.000,0.000,0.000,16.330,52.689
Cer77_rep8_Dep6_Tu5,0.000,0.000,0.018,0.000,0.000,0.000,0.000,0.000,0.000,0.000,0.305,0.000,64.645,35.031
Cer77_rep5_Dep6_Tu50,3.389,13.107,4.429,5.133,11.622,0.095,0.000,0.000,0.000,0.000,0.000,0.000,9.342,52.883
Cer77_rep1_Dep6_Tu30,1.129,5.747,3.429,2.365,7.233,0.000,0.000,0.000,0.000,0.000,0.000,0.000,21.983,58.115
Cer77_rep2_Dep6_Tu20,0.530,4.429,1.520,1.201,1.631,0.000,0.000,0.000,0.000,0.000,0.000,0.000,36.446,54.243
Cer77_rep4_Dep6_Tu0.5,0.000,0.000,0.000,0.000,0.000,0.000,0.000,0.000,0.000,0.000,1.734,0.000,73.544,24.722
Cer77_rep2_Dep6_Tu40,1.975,14.338,3.048,3.277,9.783,0.000,0.000,0.000,0.000,0.000,0.000,0.000,15.764,51.815
Cer77_rep8_Dep6_Tu30,1.333,6.077,3.517,2.014,8.784,0.000,0.000,0.000,0.000,0.000,0.000,0.000,22.715,55.559
Cer77_rep3_Dep6_Tu40,1.625,7.088,3.189,4.942,13.196,0.000,0.000,0.000,0.000,0.000,0.000,0.000,14.453,55.507
Cer77_rep4_Dep6_Tu0.1,0.000,0.000,0.000,0.000,0.000,0.000,0.000,0.000,0.000,0.000,1.148,0.000,73.507,25.343
Cer77_rep2_Dep6_Tu1,0.000,0.000,0.000,0.000,0.000,0.000,0.000,0.000,0.000,0.000,1.185,0.000,71.780,27.034
Cer77_rep3_Dep6_Tu3,0.000,0.000,0.000,0.000,0.000,0.000,0.000,0.000,0.000,0.000,0.144,0.000,67.649,32.206
Cer77_rep2_Dep6_Tu30,1.256,6.881,2.906,2.499,5.829,0.000,0.000,0.000,0.000,0.000,0.000,0.000,23.120,57.508
Cer77_rep9_Dep6_Tu30,0.668,5.210,3.677,2.476,13.503,0.000,0.000,0.000,0.000,0.000,0.000,0.000,22.557,51.907
Cer77_rep7_Dep6_Tu20,0.265,2.886,2.037,1.300,4.243,0.000,0.000,0.000,0.000,0.000,0.000,0.000,35.677,53.592
Cer77_rep6_Dep6_Tu1,0.000,0.000,0.000,0.000,0.000,0.000,0.000,0.000,0.000,0.000,0.785,0.000,73.558,25.656
Cer77_rep7_Dep6_Tu50,3.734,16.072,3.925,5.448,8.823,0.000,0.000,0.000,0.000,0.000,0.000,0.000,9.202,52.795
Cer77_rep3_Dep6_Tu5,0.000,0.000,0.002,0.000,0.023,0.000,0.000,0.000,0.000,0.000,0.138,0.000,64.912,34.924
Cer77_rep8_Dep6_Tu0.5,0.000,0.000,0.000,0.000,0.000,0.000,0.000,0.000,0.000,0.000,0.450,0.000,72.344,27.205
Cer77_rep9_Dep6_Tu0.3,0.000,0.000,0.000,0.000,0.000,0.000,0.000,0.000,0.000,0.000,0.754,0.000,73.227,26.018
Cer77_rep6_Dep6_Tu0.5,0.000,0.000,0.000,0.000,0.000,0.000,0.000,0.000,0.000,0.000,2.075,0.000,72.176,25.748
Cer77_rep7_Dep6_Tu1,0.000,0.000,0.000,0.000,0.000,0.000,0.000,0.000,0.000,0.000,0.568,0.000,73.989,25.442
Cer77_rep5_Dep6_Tu3,0.000,0.000,0.000,0.000,0.000,0.000,0.000,0.000,0.000,0.000,0.156,0.000,68.625,31.219
Cer77_rep10_Dep6_Tu3,0.000,0.000,0.000,0.000,0.000,0.000,0.000,0.000,0.000,0.000,0.241,0.000,69.564,30.193
Cer77_rep9_Dep6_Tu5,0.000,0.000,0.054,0.000,0.000,0.000,0.000,0.000,0.000,0.000,0.425,0.000,64.562,34.958
Cer77_rep10_Dep6_Tu20,0.161,5.681,1.411,1.885,3.587,0.000,0.000,0.000,0.000,0.000,0.000,0.000,35.373,51.901
Cer77_rep1_Dep6_Tu3,0.000,0.000,0.000,0.000,0.000,0.000,0.000,0.000,0.000,0.000,1.380,0.000,66.949,31.671
Cer77_rep5_Dep6_Tu2,0.000,0.000,0.000,0.000,0.000,0.000,0.000,0.000,0.000,0.000,0.864,0.000,68.274,30.861
Cer77_rep5_Dep6_Tu5,0.000,0.000,0.022,0.000,0.000,0.000,0.000,0.000,0.000,0.000,0.415,0.000,62.840,36.722
Cer77_rep8_Dep6_Tu2,0.000,0.000,0.000,0.000,0.000,0.000,0.000,0.000,0.000,0.000,2.052,0.000,68.228,29.719
Cer77_rep8_Dep6_Tu10,0.000,0.978,0.459,0.360,0.511,0.000,0.000,0.000,0.000,0.000,0.113,0.000,56.412,41.167
Cer77_rep10_Dep6_Tu30,1.411,8.015,2.712,2.136,7.309,0.000,0.000,0.000,0.000,0.000,0.000,0.000,23.855,54.562
Cer77_rep10_Dep6_Tu0.1,0.000,0.000,0.000,0.000,0.000,0.000,0.000,0.000,0.000,0.000,0.999,0.000,73.851,25.149
Cer77_rep6_Dep6_Tu3,0.000,0.000,0.000,0.000,0.000,0.000,0.000,0.000,0.000,0.000,0.234,0.000,70.023,29.742
Cer77_rep7_Dep6_Tu10,0.000,0.408,0.482,0.217,0.550,0.000,0.000,0.000,0.000,0.000,0.000,0.000,54.327,44.015
Cer77_rep1_Dep6_Tu0.1,0.000,0.000,0.000,0.000,0.000,0.000,0.000,0.000,0.000,0.000,0.657,0.000,76.331,23.011
Cer77_rep10_Dep6_Tu50,2.501,17.614,4.150,6.174,7.814,0.000,0.000,0.000,0.000,0.000,0.000,0.000,9.941,51.805
Cer77_rep3_Dep6_Tu2,0.000,0.000,0.000,0.000,0.000,0.000,0.000,0.000,0.000,0.000,1.028,0.000,69.813,29.158
Cer77_rep2_Dep6_Tu10,0.000,0.339,0.685,0.177,0.144,0.000,0.000,0.000,0.000,0.000,0.000,0.000,53.502,45.153
Cer77_rep4_Dep6_Tu5,0.000,0.000,0.023,0.009,0.000,0.000,0.000,0.000,0.000,0.000,0.614,0.000,62.815,36.539
Cer77_rep4_Dep6_Tu2,0.000,0.000,0.000,0.000,0.000,0.000,0.000,0.000,0.000,0.000,0.798,0.000,71.354,27.847
Cer77_rep8_Dep6_Tu3,0.000,0.000,0.000,0.000,0.000,0.000,0.000,0.000,0.000,0.000,0.260,0.000,69.320,30.419
Cer77_rep7_Dep6_Tu5,0.000,0.000,0.022,0.000,0.000,0.000,0.000,0.000,0.000,0.000,0.483,0.000,63.511,35.983
Cer77_rep4_Dep6_Tu3,0.000,0.000,0.000,0.000,0.000,0.000,0.000,0.000,0.000,0.000,0.377,0.000,68.103,31.519
Cer77_rep7_Dep6_Tu2,0.000,0.000,0.000,0.000,0.000,0.000,0.000,0.000,0.000,0.000,0.651,0.000,70.593,28.756
Cer77_rep10_Dep6_Tu40,3.365,11.650,2.990,3.857,10.819,0.000,0.000,0.000,0.000,0.000,0.000,0.000,15.585,51.734
Cer77_rep6_Dep6_Tu10,0.000,0.398,0.187,0.349,0.624,0.000,0.000,0.000,0.000,0.000,0.000,0.000,55.669,42.771
Cer77_rep6_Dep6_Tu50,2.329,13.283,4.460,5.521,11.914,0.003,0.000,0.000,0.000,0.000,0.000,0.000,9.215,53.274
Cer77_rep2_Dep6_Tu2,0.000,0.000,0.000,0.000,0.000,0.000,0.000,0.000,0.000,0.000,0.687,0.000,70.808,28.504
Cer77_rep1_Dep6_Tu5,0.000,0.000,0.008,0.000,0.000,0.000,0.000,0.000,0.000,0.000,0.100,0.000,65.002,34.889
Cer77_rep5_Dep6_Tu0.1,0.000,0.000,0.000,0.000,0.000,0.000,0.000,0.000,0.000,0.000,0.815,0.000,75.388,23.796
Cer77_rep9_Dep6_Tu50,4.531,10.631,4.891,5.196,10.792,0.000,0.000,0.000,0.000,0.000,0.000,0.000,8.949,55.009
Cer77_rep10_Dep6_Tu0.3,0.000,0.000,0.000,0.000,0.000,0.000,0.000,0.000,0.000,0.000,0.942,0.000,73.532,25.525
Cer77_rep3_Dep6_Tu0.3,0.000,0.000,0.000,0.000,0.000,0.000,0.000,0.000,0.000,0.000,0.500,0.000,72.749,26.750
Cer77_rep1_Dep6_Tu0.5,0.000,0.000,0.000,0.000,0.000,0.000,0.000,0.000,0.000,0.000,0.864,0.000,72.481,26.654
Cer77_rep4_Dep6_Tu1,0.000,0.000,0.000,0.000,0.000,0.000,0.000,0.000,0.000,0.000,1.969,0.000,71.702,26.328
Cer77_rep2_Dep6_Tu0.3,0.000,0.000,0.000,0.000,0.000,0.000,0.000,0.000,0.000,0.000,0.458,0.000,74.177,25.365
Cer77_rep10_Dep6_Tu10,0.000,0.183,0.430,0.223,0.377,0.000,0.000,0.000,0.000,0.000,0.000,0.000,51.927,46.859
Cer77_rep3_Dep6_Tu50,5.856,14.920,3.634,4.587,8.732,0.062,0.000,0.000,0.000,0.000,0.000,0.000,9.172,53.036
Cer77_rep3_Dep6_Tu0.5,0.000,0.000,0.000,0.000,0.000,0.000,0.000,0.000,0.000,0.000,2.830,0.000,72.182,24.987
Cer77_rep5_Dep6_Tu40,2.070,10.742,2.778,3.580,10.795,0.000,0.000,0.000,0.000,0.000,0.000,0.000,13.464,56.571
Cer77_rep9_Dep6_Tu2,0.000,0.000,0.000,0.000,0.000,0.000,0.000,0.000,0.000,0.000,0.270,0.000,71.292,28.436
Cer77_rep8_Dep6_Tu20,0.000,2.320,2.148,1.717,6.380,0.000,0.000,0.000,0.000,0.000,0.000,0.000,35.546,51.889
Cer77_rep7_Dep6_Tu0.5,0.000,0.000,0.000,0.000,0.000,0.000,0.000,0.000,0.000,0.000,0.255,0.000,73.883,25.861
Cer77_rep1_Dep6_Tu50,2.886,13.666,3.771,6.410,11.986,0.014,0.000,0.000,0.000,0.000,0.000,0.000,8.544,52.723
Cer77_rep10_Dep6_Tu1,0.000,0.000,0.000,0.000,0.000,0.000,0.000,0.000,0.000,0.000,0.584,0.000,73.298,26.118
Cer77_rep8_Dep6_Tu0.3,0.000,0.000,0.000,0.000,0.000,0.000,0.000,0.000,0.000,0.000,0.837,0.000,73.188,25.975
Cer77_rep4_Dep6_Tu20,0.403,5.099,1.217,1.407,7.169,0.000,0.000,0.000,0.000,0.000,0.000,0.000,34.709,49.994
Cer77_rep7_Dep6_Tu30,1.219,5.935,2.945,1.836,6.960,0.000,0.000,0.000,0.000,0.000,0.000,0.000,22.298,58.807
Cer77_rep7_Dep6_Tu40,1.747,7.954,3.307,4.102,16.392,0.000,0.000,0.000,0.000,0.000,0.000,0.000,13.919,52.580
Cer77_rep9_Dep6_Tu0.1,0.000,0.000,0.000,0.000,0.000,0.000,0.000,0.000,0.000,0.000,2.169,0.000,72.466,25.364
Cer77_rep5_Dep6_Tu20,0.344,5.870,1.577,1.271,7.101,0.000,0.000,0.000,0.000,0.000,0.000,0.000,37.349,46.489
Cer77_rep8_Dep6_Tu1,0.000,0.000,0.000,0.000,0.000,0.000,0.000,0.000,0.000,0.000,1.508,0.000,73.271,25.220
Cer77_rep6_Dep6_Tu0.1,0.000,0.000,0.000,0.000,0.000,0.000,0.000,0.000,0.000,0.000,0.799,0.000,74.570,24.630
Cer77_rep2_Dep6_Tu3,0.000,0.000,0.000,0.000,0.000,0.000,0.000,0.000,0.000,0.000,0.582,0.000,68.945,30.472
Cer77_rep1_Dep6_Tu0.3,0.000,0.000,0.000,0.000,0.000,0.000,0.000,0.000,0.000,0.000,2.067,0.000,72.008,25.924
Cer77_rep1_Dep6_Tu40,2.464,11.294,2.656,3.627,10.120,0.000,0.000,0.000,0.000,0.000,0.000,0.000,15.923,53.914
Cer77_rep6_Dep6_Tu30,1.440,7.910,1.852,3.088,7.064,0.000,0.000,0.000,0.000,0.000,0.000,0.000,23.355,55.291
Cer77_rep2_Dep6_Tu0.1,0.000,0.000,0.000,0.000,0.000,0.000,0.000,0.000,0.000,0.000,1.543,0.000,73.941,24.515
Cer77_rep1_Dep6_Tu20,0.014,4.729,1.761,1.884,5.422,0.000,0.000,0.000,0.000,0.000,0.000,0.000,36.603,49.586
Cer77_rep4_Dep6_Tu30,0.687,9.073,2.460,2.145,5.032,0.000,0.000,0.000,0.000,0.000,0.000,0.000,24.189,56.414
Cer77_rep10_Dep6_Tu0.5,0.000,0.000,0.000,0.000,0.000,0.000,0.000,0.000,0.000,0.000,1.003,0.000,73.627,25.370
Cer77_rep5_Dep6_Tu10,0.000,0.000,0.470,0.242,0.780,0.000,0.000,0.000,0.000,0.000,0.251,0.000,54.578,43.678
Cer77_rep9_Dep6_Tu1,0.000,0.000,0.000,0.000,0.000,0.000,0.000,0.000,0.000,0.000,0.527,0.000,73.223,26.249
Cer77_rep1_Dep6_Tu10,0.000,0.437,0.325,0.456,0.583,0.000,0.000,0.000,0.000,0.000,0.205,0.000,55.400,42.594
Cer77_rep8_Dep6_Tu0.1,0.000,0.000,0.000,0.000,0.000,0.000,0.000,0.000,0.000,0.000,2.219,0.000,72.419,25.361
Cer77_rep9_Dep6_Tu10,0.000,0.180,0.738,0.384,1.602,0.000,0.000,0.000,0.000,0.000,0.499,0.000,52.556,44.040
Cer77_rep7_Dep6_Tu0.1,0.000,0.000,0.000,0.000,0.000,0.000,0.000,0.000,0.000,0.000,0.391,0.000,73.544,26.064
