Sample,BRCA,CEAD,CESC,COAD,OV,READ,bcell,cd4tcell,cd8tcell,erythroblast,monocyte,naturalkillercell,neutrophil
Cer77_rep9_Dep6_Tu3,1.686,2.329,2.111,0.937,3.596,1.322,2.729,0.000,0.000,12.513,7.551,3.902,61.325
Cer77_rep5_Dep6_Tu30,2.636,12.238,4.980,8.396,6.142,0.000,2.860,15.473,0.000,3.171,4.538,1.330,38.236
Cer77_rep3_Dep6_Tu30,2.835,13.297,5.066,7.990,6.657,0.000,2.314,13.344,0.000,4.002,4.792,0.424,39.278
Cer77_rep8_Dep6_Tu50,3.740,17.437,6.558,11.169,7.356,0.000,1.839,23.369,0.000,0.000,3.201,0.324,25.008
Cer77_rep1_Dep6_Tu1,1.557,1.474,1.564,0.000,3.191,1.962,3.426,0.000,0.000,10.356,9.206,4.222,63.042
Cer77_rep7_Dep6_Tu3,1.740,3.219,2.073,0.303,3.293,1.924,3.303,0.000,0.000,10.291,8.867,3.234,61.752
Cer77_rep10_Dep6_Tu2,1.366,0.827,2.439,0.102,3.630,2.002,3.556,0.000,0.000,10.042,8.065,3.735,64.235
Cer77_rep2_Dep6_Tu0.5,1.081,0.718,1.635,0.000,3.700,1.803,2.941,0.000,0.000,12.050,6.966,3.964,65.144
Cer77_rep3_Dep6_Tu20,2.282,9.784,4.144,6.206,5.614,0.000,2.882,8.583,0.000,6.479,5.063,2.242,46.720
Cer77_rep1_Dep6_Tu2,1.630,1.689,1.896,0.000,3.565,2.098,2.901,0.000,0.000,11.492,7.531,4.125,63.074
Cer77_rep2_Dep6_Tu5,1.950,4.788,1.919,1.333,3.625,1.208,2.658,0.000,0.000,10.961,7.466,3.623,60.469
Cer77_rep5_Dep6_Tu0.5,1.542,0.226,1.471,0.000,3.437,2.199,3.075,0.000,0.000,11.181,7.409,3.906,65.553
Cer77_rep2_Dep6_Tu50,2.639,18.328,7.067,11.324,8.155,0.000,0.407,23.133,0.000,0.000,4.415,0.000,24.533
Cer77_rep9_Dep6_Tu0.5,1.117,0.000,1.804,0.000,3.920,2.048,2.772,0.000,0.000,11.834,8.196,3.474,64.835
Cer77_rep4_Dep6_Tu10,2.444,6.365,3.164,2.556,4.161,1.327,2.578,3.095,0.000,8.783,8.330,2.286,54.911
Cer77_rep9_Dep6_Tu20,2.275,8.654,4.009,6.671,5.583,0.000,2.916,9.771,0.000,5.618,5.655,2.095,46.752
Cer77_rep3_Dep6_Tu10,2.626,6.250,2.674,2.500,4.181,1.183,3.449,3.772,0.000,8.500,6.606,2.888,55.371
Cer77_rep6_Dep6_Tu5,2.105,4.413,2.182,0.326,3.356,1.606,3.212,0.000,0.000,10.579,7.846,3.824,60.551
Cer77_rep5_Dep6_Tu1,1.537,0.524,2.218,0.000,3.523,2.146,3.172,0.000,0.000,10.443,9.372,3.561,63.505
Cer77_rep5_Dep6_Tu0.3,1.512,0.170,1.893,0.000,2.827,2.245,3.399,0.000,0.000,10.999,8.744,3.716,64.494
Cer77_rep4_Dep6_Tu50,3.271,17.535,6.800,11.007,8.203,0.000,1.557,23.301,0.000,0.000,3.424,0.000,24.902
Cer77_rep6_Dep6_Tu0.3,1.384,0.061,1.953,0.000,2.726,1.824,3.104,0.000,0.000,12.061,7.792,4.187,64.908
Cer77_rep4_Dep6_Tu40,2.734,15.733,5.844,10.177,7.693,0.000,1.801,20.173,0.000,0.000,4.346,0.068,31.431
Cer77_rep10_Dep6_Tu5,1.854,4.828,1.677,1.098,3.878,1.374,3.531,0.041,0.000,11.186,7.447,3.043,60.043
Cer77_rep3_Dep6_Tu1,1.293,0.233,2.017,0.000,3.810,2.185,3.048,0.000,0.000,10.995,8.369,4.333,63.717
Cer77_rep8_Dep6_Tu40,3.214,13.728,6.351,10.290,8.228,0.000,1.465,20.978,0.000,0.000,4.113,0.184,31.449
Cer77_rep7_Dep6_Tu0.3,1.370,0.930,1.667,0.000,3.275,2.225,2.995,0.000,0.000,10.793,7.908,3.168,65.667
Cer77_rep3_Dep6_Tu0.1,1.278,0.757,1.677,0.000,3.650,2.056,2.691,0.000,0.000,10.464,9.431,3.935,64.060
Cer77_rep4_Dep6_Tu0.3,0.845,0.843,1.695,0.000,3.222,1.866,3.015,0.000,0.000,13.497,6.961,3.498,64.559
Cer77_rep6_Dep6_Tu2,1.683,2.005,1.749,0.000,3.446,1.991,3.058,0.000,0.000,10.376,9.033,3.471,63.189
Cer77_rep6_Dep6_Tu20,2.224,11.001,4.327,5.943,4.772,0.061,2.403,8.957,0.000,5.987,3.768,1.913,48.644
Cer77_rep9_Dep6_Tu40,2.909,14.672,6.029,10.964,6.623,0.000,1.552,20.323,0.000,0.000,3.677,0.641,32.608
Cer77_rep6_Dep6_Tu40,3.372,14.283,6.250,10.213,7.033,0.000,1.976,19.581,0.000,0.407,3.514,0.000,33.370
Cer77_rep8_Dep6_Tu5,2.348,4.168,2.039,0.000,3.505,1.813,3.559,0.000,0.878,9.672,8.112,3.501,60.405
Cer77_rep5_Dep6_Tu50,3.631,17.266,6.752,11.372,7.631,0.000,1.183,22.840,0.000,0.000,3.993,0.000,25.332
Cer77_rep1_Dep6_Tu30,2.681,12.901,5.589,9.378,5.943,0.000,2.320,15.594,0.000,1.355,3.692,1.354,39.193
Cer77_rep2_Dep6_Tu20,2.279,10.141,3.866,5.586,5.000,0.000,2.929,9.085,0.000,6.838,5.809,2.016,46.451
Cer77_rep4_Dep6_Tu0.5,1.684,1.036,1.280,0.000,3.315,2.393,3.254,0.000,0.000,10.439,8.657,3.611,64.331
Cer77_rep2_Dep6_Tu40,3.495,16.421,6.261,9.930,6.252,0.000,1.746,18.860,0.000,0.000,4.646,0.637,31.751
Cer77_rep8_Dep6_Tu30,3.435,12.973,5.242,8.168,6.727,0.000,2.595,13.573,0.000,3.375,4.559,1.495,37.857
Cer77_rep3_Dep6_Tu40,3.672,15.071,6.011,10.555,6.790,0.000,1.457,18.712,0.000,0.172,4.644,0.939,31.979
Cer77_rep4_Dep6_Tu0.1,1.742,0.000,1.650,0.000,2.885,2.151,3.622,0.000,0.000,11.237,8.014,3.452,65.247
Cer77_rep2_Dep6_Tu1,1.353,1.162,1.779,0.000,3.231,2.043,3.226,0.000,0.000,11.912,8.624,3.037,63.632
Cer77_rep3_Dep6_Tu3,1.775,3.663,1.498,0.000,3.000,1.837,3.236,0.000,0.000,11.277,7.254,3.920,62.539
Cer77_rep2_Dep6_Tu30,3.021,12.792,4.960,8.712,5.426,0.000,1.584,15.066,0.000,3.377,4.497,2.035,38.532
Cer77_rep9_Dep6_Tu30,2.272,13.173,5.478,8.439,6.399,0.000,2.068,13.088,0.000,3.446,5.468,1.835,38.333
Cer77_rep7_Dep6_Tu20,2.637,9.833,3.931,6.044,5.934,0.347,1.834,9.893,0.000,5.527,6.423,1.645,45.952
Cer77_rep6_Dep6_Tu1,1.121,0.904,1.881,0.000,3.707,1.968,2.773,0.000,0.000,11.264,7.695,3.916,64.771
Cer77_rep7_Dep6_Tu50,3.638,17.209,6.775,11.423,7.552,0.000,0.760,23.728,0.000,0.000,4.173,0.014,24.729
Cer77_rep3_Dep6_Tu5,1.506,4.011,2.013,1.068,4.460,1.343,2.860,0.000,0.561,10.766,7.378,4.092,59.943
Cer77_rep8_Dep6_Tu0.5,1.620,1.662,1.559,0.000,3.113,1.596,3.348,0.000,0.000,11.305,7.000,3.656,65.142
Cer77_rep9_Dep6_Tu0.3,1.233,0.499,1.498,0.000,3.113,1.898,3.331,0.000,0.000,12.080,7.046,3.461,65.842
Cer77_rep6_Dep6_Tu0.5,1.820,0.950,1.519,0.000,2.988,1.942,3.476,0.000,0.000,10.622,7.758,3.750,65.175
Cer77_rep7_Dep6_Tu1,1.255,0.436,1.799,0.000,3.950,1.770,3.231,0.000,0.000,11.701,7.112,3.597,65.149
Cer77_rep5_Dep6_Tu3,1.179,2.573,2.191,0.441,3.274,1.699,2.324,0.000,0.000,12.568,7.073,3.811,62.868
Cer77_rep10_Dep6_Tu3,2.290,3.485,1.695,0.000,3.350,1.864,3.436,0.000,0.000,11.314,6.928,2.932,62.709
Cer77_rep9_Dep6_Tu5,1.948,3.423,2.696,0.650,4.133,1.826,3.383,0.562,0.000,9.505,8.816,3.522,59.535
Cer77_rep10_Dep6_Tu20,1.762,10.991,3.651,6.875,5.715,0.059,2.266,9.144,0.000,5.790,6.405,2.193,45.150
Cer77_rep1_Dep6_Tu3,1.500,3.197,2.096,0.060,2.843,1.922,3.275,0.000,0.000,10.677,9.263,3.318,61.849
Cer77_rep5_Dep6_Tu2,1.427,2.662,2.017,0.000,3.199,1.677,3.198,0.000,0.000,11.336,7.566,3.110,63.808
Cer77_rep5_Dep6_Tu5,1.830,3.610,2.464,0.525,3.610,1.787,3.379,1.693,0.011,10.067,7.733,3.223,60.066
Cer77_rep8_Dep6_Tu2,1.469,1.065,1.870,0.000,3.575,2.185,2.916,0.000,0.000,12.302,8.095,4.260,62.263
Cer77_rep8_Dep6_Tu10,2.172,6.589,2.622,3.363,3.729,0.967,3.081,2.453,1.028,7.586,7.458,3.397,55.556
Cer77_rep10_Dep6_Tu30,2.817,13.047,5.470,8.020,6.084,0.000,2.002,15.447,0.000,2.311,4.340,1.398,39.064
Cer77_rep10_Dep6_Tu0.1,1.649,0.236,1.711,0.000,2.974,2.044,3.112,0.000,0.000,11.339,8.337,3.995,64.604
Cer77_rep6_Dep6_Tu3,2.024,2.584,1.596,0.315,3.567,1.956,3.192,0.000,0.000,10.826,8.079,3.139,62.723
Cer77_rep7_Dep6_Tu10,1.569,5.541,3.035,2.907,4.716,1.212,2.889,4.380,0.000,8.281,6.666,2.845,55.960
Cer77_rep1_Dep6_Tu0.1,1.440,0.415,1.550,0.000,3.290,1.983,2.737,0.000,0.000,11.957,7.248,3.764,65.615
Cer77_rep10_Dep6_Tu50,2.772,18.423,6.880,11.818,7.919,0.000,0.716,22.778,0.000,0.000,3.602,0.000,25.091
Cer77_rep3_Dep6_Tu2,1.656,2.182,2.110,0.000,3.639,1.977,3.934,0.000,0.000,9.759,8.595,3.286,62.863
Cer77_rep2_Dep6_Tu10,2.180,6.256,3.328,2.714,4.380,0.694,3.347,4.016,0.000,9.659,5.910,2.116,55.399
Cer77_rep4_Dep6_Tu5,2.076,3.422,2.471,0.973,3.698,1.839,3.367,1.424,0.000,9.913,8.277,3.095,59.445
Cer77_rep4_Dep6_Tu2,1.468,2.639,1.720,0.000,4.131,2.103,2.933,0.000,0.159,9.598,7.823,3.973,63.454
Cer77_rep8_Dep6_Tu3,1.875,3.362,1.794,0.038,3.675,1.739,3.009,0.000,0.000,11.186,7.135,3.909,62.279
Cer77_rep7_Dep6_Tu5,2.291,3.582,2.540,0.421,3.717,1.759,2.969,1.418,0.000,9.994,8.853,3.126,59.330
Cer77_rep4_Dep6_Tu3,2.072,2.386,2.195,0.349,3.766,1.845,2.570,0.000,0.000,10.094,8.153,4.471,62.098
Cer77_rep7_Dep6_Tu2,1.603,2.065,1.624,0.000,3.020,1.979,3.020,0.000,0.000,11.040,8.377,3.741,63.531
Cer77_rep10_Dep6_Tu40,3.785,15.339,5.815,9.814,7.140,0.000,1.888,20.524,0.000,0.000,3.251,0.373,32.072
Cer77_rep6_Dep6_Tu10,1.574,5.966,2.448,3.731,4.604,0.809,2.730,1.198,1.543,9.937,6.567,2.963,55.930
Cer77_rep6_Dep6_Tu50,2.850,17.574,7.083,11.578,7.386,0.000,1.032,22.716,0.000,0.000,3.589,0.000,26.192
Cer77_rep2_Dep6_Tu2,1.838,1.884,1.606,0.000,3.776,1.995,3.222,0.000,0.000,10.450,9.644,3.312,62.273
Cer77_rep1_Dep6_Tu5,2.055,4.252,2.017,0.087,3.632,1.873,3.346,0.182,1.280,10.300,7.181,3.860,59.935
Cer77_rep5_Dep6_Tu0.1,1.605,0.000,1.665,0.000,3.140,2.136,3.049,0.000,0.000,11.726,8.023,3.561,65.095
Cer77_rep9_Dep6_Tu50,2.818,16.942,7.270,11.593,8.102,0.000,0.923,22.911,0.000,0.000,3.626,0.000,25.814
Cer77_rep10_Dep6_Tu0.3,1.551,0.243,1.570,0.000,3.227,1.829,2.925,0.000,0.000,12.177,7.076,3.910,65.492
Cer77_rep3_Dep6_Tu0.3,1.538,1.502,1.413,0.000,3.131,1.623,3.387,0.000,0.000,11.510,6.975,3.701,65.219
Cer77_rep1_Dep6_Tu0.5,1.290,1.277,1.667,0.000,3.157,1.713,3.377,0.000,0.000,11.709,8.378,3.227,64.205
Cer77_rep4_Dep6_Tu1,1.670,1.068,1.887,0.000,3.539,2.204,3.078,0.000,0.000,9.071,9.106,3.829,64.547
Cer77_rep2_Dep6_Tu0.3,1.633,1.443,1.566,0.000,2.961,1.938,2.732,0.000,0.000,11.283,7.537,3.925,64.982
Cer77_rep10_Dep6_Tu10,1.680,5.555,3.221,2.515,4.876,1.094,2.987,3.370,0.264,9.492,7.384,3.045,54.516
Cer77_rep3_Dep6_Tu50,3.844,17.553,6.743,10.874,8.247,0.000,1.149,23.455,0.000,0.000,3.847,0.000,24.288
Cer77_rep3_Dep6_Tu0.5,1.331,0.156,2.099,0.000,2.885,1.835,3.090,0.000,0.000,11.817,8.014,4.120,64.654
Cer77_rep5_Dep6_Tu40,3.370,15.550,5.594,10.118,6.966,0.000,1.788,20.438,0.000,0.000,4.144,1.101,30.931
Cer77_rep9_Dep6_Tu2,1.496,1.511,1.865,0.000,3.921,1.870,3.335,0.000,0.000,11.783,7.733,2.854,63.631
Cer77_rep8_Dep6_Tu20,2.002,10.037,4.231,7.068,4.855,0.120,2.182,8.338,0.920,5.821,5.432,1.997,46.996
Cer77_rep7_Dep6_Tu0.5,1.407,2.175,1.424,0.000,3.071,1.938,3.391,0.000,0.000,10.521,6.580,3.866,65.628
Cer77_rep1_Dep6_Tu50,3.454,17.648,6.784,11.521,7.265,0.000,1.424,23.610,0.000,0.000,2.923,0.000,25.371
Cer77_rep10_Dep6_Tu1,1.608,1.261,1.666,0.000,3.634,1.821,2.564,0.000,0.000,11.086,7.484,4.233,64.643
Cer77_rep8_Dep6_Tu0.3,1.244,0.374,1.510,0.000,3.031,1.930,3.332,0.000,0.000,12.191,7.108,3.458,65.821
Cer77_rep4_Dep6_Tu20,2.596,9.999,3.728,6.655,4.997,0.260,2.751,9.063,1.059,4.662,5.655,1.870,46.706
Cer77_rep7_Dep6_Tu30,2.739,12.878,5.445,8.309,5.830,0.000,2.508,15.108,0.000,2.712,4.535,0.718,39.218
Cer77_rep7_Dep6_Tu40,2.925,15.582,6.252,10.061,7.776,0.000,2.151,19.573,0.000,0.120,3.854,0.219,31.489
Cer77_rep9_Dep6_Tu0.1,1.293,1.276,1.712,0.000,2.864,2.128,3.351,0.000,0.000,10.468,9.001,3.967,63.941
Cer77_rep5_Dep6_Tu20,2.907,10.517,4.242,6.219,5.361,0.433,2.324,9.575,0.000,3.893,7.198,2.127,45.204
Cer77_rep8_Dep6_Tu1,1.806,0.507,1.623,0.000,3.848,2.204,3.021,0.000,0.000,10.583,8.664,3.664,64.081
Cer77_rep6_Dep6_Tu0.1,1.650,0.457,1.347,0.000,3.033,2.142,3.295,0.000,0.000,11.568,8.422,3.674,64.411
Cer77_rep2_Dep6_Tu3,1.832,3.129,1.826,0.000,3.105,2.002,3.277,0.000,0.000,11.106,8.481,3.240,62.003
Cer77_rep1_Dep6_Tu0.3,0.879,0.905,1.858,0.000,2.839,2.223,3.429,0.000,0.000,10.807,9.867,3.659,63.534
Cer77_rep1_Dep6_Tu40,3.855,16.127,5.467,9.920,6.681,0.000,1.607,19.966,0.000,0.029,4.016,0.371,31.962
Cer77_rep6_Dep6_Tu30,3.680,12.173,4.934,8.508,5.941,0.168,2.069,16.030,0.000,1.613,4.877,0.932,39.075
Cer77_rep2_Dep6_Tu0.1,1.034,0.731,1.804,0.000,3.773,1.864,2.557,0.000,0.000,11.149,8.671,4.180,64.237
Cer77_rep1_Dep6_Tu20,2.129,10.165,4.229,6.538,5.597,0.000,2.156,8.237,0.000,5.819,6.577,1.925,46.629
Cer77_rep4_Dep6_Tu30,2.186,13.755,4.458,7.925,6.791,0.000,2.075,14.838,0.000,4.662,3.765,1.173,38.371
Cer77_rep10_Dep6_Tu0.5,1.046,0.854,1.794,0.000,3.650,2.005,3.183,0.000,0.000,11.630,7.974,3.656,64.206
Cer77_rep5_Dep6_Tu10,1.718,4.605,3.111,4.064,4.890,0.607,2.592,2.088,0.000,9.370,7.571,3.653,55.730
Cer77_rep9_Dep6_Tu1,1.979,0.585,1.922,0.000,3.758,1.978,2.739,0.000,0.000,11.507,7.704,3.944,63.885
Cer77_rep1_Dep6_Tu10,2.286,6.916,2.953,3.467,3.963,0.980,2.746,1.447,2.276,7.318,7.963,2.061,55.626
Cer77_rep8_Dep6_Tu0.1,1.320,1.551,1.550,0.000,2.917,1.723,3.468,0.000,0.000,11.287,8.523,3.786,63.873
Cer77_rep9_Dep6_Tu10,1.872,6.526,2.808,2.892,4.316,1.200,2.803,1.792,0.000,9.560,7.978,3.639,54.614
Cer77_rep7_Dep6_Tu0.1,1.334,0.000,1.657,0.000,3.706,2.026,3.136,0.000,0.000,11.762,7.678,3.002,65.699
