Sample,BRCA,CEAD,CESC,COAD,OV,READ,bcell,cd4tcell,cd8tcell,erythroblast,monocyte,naturalkillercell,neutrophil,Unknown-1,Unknown-2,Unknown-3,Unknown-4,Unknown-5,Unknown-6,Unknown-7,Unknown-8,Unknown-9,Unknown-10
Br66_rep4_Dep6_Tu50,15.798,1.164,8.413,2.829,2.458,0.918,1.701,3.067,4.125,2.364,1.836,1.755,1.816,4.788,1.038,4.060,1.146,3.906,4.046,0.456,29.944,2.232,0.140
Br66_rep3_Dep6_Tu0.5,0.099,1.179,0.309,0.002,1.248,0.033,1.955,5.795,1.102,1.663,3.737,2.745,6.346,10.086,16.791,4.872,16.263,1.138,3.338,7.955,0.841,1.178,11.325
Br66_rep2_Dep6_Tu3,0.335,1.614,0.574,0.025,1.909,0.009,2.563,4.402,2.619,2.967,4.707,0.618,6.911,2.243,6.838,3.163,7.605,13.790,10.315,9.274,1.510,11.872,4.137
Br66_rep6_Dep6_Tu40,13.535,8.304,2.251,3.031,2.352,0.134,1.766,3.237,0.548,1.436,3.738,2.509,2.592,4.509,0.861,0.144,5.817,4.536,3.734,0.723,24.011,6.538,3.692
Br66_rep9_Dep6_Tu0.1,0.273,0.739,0.297,0.003,0.895,0.063,1.688,1.663,4.408,4.879,3.926,2.411,10.593,5.114,10.807,7.197,3.253,8.187,3.877,19.143,0.518,5.879,4.188
Br66_rep9_Dep6_Tu5,1.123,2.750,1.051,0.143,2.193,0.086,2.782,0.921,1.533,2.059,5.246,3.657,2.901,8.823,4.829,5.649,13.005,0.651,0.629,15.459,2.639,14.394,7.477
Br66_rep10_Dep6_Tu1,0.284,1.014,0.519,0.009,1.954,0.025,1.885,2.029,3.699,5.459,2.343,1.417,19.686,1.925,11.831,4.607,2.286,2.179,5.304,16.373,1.253,5.651,8.269
Br66_rep6_Dep6_Tu20,4.957,2.385,4.252,1.377,2.556,0.336,2.199,5.258,1.995,0.430,4.105,1.955,6.785,3.559,4.586,11.286,5.199,7.484,0.738,0.428,11.504,9.780,6.845
Br66_rep10_Dep6_Tu30,8.667,4.591,4.151,1.701,3.406,0.385,3.253,1.610,3.082,1.344,1.926,2.484,7.086,3.498,8.403,12.814,0.280,3.387,1.262,1.867,16.521,3.771,4.513
Br66_rep10_Dep6_Tu5,1.622,0.691,1.635,0.144,1.396,0.048,0.886,1.740,4.229,4.392,5.334,2.191,6.274,4.186,1.103,8.967,1.620,11.569,8.094,5.400,1.070,11.671,15.738
Br66_rep7_Dep6_Tu1,0.206,2.009,0.011,0.003,2.910,0.064,2.195,4.741,1.500,1.360,0.129,3.114,11.520,14.023,8.075,4.011,0.002,4.804,6.662,13.184,0.680,2.000,16.797
Br66_rep6_Dep6_Tu0.3,0.101,0.585,0.067,0.010,0.804,0.043,2.473,0.056,4.060,3.942,6.399,2.494,8.353,8.256,20.511,3.709,13.967,1.256,4.055,1.875,0.762,6.368,9.851
Br66_rep1_Dep6_Tu30,6.698,2.770,6.280,1.832,4.114,0.212,2.456,1.035,3.094,4.098,2.369,1.960,1.043,1.067,3.881,10.971,10.564,0.111,1.265,4.847,18.106,9.418,1.810
Br66_rep3_Dep6_Tu1,0.319,0.658,0.198,0.013,0.151,0.073,2.931,2.696,0.502,3.874,6.052,3.003,11.701,5.132,10.818,0.774,9.900,4.740,11.480,14.791,1.267,4.983,3.942
Br66_rep3_Dep6_Tu30,5.034,5.379,4.430,1.571,2.223,0.595,1.559,4.256,4.432,3.006,2.785,1.553,0.253,1.093,0.307,13.059,13.541,3.142,2.852,3.194,19.755,4.980,0.998
Br66_rep9_Dep6_Tu1,0.184,1.095,0.373,0.001,2.207,0.038,1.617,3.704,3.014,3.534,4.687,1.978,7.708,8.459,0.925,13.148,1.237,1.583,2.994,13.159,1.328,1.701,25.327
Br66_rep9_Dep6_Tu40,11.682,9.080,0.853,2.896,3.185,0.507,1.267,0.393,3.940,2.384,2.881,3.402,4.418,1.599,5.403,0.608,1.106,2.831,7.524,2.418,26.179,3.463,1.983
Br66_rep5_Dep6_Tu1,0.291,0.999,0.658,0.018,1.742,0.071,1.826,5.944,0.634,0.049,6.612,2.800,2.901,10.558,7.737,1.364,8.831,3.902,1.683,20.432,1.323,9.817,9.808
Br66_rep2_Dep6_Tu5,0.889,0.473,0.859,0.094,3.266,0.161,1.971,2.366,4.428,0.211,6.234,2.562,1.867,7.879,6.756,0.824,13.340,11.919,6.761,5.657,2.412,4.903,14.168
Br66_rep5_Dep6_Tu30,7.597,2.417,5.424,1.577,3.387,0.586,1.560,3.409,3.053,3.354,4.737,2.238,5.464,10.546,0.265,5.090,2.475,1.474,1.626,5.086,18.621,3.777,6.235
Br66_rep7_Dep6_Tu50,13.215,4.070,7.577,3.199,3.824,0.456,2.989,3.501,3.784,1.005,0.083,2.377,1.898,2.047,2.284,2.001,2.297,5.164,2.524,0.560,30.376,3.668,1.102
Br66_rep4_Dep6_Tu40,6.577,5.347,7.029,2.541,4.417,0.121,3.406,0.917,2.550,3.395,0.919,2.602,3.238,5.148,2.215,4.925,6.648,2.443,3.054,0.376,26.421,5.308,0.403
Br66_rep8_Dep6_Tu5,0.781,3.443,0.877,0.139,0.473,0.407,1.648,1.947,4.420,2.069,4.501,2.848,11.920,15.593,3.852,2.392,3.756,10.630,9.718,2.590,1.927,10.063,4.007
Br66_rep9_Dep6_Tu2,0.449,0.529,0.786,0.026,1.786,0.126,1.008,4.466,3.525,1.897,3.708,2.448,0.255,9.711,0.623,10.704,16.885,4.852,2.596,9.560,0.475,4.658,18.929
Br66_rep6_Dep6_Tu30,9.229,0.066,4.919,1.723,1.134,0.483,1.522,5.415,3.686,0.051,5.450,3.066,0.675,0.778,9.618,3.555,2.932,11.375,9.118,3.092,18.860,2.935,0.320
Br66_rep4_Dep6_Tu0.1,0.165,1.426,0.019,0.002,1.628,0.010,2.155,2.391,4.370,2.833,2.961,1.517,5.828,8.916,2.844,13.395,1.976,8.624,2.272,4.220,0.129,13.543,18.775
Br66_rep5_Dep6_Tu10,2.118,1.769,2.637,0.404,1.094,0.157,1.210,0.381,2.634,6.278,6.648,2.188,12.123,1.432,1.587,10.899,14.375,6.351,6.398,1.694,6.531,1.724,9.369
Br66_rep3_Dep6_Tu40,16.944,0.886,4.930,3.280,4.636,0.260,2.084,0.858,2.405,1.750,3.375,1.925,0.962,9.215,5.356,0.344,0.884,4.836,6.444,2.325,21.216,2.180,2.905
Br66_rep9_Dep6_Tu0.5,0.148,0.810,0.345,0.005,1.173,0.009,1.916,3.312,2.795,2.400,3.922,1.522,13.715,0.820,6.710,2.757,12.594,2.166,8.151,4.988,0.621,27.530,1.592
Br66_rep8_Dep6_Tu2,0.075,1.718,0.438,0.023,1.635,0.001,2.053,5.931,1.031,2.005,1.748,3.220,4.397,7.875,13.846,0.917,9.361,4.004,12.057,14.600,1.443,9.981,1.643
Br66_rep10_Dep6_Tu2,0.180,1.652,0.518,0.004,2.889,0.136,1.538,2.391,5.147,0.801,3.864,2.785,6.969,6.132,1.860,8.084,5.259,0.978,8.594,12.660,0.143,10.100,17.314
Br66_rep6_Dep6_Tu0.1,0.126,1.446,0.145,0.002,2.217,0.048,2.174,5.997,2.961,0.279,1.739,2.311,8.073,8.172,0.716,3.942,0.235,13.062,2.824,9.882,0.393,1.667,31.591
Br66_rep5_Dep6_Tu0.5,0.207,1.654,0.075,0.005,2.472,0.045,1.063,3.798,0.445,0.204,6.389,3.436,6.133,8.601,7.071,3.165,4.819,3.406,10.299,6.096,0.990,17.091,12.538
Br66_rep2_Dep6_Tu20,5.827,2.342,4.604,1.410,2.325,0.216,3.451,4.657,0.755,0.448,3.210,3.010,4.884,15.395,5.350,1.449,3.729,6.048,12.212,5.059,10.088,0.396,3.134
Br66_rep4_Dep6_Tu0.5,0.262,1.186,0.141,0.008,2.133,0.032,1.326,1.286,4.027,4.230,5.785,1.755,4.268,8.753,17.966,7.213,4.376,9.334,7.937,3.653,0.630,0.499,13.197
Br66_rep4_Dep6_Tu5,0.336,2.725,0.862,0.020,2.050,0.079,0.010,2.152,2.624,4.215,4.900,3.926,11.488,2.910,0.584,5.798,8.548,10.716,1.119,23.112,4.446,0.797,6.583
Br66_rep8_Dep6_Tu0.5,0.231,1.555,0.196,0.004,1.016,0.036,1.922,3.015,2.850,3.509,4.494,2.283,7.032,6.756,6.721,10.175,3.186,5.077,11.392,6.162,0.203,6.382,15.803
Br66_rep5_Dep6_Tu20,4.211,2.873,2.325,0.866,3.565,0.323,1.435,6.343,2.427,1.881,3.192,3.348,1.002,8.087,7.303,8.498,3.447,2.862,1.909,13.411,13.302,0.390,7.000
Br66_rep1_Dep6_Tu3,0.469,1.516,0.670,0.081,1.618,0.019,1.818,4.875,2.005,4.154,3.717,1.468,9.982,2.769,12.937,11.851,1.389,1.015,5.377,5.906,1.264,6.766,18.332
Br66_rep10_Dep6_Tu10,2.116,2.965,2.778,0.479,0.543,0.166,3.739,3.160,1.675,3.584,1.053,3.102,4.936,5.555,5.314,9.269,9.045,6.918,4.935,12.977,4.047,3.580,8.064
Br66_rep3_Dep6_Tu10,1.429,1.857,1.390,0.143,2.811,0.255,2.805,5.212,4.050,0.318,2.790,2.815,3.975,1.806,7.004,1.614,1.613,12.436,9.389,10.093,6.557,0.915,18.721
Br66_rep10_Dep6_Tu40,13.030,5.189,4.508,3.232,0.736,0.429,2.916,2.736,0.203,3.462,2.447,2.700,3.775,4.706,3.257,2.690,4.327,12.277,4.253,0.547,21.512,0.770,0.298
Br66_rep1_Dep6_Tu50,12.902,0.292,9.731,3.164,3.997,0.929,3.553,2.769,3.456,2.566,0.360,2.891,1.548,3.807,1.344,0.059,2.773,2.004,4.400,2.060,32.770,2.160,0.466
Br66_rep10_Dep6_Tu0.5,0.025,1.341,0.343,0.011,2.455,0.058,0.071,2.769,4.461,3.883,5.227,1.310,5.540,4.575,7.089,4.403,5.267,13.875,4.230,10.210,0.288,6.539,16.029
Br66_rep1_Dep6_Tu0.3,0.102,1.785,0.263,0.009,1.380,0.035,2.484,0.277,1.394,0.954,8.577,4.084,0.321,7.576,8.484,12.589,3.872,8.299,14.804,4.386,0.030,14.850,3.443
Br66_rep10_Dep6_Tu0.1,0.214,1.503,0.232,0.007,0.316,0.085,0.630,4.600,1.802,3.326,5.556,2.859,7.760,12.432,0.538,2.077,1.373,8.096,16.103,10.657,0.307,6.290,13.239
Br66_rep8_Dep6_Tu40,9.498,6.544,6.326,2.157,4.405,0.512,1.867,3.569,0.576,1.208,1.231,2.828,3.834,6.303,4.062,1.909,3.629,1.044,0.646,3.286,26.193,7.443,0.931
Br66_rep3_Dep6_Tu20,4.894,3.485,3.301,0.466,2.658,0.264,0.737,2.611,3.193,2.879,4.084,2.623,3.683,3.064,2.443,8.110,11.011,4.292,3.526,6.200,11.932,11.632,2.914
Br66_rep9_Dep6_Tu0.3,0.081,0.734,0.122,0.005,1.833,0.056,2.284,2.981,3.005,3.435,3.802,1.962,10.096,7.404,4.381,1.058,10.160,9.442,9.808,8.305,0.301,4.940,13.804
Br66_rep7_Dep6_Tu0.3,0.074,0.698,0.134,0.010,0.798,0.037,1.820,3.017,3.429,3.911,4.569,1.386,7.881,4.555,1.548,7.548,21.647,10.796,9.313,7.341,0.608,2.760,6.120
Br66_rep5_Dep6_Tu2,0.198,1.983,0.405,0.011,2.484,0.124,0.966,0.819,5.396,0.861,6.504,2.421,14.794,7.489,6.622,2.738,6.962,10.298,6.516,10.576,1.180,9.612,1.042
Br66_rep5_Dep6_Tu0.3,0.034,1.123,0.138,0.006,2.516,0.071,1.609,5.617,1.170,1.789,6.559,1.638,16.615,0.956,22.806,1.941,2.224,12.213,1.060,5.943,0.834,0.143,12.996
Br66_rep6_Dep6_Tu5,1.236,0.230,1.422,0.097,2.453,0.295,3.469,3.337,1.523,2.794,4.131,1.951,12.569,3.872,4.234,10.587,2.967,14.750,3.517,6.067,1.311,8.152,9.036
Br66_rep5_Dep6_Tu3,0.137,0.781,0.374,0.036,2.548,0.052,2.356,2.651,4.845,1.685,2.325,2.197,9.960,2.289,0.543,8.624,17.452,0.684,8.616,0.480,2.332,11.925,17.108
Br66_rep1_Dep6_Tu5,0.884,2.017,0.537,0.140,0.773,0.233,0.980,3.205,4.141,3.508,4.350,2.234,10.756,8.641,1.018,17.089,1.065,8.488,1.169,6.220,2.051,9.896,10.604
Br66_rep6_Dep6_Tu10,1.134,4.632,1.197,0.254,2.496,0.291,2.037,1.954,1.903,3.250,4.939,2.848,10.020,12.507,0.074,0.631,12.186,11.950,1.807,5.338,6.675,3.474,8.402
Br66_rep3_Dep6_Tu5,0.240,2.126,0.908,0.060,2.638,0.014,2.935,0.256,0.442,5.708,5.815,2.492,4.416,3.151,14.851,0.315,11.144,2.785,11.436,0.684,3.454,6.267,17.860
Br66_rep1_Dep6_Tu1,0.311,0.202,0.342,0.030,3.535,0.032,0.148,6.103,0.542,3.169,4.478,2.971,13.985,3.803,7.356,11.866,5.543,12.906,5.200,11.928,0.147,4.076,1.326
Br66_rep4_Dep6_Tu30,6.016,3.143,6.405,1.987,0.237,0.665,1.935,4.012,3.754,4.261,2.013,1.816,1.058,7.387,4.915,1.878,8.940,8.038,1.204,1.688,18.255,8.322,2.072
Br66_rep8_Dep6_Tu20,2.496,5.434,3.213,1.271,3.300,0.375,0.763,0.210,4.827,3.056,3.622,2.047,5.900,5.287,16.582,0.766,10.634,5.156,5.731,2.306,10.988,5.901,0.134
Br66_rep4_Dep6_Tu10,0.518,3.004,2.793,0.361,0.576,0.232,3.568,0.290,2.446,4.253,5.243,1.582,6.429,2.925,8.216,7.748,16.276,4.894,7.015,1.415,5.779,11.722,2.716
Br66_rep2_Dep6_Tu1,0.503,0.878,0.054,0.008,0.403,0.143,2.124,4.410,3.646,0.351,6.272,1.884,8.140,5.917,0.970,12.211,10.677,11.198,1.278,11.234,0.428,10.764,6.508
Br66_rep6_Dep6_Tu2,0.303,0.681,0.534,0.002,2.093,0.142,1.829,3.306,3.988,2.947,6.177,0.804,10.746,7.746,5.006,5.264,3.861,8.960,9.205,17.750,1.381,3.118,4.158
Br66_rep6_Dep6_Tu0.5,0.152,1.766,0.299,0.009,0.448,0.112,1.661,3.636,3.342,4.014,4.721,0.985,11.036,16.173,2.521,2.547,6.419,1.496,0.439,24.804,0.873,7.849,4.697
Br66_rep5_Dep6_Tu0.1,0.094,1.109,0.244,0.008,1.176,0.088,2.420,4.424,2.672,2.172,2.958,2.101,12.512,10.689,6.025,2.824,2.338,1.139,13.495,4.897,0.193,3.439,22.982
Br66_rep2_Dep6_Tu2,0.230,2.076,0.390,0.087,1.606,0.000,1.561,3.170,2.475,3.821,3.443,2.076,10.627,1.030,6.933,23.656,4.313,0.604,5.936,3.999,0.251,11.649,10.067
Br66_rep10_Dep6_Tu50,18.185,9.695,0.730,3.455,2.712,0.647,2.116,4.870,0.448,2.428,2.285,1.648,0.884,0.464,2.873,3.281,0.630,7.367,2.906,0.333,28.520,3.165,0.357
Br66_rep7_Dep6_Tu3,0.246,2.698,0.639,0.042,0.462,0.024,3.371,2.622,2.254,0.494,7.283,2.444,11.415,9.547,9.003,2.595,11.095,4.797,1.430,8.171,2.670,2.378,14.320
Br66_rep7_Dep6_Tu10,3.914,2.804,2.065,0.387,1.916,0.235,0.960,4.666,1.526,3.004,2.340,1.752,11.005,0.424,10.535,2.599,16.185,4.187,1.634,0.114,2.466,18.965,6.317
Br66_rep2_Dep6_Tu0.5,0.233,0.612,0.329,0.002,2.499,0.046,1.242,1.247,5.104,0.129,4.152,3.318,11.702,0.362,3.535,4.642,9.318,5.644,10.046,8.009,0.187,17.436,10.203
Br66_rep5_Dep6_Tu50,14.825,2.700,9.960,3.783,0.069,0.930,0.659,3.448,0.314,3.232,3.679,3.275,0.533,5.093,2.560,3.603,1.479,0.432,4.566,1.189,29.886,2.652,1.131
Br66_rep9_Dep6_Tu20,3.000,1.625,2.598,1.535,3.642,0.445,2.373,4.890,2.069,2.628,3.608,2.884,2.524,15.392,9.069,2.542,1.794,4.623,4.279,3.675,13.952,2.695,8.160
Br66_rep8_Dep6_Tu3,0.301,2.675,0.826,0.014,0.620,0.094,1.710,2.623,5.158,0.541,4.606,2.007,13.598,1.704,6.564,1.854,16.579,7.052,1.560,7.501,2.607,7.182,12.623
Br66_rep9_Dep6_Tu10,0.218,0.320,2.058,0.425,1.988,0.407,1.928,6.026,4.811,0.950,2.833,2.970,1.572,5.475,16.234,2.003,5.412,9.592,5.166,8.490,7.555,7.568,5.998
Br66_rep7_Dep6_Tu2,0.198,0.991,0.219,0.012,2.081,0.050,0.831,4.397,2.875,3.669,3.861,2.074,3.034,4.503,4.523,21.484,5.262,1.724,0.859,8.886,1.011,12.932,14.523
Br66_rep6_Dep6_Tu3,0.445,1.343,0.749,0.076,2.361,0.029,2.892,2.960,2.033,2.262,4.875,2.455,2.537,15.502,4.054,1.512,0.134,15.903,0.323,6.839,1.227,9.402,20.086
Br66_rep1_Dep6_Tu0.5,0.129,1.791,0.162,0.007,2.045,0.031,2.301,2.875,1.173,2.457,5.258,2.332,12.458,25.374,10.555,2.492,7.057,2.661,8.793,0.851,0.209,8.859,0.129
Br66_rep2_Dep6_Tu40,9.374,7.979,6.200,1.822,2.990,0.603,2.250,0.688,1.803,3.271,2.279,3.250,3.404,5.790,2.360,6.872,3.060,2.469,5.199,1.645,24.288,1.929,0.476
Br66_rep1_Dep6_Tu2,0.822,0.504,0.568,0.016,1.916,0.075,2.704,2.609,3.443,1.682,4.227,2.989,3.060,9.468,6.141,11.285,6.580,7.841,13.903,5.297,0.002,5.840,9.026
Br66_rep8_Dep6_Tu1,0.094,1.781,0.129,0.002,1.588,0.028,2.659,2.489,0.093,4.860,3.001,2.831,15.056,5.349,3.911,5.658,10.555,3.909,5.170,18.752,1.158,3.337,7.590
Br66_rep4_Dep6_Tu3,0.154,2.323,0.203,0.059,1.667,0.128,2.528,1.562,3.583,1.985,5.471,2.356,2.784,7.048,4.655,3.458,22.758,13.074,2.033,14.056,1.200,1.957,4.958
Br66_rep7_Dep6_Tu40,5.586,3.808,7.891,2.624,4.452,0.699,3.188,0.687,5.285,2.119,1.592,2.520,0.932,4.405,7.864,2.589,6.532,3.030,0.721,4.036,27.409,1.365,0.667
Br66_rep7_Dep6_Tu0.5,0.135,2.195,0.259,0.012,0.266,0.107,1.457,4.327,2.963,1.662,5.490,1.851,10.508,1.838,3.106,13.379,7.741,7.790,5.111,12.391,0.112,12.688,4.611
Br66_rep2_Dep6_Tu30,8.757,1.796,5.045,2.485,3.836,0.032,3.120,4.223,0.181,5.182,1.867,0.398,2.787,4.441,2.797,2.623,9.689,7.557,6.925,0.045,18.627,2.686,4.902
Br66_rep2_Dep6_Tu0.1,0.042,1.150,0.300,0.009,1.745,0.023,0.592,4.266,3.264,4.620,4.581,0.763,16.889,1.434,12.154,1.102,15.689,8.927,4.550,4.653,0.656,8.557,4.033
Br66_rep7_Dep6_Tu0.1,0.060,0.987,0.217,0.006,1.663,0.026,1.227,4.485,0.458,3.251,5.137,2.191,10.224,6.471,6.817,5.263,12.479,0.651,3.368,6.922,0.428,15.596,12.075
Br66_rep1_Dep6_Tu40,8.053,3.620,6.296,2.979,2.881,0.632,0.674,1.154,5.833,4.804,2.472,2.894,3.120,2.846,3.782,3.751,7.977,2.335,2.359,4.248,25.165,0.766,1.359
Br66_rep7_Dep6_Tu5,0.003,2.296,0.885,0.098,1.368,0.058,2.119,0.549,4.398,5.671,3.821,1.790,13.984,0.927,8.173,0.529,0.649,2.008,6.458,15.758,3.982,14.699,9.780
Br66_rep4_Dep6_Tu1,0.238,2.008,0.330,0.033,0.967,0.126,1.491,3.631,3.788,0.646,4.999,2.384,14.177,1.370,18.114,16.812,1.600,3.414,3.849,12.419,0.733,0.948,5.921
Br66_rep8_Dep6_Tu0.1,0.055,1.231,0.281,0.009,0.973,0.022,3.190,3.864,1.079,5.630,0.309,3.100,9.012,10.260,6.217,2.209,5.430,11.204,3.331,14.959,0.467,7.929,9.240
Br66_rep4_Dep6_Tu2,0.137,0.749,0.395,0.028,2.967,0.136,2.528,4.904,1.757,1.728,4.018,2.308,12.870,2.375,1.553,2.317,6.269,11.225,7.225,16.788,1.814,6.573,9.336
Br66_rep1_Dep6_Tu0.1,0.131,1.392,0.293,0.001,0.266,0.078,1.254,4.049,3.209,3.473,1.549,2.342,13.269,2.887,1.848,4.211,9.222,5.350,17.328,6.694,0.080,8.009,13.065
Br66_rep2_Dep6_Tu10,1.183,2.686,2.014,0.240,0.325,0.457,1.924,3.203,0.131,6.303,4.305,3.675,11.641,4.322,4.091,3.321,6.889,8.267,5.334,0.162,7.086,10.123,12.317
Br66_rep4_Dep6_Tu20,4.362,5.585,2.920,0.761,2.342,0.266,2.381,4.524,1.725,1.105,3.252,2.701,8.505,5.840,8.350,1.251,9.887,17.547,0.124,1.000,12.883,2.290,0.401
Br66_rep4_Dep6_Tu0.3,0.052,0.610,0.220,0.004,2.180,0.004,1.965,2.272,2.959,4.086,4.252,2.603,4.690,0.698,14.835,0.251,1.435,5.078,6.937,2.658,0.918,14.788,26.507
Br66_rep10_Dep6_Tu3,0.101,0.230,0.885,0.109,3.225,0.029,0.715,1.413,3.938,4.814,5.441,2.339,8.294,4.847,9.113,6.572,8.947,5.715,6.096,10.417,2.226,6.186,8.349
Br66_rep1_Dep6_Tu20,1.570,3.298,3.568,0.981,2.705,0.364,2.126,5.097,1.511,4.667,4.133,2.062,0.622,3.898,15.951,0.238,0.829,13.924,2.186,3.274,13.776,9.340,3.880
Br66_rep6_Dep6_Tu1,0.143,1.875,0.178,0.009,1.577,0.051,2.279,2.479,1.211,4.477,0.303,3.407,14.615,6.040,8.192,1.608,4.782,3.864,10.237,3.023,1.032,14.175,14.443
Br66_rep6_Dep6_Tu50,17.426,4.729,8.094,2.903,0.486,0.867,2.491,3.690,1.411,0.727,1.271,2.297,3.427,0.456,6.759,1.498,1.086,5.625,6.035,0.055,27.943,0.372,0.350
Br66_rep9_Dep6_Tu3,0.559,1.860,0.586,0.026,2.311,0.023,1.337,2.995,1.609,4.179,4.772,2.473,12.350,6.217,30.936,2.913,3.548,0.395,2.519,5.619,0.805,5.596,6.373
Br66_rep3_Dep6_Tu50,15.626,0.994,6.796,3.246,3.901,0.735,2.464,3.060,2.917,3.945,2.756,2.226,1.291,3.496,0.580,5.928,3.404,0.471,1.462,0.497,29.275,3.167,1.761
Br66_rep8_Dep6_Tu30,9.368,6.997,0.023,2.014,4.253,0.276,3.611,0.030,3.751,1.223,1.492,3.020,6.541,11.298,2.104,3.673,4.400,2.064,13.568,1.040,16.831,0.004,2.418
Br66_rep7_Dep6_Tu20,5.014,4.563,1.173,0.617,2.997,0.269,3.453,4.655,2.725,2.074,0.918,1.001,7.000,10.398,1.400,0.023,10.851,8.827,0.568,3.781,13.310,9.458,4.927
Br66_rep3_Dep6_Tu2,0.507,1.533,0.319,0.014,2.604,0.066,0.053,3.190,4.541,2.341,4.843,2.221,8.038,9.815,1.537,13.121,0.296,5.499,0.978,6.016,1.431,18.015,13.022
Br66_rep8_Dep6_Tu50,7.969,7.369,8.528,2.591,4.305,0.945,3.158,1.344,4.543,3.191,0.006,2.992,1.839,0.385,2.648,2.634,0.186,7.180,2.057,1.109,32.770,1.679,0.572
Br66_rep3_Dep6_Tu3,0.039,2.235,0.308,0.016,2.131,0.065,2.331,0.825,6.020,3.904,3.830,1.098,10.508,8.464,5.333,2.537,7.482,17.057,11.705,9.858,1.700,2.084,0.472
Br66_rep3_Dep6_Tu0.3,0.228,2.389,0.248,0.009,1.470,0.034,1.097,0.150,5.375,2.200,4.157,3.081,10.868,6.425,9.323,3.319,2.742,6.358,13.623,10.510,0.026,7.117,9.253
Br66_rep8_Dep6_Tu0.3,0.176,1.017,0.072,0.001,1.980,0.009,2.240,3.544,3.580,1.500,5.821,1.025,2.024,3.772,3.744,3.732,10.756,7.863,5.414,9.119,0.706,19.694,12.212
Br66_rep3_Dep6_Tu0.1,0.159,0.624,0.292,0.004,2.211,0.053,1.125,4.363,3.898,2.397,1.358,2.301,17.072,9.298,10.210,0.663,3.357,6.181,6.134,21.226,1.164,3.683,2.228
Br66_rep10_Dep6_Tu0.3,0.249,0.846,0.124,0.003,1.536,0.069,1.509,1.462,3.690,2.358,6.811,2.320,12.543,13.628,2.256,7.537,9.748,0.114,0.614,13.202,0.444,17.576,1.361
Br66_rep2_Dep6_Tu50,18.875,4.706,9.216,3.188,2.128,0.556,0.148,2.068,2.129,2.179,1.802,0.257,0.967,4.373,1.729,0.814,4.688,5.575,2.473,1.458,25.308,5.138,0.224
Br66_rep5_Dep6_Tu5,0.823,2.401,1.222,0.072,1.660,0.151,1.870,3.776,3.062,4.231,4.376,0.324,14.050,2.355,8.913,14.792,10.723,6.804,4.779,1.310,1.406,3.758,7.141
Br66_rep10_Dep6_Tu20,3.580,3.827,2.681,1.298,1.441,0.679,1.077,5.025,0.636,3.484,5.386,3.402,11.339,8.043,7.264,3.237,4.759,2.323,12.018,2.676,11.983,1.229,2.614
Br66_rep7_Dep6_Tu30,7.242,5.629,3.268,1.277,3.092,0.514,2.039,3.976,4.115,0.804,3.756,1.473,4.066,0.371,2.369,4.177,8.580,3.851,3.287,2.746,20.676,8.618,4.074
Br66_rep9_Dep6_Tu30,4.619,4.142,4.477,1.587,3.326,0.017,2.101,4.181,5.574,2.621,3.771,0.116,6.319,4.756,4.975,3.856,10.834,1.204,1.731,1.482,23.172,1.268,3.873
Br66_rep5_Dep6_Tu40,12.110,4.072,6.019,1.861,1.972,0.827,1.714,3.246,3.872,2.032,2.864,2.489,2.998,5.033,2.685,4.171,4.531,5.815,1.924,2.418,23.311,2.490,1.546
Br66_rep8_Dep6_Tu10,0.229,3.389,0.935,0.410,3.987,0.282,0.629,6.684,0.867,3.105,5.290,2.053,9.144,12.122,2.662,7.311,1.227,9.751,12.444,6.390,6.706,1.985,2.397
Br66_rep9_Dep6_Tu50,13.176,4.934,8.371,3.231,0.753,0.657,3.154,2.601,2.735,1.374,1.092,2.589,2.475,3.209,0.526,3.499,2.126,1.584,3.467,0.906,32.740,3.517,1.284
Br66_rep2_Dep6_Tu0.3,0.113,0.118,0.290,0.006,1.509,0.033,3.318,1.140,2.135,5.765,1.171,2.765,14.584,5.393,3.773,2.722,17.419,10.968,6.029,1.189,0.831,4.051,14.678
Br66_rep1_Dep6_Tu10,0.332,3.183,1.392,0.459,1.849,0.289,2.368,4.311,4.461,1.759,5.638,1.696,3.990,10.965,0.721,4.841,8.007,12.939,2.954,4.690,7.181,8.108,7.865
