Sample,BRCA,CEAD,CESC,COAD,OV,READ,bcell,cd4tcell,cd8tcell,erythroblast,monocyte,naturalkillercell,neutrophil,Unknown-1
Br66_rep4_Dep6_Tu50,4.588,0.000,55.100,0.000,0.005,0.000,0.002,0.058,0.008,0.025,0.708,0.007,8.059,31.439
Br66_rep3_Dep6_Tu0.5,0.000,0.324,0.000,0.000,0.272,0.000,0.082,1.652,1.146,1.457,4.230,0.169,19.528,71.140
Br66_rep2_Dep6_Tu3,0.015,0.922,0.946,0.097,1.374,0.001,0.492,1.237,0.259,1.736,2.813,0.606,17.231,72.271
Br66_rep6_Dep6_Tu40,2.022,0.005,45.940,0.064,0.045,0.000,0.001,0.075,0.008,0.129,1.329,0.019,7.542,42.821
Br66_rep9_Dep6_Tu0.1,0.000,0.289,0.000,0.000,0.090,0.000,0.237,1.640,2.123,1.278,3.440,0.511,19.424,70.968
Br66_rep9_Dep6_Tu5,0.051,0.930,5.288,0.145,0.507,0.000,0.216,1.073,1.088,1.046,2.572,0.120,16.083,70.882
Br66_rep10_Dep6_Tu1,0.000,1.511,0.001,0.000,0.133,0.000,0.262,0.727,1.832,2.195,1.923,0.188,21.618,69.610
Br66_rep6_Dep6_Tu20,1.232,0.058,23.814,0.237,0.253,0.000,0.099,0.187,0.942,0.249,1.127,0.256,14.876,56.672
Br66_rep10_Dep6_Tu30,3.110,0.016,32.769,0.049,0.080,0.000,0.096,0.449,0.668,0.201,1.558,0.014,12.037,48.953
Br66_rep10_Dep6_Tu5,0.972,0.354,3.737,0.142,0.388,0.001,0.388,1.036,2.390,0.954,2.577,0.124,18.730,68.208
Br66_rep7_Dep6_Tu1,0.000,0.636,0.000,0.000,0.344,0.000,0.393,0.770,0.497,2.045,2.098,0.192,18.036,74.987
Br66_rep6_Dep6_Tu0.3,0.000,0.225,0.000,0.000,0.179,0.000,0.170,1.694,0.989,1.481,4.180,0.213,19.811,71.059
Br66_rep1_Dep6_Tu30,0.959,0.014,36.803,0.001,0.087,0.000,0.045,0.164,0.278,0.162,0.963,0.188,12.095,48.241
Br66_rep3_Dep6_Tu1,0.001,0.449,0.001,0.000,0.434,0.000,0.510,1.705,0.199,1.219,3.292,0.657,19.315,72.219
Br66_rep3_Dep6_Tu30,2.092,0.013,34.848,0.018,0.136,0.000,0.038,0.295,0.109,0.128,1.195,0.104,10.420,50.603
Br66_rep9_Dep6_Tu1,0.000,0.602,0.000,0.000,0.460,0.000,0.903,1.611,0.497,2.163,3.039,0.267,18.435,72.023
Br66_rep9_Dep6_Tu40,2.413,0.004,46.360,0.038,0.080,0.000,0.013,0.269,0.047,0.011,0.543,0.039,10.176,40.007
Br66_rep5_Dep6_Tu1,0.000,0.758,0.002,0.000,0.931,0.000,0.374,1.289,1.101,0.837,3.292,0.216,16.998,74.201
Br66_rep2_Dep6_Tu5,0.225,0.995,3.661,0.004,0.246,0.004,0.145,1.449,1.199,2.627,1.498,0.161,20.761,67.026
Br66_rep5_Dep6_Tu30,1.673,0.034,34.254,0.018,0.310,0.000,0.093,0.841,0.333,0.458,2.064,0.156,11.589,48.177
Br66_rep7_Dep6_Tu50,4.881,0.001,53.742,0.006,0.031,0.009,0.003,0.008,0.036,0.045,0.961,0.009,6.436,33.833
Br66_rep4_Dep6_Tu40,2.174,0.000,45.207,0.017,0.012,0.000,0.028,0.172,0.019,0.232,1.064,0.037,6.879,44.159
Br66_rep8_Dep6_Tu5,1.720,0.445,3.786,0.001,0.892,0.005,0.094,1.292,1.469,0.567,2.123,0.528,19.281,67.798
Br66_rep9_Dep6_Tu2,0.005,1.285,0.244,0.000,0.344,0.000,0.276,1.211,0.169,2.016,1.433,0.421,16.459,76.138
Br66_rep6_Dep6_Tu30,1.261,0.001,34.591,0.000,0.032,0.024,0.033,1.015,0.735,0.310,1.666,0.041,11.229,49.063
Br66_rep4_Dep6_Tu0.1,0.000,0.057,0.000,0.000,0.168,0.000,0.479,1.461,0.449,1.097,3.032,0.895,20.255,72.108
Br66_rep5_Dep6_Tu10,0.085,0.250,12.864,0.000,0.171,0.000,0.077,0.342,1.295,1.020,3.031,0.130,19.060,61.675
Br66_rep3_Dep6_Tu40,3.565,0.002,45.850,0.084,0.050,0.000,0.003,0.088,0.042,0.021,0.635,0.022,10.726,38.911
Br66_rep9_Dep6_Tu0.5,0.000,0.163,0.000,0.000,0.270,0.000,0.225,1.898,0.987,0.600,2.190,0.134,17.968,75.565
Br66_rep8_Dep6_Tu2,0.041,0.922,0.913,0.000,0.358,0.000,0.317,1.368,0.504,1.739,3.403,0.678,18.532,71.225
Br66_rep10_Dep6_Tu2,0.002,1.122,0.427,0.000,0.637,0.002,0.890,1.184,1.270,0.514,2.786,0.764,20.193,70.211
Br66_rep6_Dep6_Tu0.1,0.000,0.052,0.000,0.000,0.087,0.000,0.722,3.103,0.132,1.671,2.632,0.186,19.296,72.118
Br66_rep5_Dep6_Tu0.5,0.000,0.422,0.000,0.000,0.219,0.000,0.659,1.186,0.651,1.047,2.434,0.184,18.008,75.190
Br66_rep2_Dep6_Tu20,1.391,0.060,24.427,0.001,0.022,0.000,0.216,0.125,0.549,0.732,1.693,0.396,14.091,56.297
Br66_rep4_Dep6_Tu0.5,0.000,0.784,0.000,0.000,0.776,0.000,0.094,0.651,1.566,2.340,2.851,0.243,20.191,70.505
Br66_rep4_Dep6_Tu5,0.074,0.390,4.743,0.000,0.346,0.000,0.071,2.722,0.743,1.691,3.372,0.155,16.356,69.336
Br66_rep8_Dep6_Tu0.5,0.000,0.705,0.000,0.000,0.145,0.000,0.493,2.176,1.156,0.910,1.809,0.553,19.467,72.587
Br66_rep5_Dep6_Tu20,3.019,0.164,21.492,0.001,0.220,0.000,0.001,0.460,0.932,0.410,3.216,0.722,15.351,54.013
Br66_rep1_Dep6_Tu3,0.116,0.161,1.907,0.121,0.707,0.000,0.456,1.345,1.143,1.083,3.879,0.484,17.775,70.821
Br66_rep10_Dep6_Tu10,0.176,0.393,11.525,0.014,0.340,0.000,0.486,0.784,0.623,0.957,2.656,0.582,16.918,64.547
Br66_rep3_Dep6_Tu10,0.245,0.019,10.589,0.004,0.185,0.000,0.645,1.172,1.029,0.795,2.196,1.376,17.742,64.005
Br66_rep10_Dep6_Tu40,2.449,0.001,45.390,0.111,0.076,0.000,0.019,0.205,0.004,0.310,0.480,0.218,11.334,39.402
Br66_rep1_Dep6_Tu50,4.680,0.000,56.677,0.010,0.012,0.000,0.004,0.024,0.017,0.032,0.570,0.003,8.820,29.151
Br66_rep10_Dep6_Tu0.5,0.000,0.294,0.000,0.000,0.170,0.000,1.259,2.017,0.052,1.719,2.729,0.198,19.768,71.794
Br66_rep1_Dep6_Tu0.3,0.000,0.342,0.000,0.000,0.368,0.000,0.666,1.529,0.688,0.483,4.318,0.705,17.936,72.966
Br66_rep10_Dep6_Tu0.1,0.000,0.058,0.000,0.000,0.221,0.000,0.387,1.609,0.482,1.317,3.555,0.860,18.871,72.640
Br66_rep8_Dep6_Tu40,1.622,0.001,46.867,0.001,0.038,0.000,0.033,0.025,0.029,0.044,0.177,0.003,6.545,44.614
Br66_rep3_Dep6_Tu20,1.858,0.014,21.979,0.000,0.128,0.000,0.274,0.683,0.205,0.377,2.028,0.201,13.385,58.867
Br66_rep9_Dep6_Tu0.3,0.000,0.099,0.000,0.000,0.085,0.000,0.715,1.045,0.719,1.537,2.969,0.658,18.951,73.223
Br66_rep7_Dep6_Tu0.3,0.000,0.277,0.000,0.000,0.064,0.000,0.288,1.035,0.631,1.413,2.946,0.208,19.065,74.074
Br66_rep5_Dep6_Tu2,0.002,1.704,0.101,0.000,0.699,0.027,0.219,2.523,1.171,0.978,2.309,0.229,20.475,69.562
Br66_rep5_Dep6_Tu0.3,0.000,0.434,0.000,0.000,0.192,0.000,0.153,2.741,0.363,1.614,3.503,0.449,18.525,72.025
Br66_rep6_Dep6_Tu5,0.676,0.554,4.670,0.017,0.158,0.010,0.302,1.553,0.819,1.010,2.531,0.319,19.069,68.313
Br66_rep5_Dep6_Tu3,0.004,0.300,2.175,0.019,0.473,0.174,0.264,2.017,1.160,0.581,2.180,0.221,18.942,71.490
Br66_rep1_Dep6_Tu5,1.100,0.374,2.452,0.340,0.165,0.069,0.738,2.123,0.405,1.934,2.261,0.185,16.778,71.075
Br66_rep6_Dep6_Tu10,0.206,1.758,11.405,0.000,0.203,0.001,0.095,0.865,0.300,0.716,2.665,0.304,16.951,64.530
Br66_rep3_Dep6_Tu5,0.121,0.551,5.132,0.000,0.650,0.000,0.742,0.488,1.292,1.544,1.620,0.257,16.716,70.887
Br66_rep1_Dep6_Tu1,0.000,0.995,0.000,0.000,0.172,0.000,0.408,0.504,1.654,2.151,3.204,0.910,20.017,69.985
Br66_rep4_Dep6_Tu30,0.500,0.004,35.988,0.010,0.173,0.000,0.262,0.074,0.312,0.305,1.535,0.095,9.185,51.555
Br66_rep8_Dep6_Tu20,0.233,0.121,24.170,0.001,0.401,0.004,0.031,0.988,0.022,0.526,1.052,0.474,14.130,57.848
Br66_rep4_Dep6_Tu10,0.540,0.248,12.128,0.001,0.146,0.000,0.189,0.280,0.374,0.497,3.403,0.017,15.370,66.807
Br66_rep2_Dep6_Tu1,0.001,0.223,0.000,0.000,0.165,0.000,0.377,1.348,1.095,0.834,3.787,0.472,19.908,71.789
Br66_rep6_Dep6_Tu2,0.001,1.515,0.016,0.000,0.566,0.017,0.567,2.005,0.733,1.176,3.216,0.413,19.007,70.768
Br66_rep6_Dep6_Tu0.5,0.000,0.584,0.000,0.000,0.372,0.000,0.357,0.376,2.672,1.510,3.003,0.303,21.126,69.697
Br66_rep5_Dep6_Tu0.1,0.000,0.099,0.000,0.000,0.113,0.000,0.630,0.380,1.267,2.107,3.003,0.440,19.276,72.686
Br66_rep2_Dep6_Tu2,0.019,1.031,0.650,0.369,0.187,0.010,0.739,0.726,0.641,2.763,2.154,0.274,18.897,71.540
Br66_rep10_Dep6_Tu50,6.081,0.006,52.892,0.077,0.155,0.027,0.006,0.039,0.036,0.051,0.491,0.014,6.697,33.429
Br66_rep7_Dep6_Tu3,0.018,0.553,1.990,0.000,0.362,0.004,0.028,1.081,1.787,2.225,2.529,0.361,17.763,71.299
Br66_rep7_Dep6_Tu10,0.263,0.104,12.494,0.000,0.170,0.000,0.148,2.126,0.394,0.121,1.337,0.007,15.453,67.384
Br66_rep2_Dep6_Tu0.5,0.000,0.305,0.000,0.000,0.129,0.000,0.418,0.878,1.139,1.034,3.114,0.539,18.660,73.785
Br66_rep5_Dep6_Tu50,3.223,0.000,56.575,0.353,0.026,0.002,0.004,0.005,0.033,0.023,0.547,0.008,6.507,32.693
Br66_rep9_Dep6_Tu20,0.556,0.000,24.161,0.073,0.195,0.000,0.006,0.668,0.026,0.668,1.230,0.437,13.109,58.870
Br66_rep8_Dep6_Tu3,0.049,1.987,1.425,0.000,0.164,0.000,0.385,1.498,0.605,2.021,1.843,0.245,19.690,70.088
Br66_rep9_Dep6_Tu10,0.049,0.045,11.412,0.008,0.196,0.000,0.451,1.644,0.327,0.424,2.793,0.592,16.836,65.221
Br66_rep7_Dep6_Tu2,0.001,1.271,0.001,0.000,0.566,0.003,0.426,0.769,1.087,2.507,2.608,0.436,20.035,70.291
Br66_rep6_Dep6_Tu3,0.000,1.689,0.980,0.113,0.599,0.000,1.046,0.837,1.629,1.286,1.751,0.123,17.365,72.582
Br66_rep1_Dep6_Tu0.5,0.000,0.443,0.000,0.000,0.349,0.000,0.297,0.950,2.562,0.578,3.107,0.184,19.534,71.997
Br66_rep2_Dep6_Tu40,4.877,0.025,43.577,0.004,0.039,0.000,0.114,0.021,0.063,0.037,1.211,0.207,11.870,37.954
Br66_rep1_Dep6_Tu2,1.084,0.496,0.004,0.002,0.370,0.000,0.609,1.290,0.680,2.584,2.273,0.432,17.968,72.208
Br66_rep8_Dep6_Tu1,0.000,0.613,0.000,0.000,0.441,0.008,0.657,0.614,1.572,1.049,3.194,0.440,20.081,71.331
Br66_rep4_Dep6_Tu3,0.002,2.944,0.757,0.000,0.377,0.000,0.280,1.188,0.903,1.191,2.465,0.166,18.479,71.247
Br66_rep7_Dep6_Tu40,1.469,0.003,47.298,0.065,0.103,0.000,0.048,0.008,0.076,0.149,0.761,0.255,8.603,41.163
Br66_rep7_Dep6_Tu0.5,0.000,0.573,0.000,0.000,0.370,0.002,0.547,1.435,2.275,1.005,1.793,0.221,20.483,71.294
Br66_rep2_Dep6_Tu30,1.976,0.004,36.896,0.067,0.007,0.000,0.040,0.120,0.182,0.108,1.060,0.014,11.466,48.060
Br66_rep2_Dep6_Tu0.1,0.000,0.213,0.000,0.000,0.268,0.000,0.279,2.364,0.536,1.826,2.867,0.477,19.364,71.807
Br66_rep7_Dep6_Tu0.1,0.000,0.094,0.000,0.000,0.177,0.000,0.231,2.561,0.289,0.944,2.635,0.061,19.371,73.636
Br66_rep1_Dep6_Tu40,3.986,0.008,43.012,0.267,0.156,0.002,0.019,0.157,0.221,0.306,0.722,0.065,10.340,40.740
Br66_rep7_Dep6_Tu5,0.074,0.147,4.353,0.156,0.306,0.000,0.586,1.397,0.168,1.867,3.085,0.529,17.186,70.145
Br66_rep4_Dep6_Tu1,0.000,1.258,0.015,0.000,0.523,0.002,0.424,1.492,0.257,1.664,3.528,0.651,19.826,70.360
Br66_rep8_Dep6_Tu0.1,0.000,0.191,0.000,0.000,0.256,0.000,0.665,3.069,0.457,1.481,2.980,0.514,20.456,69.932
Br66_rep4_Dep6_Tu2,0.007,0.742,0.008,0.000,1.973,0.004,0.450,2.235,0.515,0.491,3.120,0.193,17.152,73.110
Br66_rep1_Dep6_Tu0.1,0.000,0.103,0.000,0.000,0.195,0.000,1.017,0.959,0.647,1.330,3.061,0.465,20.879,71.343
Br66_rep2_Dep6_Tu10,1.309,0.080,11.010,0.000,0.138,0.008,0.578,1.350,0.872,0.410,1.960,0.277,16.538,65.470
Br66_rep4_Dep6_Tu20,0.911,0.034,24.974,0.000,0.081,0.000,0.077,0.633,0.725,0.759,1.446,0.450,14.804,55.106
Br66_rep4_Dep6_Tu0.3,0.000,0.097,0.000,0.000,0.209,0.000,0.506,1.635,0.651,1.959,2.464,0.607,18.799,73.072
Br66_rep10_Dep6_Tu3,0.069,1.600,1.654,0.029,0.404,0.000,0.588,0.802,1.817,0.940,1.948,0.137,16.444,73.567
Br66_rep1_Dep6_Tu20,0.752,0.086,23.234,0.016,0.229,0.000,0.021,0.471,1.851,0.168,2.108,0.235,14.709,56.120
Br66_rep6_Dep6_Tu1,0.000,1.012,0.000,0.000,0.698,0.000,0.630,0.905,0.665,0.976,2.509,0.380,19.328,72.897
Br66_rep6_Dep6_Tu50,5.164,0.006,54.141,0.016,0.041,0.008,0.004,0.099,0.007,0.004,0.459,0.006,7.866,32.178
Br66_rep9_Dep6_Tu3,0.466,0.204,2.070,0.000,0.843,0.000,0.204,0.962,2.109,1.684,3.108,0.282,19.249,68.821
Br66_rep3_Dep6_Tu50,4.180,0.001,54.052,0.007,0.018,0.002,0.014,0.002,0.026,0.084,1.240,0.136,6.425,33.812
Br66_rep8_Dep6_Tu30,1.609,0.023,34.381,0.001,0.304,0.000,0.102,0.376,0.065,0.003,1.333,0.314,11.059,50.429
Br66_rep7_Dep6_Tu20,1.903,0.000,21.949,0.000,0.027,0.000,0.112,0.140,0.742,0.896,0.945,0.033,12.500,60.753
Br66_rep3_Dep6_Tu2,0.357,0.568,1.201,0.001,0.570,0.001,0.452,1.222,1.249,0.994,2.883,0.731,17.662,72.110
Br66_rep8_Dep6_Tu50,5.529,0.001,53.916,0.001,0.020,0.000,0.014,0.051,0.019,0.056,0.481,0.030,6.242,33.639
Br66_rep3_Dep6_Tu3,0.001,1.089,1.929,0.000,0.092,0.000,0.469,1.870,0.999,1.724,2.376,0.421,17.256,71.773
Br66_rep3_Dep6_Tu0.3,0.000,0.849,0.000,0.000,0.333,0.000,0.304,1.921,1.786,0.158,2.029,0.494,19.406,72.719
Br66_rep8_Dep6_Tu0.3,0.000,0.100,0.000,0.000,0.103,0.001,0.679,0.885,1.092,1.516,3.031,0.466,19.021,73.107
Br66_rep3_Dep6_Tu0.1,0.000,0.171,0.000,0.000,0.188,0.000,0.254,2.157,0.164,1.643,3.562,0.500,19.520,71.841
Br66_rep10_Dep6_Tu0.3,0.000,0.081,0.000,0.000,0.133,0.000,0.115,1.879,0.887,1.765,3.197,0.430,20.141,71.371
Br66_rep2_Dep6_Tu50,1.950,0.000,58.440,0.001,0.009,0.000,0.005,0.014,0.009,0.001,0.621,0.006,5.224,33.722
Br66_rep5_Dep6_Tu5,0.027,1.017,4.687,0.000,0.617,0.000,0.036,0.875,1.368,1.239,2.087,0.401,17.993,69.652
Br66_rep10_Dep6_Tu20,2.711,0.092,19.920,0.198,0.285,0.009,0.196,1.328,0.660,0.159,2.152,0.319,14.304,57.668
Br66_rep7_Dep6_Tu30,2.295,0.002,34.847,0.000,0.040,0.000,0.029,0.335,0.374,0.171,0.836,0.029,10.992,50.049
Br66_rep9_Dep6_Tu30,0.836,0.000,36.846,0.000,0.017,0.000,0.034,0.224,0.111,0.151,2.049,0.345,13.471,45.915
Br66_rep5_Dep6_Tu40,3.970,0.001,43.383,0.000,0.093,0.001,0.249,0.173,0.356,0.400,1.320,0.092,9.428,40.533
Br66_rep8_Dep6_Tu10,0.729,0.126,11.906,0.000,0.330,0.001,0.346,1.700,0.332,1.572,3.308,0.564,19.548,59.537
Br66_rep9_Dep6_Tu50,1.390,0.000,58.558,0.002,0.021,0.001,0.006,0.006,0.003,0.032,0.182,0.011,5.420,34.368
Br66_rep2_Dep6_Tu0.3,0.000,0.246,0.000,0.000,0.086,0.000,0.065,1.469,1.195,2.545,2.066,0.182,21.643,70.504
Br66_rep1_Dep6_Tu10,0.767,0.358,10.704,0.083,0.352,0.000,0.131,1.139,1.061,1.194,2.017,0.364,16.985,64.846
