Sample,BRCA,CEAD,CESC,COAD,OV,READ,bcell,cd4tcell,cd8tcell,erythroblast,monocyte,naturalkillercell,neutrophil,Unknown-1
Colo_rep2_Dep6_Tu0.5,0.025,9.756,4.698,0.001,42.534,3.108,1.975,2.097,2.897,2.268,12.020,2.449,16.117,0.056
Colo_rep2_Dep6_Tu50,1.609,2.752,3.937,0.332,4.367,36.268,4.011,4.000,3.467,9.545,9.878,4.164,11.390,4.282
Colo_rep6_Dep6_Tu1,0.037,23.900,3.016,0.000,36.711,3.768,2.056,1.223,4.516,4.861,16.079,1.744,0.556,1.533
Colo_rep3_Dep6_Tu2,0.011,17.692,1.896,0.007,27.626,4.547,4.851,0.301,3.913,3.659,16.367,1.197,17.025,0.908
Colo_rep7_Dep6_Tu2,0.101,13.210,2.873,0.004,36.874,4.394,0.959,2.766,1.568,7.080,13.379,2.737,11.597,2.458
Colo_rep8_Dep6_Tu0.1,0.004,21.991,2.987,0.000,15.358,5.413,2.636,2.649,2.972,4.942,9.295,3.048,28.305,0.399
Colo_rep10_Dep6_Tu2,0.025,0.319,3.726,0.013,52.973,6.733,0.569,1.901,3.310,6.913,16.797,2.782,3.415,0.522
Colo_rep6_Dep6_Tu3,0.026,10.505,3.166,0.008,42.523,5.316,3.959,2.777,2.475,5.118,12.535,1.701,8.895,0.996
Colo_rep9_Dep6_Tu30,0.637,10.766,4.927,0.017,7.745,21.692,4.427,0.585,3.992,9.267,17.621,3.016,12.666,2.643
Colo_rep9_Dep6_Tu0.5,0.065,6.242,3.369,0.004,38.458,3.415,1.954,1.683,2.359,5.721,11.910,2.712,21.866,0.244
Colo_rep6_Dep6_Tu20,0.405,22.333,3.129,0.044,8.960,18.160,1.195,3.793,3.796,6.955,15.830,4.241,9.027,2.131
Colo_rep8_Dep6_Tu30,2.674,20.168,5.378,0.256,12.127,20.000,3.231,2.645,1.480,6.250,13.460,5.139,5.528,1.665
Colo_rep3_Dep6_Tu5,0.172,16.419,0.521,0.048,26.826,0.820,3.832,3.151,2.978,7.727,7.989,2.723,24.363,2.428
Colo_rep4_Dep6_Tu3,0.141,21.067,2.126,0.003,14.573,5.336,3.065,2.326,2.795,3.454,11.482,2.995,28.966,1.673
Colo_rep2_Dep6_Tu10,0.085,5.050,0.613,0.033,37.096,11.731,2.317,2.024,2.868,4.834,12.977,4.207,15.059,1.104
Colo_rep3_Dep6_Tu40,1.002,6.582,4.488,0.172,0.828,36.958,2.419,5.200,3.807,3.203,12.139,4.427,17.234,1.542
Colo_rep3_Dep6_Tu30,2.896,12.155,2.850,0.036,15.246,23.546,3.379,6.323,1.536,2.687,11.577,1.925,14.977,0.866
Colo_rep6_Dep6_Tu30,0.938,12.437,1.580,0.043,6.750,24.665,1.198,5.840,8.666,8.750,6.167,0.332,20.942,1.692
Colo_rep4_Dep6_Tu50,2.491,3.970,3.444,0.291,9.456,33.145,1.412,8.086,1.387,11.446,12.255,4.181,8.088,0.347
Colo_rep5_Dep6_Tu50,0.222,7.796,4.049,0.431,4.693,39.409,5.515,5.031,0.099,10.531,7.680,5.757,5.592,3.196
Colo_rep6_Dep6_Tu2,0.014,19.859,2.897,0.001,27.171,5.977,0.870,2.425,5.504,6.855,8.404,1.641,16.833,1.549
Colo_rep10_Dep6_Tu50,2.339,5.244,4.891,0.882,3.786,39.808,5.099,5.069,2.097,4.952,12.127,6.617,5.432,1.657
Colo_rep7_Dep6_Tu50,4.394,3.050,0.672,0.233,9.744,31.057,6.275,0.689,5.090,11.886,10.779,4.058,11.587,0.486
Colo_rep9_Dep6_Tu40,3.327,2.863,4.844,0.247,9.208,27.347,3.812,5.538,3.743,7.202,11.899,2.980,14.895,2.091
Colo_rep8_Dep6_Tu5,0.062,9.064,3.215,0.013,26.075,6.912,3.576,0.484,5.025,8.119,6.251,3.971,25.360,1.874
Colo_rep1_Dep6_Tu20,0.489,14.566,4.216,0.012,19.210,19.681,1.948,6.025,2.339,5.698,14.458,4.704,4.085,2.568
Colo_rep9_Dep6_Tu2,0.099,1.395,1.634,0.001,40.398,6.068,2.130,1.091,0.894,9.764,12.038,3.233,19.165,2.089
Colo_rep5_Dep6_Tu30,0.823,1.489,3.319,0.090,26.054,24.288,7.166,5.199,2.204,6.795,10.128,2.463,7.633,2.350
Colo_rep4_Dep6_Tu0.1,0.009,21.049,1.911,0.001,21.323,4.112,3.398,1.960,0.181,7.941,0.685,2.011,33.963,1.457
Colo_rep5_Dep6_Tu0.1,0.040,23.816,2.684,0.000,37.933,4.714,3.235,3.740,0.251,1.261,13.547,2.841,4.866,1.070
Colo_rep9_Dep6_Tu3,0.049,14.622,3.637,0.001,22.609,5.063,1.595,1.183,2.599,6.415,16.180,3.832,22.064,0.151
Colo_rep2_Dep6_Tu0.1,0.017,28.394,3.257,0.000,19.935,4.772,1.996,3.683,4.597,3.400,6.332,2.750,19.715,1.152
Colo_rep8_Dep6_Tu10,0.193,0.820,3.977,0.015,24.340,6.216,3.084,2.862,4.754,7.555,10.979,3.026,30.933,1.245
Colo_rep4_Dep6_Tu30,0.453,15.652,4.282,0.317,17.923,23.659,2.215,3.365,5.208,5.568,13.087,2.251,4.758,1.262
Colo_rep2_Dep6_Tu2,0.036,26.970,4.586,0.001,20.885,1.543,2.465,2.280,2.840,7.519,9.703,1.828,17.226,2.116
Colo_rep1_Dep6_Tu5,0.122,5.051,3.717,0.000,38.747,6.015,3.601,2.790,3.001,6.774,8.058,1.565,18.574,1.985
Colo_rep8_Dep6_Tu50,1.287,7.701,1.042,0.934,0.027,37.992,3.323,5.693,6.582,8.570,9.593,3.789,10.346,3.120
Colo_rep5_Dep6_Tu5,0.010,20.234,2.928,0.000,25.859,6.698,3.890,1.184,3.782,2.635,16.885,3.972,10.246,1.679
Colo_rep6_Dep6_Tu50,1.387,4.184,4.717,0.023,9.485,36.737,3.986,4.447,4.347,9.905,10.316,4.901,3.220,2.346
Colo_rep5_Dep6_Tu0.5,0.193,8.001,0.248,0.000,35.150,2.777,3.006,1.592,0.908,1.268,13.298,3.106,28.387,2.064
Colo_rep4_Dep6_Tu20,0.859,0.866,5.223,0.060,26.323,18.604,4.333,4.268,1.042,3.142,12.141,5.555,16.753,0.832
Colo_rep8_Dep6_Tu40,3.376,4.957,5.262,1.388,20.181,22.494,5.084,7.159,1.781,5.713,9.283,4.942,7.842,0.536
Colo_rep7_Dep6_Tu0.3,0.012,16.559,2.459,0.000,25.477,4.908,1.600,0.583,2.444,5.743,12.938,3.103,22.518,1.656
Colo_rep7_Dep6_Tu30,1.742,10.025,4.618,0.056,10.937,26.885,1.344,3.960,2.668,6.898,9.993,3.941,15.941,0.992
Colo_rep10_Dep6_Tu20,0.942,5.566,4.694,0.164,15.525,14.010,3.622,1.061,5.509,9.202,10.413,3.059,22.913,3.319
Colo_rep9_Dep6_Tu10,0.234,4.766,4.417,0.288,36.760,7.640,2.096,4.756,1.422,5.215,12.983,2.805,15.353,1.266
Colo_rep9_Dep6_Tu0.1,0.020,9.681,3.179,0.001,25.952,2.895,3.740,3.258,1.812,3.353,14.454,5.744,25.210,0.701
Colo_rep10_Dep6_Tu0.3,0.002,18.319,2.428,0.009,22.486,3.519,1.593,2.808,3.900,5.760,11.520,2.564,24.639,0.452
Colo_rep8_Dep6_Tu20,0.699,10.877,3.295,0.009,15.083,13.898,5.027,2.590,4.527,8.934,6.720,4.425,23.015,0.902
Colo_rep3_Dep6_Tu3,0.021,16.982,3.432,0.205,27.550,7.106,1.795,1.580,5.418,8.637,5.052,1.136,20.474,0.613
Colo_rep4_Dep6_Tu2,0.004,11.110,3.621,0.008,32.902,0.897,4.232,1.463,4.515,4.932,3.794,3.153,28.847,0.521
Colo_rep10_Dep6_Tu0.1,0.018,21.644,2.418,0.000,24.948,3.219,3.383,0.023,5.161,2.731,12.735,3.031,20.046,0.644
Colo_rep4_Dep6_Tu0.3,0.025,24.489,3.590,0.002,26.248,3.419,2.286,1.351,0.266,4.184,16.514,4.870,12.410,0.346
Colo_rep9_Dep6_Tu0.3,0.034,18.391,3.612,0.002,41.327,3.688,0.968,0.222,3.324,4.253,20.536,1.954,1.135,0.556
Colo_rep1_Dep6_Tu10,0.031,20.357,1.092,0.001,18.381,10.328,5.215,2.788,4.287,6.049,11.151,4.064,13.140,3.115
Colo_rep6_Dep6_Tu0.3,0.034,10.061,2.493,0.000,33.788,3.518,2.438,2.738,3.034,5.023,19.364,2.592,14.583,0.334
Colo_rep6_Dep6_Tu0.5,0.023,12.114,2.996,0.001,18.952,4.399,3.835,0.173,5.899,4.967,11.846,1.392,32.021,1.381
Colo_rep10_Dep6_Tu10,0.070,41.766,1.310,0.012,1.252,12.756,5.152,3.495,4.426,5.613,10.664,2.673,7.568,3.243
Colo_rep10_Dep6_Tu1,0.002,7.114,4.223,0.000,26.598,4.666,3.359,3.363,1.989,9.508,10.539,2.319,25.874,0.447
Colo_rep10_Dep6_Tu5,0.142,6.797,2.057,0.808,34.629,6.015,2.949,2.650,5.118,3.953,13.668,3.655,14.878,2.681
Colo_rep10_Dep6_Tu40,0.935,4.346,7.844,0.294,9.394,31.950,3.413,2.361,4.915,7.564,12.513,2.957,7.943,3.571
Colo_rep10_Dep6_Tu0.5,0.007,20.329,2.304,0.000,17.965,3.505,4.707,2.068,4.357,4.110,14.205,4.307,20.738,1.398
Colo_rep1_Dep6_Tu1,0.002,19.921,2.714,0.000,25.774,3.695,4.051,1.922,5.075,5.329,0.840,2.025,27.862,0.793
Colo_rep7_Dep6_Tu20,0.580,17.215,2.708,0.101,12.282,18.100,4.617,1.517,4.026,7.475,11.038,2.263,15.048,3.029
Colo_rep6_Dep6_Tu10,0.131,24.711,5.525,0.046,12.583,12.299,1.678,1.883,0.361,2.684,14.238,5.225,15.807,2.831
Colo_rep10_Dep6_Tu3,0.034,12.110,2.830,0.017,39.190,7.059,1.519,2.405,2.540,6.276,16.359,1.872,6.699,1.092
Colo_rep1_Dep6_Tu30,1.597,16.696,4.867,1.990,12.081,6.121,3.402,1.774,1.703,11.007,13.245,6.497,17.842,1.179
Colo_rep1_Dep6_Tu0.1,0.100,14.111,2.324,0.010,30.694,3.475,2.158,1.632,2.301,4.934,11.499,1.794,24.371,0.597
Colo_rep7_Dep6_Tu5,0.208,8.703,3.591,0.378,26.853,4.106,2.602,1.696,4.590,6.753,7.047,2.182,30.140,1.151
Colo_rep7_Dep6_Tu0.1,0.007,12.568,1.344,0.002,30.864,2.911,2.049,3.037,1.690,6.367,13.076,2.023,23.034,1.030
Colo_rep6_Dep6_Tu40,1.288,9.212,3.295,0.147,9.982,34.103,2.927,4.712,3.767,2.834,10.252,4.071,9.021,4.389
Colo_rep8_Dep6_Tu2,0.017,16.852,4.180,0.001,18.458,4.792,2.891,0.242,2.137,4.734,14.864,3.747,26.338,0.748
Colo_rep7_Dep6_Tu0.5,0.008,28.126,2.305,0.000,10.528,4.123,2.432,2.864,1.053,8.338,8.833,1.972,28.085,1.333
Colo_rep5_Dep6_Tu20,0.496,6.963,5.240,0.007,18.724,13.135,4.375,2.999,3.733,6.618,2.587,5.948,28.129,1.046
Colo_rep8_Dep6_Tu0.3,0.006,9.691,2.049,0.008,29.303,4.412,0.416,1.869,3.263,2.058,14.975,1.748,29.675,0.526
Colo_rep4_Dep6_Tu5,0.010,20.329,4.403,0.000,8.929,6.731,1.595,0.204,4.355,7.175,16.320,4.085,24.729,1.135
Colo_rep9_Dep6_Tu1,0.020,33.538,3.933,0.006,9.761,3.360,2.351,1.194,1.556,6.210,13.047,1.232,22.617,1.174
Colo_rep1_Dep6_Tu0.5,0.055,1.854,4.171,0.009,39.371,0.733,2.813,2.983,2.189,7.113,12.056,1.750,23.771,1.132
Colo_rep8_Dep6_Tu3,0.012,6.525,4.160,0.000,26.047,8.410,1.640,1.381,1.637,6.425,12.518,2.985,27.160,1.099
Colo_rep5_Dep6_Tu0.3,0.009,16.776,1.963,0.001,24.483,4.871,1.557,1.718,2.801,6.121,16.405,3.708,18.605,0.981
Colo_rep2_Dep6_Tu30,1.742,10.585,6.020,0.055,1.712,19.500,2.575,3.120,3.300,7.605,15.245,2.985,24.729,0.826
Colo_rep7_Dep6_Tu10,0.069,24.917,5.562,0.001,16.035,9.762,3.061,1.739,5.152,9.167,11.010,1.793,9.846,1.887
Colo_rep2_Dep6_Tu40,3.898,9.445,3.343,1.826,9.709,16.704,9.003,2.830,5.395,7.283,10.846,2.958,16.735,0.024
Colo_rep3_Dep6_Tu0.1,0.014,24.652,3.630,0.000,21.518,3.333,0.849,1.366,2.589,5.989,18.740,2.993,13.760,0.567
Colo_rep3_Dep6_Tu1,0.016,25.895,1.910,0.000,13.041,2.443,2.934,1.584,1.955,3.916,14.170,3.307,28.604,0.225
Colo_rep8_Dep6_Tu1,0.004,40.720,2.320,0.003,2.987,4.752,2.493,1.939,2.226,3.342,13.497,3.742,20.835,1.141
Colo_rep4_Dep6_Tu1,0.016,10.975,4.441,0.000,29.881,5.222,0.605,1.386,3.941,6.845,14.245,3.943,16.714,1.786
Colo_rep5_Dep6_Tu40,0.375,0.476,6.172,0.069,6.397,30.157,4.081,4.665,4.143,6.419,9.947,5.766,17.829,3.504
Colo_rep5_Dep6_Tu10,0.170,4.204,4.416,0.041,20.781,7.828,3.985,0.882,5.051,8.312,10.139,2.516,29.534,2.139
Colo_rep2_Dep6_Tu0.3,0.019,19.556,2.670,0.000,24.570,4.689,1.082,1.168,2.538,8.406,9.262,2.071,22.980,0.990
Colo_rep10_Dep6_Tu30,1.176,19.763,4.190,0.182,10.619,19.034,2.733,1.447,4.212,6.963,12.323,3.510,10.459,3.389
Colo_rep1_Dep6_Tu40,2.771,5.632,3.386,0.368,12.235,28.819,2.601,1.421,8.434,7.554,6.054,3.633,15.200,1.892
Colo_rep6_Dep6_Tu0.1,0.034,13.362,3.056,0.000,27.567,4.536,2.507,2.271,3.438,5.093,15.636,0.914,19.303,2.282
Colo_rep7_Dep6_Tu40,1.071,5.504,2.491,0.566,8.856,31.286,4.306,4.016,3.767,7.881,9.861,3.591,14.439,2.364
Colo_rep1_Dep6_Tu50,2.078,2.482,4.976,1.147,5.900,40.452,5.233,2.374,5.117,9.091,8.590,4.862,6.457,1.241
Colo_rep1_Dep6_Tu0.3,0.006,2.399,3.496,0.001,41.783,3.512,3.205,3.758,0.870,4.029,11.669,2.958,21.540,0.775
Colo_rep9_Dep6_Tu20,0.943,15.502,3.173,0.002,17.614,16.627,3.247,3.857,2.768,11.117,6.644,1.886,14.576,2.044
Colo_rep4_Dep6_Tu10,0.269,6.387,3.098,0.020,19.491,11.282,1.919,2.328,1.107,8.546,11.964,2.575,26.206,4.807
Colo_rep6_Dep6_Tu5,0.015,18.335,1.713,0.001,24.671,6.510,3.028,3.647,0.514,5.325,12.212,2.524,19.840,1.665
Colo_rep9_Dep6_Tu5,0.096,35.616,3.273,0.038,19.352,4.416,4.964,3.695,0.701,8.195,2.286,4.865,11.248,1.255
Colo_rep3_Dep6_Tu50,2.046,0.701,2.494,1.063,10.978,39.459,0.303,7.153,0.494,7.617,12.588,3.805,8.587,2.714
Colo_rep5_Dep6_Tu1,0.020,24.715,4.027,0.002,22.113,3.985,1.790,2.149,5.085,7.820,15.352,2.287,8.807,1.848
Colo_rep5_Dep6_Tu3,0.037,1.675,4.395,0.022,51.455,5.220,1.936,2.646,1.899,5.883,17.521,3.322,3.019,0.971
Colo_rep2_Dep6_Tu1,0.133,17.686,3.340,0.004,37.592,2.627,1.605,2.223,2.924,8.830,15.987,2.523,3.408,1.119
Colo_rep7_Dep6_Tu1,0.013,31.877,1.187,0.001,14.672,4.443,2.263,1.300,2.864,0.242,15.640,1.871,22.968,0.658
Colo_rep5_Dep6_Tu2,0.013,8.747,2.963,0.001,24.685,5.997,1.236,1.538,7.899,3.547,15.115,2.896,23.933,1.432
Colo_rep4_Dep6_Tu40,2.000,5.627,4.772,0.064,6.495,30.891,3.203,4.472,2.436,9.053,10.975,5.104,11.053,3.856
Colo_rep2_Dep6_Tu20,0.161,10.068,1.744,0.006,20.556,22.043,4.602,5.957,3.765,1.021,10.319,2.851,14.483,2.425
Colo_rep4_Dep6_Tu0.5,0.007,24.136,2.093,0.000,34.324,3.466,3.630,2.755,0.046,5.514,13.859,3.832,4.414,1.922
Colo_rep2_Dep6_Tu5,0.088,9.581,3.740,0.016,26.149,5.063,1.714,1.175,3.396,7.858,8.882,4.109,26.515,1.715
Colo_rep2_Dep6_Tu3,0.030,19.064,1.227,0.011,34.263,4.135,1.605,2.175,3.013,10.589,9.676,1.980,12.090,0.143
Colo_rep3_Dep6_Tu10,0.720,22.585,2.410,0.120,11.197,10.184,4.403,1.100,2.026,9.013,8.840,0.896,26.293,0.212
Colo_rep8_Dep6_Tu0.5,0.020,13.591,1.305,0.007,33.248,3.878,3.294,3.220,3.418,3.283,13.453,1.715,17.743,1.825
Colo_rep7_Dep6_Tu3,0.075,20.621,2.562,0.004,20.202,0.858,4.637,1.236,3.588,5.515,13.524,3.127,23.374,0.677
Colo_rep3_Dep6_Tu0.5,0.008,23.054,3.785,0.000,19.943,3.512,2.787,0.332,4.182,4.877,18.351,2.896,15.726,0.547
Colo_rep3_Dep6_Tu20,0.902,4.553,3.776,0.080,24.659,14.126,2.966,3.328,4.365,8.662,8.092,1.652,21.341,1.499
Colo_rep1_Dep6_Tu2,0.350,21.459,2.511,0.001,28.375,3.883,2.242,2.995,2.383,2.803,7.113,2.973,19.976,2.935
Colo_rep9_Dep6_Tu50,4.175,9.613,3.392,0.367,4.182,46.373,3.092,5.126,1.123,8.397,0.405,2.698,8.836,2.221
Colo_rep3_Dep6_Tu0.3,0.010,4.300,3.400,0.000,14.940,6.262,3.703,1.361,0.483,8.801,17.154,2.315,32.684,4.588
Colo_rep1_Dep6_Tu3,0.001,12.252,4.402,0.001,2.671,7.918,2.748,1.089,4.614,8.713,6.329,0.887,45.629,2.747
Br62_rep5_Dep6_Tu0.5,0.145,2.959,0.758,0.008,38.764,3.972,1.454,1.828,2.795,4.223,12.225,1.499,26.509,2.860
Br62_rep5_Dep6_Tu3,0.457,16.067,2.065,2.092,21.719,6.354,2.203,1.911,2.247,6.472,8.588,2.299,17.872,9.655
Br62_rep6_Dep6_Tu30,14.175,3.249,1.350,8.839,5.254,5.583,4.479,4.444,2.807,6.501,3.685,2.582,6.877,30.176
Br62_rep7_Dep6_Tu20,9.694,2.505,0.778,5.945,10.114,3.236,2.943,1.074,1.370,9.567,6.697,3.122,6.657,36.299
Br62_rep2_Dep6_Tu40,19.982,2.985,3.318,15.375,2.445,0.918,5.169,3.194,3.885,2.322,2.096,1.227,2.358,34.724
Br62_rep8_Dep6_Tu0.5,0.020,2.269,3.191,0.004,37.698,4.621,4.068,2.301,2.963,5.734,12.207,1.193,18.427,5.304
Br62_rep5_Dep6_Tu2,0.493,12.224,3.618,1.049,27.647,0.186,0.969,0.356,7.724,6.153,11.338,4.651,14.350,9.241
Br62_rep4_Dep6_Tu50,21.581,1.169,0.403,19.256,0.783,0.851,1.275,2.256,3.934,3.148,0.520,2.519,0.693,41.611
Br62_rep8_Dep6_Tu40,18.705,1.431,3.559,13.285,1.108,1.398,2.250,5.203,1.432,5.152,0.519,3.188,0.879,41.891
Br62_rep7_Dep6_Tu2,0.055,10.104,3.204,0.014,31.271,4.409,2.141,2.301,2.346,6.791,11.116,2.235,17.127,6.887
Br62_rep9_Dep6_Tu40,19.987,2.408,0.255,14.366,0.475,1.107,2.356,5.562,3.244,2.981,2.834,0.939,3.152,40.335
Br62_rep10_Dep6_Tu2,0.205,4.956,4.190,0.176,33.616,3.530,2.572,2.791,2.131,4.304,11.465,3.122,22.437,4.504
Br62_rep6_Dep6_Tu10,0.547,9.574,1.828,4.714,18.289,5.920,0.572,1.635,6.742,2.614,10.968,4.505,11.154,20.938
Br62_rep2_Dep6_Tu2,0.129,16.400,2.828,0.000,27.575,5.157,2.473,3.679,2.406,1.440,13.311,2.477,13.417,8.708
Br62_rep9_Dep6_Tu5,0.086,24.930,7.367,0.105,11.065,5.853,4.111,4.189,0.365,5.519,5.651,5.024,9.405,16.329
Br62_rep6_Dep6_Tu40,19.338,9.427,0.383,17.952,1.335,2.245,0.376,0.162,3.354,3.651,3.319,2.360,0.053,36.044
Br62_rep4_Dep6_Tu20,6.360,5.080,1.169,10.535,6.447,2.354,5.282,4.842,3.392,4.337,1.719,3.482,11.430,33.572
Br62_rep9_Dep6_Tu1,0.010,13.998,6.789,0.002,32.499,5.020,0.788,1.462,2.512,6.492,15.523,2.452,1.161,11.291
Br62_rep1_Dep6_Tu0.3,0.015,27.615,2.556,0.002,1.516,4.092,1.251,1.514,3.243,5.541,17.846,2.784,30.291,1.732
Br62_rep3_Dep6_Tu5,0.542,10.361,2.405,1.163,20.932,4.830,1.831,1.328,2.196,8.079,11.048,2.480,23.974,8.832
Br62_rep9_Dep6_Tu50,23.219,1.192,1.420,20.120,1.632,1.561,1.845,0.848,3.433,4.710,0.166,2.303,0.338,37.212
Br62_rep5_Dep6_Tu30,10.314,5.298,5.364,10.149,5.798,3.484,3.299,1.832,4.456,8.811,2.998,1.703,4.196,32.299
Br62_rep9_Dep6_Tu0.5,0.010,18.023,3.875,0.029,22.324,1.625,2.492,1.706,3.850,5.984,6.367,2.341,29.592,1.782
Br62_rep1_Dep6_Tu20,7.417,8.254,1.261,6.227,1.360,6.590,3.821,5.469,4.406,2.267,5.466,5.178,10.062,32.224
Br62_rep4_Dep6_Tu2,0.053,5.511,3.511,0.270,30.265,3.294,1.568,2.829,2.496,3.892,15.076,4.006,23.691,3.539
Br62_rep8_Dep6_Tu3,0.292,16.151,1.911,0.249,16.473,7.738,1.301,0.753,4.214,6.352,8.410,3.291,22.111,10.756
Br62_rep2_Dep6_Tu5,0.978,7.414,1.968,1.834,24.555,4.203,1.890,2.761,2.990,7.916,8.396,3.239,14.418,17.436
Br62_rep2_Dep6_Tu1,0.017,27.459,6.167,0.014,17.249,4.184,0.195,0.503,5.372,7.641,16.066,1.104,12.906,1.123
Br62_rep8_Dep6_Tu1,0.005,3.663,4.912,0.012,32.115,5.139,2.115,0.704,2.696,5.311,11.115,4.651,23.958,3.605
Br62_rep10_Dep6_Tu0.1,0.007,22.866,2.086,0.000,26.944,3.803,3.306,3.514,2.408,2.386,12.925,2.764,16.247,0.743
Br62_rep3_Dep6_Tu40,21.164,2.112,0.901,16.556,0.435,2.872,1.129,2.913,4.495,2.956,2.742,2.385,1.841,37.499
Br62_rep8_Dep6_Tu0.3,0.034,15.538,4.152,0.034,41.566,4.672,0.813,1.908,2.238,5.040,18.382,1.659,1.089,2.875
Br62_rep4_Dep6_Tu0.5,0.006,37.948,3.079,0.000,9.147,4.533,2.352,1.346,2.638,5.616,4.536,3.326,22.228,3.244
Br62_rep6_Dep6_Tu50,19.633,2.538,1.492,19.637,1.507,1.553,2.230,2.361,6.428,4.279,1.002,2.043,0.531,34.766
Br62_rep7_Dep6_Tu0.1,0.017,19.895,2.663,0.002,30.934,2.700,2.130,2.617,3.076,6.078,14.269,1.030,13.900,0.691
Br62_rep9_Dep6_Tu30,12.817,5.760,4.265,5.889,3.972,3.565,1.702,3.703,3.492,3.270,3.279,6.785,6.472,35.032
Br62_rep6_Dep6_Tu20,5.664,3.622,5.211,6.743,13.911,1.544,2.852,2.962,5.885,4.731,7.311,3.508,8.317,27.739
Br62_rep5_Dep6_Tu5,0.926,3.747,4.126,0.668,25.004,6.447,1.941,2.359,4.839,8.660,10.260,2.841,16.843,11.339
Br62_rep4_Dep6_Tu40,15.535,3.434,1.630,17.625,2.077,2.395,2.487,2.912,2.407,5.554,2.492,1.142,1.842,38.467
Br62_rep8_Dep6_Tu0.1,0.021,15.384,1.641,0.003,25.570,1.917,4.906,3.220,1.303,5.704,10.651,3.464,25.872,0.345
Br62_rep1_Dep6_Tu40,19.345,2.502,3.960,16.834,0.860,0.653,2.123,2.125,3.186,3.951,2.007,3.274,1.169,38.012
Br62_rep3_Dep6_Tu30,12.659,10.528,7.359,12.276,3.244,0.513,2.672,2.079,1.071,5.939,2.070,2.135,0.961,36.494
Br62_rep7_Dep6_Tu0.5,0.018,21.695,2.049,0.002,7.755,3.902,1.345,1.614,2.698,8.470,14.529,2.332,31.987,1.603
Br62_rep1_Dep6_Tu10,0.229,23.705,0.046,4.227,2.390,7.614,4.948,1.861,4.047,5.884,12.399,5.203,9.793,17.654
Br62_rep10_Dep6_Tu20,9.553,8.172,6.134,2.691,6.547,2.811,3.934,5.266,6.812,1.676,8.970,1.858,2.247,33.329
Br62_rep1_Dep6_Tu5,0.583,8.313,3.613,0.399,23.918,5.544,4.120,0.769,5.400,6.183,9.502,1.788,13.977,15.891
Br62_rep3_Dep6_Tu50,21.087,4.240,1.118,19.472,1.377,1.468,4.633,1.905,2.987,2.075,3.470,2.966,0.425,32.777
Br62_rep1_Dep6_Tu3,0.533,7.270,4.005,1.645,23.109,1.316,2.343,1.670,1.964,8.843,14.910,1.355,24.692,6.345
Br62_rep7_Dep6_Tu30,15.380,2.616,1.016,9.747,6.731,4.568,1.453,1.839,0.308,7.929,3.712,3.951,3.586,37.162
Br62_rep6_Dep6_Tu1,0.317,28.495,0.327,0.063,24.830,5.007,2.146,0.914,2.520,5.548,13.257,3.142,10.123,3.312
Br62_rep1_Dep6_Tu0.5,0.052,6.264,4.067,0.018,38.816,1.270,1.715,5.056,3.004,4.984,13.020,1.611,18.500,1.622
Br62_rep1_Dep6_Tu0.1,0.030,16.156,0.871,0.004,25.755,4.392,1.798,1.786,1.380,5.812,8.837,1.943,30.595,0.641
Br62_rep9_Dep6_Tu3,0.122,10.102,3.959,0.655,25.447,5.165,3.426,0.446,3.453,4.797,11.741,4.097,17.204,9.386
Br62_rep5_Dep6_Tu40,15.134,0.766,3.914,14.358,0.220,2.636,3.558,4.912,1.468,3.796,2.506,5.216,3.716,37.801
Br62_rep10_Dep6_Tu3,0.123,1.718,4.703,0.080,21.200,4.109,1.941,3.003,1.403,8.701,13.575,2.508,23.829,13.105
Br62_rep2_Dep6_Tu0.3,0.055,11.515,2.423,0.001,30.480,4.337,1.944,1.819,0.792,7.761,8.985,3.291,23.936,2.662
Br62_rep10_Dep6_Tu40,17.299,0.927,4.216,11.261,0.049,4.697,4.138,2.393,3.193,5.347,4.871,1.869,0.948,38.792
Br62_rep3_Dep6_Tu2,0.150,9.439,1.696,0.310,30.334,2.275,2.415,3.521,4.463,4.087,6.238,2.824,26.843,5.405
Br62_rep5_Dep6_Tu1,0.200,19.716,0.309,0.068,15.258,6.704,1.709,1.721,5.235,6.234,15.019,3.363,19.036,5.427
Br62_rep4_Dep6_Tu1,0.039,15.967,3.380,0.011,25.722,4.379,5.577,0.607,2.904,3.398,12.388,4.301,16.156,5.170
Br62_rep10_Dep6_Tu0.5,0.007,38.946,2.897,0.000,3.544,3.763,5.756,1.717,3.926,1.081,14.368,4.651,15.657,3.686
Br62_rep5_Dep6_Tu20,9.410,9.012,7.528,6.349,9.113,3.643,4.088,2.700,7.168,2.839,4.469,0.346,3.887,29.449
Br62_rep6_Dep6_Tu0.3,0.149,5.959,4.006,0.011,24.376,2.463,0.984,2.098,2.555,7.167,17.523,3.782,27.017,1.910
Br62_rep9_Dep6_Tu0.3,0.016,17.682,4.014,0.001,22.457,5.018,0.797,0.844,2.099,5.114,16.869,1.588,22.836,0.665
Br62_rep2_Dep6_Tu20,7.328,1.716,3.530,5.815,15.136,6.639,2.682,3.417,4.676,10.153,5.580,0.794,1.769,30.765
Br62_rep6_Dep6_Tu0.5,0.019,25.037,3.861,0.036,14.170,2.610,4.107,1.138,4.767,5.521,10.361,2.108,23.314,2.949
Br62_rep8_Dep6_Tu10,1.524,6.316,6.102,2.062,17.581,5.158,4.576,5.234,3.218,4.609,4.326,2.199,18.413,18.681
Br62_rep2_Dep6_Tu0.1,0.012,14.817,3.414,0.000,29.829,4.624,2.783,3.630,1.639,7.121,6.433,3.528,20.682,1.489
Br62_rep5_Dep6_Tu10,5.678,2.225,7.867,2.416,15.900,2.321,4.934,3.337,0.478,6.945,12.439,3.653,5.644,26.163
Br62_rep10_Dep6_Tu10,4.380,25.631,3.660,1.841,1.183,5.650,4.019,7.299,5.238,0.342,11.759,0.584,10.150,18.266
Br62_rep4_Dep6_Tu10,0.702,15.342,3.617,3.333,15.332,4.531,3.139,2.599,1.581,7.563,13.616,2.833,6.125,19.685
Br62_rep3_Dep6_Tu0.1,0.003,33.717,1.460,0.001,0.411,3.625,1.960,0.940,2.577,6.618,16.595,2.332,28.442,1.319
Br62_rep2_Dep6_Tu50,24.070,1.199,1.811,16.152,1.702,1.070,1.533,2.935,1.712,2.354,0.089,2.077,0.295,43.000
Br62_rep9_Dep6_Tu10,0.511,12.595,7.082,4.222,8.277,8.302,2.634,2.284,3.311,1.697,14.320,2.364,12.497,19.905
Br62_rep5_Dep6_Tu0.3,0.038,41.097,2.162,0.001,9.220,6.434,1.537,2.577,1.356,5.164,14.833,4.387,9.829,1.364
Br62_rep8_Dep6_Tu50,21.446,1.744,1.719,20.569,0.664,1.922,4.332,3.866,0.132,1.893,1.417,4.341,0.727,35.229
Br62_rep4_Dep6_Tu0.3,0.004,20.115,5.544,0.000,22.277,4.821,0.498,1.641,3.538,5.344,21.454,3.990,6.314,4.461
Br62_rep7_Dep6_Tu1,0.169,25.461,1.260,0.003,9.018,4.298,2.009,0.787,2.903,3.312,16.790,2.050,24.064,7.876
Br62_rep3_Dep6_Tu0.5,0.241,19.041,1.327,0.064,20.920,5.805,0.241,2.904,4.229,2.412,19.137,2.701,19.598,1.379
Br62_rep7_Dep6_Tu40,10.816,2.694,3.163,16.928,1.656,3.177,3.474,4.973,0.711,5.652,1.606,4.604,1.159,39.388
Br62_rep2_Dep6_Tu3,0.396,27.700,3.794,0.022,5.326,5.760,0.219,4.088,2.287,8.349,13.996,2.775,14.789,10.499
Br62_rep2_Dep6_Tu0.5,0.022,8.410,4.897,0.001,39.102,4.744,1.922,2.552,2.706,1.673,17.504,1.759,13.790,0.917
Br62_rep1_Dep6_Tu50,20.510,1.096,2.354,16.509,1.015,0.765,1.035,1.909,4.202,8.543,1.158,2.921,0.685,37.297
Br62_rep3_Dep6_Tu3,1.398,10.689,4.985,0.075,35.570,4.294,2.597,4.156,2.075,6.543,6.846,3.961,2.836,13.975
Br62_rep7_Dep6_Tu3,0.904,9.617,1.566,0.099,25.664,5.574,4.713,2.226,2.589,4.935,10.957,3.583,16.861,10.713
Br62_rep3_Dep6_Tu0.3,0.003,3.082,4.153,0.000,42.020,5.372,3.023,2.520,2.936,5.706,17.551,1.497,6.890,5.250
Br62_rep8_Dep6_Tu30,13.573,5.570,5.452,9.790,2.204,3.772,1.136,3.260,3.633,7.037,4.536,2.700,2.826,34.510
Br62_rep4_Dep6_Tu30,13.760,2.190,2.175,14.026,10.984,2.862,1.053,1.897,2.187,7.156,3.000,1.882,1.391,35.437
Br62_rep6_Dep6_Tu3,0.214,16.485,0.019,0.495,17.996,6.990,4.370,1.753,0.779,6.632,11.301,2.650,17.713,12.602
Br62_rep4_Dep6_Tu0.1,0.014,20.041,2.501,0.003,34.003,4.078,2.598,1.834,1.706,5.226,9.435,2.212,15.716,0.634
Br62_rep8_Dep6_Tu5,0.167,16.415,5.396,0.737,12.291,6.603,2.701,2.642,4.713,4.042,10.418,3.994,15.032,14.850
Br62_rep10_Dep6_Tu50,27.164,1.596,0.227,18.812,1.331,0.078,3.038,0.373,5.350,4.684,1.869,0.876,1.091,33.510
Br62_rep10_Dep6_Tu0.3,0.004,36.819,4.784,0.000,11.319,7.051,1.438,4.094,2.209,2.667,19.294,3.218,6.238,0.865
Br62_rep3_Dep6_Tu20,10.909,5.843,3.351,4.714,4.290,1.462,1.135,3.461,3.459,8.590,8.749,1.084,10.557,32.395
Br62_rep1_Dep6_Tu1,0.026,18.221,2.465,0.002,16.754,3.907,3.254,1.474,3.225,6.242,10.722,3.110,28.282,2.315
Br62_rep3_Dep6_Tu1,0.040,33.448,1.609,0.001,4.435,3.972,2.288,1.629,2.750,3.027,16.691,3.622,23.444,3.044
Br62_rep9_Dep6_Tu2,0.247,26.150,2.379,0.110,14.720,7.819,1.753,1.480,4.274,1.399,14.380,3.088,14.673,7.526
Br62_rep7_Dep6_Tu50,24.009,2.098,2.334,17.554,1.139,0.557,3.765,2.683,3.819,0.318,0.966,0.490,0.227,40.043
Br62_rep7_Dep6_Tu5,0.323,23.373,3.915,1.684,5.341,6.690,3.298,5.207,0.493,4.556,11.142,2.043,18.493,13.443
Br62_rep8_Dep6_Tu2,0.120,11.767,4.007,0.245,11.256,5.555,3.785,0.317,3.133,6.119,8.025,4.016,29.533,12.123
Br62_rep5_Dep6_Tu0.1,0.016,18.186,3.867,0.001,30.303,5.070,3.694,3.354,0.281,2.876,11.590,0.776,18.875,1.111
Br62_rep6_Dep6_Tu5,0.073,5.653,3.678,0.816,28.717,6.504,4.017,1.944,3.392,1.223,9.572,2.816,15.917,15.678
Br62_rep9_Dep6_Tu20,8.005,9.535,2.522,6.300,7.961,4.176,2.568,5.119,0.841,8.714,6.610,1.884,2.766,33.000
Br62_rep2_Dep6_Tu30,16.424,4.619,3.730,12.196,3.229,1.165,1.457,0.867,3.813,3.471,4.305,1.376,5.902,37.446
Br62_rep7_Dep6_Tu10,2.956,6.962,4.774,1.934,27.366,2.042,1.853,4.364,4.284,4.554,12.453,3.206,1.383,21.870
Br62_rep6_Dep6_Tu0.1,0.079,6.247,2.539,0.004,33.135,3.808,1.047,1.523,3.948,6.430,14.254,2.122,22.830,2.032
Br62_rep5_Dep6_Tu50,25.407,1.288,3.778,15.161,1.400,0.365,1.618,1.492,2.560,2.873,0.679,2.396,0.445,40.538
Br62_rep10_Dep6_Tu1,0.007,12.912,4.871,0.007,19.146,2.791,2.148,1.104,3.111,9.248,17.148,4.280,21.341,1.886
Br62_rep1_Dep6_Tu30,7.466,3.650,1.738,10.194,7.583,6.152,2.205,2.902,3.480,8.083,4.469,3.707,2.286,36.084
Br62_rep7_Dep6_Tu0.3,0.028,23.119,4.819,0.007,33.661,3.101,1.900,0.036,3.032,8.427,15.128,2.761,0.676,3.307
Br62_rep2_Dep6_Tu10,0.420,11.421,4.573,2.182,24.757,8.024,2.475,3.418,3.697,2.207,6.183,4.205,6.498,19.940
Br62_rep9_Dep6_Tu0.1,0.012,5.680,3.824,0.000,34.464,3.723,3.400,2.197,5.049,5.689,12.514,3.680,18.606,1.162
Br62_rep3_Dep6_Tu10,1.140,10.195,3.899,3.442,16.417,2.177,3.517,2.637,2.358,10.276,7.396,3.342,14.992,18.212
Br62_rep4_Dep6_Tu5,0.475,4.574,4.712,1.515,20.817,0.104,3.370,7.373,1.259,1.751,14.678,4.796,21.363,13.213
Br62_rep8_Dep6_Tu20,10.723,12.471,1.709,7.539,1.266,1.329,1.193,4.377,3.391,4.680,6.394,3.664,13.827,27.436
Br62_rep1_Dep6_Tu2,0.467,6.470,2.952,0.327,35.931,4.735,3.680,1.811,2.230,7.900,1.911,1.882,23.418,6.286
Br62_rep10_Dep6_Tu5,0.956,10.426,3.648,0.200,21.409,5.175,3.735,3.864,4.759,3.039,2.692,3.932,22.472,13.694
Br62_rep10_Dep6_Tu30,10.839,12.114,6.021,9.267,3.049,0.269,0.283,4.142,5.019,0.059,7.538,3.530,4.069,33.800
Br62_rep6_Dep6_Tu2,0.108,17.812,3.321,0.026,18.015,6.876,1.843,0.435,6.187,5.897,6.519,2.617,23.117,7.227
Br62_rep4_Dep6_Tu3,0.166,19.269,5.417,0.014,10.313,4.872,3.358,3.857,4.962,0.750,1.023,3.370,31.889,10.740
Br66_rep4_Dep6_Tu50,49.923,6.808,2.098,5.608,6.134,0.112,2.338,0.828,3.450,2.061,6.211,2.307,4.464,7.657
Br66_rep3_Dep6_Tu0.5,0.161,31.690,1.333,0.000,4.497,3.913,2.296,0.847,4.082,6.015,18.608,1.990,22.807,1.761
Br66_rep2_Dep6_Tu3,0.467,1.873,3.037,0.002,38.447,3.932,1.531,1.848,2.893,10.160,9.306,2.974,21.311,2.219
Br66_rep6_Dep6_Tu40,35.556,13.711,5.041,5.355,3.928,2.978,0.998,1.367,3.946,1.840,3.654,2.570,6.419,12.637
Br66_rep9_Dep6_Tu0.1,0.004,13.782,3.705,0.000,33.173,4.336,2.837,1.560,5.009,6.136,15.848,3.875,8.875,0.862
Br66_rep9_Dep6_Tu5,4.029,22.160,3.846,1.787,18.766,4.779,2.998,1.589,3.916,8.082,8.223,1.698,13.760,4.368
Br66_rep10_Dep6_Tu1,0.301,21.716,3.473,0.062,22.761,5.522,0.544,1.019,1.712,7.871,11.206,3.513,19.961,0.340
Br66_rep6_Dep6_Tu20,17.570,22.224,3.580,3.991,5.030,3.214,1.282,2.209,3.818,4.052,9.757,2.435,9.909,10.928
Br66_rep10_Dep6_Tu30,29.942,14.962,3.498,4.144,6.965,1.236,0.974,2.708,2.944,1.926,10.398,2.435,8.508,9.360
Br66_rep10_Dep6_Tu5,4.689,21.343,3.367,0.090,21.201,6.136,4.673,0.798,1.718,5.822,10.065,1.731,15.462,2.905
Br66_rep7_Dep6_Tu1,0.155,21.042,2.395,0.002,22.327,3.277,1.521,1.265,1.476,4.913,14.836,1.988,22.711,2.092
Br66_rep6_Dep6_Tu0.3,0.024,22.320,3.199,0.001,26.225,3.631,1.018,1.934,2.558,6.107,22.169,3.841,6.518,0.457
Br66_rep1_Dep6_Tu30,30.358,17.843,2.886,3.492,6.573,2.790,2.709,0.815,4.420,2.108,6.790,2.294,5.988,10.932
Br66_rep3_Dep6_Tu1,0.140,17.284,2.229,0.000,26.281,2.484,2.817,1.910,1.709,3.654,13.650,3.651,23.586,0.606
Br66_rep3_Dep6_Tu30,31.626,11.656,3.202,4.723,12.296,1.786,1.761,2.656,1.828,2.620,5.437,1.207,8.092,11.111
Br66_rep9_Dep6_Tu1,0.336,10.125,5.990,0.001,34.502,5.086,0.958,0.608,2.363,5.589,15.320,2.001,14.824,2.296
Br66_rep9_Dep6_Tu40,38.915,11.497,3.027,6.196,8.046,0.635,0.178,4.551,2.252,0.724,6.776,1.842,6.334,9.027
Br66_rep5_Dep6_Tu1,0.065,7.056,6.005,0.001,24.923,4.703,2.494,2.228,4.750,6.852,17.913,3.292,13.750,5.970
Br66_rep2_Dep6_Tu5,0.960,27.376,5.103,0.003,18.943,7.045,2.233,1.004,3.365,8.257,9.715,1.713,12.018,2.264
Br66_rep5_Dep6_Tu30,26.818,8.584,2.213,3.008,10.794,3.299,4.115,3.276,0.861,8.916,4.735,0.879,8.279,14.222
Br66_rep7_Dep6_Tu50,44.163,5.778,2.886,7.565,0.152,0.359,0.306,3.493,1.428,6.348,6.090,1.946,5.702,13.784
Br66_rep4_Dep6_Tu40,37.613,6.090,1.615,7.425,5.200,3.857,2.308,2.231,2.021,5.537,5.731,2.082,4.846,13.445
Br66_rep8_Dep6_Tu5,3.920,6.269,4.312,0.101,26.329,6.968,3.288,0.806,4.843,6.332,10.769,3.426,18.840,3.798
Br66_rep9_Dep6_Tu2,0.175,13.715,2.234,0.247,35.203,6.672,1.816,2.423,2.108,7.031,6.774,2.565,16.965,2.070
Br66_rep6_Dep6_Tu30,26.782,7.671,4.076,4.236,10.307,2.437,2.032,4.475,4.123,2.060,8.000,4.542,8.754,10.507
Br66_rep4_Dep6_Tu0.1,0.008,9.325,2.491,0.001,34.234,3.738,2.431,0.720,1.618,7.668,7.136,2.135,27.151,1.345
Br66_rep5_Dep6_Tu10,10.776,21.383,1.072,0.217,16.742,3.719,4.135,2.112,2.828,6.366,12.052,0.857,15.342,2.399
Br66_rep3_Dep6_Tu40,37.995,8.032,3.304,6.247,7.059,1.851,1.022,1.933,2.932,3.262,4.665,3.496,8.105,10.095
Br66_rep9_Dep6_Tu0.5,0.005,23.593,3.706,0.000,19.617,3.601,2.254,1.020,4.683,2.917,13.428,2.088,21.535,1.554
Br66_rep8_Dep6_Tu2,1.521,25.550,1.224,0.115,12.736,4.964,4.021,1.718,1.636,4.520,11.598,2.847,27.024,0.528
Br66_rep10_Dep6_Tu2,0.562,20.455,1.315,0.669,19.095,1.064,3.780,1.517,3.803,7.818,11.786,1.632,24.104,2.400
Br66_rep6_Dep6_Tu0.1,0.046,2.242,2.892,0.001,41.923,3.781,2.473,2.186,3.738,3.322,14.661,2.002,19.609,1.123
Br66_rep5_Dep6_Tu0.5,0.007,24.598,2.744,0.001,1.010,2.864,2.008,1.628,1.025,5.045,13.114,2.379,37.746,5.831
Br66_rep2_Dep6_Tu20,19.155,15.365,5.414,2.916,3.455,1.484,4.713,5.041,1.917,4.364,7.639,1.526,8.177,18.833
Br66_rep4_Dep6_Tu0.5,0.068,10.998,3.152,0.000,30.854,3.936,3.316,1.490,0.966,4.712,12.291,3.900,20.914,3.403
Br66_rep4_Dep6_Tu5,1.230,16.321,4.575,0.128,23.244,4.554,3.063,0.724,6.673,7.256,13.360,2.310,11.981,4.581
Br66_rep8_Dep6_Tu0.5,0.017,25.371,2.805,0.002,18.763,4.622,3.382,2.830,1.647,6.444,12.162,1.381,18.141,2.434
Br66_rep5_Dep6_Tu20,16.941,17.630,7.674,2.027,4.095,4.475,3.697,2.289,3.254,2.476,8.837,2.885,14.080,9.641
Br66_rep1_Dep6_Tu3,1.587,22.324,0.265,0.765,11.090,5.036,2.849,1.709,2.539,6.061,11.398,2.289,26.291,5.796
Br66_rep10_Dep6_Tu10,9.708,10.113,3.923,0.590,15.238,4.886,2.615,1.459,4.391,7.289,9.086,0.420,23.677,6.604
Br66_rep3_Dep6_Tu10,3.953,10.908,5.122,0.426,18.640,7.125,3.262,3.668,0.562,8.936,13.566,3.123,5.590,15.118
Br66_rep10_Dep6_Tu40,28.775,13.470,5.492,11.426,8.552,1.253,3.760,2.820,3.293,2.975,4.375,1.987,4.160,7.663
Br66_rep1_Dep6_Tu50,49.642,2.969,3.274,7.224,0.122,0.317,1.671,2.740,2.199,4.577,2.806,1.357,9.110,11.992
Br66_rep10_Dep6_Tu0.5,0.002,5.611,3.310,0.002,39.690,3.100,4.230,0.021,3.074,7.067,9.557,1.982,20.995,1.361
Br66_rep1_Dep6_Tu0.3,0.025,15.883,3.793,0.357,26.725,1.791,2.446,3.258,1.790,3.264,16.401,2.964,20.077,1.225
Br66_rep10_Dep6_Tu0.1,0.008,20.266,2.664,0.000,32.560,3.514,1.944,3.741,3.378,3.041,15.830,4.129,7.941,0.985
Br66_rep8_Dep6_Tu40,39.104,2.438,1.639,7.369,12.446,0.963,2.421,2.185,2.185,0.959,5.002,3.173,6.595,13.520
Br66_rep3_Dep6_Tu20,23.538,13.516,3.696,1.349,13.920,1.934,2.799,1.229,0.080,2.372,12.021,2.535,17.519,3.492
Br66_rep9_Dep6_Tu0.3,0.124,3.693,3.266,0.001,37.645,4.649,0.223,2.384,0.465,6.089,19.167,1.882,18.857,1.558
Br66_rep7_Dep6_Tu0.3,0.007,18.252,2.665,0.017,26.527,5.910,2.227,3.038,0.174,2.674,8.261,3.757,25.039,1.453
Br66_rep5_Dep6_Tu2,0.986,21.495,3.589,0.023,15.438,2.403,2.243,3.373,5.361,6.301,10.813,1.640,23.901,2.433
Br66_rep5_Dep6_Tu0.3,0.036,16.089,5.277,0.015,27.498,3.457,1.330,1.557,3.955,5.702,13.746,3.979,16.375,0.985
Br66_rep6_Dep6_Tu5,5.508,21.350,0.395,0.058,26.169,6.402,3.472,1.896,3.222,5.886,6.107,1.800,10.708,7.025
Br66_rep5_Dep6_Tu3,0.953,19.229,2.806,0.043,19.915,5.991,1.915,2.868,3.236,4.420,9.069,2.942,23.446,3.166
Br66_rep1_Dep6_Tu5,2.617,30.308,2.546,0.242,0.394,4.398,2.812,0.040,5.098,7.655,12.306,1.492,26.270,3.822
Br66_rep6_Dep6_Tu10,9.132,3.615,10.557,0.137,32.173,3.981,2.410,1.574,1.646,3.749,7.105,4.532,15.101,4.288
Br66_rep3_Dep6_Tu5,4.362,26.643,1.475,0.738,9.075,3.805,3.517,1.499,1.793,4.999,9.116,2.702,24.284,5.992
Br66_rep1_Dep6_Tu1,0.075,11.728,3.636,0.000,28.058,3.127,3.401,2.224,3.971,5.384,4.488,3.377,28.575,1.957
Br66_rep4_Dep6_Tu30,24.713,17.851,7.919,6.479,5.844,1.761,2.025,0.554,1.435,5.885,8.616,1.349,6.146,9.424
Br66_rep8_Dep6_Tu20,21.962,12.735,2.128,0.476,25.410,4.966,2.665,3.577,3.294,2.950,7.864,3.591,2.754,5.627
Br66_rep4_Dep6_Tu10,10.210,18.022,2.137,0.643,19.902,6.581,2.519,1.724,1.443,2.969,15.340,2.146,9.379,6.986
Br66_rep2_Dep6_Tu1,0.679,14.650,1.991,0.029,29.464,4.092,1.788,1.191,4.933,6.823,6.198,1.823,24.718,1.623
Br66_rep6_Dep6_Tu2,0.025,23.494,3.706,0.004,11.367,5.257,1.664,3.060,4.028,6.035,13.065,1.843,23.981,2.471
Br66_rep6_Dep6_Tu0.5,0.032,17.567,3.408,0.004,24.497,2.360,4.143,1.104,5.012,5.347,7.894,1.905,25.846,0.880
Br66_rep5_Dep6_Tu0.1,0.030,37.710,3.091,0.000,12.665,5.520,2.728,0.839,2.884,0.549,15.483,2.273,14.446,1.780
Br66_rep2_Dep6_Tu2,0.792,28.658,2.163,0.055,12.115,1.437,3.304,1.540,2.334,6.648,11.652,2.031,24.034,3.238
Br66_rep10_Dep6_Tu50,54.626,9.867,1.585,6.713,4.661,0.339,0.966,1.250,1.525,1.763,3.137,1.141,0.957,11.470
Br66_rep7_Dep6_Tu3,1.206,0.105,2.939,0.002,40.367,6.621,3.144,3.519,4.094,2.969,7.072,2.866,20.829,4.267
Br66_rep7_Dep6_Tu10,9.776,15.253,5.912,0.637,11.342,1.515,2.245,2.596,3.563,1.286,12.656,2.717,24.234,6.268
Br66_rep2_Dep6_Tu0.5,0.015,21.707,3.079,0.000,21.126,3.581,1.594,1.436,1.828,5.248,16.391,2.170,21.045,0.779
Br66_rep5_Dep6_Tu50,45.564,7.472,0.833,11.209,9.615,1.003,0.583,1.262,1.581,1.547,5.760,3.078,5.134,5.361
Br66_rep9_Dep6_Tu20,20.889,17.762,1.341,1.147,16.507,2.645,3.091,4.850,2.727,0.823,10.314,1.226,6.158,10.521
Br66_rep8_Dep6_Tu3,2.464,23.654,5.058,0.110,30.051,5.898,1.939,1.785,1.552,6.926,12.272,2.474,3.680,2.138
Br66_rep9_Dep6_Tu10,5.812,25.351,6.451,0.142,1.699,6.153,4.038,1.773,1.075,4.029,14.674,2.430,20.924,5.449
Br66_rep7_Dep6_Tu2,0.210,18.545,1.674,0.007,27.729,5.047,3.779,0.263,2.645,6.101,10.976,2.617,15.887,4.519
Br66_rep6_Dep6_Tu3,0.645,8.518,3.713,0.041,31.657,7.546,4.828,1.158,3.408,7.152,4.004,0.673,22.997,3.658
Br66_rep1_Dep6_Tu0.5,0.064,14.298,3.838,0.009,26.949,2.199,2.475,3.358,0.694,7.021,12.284,2.092,23.705,1.012
Br66_rep2_Dep6_Tu40,39.520,0.773,1.204,4.701,3.003,2.892,3.886,0.589,2.911,4.331,9.646,2.159,13.671,10.713
Br66_rep1_Dep6_Tu2,1.342,30.198,4.183,0.002,16.225,2.020,3.424,1.487,1.321,6.537,7.483,2.511,18.035,5.234
Br66_rep8_Dep6_Tu1,0.086,11.405,3.248,0.009,21.057,5.522,2.431,0.636,2.679,5.536,11.805,4.081,30.280,1.224
Br66_rep4_Dep6_Tu3,0.583,45.439,5.540,0.113,3.956,1.916,2.199,2.548,3.368,3.821,14.759,2.782,11.369,1.606
Br66_rep7_Dep6_Tu40,33.006,9.233,3.210,5.983,2.374,4.425,3.733,3.016,0.068,2.963,0.977,5.142,9.854,16.016
Br66_rep7_Dep6_Tu0.5,0.004,16.858,3.201,0.000,24.820,4.094,2.711,2.541,1.876,7.158,9.528,1.429,24.891,0.888
Br66_rep2_Dep6_Tu30,33.181,23.583,4.152,5.231,0.650,0.589,0.617,2.747,1.036,4.235,9.320,1.709,2.423,10.528
Br66_rep2_Dep6_Tu0.1,0.024,21.886,2.651,0.001,30.138,4.538,2.396,1.822,3.181,3.526,13.848,4.870,10.208,0.912
Br66_rep7_Dep6_Tu0.1,0.024,6.711,1.467,0.002,34.571,3.668,1.200,3.446,1.304,6.096,14.650,2.413,23.366,1.081
Br66_rep1_Dep6_Tu40,39.419,11.454,1.418,5.919,9.051,1.076,1.873,1.284,1.661,4.312,6.348,2.379,5.523,8.282
Br66_rep7_Dep6_Tu5,4.072,1.068,0.726,1.586,33.168,4.461,2.190,1.013,3.465,6.988,10.448,2.215,25.093,3.506
Br66_rep4_Dep6_Tu1,0.282,20.270,1.622,0.138,18.959,3.780,4.705,1.945,2.171,5.632,11.950,3.457,21.551,3.538
Br66_rep8_Dep6_Tu0.1,0.017,13.730,1.865,0.002,24.800,3.004,3.947,2.458,3.344,4.351,11.865,3.120,27.248,0.251
Br66_rep4_Dep6_Tu2,0.238,23.028,5.438,0.009,24.775,2.020,1.346,2.164,4.668,3.720,22.810,2.189,3.663,3.934
Br66_rep1_Dep6_Tu0.1,0.053,10.390,1.861,0.008,31.004,2.823,1.721,2.365,1.822,5.130,10.816,1.715,29.976,0.316
Br66_rep2_Dep6_Tu10,9.084,16.918,3.758,0.131,25.051,3.674,1.586,1.506,4.194,2.323,14.500,3.104,11.072,3.097
Br66_rep4_Dep6_Tu20,17.919,14.386,1.886,5.816,12.699,2.370,4.185,3.485,2.151,3.140,4.893,3.267,17.133,6.671
Br66_rep4_Dep6_Tu0.3,0.009,16.129,4.146,0.001,28.252,2.752,2.689,2.129,1.127,3.955,16.491,4.109,16.858,1.354
Br66_rep10_Dep6_Tu3,2.019,22.868,2.098,0.221,29.879,4.675,2.857,2.846,2.799,4.107,15.117,3.343,2.805,4.364
Br66_rep1_Dep6_Tu20,15.892,17.560,5.731,0.969,18.247,5.322,2.978,0.366,5.247,4.317,9.970,3.919,4.980,4.503
Br66_rep6_Dep6_Tu1,0.400,17.311,2.898,0.007,29.657,1.950,2.669,2.366,1.169,5.556,10.769,3.123,20.647,1.479
Br66_rep6_Dep6_Tu50,44.066,1.975,3.987,7.511,7.877,0.683,2.077,1.812,3.231,3.630,6.100,2.700,5.815,8.536
Br66_rep9_Dep6_Tu3,1.704,16.069,4.026,0.166,15.273,3.343,2.714,1.386,3.612,7.655,14.481,3.132,24.241,2.199
Br66_rep3_Dep6_Tu50,46.450,3.331,4.050,6.456,5.728,0.547,2.847,1.832,1.904,0.471,5.067,3.627,6.390,11.301
Br66_rep8_Dep6_Tu30,24.533,20.578,6.453,4.895,5.281,4.185,2.378,0.998,3.422,3.407,2.653,2.220,6.123,12.874
Br66_rep7_Dep6_Tu20,22.380,6.858,2.330,1.897,24.120,3.522,2.067,2.155,2.963,0.191,8.781,1.947,14.973,5.814
Br66_rep3_Dep6_Tu2,0.734,9.812,2.514,0.145,30.205,3.539,3.778,1.261,3.326,3.511,14.219,3.010,20.529,3.420
Br66_rep8_Dep6_Tu50,45.507,14.531,0.980,10.016,1.187,3.220,3.814,0.811,0.903,2.508,2.548,3.764,1.811,8.398
Br66_rep3_Dep6_Tu3,1.355,5.739,4.514,0.035,32.134,5.473,1.665,3.798,0.843,10.176,11.839,2.549,17.696,2.184
Br66_rep3_Dep6_Tu0.3,0.456,20.085,1.374,0.034,35.947,3.862,3.610,3.532,2.018,6.048,15.264,0.713,5.483,1.573
Br66_rep8_Dep6_Tu0.3,0.670,22.306,0.034,0.038,22.340,4.586,0.587,2.082,1.133,4.584,10.748,2.403,27.843,0.646
Br66_rep3_Dep6_Tu0.1,0.015,33.196,3.842,0.001,11.822,1.942,0.185,2.293,2.342,6.226,16.860,3.198,17.187,0.890
Br66_rep10_Dep6_Tu0.3,0.011,25.123,2.257,0.001,22.489,4.248,1.522,1.711,3.629,1.726,16.576,2.959,17.263,0.484
Br66_rep2_Dep6_Tu50,40.422,6.974,2.421,8.839,5.298,2.100,1.629,2.864,2.293,1.154,4.303,1.738,4.820,15.144
Br66_rep5_Dep6_Tu5,3.154,33.286,2.129,0.291,7.293,7.095,3.500,2.445,1.334,3.824,11.539,3.975,15.581,4.553
Br66_rep10_Dep6_Tu20,16.013,14.730,5.923,3.673,9.778,3.729,3.362,1.653,4.960,0.889,8.215,2.218,19.036,5.821
Br66_rep7_Dep6_Tu30,31.617,9.565,0.891,1.188,12.942,3.904,1.897,4.784,1.726,3.581,5.274,0.379,13.264,8.989
Br66_rep9_Dep6_Tu30,28.025,17.093,5.040,4.050,14.521,0.582,2.444,0.176,2.105,3.027,12.275,4.338,2.740,3.582
Br66_rep5_Dep6_Tu40,38.524,9.470,3.744,4.149,0.680,3.444,2.252,1.875,2.691,4.782,6.192,2.570,10.706,8.921
Br66_rep8_Dep6_Tu10,10.913,20.278,3.748,0.105,20.947,1.678,3.400,1.892,3.986,5.576,14.457,3.461,0.886,8.672
Br66_rep9_Dep6_Tu50,41.339,13.940,1.650,10.971,0.281,2.780,0.367,0.470,2.875,1.808,3.550,2.078,7.298,10.592
Br66_rep2_Dep6_Tu0.3,0.077,22.897,3.346,0.000,26.144,2.412,2.721,2.627,0.835,4.412,9.134,3.573,21.068,0.754
Br66_rep1_Dep6_Tu10,8.972,5.620,5.243,0.723,20.141,0.851,5.247,0.677,2.278,6.426,10.411,5.426,22.989,4.996
Cer77_rep9_Dep6_Tu3,0.061,20.899,10.859,0.246,18.903,2.720,2.273,3.694,1.826,7.252,14.354,3.820,12.856,0.238
Cer77_rep5_Dep6_Tu30,1.529,6.473,57.871,5.590,0.358,0.426,3.300,6.402,2.654,6.020,3.630,2.432,2.885,0.432
Cer77_rep3_Dep6_Tu30,3.340,5.245,62.542,6.172,4.232,0.895,4.352,0.215,6.131,1.389,0.305,0.599,4.289,0.295
Cer77_rep8_Dep6_Tu50,1.904,0.815,70.139,10.329,0.037,0.325,1.654,7.732,2.360,1.437,1.454,1.603,0.196,0.014
Cer77_rep1_Dep6_Tu1,0.056,1.562,5.903,0.000,32.655,1.490,3.613,0.400,4.310,6.989,11.000,3.494,27.450,1.077
Cer77_rep7_Dep6_Tu3,0.181,5.848,10.509,0.031,34.961,5.135,3.117,0.355,3.612,7.352,13.051,2.739,11.760,1.352
Cer77_rep10_Dep6_Tu2,0.023,8.555,9.286,1.200,32.234,2.795,3.273,1.862,3.906,5.264,11.752,0.855,16.834,2.162
Cer77_rep2_Dep6_Tu0.5,0.008,12.771,4.517,0.031,35.723,1.316,2.468,3.506,0.136,4.874,14.130,2.036,18.081,0.402
Cer77_rep3_Dep6_Tu20,2.333,5.824,46.376,3.371,10.460,2.319,2.348,0.764,2.683,7.575,5.325,2.090,8.218,0.314
Cer77_rep1_Dep6_Tu2,0.276,0.753,9.780,0.015,42.983,3.789,2.537,1.726,1.492,5.466,11.653,2.415,16.037,1.079
Cer77_rep2_Dep6_Tu5,0.363,2.263,17.443,0.381,24.966,4.834,1.894,0.607,4.089,8.891,9.532,1.608,22.522,0.608
