Sample,BRCA,CEAD,CESC,COAD,OV,READ,bcell,cd4tcell,cd8tcell,erythroblast,monocyte,naturalkillercell,neutrophil,Unknown-1,Unknown-2,Unknown-3,Unknown-4,Unknown-5,Unknown-6,Unknown-7,Unknown-8,Unknown-9,Unknown-10
Colo_rep2_Dep6_Tu0.5,0.025,4.413,1.519,0.001,5.907,1.994,2.039,3.589,3.043,0.077,3.746,2.803,5.695,2.539,7.488,8.260,0.778,14.371,9.841,0.007,9.795,3.323,8.749
Colo_rep2_Dep6_Tu50,1.413,2.891,0.765,0.429,11.220,25.200,3.882,3.890,1.254,8.372,6.205,3.536,1.571,5.084,0.857,3.084,0.901,0.087,3.297,2.597,2.632,2.173,8.659
Colo_rep6_Dep6_Tu1,0.059,0.729,0.896,0.003,9.287,1.819,2.779,1.644,2.771,2.857,6.036,3.530,11.390,4.553,2.308,0.988,5.249,5.639,13.634,2.098,3.357,8.902,9.471
Colo_rep3_Dep6_Tu2,0.004,2.971,0.547,0.005,8.549,2.052,3.038,3.903,0.497,3.430,5.104,3.455,7.845,1.699,8.007,3.119,1.503,2.591,24.318,1.464,3.974,9.016,2.909
Colo_rep7_Dep6_Tu2,0.148,1.057,0.727,0.004,7.115,4.141,3.556,0.605,2.488,3.884,4.752,3.102,6.434,8.326,7.679,0.716,4.493,7.183,18.739,0.419,3.780,5.097,5.555
Colo_rep8_Dep6_Tu0.1,0.002,3.261,0.361,0.000,10.119,1.908,3.228,2.493,4.024,2.266,7.974,1.040,15.564,0.699,7.458,10.607,3.431,0.120,15.243,1.195,5.263,0.337,3.407
Colo_rep10_Dep6_Tu2,0.008,4.879,0.897,0.005,1.684,4.529,2.631,0.556,3.293,4.708,4.286,3.251,15.710,1.231,7.760,2.792,4.241,16.027,2.410,1.296,5.614,5.077,7.116
Colo_rep6_Dep6_Tu3,0.018,1.369,1.254,0.002,0.201,3.465,5.540,4.112,3.179,3.443,3.662,2.172,9.654,4.994,5.669,4.797,5.812,3.308,12.513,2.183,6.504,3.977,12.172
Colo_rep9_Dep6_Tu30,0.624,3.570,0.825,0.078,9.116,13.559,5.240,1.735,2.297,4.751,6.204,3.934,10.818,4.259,4.598,8.913,0.233,5.059,2.108,2.205,2.863,4.608,2.407
Colo_rep9_Dep6_Tu0.5,0.043,6.388,0.363,0.002,2.467,1.599,1.614,3.867,2.761,2.006,5.375,3.359,13.646,9.477,2.751,6.096,4.495,7.667,12.825,1.346,4.750,2.970,4.133
Colo_rep6_Dep6_Tu20,0.288,3.262,0.944,0.018,1.188,12.352,1.169,4.833,3.344,6.089,7.591,3.895,11.962,1.991,3.728,7.988,0.315,0.710,9.619,3.665,10.522,2.358,2.170
Colo_rep8_Dep6_Tu30,2.450,4.294,1.467,0.417,7.482,12.309,4.985,1.124,1.804,6.753,3.736,4.642,7.989,7.693,2.117,1.388,6.400,11.993,3.291,0.915,1.700,5.000,0.050
Colo_rep3_Dep6_Tu5,0.169,0.616,0.732,0.004,3.922,2.220,3.844,3.496,2.151,5.894,7.883,2.869,12.555,6.318,2.057,7.600,7.546,0.580,8.466,2.067,1.638,7.495,9.880
Colo_rep4_Dep6_Tu3,0.135,1.943,0.828,0.035,10.669,3.133,3.135,3.655,3.346,2.346,5.301,0.548,14.547,9.079,10.475,5.803,2.355,7.993,3.176,0.848,4.293,2.277,4.079
Colo_rep2_Dep6_Tu10,0.055,4.670,0.421,0.262,9.819,3.396,4.010,1.583,0.826,3.273,7.562,5.432,5.544,3.728,7.509,2.178,5.237,9.462,6.958,0.851,1.610,4.341,11.276
Colo_rep3_Dep6_Tu40,0.705,1.877,0.934,0.236,3.442,26.368,3.830,3.933,2.782,4.618,5.304,4.802,11.692,0.969,4.655,4.918,3.504,0.525,2.477,1.661,0.412,1.815,8.540
Colo_rep3_Dep6_Tu30,2.740,2.318,0.053,0.127,8.278,16.445,3.378,2.244,4.555,1.836,6.601,3.736,2.640,2.867,1.926,4.364,3.844,7.716,5.896,1.029,9.304,3.365,4.738
Colo_rep6_Dep6_Tu30,0.450,5.313,0.647,0.099,8.433,17.028,1.025,2.422,7.283,2.979,6.782,4.537,6.515,4.647,3.963,3.684,4.346,5.821,1.969,3.230,2.455,2.826,3.548
Colo_rep4_Dep6_Tu50,1.138,4.419,0.846,0.007,0.683,28.093,3.166,5.789,7.520,5.873,2.588,1.889,7.107,0.806,3.994,5.346,3.808,0.898,2.736,4.020,1.663,6.048,1.564
Colo_rep5_Dep6_Tu50,1.082,1.757,1.147,0.087,6.409,30.322,2.755,3.368,3.860,5.951,8.953,3.910,4.787,4.002,0.888,1.418,4.389,3.334,0.556,4.012,0.224,1.724,5.064
Colo_rep6_Dep6_Tu2,0.003,2.641,1.043,0.002,8.175,2.708,2.178,3.785,3.816,2.911,5.036,2.315,10.980,6.886,9.776,5.726,6.964,5.951,7.021,3.078,3.938,1.841,3.228
Colo_rep10_Dep6_Tu50,1.948,2.338,2.227,0.502,0.367,32.103,6.008,3.107,0.032,9.260,9.219,5.192,5.352,0.216,1.473,2.698,5.082,1.947,4.224,1.835,3.374,1.372,0.123
Colo_rep7_Dep6_Tu50,2.759,1.866,0.054,0.061,0.602,25.756,5.955,6.823,2.510,10.218,3.619,3.307,8.877,1.104,2.589,2.185,1.765,3.189,6.381,3.277,2.091,3.960,1.051
Colo_rep9_Dep6_Tu40,2.353,0.979,2.926,0.057,7.061,21.477,6.064,7.966,3.040,1.549,7.544,0.140,8.713,3.612,2.842,3.829,3.411,2.124,0.060,1.426,4.096,4.799,3.932
Colo_rep8_Dep6_Tu5,0.044,0.438,1.172,0.042,10.078,3.630,2.061,1.640,3.009,5.866,7.912,4.576,12.669,6.307,2.969,5.833,0.352,2.470,9.840,2.926,3.865,11.105,1.200
Colo_rep1_Dep6_Tu20,0.449,3.665,0.894,0.026,5.033,12.437,3.153,2.242,7.057,5.714,7.906,1.923,2.636,2.964,5.387,7.981,6.171,2.158,8.792,1.161,1.875,8.840,1.535
Colo_rep9_Dep6_Tu2,0.138,0.937,0.822,0.010,6.439,2.834,1.911,2.418,3.417,7.651,5.003,1.874,10.004,5.688,2.685,3.456,4.531,12.850,5.617,1.868,3.183,9.542,7.123
Colo_rep5_Dep6_Tu30,1.139,2.956,0.635,0.047,10.496,16.458,6.108,3.422,2.500,6.995,3.408,2.085,6.366,2.003,3.390,0.542,6.159,6.154,3.041,0.908,2.511,10.638,2.036
Colo_rep4_Dep6_Tu0.1,0.001,3.298,0.857,0.005,2.403,1.063,1.708,0.893,3.088,5.192,7.292,2.539,11.809,4.259,2.190,1.155,3.103,2.676,21.592,3.099,10.750,6.672,4.352
Colo_rep5_Dep6_Tu0.1,0.024,2.729,0.738,0.001,7.107,2.099,2.740,2.526,0.306,4.601,3.715,2.963,13.091,7.460,10.767,3.586,2.943,0.004,0.837,2.048,5.451,8.064,16.198
Colo_rep9_Dep6_Tu3,0.026,5.430,0.731,0.002,3.194,2.877,2.313,3.035,2.406,3.573,6.151,4.276,10.042,0.034,16.195,8.364,0.095,5.894,5.040,1.416,4.077,3.319,11.511
Colo_rep2_Dep6_Tu0.1,0.015,5.230,0.269,0.001,9.832,1.495,2.288,4.006,4.537,1.473,0.252,2.828,13.902,7.952,1.984,6.821,2.947,8.805,1.790,1.521,5.048,10.738,6.268
Colo_rep8_Dep6_Tu10,0.635,0.493,1.150,0.080,9.389,0.486,2.294,2.997,5.748,6.163,8.712,3.271,12.038,4.208,9.293,6.347,0.396,4.859,9.157,2.950,3.838,2.463,3.034
Colo_rep4_Dep6_Tu30,0.391,1.769,1.290,0.327,6.015,16.631,3.120,5.984,0.348,5.510,6.820,3.126,3.330,7.123,1.741,2.688,7.451,0.749,5.035,2.215,2.136,2.805,13.397
Colo_rep2_Dep6_Tu2,0.057,0.956,2.238,0.001,2.789,2.689,0.707,3.570,3.759,6.652,5.596,1.330,10.793,3.106,4.186,3.677,2.150,11.398,11.508,2.219,2.153,8.467,9.999
Colo_rep1_Dep6_Tu5,0.112,2.780,1.265,0.008,4.978,5.047,4.495,3.630,2.062,2.180,5.984,2.188,6.695,5.881,2.596,6.990,2.440,1.019,2.834,1.528,6.685,12.629,15.971
Colo_rep8_Dep6_Tu50,0.535,4.968,0.689,0.789,5.653,28.571,4.124,4.742,2.239,6.258,9.381,5.294,6.014,1.183,0.249,2.701,1.633,0.720,2.340,2.032,4.640,2.899,2.345
Colo_rep5_Dep6_Tu5,0.007,4.566,0.100,0.001,9.510,1.838,2.488,2.534,2.810,4.161,6.783,3.338,7.742,3.825,5.515,12.542,3.521,2.532,2.509,2.787,5.920,9.598,5.375
Colo_rep6_Dep6_Tu50,0.405,2.444,1.192,0.008,8.434,27.305,5.288,4.901,3.344,4.243,6.552,4.678,3.023,1.954,1.820,3.398,3.094,1.348,3.155,3.499,3.162,4.744,2.009
Colo_rep5_Dep6_Tu0.5,0.085,2.745,0.739,0.009,8.285,0.913,3.175,0.750,2.364,2.287,1.075,3.229,8.031,2.548,5.563,10.153,6.844,18.812,4.993,2.293,10.536,1.643,2.929
Colo_rep4_Dep6_Tu20,0.265,5.000,0.935,0.049,10.596,12.680,2.924,1.918,2.604,3.179,6.206,5.217,11.350,6.266,6.805,0.448,4.687,1.132,1.925,1.689,4.568,6.216,3.342
Colo_rep8_Dep6_Tu40,2.592,2.892,1.707,0.806,7.416,18.560,5.223,5.218,2.343,7.915,4.291,3.101,0.171,4.625,2.125,3.320,6.010,2.127,2.177,3.177,3.460,2.561,8.183
Colo_rep7_Dep6_Tu0.3,0.025,5.388,1.065,0.003,1.753,1.582,2.590,0.529,5.698,2.712,7.305,3.065,1.973,9.381,7.120,0.193,3.323,10.837,4.538,1.939,4.084,13.961,10.935
Colo_rep7_Dep6_Tu30,1.126,4.589,1.390,0.029,8.141,19.641,0.290,4.646,1.409,3.827,7.523,4.136,5.865,1.000,1.302,2.137,5.794,6.087,3.154,1.609,5.921,5.111,5.272
Colo_rep10_Dep6_Tu20,1.070,2.298,1.203,0.065,5.127,11.228,3.481,1.613,4.993,5.914,7.884,2.368,12.509,0.547,7.358,11.746,1.145,4.658,4.074,3.097,3.946,1.247,2.430
Colo_rep9_Dep6_Tu10,0.157,4.667,0.978,0.152,9.747,4.542,5.124,1.100,2.324,2.904,9.024,2.201,1.199,4.215,9.875,15.796,4.009,8.326,5.142,0.620,0.731,4.717,2.449
Colo_rep9_Dep6_Tu0.1,0.003,4.989,0.186,0.000,4.658,1.519,3.538,4.602,0.844,5.479,6.378,4.458,11.773,5.833,1.166,13.445,1.318,5.145,8.560,1.746,4.089,5.749,4.521
Colo_rep10_Dep6_Tu0.3,0.005,5.730,0.172,0.003,7.560,0.917,0.249,0.945,6.257,4.606,9.149,2.614,6.056,7.545,4.011,8.035,5.761,7.461,15.177,0.375,4.030,1.589,1.753
Colo_rep8_Dep6_Tu20,0.283,3.701,0.885,0.002,8.426,9.981,3.948,5.185,2.235,7.144,2.281,3.868,13.849,0.867,1.949,11.512,2.630,0.230,1.082,2.042,1.192,6.631,10.078
Colo_rep3_Dep6_Tu3,0.055,1.292,0.767,0.219,6.411,4.299,1.703,2.308,3.723,6.432,7.510,2.835,12.169,3.345,6.833,3.325,5.248,10.029,8.187,1.334,2.644,5.153,4.183
Colo_rep4_Dep6_Tu2,0.014,2.890,0.903,0.007,4.905,0.177,3.298,2.200,3.678,2.918,9.324,3.355,13.828,5.834,10.835,8.645,8.934,2.113,5.331,1.351,0.285,6.770,2.405
Colo_rep10_Dep6_Tu0.1,0.000,4.058,0.243,0.001,10.541,0.078,3.265,0.289,4.308,1.736,6.669,2.694,12.154,4.996,10.372,17.222,2.265,1.501,10.890,1.739,1.951,2.230,0.799
Colo_rep4_Dep6_Tu0.3,0.012,5.570,0.572,0.000,5.936,1.341,3.180,1.126,3.388,3.995,7.361,3.090,2.955,3.613,7.244,2.659,6.687,7.191,9.963,1.275,4.950,6.718,11.174
Colo_rep9_Dep6_Tu0.3,0.011,4.191,0.889,0.007,2.428,1.331,1.373,2.147,2.005,4.466,6.237,1.723,16.977,3.601,1.272,3.655,9.235,16.923,5.908,0.454,5.906,2.889,6.371
Colo_rep1_Dep6_Tu10,0.206,2.362,0.549,0.001,11.122,4.471,5.237,0.737,5.120,3.690,5.326,4.862,9.776,5.258,3.776,7.114,5.812,2.266,4.638,3.097,5.250,3.504,5.823
Colo_rep6_Dep6_Tu0.3,0.038,2.281,0.646,0.001,9.613,0.274,2.795,2.577,2.444,4.413,8.505,2.974,12.951,7.586,6.116,11.812,3.820,7.898,3.782,0.889,2.254,1.493,4.835
Colo_rep6_Dep6_Tu0.5,0.015,2.030,0.703,0.002,11.315,1.444,4.108,2.048,3.553,1.005,3.597,2.218,14.798,7.966,2.481,14.628,2.164,3.471,10.700,2.652,5.655,3.225,0.223
Colo_rep10_Dep6_Tu10,0.131,2.060,0.403,0.332,11.251,5.222,5.149,5.174,3.588,2.213,5.100,3.640,4.981,2.804,6.333,1.215,9.840,5.373,4.179,2.719,1.286,8.369,8.638
Colo_rep10_Dep6_Tu1,0.003,2.675,0.465,0.000,11.946,1.399,2.387,3.070,2.210,7.337,6.706,2.974,10.968,1.596,4.827,13.648,4.512,6.527,9.143,1.292,1.150,1.415,3.749
Colo_rep10_Dep6_Tu5,0.247,1.623,0.714,0.088,1.151,7.924,3.155,4.600,5.857,3.147,7.880,1.756,2.200,8.323,7.242,5.518,11.269,7.108,6.718,1.264,0.657,3.738,7.820
Colo_rep10_Dep6_Tu40,0.268,3.370,3.190,0.307,3.598,24.782,3.367,2.376,3.944,6.490,8.109,3.284,5.009,1.582,5.116,0.305,3.423,4.111,3.651,2.868,1.787,3.283,5.781
Colo_rep10_Dep6_Tu0.5,0.003,2.205,0.579,0.000,7.689,0.857,5.468,0.601,6.274,4.040,4.622,4.030,5.880,6.424,8.129,12.469,2.361,5.595,7.173,3.125,4.067,6.723,1.687
Colo_rep1_Dep6_Tu1,0.012,3.696,0.420,0.000,1.858,0.531,3.989,4.022,1.967,1.587,7.395,4.103,16.879,6.284,6.202,13.195,4.123,4.682,2.893,2.605,2.466,7.943,3.149
Colo_rep7_Dep6_Tu20,0.879,1.804,0.529,0.183,4.654,12.825,4.884,3.923,1.439,6.210,5.667,2.834,6.977,5.771,0.523,5.788,8.094,6.551,1.175,0.902,7.064,5.434,5.888
Colo_rep6_Dep6_Tu10,0.173,1.981,2.553,0.072,7.700,7.265,2.040,2.193,0.547,2.253,8.899,4.820,1.080,3.191,1.131,17.861,5.885,7.457,2.452,1.245,12.215,4.396,2.591
Colo_rep10_Dep6_Tu3,0.090,2.375,1.530,0.029,5.086,4.613,0.817,1.966,2.197,6.480,9.144,3.028,1.080,8.039,1.860,4.131,8.028,5.312,10.531,0.705,2.974,4.756,15.228
Colo_rep1_Dep6_Tu30,0.238,1.041,1.525,0.064,8.883,19.267,2.899,2.152,4.350,6.243,6.805,0.531,5.540,0.528,4.670,2.786,4.320,6.226,4.582,1.062,4.980,3.741,7.564
Colo_rep1_Dep6_Tu0.1,0.160,3.574,0.221,0.124,8.366,2.131,0.183,3.165,2.937,4.561,2.119,1.527,12.567,1.248,9.946,8.486,8.421,1.757,4.015,0.788,6.850,0.755,16.099
Colo_rep7_Dep6_Tu5,0.294,5.437,0.105,0.197,1.671,3.626,2.340,3.584,3.932,3.190,7.136,1.818,16.609,1.409,6.668,8.146,8.794,5.086,9.651,3.234,4.513,0.070,2.489
Colo_rep7_Dep6_Tu0.1,0.032,2.239,0.466,0.002,6.506,0.799,2.349,2.891,3.015,3.659,2.996,3.265,17.843,6.079,1.954,3.127,5.577,13.034,9.448,1.323,8.225,1.704,3.465
Colo_rep6_Dep6_Tu40,0.930,2.522,0.776,0.434,6.946,25.773,1.954,2.581,2.580,6.174,7.429,3.181,3.294,5.536,3.551,4.823,1.061,0.922,3.269,0.358,7.817,0.108,7.982
Colo_rep8_Dep6_Tu2,0.003,4.286,0.835,0.000,5.430,2.190,2.036,1.131,2.345,3.761,10.029,3.646,16.167,1.799,2.204,7.387,10.418,4.576,0.617,1.920,0.239,8.321,10.661
Colo_rep7_Dep6_Tu0.5,0.026,5.103,0.406,0.008,0.987,0.376,2.906,1.545,3.827,7.017,5.210,3.316,12.374,0.912,5.873,5.467,3.658,9.601,10.900,2.417,3.011,5.482,9.578
Colo_rep5_Dep6_Tu20,0.211,3.015,1.544,0.004,7.393,10.245,5.496,0.677,4.707,6.467,0.875,4.665,9.210,1.982,6.118,12.162,0.542,6.859,2.625,0.100,5.812,2.936,6.353
Colo_rep8_Dep6_Tu0.3,0.047,2.133,1.247,0.002,2.362,2.627,1.948,2.136,0.627,3.553,7.980,3.104,13.464,4.354,6.318,5.334,9.978,17.076,7.462,0.630,0.348,1.730,5.540
Colo_rep4_Dep6_Tu5,0.014,1.287,1.250,0.000,12.760,2.381,1.245,3.147,3.780,4.998,10.747,2.667,10.097,7.826,2.649,11.079,6.462,1.353,3.876,0.334,0.773,5.098,6.177
Colo_rep9_Dep6_Tu1,0.024,0.801,1.768,0.000,6.865,1.931,4.071,2.992,1.812,4.920,2.844,0.172,11.188,6.881,8.300,6.640,3.229,13.177,2.944,1.645,7.913,2.711,7.173
Colo_rep1_Dep6_Tu0.5,0.027,6.796,0.279,0.002,0.895,1.601,2.381,3.572,4.039,5.171,6.551,1.384,11.908,7.537,9.023,0.621,2.248,16.316,3.897,0.767,2.547,12.244,0.194
Colo_rep8_Dep6_Tu3,0.037,1.219,0.937,0.001,9.301,4.201,2.126,2.064,0.563,3.737,7.262,3.769,13.382,4.969,10.156,3.515,7.858,8.643,5.012,2.316,4.731,1.867,2.335
Colo_rep5_Dep6_Tu0.3,0.014,6.660,0.046,0.000,7.751,0.881,1.282,0.813,3.808,2.995,8.564,4.382,10.022,4.696,8.940,9.190,7.349,1.080,6.631,2.173,1.978,9.779,0.965
Colo_rep2_Dep6_Tu30,1.646,2.714,2.932,0.104,3.533,12.798,0.616,6.534,2.859,6.120,8.276,3.162,6.205,1.717,3.232,2.959,7.690,7.005,7.384,0.719,4.612,1.080,6.103
Colo_rep7_Dep6_Tu10,0.226,3.979,1.501,0.018,4.091,3.545,3.461,3.772,3.496,6.518,7.670,2.959,7.343,8.174,0.318,4.993,10.011,2.137,7.679,0.588,3.872,2.184,11.465
Colo_rep2_Dep6_Tu40,1.067,4.018,0.026,0.678,12.218,22.041,7.468,2.676,5.099,6.121,3.571,0.297,4.626,2.967,0.990,8.317,0.013,5.476,2.915,1.146,4.714,1.008,2.548
Colo_rep3_Dep6_Tu0.1,0.033,5.125,0.122,0.000,7.866,1.131,2.271,0.515,0.009,3.918,10.570,3.915,20.301,9.950,5.855,1.918,8.003,3.368,3.318,2.023,4.056,4.329,1.401
Colo_rep3_Dep6_Tu1,0.019,2.955,0.294,0.001,9.227,0.646,2.022,1.233,3.142,1.574,9.070,3.851,15.462,0.701,0.886,18.243,1.622,9.357,4.162,0.147,2.967,6.912,5.508
Colo_rep8_Dep6_Tu1,0.012,2.935,1.018,0.003,5.094,1.764,2.445,1.523,3.590,2.600,6.617,4.091,12.837,9.406,12.181,9.162,4.579,8.669,1.694,2.131,2.913,3.708,1.031
Colo_rep4_Dep6_Tu1,0.000,3.479,0.840,0.000,6.914,1.028,4.492,2.015,2.817,3.498,5.587,3.201,11.147,5.158,6.734,15.816,6.296,0.952,10.161,3.685,0.937,3.488,1.753
Colo_rep5_Dep6_Tu40,0.271,1.933,1.740,0.044,2.105,21.624,3.689,5.308,3.366,7.080,5.372,5.174,5.990,0.008,3.823,2.839,7.339,0.330,4.098,3.989,0.879,7.575,5.423
Colo_rep5_Dep6_Tu10,0.437,5.964,1.310,0.196,1.048,1.434,6.408,5.204,1.324,5.675,7.909,1.525,14.324,3.238,8.516,11.331,6.338,2.077,6.477,1.861,0.975,6.014,0.414
Colo_rep2_Dep6_Tu0.3,0.019,3.323,0.430,0.000,8.912,1.825,1.138,1.973,3.192,6.815,5.020,1.829,7.459,7.028,6.625,7.415,3.393,8.546,2.239,2.406,3.890,7.610,8.915
Colo_rep10_Dep6_Tu30,0.836,2.616,1.967,0.063,0.427,14.208,3.604,3.856,4.773,4.141,6.102,2.356,6.099,6.261,4.332,3.370,3.944,4.568,5.362,5.912,5.541,5.304,4.359
Colo_rep1_Dep6_Tu40,2.184,2.362,1.552,0.375,4.753,20.645,4.227,4.161,3.776,5.432,4.712,3.485,6.773,0.337,5.875,7.250,3.883,2.479,0.195,1.397,4.117,6.800,3.227
Colo_rep6_Dep6_Tu0.1,0.202,3.055,0.794,0.001,0.758,1.318,4.163,6.249,1.364,1.811,6.371,1.886,11.806,1.360,5.042,1.803,7.650,6.550,11.607,1.270,8.352,9.855,6.734
Colo_rep7_Dep6_Tu40,0.516,2.218,0.426,0.857,11.935,20.244,5.542,3.857,2.049,7.650,4.028,3.567,6.966,3.471,2.511,2.391,5.896,2.756,1.105,2.356,2.857,3.337,3.468
Colo_rep1_Dep6_Tu50,0.793,4.069,1.074,0.419,3.952,35.024,3.565,3.238,4.777,6.234,1.110,5.109,7.012,0.293,0.593,7.959,3.544,1.240,2.687,1.953,4.514,0.756,0.086
Colo_rep1_Dep6_Tu0.3,0.008,4.549,0.359,0.001,2.449,1.114,2.808,3.285,2.435,3.062,8.258,2.819,15.522,5.992,7.277,1.833,4.635,11.168,8.909,0.983,5.233,4.892,2.409
Colo_rep9_Dep6_Tu20,0.945,4.573,0.011,0.015,1.371,13.079,5.732,8.204,0.078,1.896,2.416,2.979,10.318,2.443,3.285,1.363,5.531,6.610,5.609,1.583,7.610,9.825,4.524
Colo_rep4_Dep6_Tu10,1.285,2.220,1.109,0.011,5.727,6.227,2.127,1.635,1.754,7.800,6.284,2.029,10.178,2.690,6.711,4.582,2.916,3.198,4.711,1.850,5.986,9.443,9.528
Colo_rep6_Dep6_Tu5,0.039,3.873,0.470,0.008,7.788,2.332,2.850,4.948,2.244,7.466,0.793,0.058,0.370,7.580,9.389,5.425,0.499,6.452,10.715,1.633,7.675,7.221,10.173
Colo_rep9_Dep6_Tu5,0.056,4.773,1.279,0.006,6.346,2.526,1.968,0.633,6.819,6.671,7.436,2.426,1.376,3.805,8.812,2.543,8.442,0.346,9.051,2.674,4.397,10.167,7.450
Colo_rep3_Dep6_Tu50,1.441,0.382,1.077,0.756,1.129,30.998,7.254,2.180,4.082,2.420,7.143,3.717,6.227,0.077,2.188,2.894,0.315,5.752,3.113,2.807,2.748,9.176,2.126
Colo_rep5_Dep6_Tu1,0.005,1.788,1.819,0.001,7.744,1.065,2.176,6.231,3.052,5.945,3.844,2.692,5.348,5.699,0.413,5.388,7.174,2.585,12.865,1.367,3.168,10.715,8.918
Colo_rep5_Dep6_Tu3,0.009,5.169,0.775,0.017,6.023,3.742,0.238,0.240,4.986,5.667,10.850,1.868,1.066,7.306,10.703,0.212,9.430,7.330,0.449,1.268,8.801,3.308,10.546
Colo_rep2_Dep6_Tu1,0.020,4.614,2.225,0.003,1.412,1.731,2.452,3.593,1.596,1.344,8.042,4.167,13.740,7.062,4.033,6.429,6.768,10.238,4.387,0.587,2.237,4.068,9.251
Colo_rep7_Dep6_Tu1,0.062,1.426,0.971,0.003,4.609,1.080,0.446,0.486,3.570,4.300,11.530,2.000,13.426,4.757,5.433,8.508,5.926,0.411,8.530,2.385,8.380,1.599,10.161
Colo_rep5_Dep6_Tu2,0.011,5.447,0.602,0.003,2.975,1.903,2.269,3.957,6.148,2.806,5.265,1.910,14.258,3.371,6.654,6.394,6.298,2.095,11.659,1.926,3.755,8.666,1.629
Colo_rep4_Dep6_Tu40,1.848,3.554,1.706,0.119,7.783,19.953,4.101,3.244,0.583,9.686,7.967,4.718,2.262,0.924,3.622,1.018,6.149,1.655,0.708,2.298,7.374,4.199,4.528
Colo_rep2_Dep6_Tu20,0.044,0.409,0.784,0.005,5.718,15.555,3.887,1.670,7.020,6.404,5.469,0.471,11.104,0.114,4.946,1.636,7.418,0.934,1.010,2.382,5.380,6.958,10.681
Colo_rep4_Dep6_Tu0.5,0.009,3.747,0.296,0.000,4.936,0.804,3.975,1.555,3.257,4.303,5.444,1.129,15.179,7.982,2.032,9.945,3.767,5.003,5.721,3.864,1.633,13.796,1.623
Colo_rep2_Dep6_Tu5,0.101,2.680,1.302,0.006,2.101,3.478,1.958,3.398,2.631,6.836,1.776,3.655,15.269,4.421,8.382,17.390,7.388,6.710,1.065,1.330,5.113,2.304,0.705
Colo_rep2_Dep6_Tu3,0.004,3.585,0.790,0.001,7.612,1.466,0.056,2.315,4.173,7.606,6.503,1.973,13.111,2.013,4.221,2.024,10.025,12.936,2.877,1.481,8.077,6.731,0.420
Colo_rep3_Dep6_Tu10,0.775,1.363,0.753,0.782,7.636,2.689,4.908,2.266,3.227,7.967,4.840,0.492,14.883,6.229,2.920,1.687,0.461,4.144,5.150,0.633,4.769,6.629,14.796
Colo_rep8_Dep6_Tu0.5,0.028,5.419,0.389,0.005,2.610,1.901,5.285,4.904,0.740,1.157,8.264,1.717,9.175,4.544,10.681,0.894,2.947,12.262,3.179,2.936,0.661,6.224,14.080
Colo_rep7_Dep6_Tu3,0.034,1.408,0.776,0.001,9.406,1.381,2.127,1.099,4.671,4.816,9.228,3.085,5.730,4.020,13.218,10.862,6.254,0.498,2.299,4.061,0.225,8.699,6.104
Colo_rep3_Dep6_Tu0.5,0.022,2.933,0.561,0.001,9.404,0.958,1.732,0.562,2.764,4.579,13.373,3.711,10.245,4.829,6.536,10.780,7.260,7.847,7.841,1.560,0.227,0.296,1.977
Colo_rep3_Dep6_Tu20,1.634,4.245,1.599,0.245,8.257,6.036,4.334,7.133,0.986,1.729,2.842,4.105,4.579,3.965,2.464,9.967,10.817,0.277,7.001,0.851,1.493,4.628,10.812
Colo_rep1_Dep6_Tu2,0.654,2.410,1.497,0.001,9.187,1.370,2.541,1.346,2.881,4.462,6.006,1.573,10.320,4.913,11.086,0.291,1.484,7.962,3.907,1.789,8.938,1.127,14.257
Colo_rep9_Dep6_Tu50,3.281,3.836,0.654,0.851,7.303,33.096,1.794,1.217,1.758,8.250,6.194,2.692,3.865,2.895,2.798,0.738,1.211,1.528,5.577,0.810,1.089,5.926,2.637
Colo_rep3_Dep6_Tu0.3,0.012,3.130,0.221,0.002,7.767,1.722,4.186,1.902,3.354,3.923,6.944,1.116,10.482,3.640,8.577,2.404,6.672,8.731,5.246,2.248,3.814,7.429,6.477
Colo_rep1_Dep6_Tu3,0.020,2.473,1.119,0.082,8.861,0.420,3.789,3.123,0.522,5.409,11.174,2.908,6.349,6.123,4.675,6.702,6.503,7.279,7.782,2.172,3.680,4.263,4.570
Br62_rep5_Dep6_Tu0.5,0.074,3.005,0.698,0.018,4.203,1.853,2.550,2.017,4.470,0.061,8.458,0.437,11.777,8.331,9.709,3.791,8.677,7.445,3.237,2.822,2.868,0.739,12.763
Br62_rep5_Dep6_Tu3,1.421,1.506,1.499,3.354,8.046,2.418,0.550,1.354,1.141,6.593,5.856,2.299,8.793,8.357,0.604,6.869,8.856,3.298,2.882,0.567,12.398,8.830,2.509
Br62_rep6_Dep6_Tu30,19.145,0.941,0.180,13.621,6.082,1.599,2.187,3.100,1.074,4.415,1.542,2.258,4.070,14.780,2.266,2.467,4.290,4.969,0.041,2.737,3.769,2.324,2.141
Br62_rep7_Dep6_Tu20,14.352,0.270,0.562,11.162,3.545,0.372,2.082,2.111,1.647,5.547,0.378,0.120,2.895,19.335,3.589,2.461,4.439,7.251,1.195,2.498,5.770,0.558,7.861
Br62_rep2_Dep6_Tu40,29.018,1.851,0.880,19.080,0.666,0.540,2.683,1.234,0.715,0.724,0.139,1.293,2.666,15.583,1.500,5.650,0.604,2.147,0.887,2.252,2.896,5.016,1.976
Br62_rep8_Dep6_Tu0.5,0.092,1.628,1.462,0.014,6.890,1.864,5.696,1.310,3.328,4.846,8.597,0.227,0.354,9.693,8.970,0.315,9.060,2.964,7.296,2.394,1.519,14.455,7.026
Br62_rep5_Dep6_Tu2,0.893,5.031,0.647,1.873,9.407,1.440,1.667,4.768,2.533,2.969,2.751,3.466,0.516,8.088,10.092,5.596,6.480,0.103,15.368,1.670,4.135,10.109,0.399
Br62_rep4_Dep6_Tu50,32.820,0.452,0.265,27.222,1.306,0.277,1.572,1.403,1.302,0.120,0.667,0.644,0.682,6.217,1.241,1.799,4.271,2.257,2.093,0.366,3.758,8.146,1.116
Br62_rep8_Dep6_Tu40,29.399,1.770,0.736,19.160,1.601,0.154,0.740,0.910,1.215,3.180,0.785,0.722,0.075,11.401,0.605,0.175,6.251,7.676,2.518,3.150,2.918,1.278,3.582
Br62_rep7_Dep6_Tu2,1.034,0.850,0.894,0.006,7.719,3.637,3.382,4.007,3.490,1.967,0.533,1.043,8.283,8.180,8.066,3.772,6.346,9.534,7.686,1.318,3.257,9.365,5.632
Br62_rep9_Dep6_Tu40,27.593,1.165,0.135,21.433,4.337,0.066,0.775,1.911,1.026,2.421,2.399,0.719,1.812,1.010,1.101,2.372,4.046,0.836,1.930,5.775,6.341,8.045,2.751
Br62_rep10_Dep6_Tu2,0.516,1.939,2.067,0.852,4.203,1.237,0.247,2.381,2.627,4.208,7.104,4.314,11.586,7.392,0.634,0.727,9.644,11.513,3.535,0.900,6.346,2.891,13.137
Br62_rep6_Dep6_Tu10,2.068,1.467,0.167,8.523,8.379,1.075,0.892,2.720,1.866,4.002,4.727,3.281,1.968,12.137,0.822,10.889,8.327,1.292,4.548,3.924,3.261,5.556,8.109
Br62_rep2_Dep6_Tu2,0.559,1.940,0.894,1.100,5.090,1.781,2.559,2.823,3.016,6.238,4.235,0.803,6.606,2.105,0.368,7.359,6.548,12.597,13.963,3.091,7.506,7.960,0.858
Br62_rep9_Dep6_Tu5,0.350,5.092,2.017,4.188,6.376,1.523,2.256,2.689,0.808,4.965,4.511,4.040,6.263,2.935,4.090,0.550,3.226,8.301,11.415,3.496,1.109,15.341,4.458
Br62_rep6_Dep6_Tu40,27.450,0.816,0.071,22.211,3.222,0.426,0.115,1.040,1.073,1.103,1.628,1.247,0.054,14.167,0.696,0.564,2.337,2.316,3.059,2.137,0.273,5.101,8.893
Br62_rep4_Dep6_Tu20,10.287,0.825,0.741,15.891,5.854,0.179,2.407,1.345,2.560,2.445,4.540,2.364,2.442,8.830,3.659,6.607,3.245,2.999,3.334,5.279,0.726,9.001,4.438
Br62_rep9_Dep6_Tu1,0.177,4.473,1.246,1.088,5.695,0.379,3.021,1.880,1.342,4.360,5.956,1.496,6.869,7.651,11.001,10.363,5.900,3.533,1.224,2.839,0.926,5.313,13.268
Br62_rep1_Dep6_Tu0.3,0.043,4.323,1.394,0.000,1.506,1.554,2.560,4.346,2.897,0.936,12.203,3.381,2.767,3.851,3.807,5.887,4.142,9.444,18.666,0.067,7.359,2.269,6.600
Br62_rep3_Dep6_Tu5,1.341,4.571,0.260,2.909,5.887,1.436,1.448,1.582,2.136,4.387,6.165,2.521,11.574,4.831,1.795,5.525,8.724,1.159,7.768,1.466,7.396,3.163,11.958
Br62_rep9_Dep6_Tu50,32.711,0.620,0.580,25.554,0.781,0.156,1.167,0.045,0.859,1.994,0.972,1.649,0.397,2.417,1.808,1.483,3.954,8.093,1.586,0.513,7.941,1.103,3.618
Br62_rep5_Dep6_Tu30,16.861,2.537,1.831,15.615,4.924,0.072,2.289,2.446,1.314,6.500,2.003,0.415,2.760,5.090,3.081,2.295,4.091,4.303,3.811,0.696,4.426,9.813,2.825
Br62_rep9_Dep6_Tu0.5,0.079,0.992,1.706,0.005,0.112,1.949,2.149,3.708,2.782,5.276,5.765,3.415,14.296,5.343,5.221,4.056,6.029,8.889,5.216,1.382,7.497,6.445,7.690
Br62_rep1_Dep6_Tu20,12.620,4.089,0.299,11.045,6.492,0.874,0.849,1.136,4.678,1.242,2.781,2.000,4.444,7.316,5.068,3.732,1.668,6.584,4.685,6.476,1.466,7.631,2.826
Br62_rep4_Dep6_Tu2,0.029,5.088,0.399,0.658,4.712,0.200,4.133,2.778,2.396,3.050,2.659,3.813,15.270,9.682,0.158,11.697,11.471,8.825,1.781,0.361,2.071,8.422,0.348
Br62_rep8_Dep6_Tu3,0.727,4.365,0.845,1.567,1.023,3.647,1.447,0.343,3.630,6.352,2.525,2.927,13.118,15.830,3.362,12.895,7.686,3.307,5.182,2.482,2.717,1.849,2.173
Br62_rep2_Dep6_Tu5,2.382,3.118,0.905,4.616,1.417,1.348,1.048,0.523,3.751,7.734,3.529,0.889,11.117,12.865,2.548,14.903,6.665,0.766,3.695,3.030,4.823,1.780,6.547
Br62_rep2_Dep6_Tu1,0.076,1.835,3.062,0.008,7.505,1.101,1.220,2.566,2.480,6.796,2.327,2.656,14.450,13.058,3.895,2.744,6.339,7.442,6.038,2.163,4.647,4.493,3.100
Br62_rep8_Dep6_Tu1,0.010,2.789,1.670,0.307,9.646,1.781,0.225,1.555,3.551,4.105,6.697,4.255,2.143,10.136,9.823,11.692,0.002,6.359,6.365,2.514,4.588,2.968,6.816
Br62_rep10_Dep6_Tu0.1,0.026,1.125,0.840,0.000,9.387,1.697,3.445,0.170,3.025,3.872,5.430,4.106,9.530,3.531,14.707,13.063,0.904,7.825,4.282,0.655,3.562,2.264,6.551
Br62_rep3_Dep6_Tu40,27.793,3.106,0.368,22.253,1.422,0.797,1.313,0.054,1.312,1.797,0.413,2.542,1.872,5.560,4.142,3.707,0.511,0.803,2.843,5.909,3.397,3.787,4.295
Br62_rep8_Dep6_Tu0.3,0.141,1.987,0.930,0.205,6.297,2.823,1.293,0.713,1.095,4.771,9.027,1.413,16.956,1.818,7.343,1.361,6.144,15.704,9.243,1.087,1.137,6.389,2.123
Br62_rep4_Dep6_Tu0.5,0.015,6.086,0.410,0.000,1.076,1.640,4.111,0.007,4.717,3.495,5.161,2.723,5.068,0.273,8.136,17.844,4.876,7.210,1.663,4.294,1.491,15.576,4.125
Br62_rep6_Dep6_Tu50,28.880,1.891,0.410,24.779,4.006,0.157,1.411,0.611,0.194,3.415,1.379,2.732,0.275,8.265,3.290,1.064,1.216,5.257,2.435,1.015,0.666,3.727,2.925
Br62_rep7_Dep6_Tu0.1,0.038,1.561,1.310,0.004,5.619,0.807,2.222,4.201,1.959,6.872,1.862,3.169,8.482,9.911,6.208,2.398,2.913,2.187,7.717,1.232,8.164,8.014,13.149
Br62_rep9_Dep6_Tu30,20.272,3.115,0.945,10.645,2.330,0.108,2.124,0.327,1.882,3.569,2.689,4.049,1.059,17.469,1.499,2.965,3.349,6.913,2.187,2.434,2.399,5.355,2.316
Br62_rep6_Dep6_Tu20,9.970,2.248,0.088,12.170,6.981,1.018,1.806,2.409,3.357,1.979,3.837,1.824,6.178,6.407,2.137,0.815,0.336,15.578,0.470,2.002,5.540,9.923,2.927
Br62_rep5_Dep6_Tu5,2.228,3.287,0.922,3.034,1.853,1.601,3.558,5.014,0.921,3.080,5.343,4.235,10.910,2.987,8.206,9.586,4.813,3.155,0.984,2.612,4.153,12.234,5.283
Br62_rep4_Dep6_Tu40,21.303,1.822,0.796,23.541,4.988,1.214,1.147,0.317,0.455,4.156,1.234,0.626,1.440,9.546,0.250,0.230,8.667,5.523,2.431,2.531,5.163,0.423,2.196
Br62_rep8_Dep6_Tu0.1,0.005,4.437,0.895,0.000,0.403,1.924,3.982,2.713,3.447,3.851,8.910,3.748,11.969,0.629,0.912,17.311,8.382,10.129,2.860,1.943,1.825,1.043,8.680
Br62_rep1_Dep6_Tu40,26.693,0.868,1.862,23.368,3.048,0.099,0.935,0.595,1.461,2.436,0.859,1.264,0.532,7.565,5.870,0.748,4.824,4.115,0.579,1.189,7.054,3.284,0.752
Br62_rep3_Dep6_Tu30,19.317,2.057,1.194,18.475,2.724,0.599,1.365,0.394,0.387,2.434,1.670,1.573,1.799,8.528,4.676,2.793,1.178,7.852,1.324,4.759,0.614,6.845,7.443
Br62_rep7_Dep6_Tu0.5,0.001,3.852,0.852,0.000,4.519,2.091,2.058,1.507,3.603,2.008,8.406,3.460,14.752,7.510,0.152,3.255,7.958,2.641,4.153,1.984,5.858,5.388,13.991
Br62_rep1_Dep6_Tu10,0.507,2.667,0.417,7.558,7.764,2.014,4.169,3.257,2.599,4.806,3.256,3.556,2.361,8.991,10.111,2.942,6.057,1.317,1.922,6.179,4.692,8.466,4.391
Br62_rep10_Dep6_Tu20,17.549,0.517,0.166,8.074,5.168,1.146,0.502,1.125,1.365,4.411,5.655,2.542,8.509,11.669,7.307,6.006,0.077,1.056,1.649,1.458,2.398,6.123,5.527
Br62_rep1_Dep6_Tu5,3.065,2.369,0.050,2.329,7.504,2.051,3.665,2.979,2.522,4.262,3.154,1.410,6.585,12.297,5.155,1.642,5.282,13.659,5.400,2.749,0.054,6.885,4.931
Br62_rep3_Dep6_Tu50,30.711,2.298,1.449,23.388,2.463,0.680,1.419,1.098,0.302,0.207,0.514,1.202,1.288,3.097,3.236,0.433,3.208,4.886,1.620,1.096,3.150,6.081,6.174
Br62_rep1_Dep6_Tu3,1.355,1.006,0.838,1.807,3.225,4.273,1.827,2.289,1.907,6.829,7.276,2.144,7.027,5.098,10.079,2.640,7.328,9.519,7.145,1.608,9.160,0.973,4.645
Br62_rep7_Dep6_Tu30,24.160,1.372,0.653,14.917,1.735,0.719,0.432,0.726,1.596,0.171,2.122,2.162,4.765,7.939,3.119,1.691,0.097,7.721,4.218,3.009,5.328,7.105,4.242
Br62_rep6_Dep6_Tu1,0.559,6.811,0.372,0.094,1.230,2.553,3.641,2.286,1.840,5.257,2.481,2.119,11.870,4.663,0.617,9.073,5.578,10.060,8.787,2.050,3.126,1.450,13.484
Br62_rep1_Dep6_Tu0.5,0.032,6.483,0.932,0.002,4.147,1.335,3.715,2.901,5.332,1.737,1.870,1.794,11.013,3.849,11.070,0.515,2.406,14.137,0.785,1.570,7.978,10.963,5.432
Br62_rep1_Dep6_Tu0.1,0.022,2.380,0.345,0.001,6.991,2.254,2.326,2.830,0.585,4.888,3.124,1.779,19.796,1.519,11.254,5.866,10.331,2.075,12.577,1.420,1.907,1.216,4.514
Br62_rep9_Dep6_Tu3,1.871,0.054,1.298,1.745,10.064,2.243,2.125,1.378,4.015,4.776,7.065,1.124,9.855,9.816,6.157,7.719,6.300,6.696,3.197,1.017,0.391,5.752,5.341
Br62_rep5_Dep6_Tu40,22.095,2.838,0.380,19.845,4.277,0.632,2.296,2.911,1.011,0.715,1.091,2.225,2.423,13.732,0.768,0.171,1.618,7.751,2.517,4.078,4.944,1.457,0.226
Br62_rep10_Dep6_Tu3,2.238,1.038,1.637,0.578,6.407,2.650,0.904,5.126,0.018,6.355,1.815,2.543,5.773,14.591,4.273,1.520,7.086,6.892,2.709,2.210,0.896,8.435,14.306
Br62_rep2_Dep6_Tu0.3,0.023,0.608,1.246,0.002,7.930,1.970,1.464,1.998,2.363,5.514,5.881,2.783,9.594,9.763,7.778,17.675,0.162,5.184,1.132,2.170,2.601,10.158,2.002
Br62_rep10_Dep6_Tu40,24.803,0.484,0.787,17.441,6.305,1.151,2.771,0.477,0.425,3.571,0.971,1.616,1.595,7.493,1.861,0.971,4.953,3.547,0.498,1.405,7.420,8.236,1.218
Br62_rep3_Dep6_Tu2,0.107,2.055,0.885,0.763,7.580,1.454,3.270,2.125,0.737,3.726,9.479,3.671,9.315,3.047,8.248,3.662,3.625,5.365,6.532,3.048,4.749,7.448,9.110
Br62_rep5_Dep6_Tu1,1.676,4.733,0.993,0.091,7.094,2.548,3.294,0.571,1.460,7.517,4.915,4.140,2.861,2.025,11.342,10.153,5.781,1.311,12.035,1.924,5.777,0.170,7.590
Br62_rep4_Dep6_Tu1,0.034,4.801,0.833,0.190,2.080,0.547,5.700,1.703,2.653,5.845,2.499,3.511,13.371,5.090,2.773,5.137,6.283,1.098,6.119,6.707,2.739,9.865,10.421
Br62_rep10_Dep6_Tu0.5,0.107,3.731,0.565,0.049,3.903,0.355,4.261,2.948,5.523,3.254,5.925,3.983,10.989,7.058,9.368,5.576,2.986,4.485,1.060,3.638,1.528,10.705,8.002
Br62_rep5_Dep6_Tu20,17.102,3.886,1.140,9.685,2.657,0.368,2.846,1.403,2.475,0.740,0.636,1.211,3.296,15.538,5.918,9.119,3.208,0.455,3.969,3.970,3.991,5.026,1.360
Br62_rep6_Dep6_Tu0.3,0.135,4.172,0.976,0.002,4.952,1.258,2.240,1.856,1.832,5.236,10.690,3.730,11.969,11.521,9.820,9.855,1.178,10.516,1.692,0.171,3.128,2.081,0.988
Br62_rep9_Dep6_Tu0.3,0.065,0.389,1.433,0.005,7.346,2.888,0.323,1.370,2.048,3.959,8.635,2.291,16.499,1.927,7.222,1.465,4.663,13.696,6.140,0.488,2.601,6.788,7.758
Br62_rep2_Dep6_Tu20,14.513,1.020,0.162,9.496,2.448,2.406,3.032,2.154,2.725,6.544,1.198,0.976,0.373,14.939,3.476,0.670,3.576,6.212,2.916,3.438,0.865,8.347,8.516
Br62_rep6_Dep6_Tu0.5,0.157,1.723,1.368,0.153,0.567,1.526,4.916,3.514,3.617,1.779,5.888,3.612,16.542,6.566,1.851,10.855,7.480,6.774,6.536,2.886,4.347,2.819,4.526
Br62_rep8_Dep6_Tu10,2.681,0.921,2.477,4.960,10.546,0.916,3.829,0.574,4.784,3.649,3.819,1.302,3.354,11.783,2.177,7.557,0.770,2.210,8.326,7.292,4.209,6.300,5.563
Br62_rep2_Dep6_Tu0.1,0.035,2.182,0.860,0.004,7.020,1.062,2.460,3.197,4.665,2.556,8.054,3.163,12.433,7.594,9.061,9.313,2.251,6.996,4.700,1.636,0.601,4.355,5.801
Br62_rep5_Dep6_Tu10,9.374,4.110,1.009,5.866,1.680,0.819,3.429,1.008,3.403,2.729,2.545,1.648,6.148,23.189,3.487,3.852,4.827,6.070,1.687,3.653,1.424,6.909,1.133
Br62_rep10_Dep6_Tu10,8.676,2.289,0.359,4.530,8.103,0.171,1.191,5.839,1.712,3.185,4.737,1.926,5.657,4.637,8.741,3.403,6.848,6.087,0.273,3.830,0.032,11.625,6.150
Br62_rep4_Dep6_Tu10,1.920,3.914,0.713,7.241,2.773,0.421,2.606,2.040,2.747,4.520,7.311,1.618,4.286,6.841,4.408,3.195,5.044,11.348,2.557,3.977,0.582,11.574,8.365
Br62_rep3_Dep6_Tu0.1,0.094,0.833,1.546,0.001,2.363,1.424,1.168,3.482,1.975,5.129,11.187,3.712,14.147,5.218,8.118,10.739,4.178,6.239,1.613,1.707,3.078,6.287,5.765
Br62_rep2_Dep6_Tu50,32.409,0.241,0.354,22.910,2.080,0.123,0.525,1.235,0.704,2.593,0.668,0.394,0.525,10.312,0.744,0.272,2.551,1.296,2.248,3.938,6.664,5.646,1.567
Br62_rep9_Dep6_Tu10,1.988,5.236,1.237,8.560,1.517,1.793,2.832,2.219,2.041,0.076,7.758,2.622,4.578,15.936,7.496,5.565,3.928,6.376,2.691,2.421,2.016,4.481,6.633
Br62_rep5_Dep6_Tu0.3,0.016,5.953,1.017,0.002,7.667,2.194,1.185,1.668,4.350,3.876,2.133,4.428,6.951,9.833,3.257,6.416,1.975,7.836,8.608,3.230,2.728,10.304,4.373
Br62_rep8_Dep6_Tu50,28.147,3.148,1.104,25.431,2.713,0.955,1.880,1.663,1.624,2.619,0.058,1.255,0.591,12.461,1.404,1.529,2.640,1.832,1.172,4.629,0.603,0.778,1.764
Br62_rep4_Dep6_Tu0.3,0.005,5.378,0.713,0.003,2.620,1.706,2.735,1.989,3.541,3.451,8.050,3.320,8.187,13.277,0.882,6.341,2.765,1.556,6.999,0.253,5.603,4.326,16.301
Br62_rep7_Dep6_Tu1,1.598,4.704,0.700,0.039,4.454,1.760,0.648,0.896,2.516,3.446,9.742,2.628,3.326,15.987,5.017,5.625,4.551,1.248,3.260,1.110,3.929,4.224,18.589
Br62_rep3_Dep6_Tu0.5,0.067,5.878,0.709,0.000,4.292,2.830,2.541,3.436,3.047,2.123,5.667,3.590,1.346,14.093,4.420,15.744,3.562,7.276,5.702,1.425,1.649,2.380,8.220
Br62_rep7_Dep6_Tu40,20.683,0.618,0.745,23.120,3.380,0.217,2.290,1.289,1.877,1.904,2.423,1.688,0.061,8.993,1.527,0.229,4.313,4.777,1.824,2.736,2.932,6.699,5.674
Br62_rep2_Dep6_Tu3,2.600,5.903,1.063,0.540,1.133,3.149,1.139,5.898,2.420,2.972,6.659,0.489,8.563,4.794,5.309,5.276,8.843,7.543,5.110,1.427,7.547,3.496,8.126
Br62_rep2_Dep6_Tu0.5,0.079,0.062,1.893,0.016,7.243,1.484,3.176,3.610,2.320,2.399,2.931,2.668,13.739,4.805,4.131,6.962,8.803,11.297,4.965,0.162,7.632,1.381,8.244
Br62_rep1_Dep6_Tu50,28.852,0.617,1.623,23.007,0.035,0.405,0.953,1.707,2.057,5.892,0.382,1.690,1.659,7.375,1.959,0.145,2.348,2.626,0.900,3.290,3.530,4.724,4.224
Br62_rep3_Dep6_Tu3,3.560,4.831,1.449,1.544,4.943,0.548,2.093,1.817,1.893,3.355,3.580,3.557,12.035,9.256,3.799,6.439,7.654,9.899,5.046,3.626,1.986,2.828,4.261
Br62_rep7_Dep6_Tu3,2.924,3.798,0.015,0.886,0.073,2.178,3.997,1.433,4.189,5.615,4.892,2.328,9.783,10.428,8.069,8.286,4.481,4.087,0.559,2.557,3.452,9.909,6.063
Br62_rep3_Dep6_Tu0.3,0.020,3.950,0.816,0.002,2.897,2.043,3.171,3.357,2.390,4.245,9.097,1.295,6.573,9.622,3.055,0.128,7.729,0.202,18.512,4.146,1.611,5.590,9.549
Br62_rep8_Dep6_Tu30,20.848,0.826,1.487,15.377,3.950,1.035,0.563,2.010,0.149,5.013,2.184,2.422,1.053,7.746,2.142,1.361,6.340,0.974,5.540,2.004,1.419,6.926,8.630
Br62_rep4_Dep6_Tu30,17.797,0.019,0.761,19.438,6.203,0.520,1.604,0.199,1.764,2.174,2.052,0.849,1.014,19.268,0.128,2.161,0.927,0.787,3.825,2.052,0.449,1.625,14.383
Br62_rep6_Dep6_Tu3,0.035,3.767,1.210,1.753,4.624,2.847,3.686,2.993,3.584,3.270,3.522,0.690,0.976,12.680,1.061,3.143,4.181,5.171,15.212,4.087,10.856,6.064,4.586
Br62_rep4_Dep6_Tu0.1,0.032,2.474,0.880,0.004,0.696,2.354,1.940,3.791,2.924,4.008,8.162,1.378,11.452,3.880,2.194,4.661,0.620,15.965,5.362,0.222,11.010,7.651,8.339
Br62_rep8_Dep6_Tu5,2.785,4.594,0.908,2.484,2.462,3.195,2.060,3.758,2.512,5.083,6.806,2.103,9.784,10.618,0.716,1.695,10.287,2.324,5.305,3.395,4.163,2.481,10.481
Br62_rep10_Dep6_Tu50,34.645,0.915,3.701,23.414,4.151,0.158,1.209,0.982,0.653,2.788,0.699,1.341,0.591,4.531,3.386,0.653,1.827,2.989,1.294,1.102,1.255,6.248,1.466
Br62_rep10_Dep6_Tu0.3,0.005,3.662,0.734,0.002,7.064,1.386,1.084,3.723,4.088,4.522,7.197,2.926,7.375,6.796,4.669,11.498,6.093,6.125,2.321,0.497,4.116,8.841,5.275
Br62_rep3_Dep6_Tu20,20.868,2.158,0.288,7.450,1.274,0.955,0.515,2.021,1.918,1.927,4.349,1.022,1.924,15.527,5.543,0.497,4.918,11.068,5.824,0.308,5.815,3.193,0.638
Br62_rep1_Dep6_Tu1,0.089,3.745,0.606,0.011,2.145,1.318,2.958,2.542,5.099,3.565,6.157,2.587,10.755,2.922,10.106,16.422,0.910,1.907,10.465,3.546,1.501,1.634,9.010
Br62_rep3_Dep6_Tu1,0.086,2.910,0.352,0.002,10.400,1.639,3.489,0.073,4.172,3.685,1.857,3.732,12.972,11.935,10.504,3.418,4.660,10.816,2.994,2.438,2.287,0.574,5.006
Br62_rep9_Dep6_Tu2,1.032,3.269,0.811,1.075,1.417,2.705,2.334,2.284,2.488,5.834,6.090,3.481,7.078,11.393,6.293,3.870,2.856,15.403,6.629,0.992,4.472,2.430,5.766
Br62_rep7_Dep6_Tu50,32.709,1.957,1.143,24.938,1.225,0.260,1.068,0.533,1.269,1.508,0.025,1.231,0.182,3.075,3.182,0.308,0.012,3.095,4.146,1.963,4.496,5.290,6.384
Br62_rep7_Dep6_Tu5,1.235,1.626,1.094,4.705,1.280,1.615,2.717,1.397,5.201,4.236,6.125,1.425,14.195,13.346,2.114,6.700,2.716,4.475,5.986,1.380,7.098,2.522,6.812
Br62_rep8_Dep6_Tu2,1.269,5.963,1.044,1.732,3.707,0.003,4.084,3.562,0.217,1.367,3.975,3.768,14.880,16.620,8.267,4.383,0.736,3.519,1.398,2.450,1.127,12.891,3.038
Br62_rep5_Dep6_Tu0.1,0.048,3.239,1.088,0.050,4.876,0.434,3.767,2.852,0.261,4.232,5.986,2.795,14.157,3.290,3.075,11.272,5.500,1.901,9.471,1.881,9.102,7.389,3.333
Br62_rep6_Dep6_Tu5,0.535,2.286,0.495,4.181,5.415,1.354,2.838,2.489,0.326,6.214,3.360,2.109,6.116,9.927,6.392,4.548,1.222,14.720,10.334,3.516,6.055,3.102,2.468
Br62_rep9_Dep6_Tu20,13.621,2.565,0.320,11.819,6.599,0.177,1.033,2.089,2.340,2.273,0.102,1.235,2.972,1.366,5.533,2.354,4.641,0.147,2.235,8.943,1.957,11.747,13.932
Br62_rep2_Dep6_Tu30,23.071,1.145,0.194,18.326,1.909,0.170,0.719,1.280,0.664,1.800,0.833,1.097,2.035,13.137,2.437,1.231,0.595,7.664,0.204,2.745,8.951,2.043,7.751
Br62_rep7_Dep6_Tu10,7.210,0.015,0.069,4.361,7.351,0.943,2.125,1.087,1.879,5.560,4.993,2.042,9.135,18.452,3.054,2.642,3.853,7.770,3.736,1.677,4.008,0.306,7.730
Br62_rep6_Dep6_Tu0.1,0.031,3.924,0.579,0.001,1.107,2.111,3.202,2.803,2.459,5.203,7.067,2.354,7.661,3.010,0.284,1.524,8.196,15.365,15.132,3.449,10.630,1.982,1.928
Br62_rep5_Dep6_Tu50,35.221,0.703,1.929,21.571,2.062,0.210,0.662,0.650,0.460,1.969,1.189,0.836,1.343,5.981,1.183,1.297,1.829,1.985,3.190,2.892,2.679,5.389,4.771
Br62_rep10_Dep6_Tu1,0.013,3.926,1.207,0.003,4.919,1.223,3.649,2.130,1.128,7.500,9.678,4.533,10.320,5.530,6.402,4.826,2.834,6.289,9.335,1.319,2.483,9.893,0.860
Br62_rep1_Dep6_Tu30,15.487,2.007,0.673,15.352,0.600,2.037,1.527,0.908,2.081,5.531,0.999,1.761,2.124,12.993,1.525,1.235,2.680,9.291,4.422,4.449,8.504,0.445,3.369
Br62_rep7_Dep6_Tu0.3,0.076,6.344,0.295,0.030,1.580,2.224,2.141,1.515,3.616,4.961,6.987,2.177,10.713,7.490,1.223,3.735,10.205,13.239,7.121,0.922,5.308,2.920,5.180
Br62_rep2_Dep6_Tu10,0.797,2.979,0.194,7.639,2.804,3.074,1.703,1.028,4.452,3.261,4.861,1.935,7.759,9.579,5.066,0.833,6.489,12.677,3.986,2.318,8.796,3.442,4.328
Br62_rep9_Dep6_Tu0.1,0.003,2.824,0.588,0.000,12.730,1.458,2.902,3.672,3.596,1.928,9.033,4.403,7.212,2.776,3.589,0.970,2.896,0.629,7.100,3.158,5.672,9.680,13.181
Br62_rep3_Dep6_Tu10,3.531,3.079,1.492,6.018,0.321,3.380,2.881,2.512,3.611,3.286,5.379,2.658,4.570,0.468,0.238,5.910,1.992,6.215,1.146,8.301,4.664,12.281,16.067
Br62_rep4_Dep6_Tu5,1.752,3.826,1.115,2.462,4.864,2.139,2.831,4.379,3.173,2.972,3.713,3.537,7.328,15.540,1.020,10.108,1.816,6.301,1.447,2.602,2.105,10.338,4.634
Br62_rep8_Dep6_Tu20,15.232,0.064,1.057,10.700,11.002,0.640,1.394,1.113,4.297,2.292,2.332,2.066,1.754,11.822,6.113,7.207,4.375,2.259,2.048,0.331,0.836,3.494,7.572
Br62_rep1_Dep6_Tu2,0.149,5.052,0.561,1.205,10.066,2.018,3.137,0.739,2.168,0.344,4.711,3.175,8.690,9.461,4.023,7.692,6.850,4.677,4.541,3.284,0.308,1.501,15.649
Br62_rep10_Dep6_Tu5,3.802,4.169,0.683,0.871,3.855,2.673,4.029,1.184,5.053,2.427,1.450,2.715,10.185,16.286,4.638,4.262,5.886,10.719,3.364,0.961,0.067,8.736,1.985
Br62_rep10_Dep6_Tu30,15.830,2.688,1.338,13.852,3.532,0.098,1.679,0.096,3.955,3.561,3.228,0.097,0.987,11.417,5.536,1.090,1.927,5.309,5.867,4.574,7.009,0.326,6.004
Br62_rep6_Dep6_Tu2,0.333,3.338,0.577,0.267,6.776,2.652,1.895,4.764,2.913,2.208,1.210,2.737,15.185,5.784,5.845,4.261,4.624,5.943,4.451,6.901,0.796,13.805,2.735
Br62_rep4_Dep6_Tu3,0.304,5.908,0.555,1.306,8.327,0.999,2.524,3.355,2.112,0.297,4.667,3.590,8.425,16.420,5.522,8.395,0.703,4.390,4.845,3.025,3.795,6.463,4.071
Br66_rep4_Dep6_Tu50,50.386,2.498,0.295,6.220,1.678,0.014,2.222,2.827,1.305,1.451,4.265,0.152,3.328,2.154,2.393,0.422,1.381,0.705,1.989,3.086,2.631,5.509,3.089
Br66_rep3_Dep6_Tu0.5,0.397,5.600,0.586,0.001,2.639,0.340,2.610,1.588,3.980,4.645,10.960,3.502,12.135,10.828,8.590,0.410,1.356,10.645,3.911,1.874,2.599,6.012,4.791
Br66_rep2_Dep6_Tu3,0.172,7.243,0.242,0.003,12.850,2.141,1.147,4.509,2.257,1.618,3.531,3.147,6.759,1.763,9.639,0.699,7.720,8.840,1.478,1.467,10.208,0.712,11.856
Br66_rep6_Dep6_Tu40,38.588,1.406,1.095,6.658,2.119,1.048,0.750,1.493,1.553,2.686,3.261,1.689,2.589,3.777,4.214,4.867,8.186,1.046,5.502,1.580,3.990,1.322,0.582
Br66_rep9_Dep6_Tu0.1,0.002,3.945,0.974,0.000,6.203,1.095,4.341,7.035,2.271,1.207,3.271,4.680,5.022,3.799,8.988,10.052,5.621,0.238,10.810,1.566,3.766,6.277,8.837
Br66_rep9_Dep6_Tu5,5.354,3.623,1.294,2.105,5.740,0.900,2.574,1.697,1.286,6.219,6.155,3.250,8.271,3.667,10.397,3.440,7.929,3.642,5.991,3.991,1.476,10.451,0.548
Br66_rep10_Dep6_Tu1,0.461,3.410,0.237,0.000,8.931,3.625,2.227,2.701,1.217,6.260,4.996,2.741,1.740,5.110,12.254,11.740,7.051,7.809,7.320,1.663,2.600,2.665,3.243
Br66_rep6_Dep6_Tu20,20.840,1.047,0.468,4.832,1.944,0.560,1.038,2.416,3.177,3.665,3.306,2.050,4.376,1.445,0.701,5.902,12.243,8.635,3.561,4.258,0.497,2.096,10.941
