Sample,BRCA,CEAD,CESC,COAD,OV,READ,bcell,cd4tcell,cd8tcell,erythroblast,monocyte,naturalkillercell,neutrophil
Colo_rep2_Dep6_Tu0.5,0.000,0.000,0.000,0.000,9.031,0.000,1.371,0.000,0.081,14.576,13.869,1.391,59.681
Colo_rep2_Dep6_Tu50,1.623,0.000,3.402,0.000,8.031,24.101,2.440,0.000,0.000,17.630,6.206,4.894,31.673
Colo_rep6_Dep6_Tu1,0.000,0.872,0.000,0.000,10.767,0.000,5.814,0.000,0.000,11.666,8.630,1.803,60.447
Colo_rep3_Dep6_Tu2,0.000,0.000,0.000,0.000,7.008,0.084,7.335,0.000,0.000,10.589,10.916,2.429,61.639
Colo_rep7_Dep6_Tu2,0.000,0.000,0.000,0.000,7.164,0.000,4.885,0.000,0.000,15.822,7.346,1.716,63.067
Colo_rep8_Dep6_Tu0.1,0.000,0.000,0.000,0.000,11.382,0.000,6.993,0.381,1.028,9.579,9.481,2.891,58.266
Colo_rep10_Dep6_Tu2,0.000,0.000,0.000,0.000,11.410,0.022,2.196,0.000,0.167,13.014,14.885,2.804,55.502
Colo_rep6_Dep6_Tu3,0.000,0.000,0.000,0.000,18.045,0.000,5.138,0.000,0.000,10.057,9.585,1.051,56.123
Colo_rep9_Dep6_Tu30,0.000,0.000,0.000,0.000,10.593,13.406,4.219,0.000,0.000,15.224,10.287,2.945,43.326
Colo_rep9_Dep6_Tu0.5,0.000,0.000,0.000,0.000,16.327,0.000,1.412,0.000,0.000,11.093,11.440,3.551,56.177
Colo_rep6_Dep6_Tu20,0.000,0.000,1.256,0.000,2.742,14.382,4.328,0.000,2.452,10.403,12.378,2.879,49.180
Colo_rep8_Dep6_Tu30,1.098,0.000,0.901,0.000,19.199,11.259,2.188,0.000,0.000,11.418,6.984,4.317,42.637
Colo_rep3_Dep6_Tu5,0.000,0.000,0.000,1.516,10.759,1.568,5.710,0.000,0.000,10.504,6.830,3.172,59.942
Colo_rep4_Dep6_Tu3,0.000,0.000,0.000,0.000,13.256,0.000,3.415,0.000,0.000,8.133,10.305,6.532,58.359
Colo_rep2_Dep6_Tu10,0.000,0.000,0.000,0.000,11.205,5.335,3.456,0.000,0.182,10.419,14.079,4.218,51.108
Colo_rep3_Dep6_Tu40,0.000,4.497,0.000,0.000,12.526,20.477,4.218,3.509,0.000,10.609,5.621,2.229,36.314
Colo_rep3_Dep6_Tu30,7.164,0.000,0.000,0.000,4.345,11.736,4.320,0.951,0.000,12.805,7.870,5.301,45.507
Colo_rep6_Dep6_Tu30,0.000,0.000,0.000,0.000,20.581,15.950,1.814,0.000,2.606,8.050,7.238,4.762,38.998
Colo_rep4_Dep6_Tu50,5.156,0.000,0.557,0.000,1.792,29.686,3.179,0.000,5.007,13.471,11.863,0.308,28.981
Colo_rep5_Dep6_Tu50,3.573,0.000,2.372,0.000,4.099,28.116,2.607,0.000,0.000,12.984,10.416,6.118,29.715
Colo_rep6_Dep6_Tu2,1.200,0.000,0.000,0.000,5.782,0.262,2.163,0.000,6.215,11.445,9.639,2.015,61.278
Colo_rep10_Dep6_Tu50,0.000,0.000,0.000,0.000,15.166,31.133,3.166,0.000,0.000,13.275,13.057,2.563,21.640
Colo_rep7_Dep6_Tu50,6.586,1.150,0.000,0.000,5.838,23.233,4.103,1.493,0.000,12.187,7.873,4.800,32.738
Colo_rep9_Dep6_Tu40,3.387,2.585,1.875,0.000,9.632,18.521,3.777,0.814,0.000,11.563,10.920,1.970,34.956
Colo_rep8_Dep6_Tu5,1.360,0.000,0.000,0.000,11.491,0.000,4.750,0.000,0.000,11.272,8.343,5.233,57.550
Colo_rep1_Dep6_Tu20,1.611,0.000,0.000,0.000,12.256,8.221,0.770,0.000,3.824,9.402,10.584,5.848,47.483
Colo_rep9_Dep6_Tu2,0.000,0.000,0.000,0.000,9.382,0.000,3.526,0.000,0.000,19.014,11.048,0.000,57.029
Colo_rep5_Dep6_Tu30,0.000,0.000,0.000,0.000,11.642,16.541,6.854,0.000,0.000,17.034,7.433,0.000,40.495
Colo_rep4_Dep6_Tu0.1,0.150,0.000,0.000,0.000,4.844,0.000,2.769,0.000,0.000,16.415,11.269,0.000,64.552
Colo_rep5_Dep6_Tu0.1,0.000,0.000,0.000,0.000,12.556,0.000,3.522,0.000,0.000,12.712,9.976,0.000,61.235
Colo_rep9_Dep6_Tu3,0.000,0.000,0.000,0.000,13.775,0.000,2.637,0.000,1.011,7.352,13.016,3.632,58.578
Colo_rep2_Dep6_Tu0.1,0.000,0.000,0.000,0.000,11.672,0.000,4.318,0.000,0.000,10.386,11.324,6.173,56.128
Colo_rep8_Dep6_Tu10,1.463,0.000,0.000,0.000,6.829,1.230,8.038,0.000,3.731,11.863,6.507,0.924,59.414
Colo_rep4_Dep6_Tu30,4.955,2.722,1.809,0.000,2.931,9.577,0.477,0.000,1.901,14.510,9.783,3.733,47.602
Colo_rep2_Dep6_Tu2,1.815,0.000,0.000,0.000,8.576,0.000,4.637,0.000,0.222,13.961,10.170,1.298,59.322
Colo_rep1_Dep6_Tu5,0.000,0.000,0.112,0.000,9.497,3.278,5.282,0.000,1.170,11.859,9.617,1.486,57.698
Colo_rep8_Dep6_Tu50,4.984,0.000,1.716,0.000,12.853,25.321,2.403,0.000,1.757,9.798,7.769,5.152,28.246
Colo_rep5_Dep6_Tu5,0.000,0.000,0.000,0.000,11.244,1.255,7.273,0.000,0.000,8.356,10.936,4.803,56.133
Colo_rep6_Dep6_Tu50,1.049,0.399,1.500,0.000,12.662,25.137,0.599,0.000,0.000,15.529,10.824,5.066,27.234
Colo_rep5_Dep6_Tu0.5,0.000,0.000,0.000,0.000,7.318,0.000,3.817,0.000,0.000,12.104,6.900,3.456,66.405
Colo_rep4_Dep6_Tu20,1.559,0.000,0.000,0.000,15.236,10.922,3.910,0.000,0.000,5.452,7.955,7.292,47.675
Colo_rep8_Dep6_Tu40,3.268,0.000,2.023,0.000,12.981,15.819,4.229,0.000,0.000,11.143,6.882,8.012,35.642
Colo_rep7_Dep6_Tu0.3,0.000,0.000,0.000,0.000,7.956,0.000,0.451,0.000,0.000,14.858,11.577,3.197,61.962
Colo_rep7_Dep6_Tu30,1.358,2.637,0.000,0.000,8.054,17.579,1.051,0.000,0.000,11.822,7.119,4.952,45.428
Colo_rep10_Dep6_Tu20,3.418,0.000,0.000,0.000,10.730,8.699,7.749,0.000,2.451,9.133,8.404,1.095,48.320
Colo_rep9_Dep6_Tu10,0.000,0.000,0.000,0.000,18.436,0.632,5.422,0.000,0.000,8.251,12.306,3.028,51.925
Colo_rep9_Dep6_Tu0.1,0.000,0.000,0.000,0.000,14.486,0.000,4.707,0.000,0.475,11.849,9.824,5.015,53.644
Colo_rep10_Dep6_Tu0.3,1.041,0.000,0.000,0.000,5.892,0.000,1.876,0.000,6.544,11.187,9.727,2.057,61.676
Colo_rep8_Dep6_Tu20,0.996,0.000,0.000,0.000,19.143,7.108,5.696,0.000,3.267,5.894,6.391,2.550,48.956
Colo_rep3_Dep6_Tu3,0.215,0.000,1.083,0.141,6.360,0.021,1.753,0.000,0.018,12.367,12.640,7.633,57.770
Colo_rep4_Dep6_Tu2,0.000,0.000,0.000,0.000,15.291,0.000,4.518,0.000,1.741,4.915,13.657,4.781,55.096
Colo_rep10_Dep6_Tu0.1,0.000,0.000,0.000,0.000,10.220,0.158,6.418,0.000,2.588,7.702,8.133,2.336,62.445
Colo_rep4_Dep6_Tu0.3,0.000,0.000,0.000,0.000,6.306,0.000,3.939,0.000,1.949,11.473,11.944,3.030,61.360
Colo_rep9_Dep6_Tu0.3,0.000,0.333,0.000,0.000,4.989,0.000,1.859,0.000,0.000,13.903,14.400,1.283,63.233
Colo_rep1_Dep6_Tu10,0.000,0.000,0.000,0.000,8.206,4.413,8.615,0.000,0.293,11.694,8.615,5.663,52.499
Colo_rep6_Dep6_Tu0.3,0.000,0.000,0.000,0.000,7.838,0.000,4.105,0.000,3.167,8.824,15.566,2.618,57.882
Colo_rep6_Dep6_Tu0.5,0.000,0.000,0.000,0.000,13.744,0.000,5.636,0.000,3.429,7.946,7.903,2.180,59.162
Colo_rep10_Dep6_Tu10,0.000,0.000,0.000,0.000,15.335,4.864,7.602,1.419,0.000,10.781,7.868,2.903,49.229
Colo_rep10_Dep6_Tu1,0.000,0.000,0.000,0.000,11.609,0.000,3.697,0.000,0.000,9.876,15.101,4.632,55.087
Colo_rep10_Dep6_Tu5,0.000,0.000,0.000,0.000,14.884,2.146,4.273,0.000,1.565,8.518,9.079,5.524,54.011
Colo_rep10_Dep6_Tu40,3.965,2.702,0.000,0.000,8.463,24.110,3.416,0.000,0.000,8.791,14.752,3.501,30.301
Colo_rep10_Dep6_Tu0.5,0.000,0.000,0.000,0.000,10.646,0.000,9.184,0.000,1.679,9.607,8.656,4.295,55.934
Colo_rep1_Dep6_Tu1,0.000,0.000,0.000,0.000,14.999,0.000,5.312,0.000,1.548,8.560,8.081,2.413,59.086
Colo_rep7_Dep6_Tu20,2.803,1.503,1.013,1.866,13.185,4.632,3.848,0.000,0.000,14.527,9.443,3.306,43.873
Colo_rep6_Dep6_Tu10,0.000,0.000,0.610,1.901,11.818,0.752,3.601,0.000,0.000,9.087,14.217,6.310,51.704
Colo_rep10_Dep6_Tu3,2.348,0.000,0.671,0.344,3.301,0.000,2.591,0.000,0.000,13.026,12.827,2.576,62.316
Colo_rep1_Dep6_Tu30,2.131,0.000,0.000,0.000,10.052,12.775,1.194,0.000,2.790,10.216,12.520,5.455,42.867
Colo_rep1_Dep6_Tu0.1,0.000,0.000,0.000,0.000,7.754,0.000,2.979,0.000,1.852,12.516,8.613,0.000,66.286
Colo_rep7_Dep6_Tu5,0.947,0.000,0.000,0.000,8.951,1.737,5.618,0.866,2.139,10.372,8.523,0.293,60.554
Colo_rep7_Dep6_Tu0.1,0.000,0.000,0.000,0.000,12.128,0.000,2.701,0.000,0.000,11.706,12.918,3.183,57.363
Colo_rep6_Dep6_Tu40,2.949,0.000,0.000,0.000,8.508,22.995,0.000,0.000,1.536,12.993,7.441,3.406,40.172
Colo_rep8_Dep6_Tu2,0.000,0.000,0.000,0.000,9.545,0.000,5.199,0.000,0.000,11.113,10.643,4.008,59.494
Colo_rep7_Dep6_Tu0.5,0.000,0.000,0.000,0.000,12.256,0.000,4.396,0.000,0.000,10.081,8.719,5.129,59.419
Colo_rep5_Dep6_Tu20,0.707,0.000,0.000,0.000,15.695,9.261,6.940,0.000,2.728,5.847,5.981,5.687,47.153
Colo_rep8_Dep6_Tu0.3,0.000,0.327,0.000,0.000,5.102,0.000,1.702,0.000,0.000,14.639,13.735,1.362,63.133
Colo_rep4_Dep6_Tu5,0.000,0.000,0.000,0.000,19.193,1.110,2.558,0.000,1.296,8.875,11.233,3.860,51.876
Colo_rep9_Dep6_Tu1,0.000,0.000,0.000,0.000,12.202,0.000,3.963,0.000,0.000,12.026,11.238,0.650,59.920
Colo_rep1_Dep6_Tu0.5,0.000,1.764,0.000,0.000,11.478,0.000,1.745,0.000,1.774,11.470,10.832,0.000,60.936
Colo_rep8_Dep6_Tu3,0.000,0.000,0.000,0.886,11.423,0.890,0.207,0.000,0.000,10.776,12.608,5.680,57.530
Colo_rep5_Dep6_Tu0.3,0.000,0.000,0.000,0.000,12.525,0.289,3.021,0.000,1.316,9.912,13.266,4.862,54.810
Colo_rep2_Dep6_Tu30,1.845,0.000,0.000,0.000,14.875,14.194,0.790,1.038,0.000,10.339,8.960,1.834,46.126
Colo_rep7_Dep6_Tu10,0.000,0.000,0.000,0.000,13.481,0.000,5.251,0.000,0.000,13.760,9.945,4.855,52.707
Colo_rep2_Dep6_Tu40,3.200,0.378,1.416,0.000,9.070,17.967,9.865,0.000,0.000,9.352,7.312,6.064,35.374
Colo_rep3_Dep6_Tu0.1,0.000,2.702,0.000,0.000,11.996,0.000,1.536,0.000,0.000,8.671,15.508,4.390,55.197
Colo_rep3_Dep6_Tu1,0.000,0.000,0.000,0.000,8.678,0.000,2.501,0.000,0.179,9.408,13.421,4.750,61.063
Colo_rep8_Dep6_Tu1,0.000,0.000,0.000,0.000,8.824,0.000,2.326,0.000,0.000,13.161,10.196,3.682,61.812
Colo_rep4_Dep6_Tu1,0.000,0.000,0.000,0.000,10.149,0.000,6.771,0.000,0.000,9.228,9.991,3.832,60.029
Colo_rep5_Dep6_Tu40,0.000,0.000,0.000,1.463,10.551,17.850,4.187,0.085,0.000,12.720,6.207,8.692,38.244
Colo_rep5_Dep6_Tu10,0.000,0.861,0.000,1.183,10.117,0.000,6.304,0.000,2.756,11.578,11.058,2.149,53.995
Colo_rep2_Dep6_Tu0.3,0.000,1.152,0.529,0.000,8.596,0.000,1.363,0.000,0.000,11.823,9.928,3.443,63.166
Colo_rep10_Dep6_Tu30,1.384,2.529,1.061,0.000,10.002,8.836,4.428,0.000,2.399,10.573,7.877,4.045,46.865
Colo_rep1_Dep6_Tu40,0.000,0.000,1.442,1.998,11.145,23.031,3.971,0.000,0.677,10.129,7.374,5.263,34.970
Colo_rep6_Dep6_Tu0.1,0.000,0.000,0.000,0.000,10.366,0.000,2.279,0.000,1.755,13.800,11.896,0.519,59.385
Colo_rep7_Dep6_Tu40,2.486,0.000,0.000,0.000,8.877,19.526,6.247,0.000,0.000,12.763,7.138,2.976,39.987
Colo_rep1_Dep6_Tu50,2.714,5.576,0.000,0.000,3.677,33.257,5.113,0.000,0.000,7.416,9.023,7.122,26.102
Colo_rep1_Dep6_Tu0.3,0.000,2.849,0.000,0.000,3.814,0.000,3.501,0.340,0.000,13.911,10.829,1.751,63.004
Colo_rep9_Dep6_Tu20,0.000,0.000,0.000,0.000,10.948,9.926,3.959,0.000,0.000,16.840,8.903,1.294,48.129
Colo_rep4_Dep6_Tu10,0.175,0.000,0.000,1.163,9.551,1.836,3.226,0.000,0.000,15.329,12.351,0.178,56.191
Colo_rep6_Dep6_Tu5,0.000,0.000,0.000,0.000,5.325,3.982,4.627,0.000,0.000,15.432,9.825,1.606,59.202
Colo_rep9_Dep6_Tu5,0.000,0.000,0.000,0.000,8.694,3.173,4.906,0.000,1.068,14.569,12.791,2.443,52.356
Colo_rep3_Dep6_Tu50,3.103,0.000,0.097,0.000,12.256,25.803,4.891,0.000,0.000,11.350,10.932,3.452,28.114
Colo_rep5_Dep6_Tu1,0.000,0.000,0.000,0.000,5.614,2.685,4.485,0.000,0.981,13.807,14.170,3.767,54.491
Colo_rep5_Dep6_Tu3,0.000,0.410,0.000,0.558,7.340,0.000,3.171,0.000,0.000,14.387,11.211,4.392,58.531
Colo_rep2_Dep6_Tu1,0.000,0.000,0.000,0.000,11.296,0.000,0.000,0.000,0.000,16.439,10.468,1.764,60.033
Colo_rep7_Dep6_Tu1,0.000,0.000,0.000,0.000,8.579,0.000,3.382,0.000,0.000,11.741,12.826,0.765,62.707
Colo_rep5_Dep6_Tu2,0.000,0.000,0.000,0.000,12.680,0.000,1.741,0.000,3.098,8.166,11.167,4.355,58.794
Colo_rep4_Dep6_Tu40,0.714,0.430,0.000,0.000,14.483,21.948,4.409,0.000,0.000,9.946,10.263,4.585,33.222
Colo_rep2_Dep6_Tu20,0.000,0.000,0.000,0.000,9.554,13.832,6.058,0.000,0.000,13.034,7.619,1.928,47.975
Colo_rep4_Dep6_Tu0.5,0.000,0.000,0.000,0.000,10.818,0.000,7.645,0.000,0.000,9.941,4.490,4.129,62.977
Colo_rep2_Dep6_Tu5,0.144,0.000,2.527,0.668,8.379,0.071,2.250,0.000,0.000,12.843,7.758,6.285,59.075
Colo_rep2_Dep6_Tu3,0.000,0.000,0.000,0.000,14.147,0.000,1.410,1.399,0.000,15.862,8.027,3.041,56.113
Colo_rep3_Dep6_Tu10,2.312,0.000,0.000,0.000,0.176,3.871,3.734,0.000,0.000,19.821,10.591,0.000,59.495
Colo_rep8_Dep6_Tu0.5,0.000,0.000,0.000,0.000,11.413,0.000,5.875,0.000,0.000,11.937,8.326,0.000,62.449
Colo_rep7_Dep6_Tu3,0.000,0.000,0.000,0.000,12.867,0.235,5.536,0.000,0.000,10.363,9.875,3.816,57.308
Colo_rep3_Dep6_Tu0.5,0.000,0.000,0.000,0.000,8.777,0.000,4.414,0.000,1.381,9.236,15.124,3.257,57.811
Colo_rep3_Dep6_Tu20,1.357,4.229,0.000,0.000,6.007,3.492,2.757,0.445,0.000,16.861,11.509,2.585,50.758
Colo_rep1_Dep6_Tu2,0.000,0.000,0.000,0.000,14.365,0.000,2.864,0.000,0.000,12.878,10.896,2.569,56.429
Colo_rep9_Dep6_Tu50,2.407,0.000,2.468,0.000,4.363,30.054,0.000,0.000,0.000,13.855,11.246,3.735,31.872
Colo_rep3_Dep6_Tu0.3,0.000,0.000,0.000,0.000,11.343,0.000,5.556,0.000,0.071,12.133,8.400,0.000,62.498
Colo_rep1_Dep6_Tu3,0.807,0.000,2.863,0.000,0.000,0.836,5.414,0.000,1.881,14.874,10.884,2.304,60.137
Br62_rep5_Dep6_Tu0.5,0.000,0.000,0.000,0.000,7.943,0.000,3.947,0.000,0.000,11.772,6.830,3.349,66.159
Br62_rep5_Dep6_Tu3,0.076,0.185,0.673,3.637,8.143,0.000,2.147,0.000,0.000,13.692,9.088,3.545,58.814
Br62_rep6_Dep6_Tu30,18.010,0.000,0.000,9.551,13.779,0.000,3.070,0.000,0.000,9.424,7.279,1.400,37.488
Br62_rep7_Dep6_Tu20,12.130,0.386,0.000,6.873,13.262,0.000,1.940,0.000,0.000,12.407,6.981,0.572,45.449
Br62_rep2_Dep6_Tu40,28.067,0.000,0.438,10.407,8.196,0.000,5.002,0.000,2.287,4.638,3.718,0.000,37.246
Br62_rep8_Dep6_Tu0.5,0.588,0.000,0.000,0.000,11.675,0.000,5.249,0.000,0.000,12.457,8.138,0.000,61.892
Br62_rep5_Dep6_Tu2,0.431,0.000,0.000,0.250,13.029,0.000,2.750,0.000,2.681,8.419,9.659,4.014,58.765
Br62_rep4_Dep6_Tu50,32.182,0.000,0.000,12.718,11.044,0.000,0.000,0.000,0.000,9.596,6.571,0.000,27.887
Br62_rep8_Dep6_Tu40,25.683,0.000,0.000,8.132,19.171,0.000,0.000,0.000,0.000,10.598,4.051,0.671,31.693
Br62_rep7_Dep6_Tu2,0.000,0.000,0.000,0.000,7.915,0.140,4.731,0.000,0.000,15.222,7.707,1.698,62.587
Br62_rep9_Dep6_Tu40,30.616,0.000,0.000,10.027,12.220,0.000,0.000,0.000,0.000,5.240,6.881,0.000,35.016
Br62_rep10_Dep6_Tu2,0.000,0.000,0.000,0.801,11.497,0.000,2.353,0.000,0.000,12.282,11.810,3.584,57.674
Br62_rep6_Dep6_Tu10,1.716,0.000,1.603,5.828,12.579,0.000,0.536,0.000,0.000,9.748,12.339,5.043,50.606
Br62_rep2_Dep6_Tu2,3.366,0.000,0.000,0.000,6.892,0.000,3.708,0.000,0.000,15.502,9.677,0.858,59.998
Br62_rep9_Dep6_Tu5,0.000,0.000,0.120,1.078,8.956,2.301,4.522,0.000,0.821,13.596,12.345,3.415,52.846
Br62_rep6_Dep6_Tu40,30.228,0.000,0.000,6.932,11.669,0.000,0.000,0.000,0.287,11.479,3.488,0.000,35.917
Br62_rep4_Dep6_Tu20,12.393,0.000,0.000,7.609,8.491,0.000,3.429,0.000,0.000,8.020,9.156,2.908,47.995
Br62_rep9_Dep6_Tu1,0.000,0.000,0.000,0.000,12.970,0.000,3.852,0.000,0.000,12.073,10.799,0.161,60.144
Br62_rep1_Dep6_Tu0.3,0.000,2.991,0.000,0.000,4.810,0.000,3.328,0.466,0.000,14.336,10.815,1.584,61.670
Br62_rep3_Dep6_Tu5,0.000,0.000,0.000,4.772,10.754,0.000,3.306,0.000,0.000,13.027,6.059,2.650,59.433
Br62_rep9_Dep6_Tu50,32.082,0.000,0.000,11.813,11.568,0.000,0.000,0.000,0.000,9.010,5.595,0.000,29.931
Br62_rep5_Dep6_Tu30,22.859,0.000,1.398,1.864,8.963,0.352,0.379,0.000,0.000,16.085,2.966,0.000,45.135
Br62_rep9_Dep6_Tu0.5,0.000,0.000,0.000,0.000,16.779,0.000,1.110,0.000,0.000,11.588,10.857,3.332,56.334
Br62_rep1_Dep6_Tu20,16.375,0.000,0.000,2.304,14.591,0.000,0.000,0.000,2.958,7.645,5.442,2.175,48.511
Br62_rep4_Dep6_Tu2,0.000,0.000,0.000,0.000,14.080,0.000,4.423,0.000,2.220,5.389,13.488,4.161,56.238
Br62_rep8_Dep6_Tu3,1.004,0.000,0.000,2.782,11.057,0.000,0.000,0.000,0.000,10.891,10.452,4.910,58.905
Br62_rep2_Dep6_Tu5,2.818,0.000,1.497,4.890,9.589,0.000,0.035,0.000,0.000,11.425,8.145,2.777,58.824
Br62_rep2_Dep6_Tu1,0.000,0.000,0.000,0.000,11.790,0.000,0.000,0.000,0.000,16.237,10.292,1.486,60.195
Br62_rep8_Dep6_Tu1,0.000,0.000,0.000,0.000,9.757,0.000,1.797,0.000,0.000,13.425,9.743,3.748,61.530
Br62_rep10_Dep6_Tu0.1,0.000,0.000,0.000,0.000,10.352,0.076,6.465,0.000,2.218,8.213,8.074,2.344,62.258
Br62_rep3_Dep6_Tu40,22.531,3.372,0.000,14.885,15.453,0.000,1.109,0.000,0.051,8.057,2.060,1.591,30.890
Br62_rep8_Dep6_Tu0.3,0.000,0.813,0.000,0.000,5.122,0.000,1.818,0.000,0.000,13.782,14.033,1.126,63.306
Br62_rep4_Dep6_Tu0.5,0.000,0.000,0.000,0.000,10.802,0.000,7.790,0.000,0.000,10.074,5.061,3.805,62.468
Br62_rep6_Dep6_Tu50,32.491,0.000,0.000,8.355,14.823,0.000,0.000,0.000,0.006,9.178,6.865,0.280,28.001
Br62_rep7_Dep6_Tu0.1,0.000,0.000,0.000,0.000,12.095,0.000,2.280,0.000,0.000,11.915,12.975,3.499,57.237
Br62_rep9_Dep6_Tu30,24.039,0.000,0.000,2.671,11.558,0.000,1.170,0.000,0.000,10.911,8.030,2.111,39.511
Br62_rep6_Dep6_Tu20,12.256,0.000,0.000,6.033,10.798,0.000,3.046,0.000,3.933,7.764,7.234,1.107,47.829
Br62_rep5_Dep6_Tu5,0.000,0.000,0.000,0.541,14.540,0.000,6.245,0.000,0.000,11.455,9.211,4.263,53.746
Br62_rep4_Dep6_Tu40,21.535,0.000,0.000,14.345,11.853,0.000,0.000,0.000,0.000,13.517,2.052,0.000,36.698
Br62_rep8_Dep6_Tu0.1,0.000,0.000,0.000,0.000,11.756,0.000,7.050,0.744,0.746,9.425,8.849,2.813,58.617
Br62_rep1_Dep6_Tu40,28.691,0.000,0.429,15.175,9.909,0.000,0.000,0.000,0.000,11.781,0.277,0.000,33.738
Br62_rep3_Dep6_Tu30,21.919,0.000,0.000,7.820,8.731,0.000,2.238,0.000,0.000,12.137,2.026,0.000,45.129
Br62_rep7_Dep6_Tu0.5,0.000,0.000,0.000,0.000,12.791,0.000,3.930,0.000,0.060,10.361,8.633,4.789,59.435
Br62_rep1_Dep6_Tu10,1.092,0.000,0.000,4.144,11.481,0.000,7.330,0.000,0.000,14.277,6.108,4.628,50.940
Br62_rep10_Dep6_Tu20,18.525,0.000,0.000,1.821,5.971,0.000,5.171,0.000,1.242,10.405,6.143,0.000,50.722
Br62_rep1_Dep6_Tu5,1.774,0.000,0.237,0.186,11.419,0.000,4.191,0.000,0.000,13.241,11.997,1.691,55.265
Br62_rep3_Dep6_Tu50,32.188,0.000,0.000,10.372,10.033,0.000,2.133,0.000,0.000,8.832,5.783,0.728,29.931
Br62_rep1_Dep6_Tu3,1.868,0.000,2.368,1.299,2.513,0.000,3.176,0.000,1.053,16.116,10.334,1.044,60.229
Br62_rep7_Dep6_Tu30,23.535,0.000,0.000,7.199,2.573,0.092,0.000,0.000,0.000,14.377,2.741,0.000,49.483
Br62_rep6_Dep6_Tu1,0.000,2.157,0.000,0.000,10.753,0.000,4.636,0.000,0.000,12.075,8.622,1.980,59.776
Br62_rep1_Dep6_Tu0.5,0.000,2.002,0.000,0.000,10.687,0.000,2.327,0.000,1.747,11.778,10.700,0.000,60.759
Br62_rep1_Dep6_Tu0.1,0.000,0.000,0.000,0.000,7.738,0.000,2.931,0.000,2.180,12.387,8.520,0.000,66.244
Br62_rep9_Dep6_Tu3,0.499,0.000,0.000,0.000,16.415,0.000,2.854,0.000,0.387,8.760,10.785,3.445,56.855
Br62_rep5_Dep6_Tu40,19.892,0.000,0.000,13.578,13.230,0.000,1.138,0.000,0.000,11.122,0.000,3.127,37.914
Br62_rep10_Dep6_Tu3,6.081,0.000,0.102,0.000,4.242,0.000,2.559,0.000,0.000,14.259,10.242,0.681,61.833
Br62_rep2_Dep6_Tu0.3,0.000,1.814,0.362,0.098,8.397,0.000,1.153,0.000,0.000,11.480,9.782,3.487,63.427
Br62_rep10_Dep6_Tu40,24.318,0.000,0.000,8.845,14.962,0.000,2.193,0.000,0.000,10.163,8.430,0.521,30.566
Br62_rep3_Dep6_Tu2,0.000,0.000,0.000,0.788,6.709,0.000,6.533,0.000,0.449,10.873,9.708,2.743,62.196
Br62_rep5_Dep6_Tu1,0.000,0.000,0.000,0.000,5.815,2.834,4.981,0.000,0.966,13.326,14.039,3.123,54.915
Br62_rep4_Dep6_Tu1,0.000,0.000,0.000,0.000,10.250,0.000,6.911,0.000,0.000,9.703,9.813,3.508,59.814
Br62_rep10_Dep6_Tu0.5,0.000,0.000,0.000,0.000,10.485,0.000,8.807,0.000,1.434,9.820,8.039,4.147,57.269
Br62_rep5_Dep6_Tu20,16.863,0.000,0.000,5.564,12.277,0.000,5.892,0.000,1.633,2.616,4.925,0.959,49.273
Br62_rep6_Dep6_Tu0.3,0.000,0.000,0.000,0.000,8.524,0.000,4.589,0.000,1.368,9.114,15.500,3.368,57.538
Br62_rep9_Dep6_Tu0.3,0.000,1.778,0.000,0.000,3.702,0.000,2.012,0.000,0.000,13.864,13.939,1.227,63.479
Br62_rep2_Dep6_Tu20,17.097,0.000,0.000,2.803,10.993,0.047,3.589,0.000,0.000,13.424,4.314,0.000,47.733
Br62_rep6_Dep6_Tu0.5,0.000,0.000,0.000,0.000,14.406,0.000,5.535,0.000,3.661,7.534,7.474,1.796,59.593
Br62_rep8_Dep6_Tu10,3.669,0.000,4.504,1.897,10.293,0.000,5.801,0.000,2.149,9.385,3.804,0.000,58.497
Br62_rep2_Dep6_Tu0.1,0.000,0.000,0.000,0.000,12.250,0.000,4.409,0.000,0.000,9.845,11.100,6.367,56.029
Br62_rep5_Dep6_Tu10,4.075,4.247,0.000,4.154,8.530,0.000,6.796,0.000,0.000,11.688,9.246,0.000,51.264
Br62_rep10_Dep6_Tu10,7.197,0.000,0.000,2.949,16.955,0.000,2.401,0.000,1.817,9.401,9.077,0.000,50.203
Br62_rep4_Dep6_Tu10,2.616,0.000,0.567,3.659,8.992,0.000,2.479,0.000,0.000,12.751,12.403,1.302,55.230
Br62_rep3_Dep6_Tu0.1,0.000,2.460,0.000,0.000,12.227,0.000,1.786,0.000,0.000,9.280,15.378,4.057,54.812
Br62_rep2_Dep6_Tu50,35.744,0.000,0.000,10.150,7.936,0.000,0.000,0.000,0.000,12.285,2.350,0.000,31.534
Br62_rep9_Dep6_Tu10,2.867,0.000,0.000,5.019,14.619,0.000,4.558,0.000,0.000,6.886,12.170,1.315,52.565
Br62_rep5_Dep6_Tu0.3,0.000,0.000,0.000,0.000,12.703,0.633,2.851,0.000,1.516,9.703,13.260,4.911,54.423
Br62_rep8_Dep6_Tu50,27.952,0.000,0.000,15.796,19.492,0.000,4.230,0.000,0.000,6.505,1.507,0.655,23.864
Br62_rep4_Dep6_Tu0.3,0.000,0.342,0.000,0.000,6.749,0.000,3.104,0.000,3.034,11.066,11.385,3.041,61.279
Br62_rep7_Dep6_Tu1,0.000,0.175,0.000,0.000,8.471,0.000,3.835,0.000,0.000,11.574,12.576,0.611,62.757
Br62_rep3_Dep6_Tu0.5,0.000,0.000,0.000,0.000,8.708,0.000,4.725,0.000,1.220,9.072,15.481,3.358,57.435
Br62_rep7_Dep6_Tu40,24.744,0.000,0.000,10.047,13.514,0.000,3.672,0.000,0.000,6.870,5.024,0.382,35.748
Br62_rep2_Dep6_Tu3,1.197,0.000,0.000,0.000,13.986,0.000,1.812,1.123,0.000,14.643,8.584,3.748,54.907
Br62_rep2_Dep6_Tu0.5,0.000,0.000,0.000,0.172,9.563,0.000,1.147,0.000,0.079,14.746,13.496,1.046,59.751
Br62_rep1_Dep6_Tu50,31.067,0.000,0.000,12.955,8.104,0.000,0.303,0.000,0.000,10.975,3.897,0.193,32.507
Br62_rep3_Dep6_Tu3,5.511,0.000,2.421,0.000,6.431,0.000,0.611,0.000,0.000,12.291,9.417,6.356,56.962
Br62_rep7_Dep6_Tu3,1.614,0.000,0.000,0.015,13.129,0.000,5.733,0.000,0.000,10.596,9.507,3.872,55.532
Br62_rep3_Dep6_Tu0.3,0.000,0.000,0.000,0.000,11.541,0.000,5.554,0.000,0.018,12.246,8.578,0.000,62.064
Br62_rep8_Dep6_Tu30,22.865,0.000,0.000,4.515,16.518,0.000,0.776,0.000,0.000,14.012,2.367,0.000,38.947
Br62_rep4_Dep6_Tu30,21.891,0.000,0.000,10.773,7.317,0.000,0.383,0.000,0.403,12.698,5.328,0.000,41.207
Br62_rep6_Dep6_Tu3,0.000,0.000,0.000,0.000,17.101,0.000,3.663,0.000,0.801,11.146,9.240,1.028,57.021
Br62_rep4_Dep6_Tu0.1,0.000,0.000,0.000,0.000,5.330,0.000,2.653,0.000,0.000,16.422,11.033,0.000,64.563
Br62_rep8_Dep6_Tu5,5.063,0.000,0.000,0.000,9.878,0.000,3.605,0.000,1.303,12.030,7.654,3.492,56.975
Br62_rep10_Dep6_Tu50,29.670,4.280,1.304,13.381,14.509,0.000,0.000,0.000,0.000,8.425,4.566,0.000,23.864
Br62_rep10_Dep6_Tu0.3,2.358,0.000,0.000,0.000,6.010,0.011,1.283,0.000,6.714,11.290,9.716,1.705,60.914
Br62_rep3_Dep6_Tu20,16.424,0.000,0.000,0.816,11.123,0.000,0.000,0.000,0.000,13.197,10.570,0.000,47.870
Br62_rep1_Dep6_Tu1,0.000,0.000,0.000,0.000,15.616,0.000,5.095,0.000,1.927,8.474,7.501,2.292,59.095
Br62_rep3_Dep6_Tu1,0.000,0.000,0.000,0.000,9.433,0.000,2.398,0.000,1.095,9.352,13.296,4.374,60.051
Br62_rep9_Dep6_Tu2,0.000,0.228,0.000,0.700,9.777,0.000,4.306,0.000,0.000,16.927,11.080,0.566,56.416
Br62_rep7_Dep6_Tu50,35.987,0.627,0.000,9.595,10.890,0.000,1.195,0.000,0.000,11.905,2.704,0.000,27.095
Br62_rep7_Dep6_Tu5,7.056,0.000,0.000,1.387,6.877,0.000,3.455,0.000,2.833,9.833,7.489,0.000,61.071
Br62_rep8_Dep6_Tu2,0.000,0.000,0.000,0.931,10.582,0.000,5.439,0.000,0.407,10.761,9.634,3.155,59.091
Br62_rep5_Dep6_Tu0.1,0.000,0.000,0.000,0.000,12.797,0.000,3.524,0.000,0.000,12.664,9.535,0.052,61.428
Br62_rep6_Dep6_Tu5,0.000,0.000,0.000,0.768,7.816,1.253,4.722,0.000,0.000,15.360,9.248,0.787,60.045
Br62_rep9_Dep6_Tu20,13.719,0.135,0.000,7.193,9.666,0.000,2.881,0.000,0.000,13.382,6.554,0.000,46.470
Br62_rep2_Dep6_Tu30,27.181,0.000,0.000,8.864,2.906,0.000,0.000,0.000,0.000,8.248,5.776,0.000,47.026
Br62_rep7_Dep6_Tu10,5.684,0.000,0.000,0.675,15.643,0.000,2.392,0.000,0.000,10.060,9.282,3.843,52.421
Br62_rep6_Dep6_Tu0.1,0.000,0.000,0.000,0.000,10.817,0.000,2.230,0.000,1.911,13.830,11.455,0.430,59.327
Br62_rep5_Dep6_Tu50,35.173,0.000,3.658,8.046,7.276,0.000,0.000,0.000,0.000,8.918,4.511,0.000,32.419
Br62_rep10_Dep6_Tu1,0.000,0.000,0.000,0.000,11.773,0.000,3.728,0.000,0.000,10.296,15.058,4.221,54.924
Br62_rep1_Dep6_Tu30,17.956,0.000,0.000,8.875,11.338,0.000,2.593,0.000,0.000,9.224,8.902,1.157,39.956
Br62_rep7_Dep6_Tu0.3,0.000,0.000,0.000,0.000,8.069,0.000,0.381,0.000,0.000,15.163,11.483,3.033,61.870
Br62_rep2_Dep6_Tu10,0.441,0.000,0.000,3.648,15.162,0.000,2.728,0.000,0.855,9.518,10.505,4.244,52.900
Br62_rep9_Dep6_Tu0.1,0.000,0.000,0.000,0.000,14.913,0.000,4.782,0.000,0.742,11.535,9.436,4.850,53.743
Br62_rep3_Dep6_Tu10,7.271,1.086,0.000,2.220,6.367,0.000,0.843,0.000,0.000,18.844,7.218,0.000,56.151
Br62_rep4_Dep6_Tu5,0.032,0.000,0.000,1.616,17.366,0.371,3.285,0.000,0.704,9.568,11.333,3.588,52.137
Br62_rep8_Dep6_Tu20,14.203,0.000,0.000,6.244,21.341,0.000,0.255,0.000,2.044,5.565,1.902,0.000,48.447
Br62_rep1_Dep6_Tu2,1.176,0.000,0.000,0.000,16.080,0.000,1.698,0.000,0.000,12.818,10.116,2.325,55.787
Br62_rep10_Dep6_Tu5,0.000,3.164,0.000,0.419,12.213,0.000,4.037,0.000,1.001,10.759,9.619,4.073,54.715
Br62_rep10_Dep6_Tu30,13.749,8.244,1.494,2.939,9.116,0.000,1.076,0.000,1.177,11.081,4.755,0.000,46.369
Br62_rep6_Dep6_Tu2,3.147,0.000,0.000,0.000,4.954,0.547,1.857,0.000,5.676,11.156,9.363,2.454,60.846
Br62_rep4_Dep6_Tu3,0.000,0.000,0.000,0.000,14.108,0.000,3.411,0.000,0.000,8.065,11.064,6.606,56.746
Br66_rep4_Dep6_Tu50,51.003,0.000,0.000,0.269,3.765,0.000,1.603,0.000,0.000,8.594,8.874,0.000,25.891
Br66_rep3_Dep6_Tu0.5,0.000,0.000,0.000,0.000,8.644,0.000,4.288,0.000,1.313,9.135,15.647,3.406,57.568
Br66_rep2_Dep6_Tu3,0.399,0.000,0.000,0.000,14.527,0.000,1.331,1.240,0.000,15.194,8.238,3.626,55.447
Br66_rep6_Dep6_Tu40,38.206,0.249,0.000,1.906,5.809,0.000,0.000,0.000,0.000,8.622,7.299,2.134,35.774
Br66_rep9_Dep6_Tu0.1,0.000,0.000,0.000,0.000,14.157,0.000,4.577,0.000,0.809,12.145,10.082,4.825,53.406
Br66_rep9_Dep6_Tu5,4.274,0.000,0.000,1.654,7.753,0.537,3.931,0.000,1.849,14.656,10.835,1.878,52.634
Br66_rep10_Dep6_Tu1,0.060,0.494,1.268,1.027,10.459,0.000,0.099,0.000,0.831,10.142,12.853,5.175,57.592
Br66_rep6_Dep6_Tu20,22.588,0.075,0.000,0.326,3.692,0.000,0.861,0.000,3.942,8.888,8.771,2.628,48.227
Br66_rep10_Dep6_Tu30,31.931,0.000,0.000,3.167,0.000,0.000,0.000,0.000,1.526,8.907,13.605,0.001,40.862
Br66_rep10_Dep6_Tu5,2.134,0.000,0.000,0.000,13.415,0.000,1.765,0.000,0.489,15.921,12.514,2.894,50.868
Br66_rep7_Dep6_Tu1,0.000,0.457,0.000,0.000,8.008,0.000,3.485,0.000,0.000,11.520,12.817,0.556,63.158
Br66_rep6_Dep6_Tu0.3,0.000,0.000,0.000,0.000,7.511,0.000,4.759,0.000,1.386,9.268,15.675,3.465,57.937
Br66_rep1_Dep6_Tu30,29.141,0.000,0.000,4.655,8.665,0.000,0.982,0.000,0.000,7.724,6.470,2.596,39.767
Br66_rep3_Dep6_Tu1,0.000,0.000,0.000,0.000,9.352,0.000,2.354,0.000,0.234,9.278,14.119,4.503,60.160
Br66_rep3_Dep6_Tu30,40.218,0.000,0.000,0.000,3.043,0.000,0.000,0.000,0.000,9.668,6.118,0.000,40.952
Br66_rep9_Dep6_Tu1,0.000,0.000,0.000,0.000,14.304,0.000,4.016,0.000,0.000,10.126,10.616,0.996,59.943
Br66_rep9_Dep6_Tu40,38.877,0.000,0.000,3.712,3.090,0.000,0.000,3.583,0.000,7.934,7.598,0.000,35.205
Br66_rep5_Dep6_Tu1,0.887,0.000,1.039,0.000,7.095,1.497,3.516,0.000,1.541,13.899,13.240,2.753,54.533
Br66_rep2_Dep6_Tu5,4.097,0.000,0.000,1.494,9.470,0.000,1.316,0.000,0.000,11.500,9.055,4.009,59.059
Br66_rep5_Dep6_Tu30,30.556,0.000,0.000,0.000,5.240,0.000,0.000,0.000,0.000,17.107,5.329,0.000,41.767
Br66_rep7_Dep6_Tu50,41.782,6.629,0.000,6.266,0.641,0.000,0.000,0.000,0.000,11.188,6.312,0.000,27.182
Br66_rep4_Dep6_Tu40,41.412,0.000,0.000,3.344,3.234,0.000,0.000,0.000,0.000,11.860,9.407,1.012,29.731
Br66_rep8_Dep6_Tu5,6.753,0.000,0.000,0.000,8.484,0.000,2.999,0.000,0.909,11.536,8.085,5.002,56.231
Br66_rep9_Dep6_Tu2,0.000,0.593,0.000,0.256,10.497,0.000,3.622,0.000,0.000,16.199,11.228,0.178,57.427
Br66_rep6_Dep6_Tu30,31.964,0.000,0.000,2.701,13.851,0.000,0.445,0.000,2.269,2.402,5.909,3.522,36.937
Br66_rep4_Dep6_Tu0.1,0.081,0.000,0.000,0.000,5.058,0.000,2.706,0.000,0.000,16.374,11.247,0.000,64.535
Br66_rep5_Dep6_Tu10,8.463,0.000,0.000,0.000,9.208,0.000,5.582,0.000,1.155,12.829,10.262,0.674,51.827
Br66_rep3_Dep6_Tu40,37.670,3.241,0.000,2.226,6.044,0.000,1.504,0.000,0.000,4.796,5.966,4.195,34.358
Br66_rep9_Dep6_Tu0.5,0.000,0.000,0.000,0.000,16.539,0.000,1.249,0.000,0.000,11.132,11.098,3.619,56.364
Br66_rep8_Dep6_Tu2,1.574,0.000,0.000,0.000,9.881,0.000,4.574,0.000,0.000,11.405,11.030,3.318,58.219
Br66_rep10_Dep6_Tu2,0.000,0.000,0.000,0.000,12.876,0.000,3.007,0.000,0.000,13.583,11.855,1.510,57.168
Br66_rep6_Dep6_Tu0.1,0.000,0.000,0.000,0.000,10.923,0.000,2.362,0.000,1.812,14.119,12.022,0.459,58.304
Br66_rep5_Dep6_Tu0.5,0.000,0.000,0.000,0.000,7.643,0.000,3.954,0.000,0.000,11.947,7.036,3.176,66.244
Br66_rep2_Dep6_Tu20,28.035,0.000,0.000,0.000,8.317,0.000,2.815,0.584,0.000,9.986,4.179,0.000,46.084
Br66_rep4_Dep6_Tu0.5,0.000,0.000,0.000,0.000,11.297,0.000,7.388,0.000,0.000,9.729,5.005,4.056,62.525
Br66_rep4_Dep6_Tu5,3.191,0.000,0.000,0.000,18.619,0.000,1.776,0.000,0.208,10.289,11.827,4.373,49.718
Br66_rep8_Dep6_Tu0.5,0.000,0.000,0.000,0.000,11.189,0.000,5.605,0.000,0.000,11.886,8.526,0.000,62.794
Br66_rep5_Dep6_Tu20,25.102,0.000,0.000,2.026,7.391,0.000,5.420,0.000,0.470,2.133,7.215,2.661,47.582
Br66_rep1_Dep6_Tu3,5.093,0.000,1.744,0.707,0.000,0.000,4.126,0.000,1.270,13.722,10.978,2.352,60.007
Br66_rep10_Dep6_Tu10,11.848,0.000,1.707,0.000,2.730,0.000,2.925,0.000,0.209,11.801,10.138,4.036,54.606
Br66_rep3_Dep6_Tu10,9.445,0.000,0.000,0.000,2.734,0.000,1.438,1.230,0.000,17.922,9.569,0.000,57.663
Br66_rep10_Dep6_Tu40,30.996,0.000,2.488,2.363,12.107,0.000,4.187,0.000,3.324,8.472,2.340,0.000,33.722
Br66_rep1_Dep6_Tu50,51.826,0.000,0.000,7.266,0.000,0.000,0.000,0.000,0.000,3.414,5.534,0.000,31.960
Br66_rep10_Dep6_Tu0.5,0.000,0.000,0.000,0.000,9.120,0.000,5.370,0.000,0.000,13.367,10.694,1.646,59.802
Br66_rep1_Dep6_Tu0.3,0.000,3.179,0.000,0.000,4.040,0.000,3.523,0.187,0.000,13.858,10.759,1.707,62.746
Br66_rep10_Dep6_Tu0.1,0.000,0.000,1.272,0.000,5.007,0.000,4.769,0.000,0.221,13.053,9.415,4.901,61.362
Br66_rep8_Dep6_Tu40,34.275,0.000,0.000,6.481,12.201,0.000,1.128,0.000,0.000,8.301,4.963,0.464,32.186
Br66_rep3_Dep6_Tu20,22.519,0.076,0.000,2.404,2.299,0.000,0.952,0.000,0.000,9.638,11.557,2.212,48.344
Br66_rep9_Dep6_Tu0.3,0.000,0.832,0.000,0.000,5.002,0.000,1.749,0.000,0.000,13.893,14.147,1.180,63.197
Br66_rep7_Dep6_Tu0.3,0.000,0.000,0.000,0.000,7.842,0.000,0.700,0.000,0.000,15.133,11.850,2.832,61.643
Br66_rep5_Dep6_Tu2,2.095,0.000,0.000,0.000,12.311,0.000,1.365,0.000,2.685,8.002,10.307,5.366,57.869
Br66_rep5_Dep6_Tu0.3,0.000,0.000,0.000,0.000,12.602,0.517,2.997,0.000,1.298,9.912,13.207,5.080,54.387
Br66_rep6_Dep6_Tu5,4.818,0.000,0.000,0.000,5.285,1.561,3.879,0.000,0.000,14.901,7.980,1.765,59.810
Br66_rep5_Dep6_Tu3,0.875,0.000,0.000,0.771,8.917,0.000,1.973,0.000,0.000,14.078,10.275,4.690,58.422
Br66_rep1_Dep6_Tu5,3.013,0.000,0.000,0.000,8.764,0.000,3.818,0.000,1.267,11.936,11.860,2.334,57.007
Br66_rep6_Dep6_Tu10,6.121,0.000,6.375,0.665,9.106,0.000,1.496,0.000,0.000,7.977,12.451,4.946,50.862
Br66_rep3_Dep6_Tu5,4.493,0.000,0.000,2.920,8.108,0.000,3.991,0.000,0.000,11.650,6.325,2.644,59.868
Br66_rep1_Dep6_Tu1,0.000,0.000,0.000,0.000,15.785,0.000,5.397,0.000,1.381,8.299,7.453,2.338,59.348
Br66_rep4_Dep6_Tu30,33.606,0.000,0.000,0.535,6.252,0.000,0.000,0.000,0.000,12.241,10.302,0.000,37.064
Br66_rep8_Dep6_Tu20,20.228,0.127,0.000,0.259,12.472,0.000,3.208,0.201,5.919,4.523,2.911,0.919,49.232
Br66_rep4_Dep6_Tu10,8.008,0.000,0.000,0.000,10.980,0.000,0.944,0.000,0.000,10.752,16.221,0.087,53.008
Br66_rep2_Dep6_Tu1,0.000,0.000,0.000,0.000,10.427,0.000,0.000,0.000,0.000,15.925,10.434,2.256,60.958
Br66_rep6_Dep6_Tu2,3.590,0.000,0.000,0.000,5.551,0.000,1.181,0.000,5.736,11.446,10.331,1.662,60.503
Br66_rep6_Dep6_Tu0.5,0.000,0.000,0.000,0.000,14.213,0.000,5.437,0.000,3.299,7.893,8.047,2.127,58.985
Br66_rep5_Dep6_Tu0.1,0.000,0.000,0.000,0.000,12.656,0.000,3.482,0.000,0.000,12.683,9.889,0.000,61.290
Br66_rep2_Dep6_Tu2,2.846,0.000,0.000,0.000,7.036,0.000,3.642,0.000,0.532,14.008,10.014,1.307,60.615
Br66_rep10_Dep6_Tu50,52.877,0.000,0.000,8.335,2.880,0.000,0.000,0.000,0.000,8.278,1.441,0.000,26.189
Br66_rep7_Dep6_Tu3,0.827,0.000,0.000,0.000,12.192,0.000,5.748,0.000,0.000,11.594,8.976,4.130,56.534
Br66_rep7_Dep6_Tu10,4.040,5.856,0.000,0.000,15.607,0.000,1.985,0.000,0.000,8.150,9.703,2.885,51.773
Br66_rep2_Dep6_Tu0.5,0.000,0.000,0.000,0.000,9.280,0.000,1.627,0.000,0.000,14.709,13.574,1.243,59.567
Br66_rep5_Dep6_Tu50,45.468,0.000,0.000,5.813,0.569,0.000,0.000,0.000,0.000,11.855,9.312,1.659,25.324
Br66_rep9_Dep6_Tu20,25.163,0.000,0.000,0.000,7.679,0.000,1.172,0.000,0.000,12.937,6.007,0.000,47.043
Br66_rep8_Dep6_Tu3,2.278,0.000,0.133,2.087,9.749,0.000,0.131,0.000,0.043,9.904,11.524,4.981,59.170
Br66_rep9_Dep6_Tu10,6.968,0.000,0.000,0.000,11.150,0.000,5.468,0.000,0.000,6.964,11.885,2.837,54.728
Br66_rep7_Dep6_Tu2,0.000,0.000,0.000,0.000,8.705,0.000,4.249,0.000,0.000,15.904,7.127,1.829,62.186
Br66_rep6_Dep6_Tu3,0.000,0.000,0.000,0.000,17.955,0.000,3.696,0.000,0.034,13.109,8.399,0.840,55.967
Br66_rep1_Dep6_Tu0.5,0.000,2.145,0.000,0.000,10.412,0.000,2.184,0.000,2.008,11.515,10.886,0.005,60.847
Br66_rep2_Dep6_Tu40,39.925,3.514,0.000,3.585,0.012,0.000,5.589,0.000,0.000,7.540,4.745,0.216,34.874
Br66_rep1_Dep6_Tu2,0.668,0.000,0.000,0.000,14.651,0.000,2.579,0.000,0.000,12.423,9.648,2.152,57.880
Br66_rep8_Dep6_Tu1,0.000,0.000,0.000,0.539,8.270,0.000,1.581,0.000,0.000,13.696,9.871,3.697,62.346
Br66_rep4_Dep6_Tu3,0.000,0.000,0.000,0.000,15.686,0.000,2.984,0.000,0.000,8.751,10.513,5.865,56.202
Br66_rep7_Dep6_Tu40,35.609,0.000,0.000,4.689,11.431,0.000,1.401,0.000,0.000,2.560,4.289,2.007,38.013
Br66_rep7_Dep6_Tu0.5,0.000,0.000,0.000,0.000,12.404,0.000,4.502,0.000,0.222,9.849,8.970,4.755,59.298
Br66_rep2_Dep6_Tu30,34.898,0.000,0.000,2.734,5.250,0.000,0.000,0.000,0.000,7.466,7.166,0.000,42.486
Br66_rep2_Dep6_Tu0.1,0.000,0.000,0.000,0.000,12.303,0.000,4.439,0.000,0.000,9.473,11.362,6.644,55.780
Br66_rep7_Dep6_Tu0.1,0.000,0.000,0.000,0.000,12.290,0.000,2.296,0.000,0.000,11.881,13.012,3.294,57.227
Br66_rep1_Dep6_Tu40,34.375,5.418,0.000,6.177,4.434,0.000,0.000,0.000,0.000,10.550,5.059,0.000,33.986
Br66_rep7_Dep6_Tu5,5.446,0.000,0.000,0.000,6.455,0.000,4.246,0.000,2.366,11.262,9.175,0.000,61.051
Br66_rep4_Dep6_Tu1,0.000,0.000,0.000,0.000,10.953,0.000,6.703,0.000,0.000,9.187,10.116,3.478,59.562
Br66_rep8_Dep6_Tu0.1,0.000,0.000,0.000,0.000,11.882,0.000,6.886,0.598,0.909,9.425,9.382,2.738,58.179
Br66_rep4_Dep6_Tu2,0.000,0.405,0.000,0.000,14.704,0.000,3.512,0.000,2.557,4.475,13.601,4.642,56.104
Br66_rep1_Dep6_Tu0.1,0.000,0.000,0.000,0.000,7.853,0.000,3.014,0.000,1.812,12.560,8.679,0.000,66.082
Br66_rep2_Dep6_Tu10,7.443,0.000,0.000,1.608,5.882,0.000,2.377,0.000,1.931,11.943,11.856,3.772,53.188
Br66_rep4_Dep6_Tu20,17.784,0.000,0.000,5.504,5.207,0.000,4.316,0.000,0.000,8.142,8.195,3.059,47.794
Br66_rep4_Dep6_Tu0.3,0.000,0.000,0.000,0.000,7.120,0.000,3.943,0.000,2.183,11.726,12.287,3.274,59.466
Br66_rep10_Dep6_Tu3,0.000,0.312,0.000,0.000,19.684,0.000,2.258,0.000,0.000,9.914,9.489,2.345,55.999
Br66_rep1_Dep6_Tu20,19.971,0.000,0.000,0.000,9.086,0.000,0.000,0.000,5.865,7.543,8.420,3.101,46.013
Br66_rep6_Dep6_Tu1,0.000,1.888,0.000,0.000,10.110,0.000,5.669,0.000,0.000,10.328,8.296,1.848,61.860
Br66_rep6_Dep6_Tu50,51.370,0.000,0.000,1.243,4.096,0.000,0.000,0.000,4.052,4.310,3.518,0.000,31.412
Br66_rep9_Dep6_Tu3,0.000,0.000,0.000,0.626,14.274,0.000,3.075,0.000,1.427,9.509,12.296,3.245,55.548
Br66_rep3_Dep6_Tu50,46.848,0.783,0.000,5.152,0.000,0.000,0.030,0.000,0.000,9.243,8.552,1.127,28.265
Br66_rep8_Dep6_Tu30,28.465,0.560,0.000,0.576,11.052,0.000,0.986,0.000,0.000,11.738,8.044,0.000,38.578
Br66_rep7_Dep6_Tu20,21.944,5.117,0.000,0.701,7.644,0.000,0.000,0.000,0.000,9.683,6.691,1.532,46.689
Br66_rep3_Dep6_Tu2,1.791,1.445,0.000,0.074,5.839,0.000,6.547,0.000,0.088,9.720,10.018,2.217,62.261
Br66_rep8_Dep6_Tu50,52.583,0.000,0.000,5.217,6.675,0.000,0.000,0.000,0.000,2.466,5.634,2.195,25.230
Br66_rep3_Dep6_Tu3,2.485,0.000,1.988,0.000,5.516,0.000,1.052,0.000,0.000,14.773,10.896,7.111,56.179
Br66_rep3_Dep6_Tu0.3,0.000,0.000,0.000,0.000,11.257,0.000,5.774,0.000,0.042,12.013,8.544,0.000,62.370
Br66_rep8_Dep6_Tu0.3,0.000,1.326,0.000,0.000,4.618,0.000,1.681,0.000,0.000,13.821,14.148,0.945,63.461
Br66_rep3_Dep6_Tu0.1,0.000,1.865,0.000,0.000,12.684,0.000,1.416,0.000,0.000,9.423,15.713,4.167,54.731
Br66_rep10_Dep6_Tu0.3,0.000,0.000,0.000,0.000,5.963,0.000,0.000,0.000,4.734,13.051,10.356,3.367,62.529
Br66_rep2_Dep6_Tu50,46.972,0.000,0.000,5.934,0.000,0.000,0.000,0.000,0.000,7.192,7.301,0.000,32.601
Br66_rep5_Dep6_Tu5,4.373,0.000,0.000,0.000,14.809,0.000,5.758,0.000,0.000,6.147,10.523,4.712,53.677
Br66_rep10_Dep6_Tu20,17.925,0.000,0.000,6.405,3.823,0.000,1.596,0.000,0.000,11.848,6.019,1.359,51.025
Br66_rep7_Dep6_Tu30,32.302,0.000,0.000,2.355,1.227,0.000,0.000,1.764,0.000,11.383,5.879,1.863,43.227
Br66_rep9_Dep6_Tu30,28.599,0.000,0.000,1.554,2.948,0.000,3.718,0.000,0.000,11.908,8.661,3.660,38.951
Br66_rep5_Dep6_Tu40,33.120,0.000,0.000,5.863,7.374,0.000,0.000,0.000,0.000,11.162,5.858,3.299,33.324
Br66_rep8_Dep6_Tu10,12.856,0.000,0.000,0.000,5.388,0.000,5.878,0.000,2.718,10.678,6.655,0.660,55.167
Br66_rep9_Dep6_Tu50,41.008,0.000,0.000,7.936,0.000,0.000,0.000,0.000,0.000,12.196,5.140,0.907,32.813
Br66_rep2_Dep6_Tu0.3,0.000,1.627,0.286,0.000,8.829,0.000,1.179,0.000,0.000,11.957,10.250,3.569,62.304
Br66_rep1_Dep6_Tu10,10.958,0.000,0.000,0.000,7.969,0.000,8.420,0.000,0.000,10.888,5.314,3.590,52.861
Cer77_rep9_Dep6_Tu3,0.000,0.000,0.690,0.000,14.880,0.000,2.679,0.000,2.012,8.950,11.895,3.501,55.393
Cer77_rep5_Dep6_Tu30,4.897,11.554,3.462,4.187,25.076,9.680,0.927,0.000,0.340,5.087,3.832,1.288,29.669
Cer77_rep3_Dep6_Tu30,5.091,23.370,0.000,8.479,20.369,0.000,1.615,0.000,0.000,2.507,3.788,3.013,31.768
Cer77_rep8_Dep6_Tu50,7.616,17.972,6.505,13.979,25.372,8.580,0.744,0.000,0.000,0.000,5.130,4.481,9.620
Cer77_rep1_Dep6_Tu1,0.000,0.000,0.505,0.000,15.634,0.000,4.535,0.000,2.451,8.697,8.075,2.230,57.872
Cer77_rep7_Dep6_Tu3,0.029,0.000,0.000,0.000,16.659,0.163,4.397,0.000,0.000,10.530,9.702,5.473,53.047
Cer77_rep10_Dep6_Tu2,0.175,0.000,0.000,0.279,14.016,0.000,3.198,0.000,0.000,12.676,11.525,1.453,56.678
Cer77_rep2_Dep6_Tu0.5,0.000,0.000,0.000,0.113,9.848,0.000,0.938,0.000,0.000,14.919,13.374,1.148,59.660
Cer77_rep3_Dep6_Tu20,6.129,6.242,2.734,6.650,18.696,4.564,0.000,0.000,0.000,6.739,7.264,1.934,39.046
Cer77_rep1_Dep6_Tu2,0.000,0.000,0.000,0.000,16.737,0.000,2.477,0.000,0.000,12.797,9.291,3.013,55.685
Cer77_rep2_Dep6_Tu5,0.000,0.000,1.889,4.695,13.792,0.166,1.875,0.000,0.000,10.514,9.199,4.283,53.587
Cer77_rep5_Dep6_Tu0.5,0.000,0.000,0.000,0.000,7.701,0.000,3.898,0.000,0.000,11.491,6.776,4.211,65.923
Cer77_rep2_Dep6_Tu50,8.095,12.527,12.930,13.110,18.584,3.919,0.355,2.878,0.000,0.000,3.384,2.002,22.217
Cer77_rep9_Dep6_Tu0.5,0.000,0.000,0.000,0.000,15.506,0.000,1.298,0.000,0.000,11.784,11.410,4.074,55.928
Cer77_rep4_Dep6_Tu10,0.000,3.569,1.682,5.443,14.157,0.000,1.178,0.000,0.000,9.140,14.794,1.745,48.291
Cer77_rep9_Dep6_Tu20,4.935,4.621,6.204,5.298,13.120,5.861,2.759,2.135,0.000,7.903,7.250,2.645,37.269
Cer77_rep3_Dep6_Tu10,4.581,3.095,0.000,2.173,13.343,0.000,3.847,0.000,0.000,14.498,7.747,0.122,50.594
Cer77_rep6_Dep6_Tu5,0.000,0.000,3.290,0.000,14.292,3.127,4.413,0.000,0.000,11.166,5.736,2.326,55.651
Cer77_rep5_Dep6_Tu1,0.000,0.000,0.000,0.000,7.646,2.199,4.139,0.000,1.357,13.757,12.273,3.345,55.284
Cer77_rep5_Dep6_Tu0.3,0.000,0.000,0.000,0.000,12.668,0.207,3.026,0.000,1.407,9.727,13.037,5.257,54.669
Cer77_rep4_Dep6_Tu50,5.496,18.491,6.611,16.142,22.209,5.714,0.066,4.935,0.000,0.345,5.081,1.422,13.488
Cer77_rep6_Dep6_Tu0.3,0.000,0.000,0.000,0.000,9.066,0.000,4.069,0.000,1.385,9.118,15.635,3.161,57.566
Cer77_rep4_Dep6_Tu40,2.839,13.174,6.244,11.410,23.461,9.831,0.094,0.000,0.000,3.061,4.918,3.866,21.102
Cer77_rep10_Dep6_Tu5,1.590,0.964,0.000,2.102,15.834,0.000,2.296,0.000,0.000,14.157,8.611,3.068,51.378
Cer77_rep3_Dep6_Tu1,0.000,0.000,0.000,0.000,12.507,0.000,2.089,0.000,0.269,8.572,12.766,5.188,58.609
Cer77_rep8_Dep6_Tu40,1.819,18.925,9.255,9.326,25.109,2.653,0.995,2.292,0.000,3.047,4.779,3.861,17.940
Cer77_rep7_Dep6_Tu0.3,0.000,0.000,0.000,0.000,8.643,0.000,0.918,0.000,0.000,15.129,11.084,3.113,61.113
Cer77_rep3_Dep6_Tu0.1,0.000,4.375,0.000,0.000,11.688,0.000,1.046,0.000,0.000,8.974,15.505,3.628,54.785
Cer77_rep4_Dep6_Tu0.3,0.000,2.089,0.150,0.000,6.587,0.000,3.429,0.000,1.700,11.099,11.229,2.875,60.842
Cer77_rep6_Dep6_Tu2,3.070,0.000,0.000,0.851,4.482,0.000,2.529,0.000,6.636,10.234,10.156,2.393,59.650
Cer77_rep6_Dep6_Tu20,1.903,16.626,2.774,7.517,10.599,3.996,2.330,0.000,0.000,3.839,8.264,5.044,37.108
Cer77_rep9_Dep6_Tu40,7.315,11.922,12.291,8.263,23.387,0.000,2.946,4.432,0.000,0.000,6.108,1.756,21.580
Cer77_rep6_Dep6_Tu40,1.915,17.483,6.621,10.899,17.185,4.753,1.078,2.690,0.000,2.130,4.420,4.026,26.801
Cer77_rep8_Dep6_Tu5,5.209,2.266,0.000,1.730,11.740,0.000,3.742,0.000,1.972,7.418,7.923,4.102,53.897
