Sample,BRCA,CEAD,CESC,COAD,OV,READ,bcell,cd4tcell,cd8tcell,erythroblast,monocyte,naturalkillercell,neutrophil,Unknown-1,Unknown-2,Unknown-3,Unknown-4,Unknown-5,Unknown-6,Unknown-7,Unknown-8,Unknown-9,Unknown-10
Ov79_rep2_Dep6_Tu5,0.018,0.825,0.588,0.002,0.031,0.129,3.698,0.357,4.084,4.379,2.871,2.250,16.365,2.218,2.776,5.114,14.241,9.611,9.647,3.434,8.653,2.569,6.137
Ov79_rep8_Dep6_Tu30,2.099,9.740,2.431,0.654,5.606,1.459,3.501,5.250,1.238,4.012,5.362,2.624,5.573,0.931,1.833,6.943,1.564,5.705,3.587,9.580,1.041,7.320,11.947
Ov79_rep6_Dep6_Tu0.3,0.019,0.220,0.586,0.003,1.604,0.204,1.777,2.508,3.473,1.090,7.577,2.842,4.550,7.737,0.584,9.163,14.468,0.901,19.907,7.700,1.192,6.254,5.638
Ov79_rep1_Dep6_Tu3,0.029,0.415,0.638,0.022,0.979,0.531,1.622,1.952,1.963,4.294,9.396,2.848,12.936,5.366,4.226,10.655,5.587,5.776,0.875,2.703,11.034,13.348,2.806
Ov79_rep1_Dep6_Tu50,3.850,3.543,3.583,0.620,12.820,3.018,1.432,4.358,0.923,7.638,5.945,4.358,0.164,0.480,8.119,2.273,2.853,11.517,1.848,10.234,3.387,5.778,1.258
Ov79_rep7_Dep6_Tu50,3.119,6.746,2.830,0.612,9.569,2.650,1.851,4.127,2.496,6.284,4.944,5.255,0.552,1.640,0.132,0.307,1.818,9.317,2.832,8.109,0.296,7.834,16.679
Ov79_rep4_Dep6_Tu50,0.223,16.391,1.023,0.074,9.167,2.175,3.784,4.952,4.883,2.517,5.781,2.774,1.627,1.504,7.080,1.224,0.368,10.201,4.655,9.891,3.244,4.503,1.961
Ov79_rep2_Dep6_Tu3,0.035,0.151,0.116,0.040,2.931,0.300,1.286,3.684,0.386,6.331,1.337,3.981,4.200,8.157,2.371,14.682,10.331,0.851,8.068,6.696,9.601,9.110,5.353
Ov79_rep7_Dep6_Tu1,0.135,0.034,1.220,0.008,1.472,0.395,1.291,2.194,0.086,4.173,10.162,2.700,1.183,8.041,7.039,11.020,6.496,1.029,9.545,11.651,9.556,7.139,3.433
Ov79_rep9_Dep6_Tu5,0.155,2.695,1.349,0.200,1.970,0.081,1.976,4.715,1.058,1.519,9.096,4.545,0.702,3.015,5.866,6.850,7.783,11.989,6.724,7.127,11.226,8.803,0.557
Ov79_rep3_Dep6_Tu1,0.033,0.617,0.431,0.006,1.472,0.142,2.865,0.163,2.921,2.956,5.996,3.001,2.803,4.093,2.508,5.364,9.721,10.354,10.938,6.180,18.805,3.283,5.348
Ov79_rep5_Dep6_Tu3,0.007,0.443,0.298,0.008,3.745,0.351,2.192,1.775,1.956,2.413,10.140,3.319,11.723,11.536,0.651,5.542,5.655,6.180,4.747,5.816,2.480,13.261,5.759
Ov79_rep10_Dep6_Tu0.3,0.002,0.300,0.526,0.004,1.537,0.158,1.094,2.395,1.426,3.786,9.497,2.177,9.990,5.522,9.741,11.159,10.251,0.397,10.794,6.142,6.232,4.286,2.579
Ov79_rep8_Dep6_Tu2,0.050,0.743,0.981,0.002,1.956,0.554,2.429,2.752,2.407,3.164,9.124,1.944,1.914,8.886,4.062,13.519,15.360,4.402,7.654,2.879,4.032,5.278,5.907
Ov79_rep1_Dep6_Tu0.5,0.202,0.139,0.234,0.002,4.025,0.433,2.604,1.437,1.498,3.339,7.828,2.093,12.188,7.150,2.823,15.257,8.050,0.033,6.237,7.145,5.107,8.152,4.022
Ov79_rep3_Dep6_Tu0.3,0.114,0.238,0.276,0.010,2.966,0.481,3.896,2.056,2.858,4.653,5.289,1.160,6.198,11.203,7.579,9.531,3.643,9.168,7.407,0.260,4.498,14.368,2.150
Ov79_rep8_Dep6_Tu50,2.158,16.784,0.923,0.027,0.879,2.691,1.781,3.575,4.222,6.413,3.993,4.506,3.384,4.306,1.663,1.716,4.176,12.701,0.162,13.889,0.060,6.004,3.987
Ov79_rep9_Dep6_Tu0.3,0.040,0.692,0.194,0.001,1.672,0.545,1.829,2.175,2.214,1.685,7.521,1.992,6.576,6.438,6.284,19.790,10.624,3.083,6.056,7.887,7.027,3.549,2.126
Ov79_rep7_Dep6_Tu2,0.033,0.546,0.200,0.001,1.791,0.868,1.686,3.532,3.098,2.135,7.748,2.271,10.633,8.618,4.928,8.634,7.510,7.283,3.014,4.052,3.718,17.151,0.551
Ov79_rep7_Dep6_Tu30,2.536,6.680,2.046,0.444,1.181,2.124,4.499,3.077,1.339,4.343,5.771,3.449,1.398,5.486,7.434,2.422,7.229,2.466,3.123,3.822,1.280,11.486,16.366
Ov79_rep5_Dep6_Tu50,0.403,17.487,0.422,0.185,9.048,1.136,3.580,0.396,3.877,5.651,4.984,2.027,1.666,2.268,8.611,0.945,1.650,6.320,2.286,3.055,0.428,4.737,18.838
Ov79_rep6_Dep6_Tu0.5,0.006,0.620,0.526,0.002,1.648,0.447,1.924,4.736,2.841,2.396,5.079,1.745,11.962,17.475,5.447,11.052,9.405,0.853,6.510,2.763,1.140,8.616,2.808
Ov79_rep2_Dep6_Tu2,0.019,1.293,0.646,0.004,1.183,0.605,0.999,3.802,1.790,4.455,4.112,1.758,8.867,4.412,15.285,1.794,13.731,10.601,5.021,2.719,14.881,1.405,0.618
Ov79_rep3_Dep6_Tu30,1.500,5.961,0.868,0.202,5.589,1.988,2.627,4.054,1.349,6.047,3.458,3.387,0.673,4.280,13.236,4.193,4.053,2.691,0.715,5.166,4.249,6.456,17.258
Ov79_rep9_Dep6_Tu3,0.050,0.111,0.333,0.007,1.691,0.315,1.964,3.191,2.523,3.204,6.500,2.906,12.107,13.522,0.685,8.853,15.129,4.446,8.069,2.294,3.910,3.533,4.656
Ov79_rep10_Dep6_Tu2,0.031,0.178,0.512,0.003,1.286,0.355,3.052,2.768,1.567,5.646,6.794,2.372,13.223,14.625,6.136,5.144,10.214,7.282,3.804,0.163,8.521,3.220,3.103
Ov79_rep10_Dep6_Tu1,0.020,0.424,0.546,0.004,1.073,0.137,2.757,4.167,2.433,0.355,3.720,1.011,17.228,12.645,4.255,9.666,6.756,9.198,6.902,2.597,4.148,3.328,6.631
Ov79_rep6_Dep6_Tu5,0.052,1.686,0.240,0.002,1.818,0.264,3.535,2.138,2.614,0.124,7.627,2.753,8.746,10.208,10.806,3.380,1.979,0.412,6.778,6.346,10.898,16.185,1.410
Ov79_rep2_Dep6_Tu0.3,0.002,0.152,0.341,0.001,1.253,0.092,2.242,2.343,1.793,4.530,4.635,1.968,18.826,6.318,2.669,11.210,3.676,8.107,2.160,3.731,12.614,4.901,6.436
Ov79_rep4_Dep6_Tu20,1.910,1.682,1.780,0.472,4.728,0.469,5.262,5.968,2.789,3.266,4.356,2.413,8.247,1.328,0.858,6.178,3.856,6.810,4.195,5.857,9.252,4.769,13.556
Ov79_rep1_Dep6_Tu0.1,0.026,0.694,0.722,0.047,3.519,0.196,3.581,0.678,0.576,4.521,1.857,1.658,6.934,6.708,1.465,23.607,0.905,4.842,9.873,6.585,9.912,8.674,2.419
Ov79_rep4_Dep6_Tu10,0.923,0.857,0.618,0.001,4.129,0.432,2.746,2.163,1.329,5.845,8.489,1.601,10.008,1.578,2.118,7.845,11.024,1.995,5.288,0.137,7.097,11.142,12.635
Ov79_rep4_Dep6_Tu30,1.571,9.654,1.489,0.218,0.830,1.617,2.283,5.886,3.158,4.526,6.294,2.751,2.122,7.740,9.964,7.795,8.633,1.243,4.804,0.959,0.696,6.903,8.864
Ov79_rep5_Dep6_Tu10,0.569,3.253,0.430,0.071,2.586,1.222,1.703,2.879,5.269,3.020,6.366,0.365,7.636,3.711,2.286,9.815,15.472,4.652,3.210,0.560,13.537,0.707,10.680
Ov79_rep7_Dep6_Tu3,0.013,0.101,0.245,0.000,1.647,0.017,1.370,1.020,4.310,3.221,6.565,1.260,13.248,14.412,1.143,0.226,13.299,10.120,8.344,5.861,8.250,4.496,0.831
Ov79_rep9_Dep6_Tu50,3.212,11.712,0.492,0.840,1.094,4.203,1.137,2.630,3.754,5.957,5.781,5.654,5.446,0.366,0.123,0.153,2.050,1.484,0.891,26.090,0.459,1.909,14.563
Ov79_rep10_Dep6_Tu0.5,0.057,0.482,0.782,0.013,1.188,0.654,3.507,2.349,0.880,4.863,7.222,1.417,10.862,11.430,1.659,3.125,4.808,6.668,11.388,1.653,11.601,11.448,1.943
Ov79_rep7_Dep6_Tu40,0.617,8.465,2.622,0.794,4.598,1.397,3.538,3.648,2.708,3.938,4.075,3.451,3.931,4.559,15.052,4.883,5.881,6.385,0.466,0.171,0.364,3.064,15.392
Ov79_rep7_Dep6_Tu0.1,0.018,0.301,1.033,0.011,0.254,0.262,1.324,2.069,2.835,4.474,9.265,1.482,6.782,11.085,3.330,9.903,5.994,4.597,4.784,8.844,13.521,2.221,5.612
Ov79_rep9_Dep6_Tu0.1,0.002,0.270,0.222,0.000,2.474,0.466,2.594,1.385,1.926,6.100,6.450,2.038,17.371,11.755,5.045,14.194,0.529,1.660,6.960,0.497,8.845,6.420,2.796
Ov79_rep1_Dep6_Tu5,0.361,2.932,0.148,0.059,3.847,0.460,3.326,1.806,0.802,5.587,6.801,2.883,15.382,13.063,0.650,10.405,4.750,1.586,0.008,8.577,0.687,14.642,1.238
Ov79_rep9_Dep6_Tu30,1.731,8.010,1.181,0.172,0.413,1.611,2.568,4.256,3.059,3.724,8.147,3.763,2.380,4.064,6.997,3.100,6.290,8.239,1.341,3.355,5.365,5.986,14.248
Ov79_rep2_Dep6_Tu0.1,0.079,0.082,0.411,0.002,1.455,0.223,2.234,2.122,3.029,4.241,6.970,2.710,10.338,11.354,2.974,12.044,9.816,7.177,0.294,4.645,12.408,1.867,3.523
Ov79_rep7_Dep6_Tu20,1.757,0.952,1.523,0.536,4.607,0.078,3.614,1.840,3.021,2.753,6.646,3.453,0.606,1.091,3.480,1.642,2.040,5.923,6.431,10.501,9.352,9.341,18.813
Ov79_rep7_Dep6_Tu5,0.366,1.130,0.472,0.020,3.404,0.267,1.696,5.992,0.829,0.948,5.041,3.041,8.117,3.355,2.203,2.102,14.423,8.951,0.608,10.132,13.933,10.650,2.319
Ov79_rep2_Dep6_Tu10,1.819,0.656,1.058,0.001,5.209,0.123,2.621,2.576,1.921,2.883,6.555,1.491,8.008,6.644,9.868,13.673,10.117,3.797,3.232,0.271,8.558,2.102,6.816
Ov79_rep8_Dep6_Tu0.1,0.001,0.105,0.392,0.001,2.275,0.195,2.793,2.429,3.148,3.088,6.717,2.517,7.603,12.574,3.859,12.479,11.982,3.922,1.540,3.398,10.867,7.478,0.639
Ov79_rep8_Dep6_Tu5,0.005,1.732,0.355,0.010,1.321,0.673,2.057,3.682,1.861,4.708,7.350,4.364,11.087,9.305,4.592,0.849,2.240,7.434,9.845,5.832,14.704,4.612,1.384
Ov79_rep1_Dep6_Tu10,0.095,0.865,0.636,0.002,2.807,0.616,4.512,3.811,2.905,5.711,7.420,3.357,4.224,8.655,9.955,1.429,6.032,5.310,19.101,0.615,4.525,1.215,6.203
Ov79_rep1_Dep6_Tu1,0.004,0.635,0.752,0.001,1.499,0.382,0.529,1.470,3.966,3.511,5.386,3.206,10.045,10.555,1.052,16.822,2.030,12.992,1.529,4.783,14.637,3.765,0.449
Ov79_rep10_Dep6_Tu10,0.561,4.079,0.217,0.032,2.943,0.597,2.528,2.511,3.452,6.895,3.089,1.906,11.688,7.210,7.854,12.346,0.886,4.342,8.533,3.832,2.096,7.747,4.655
Ov79_rep2_Dep6_Tu50,1.192,10.011,3.574,1.155,1.866,2.990,4.229,3.522,6.035,2.127,2.765,0.934,3.345,1.635,5.677,0.133,1.464,5.710,2.696,17.341,0.223,2.456,18.920
Ov79_rep3_Dep6_Tu20,1.643,7.795,0.107,0.077,4.331,1.672,1.624,5.934,0.321,1.042,8.358,2.098,5.454,8.408,2.651,4.651,5.630,2.245,0.483,7.540,3.809,14.078,10.048
Ov79_rep3_Dep6_Tu0.1,0.021,0.473,0.449,0.009,2.636,0.168,1.956,2.105,1.746,0.205,5.270,2.652,7.538,15.247,3.012,12.678,15.915,3.837,11.257,4.823,2.399,0.024,5.580
Ov79_rep10_Dep6_Tu3,0.038,0.318,0.243,0.006,1.159,0.184,3.020,2.090,2.013,5.169,6.346,2.716,13.500,11.112,3.415,5.214,8.056,1.515,8.842,10.036,9.039,0.413,5.558
Ov79_rep5_Dep6_Tu2,0.024,0.687,0.203,0.001,1.263,0.379,2.148,4.432,0.350,4.761,5.413,3.641,10.195,12.816,1.964,2.841,9.187,11.703,10.619,8.859,5.183,3.234,0.097
Ov79_rep10_Dep6_Tu0.1,0.011,0.321,0.407,0.003,1.500,0.492,1.853,2.549,1.205,5.135,7.297,3.638,12.727,8.294,3.666,4.834,9.853,2.752,3.404,4.916,14.532,8.966,1.644
Ov79_rep6_Dep6_Tu3,0.004,0.115,0.748,0.005,1.222,0.493,1.097,2.031,3.405,4.499,7.601,1.426,14.188,0.374,0.734,14.676,0.561,8.534,8.818,2.169,13.360,10.418,3.522
Ov79_rep4_Dep6_Tu0.3,0.061,0.398,0.680,0.001,2.639,0.113,2.148,1.195,4.053,0.963,6.547,2.130,7.501,15.263,8.382,14.154,3.742,2.984,12.178,7.615,2.029,4.903,0.324
Ov79_rep4_Dep6_Tu3,0.001,0.154,0.355,0.000,2.304,0.212,1.600,1.362,3.417,3.569,6.694,2.183,1.668,9.259,6.473,11.469,7.242,6.715,12.652,1.419,14.854,1.671,4.725
Ov79_rep3_Dep6_Tu10,0.409,2.158,0.830,0.839,2.128,0.725,3.271,3.629,0.923,7.084,3.487,1.145,12.503,1.106,12.736,0.150,9.812,3.171,11.029,11.997,3.958,3.872,3.038
Ov79_rep3_Dep6_Tu5,0.152,1.411,1.006,0.053,1.156,0.075,2.153,2.958,2.148,5.855,3.710,1.495,13.837,3.853,4.266,5.116,2.592,10.174,5.281,9.893,15.334,6.359,1.120
Ov79_rep7_Dep6_Tu0.3,0.016,0.401,0.572,0.001,1.533,0.206,1.877,2.726,2.408,0.719,6.451,2.310,11.048,8.689,3.408,3.996,15.106,1.121,0.802,4.218,18.452,5.591,8.347
Ov79_rep8_Dep6_Tu3,0.055,0.284,0.437,0.002,0.842,0.221,2.129,2.414,2.357,4.804,4.904,1.207,11.362,0.895,6.928,7.963,15.097,6.735,12.660,0.341,11.153,1.267,5.943
Ov79_rep1_Dep6_Tu20,0.918,2.607,1.362,0.068,2.563,1.004,2.851,1.501,5.574,4.613,3.801,3.783,8.858,3.820,9.681,5.199,2.905,15.164,2.670,8.446,5.819,0.466,6.327
Ov79_rep5_Dep6_Tu0.5,0.015,0.468,0.793,0.086,2.451,0.031,2.056,2.182,1.072,2.995,8.730,1.970,7.802,14.485,6.000,8.228,0.531,2.932,7.697,8.639,12.385,8.255,0.200
Ov79_rep7_Dep6_Tu10,0.154,2.385,0.621,0.165,4.502,0.138,3.321,1.963,2.160,6.179,8.566,1.385,8.166,8.061,5.850,3.946,9.115,0.133,2.872,5.022,7.355,10.772,7.168
Ov79_rep8_Dep6_Tu0.5,0.109,0.958,0.585,0.016,0.324,0.500,4.371,1.374,2.470,1.872,7.896,2.154,9.570,9.866,0.034,6.518,5.818,8.281,3.160,8.891,9.676,15.329,0.228
Ov79_rep4_Dep6_Tu0.5,0.012,0.449,0.048,0.010,3.128,0.488,0.538,2.726,2.410,4.022,5.508,1.855,7.774,11.692,3.830,5.666,11.251,4.039,15.417,5.093,8.453,5.076,0.516
Ov79_rep2_Dep6_Tu40,2.466,10.104,2.154,0.119,6.681,0.630,3.709,6.888,0.165,5.240,0.506,4.231,3.459,4.330,0.624,2.835,0.849,16.138,4.999,7.598,3.145,2.752,10.378
Ov79_rep9_Dep6_Tu10,0.117,2.229,0.439,0.002,4.215,1.417,1.130,3.850,0.715,4.284,8.260,3.406,12.233,3.323,5.492,3.172,12.629,0.346,2.540,2.327,13.075,5.263,9.536
Ov79_rep3_Dep6_Tu50,2.717,7.428,2.005,0.709,4.080,2.379,4.187,0.136,5.352,7.605,1.277,5.572,5.652,1.171,14.770,3.091,3.750,5.408,1.484,3.754,2.915,1.206,13.351
Ov79_rep10_Dep6_Tu50,2.946,10.071,2.805,0.005,3.010,3.585,2.250,5.040,2.382,5.161,5.553,3.617,3.173,0.038,11.888,0.557,0.656,5.103,1.979,3.917,0.409,3.064,22.791
Ov79_rep1_Dep6_Tu30,3.454,5.281,0.022,0.218,6.602,2.004,3.491,3.050,3.644,7.142,6.722,0.916,2.354,4.591,7.811,7.402,6.124,2.463,1.325,4.928,3.041,8.743,8.672
Ov79_rep8_Dep6_Tu20,1.151,2.463,2.153,0.069,4.895,1.427,3.277,1.958,2.514,2.966,3.609,4.258,3.808,11.477,2.348,2.349,11.578,3.512,0.986,15.823,4.640,5.797,6.944
Ov79_rep6_Dep6_Tu40,1.525,13.713,0.878,0.012,6.950,2.994,2.621,3.808,2.473,4.812,2.558,3.104,7.120,1.903,15.186,1.688,4.289,6.529,1.925,0.087,1.043,6.955,7.826
Ov79_rep6_Dep6_Tu20,0.062,3.382,0.749,0.056,5.313,0.926,1.094,0.585,4.736,7.481,7.510,4.518,5.632,0.451,11.701,6.058,11.064,9.692,0.171,2.382,3.069,9.370,3.998
Ov79_rep10_Dep6_Tu30,0.570,11.896,0.261,1.297,0.054,1.153,2.624,5.129,5.389,5.681,7.990,3.046,4.678,5.224,0.181,1.852,1.235,13.521,5.371,0.676,2.986,13.794,5.393
Ov79_rep4_Dep6_Tu0.1,0.025,0.619,0.272,0.010,2.322,0.682,2.537,2.201,0.494,4.378,4.868,2.004,5.109,1.572,5.823,7.240,5.182,7.136,11.806,4.570,17.707,10.460,2.982
Ov79_rep5_Dep6_Tu20,0.595,3.868,0.492,0.058,3.345,0.661,3.514,5.040,4.800,3.424,6.956,0.291,2.331,2.874,10.373,3.957,10.845,14.219,6.156,7.726,1.758,2.764,3.953
Ov79_rep2_Dep6_Tu30,1.046,6.516,4.088,0.009,0.470,1.416,3.003,1.978,4.806,2.930,5.500,1.461,6.708,5.157,10.158,7.165,2.804,1.107,4.044,12.196,1.709,12.714,3.014
Ov79_rep5_Dep6_Tu40,0.706,14.739,1.244,0.040,10.201,1.336,1.820,4.331,3.130,2.103,1.711,4.065,1.925,4.820,9.312,2.300,2.961,1.241,4.614,10.983,0.846,7.800,7.771
Ov79_rep8_Dep6_Tu0.3,0.008,0.517,1.031,0.004,0.795,0.217,2.169,1.854,2.579,4.648,3.025,0.011,17.422,11.573,0.549,6.471,8.905,7.356,2.689,2.887,9.931,11.987,3.370
Ov79_rep4_Dep6_Tu40,0.852,10.346,1.166,0.549,6.973,2.684,2.070,2.883,2.964,6.534,6.952,3.573,2.046,4.251,13.253,1.791,4.484,3.073,1.955,14.765,0.492,0.297,6.046
Ov79_rep3_Dep6_Tu0.5,0.032,0.137,0.549,0.015,1.420,0.143,2.392,2.786,1.162,4.376,8.310,2.903,5.040,14.165,3.981,13.268,5.028,1.892,18.868,9.685,1.234,0.699,1.910
Ov79_rep6_Dep6_Tu10,0.395,0.330,0.960,0.063,2.816,0.227,3.156,0.127,3.168,4.993,8.213,4.136,2.427,2.586,7.499,7.714,12.906,4.687,14.224,5.354,4.667,3.690,5.662
Ov79_rep8_Dep6_Tu1,0.004,0.113,0.497,0.002,0.129,0.202,2.265,1.387,2.241,4.846,4.199,3.820,7.419,9.604,5.382,0.582,20.576,11.278,16.864,0.182,1.601,0.753,6.053
Ov79_rep9_Dep6_Tu2,0.088,0.429,0.803,0.010,2.855,0.380,2.832,1.595,0.877,5.911,3.460,2.959,8.171,9.442,3.576,8.765,14.744,0.778,3.548,6.673,5.547,11.074,5.482
Ov79_rep6_Dep6_Tu0.1,0.019,0.477,0.746,0.002,2.019,0.031,2.446,0.175,3.185,5.959,3.172,1.453,13.414,0.140,9.298,12.520,10.053,8.527,7.941,1.959,6.290,8.126,2.046
Ov79_rep5_Dep6_Tu0.1,0.017,0.417,0.472,0.003,2.433,0.312,3.482,1.705,0.838,2.379,4.716,2.352,16.230,11.498,9.961,17.322,10.802,2.430,0.166,1.618,0.096,7.322,3.429
Ov79_rep10_Dep6_Tu20,0.485,1.817,0.362,0.019,6.089,1.836,2.525,2.287,6.965,7.431,7.672,2.397,3.994,7.813,6.357,4.891,3.202,7.154,1.738,10.182,5.935,7.620,1.227
Ov79_rep5_Dep6_Tu0.3,0.040,0.116,0.704,0.000,0.773,0.274,1.053,2.992,1.262,4.342,8.882,3.600,7.957,2.439,1.179,6.295,8.546,8.931,9.965,9.707,12.417,7.890,0.635
Ov79_rep10_Dep6_Tu5,0.211,0.461,0.233,0.334,0.488,1.166,3.020,6.149,2.299,4.995,6.464,2.237,2.582,10.971,12.509,5.578,14.671,9.157,3.304,5.083,1.186,4.772,2.130
Ov79_rep5_Dep6_Tu5,0.058,0.225,1.021,0.019,1.188,0.754,0.854,3.990,4.070,1.777,6.438,3.339,11.710,1.743,0.973,5.514,13.642,6.228,9.900,5.272,10.551,6.713,4.022
Ov79_rep1_Dep6_Tu40,0.439,12.163,0.306,0.072,3.095,0.853,3.718,1.366,5.463,5.780,6.658,4.402,3.152,0.273,3.786,1.348,0.390,10.539,5.600,7.434,2.130,1.178,19.856
Ov79_rep8_Dep6_Tu40,1.149,11.367,0.773,0.060,3.811,0.582,4.367,4.856,4.320,4.573,5.968,1.568,5.245,0.261,4.259,4.453,2.571,1.827,0.001,1.491,1.731,7.480,27.286
Ov79_rep6_Dep6_Tu50,0.695,12.633,1.106,0.251,3.318,3.607,2.340,5.481,5.349,5.132,1.401,2.426,2.428,0.572,9.676,2.264,1.911,12.783,1.699,10.686,2.199,0.696,11.346
Ov79_rep2_Dep6_Tu20,0.229,6.934,0.866,0.075,2.235,0.856,4.716,1.916,4.939,3.105,6.801,1.877,5.369,0.873,1.088,7.055,2.832,10.924,4.739,12.917,2.358,14.629,2.667
Ov79_rep1_Dep6_Tu0.3,0.034,0.438,0.149,0.004,2.096,0.800,1.189,1.706,2.309,3.816,9.691,3.441,15.546,3.457,2.620,4.231,2.802,4.193,6.238,9.515,14.853,9.531,1.343
Ov79_rep6_Dep6_Tu1,0.027,0.122,0.262,0.013,2.957,0.693,3.002,3.397,0.252,4.700,3.097,3.468,4.195,7.590,0.091,14.156,6.313,11.775,15.203,6.873,0.829,8.524,2.463
Ov79_rep8_Dep6_Tu10,0.151,2.134,1.061,0.141,1.523,0.772,1.793,4.796,1.780,4.700,2.233,3.438,6.543,6.968,2.731,12.167,2.271,23.074,4.839,2.621,5.810,5.572,2.882
Ov79_rep9_Dep6_Tu20,0.331,6.413,1.574,0.768,6.900,0.151,0.422,6.817,5.064,3.319,4.443,0.091,1.291,7.040,6.737,9.789,1.669,5.555,9.914,4.799,1.087,6.881,8.945
Ov79_rep6_Dep6_Tu2,0.147,0.827,0.505,0.021,2.260,0.101,1.110,3.961,3.520,1.482,4.966,3.168,8.120,14.179,0.983,4.641,11.469,12.827,9.146,2.157,5.287,6.835,2.286
Ov79_rep10_Dep6_Tu40,3.159,1.941,4.416,0.791,3.805,3.177,2.946,2.836,4.595,8.594,4.661,5.736,3.555,0.443,14.959,0.727,1.685,4.804,4.915,2.608,0.426,9.768,9.453
Ov79_rep4_Dep6_Tu1,0.076,0.739,0.558,0.005,0.682,0.395,0.827,2.653,0.664,5.162,7.450,4.186,10.274,2.913,0.080,7.053,8.510,4.525,15.707,7.542,15.072,1.509,3.418
Ov79_rep1_Dep6_Tu2,0.037,0.653,0.696,0.006,1.630,0.435,1.566,2.663,2.770,5.333,7.432,1.970,15.619,2.785,11.684,1.086,10.016,1.347,7.830,4.225,6.559,11.243,2.413
Ov79_rep3_Dep6_Tu2,0.017,0.917,0.351,0.018,2.941,0.925,3.127,3.487,1.579,1.841,10.824,2.109,2.051,10.281,4.671,18.713,1.933,5.753,7.871,7.011,1.333,9.024,3.225
Ov79_rep4_Dep6_Tu2,0.357,0.640,0.425,0.119,0.920,0.157,1.074,2.365,2.681,2.457,7.319,3.592,12.230,9.540,1.581,8.016,5.758,1.509,12.970,8.520,13.758,0.885,3.128
Ov79_rep9_Dep6_Tu40,0.643,10.027,1.988,0.231,5.200,1.116,1.929,5.970,3.401,6.312,7.873,0.956,1.330,0.069,10.461,1.021,5.214,4.290,5.697,12.076,3.306,3.845,7.045
Ov79_rep4_Dep6_Tu5,0.084,2.648,0.144,0.000,0.019,0.602,1.228,2.164,3.795,3.139,4.112,2.507,10.092,10.836,2.159,6.081,14.750,16.202,10.050,0.588,2.584,0.303,5.915
Ov79_rep2_Dep6_Tu0.5,0.023,0.460,0.775,0.005,1.643,0.235,2.160,2.636,0.365,4.921,9.025,1.541,15.297,4.957,1.178,18.748,4.546,4.945,1.487,4.244,4.475,12.462,3.872
Ov79_rep5_Dep6_Tu30,1.936,6.277,0.787,0.049,7.376,0.713,3.059,4.546,2.059,8.164,3.554,3.546,4.055,7.325,2.994,2.014,0.061,4.676,4.782,5.703,2.081,12.082,12.161
Ov79_rep3_Dep6_Tu40,1.223,12.849,1.758,0.030,1.854,0.210,3.845,4.043,4.157,6.191,4.742,2.330,1.673,2.579,1.949,2.026,2.749,15.791,2.577,8.025,1.032,5.577,12.788
Ov79_rep6_Dep6_Tu30,0.157,7.225,0.663,0.050,1.473,1.705,2.529,7.088,0.047,7.330,7.226,5.304,4.182,1.551,8.281,3.264,5.496,2.625,2.100,13.782,4.304,0.930,12.690
Ov79_rep2_Dep6_Tu1,0.079,0.556,1.225,0.002,1.777,0.218,1.550,3.073,0.666,4.211,8.629,3.203,10.048,3.937,6.538,10.624,9.911,1.534,12.062,2.219,7.364,5.489,5.085
Ov79_rep3_Dep6_Tu3,0.009,0.510,0.717,0.000,1.409,0.084,2.712,3.330,3.393,5.151,0.529,1.168,7.521,11.066,6.428,2.940,4.286,5.367,7.204,3.425,18.919,7.478,6.355
Ov79_rep9_Dep6_Tu0.5,0.010,0.599,0.272,0.009,1.971,0.166,2.789,2.488,2.079,2.450,8.976,2.239,12.999,8.510,2.572,8.259,2.682,4.502,8.950,2.944,13.148,4.417,6.969
Ov79_rep9_Dep6_Tu1,0.041,0.757,0.128,0.037,1.996,0.730,1.144,2.525,3.159,4.049,1.127,0.983,17.873,12.040,7.808,8.142,3.337,2.466,6.572,6.370,10.417,2.467,5.832
Ov79_rep5_Dep6_Tu1,0.104,0.710,1.066,0.001,0.256,0.203,1.670,4.003,2.292,4.576,7.206,3.951,2.841,4.120,7.874,4.771,17.673,2.701,16.814,5.061,4.760,6.551,0.797
Ov79_rep7_Dep6_Tu0.5,0.010,0.143,0.718,0.008,1.119,0.366,2.136,3.804,0.214,3.985,5.181,4.577,7.834,13.152,11.223,12.140,2.642,1.439,4.430,5.129,5.694,11.364,2.692
