Sample,BRCA,CEAD,CESC,COAD,OV,READ,bcell,cd4tcell,cd8tcell,erythroblast,monocyte,naturalkillercell,neutrophil,Unknown-1
Ov79_rep2_Dep6_Tu5,0.000,15.067,0.000,63.303,0.315,0.000,0.000,0.000,0.000,0.000,1.305,20.010,0.000,0.000
Ov79_rep8_Dep6_Tu30,2.482,25.766,7.941,38.683,10.868,0.000,0.000,0.000,0.000,0.000,8.395,5.865,0.000,0.000
Ov79_rep6_Dep6_Tu0.3,0.000,4.956,0.000,52.799,0.000,0.000,0.574,0.000,0.000,0.000,12.069,9.345,0.000,20.258
Ov79_rep1_Dep6_Tu3,0.000,9.173,0.000,59.056,0.000,0.000,0.000,0.000,0.000,0.000,21.793,9.977,0.000,0.000
Ov79_rep1_Dep6_Tu50,3.580,26.556,4.275,20.803,15.306,14.298,0.000,0.000,0.000,0.000,3.291,4.211,7.680,0.000
Ov79_rep7_Dep6_Tu50,1.006,32.054,0.000,13.476,24.942,0.000,0.000,0.000,0.000,0.000,2.950,4.929,20.643,0.000
Ov79_rep4_Dep6_Tu50,0.737,26.726,0.000,13.433,20.860,21.204,0.000,0.000,0.000,0.000,10.449,6.591,0.000,0.000
Ov79_rep2_Dep6_Tu3,0.000,11.023,0.000,64.636,0.193,0.000,0.000,0.000,0.000,0.000,11.352,12.276,0.000,0.519
Ov79_rep7_Dep6_Tu1,0.000,9.634,0.000,64.264,0.000,0.000,0.000,0.000,0.000,0.000,16.242,9.860,0.000,0.000
Ov79_rep9_Dep6_Tu5,0.009,20.184,0.000,50.567,0.118,0.000,2.395,0.000,0.000,0.000,11.996,12.454,2.277,0.000
Ov79_rep3_Dep6_Tu1,0.000,8.908,0.000,62.798,0.059,0.000,5.409,0.000,0.000,0.000,10.280,12.545,0.000,0.000
Ov79_rep5_Dep6_Tu3,0.000,10.328,0.000,65.347,0.346,0.000,0.000,0.000,0.000,0.000,10.533,13.445,0.000,0.000
Ov79_rep10_Dep6_Tu0.3,0.000,5.401,0.000,65.689,0.000,0.000,0.000,0.000,0.000,0.000,14.902,14.007,0.000,0.000
Ov79_rep8_Dep6_Tu2,0.109,5.360,0.000,58.520,0.239,0.000,3.922,0.000,0.000,0.000,10.499,9.443,0.000,11.907
Ov79_rep1_Dep6_Tu0.5,0.000,10.693,0.000,62.493,0.233,0.000,0.000,0.000,0.000,0.000,15.950,10.630,0.000,0.000
Ov79_rep3_Dep6_Tu0.3,0.000,9.525,0.000,61.440,0.100,0.000,10.367,0.000,0.000,0.000,12.403,6.164,0.000,0.000
Ov79_rep8_Dep6_Tu50,1.468,25.521,0.000,15.411,27.528,15.075,0.000,0.000,0.000,0.000,5.273,9.723,0.000,0.000
Ov79_rep9_Dep6_Tu0.3,0.000,11.747,0.000,69.771,0.088,0.000,0.000,0.000,0.000,0.000,10.329,8.064,0.000,0.000
Ov79_rep7_Dep6_Tu2,0.000,12.007,0.000,65.125,0.000,0.000,0.000,0.000,0.000,0.000,11.252,11.616,0.000,0.000
Ov79_rep7_Dep6_Tu30,2.868,27.728,0.000,37.836,26.736,0.511,0.000,0.000,0.000,0.000,2.459,1.860,0.000,0.000
Ov79_rep5_Dep6_Tu50,0.400,27.260,0.619,12.097,45.432,0.257,0.000,0.000,0.000,0.000,8.998,4.937,0.000,0.000
Ov79_rep6_Dep6_Tu0.5,0.000,4.081,0.000,58.434,0.000,0.000,14.531,0.000,10.318,0.000,7.535,4.820,0.000,0.281
Ov79_rep2_Dep6_Tu2,0.000,14.606,0.000,57.566,0.000,0.000,0.000,0.000,0.000,0.000,17.303,10.525,0.000,0.000
Ov79_rep3_Dep6_Tu30,4.040,23.146,0.000,30.155,24.250,0.000,0.000,0.000,0.000,0.000,12.534,5.875,0.000,0.000
Ov79_rep9_Dep6_Tu3,0.000,5.055,0.000,58.934,0.226,0.000,0.000,0.000,0.000,0.000,7.302,8.604,0.000,19.878
Ov79_rep10_Dep6_Tu2,0.000,15.678,0.000,62.017,0.054,0.000,0.000,0.000,0.000,0.000,6.981,15.269,0.000,0.000
Ov79_rep10_Dep6_Tu1,0.000,13.369,0.000,66.219,0.119,0.000,0.000,0.000,0.000,0.000,2.398,17.894,0.000,0.000
Ov79_rep6_Dep6_Tu5,0.000,15.847,0.000,61.889,0.005,0.000,0.000,0.000,0.000,0.000,11.717,10.541,0.000,0.000
Ov79_rep2_Dep6_Tu0.3,0.000,12.547,0.000,66.500,0.197,0.000,0.000,0.000,0.000,0.000,2.382,18.373,0.000,0.000
Ov79_rep4_Dep6_Tu20,0.114,15.595,0.000,37.742,15.582,0.000,0.000,0.000,0.000,0.000,12.453,6.532,0.020,11.962
Ov79_rep1_Dep6_Tu0.1,0.000,8.582,0.000,72.013,0.000,0.000,0.000,0.000,0.000,0.000,10.262,9.143,0.000,0.000
Ov79_rep4_Dep6_Tu10,1.068,12.996,0.000,59.346,3.069,0.000,0.000,0.000,0.000,0.000,11.135,12.384,0.000,0.000
Ov79_rep4_Dep6_Tu30,0.664,20.366,18.384,36.297,11.887,0.083,0.000,0.000,0.000,0.000,5.783,6.535,0.000,0.000
Ov79_rep5_Dep6_Tu10,0.152,7.708,0.000,56.486,7.220,0.000,2.721,0.000,0.000,0.000,6.317,19.396,0.000,0.000
Ov79_rep7_Dep6_Tu3,0.000,9.714,0.000,58.482,0.096,0.000,0.000,0.000,0.000,0.000,12.707,19.000,0.000,0.000
Ov79_rep9_Dep6_Tu50,1.125,29.899,13.037,17.833,20.571,6.597,0.000,0.000,0.000,0.000,3.288,7.582,0.068,0.000
Ov79_rep10_Dep6_Tu0.5,0.000,12.509,0.000,62.629,0.000,0.000,0.000,0.000,0.000,0.000,13.290,11.571,0.000,0.000
Ov79_rep7_Dep6_Tu40,13.861,21.246,0.000,27.768,19.618,3.160,0.000,0.000,0.000,0.000,3.744,10.256,0.347,0.000
Ov79_rep7_Dep6_Tu0.1,0.000,11.446,0.000,62.694,0.315,0.000,0.000,0.000,0.000,0.000,15.033,10.512,0.000,0.000
Ov79_rep9_Dep6_Tu0.1,0.000,7.928,0.000,56.829,0.082,0.000,17.180,0.000,0.000,0.000,7.708,10.273,0.000,0.000
Ov79_rep1_Dep6_Tu5,0.000,22.108,1.144,55.834,1.384,0.000,0.000,0.000,0.000,0.000,13.255,6.275,0.000,0.000
Ov79_rep9_Dep6_Tu30,15.789,25.261,0.000,31.107,10.009,0.000,0.000,0.000,0.000,0.000,8.853,8.980,0.000,0.000
Ov79_rep2_Dep6_Tu0.1,0.000,3.979,0.000,57.417,0.000,0.000,0.000,0.000,20.068,0.000,7.879,10.156,0.000,0.501
Ov79_rep7_Dep6_Tu20,6.272,21.496,0.000,42.988,13.540,0.000,0.000,0.000,0.000,0.000,9.085,6.618,0.000,0.000
Ov79_rep7_Dep6_Tu5,0.300,16.209,0.000,59.496,0.712,0.000,0.000,0.000,0.000,0.000,14.079,9.204,0.000,0.000
Ov79_rep2_Dep6_Tu10,0.396,11.319,0.000,54.630,11.877,0.000,0.000,0.000,0.000,0.000,13.229,8.549,0.000,0.000
Ov79_rep8_Dep6_Tu0.1,0.000,12.409,0.000,60.653,0.006,0.000,12.298,0.000,0.000,0.000,4.349,4.044,0.000,6.240
Ov79_rep8_Dep6_Tu5,0.000,11.903,0.000,57.015,0.234,0.000,0.000,0.000,0.000,0.000,11.664,8.653,0.000,10.531
Ov79_rep1_Dep6_Tu10,0.000,18.988,0.000,46.870,2.375,0.000,15.919,0.000,0.000,0.000,8.104,7.743,0.000,0.000
Ov79_rep1_Dep6_Tu1,0.000,5.007,0.000,59.622,0.000,0.000,17.732,0.000,0.000,0.000,8.255,7.169,0.000,2.214
Ov79_rep10_Dep6_Tu10,0.162,25.544,0.000,51.730,1.691,0.000,0.000,0.000,0.000,0.000,11.946,8.926,0.000,0.000
Ov79_rep2_Dep6_Tu50,0.220,27.136,20.718,18.093,20.558,0.368,0.000,0.000,0.000,0.000,3.999,8.776,0.133,0.000
Ov79_rep3_Dep6_Tu20,6.470,21.515,11.834,45.161,3.414,0.000,0.000,0.000,0.000,0.000,7.605,4.000,0.000,0.000
Ov79_rep3_Dep6_Tu0.1,0.000,11.743,0.000,62.725,0.223,0.000,0.000,0.000,0.000,0.000,10.922,14.386,0.000,0.000
Ov79_rep10_Dep6_Tu3,0.000,13.141,0.000,65.070,0.000,0.000,0.000,0.000,0.000,0.000,11.565,10.223,0.000,0.000
Ov79_rep5_Dep6_Tu2,0.000,9.303,0.000,58.490,0.681,0.000,0.000,0.000,0.000,0.000,9.649,8.533,0.000,13.343
Ov79_rep10_Dep6_Tu0.1,0.000,7.289,0.000,57.305,0.000,0.000,0.000,0.000,0.000,0.000,18.663,13.389,0.000,3.355
Ov79_rep6_Dep6_Tu3,0.000,14.451,0.000,58.785,0.000,0.000,0.000,0.000,0.000,0.000,20.905,5.858,0.000,0.000
Ov79_rep4_Dep6_Tu0.3,0.000,13.249,0.000,61.089,0.000,0.000,0.000,0.000,0.000,0.000,15.244,10.417,0.000,0.000
Ov79_rep4_Dep6_Tu3,0.000,9.577,0.000,66.869,0.145,0.000,0.611,0.000,0.000,0.000,4.719,18.080,0.000,0.000
Ov79_rep3_Dep6_Tu10,0.000,21.726,0.000,55.182,0.420,0.000,0.000,0.000,0.000,0.000,14.414,8.257,0.000,0.000
Ov79_rep3_Dep6_Tu5,0.000,15.768,0.000,63.106,0.745,0.000,0.000,0.000,0.000,0.000,8.519,11.861,0.000,0.000
Ov79_rep7_Dep6_Tu0.3,0.000,8.612,0.000,63.256,0.000,0.000,0.000,0.000,0.000,0.000,12.985,15.146,0.000,0.000
Ov79_rep8_Dep6_Tu3,0.000,13.887,0.000,67.150,0.079,0.000,0.000,0.000,0.000,0.000,2.355,16.527,0.000,0.000
Ov79_rep1_Dep6_Tu20,0.000,27.126,0.000,43.627,15.492,0.000,0.000,0.000,0.000,0.000,1.674,12.080,0.000,0.000
Ov79_rep5_Dep6_Tu0.5,0.000,10.029,0.000,69.179,0.194,0.000,0.000,0.000,0.000,0.000,13.190,7.407,0.000,0.000
Ov79_rep7_Dep6_Tu10,0.000,19.611,0.000,52.990,5.361,0.000,0.000,0.000,0.000,0.000,14.871,7.167,0.000,0.000
Ov79_rep8_Dep6_Tu0.5,0.000,9.579,0.000,61.461,0.070,0.000,10.329,0.000,0.000,0.000,12.400,6.161,0.000,0.000
Ov79_rep4_Dep6_Tu0.5,0.000,3.273,0.000,58.421,0.000,0.000,19.034,0.000,0.000,0.000,8.757,10.048,0.000,0.466
Ov79_rep2_Dep6_Tu40,3.265,39.050,0.000,26.978,9.565,12.633,0.062,0.000,0.000,0.000,5.144,3.231,0.072,0.000
Ov79_rep9_Dep6_Tu10,0.342,20.963,0.000,56.590,1.092,0.000,0.000,0.000,0.000,0.000,8.729,12.283,0.000,0.000
Ov79_rep3_Dep6_Tu50,5.093,31.427,4.197,20.523,27.822,0.510,0.000,0.000,0.000,0.000,5.333,4.813,0.281,0.000
Ov79_rep10_Dep6_Tu50,1.041,38.364,0.000,16.699,30.593,5.773,0.000,0.000,0.000,0.000,3.590,3.940,0.000,0.000
Ov79_rep1_Dep6_Tu30,2.719,19.311,0.000,37.584,22.082,0.219,0.000,0.000,0.000,0.000,8.508,9.577,0.000,0.000
Ov79_rep8_Dep6_Tu20,0.593,9.692,0.000,43.630,7.745,0.000,0.063,0.000,0.000,23.896,6.940,7.441,0.000,0.000
Ov79_rep6_Dep6_Tu40,0.628,23.036,13.169,28.812,15.614,2.713,0.000,0.000,0.000,0.000,10.158,5.869,0.000,0.000
Ov79_rep6_Dep6_Tu20,0.016,27.940,0.000,46.082,5.551,0.000,0.000,0.000,0.000,0.000,10.955,9.344,0.112,0.000
Ov79_rep10_Dep6_Tu30,0.770,38.673,0.011,34.845,19.046,0.000,0.000,0.000,0.000,0.000,4.114,2.369,0.171,0.000
Ov79_rep4_Dep6_Tu0.1,0.000,10.323,0.000,64.717,0.000,0.000,0.000,0.000,0.000,0.000,16.701,8.258,0.000,0.000
Ov79_rep5_Dep6_Tu20,2.836,32.832,0.000,46.872,4.148,0.000,0.000,0.000,0.000,0.000,6.515,6.797,0.000,0.000
Ov79_rep2_Dep6_Tu30,0.733,17.585,17.283,40.021,13.416,0.000,0.000,0.000,0.000,0.000,7.108,3.853,0.000,0.000
Ov79_rep5_Dep6_Tu40,0.346,24.532,0.000,22.269,34.614,7.506,0.000,0.000,0.000,0.000,5.121,5.611,0.000,0.000
Ov79_rep8_Dep6_Tu0.3,0.000,11.674,0.000,69.959,0.076,0.000,0.000,0.000,0.000,0.000,10.293,7.997,0.000,0.000
Ov79_rep4_Dep6_Tu40,0.322,25.322,1.190,22.310,31.692,0.000,0.000,0.000,0.000,0.000,10.734,8.299,0.131,0.000
Ov79_rep3_Dep6_Tu0.5,0.000,4.807,0.000,52.786,0.000,0.000,0.705,0.000,0.000,0.000,12.067,9.350,0.000,20.285
Ov79_rep6_Dep6_Tu10,0.000,18.174,0.000,57.862,1.715,0.000,0.000,0.000,0.000,0.000,9.060,13.146,0.043,0.000
Ov79_rep8_Dep6_Tu1,0.000,6.643,0.000,61.983,0.000,0.000,0.000,0.000,0.000,0.000,8.528,12.366,0.000,10.480
Ov79_rep9_Dep6_Tu2,0.000,7.631,0.000,58.965,0.725,0.000,0.000,0.000,0.000,0.000,15.415,17.263,0.000,0.000
Ov79_rep6_Dep6_Tu0.1,0.000,14.967,0.000,56.752,0.000,0.000,0.000,0.000,0.000,0.000,21.523,6.758,0.000,0.000
Ov79_rep5_Dep6_Tu0.1,0.000,7.157,0.000,65.849,0.000,0.000,0.736,0.000,0.000,0.000,16.311,9.946,0.000,0.000
Ov79_rep10_Dep6_Tu20,0.000,17.161,0.000,43.196,4.427,19.640,0.000,0.000,0.000,0.000,4.999,10.577,0.000,0.000
Ov79_rep5_Dep6_Tu0.3,0.000,10.357,0.000,56.288,0.046,0.000,0.000,0.000,0.000,0.000,10.645,8.519,0.000,14.144
Ov79_rep10_Dep6_Tu5,0.000,16.548,0.000,53.748,0.000,0.000,0.000,0.000,0.000,0.000,20.196,9.497,0.010,0.000
Ov79_rep5_Dep6_Tu5,0.000,19.476,0.000,57.552,0.203,0.000,0.000,0.000,0.000,0.000,6.872,15.898,0.000,0.000
Ov79_rep1_Dep6_Tu40,3.972,32.820,0.000,27.343,23.885,0.000,0.000,0.000,0.000,0.000,1.434,10.056,0.489,0.000
Ov79_rep8_Dep6_Tu40,0.423,18.460,0.000,24.607,40.564,0.994,0.000,0.000,0.000,0.000,7.568,7.384,0.000,0.000
Ov79_rep6_Dep6_Tu50,2.788,28.482,0.000,15.789,25.028,15.363,0.000,0.000,0.000,0.000,3.706,8.814,0.028,0.000
Ov79_rep2_Dep6_Tu20,0.000,29.443,5.081,41.589,11.895,0.000,0.000,0.000,0.000,0.000,9.097,2.895,0.000,0.000
Ov79_rep1_Dep6_Tu0.3,0.000,8.263,0.000,60.068,0.000,0.000,0.000,0.000,0.000,0.000,23.924,7.743,0.000,0.000
Ov79_rep6_Dep6_Tu1,0.000,14.694,0.000,64.943,0.000,0.000,0.000,0.000,0.000,0.000,11.012,9.350,0.000,0.000
Ov79_rep8_Dep6_Tu10,0.000,21.555,0.000,57.087,0.000,0.000,10.022,0.000,0.000,0.000,3.413,5.268,2.654,0.000
Ov79_rep9_Dep6_Tu20,0.062,26.218,0.034,40.246,17.043,0.000,0.000,0.000,0.000,0.000,10.620,5.195,0.581,0.000
Ov79_rep6_Dep6_Tu2,0.000,17.562,0.000,61.080,1.346,0.000,0.000,0.000,0.000,0.000,6.137,13.875,0.000,0.000
Ov79_rep10_Dep6_Tu40,0.437,25.730,0.077,25.431,15.688,0.000,0.000,0.000,0.000,0.000,2.864,5.925,23.847,0.000
Ov79_rep4_Dep6_Tu1,0.000,4.797,0.000,52.017,0.000,0.000,17.157,0.000,0.000,0.000,10.736,10.170,0.000,5.124
Ov79_rep1_Dep6_Tu2,0.000,13.982,0.000,63.977,0.000,0.000,0.000,0.000,0.000,0.000,11.670,10.370,0.000,0.000
Ov79_rep3_Dep6_Tu2,0.000,7.598,0.000,58.073,0.028,0.000,7.006,0.000,0.000,0.000,20.390,6.903,0.000,0.000
Ov79_rep4_Dep6_Tu2,0.000,5.678,0.000,57.374,0.093,0.000,0.000,0.000,16.877,0.000,12.974,6.596,0.000,0.407
Ov79_rep9_Dep6_Tu40,0.656,30.374,0.000,23.750,33.071,0.000,0.000,0.000,0.000,0.000,6.679,5.469,0.000,0.000
Ov79_rep4_Dep6_Tu5,0.000,18.874,0.000,55.074,1.888,0.000,0.000,0.000,0.000,0.000,7.085,17.078,0.000,0.000
Ov79_rep2_Dep6_Tu0.5,0.000,7.527,0.000,68.615,0.069,0.000,0.000,0.000,0.000,0.000,14.223,9.566,0.000,0.000
Ov79_rep5_Dep6_Tu30,0.383,24.373,0.000,37.718,25.838,0.137,0.000,0.000,0.000,0.000,1.686,9.865,0.000,0.000
Ov79_rep3_Dep6_Tu40,5.161,28.964,0.000,23.528,28.506,5.808,0.000,0.000,0.000,0.000,4.451,3.582,0.000,0.000
Ov79_rep6_Dep6_Tu30,0.016,18.300,0.000,28.546,22.481,7.613,0.000,0.000,0.000,0.000,8.795,14.249,0.000,0.000
Ov79_rep2_Dep6_Tu1,0.000,8.456,0.000,62.982,0.541,0.000,0.000,0.000,0.000,0.000,13.797,14.224,0.000,0.000
Ov79_rep3_Dep6_Tu3,0.000,9.175,0.458,59.989,0.000,0.000,0.000,0.000,0.000,0.000,15.823,14.545,0.000,0.010
Ov79_rep9_Dep6_Tu0.5,0.000,13.389,0.000,62.825,0.356,0.000,0.000,0.000,0.000,0.000,14.446,8.983,0.000,0.000
Ov79_rep9_Dep6_Tu1,0.000,11.345,0.000,65.304,0.000,0.000,1.296,0.000,0.000,0.000,12.781,9.274,0.000,0.000
Ov79_rep5_Dep6_Tu1,0.000,16.645,0.000,54.025,0.000,0.000,0.000,0.000,0.000,0.000,13.845,15.485,0.000,0.000
Ov79_rep7_Dep6_Tu0.5,0.000,13.329,0.000,62.911,0.000,0.000,0.000,0.000,0.000,0.000,12.923,10.836,0.000,0.000
