Sample,BRCA,CEAD,CESC,COAD,OV,READ,bcell,cd4tcell,cd8tcell,erythroblast,monocyte,naturalkillercell,neutrophil
Ov79_rep2_Dep6_Tu5,0.000,0.000,3.324,0.000,0.000,0.000,0.000,0.000,20.007,5.020,4.002,5.084,62.563
Ov79_rep8_Dep6_Tu30,10.619,0.000,16.218,0.000,2.096,0.256,0.589,2.282,13.018,0.000,14.282,1.867,38.772
Ov79_rep6_Dep6_Tu0.3,0.000,0.000,0.221,0.000,0.000,0.000,1.000,0.000,14.309,6.881,11.516,6.315,59.758
Ov79_rep1_Dep6_Tu3,0.000,0.000,0.276,0.000,0.000,0.000,5.572,0.061,11.090,0.115,21.275,1.293,60.317
Ov79_rep1_Dep6_Tu50,9.446,0.000,21.437,4.278,2.759,11.759,0.000,1.088,10.296,0.307,8.931,5.468,24.231
Ov79_rep7_Dep6_Tu50,0.000,30.618,19.340,1.418,1.033,1.750,0.298,0.787,11.382,0.000,9.204,2.400,21.771
Ov79_rep4_Dep6_Tu50,0.000,0.000,36.554,0.000,1.121,9.247,0.331,6.049,9.439,6.051,12.421,1.222,17.566
Ov79_rep2_Dep6_Tu3,0.000,0.000,0.764,0.000,0.000,0.000,0.000,0.977,15.015,0.000,15.457,5.859,61.927
Ov79_rep7_Dep6_Tu1,0.000,0.000,0.187,0.000,0.000,0.000,0.000,0.000,16.030,0.652,18.421,0.572,64.138
Ov79_rep9_Dep6_Tu5,0.084,0.000,1.434,0.664,0.150,0.000,6.812,0.783,16.494,5.404,13.236,1.950,52.989
Ov79_rep3_Dep6_Tu1,0.000,0.000,0.462,0.000,0.000,0.000,3.930,0.000,13.157,0.000,13.201,8.267,60.983
Ov79_rep5_Dep6_Tu3,0.000,0.000,2.239,0.000,0.000,0.000,0.000,0.000,19.679,0.000,11.095,1.462,65.525
Ov79_rep10_Dep6_Tu0.3,0.000,0.000,0.287,0.000,0.000,0.000,0.000,0.000,10.995,5.494,17.343,2.147,63.734
Ov79_rep8_Dep6_Tu2,0.000,0.000,0.631,0.000,0.251,0.413,3.374,0.000,11.390,0.000,12.418,12.026,59.496
Ov79_rep1_Dep6_Tu0.5,0.000,0.000,0.949,0.000,0.000,0.000,10.631,0.043,11.187,2.476,12.977,0.192,61.543
Ov79_rep3_Dep6_Tu0.3,0.000,0.000,0.710,0.000,0.000,0.000,12.528,0.000,10.685,1.601,11.217,0.042,63.216
Ov79_rep8_Dep6_Tu50,0.000,0.000,37.527,0.000,5.333,6.390,0.278,1.012,9.982,7.528,9.281,3.856,18.813
Ov79_rep9_Dep6_Tu0.3,0.000,0.000,0.680,0.024,0.000,0.000,0.000,0.000,14.909,0.000,13.961,1.474,68.952
Ov79_rep7_Dep6_Tu2,0.000,0.000,0.207,0.000,0.000,0.000,6.335,0.000,15.744,0.287,10.817,0.684,65.926
Ov79_rep7_Dep6_Tu30,0.000,0.000,31.292,0.000,3.430,3.588,0.843,6.188,8.423,0.000,7.368,0.826,38.043
Ov79_rep5_Dep6_Tu50,3.949,0.000,49.615,0.000,0.436,0.841,2.339,0.434,8.887,0.000,13.128,2.739,17.632
Ov79_rep6_Dep6_Tu0.5,0.000,0.000,0.390,0.000,0.000,0.000,4.619,0.000,9.395,12.247,9.860,2.175,61.313
Ov79_rep2_Dep6_Tu2,0.000,0.000,0.702,0.005,0.000,0.275,2.868,0.000,15.364,3.140,19.724,0.332,57.590
Ov79_rep3_Dep6_Tu30,0.000,0.000,28.458,0.000,7.137,0.329,0.488,0.000,13.083,0.000,17.547,0.943,32.015
Ov79_rep9_Dep6_Tu3,0.000,0.000,0.489,0.000,0.000,0.000,3.447,0.442,13.450,2.846,7.312,7.237,64.776
Ov79_rep10_Dep6_Tu2,0.000,0.000,1.421,0.000,0.000,0.014,4.956,1.292,17.032,0.553,8.061,5.546,61.125
Ov79_rep10_Dep6_Tu1,0.000,0.000,1.762,0.000,0.000,0.000,0.000,0.000,17.723,0.000,4.157,10.407,65.951
Ov79_rep6_Dep6_Tu5,0.000,0.000,0.513,0.000,0.000,0.000,5.000,0.882,15.454,0.011,14.081,0.871,63.188
Ov79_rep2_Dep6_Tu0.3,0.000,0.000,1.066,0.000,0.000,0.000,0.053,0.000,17.524,2.897,4.731,8.525,65.203
Ov79_rep4_Dep6_Tu20,0.000,0.000,19.428,0.042,0.493,0.023,0.656,3.325,10.075,0.000,14.741,9.881,41.336
Ov79_rep1_Dep6_Tu0.1,0.000,0.000,0.386,0.019,0.000,0.000,1.412,0.000,13.726,0.000,11.838,0.232,72.386
Ov79_rep4_Dep6_Tu10,0.000,0.000,6.067,0.011,0.850,0.000,0.985,0.000,18.916,0.000,14.439,0.000,58.732
Ov79_rep4_Dep6_Tu30,17.667,0.000,19.016,0.000,0.653,0.887,0.000,3.679,10.702,0.491,9.656,0.747,36.502
Ov79_rep5_Dep6_Tu10,0.000,0.000,6.303,0.000,0.500,0.000,7.033,0.000,20.859,0.000,6.893,4.010,54.403
Ov79_rep7_Dep6_Tu3,0.000,0.000,0.494,0.000,0.000,0.052,2.207,0.000,10.346,11.912,11.826,5.922,57.239
Ov79_rep9_Dep6_Tu50,0.907,0.000,36.753,0.000,2.954,8.169,0.056,0.696,15.393,0.000,9.641,2.679,22.753
Ov79_rep10_Dep6_Tu0.5,0.000,0.000,0.542,0.000,0.000,0.000,3.651,0.000,13.154,0.000,14.812,5.618,62.222
Ov79_rep7_Dep6_Tu40,0.000,0.000,23.109,1.336,13.306,2.859,0.498,1.706,13.619,0.000,8.231,4.892,30.445
Ov79_rep7_Dep6_Tu0.1,0.000,0.000,1.182,0.000,0.000,0.000,0.424,8.062,13.281,0.000,14.814,0.205,62.032
Ov79_rep9_Dep6_Tu0.1,0.000,0.000,0.525,0.000,0.000,0.000,8.232,0.019,9.438,6.923,9.870,6.879,58.115
Ov79_rep1_Dep6_Tu5,1.790,0.000,5.881,0.011,0.026,0.000,1.876,2.001,11.434,4.813,16.051,0.000,56.117
Ov79_rep9_Dep6_Tu30,0.000,0.000,12.976,0.000,13.535,3.693,0.334,0.047,12.099,0.000,15.151,8.757,33.408
Ov79_rep2_Dep6_Tu0.1,0.000,0.000,0.345,0.000,0.000,0.000,0.090,0.000,16.755,9.189,8.376,2.232,63.012
Ov79_rep7_Dep6_Tu20,0.000,0.000,13.462,0.000,6.675,0.000,0.465,12.113,10.659,0.000,12.850,0.280,43.497
Ov79_rep7_Dep6_Tu5,0.000,0.000,3.664,0.000,0.680,0.000,8.991,0.291,12.448,0.209,13.401,0.420,59.897
Ov79_rep2_Dep6_Tu10,0.000,0.000,13.529,0.000,0.735,0.000,0.000,0.000,14.315,0.000,15.926,0.961,54.532
Ov79_rep8_Dep6_Tu0.1,0.000,0.000,0.530,0.000,0.000,0.484,7.078,1.731,8.404,2.933,7.699,8.116,63.026
Ov79_rep8_Dep6_Tu5,0.000,0.000,1.352,0.000,0.000,0.299,3.827,0.000,9.273,10.372,13.058,4.505,57.314
Ov79_rep1_Dep6_Tu10,0.000,0.000,6.041,0.000,0.000,0.250,11.983,0.227,13.727,0.199,13.086,8.438,46.048
Ov79_rep1_Dep6_Tu1,0.000,0.000,0.164,0.000,0.000,0.000,7.441,0.000,9.469,0.873,13.663,9.871,58.519
Ov79_rep10_Dep6_Tu10,0.000,0.000,6.931,0.000,0.444,1.084,3.765,3.306,12.498,1.887,14.883,3.564,51.638
Ov79_rep2_Dep6_Tu50,9.540,0.000,27.529,0.086,0.297,7.279,0.000,6.385,16.387,0.000,9.731,0.296,22.470
Ov79_rep3_Dep6_Tu20,17.277,0.000,10.222,0.000,2.443,0.129,0.000,5.844,9.641,0.000,12.049,0.086,42.309
Ov79_rep3_Dep6_Tu0.1,0.000,0.000,1.110,0.000,0.000,0.000,2.874,0.000,13.784,0.000,14.114,6.161,61.957
Ov79_rep10_Dep6_Tu3,0.000,0.000,0.389,0.000,0.000,0.000,6.385,0.350,11.952,0.687,11.532,2.839,65.865
Ov79_rep5_Dep6_Tu2,0.000,0.000,1.548,0.000,0.000,0.000,0.030,0.000,9.195,12.911,12.273,5.477,58.565
Ov79_rep10_Dep6_Tu0.1,0.000,0.000,0.129,0.000,0.000,0.000,4.945,0.291,13.923,3.729,16.709,1.357,58.917
Ov79_rep6_Dep6_Tu3,0.000,0.000,0.676,0.000,0.000,0.000,2.933,0.000,9.071,7.258,19.926,0.000,60.136
Ov79_rep4_Dep6_Tu0.3,0.000,0.001,0.418,0.000,0.000,0.000,4.849,0.000,15.934,0.000,14.823,0.934,63.041
Ov79_rep4_Dep6_Tu3,0.000,0.000,0.733,0.000,0.000,0.000,0.613,0.336,17.872,4.837,6.147,3.959,65.501
Ov79_rep3_Dep6_Tu10,0.053,0.000,4.627,0.000,0.030,0.505,0.319,6.228,10.403,0.000,18.957,3.816,55.060
Ov79_rep3_Dep6_Tu5,0.000,0.000,2.250,0.000,0.100,0.000,2.281,7.643,14.704,0.000,11.146,0.791,61.085
Ov79_rep7_Dep6_Tu0.3,0.000,0.000,0.209,0.091,0.000,0.000,0.000,0.000,20.698,0.000,15.200,0.000,63.802
Ov79_rep8_Dep6_Tu3,0.000,0.000,1.715,0.000,0.000,0.000,0.000,0.000,17.749,0.000,4.041,10.381,66.114
Ov79_rep1_Dep6_Tu20,0.000,0.000,19.467,0.000,0.142,6.216,0.048,2.708,13.623,1.709,6.004,6.659,43.424
Ov79_rep5_Dep6_Tu0.5,0.000,0.000,1.560,0.000,0.000,0.000,0.432,0.000,13.300,0.000,15.545,0.492,68.670
Ov79_rep7_Dep6_Tu10,0.000,0.000,7.940,0.000,0.000,0.000,1.367,11.734,11.307,0.000,15.068,0.643,51.940
Ov79_rep8_Dep6_Tu0.5,0.000,0.000,0.761,0.000,0.000,0.000,12.527,0.000,10.689,1.585,11.202,0.051,63.185
Ov79_rep4_Dep6_Tu0.5,0.000,0.000,0.274,0.000,0.000,0.000,4.424,0.000,10.375,13.564,10.900,1.531,58.931
Ov79_rep2_Dep6_Tu40,0.000,0.000,18.208,0.000,7.369,15.660,4.144,2.732,11.517,0.000,10.481,3.409,26.480
Ov79_rep9_Dep6_Tu10,0.000,0.000,5.726,0.000,0.946,1.674,2.349,1.340,13.867,0.000,13.168,8.330,52.600
Ov79_rep3_Dep6_Tu50,5.841,0.000,30.599,0.002,4.203,4.603,0.170,2.746,10.871,0.000,13.036,5.441,22.486
Ov79_rep10_Dep6_Tu50,0.000,0.000,37.520,0.000,1.260,11.289,0.000,1.529,13.672,0.000,10.788,1.532,22.409
Ov79_rep1_Dep6_Tu30,0.000,0.000,18.450,0.000,11.109,0.708,0.000,1.798,17.035,0.000,12.102,0.721,38.076
Ov79_rep8_Dep6_Tu20,0.000,0.000,12.592,0.000,1.119,0.332,4.237,9.044,13.507,0.000,7.737,4.655,46.777
Ov79_rep6_Dep6_Tu40,7.820,0.314,26.094,0.000,1.403,1.795,1.068,0.000,11.409,0.000,16.390,4.106,29.601
Ov79_rep6_Dep6_Tu20,0.000,3.910,10.720,0.000,0.079,4.046,0.000,0.000,13.955,7.309,13.344,1.491,45.146
Ov79_rep10_Dep6_Tu30,0.429,0.000,25.815,0.072,3.537,3.083,0.652,3.724,10.314,1.193,10.386,4.385,36.410
Ov79_rep4_Dep6_Tu0.1,0.000,0.000,0.147,0.000,0.000,0.000,2.053,0.398,9.804,0.000,19.461,3.951,64.186
Ov79_rep5_Dep6_Tu20,0.000,0.000,5.860,0.000,3.448,10.832,6.199,0.000,11.270,0.500,11.936,6.049,43.906
Ov79_rep2_Dep6_Tu30,16.785,0.000,18.928,0.000,0.961,0.147,0.000,1.070,8.684,0.000,10.730,3.031,39.664
Ov79_rep5_Dep6_Tu40,0.000,0.000,41.953,0.000,0.407,2.332,0.525,4.660,9.460,1.290,9.557,4.117,25.697
Ov79_rep8_Dep6_Tu0.3,0.000,0.000,0.578,0.015,0.000,0.000,0.000,0.000,14.971,0.000,13.942,1.319,69.173
Ov79_rep4_Dep6_Tu40,1.696,0.000,37.925,0.066,0.331,2.861,0.345,0.000,12.807,0.000,15.426,4.562,23.981
Ov79_rep3_Dep6_Tu0.5,0.000,0.000,0.214,0.000,0.000,0.000,1.125,0.000,14.199,6.768,11.604,6.351,59.739
Ov79_rep6_Dep6_Tu10,0.000,0.000,5.082,0.114,0.000,0.000,0.803,0.000,15.567,0.000,14.718,9.252,54.463
Ov79_rep8_Dep6_Tu1,0.000,0.000,0.225,0.058,0.000,0.000,0.000,0.000,13.344,0.000,11.988,12.891,61.493
Ov79_rep9_Dep6_Tu2,0.000,0.000,1.796,0.000,0.000,0.000,0.000,0.000,21.140,0.000,16.607,0.964,59.493
Ov79_rep6_Dep6_Tu0.1,0.000,0.000,0.351,0.000,0.000,0.000,2.371,0.085,10.529,7.604,21.611,0.000,57.449
Ov79_rep5_Dep6_Tu0.1,0.000,0.000,0.223,0.003,0.000,0.000,1.724,0.000,16.401,0.000,16.633,0.000,65.016
Ov79_rep10_Dep6_Tu20,0.000,0.000,12.498,0.000,0.000,11.034,1.713,2.593,10.896,8.946,9.135,0.791,42.392
Ov79_rep5_Dep6_Tu0.3,0.000,0.000,0.714,0.000,0.000,0.000,0.000,0.000,9.642,14.550,12.712,5.907,56.474
Ov79_rep10_Dep6_Tu5,0.000,0.000,1.938,0.197,0.000,0.000,4.516,0.277,15.351,0.000,20.530,1.934,55.257
Ov79_rep5_Dep6_Tu5,0.000,0.000,1.819,0.000,0.000,0.000,2.977,1.885,9.866,8.308,12.641,7.766,54.739
Ov79_rep1_Dep6_Tu40,0.000,0.000,27.543,0.151,2.667,4.784,0.000,4.300,13.348,2.750,8.665,7.181,28.610
Ov79_rep8_Dep6_Tu40,0.000,0.000,39.445,0.000,0.607,2.085,0.155,9.627,8.101,0.000,11.862,1.685,26.432
Ov79_rep6_Dep6_Tu50,0.000,0.000,32.889,0.000,3.097,14.394,0.940,0.000,15.271,0.566,9.052,4.409,19.382
Ov79_rep2_Dep6_Tu20,5.657,0.000,19.570,0.000,0.102,0.571,8.398,0.000,7.159,2.379,10.437,0.000,45.728
Ov79_rep1_Dep6_Tu0.3,0.009,0.000,0.038,0.000,0.000,0.000,7.786,0.809,8.415,0.842,21.405,0.680,60.016
Ov79_rep6_Dep6_Tu1,0.000,0.000,0.314,0.000,0.000,0.000,7.097,0.000,14.772,0.000,12.238,1.942,63.636
Ov79_rep8_Dep6_Tu10,0.000,0.000,2.743,0.222,0.315,7.269,4.542,0.000,10.857,5.971,7.915,5.372,54.793
Ov79_rep9_Dep6_Tu20,0.791,0.000,24.905,0.496,0.339,0.000,6.772,1.325,9.084,1.099,11.746,0.923,42.520
Ov79_rep6_Dep6_Tu2,0.000,0.000,2.823,0.000,0.000,0.000,0.093,0.000,10.548,14.569,9.700,2.960,59.306
Ov79_rep10_Dep6_Tu40,1.963,0.000,23.239,19.257,0.830,0.544,1.969,0.404,11.060,4.375,8.414,1.320,26.624
Ov79_rep4_Dep6_Tu1,0.000,0.000,0.329,0.000,0.000,0.000,7.072,0.000,9.148,7.180,13.347,7.786,55.138
Ov79_rep1_Dep6_Tu2,0.000,0.000,0.507,0.003,0.674,0.000,1.631,0.000,18.711,0.064,13.866,0.803,63.740
Ov79_rep3_Dep6_Tu2,0.000,0.000,0.461,0.000,0.000,0.000,10.006,0.000,8.368,0.573,19.309,0.913,60.369
Ov79_rep4_Dep6_Tu2,0.000,0.000,0.563,0.000,0.000,0.000,1.046,0.000,13.969,5.421,13.526,3.446,62.028
Ov79_rep9_Dep6_Tu40,0.000,0.000,37.733,0.000,1.946,1.006,0.566,12.322,8.492,0.024,11.350,0.000,26.560
Ov79_rep4_Dep6_Tu5,0.000,0.000,4.973,0.000,0.000,0.000,0.293,1.333,11.695,11.482,11.263,5.958,53.003
Ov79_rep2_Dep6_Tu0.5,0.040,0.000,0.529,0.007,0.000,0.000,0.000,0.000,16.814,0.000,14.995,0.350,67.264
Ov79_rep5_Dep6_Tu30,0.000,0.000,33.469,0.000,0.399,0.821,0.106,0.000,14.997,5.534,8.832,1.330,34.512
Ov79_rep3_Dep6_Tu40,0.000,0.000,37.556,0.000,4.536,4.027,0.589,2.776,8.131,0.996,10.813,5.095,25.482
Ov79_rep6_Dep6_Tu30,0.000,0.000,24.960,0.000,0.086,4.560,0.126,2.608,15.180,3.961,12.161,5.226,31.132
Ov79_rep2_Dep6_Tu1,0.000,0.000,1.047,0.000,0.000,0.000,0.000,0.610,13.281,3.621,15.810,3.792,61.839
Ov79_rep3_Dep6_Tu3,0.989,0.000,0.096,0.000,0.000,0.000,1.244,0.000,16.293,0.283,17.173,1.834,62.087
Ov79_rep9_Dep6_Tu0.5,0.000,0.000,1.952,0.000,0.000,0.000,0.586,9.419,10.337,0.773,14.605,0.412,61.916
Ov79_rep9_Dep6_Tu1,0.000,0.000,0.187,0.000,0.087,0.000,2.848,0.000,16.857,0.033,13.890,0.467,65.632
Ov79_rep5_Dep6_Tu1,0.000,0.000,0.312,0.000,0.008,0.000,6.032,0.412,16.315,6.549,12.565,1.759,56.048
Ov79_rep7_Dep6_Tu0.5,0.000,0.000,0.545,0.000,0.000,0.000,0.000,0.000,13.124,10.424,14.370,0.180,61.355
