Sample,BRCA,CEAD,CESC,COAD,OV,READ,bcell,cd4tcell,cd8tcell,erythroblast,monocyte,naturalkillercell,neutrophil
Ov79_rep2_Dep6_Tu5,1.968,0.000,0.000,0.000,8.904,0.000,1.438,0.452,1.930,17.724,6.159,3.320,58.105
Ov79_rep8_Dep6_Tu30,6.338,0.000,2.693,0.000,18.464,1.297,2.356,5.390,0.000,13.455,10.685,0.610,38.713
Ov79_rep6_Dep6_Tu0.3,0.000,0.000,0.000,0.000,2.578,0.000,4.692,0.000,2.789,14.446,14.075,3.869,57.552
Ov79_rep1_Dep6_Tu3,0.000,0.000,0.676,0.000,2.343,0.324,2.034,0.000,0.000,14.194,15.909,4.955,59.564
Ov79_rep1_Dep6_Tu50,4.644,0.000,4.135,0.000,25.083,9.444,0.111,0.000,2.821,15.749,8.641,2.847,26.524
Ov79_rep7_Dep6_Tu50,8.804,6.886,1.523,0.000,23.448,6.980,0.674,0.000,1.583,13.405,8.703,5.084,22.910
Ov79_rep4_Dep6_Tu50,7.495,0.000,4.360,0.000,26.907,6.847,4.437,1.262,5.019,11.578,12.449,0.757,18.888
Ov79_rep2_Dep6_Tu3,0.000,0.000,0.000,0.000,7.183,0.000,0.000,1.296,0.000,14.373,13.361,6.757,57.029
Ov79_rep7_Dep6_Tu1,0.000,0.000,0.000,0.000,1.885,0.000,2.265,0.000,0.689,13.687,14.169,5.153,62.152
Ov79_rep9_Dep6_Tu5,2.057,0.000,0.621,0.000,2.650,0.000,4.697,0.251,1.654,17.080,11.738,4.852,54.400
Ov79_rep3_Dep6_Tu1,0.000,0.000,0.000,0.000,6.203,0.000,2.616,0.000,0.000,13.349,13.423,4.455,59.953
Ov79_rep5_Dep6_Tu3,0.000,0.000,0.000,0.000,8.682,0.000,0.695,0.000,0.000,16.114,8.338,4.521,61.650
Ov79_rep10_Dep6_Tu0.3,0.000,0.000,0.000,0.000,4.556,0.000,0.000,0.166,1.701,12.203,14.021,6.256,61.098
Ov79_rep8_Dep6_Tu2,0.234,0.000,0.000,0.000,4.043,0.000,3.466,0.000,0.000,15.524,12.545,4.994,59.195
Ov79_rep1_Dep6_Tu0.5,0.000,0.000,0.454,0.000,6.507,0.000,3.286,0.000,1.160,15.636,9.216,1.939,61.802
Ov79_rep3_Dep6_Tu0.3,0.000,0.000,0.000,0.000,7.876,0.000,5.401,0.000,2.664,11.047,9.801,1.988,61.224
Ov79_rep8_Dep6_Tu50,7.424,0.000,3.214,0.000,25.433,7.891,2.160,0.000,5.117,10.509,10.103,4.506,23.642
Ov79_rep9_Dep6_Tu0.3,0.000,0.000,0.000,0.000,4.399,0.000,0.000,0.000,0.266,13.256,13.436,2.791,65.852
Ov79_rep7_Dep6_Tu2,0.000,0.000,0.866,0.000,1.627,0.651,3.575,0.000,1.399,16.952,9.121,2.743,63.066
Ov79_rep7_Dep6_Tu30,7.055,0.000,0.691,0.000,17.775,5.625,3.338,0.000,0.000,9.952,7.398,4.521,43.645
Ov79_rep5_Dep6_Tu50,8.915,0.000,3.652,0.000,30.187,3.181,2.540,0.000,2.271,12.865,11.532,3.534,21.322
Ov79_rep6_Dep6_Tu0.5,0.000,0.000,0.000,0.000,5.194,0.000,4.322,0.000,3.687,14.392,11.010,2.317,59.078
Ov79_rep2_Dep6_Tu2,0.000,0.000,0.030,0.000,5.941,0.000,2.164,0.000,0.000,16.684,14.248,1.806,59.127
Ov79_rep3_Dep6_Tu30,5.328,0.000,0.000,0.000,17.610,1.315,2.921,0.000,0.000,19.592,14.981,2.744,35.510
Ov79_rep9_Dep6_Tu3,0.000,0.000,0.000,0.000,6.228,0.000,2.737,0.684,2.537,14.375,11.516,4.306,57.618
Ov79_rep10_Dep6_Tu2,0.000,0.000,0.000,0.000,6.915,0.000,3.919,0.000,0.760,19.238,8.564,2.296,58.308
Ov79_rep10_Dep6_Tu1,0.000,0.000,0.000,0.143,8.061,0.000,0.306,0.000,1.966,12.891,9.707,4.970,61.957
Ov79_rep6_Dep6_Tu5,0.000,0.000,1.877,0.000,3.896,0.798,4.163,1.651,0.000,14.588,8.943,3.249,60.835
Ov79_rep2_Dep6_Tu0.3,0.000,0.150,0.000,0.000,7.880,0.000,2.099,0.577,0.832,14.724,7.489,3.089,63.159
Ov79_rep4_Dep6_Tu20,0.389,0.000,0.960,0.000,18.053,4.214,2.833,2.676,0.000,10.488,14.720,5.824,39.843
Ov79_rep1_Dep6_Tu0.1,0.000,0.000,0.000,0.000,4.116,0.000,1.901,0.000,1.964,14.309,7.860,1.600,68.251
Ov79_rep4_Dep6_Tu10,1.508,0.000,0.000,0.000,7.713,0.000,2.245,0.000,0.000,19.100,13.559,0.560,55.314
Ov79_rep4_Dep6_Tu30,8.167,0.000,3.744,0.000,14.741,2.235,0.000,2.528,3.515,14.386,9.008,1.223,40.453
Ov79_rep5_Dep6_Tu10,1.056,0.000,0.000,0.000,7.732,0.000,4.365,0.038,0.000,21.762,11.120,4.338,49.590
Ov79_rep7_Dep6_Tu3,0.000,0.000,0.000,0.000,7.170,0.000,4.822,0.000,0.000,14.694,11.610,5.139,56.565
Ov79_rep9_Dep6_Tu50,7.657,0.000,4.016,0.000,29.452,9.056,1.261,0.000,0.336,12.251,7.518,4.035,24.419
Ov79_rep10_Dep6_Tu0.5,0.000,0.000,0.000,0.000,6.289,0.000,2.791,0.000,0.000,15.181,11.389,4.014,60.336
Ov79_rep7_Dep6_Tu40,7.122,0.000,0.000,1.760,21.074,7.734,2.388,0.068,0.000,16.349,10.007,3.724,29.772
Ov79_rep7_Dep6_Tu0.1,0.000,0.000,0.000,0.000,6.964,0.000,1.775,0.438,0.000,14.453,14.176,3.036,59.157
Ov79_rep9_Dep6_Tu0.1,0.000,0.000,0.000,0.000,9.206,0.000,3.475,0.000,1.025,15.929,11.876,2.726,55.764
Ov79_rep1_Dep6_Tu5,0.123,0.000,3.545,0.000,4.345,0.000,3.683,0.350,3.349,12.893,8.101,2.580,61.031
Ov79_rep9_Dep6_Tu30,9.921,0.000,0.000,0.000,14.822,4.780,2.149,0.000,0.612,15.189,13.438,4.026,35.063
Ov79_rep2_Dep6_Tu0.1,0.010,0.000,0.000,0.000,4.314,0.000,2.246,0.441,3.373,16.240,9.332,5.298,58.746
Ov79_rep7_Dep6_Tu20,3.096,0.000,0.000,0.000,20.662,2.447,1.292,1.922,0.000,13.902,13.493,1.322,41.864
Ov79_rep7_Dep6_Tu5,3.669,0.000,0.000,0.000,7.366,0.000,4.877,0.000,1.067,13.346,10.062,0.893,58.721
Ov79_rep2_Dep6_Tu10,4.576,0.000,0.000,0.000,9.288,0.000,0.000,0.000,0.000,15.554,12.880,3.862,53.839
Ov79_rep8_Dep6_Tu0.1,0.000,0.000,0.000,0.000,6.874,0.000,6.618,0.000,1.922,11.795,9.145,5.465,58.182
Ov79_rep8_Dep6_Tu5,0.000,0.000,0.000,0.000,9.085,0.000,3.696,0.000,3.452,13.976,10.574,3.238,55.979
Ov79_rep1_Dep6_Tu10,0.000,0.000,0.000,0.000,12.155,1.903,8.486,0.000,0.000,17.183,10.004,3.963,46.307
Ov79_rep1_Dep6_Tu1,0.000,0.000,0.000,0.000,3.612,0.000,4.670,0.000,0.000,14.641,11.757,5.086,60.235
Ov79_rep10_Dep6_Tu10,4.444,0.000,0.000,0.000,10.156,1.559,1.923,0.000,0.833,15.441,9.423,3.828,52.394
Ov79_rep2_Dep6_Tu50,4.332,0.000,5.417,0.000,23.762,9.549,0.369,0.261,0.000,19.184,8.953,1.932,26.243
Ov79_rep3_Dep6_Tu20,5.416,0.688,4.218,0.000,11.181,0.000,0.768,0.353,2.849,13.307,12.031,0.824,48.363
Ov79_rep3_Dep6_Tu0.1,0.000,0.000,0.000,0.000,9.416,0.000,1.315,0.064,0.000,14.082,15.538,2.926,56.658
Ov79_rep10_Dep6_Tu3,0.000,0.000,0.000,0.000,6.033,0.926,3.381,0.000,0.361,13.825,10.915,3.239,61.320
Ov79_rep5_Dep6_Tu2,0.000,0.000,0.000,0.000,8.602,0.000,0.432,0.000,4.173,14.036,10.788,3.478,58.492
Ov79_rep10_Dep6_Tu0.1,0.000,0.000,0.000,0.000,3.201,0.000,2.403,0.343,3.222,14.866,10.940,4.513,60.513
Ov79_rep6_Dep6_Tu3,0.000,0.000,0.000,0.000,6.041,0.000,4.280,0.000,1.660,14.042,13.518,0.000,60.459
Ov79_rep4_Dep6_Tu0.3,0.000,0.000,0.000,0.000,2.486,0.000,2.837,0.000,0.000,17.396,11.452,2.091,63.739
Ov79_rep4_Dep6_Tu3,0.000,0.000,0.000,0.000,5.387,0.000,2.760,0.370,1.057,16.675,10.875,2.699,60.177
Ov79_rep3_Dep6_Tu10,0.000,0.000,1.716,0.000,9.387,4.843,0.000,1.169,0.000,15.787,13.504,1.272,52.322
Ov79_rep3_Dep6_Tu5,0.000,0.000,0.000,0.000,6.266,0.731,2.776,0.165,0.000,18.730,8.088,3.214,60.029
Ov79_rep7_Dep6_Tu0.3,0.000,0.000,0.000,0.000,3.044,0.000,0.000,0.000,0.000,20.439,12.200,2.179,62.138
Ov79_rep8_Dep6_Tu3,0.000,0.000,0.000,0.000,7.760,0.000,0.474,0.000,1.673,13.390,9.487,3.999,63.216
Ov79_rep1_Dep6_Tu20,2.044,0.000,3.622,0.000,22.018,1.261,0.000,0.000,1.803,17.500,6.083,4.371,41.297
Ov79_rep5_Dep6_Tu0.5,0.000,0.000,0.000,0.000,3.132,0.000,3.187,0.456,0.000,11.449,9.801,5.005,66.970
Ov79_rep7_Dep6_Tu10,0.376,0.000,0.599,0.000,12.241,0.000,3.286,1.251,0.000,13.674,14.063,4.534,49.976
Ov79_rep8_Dep6_Tu0.5,0.000,0.000,0.000,0.000,8.032,0.000,5.368,0.000,2.798,11.310,9.849,1.631,61.012
Ov79_rep4_Dep6_Tu0.5,0.000,0.000,0.000,0.000,3.768,0.000,5.031,0.000,0.565,16.107,10.676,3.611,60.242
Ov79_rep2_Dep6_Tu40,8.091,0.000,3.303,0.000,14.126,5.251,6.474,0.000,0.323,17.252,9.909,3.408,31.863
Ov79_rep9_Dep6_Tu10,3.090,0.000,0.000,0.000,6.931,0.629,4.848,0.734,0.366,15.396,13.266,3.628,51.112
Ov79_rep3_Dep6_Tu50,8.054,0.000,2.763,0.000,27.187,7.414,0.005,0.454,0.670,17.148,8.034,2.367,25.905
Ov79_rep10_Dep6_Tu50,9.004,0.000,4.863,0.000,21.748,9.896,1.584,0.000,0.000,16.452,9.905,1.914,24.634
Ov79_rep1_Dep6_Tu30,8.035,0.000,0.000,0.000,18.361,5.261,0.000,0.105,0.107,15.596,10.415,3.025,39.094
Ov79_rep8_Dep6_Tu20,3.153,0.000,0.000,0.000,12.662,3.876,3.212,5.056,0.000,13.278,10.637,2.339,45.785
Ov79_rep6_Dep6_Tu40,2.874,1.168,0.904,0.000,28.610,4.319,0.848,0.000,0.000,17.524,14.380,3.051,26.322
Ov79_rep6_Dep6_Tu20,1.553,0.000,0.252,0.000,11.893,1.704,0.924,0.000,8.569,16.541,10.476,2.680,45.407
Ov79_rep10_Dep6_Tu30,3.270,0.000,3.603,0.000,17.513,4.040,3.249,0.000,4.239,11.432,13.657,2.825,36.172
Ov79_rep4_Dep6_Tu0.1,0.000,0.000,0.000,0.000,4.129,0.000,2.369,0.040,0.000,15.512,12.911,2.770,62.269
Ov79_rep5_Dep6_Tu20,4.466,0.000,0.000,0.000,8.838,3.607,3.913,0.000,0.043,18.667,10.387,3.205,46.874
Ov79_rep2_Dep6_Tu30,5.544,0.000,5.642,0.000,15.655,2.399,0.000,0.000,0.000,11.526,11.306,4.488,43.440
Ov79_rep5_Dep6_Tu40,3.949,0.000,2.062,0.000,28.084,5.477,1.910,0.000,6.007,11.430,8.734,2.098,30.250
Ov79_rep8_Dep6_Tu0.3,0.000,0.000,0.000,0.000,4.223,0.000,0.000,0.000,0.389,13.393,13.323,2.814,65.857
Ov79_rep4_Dep6_Tu40,7.315,0.000,3.479,0.000,17.564,9.832,0.000,0.015,0.000,14.220,13.364,3.639,30.572
Ov79_rep3_Dep6_Tu0.5,0.000,0.000,0.000,0.000,2.692,0.000,4.841,0.000,2.907,15.052,13.262,4.088,57.157
Ov79_rep6_Dep6_Tu10,0.000,0.000,0.000,0.000,11.566,0.597,0.924,0.000,1.065,14.201,12.176,5.947,53.523
Ov79_rep8_Dep6_Tu1,0.000,0.000,0.000,0.000,4.010,0.000,0.000,0.000,0.000,16.711,13.672,4.770,60.837
Ov79_rep9_Dep6_Tu2,0.000,0.000,0.000,0.000,5.840,0.000,2.119,0.000,0.000,21.486,10.651,2.683,57.221
Ov79_rep6_Dep6_Tu0.1,0.000,0.000,0.000,0.000,3.685,0.000,2.968,0.000,3.838,12.925,15.460,0.000,61.124
Ov79_rep5_Dep6_Tu0.1,0.000,0.000,0.000,0.000,4.650,0.000,3.477,0.000,0.000,15.225,13.918,0.265,62.465
Ov79_rep10_Dep6_Tu20,0.000,0.000,0.379,0.000,15.253,5.651,2.046,0.755,4.343,14.823,7.531,2.507,46.710
Ov79_rep5_Dep6_Tu0.3,0.000,0.230,0.000,0.000,4.854,1.299,2.790,0.000,4.017,13.967,12.997,4.673,55.172
Ov79_rep10_Dep6_Tu5,1.737,0.000,0.000,0.000,6.488,0.000,1.339,0.069,0.554,17.228,13.508,3.302,55.776
Ov79_rep5_Dep6_Tu5,0.000,0.000,0.024,0.000,7.542,0.859,3.991,2.387,2.523,13.974,11.142,4.456,53.102
Ov79_rep1_Dep6_Tu40,4.765,0.000,0.000,1.299,26.071,6.037,0.000,1.041,4.637,16.407,8.462,1.500,29.782
Ov79_rep8_Dep6_Tu40,4.715,0.000,0.807,0.000,29.086,5.981,1.741,0.832,0.298,13.808,7.628,4.609,30.493
Ov79_rep6_Dep6_Tu50,7.872,0.000,3.447,0.000,23.422,8.790,0.867,0.000,6.236,17.349,7.798,0.866,23.352
Ov79_rep2_Dep6_Tu20,1.040,0.000,1.592,0.000,15.584,2.495,3.102,0.000,5.512,14.264,8.312,1.468,46.632
Ov79_rep1_Dep6_Tu0.3,0.000,0.000,0.719,0.000,0.087,0.000,2.822,0.000,0.000,15.082,14.545,3.807,62.938
Ov79_rep6_Dep6_Tu1,0.000,0.239,0.000,0.000,1.716,0.000,4.979,0.000,0.000,18.031,6.543,3.197,65.295
Ov79_rep8_Dep6_Tu10,1.273,0.227,0.373,0.000,2.988,1.332,6.646,0.000,3.439,13.813,6.932,3.506,59.471
Ov79_rep9_Dep6_Tu20,0.164,0.000,4.350,0.000,11.010,4.435,3.785,0.558,2.315,15.069,8.361,3.346,46.607
Ov79_rep6_Dep6_Tu2,0.000,0.000,0.000,0.000,11.537,0.509,0.074,0.000,5.323,15.266,8.928,0.000,58.362
Ov79_rep10_Dep6_Tu40,4.340,6.116,0.546,0.000,19.297,5.262,2.729,0.000,3.740,15.982,6.930,3.316,31.743
Ov79_rep4_Dep6_Tu1,0.000,0.000,0.000,0.000,5.514,0.000,6.403,0.000,0.487,14.578,13.584,4.181,55.253
Ov79_rep1_Dep6_Tu2,1.025,0.000,0.000,0.000,7.032,0.000,2.717,0.000,0.651,15.266,13.063,2.200,58.047
Ov79_rep3_Dep6_Tu2,0.000,0.000,0.000,0.000,5.899,0.000,4.739,0.000,0.000,11.779,14.234,3.248,60.101
Ov79_rep4_Dep6_Tu2,0.000,0.000,0.000,0.000,9.649,0.000,2.266,0.000,1.687,12.443,11.850,3.722,58.383
Ov79_rep9_Dep6_Tu40,7.437,0.000,0.000,0.000,24.256,2.201,3.056,2.821,1.590,12.801,12.049,1.181,32.608
Ov79_rep4_Dep6_Tu5,0.000,0.000,0.000,0.000,13.784,0.283,2.773,0.402,1.280,16.884,10.006,2.921,51.666
Ov79_rep2_Dep6_Tu0.5,0.000,0.000,0.000,0.000,4.175,0.000,0.949,0.000,0.540,16.633,13.925,1.493,62.286
Ov79_rep5_Dep6_Tu30,7.285,0.000,2.518,0.000,17.663,4.641,1.403,0.000,1.213,17.535,8.845,2.766,36.130
Ov79_rep3_Dep6_Tu40,10.693,0.410,0.000,0.000,23.809,4.890,2.961,0.000,4.252,12.718,10.176,1.042,29.048
Ov79_rep6_Dep6_Tu30,2.436,0.000,0.000,0.000,18.831,6.248,1.779,0.000,1.323,17.383,11.774,4.018,36.209
Ov79_rep2_Dep6_Tu1,0.000,0.000,0.000,0.000,6.626,0.000,0.894,0.205,0.000,14.272,12.910,5.235,59.858
Ov79_rep3_Dep6_Tu3,0.000,0.000,1.085,0.000,2.264,0.000,2.169,1.465,0.000,15.123,12.480,7.036,58.377
Ov79_rep9_Dep6_Tu0.5,0.000,0.000,0.000,0.000,5.795,0.000,2.070,0.990,0.000,14.234,13.752,4.697,58.462
Ov79_rep9_Dep6_Tu1,0.051,0.000,0.000,0.000,5.632,0.000,4.165,0.000,0.000,13.886,12.829,2.032,61.405
Ov79_rep5_Dep6_Tu1,0.700,0.000,0.000,0.000,1.557,0.000,4.460,1.362,2.437,17.083,11.703,3.974,56.723
Ov79_rep7_Dep6_Tu0.5,0.000,0.000,0.000,0.000,7.226,0.000,1.126,0.000,4.055,14.934,10.578,2.769,59.311
