Sample,BRCA,CEAD,CESC,COAD,OV,READ,bcell,cd4tcell,cd8tcell,erythroblast,monocyte,naturalkillercell,neutrophil,Unknown-1,Unknown-2,Unknown-3,Unknown-4,Unknown-5,Unknown-6,Unknown-7,Unknown-8,Unknown-9,Unknown-10
Breast-GC1002975,0.472,6.855,0.009,0.268,3.424,0.458,2.989,2.698,5.605,5.203,6.902,5.428,1.183,8.270,1.238,2.231,7.631,11.930,1.069,7.126,4.809,3.488,10.716
Breast-GC1002976,3.516,1.458,1.511,0.132,5.378,2.122,0.154,5.524,10.349,5.394,3.696,4.916,12.234,5.992,6.774,0.353,1.881,5.240,7.652,6.717,1.753,0.091,7.162
Breast-GC1002977,0.020,0.413,0.179,0.005,1.147,0.110,2.845,2.359,7.078,0.478,6.705,12.586,20.276,1.607,24.980,12.930,0.023,1.077,1.107,2.105,0.244,0.151,1.575
Breast-GC1002978,0.936,6.184,5.826,0.231,8.468,0.274,4.435,0.241,5.521,4.120,11.816,2.201,6.191,5.149,0.462,2.842,1.277,9.936,9.559,1.216,3.331,5.074,4.709
Breast-GC1002979,5.986,3.154,3.281,0.853,3.514,0.936,1.858,2.975,4.644,0.373,6.915,3.912,16.055,3.181,11.406,7.994,2.293,0.547,7.218,4.576,0.303,3.055,4.972
Breast-GC1002980,0.281,0.530,6.050,0.085,4.159,0.160,3.864,2.641,4.637,7.736,5.444,4.659,0.140,3.254,7.673,5.650,8.788,1.020,6.796,10.068,7.496,2.304,6.565
Breast-GC1002981,0.402,3.801,2.821,0.031,5.600,0.821,2.972,3.473,4.712,2.217,7.001,4.434,7.934,6.757,1.502,5.696,1.216,6.662,1.511,8.942,1.528,11.095,8.869
Breast-GC1003967,1.200,1.499,2.411,0.039,4.021,1.622,3.686,5.153,5.181,9.876,4.160,4.388,2.749,5.718,0.959,5.676,3.776,6.189,5.609,9.941,4.916,2.398,8.832
Breast-GC1003968,1.877,1.911,2.726,0.386,9.835,2.071,2.687,1.455,3.725,10.201,6.308,6.598,7.759,2.920,1.028,9.478,2.350,4.871,6.700,7.992,2.189,4.686,0.248
Breast-GC1003970,2.233,2.787,5.793,0.222,1.856,1.001,0.593,4.161,1.215,4.609,19.850,4.671,10.553,1.449,0.714,1.794,1.569,5.394,0.527,12.504,2.275,5.372,8.859
Breast-GC1003971,1.050,3.978,5.339,0.318,3.771,1.759,3.149,5.318,6.660,9.245,11.273,4.558,1.773,1.933,6.854,5.479,1.763,7.036,2.882,5.277,7.419,1.420,1.747
Breast-GC1003972,1.050,7.326,5.738,1.553,4.610,0.967,3.206,2.263,4.088,7.059,6.263,6.978,3.673,1.880,7.155,2.591,1.760,0.012,0.066,15.828,5.814,0.491,9.631
Breast-GC1003974,0.911,1.543,2.033,0.756,6.335,1.027,2.395,2.766,3.636,2.945,5.962,4.189,21.851,4.403,3.580,0.679,4.988,0.289,2.692,9.209,3.518,8.718,5.575
Breast-GC1002311,0.209,2.071,5.219,0.015,3.327,0.888,4.363,3.456,5.437,6.009,6.039,2.082,7.611,5.909,4.409,4.532,0.596,6.572,3.469,2.987,14.617,3.711,6.472
Breast-GC1004006,0.180,7.143,3.194,0.006,4.385,0.433,5.465,4.832,3.737,1.353,7.853,2.424,0.707,1.940,12.889,4.178,7.821,1.797,3.357,6.445,3.576,3.145,13.139
Breast-GC1004007,0.494,5.964,2.632,0.113,4.991,2.451,5.046,5.632,2.024,4.972,0.187,8.968,2.656,4.633,0.985,6.784,8.471,0.211,7.217,10.779,7.496,2.128,5.164
Breast-GC1004008,0.256,3.244,1.042,0.417,5.845,0.540,3.038,3.753,4.312,2.180,5.413,5.872,13.280,2.614,6.565,2.585,6.759,0.399,4.853,1.289,7.033,9.120,9.592
Breast-GC1004009,2.535,7.876,4.819,1.004,0.731,0.548,1.451,0.282,2.175,5.478,6.083,2.436,16.642,5.270,9.575,5.538,2.529,7.247,4.393,2.291,2.091,4.353,4.654
Breast-GC110693,0.968,2.057,0.421,0.155,6.378,1.139,6.362,1.629,3.930,0.377,0.556,7.694,8.052,4.462,8.844,1.598,1.442,13.480,4.535,9.870,3.077,5.671,7.303
Breast-GC110694,0.594,3.830,0.574,0.161,5.797,2.491,2.635,3.207,3.955,5.092,6.487,4.519,2.861,7.562,0.002,5.988,6.068,9.931,5.807,2.978,6.976,3.626,8.856
Breast-GC110695,1.890,3.109,2.889,0.307,7.120,2.839,4.228,3.890,3.512,4.417,2.165,7.738,3.440,5.043,4.912,13.873,1.974,6.928,1.416,0.052,15.446,0.176,2.637
Breast-GC110696,0.292,5.151,3.512,0.025,3.623,0.646,2.910,1.830,6.140,5.361,8.791,8.396,2.064,3.959,6.026,5.201,3.995,4.026,0.427,10.010,6.836,3.241,7.538
Breast-GC116960,1.379,5.096,2.156,0.142,3.012,2.000,5.644,6.167,1.349,4.726,12.695,6.647,6.496,4.306,3.460,5.027,2.134,1.579,4.740,4.246,1.288,7.483,8.229
Breast-GC116963,0.206,1.487,3.291,0.045,4.704,0.705,1.007,2.422,3.206,2.564,6.146,1.680,17.569,13.201,10.785,2.800,4.370,11.081,1.786,0.099,2.340,4.609,3.896
Breast-GC116964,0.145,3.532,2.096,0.175,2.896,1.603,3.508,4.277,4.183,5.189,12.301,8.076,3.023,2.191,12.896,2.403,1.823,5.755,5.092,4.710,7.107,0.845,6.174
Breast-GC116965,0.714,9.366,4.169,0.033,7.222,1.042,1.997,3.873,6.243,0.501,3.483,5.898,2.073,2.343,8.954,4.234,0.491,2.033,4.530,14.268,11.024,2.472,3.035
Breast-GC116966,0.015,2.429,6.247,0.062,3.069,1.037,0.710,3.236,5.361,5.940,4.092,5.960,3.637,5.087,5.880,1.738,7.329,2.830,4.386,6.676,20.032,0.617,3.631
Breast-GC116967,1.587,3.458,3.089,0.109,4.025,2.012,3.856,3.095,3.650,4.487,10.328,8.413,6.437,0.689,5.794,2.196,0.264,8.906,6.557,4.915,5.405,5.678,5.048
Breast-GC116968,1.046,3.221,0.545,0.418,5.801,1.707,2.600,4.990,1.324,0.970,5.395,3.313,19.478,4.021,6.049,8.988,7.648,2.552,7.920,4.038,5.336,1.401,1.239
Breast-GC116969,0.229,0.319,3.937,0.040,3.002,1.651,2.613,4.925,4.659,3.611,6.102,3.452,13.995,6.505,4.681,3.235,6.506,12.916,4.807,1.019,2.559,1.885,7.354
Breast-GC116970,1.599,0.537,2.674,0.517,6.728,1.185,1.299,3.355,6.527,7.719,8.119,2.183,10.077,0.445,9.698,1.301,4.662,1.264,3.497,4.268,3.649,7.826,10.871
Breast-GC116971,0.683,4.745,4.248,0.191,5.551,1.075,4.782,4.568,4.126,5.850,6.428,3.094,5.852,1.431,1.411,0.919,0.985,3.593,6.785,6.750,10.459,9.381,7.094
Breast-GC110676,0.877,2.331,0.789,0.586,2.990,1.945,3.059,1.795,4.839,1.796,3.979,6.993,2.916,11.254,4.072,3.620,1.495,7.571,11.972,10.756,4.115,6.019,4.229
Breast-GC110678,0.548,3.642,12.566,1.192,4.200,1.115,3.869,5.602,2.901,0.524,15.269,6.355,1.322,5.604,4.004,5.191,0.867,4.846,5.792,1.803,0.509,6.684,5.595
Breast-GC110679,15.219,5.731,1.811,2.784,3.916,0.560,4.596,3.422,5.770,3.048,6.002,0.248,5.067,4.978,4.142,1.460,3.964,5.834,3.340,8.395,2.115,5.853,1.745
Breast-GC110680,0.271,3.789,5.265,0.044,4.820,1.148,2.738,3.636,3.701,5.756,4.181,4.611,9.553,6.586,6.662,4.609,4.769,2.111,4.926,3.698,0.666,6.736,9.725
Breast-GC110681,6.006,1.394,4.951,0.093,11.237,2.436,5.201,1.927,5.304,1.610,1.698,5.276,5.040,3.710,6.696,11.374,3.763,4.548,6.343,0.876,4.512,3.664,2.341
Breast-GC110682,0.215,3.425,0.347,0.191,7.233,1.533,6.726,4.916,0.660,2.920,7.181,8.581,9.868,1.789,3.352,3.025,2.647,7.722,2.229,6.979,2.395,2.480,13.587
Breast-GC110683,1.250,2.792,0.308,0.078,8.648,1.714,6.557,4.639,2.177,0.001,4.320,9.958,5.189,1.849,6.340,8.322,7.101,5.340,8.027,9.857,2.562,0.894,2.079
Breast-GC110684,0.566,6.286,0.174,0.559,3.183,1.007,4.250,3.072,3.587,3.449,9.269,5.831,13.278,2.995,5.591,3.146,1.216,8.238,3.498,6.699,4.194,4.048,5.864
Breast-GC110685,0.413,3.330,8.991,0.218,5.671,1.647,5.245,10.609,0.342,5.607,12.099,8.323,1.144,5.374,2.265,2.611,1.409,6.546,5.292,0.536,7.266,0.001,5.061
Ovarian-GC110686,0.685,4.072,1.141,0.013,4.673,1.743,2.071,6.542,1.891,17.235,0.604,4.420,3.550,4.210,1.499,5.233,4.737,2.890,3.226,8.492,8.750,8.138,4.185
Ovarian-GC114179,0.930,3.944,4.798,0.208,3.240,1.242,4.713,7.620,1.358,10.439,4.403,4.036,5.087,1.756,4.871,0.660,5.355,1.964,8.784,6.356,5.864,2.340,10.031
Ovarian-GC114180,0.176,8.801,7.311,0.494,0.747,0.369,5.284,3.750,6.635,2.663,7.034,4.030,2.502,4.320,3.033,0.345,7.881,4.094,8.356,5.682,6.425,7.630,2.438
Ovarian-GC114181,8.289,14.264,8.756,0.549,3.355,1.499,1.572,4.790,2.478,12.193,2.941,3.645,5.167,3.081,2.058,0.749,7.471,10.827,1.640,1.393,1.085,0.091,2.107
Ovarian-GC114182,13.717,0.157,1.430,0.034,18.958,3.230,0.690,0.219,4.662,3.983,5.893,3.543,6.023,2.967,14.903,3.293,2.601,0.862,0.338,3.396,5.777,1.947,1.376
Ovarian-GC116977,1.539,4.734,4.510,0.180,1.549,3.272,3.320,4.599,0.352,10.487,5.469,6.202,4.467,4.737,3.866,5.331,5.823,4.037,10.459,9.839,0.575,2.006,2.649
Ovarian-GC116979,6.320,9.717,5.177,0.241,6.321,2.551,2.465,4.127,2.362,6.753,8.834,3.012,2.373,1.571,9.210,1.512,4.347,4.171,0.388,2.319,1.359,5.786,9.082
Ovarian-GC116982,2.191,4.376,3.228,0.000,15.411,1.504,3.506,3.602,4.273,5.525,9.238,7.911,2.459,6.473,1.107,5.855,1.693,5.696,4.133,0.635,5.891,1.737,3.556
Ovarian-GC116990,1.844,3.402,1.994,0.116,3.115,2.839,2.887,3.441,5.411,2.650,9.972,4.365,8.500,0.312,4.955,2.870,2.194,9.063,3.893,2.466,3.892,8.398,11.419
Ovarian-GC119363,3.558,3.304,5.868,0.186,1.537,2.053,5.100,10.225,3.999,16.854,1.221,0.188,1.710,5.594,4.317,3.595,6.020,5.806,2.077,5.679,4.051,4.353,2.705
Ovarian-GC119364,1.168,5.542,5.593,0.223,2.751,2.005,4.450,4.369,3.892,0.735,12.848,4.260,9.023,6.574,8.577,0.228,4.543,2.919,6.687,4.643,5.509,0.086,3.376
Ovarian-GC119365,13.311,2.194,3.173,0.010,27.357,1.456,6.129,5.306,0.637,0.128,3.060,4.073,1.884,0.309,4.512,7.520,3.184,0.907,1.735,1.703,7.337,4.029,0.045
Ovarian-GC119366,1.834,18.142,6.994,0.717,5.452,1.475,4.181,1.380,5.379,12.519,3.231,4.804,1.029,3.553,2.019,0.269,9.028,1.010,3.923,3.418,6.121,2.451,1.071
Colorectal-GC121326,1.923,6.630,1.147,0.222,1.343,1.799,1.511,8.021,2.990,9.664,5.793,3.945,3.244,3.415,7.105,5.322,5.983,6.760,5.640,1.376,4.526,5.642,5.996
Colorectal-GC121327,17.611,9.546,1.893,7.432,2.265,5.631,3.904,2.185,2.143,4.697,2.057,1.220,0.880,0.200,0.434,2.348,3.001,2.247,10.365,3.644,8.951,5.544,1.801
Colorectal-GC121328,0.793,4.644,4.495,0.043,2.729,1.420,4.371,3.996,9.039,19.107,2.017,2.900,0.407,3.025,5.842,5.610,0.701,3.312,4.145,6.663,12.695,1.324,0.722
Colorectal-GC121329,0.661,4.731,7.562,0.367,5.897,20.599,7.100,3.540,7.182,15.179,3.689,4.579,0.079,0.575,1.076,1.865,8.853,1.343,1.072,2.814,0.172,0.364,0.702
Colorectal-GC121330,10.261,6.600,6.459,0.378,13.215,0.869,1.076,0.715,2.069,10.842,3.921,1.925,2.454,11.259,0.078,7.016,0.093,2.138,7.414,9.526,1.522,0.078,0.090
Colorectal-GC1003994,0.676,6.072,1.214,0.704,3.470,1.759,3.409,0.789,11.109,12.516,3.172,1.329,3.496,2.418,5.379,8.677,9.014,5.120,3.345,4.914,3.691,7.253,0.473
Colorectal-GC1003995,6.817,5.836,0.704,16.693,6.355,10.616,3.297,2.709,3.413,2.074,2.414,4.329,0.302,2.598,2.141,9.699,1.635,4.903,1.107,7.593,3.809,0.676,0.280
Colorectal-GC1003996,3.694,3.195,2.334,2.288,3.039,1.438,5.189,1.970,4.324,5.006,6.499,3.838,13.819,7.689,0.770,0.794,1.470,9.138,2.056,2.012,4.415,4.427,10.593
Colorectal-GC1003997,0.362,3.124,4.110,0.374,6.310,0.855,3.997,1.706,4.169,5.277,1.168,3.899,5.464,8.052,2.179,3.930,9.074,5.557,3.147,7.178,9.597,9.957,0.515
Colorectal-GC1003998,0.148,6.000,5.629,1.399,3.512,2.591,2.985,5.029,5.673,3.400,8.513,8.379,3.116,2.690,5.536,6.569,5.992,3.521,2.859,0.891,5.193,6.553,3.823
Colorectal-GC1003999,4.964,2.514,5.303,0.123,7.363,1.444,1.361,5.662,3.432,18.201,2.269,5.415,2.265,0.882,6.999,4.788,4.069,0.419,6.616,2.930,4.624,3.837,4.519
Colorectal-GC1004000,2.502,2.296,0.209,4.954,3.086,40.464,2.948,0.942,4.350,3.953,0.197,5.496,6.275,1.555,4.684,1.796,0.884,1.260,2.690,2.420,1.362,2.069,3.611
Colorectal-GC1004001,0.479,0.659,5.549,0.255,4.350,1.162,1.175,6.022,1.341,7.455,8.434,5.935,12.857,4.335,8.575,3.236,1.022,6.459,3.648,5.188,2.897,6.473,2.492
Colorectal-GC1004002,2.538,2.939,6.830,0.662,1.806,1.566,5.933,5.466,1.001,6.847,4.176,6.005,1.037,7.991,2.269,6.395,3.308,3.941,5.992,4.501,7.709,8.466,2.622
Colorectal-GC1004003,1.652,2.840,3.450,0.243,5.860,3.579,2.553,6.587,5.291,7.566,3.785,2.327,3.755,1.428,4.527,5.003,1.185,2.349,9.053,5.608,11.844,5.192,4.322
Colorectal-GC137538,2.649,3.281,0.575,0.895,5.794,0.972,5.864,4.460,9.019,10.469,6.282,10.261,1.987,0.136,1.620,6.582,1.445,5.794,3.191,3.977,1.270,2.402,11.075
Colorectal-GC137539,0.664,8.382,3.650,0.663,5.532,1.630,3.713,3.448,3.115,3.177,9.555,5.178,7.237,7.655,2.153,3.211,4.813,5.715,2.051,5.538,3.306,8.065,1.549
Colorectal-GC137540,0.086,3.482,0.732,0.022,4.807,1.043,2.098,6.317,3.853,11.226,0.419,3.219,4.467,1.282,1.236,11.543,3.776,5.471,9.017,5.119,10.301,3.388,7.096
Colorectal-GC137541,0.080,3.727,4.670,0.071,8.963,1.435,4.682,7.698,2.794,1.884,6.144,4.494,5.091,3.916,2.711,6.499,9.139,5.657,2.978,0.724,2.830,2.808,11.005
Colorectal-GC137542,0.188,2.340,5.247,0.766,3.191,0.567,0.823,4.598,5.872,8.144,1.315,5.989,0.795,0.577,6.396,1.425,7.322,6.352,3.868,3.408,12.802,6.943,11.071
Colorectal-GC137543,0.897,2.939,2.597,1.126,7.050,6.878,4.623,1.948,3.662,6.276,6.324,4.977,3.350,0.841,2.955,0.977,4.543,1.027,8.882,7.126,12.371,4.746,3.885
Colorectal-GC137544,0.101,3.162,5.565,0.078,3.551,0.696,2.946,1.007,6.319,5.739,6.349,4.761,5.004,6.669,6.236,4.238,2.532,1.422,3.755,11.672,8.391,3.799,6.009
Colorectal-GC137545,0.015,4.532,9.771,0.008,2.144,0.740,5.865,2.835,3.551,6.190,4.044,5.494,1.137,6.204,4.318,2.741,1.879,4.701,7.488,5.264,14.622,4.221,2.237
Colorectal-GC137546,0.454,2.302,3.657,0.237,6.461,1.250,2.882,4.056,3.928,6.290,7.095,4.933,0.746,8.733,4.334,1.144,1.661,1.571,4.095,8.329,7.708,6.644,11.490
Colorectal-GC137547,2.122,0.954,5.789,0.020,1.922,2.337,4.076,2.982,5.948,7.222,10.031,2.817,4.970,8.895,5.729,4.693,5.792,1.178,0.495,3.163,8.704,7.646,2.513
Colorectal-GC137548,0.343,1.434,1.743,0.071,6.108,1.390,0.039,3.093,2.481,1.709,2.740,8.784,19.422,8.535,5.464,11.726,0.037,0.934,4.398,3.554,2.687,9.698,3.612
Colorectal-GC137549,0.114,2.337,4.257,0.084,9.074,10.061,4.270,0.265,9.188,8.698,4.307,6.218,5.163,1.958,2.176,6.036,2.836,6.109,4.071,0.237,1.029,1.455,10.056
Colorectal-GC137550,1.105,2.590,1.769,0.370,4.722,1.486,8.892,4.725,3.988,2.003,3.037,9.010,11.014,2.409,6.911,6.460,0.346,2.548,3.624,10.907,2.183,4.048,5.852
Colorectal-GC137551,0.228,0.165,0.152,0.178,6.323,1.853,4.071,0.110,2.909,1.909,14.526,4.681,12.486,0.102,0.526,11.633,0.567,2.350,0.236,18.631,1.140,0.382,14.841
Colorectal-GC137552,0.404,3.803,5.171,0.289,0.709,1.397,2.965,2.951,2.925,7.830,8.079,5.849,3.463,3.311,4.808,12.545,2.291,17.499,1.584,1.030,0.218,5.202,5.675
Colorectal-GC137553,1.260,0.043,2.433,1.041,3.109,3.110,20.732,1.496,10.123,5.234,7.287,4.374,1.011,0.226,4.214,3.969,3.514,1.368,6.913,7.500,2.298,1.036,7.711
Colorectal-GC137554,3.818,1.010,9.405,0.471,2.894,2.462,3.544,2.794,6.168,7.280,0.576,8.647,4.036,0.449,6.991,6.278,1.955,0.802,7.173,8.800,2.265,3.787,8.394
Colorectal-GC137555,0.156,2.694,1.068,0.013,3.121,3.291,1.884,3.926,4.256,4.467,8.822,7.427,4.163,2.555,2.441,6.419,2.333,8.286,3.756,13.987,6.516,4.757,3.662
Colorectal-GC137556,0.661,5.945,4.142,0.046,1.718,0.959,3.920,5.945,1.883,1.829,1.978,6.235,3.736,1.869,1.678,7.937,2.698,11.839,5.053,7.426,9.570,4.373,8.562
Colorectal-GC137557,0.124,4.114,2.626,0.547,4.295,0.572,1.834,0.726,0.939,3.433,6.887,1.026,17.151,15.492,5.217,8.790,0.186,1.758,5.034,3.348,1.426,7.861,6.614
Cervical-GC1002983,1.171,0.297,5.090,0.011,5.355,2.048,3.794,0.807,5.429,4.663,8.185,5.069,13.897,5.884,5.668,3.187,0.277,3.592,0.193,8.444,0.649,2.502,13.789
Cervical-GC1002984,0.542,4.638,4.217,0.099,6.095,1.133,1.843,4.636,3.007,2.702,10.674,4.868,4.022,7.941,4.045,2.657,0.769,5.317,3.863,13.151,9.019,3.289,1.473
Cervical-GC114187,0.679,1.164,3.598,0.086,1.520,0.680,5.263,5.851,7.353,3.286,8.020,6.447,6.112,0.390,10.105,8.574,2.191,6.094,4.340,5.790,8.223,3.662,0.573
Cervical-GC114188,1.012,3.337,1.355,0.100,10.762,1.150,3.561,3.156,3.837,5.225,8.045,5.863,9.074,2.505,7.363,5.103,6.384,0.908,1.394,5.877,6.600,0.135,7.253
Control-GC1003986,0.273,1.777,0.338,0.095,5.592,1.380,5.418,5.276,2.314,0.648,2.559,5.194,21.354,2.032,3.904,4.401,4.825,0.570,4.775,3.779,1.168,6.113,16.216
Control-GC1003988,0.042,0.776,2.828,0.298,7.550,1.205,0.567,6.101,0.434,4.677,6.919,5.954,13.636,3.799,8.564,7.187,1.338,1.443,8.773,1.564,10.480,1.983,3.883
Control-GC110675,0.214,1.381,1.521,0.217,4.122,0.369,1.526,3.227,2.756,2.561,5.969,2.914,25.774,9.749,4.432,0.498,0.227,8.128,3.783,4.015,3.826,4.558,8.234
Control-GC112864,0.132,4.125,1.210,0.134,6.767,0.393,3.302,2.850,4.200,5.733,1.545,3.349,12.071,7.244,11.274,1.479,0.586,5.580,8.801,8.378,4.690,2.688,3.468
Control-GC112894,2.686,3.236,5.964,0.425,7.565,1.962,7.310,3.782,3.451,3.335,1.664,6.613,1.162,0.057,9.062,2.340,3.351,9.013,6.354,6.955,6.477,0.618,6.616
Control-GC112895,0.908,3.751,1.441,0.267,6.721,0.134,11.690,3.488,6.811,6.022,1.901,3.574,3.124,3.736,7.463,5.166,2.783,2.938,3.205,9.529,1.798,5.375,8.176
Control-GC112897,0.850,4.253,4.973,0.844,3.858,1.930,2.831,0.949,5.639,3.076,7.282,4.673,10.531,0.321,12.555,2.706,5.343,3.825,7.051,2.241,2.379,4.854,7.038
Control-GC119350,0.109,2.140,0.705,0.031,2.866,0.859,5.028,4.673,4.929,9.159,5.337,3.895,3.166,2.446,11.737,6.873,3.106,3.094,7.043,11.106,5.459,3.178,3.059
Control-GC119351,0.411,1.981,2.893,0.138,6.285,0.734,3.117,0.069,4.915,6.611,5.068,3.385,10.493,1.764,6.721,1.991,7.393,15.432,2.766,4.429,3.986,1.832,7.585
Control-GC119352,0.304,4.909,5.468,0.102,3.917,0.971,3.821,4.471,2.299,5.333,6.966,5.900,0.118,1.074,2.728,6.301,7.425,8.335,7.462,5.778,2.161,8.775,5.382
Control-GC119353,1.471,6.878,1.139,0.031,5.202,0.987,3.216,4.459,8.052,5.379,8.800,3.325,4.904,2.135,8.858,3.998,2.381,3.141,4.615,5.628,7.882,2.748,4.773
Control-GC119354,0.743,2.027,4.498,0.329,8.033,0.621,6.582,5.277,2.640,11.471,5.633,7.221,3.084,2.592,3.947,6.161,2.885,0.396,6.217,9.329,2.178,1.978,6.160
Control-GC119356,0.030,3.206,2.636,0.185,4.057,2.297,0.504,5.190,2.911,5.385,6.667,4.809,17.155,8.412,0.786,5.383,4.524,6.448,2.668,5.069,6.554,3.254,1.868
Control-GRP-GC114128,0.303,1.171,4.761,0.172,3.968,2.207,4.768,1.593,8.631,8.827,2.319,4.083,2.878,0.668,6.902,8.941,1.659,2.404,9.015,13.102,1.942,5.670,4.014
Control-GRP-GC114130,0.583,10.565,8.010,0.057,1.380,0.504,1.925,2.657,6.891,0.906,0.095,4.109,6.701,0.893,1.676,8.184,11.928,0.257,1.523,8.007,11.649,11.053,0.446
Control-GRP-GC114131,1.323,2.686,2.855,0.669,0.857,1.387,0.295,2.256,7.942,6.750,1.182,4.810,8.361,7.300,14.237,6.808,3.723,0.604,3.511,2.287,13.013,3.320,3.822
Control-GRP-GC114132,0.918,12.982,5.466,0.141,1.478,0.189,3.218,3.954,5.218,1.154,9.112,3.864,8.225,0.199,1.681,3.159,14.764,1.789,10.641,0.624,4.657,4.037,2.527
Control-GRP-GC114133,0.128,5.053,2.510,0.071,1.354,2.170,6.211,7.285,4.095,5.961,9.239,2.520,5.838,0.794,2.480,8.843,2.641,2.061,9.005,6.133,4.202,3.681,7.722
Control-GRP-GC114134,0.123,7.653,2.938,0.241,2.168,0.509,2.734,3.156,6.619,7.628,7.545,3.460,2.563,8.147,1.331,5.772,5.942,1.033,9.486,4.551,3.567,10.282,2.552
Control-GRP-GC114136,0.701,2.580,10.165,0.279,3.745,1.603,3.291,3.740,3.922,3.140,5.107,1.774,13.984,6.515,4.351,3.059,1.720,7.438,4.321,3.350,5.220,7.571,2.421
Control-GRP-GC114137,0.768,2.956,4.606,0.048,2.486,0.647,4.273,6.819,0.705,9.510,2.642,3.849,16.487,4.330,0.644,5.687,6.250,3.903,10.481,2.551,5.756,0.972,3.631
Control-GRP-GC114139,2.195,1.064,4.753,0.069,5.006,1.658,1.919,4.243,2.355,7.000,4.744,5.176,5.158,0.646,7.711,4.207,3.713,11.225,10.435,4.318,4.560,7.249,0.595
Control-GRP-GC114140,0.614,0.996,0.494,0.494,8.603,0.219,3.133,1.595,1.302,1.566,2.252,6.623,7.603,0.705,15.608,7.733,2.222,16.718,2.435,8.489,3.405,1.880,5.308
Control-GRP-GC114141,1.958,7.418,4.425,0.082,6.227,3.071,2.976,4.237,5.741,4.347,3.815,5.196,1.277,3.780,8.388,2.996,2.511,10.269,3.223,5.846,2.848,5.899,3.470
Control-GRP-GC114142,1.244,3.767,3.597,0.229,0.850,1.276,4.078,0.050,6.690,5.144,5.453,3.553,2.206,2.598,2.531,11.745,7.298,8.011,4.001,0.403,5.384,5.885,14.009
Control-GRP-GC114183,0.032,7.153,2.159,0.419,2.020,0.623,1.781,5.560,2.068,4.591,6.850,3.533,20.045,11.379,1.393,4.079,5.405,3.987,2.415,2.406,6.818,0.435,4.849
Control-GRP-GC114185,1.449,1.544,1.675,0.551,1.115,2.229,4.313,4.085,3.183,3.803,8.659,2.799,12.269,1.179,14.019,1.088,3.264,10.616,1.303,11.780,4.489,1.759,2.830
Control-GRP-GC114186,0.393,5.384,4.073,0.308,1.831,3.209,2.937,3.095,3.809,3.793,5.046,3.930,10.916,6.043,0.044,8.018,0.398,1.908,8.466,5.959,10.129,5.852,4.459
Control-GRP-GC118464,0.873,5.456,4.158,0.149,6.558,1.342,2.702,6.561,1.679,5.008,5.401,4.630,2.418,10.758,0.671,11.735,4.085,2.407,4.711,1.409,0.009,10.991,6.289
Control-GRP-GC118466,0.190,2.674,6.666,0.190,5.713,0.587,4.919,4.990,7.056,9.685,3.536,3.398,0.156,6.583,7.661,8.552,3.000,3.081,2.640,3.214,0.723,6.842,7.945
Control-GRP-GC118474,0.824,0.072,8.250,0.037,0.312,0.563,2.610,7.526,0.684,5.591,8.775,5.844,10.140,6.676,4.064,4.537,1.632,0.313,7.767,5.334,7.759,5.468,5.222
Control-GRP-GC118476,0.864,5.961,7.251,0.003,3.476,0.299,3.539,3.376,1.482,6.763,4.897,4.364,1.653,14.696,4.031,1.359,6.166,2.905,3.739,2.912,17.392,2.337,0.535
Control-GRP-GC118478,0.102,3.061,7.815,0.020,0.177,0.412,5.894,0.710,7.411,2.687,8.903,6.447,6.285,0.981,3.739,6.581,5.310,5.524,8.094,3.269,1.085,9.405,6.087
Control-GRP-GC118484,0.081,5.735,2.061,0.024,4.902,0.505,3.395,5.030,3.094,2.246,5.335,2.854,5.303,6.536,0.008,6.061,10.542,6.971,2.708,4.221,5.527,6.096,10.764
Control-GRP-GC118485,0.130,5.882,4.217,0.008,3.327,0.488,2.973,2.454,3.340,6.971,8.639,4.101,12.838,6.979,3.241,3.117,0.521,2.080,7.366,3.895,7.555,5.467,4.412
Control-GRP-GC118486,0.305,5.625,0.655,0.020,3.631,0.970,0.895,2.521,2.508,2.333,7.732,2.440,6.113,21.663,6.924,4.126,8.432,5.206,2.225,3.718,3.844,6.298,1.817
Control-GRP-GC118489,0.563,7.355,0.271,0.076,5.747,0.738,3.722,5.412,1.517,1.129,8.341,3.736,20.088,10.160,7.210,2.809,2.923,0.790,0.005,6.205,3.839,5.761,1.604
Control-GRP-GC118490,1.157,4.797,3.752,0.236,1.720,0.924,6.149,5.728,0.212,4.196,7.974,5.350,8.796,6.131,3.485,3.859,6.384,4.390,4.666,4.639,5.698,2.960,6.797
Control-GRP-GC118491,0.589,3.721,6.908,0.039,1.986,2.571,1.983,7.326,4.025,10.950,6.854,4.215,5.019,1.665,0.648,1.264,1.696,0.404,14.463,2.906,5.185,10.509,5.074
Control-GRP-GC118494,0.334,4.135,1.432,0.004,7.437,1.203,3.557,3.305,3.642,6.127,13.979,3.300,11.501,4.950,6.880,1.344,3.076,0.098,2.598,5.491,3.702,4.838,7.067
Control-GRP-GC118496,0.336,1.186,0.373,0.012,7.153,0.981,1.572,0.263,1.063,4.202,2.308,2.500,23.844,7.875,3.030,3.966,8.184,7.296,8.570,1.702,0.305,3.051,10.228
Control-GRP-GC118497,0.202,2.756,7.597,0.188,0.842,1.059,1.843,6.039,1.502,8.398,2.551,5.829,2.433,7.139,3.170,6.007,8.867,4.799,4.120,8.434,1.010,3.973,11.243
Control-GRP-GC118499,1.472,1.507,2.427,0.274,5.871,0.482,0.811,7.525,0.144,6.185,6.969,3.993,9.042,2.140,10.136,4.603,10.425,1.676,4.150,1.191,2.478,3.132,13.368
Control-GRP-GC119340,0.416,7.181,3.301,0.014,3.538,0.544,2.765,7.037,3.381,6.691,9.623,3.561,0.482,5.778,3.904,11.667,5.518,3.133,3.062,4.206,2.957,10.220,1.024
Control-GRP-GC119343,0.059,5.870,5.361,0.012,0.927,0.695,2.627,0.655,8.719,6.583,4.219,5.058,0.794,4.267,3.995,4.581,5.696,2.249,13.275,5.489,11.851,5.287,1.731
Control-GRP-GC119367,0.866,7.403,0.965,0.397,9.761,2.249,3.442,4.428,2.941,6.955,4.292,3.029,0.283,5.599,7.492,6.527,5.377,0.959,7.847,8.307,0.914,5.154,4.815
Control-GRP-GC119369,0.420,5.084,4.018,0.127,3.228,1.361,2.485,5.221,2.760,4.164,2.763,1.954,13.316,6.936,1.349,10.652,4.921,2.815,3.197,5.375,10.021,3.561,4.274
Control-GRP-GC119370,0.684,0.216,0.401,0.047,9.533,1.975,4.253,1.406,3.492,7.237,16.206,6.039,9.805,0.136,2.311,8.350,11.469,1.200,0.488,0.835,5.745,7.180,0.992
Control-GRP-GC119374,0.241,1.509,1.396,0.098,7.400,0.614,3.470,3.201,4.701,4.426,15.681,5.552,3.522,8.952,0.078,6.119,6.266,7.283,1.670,2.451,5.038,8.182,2.151
Control-GRP-GC119375,1.110,5.307,6.347,0.038,3.317,0.526,4.305,3.974,5.180,7.037,8.372,4.617,7.435,6.489,2.179,4.470,1.782,1.358,1.426,4.659,12.490,1.003,6.577
Control-GRP-GC119377,0.563,5.142,3.354,0.125,5.346,1.109,3.484,4.555,5.354,6.810,10.243,5.488,1.693,1.814,5.728,6.919,8.557,3.293,0.190,7.972,4.464,5.319,2.479
Control-GRP-GC119383,0.803,6.171,2.333,0.016,2.699,1.281,3.057,4.498,2.702,5.749,5.120,5.072,2.901,4.062,4.079,10.100,10.332,0.456,15.569,7.236,1.359,2.297,2.109
Control-GRP-GC119384,0.224,5.067,7.105,0.261,2.834,0.863,2.241,6.327,0.969,4.916,5.465,5.350,4.776,14.806,0.603,8.490,2.106,7.083,8.037,3.238,1.220,6.865,1.155
Control-GRP-GC119386,3.410,11.815,2.172,2.309,0.056,1.659,5.023,1.488,3.275,4.191,6.989,0.845,12.131,4.061,5.138,0.745,4.327,4.961,2.428,4.302,8.110,9.953,0.611
Control-GRP-GC119388,0.571,0.122,5.483,0.120,3.519,1.684,2.406,2.609,5.684,4.833,12.415,6.581,2.345,2.361,9.876,3.827,1.040,11.190,9.310,3.386,1.869,7.864,0.904
Control-GRP-GC119389,0.145,6.427,5.587,0.028,6.317,1.049,1.826,7.218,1.826,8.035,4.588,3.893,3.178,12.232,1.657,7.788,4.578,2.161,5.853,3.476,7.753,2.960,1.428
Control-GRP-GC119390,1.848,3.812,9.046,0.567,1.315,2.248,2.960,1.959,5.854,6.288,6.408,2.790,3.648,0.806,2.172,6.369,7.322,0.293,10.579,8.257,3.237,2.871,9.352
Control-GRP-GC119391,0.147,2.277,8.074,0.048,4.155,0.681,2.732,6.935,3.737,8.367,5.502,6.377,2.531,11.887,1.436,4.140,7.083,4.386,0.849,0.718,11.404,6.017,0.519
Control-GRP-GC119394,0.084,1.981,5.134,0.022,5.179,0.339,4.062,5.418,3.323,3.910,4.902,6.588,4.098,7.679,2.079,5.912,0.791,1.251,0.047,7.999,9.728,13.981,5.493
Control-GRP-GC119395,0.780,5.052,6.866,0.259,3.094,0.019,2.136,5.731,5.126,6.066,4.735,3.251,6.318,1.307,1.834,2.976,0.886,8.619,4.019,6.913,10.773,11.075,2.163
Control-GRP-GC119397,1.456,8.870,3.559,0.025,2.125,0.949,3.086,1.594,4.950,4.340,2.141,4.875,11.221,3.373,4.804,5.324,5.806,7.481,0.562,2.645,7.606,2.092,11.117
Control-GRP-GC119398,0.319,5.706,2.234,0.244,3.958,1.262,1.742,4.751,1.936,1.382,5.647,2.354,11.285,2.848,1.346,4.852,4.897,9.849,1.644,3.588,4.940,14.061,9.156
Control-GRP-GC119399,0.447,3.908,4.847,0.105,6.256,1.001,2.386,2.871,6.117,6.442,4.476,3.740,4.688,7.966,1.534,8.318,3.628,2.229,1.584,5.683,9.055,8.988,3.731
Control-GRP-GC119400,0.905,11.089,2.625,0.110,3.564,1.486,0.789,4.640,1.147,4.823,5.864,2.322,6.430,6.207,5.207,4.017,6.469,5.990,7.339,0.493,2.841,8.871,6.774
Control-GRP-GC119401,0.512,4.734,4.780,0.240,3.865,0.646,2.800,5.745,2.834,8.849,5.162,3.782,1.282,2.116,0.350,2.852,13.490,0.299,10.482,8.106,6.984,2.282,7.807
Control-GRP-GC119402,0.830,7.347,3.792,0.143,2.937,1.814,2.808,2.652,8.455,0.365,7.073,4.390,3.025,11.079,6.774,7.341,1.294,0.733,10.493,2.468,1.645,7.373,5.170
Control-GRP-GC119403,0.553,5.491,5.381,0.082,1.899,1.424,0.486,3.099,4.663,2.781,6.215,3.207,13.270,6.170,6.830,3.101,15.192,0.951,3.882,1.184,7.891,0.508,5.741
Control-GRP-GC119405,0.215,3.645,10.142,0.084,1.379,1.306,2.965,5.107,3.521,2.405,7.202,3.415,3.343,8.551,3.662,7.200,5.423,8.047,3.964,0.560,5.155,3.527,9.184
Control-GRP-GC119410,0.533,5.526,5.594,0.516,0.062,0.956,2.575,8.438,3.727,4.781,4.952,2.355,5.356,8.519,3.913,2.869,6.500,0.815,5.390,2.067,7.452,13.173,3.932
Control-GRP-GC119411,0.410,7.575,1.289,0.084,0.065,0.961,3.605,5.766,3.731,5.607,5.592,4.141,8.199,2.767,9.019,2.705,8.948,5.724,3.665,9.150,2.524,7.905,0.568
Control-GRP-GC119415,0.109,2.841,4.677,0.007,0.028,0.930,1.298,3.720,4.953,0.952,8.096,5.962,10.470,1.087,8.215,0.102,16.349,5.074,1.235,5.023,9.911,2.768,6.193
Control-GRP-GC119416,2.229,3.146,5.375,0.174,4.901,0.733,3.056,4.656,2.559,8.039,6.434,4.491,9.544,7.718,2.649,1.974,4.803,4.896,9.300,2.062,3.850,2.602,4.808
Control-GRP-GC119417,1.299,0.416,5.306,0.314,4.772,1.693,2.387,6.718,4.890,2.668,1.883,2.435,8.790,8.356,8.147,6.054,2.485,0.002,6.048,9.127,6.994,1.953,7.262
Control-GRP-GC119419,0.780,5.446,1.953,0.748,2.072,1.164,3.031,2.487,5.076,0.819,8.097,5.872,19.949,7.383,2.014,5.847,1.690,6.209,3.765,3.852,3.300,5.524,2.924
Control-GRP-GC119420,0.208,3.516,5.675,0.095,5.231,0.594,1.523,2.798,4.913,2.746,5.002,0.920,0.875,19.428,1.166,0.414,10.871,5.824,1.371,7.076,1.131,6.657,11.967
Control-GRP-GC119421,1.393,5.687,1.567,0.289,5.941,1.603,4.902,5.611,0.729,8.292,3.750,3.844,11.143,0.472,0.682,2.568,0.922,10.377,4.616,4.869,6.351,2.876,11.515
Control-GRP-GC119422,0.471,4.422,4.967,0.050,1.762,0.914,2.757,1.287,5.738,9.242,10.408,3.264,0.300,2.107,2.592,6.952,13.019,2.181,4.109,4.582,5.104,7.499,6.273
Control-GRP-GC119426,1.233,2.949,3.286,0.488,3.210,0.550,2.497,6.149,2.535,5.307,7.069,5.900,9.853,4.816,3.851,6.554,4.418,3.555,5.265,5.318,4.814,3.884,6.500
Control-GRP-GC119430,0.306,7.700,5.486,0.850,0.734,1.375,2.779,1.006,6.925,7.934,4.039,6.786,2.062,4.455,2.628,4.752,5.140,4.083,7.743,0.893,13.862,8.262,0.201
Control-GRP-GC121331,0.523,5.031,2.298,0.614,4.171,0.884,2.354,3.531,4.368,5.005,8.204,3.720,4.811,10.862,3.198,4.102,16.673,2.279,9.363,2.755,0.706,3.065,1.483
Control-GRP-GC121332,0.543,3.819,2.231,0.073,4.434,1.873,2.317,3.852,3.573,4.225,2.695,3.494,18.701,9.236,2.265,7.719,7.741,9.134,0.788,1.390,2.578,5.390,1.930
Control-GRP-GC121336,0.028,5.299,4.238,0.010,2.226,0.579,1.879,7.029,1.671,2.741,2.535,5.808,1.597,5.892,2.199,2.437,0.276,5.612,17.676,3.430,18.918,5.407,2.513
Control-GRP-GC121337,0.124,3.405,8.613,0.004,5.587,1.291,2.397,4.520,2.047,9.056,0.545,5.240,1.747,3.607,4.183,8.724,5.241,5.457,7.692,8.967,2.358,8.902,0.293
Control-GRP-GC121338,0.093,5.019,11.330,0.002,0.237,0.232,3.245,5.098,0.424,3.057,6.082,2.975,8.242,9.265,10.530,4.332,5.872,2.785,4.599,1.758,10.016,4.796,0.010
Control-GRP-GC121339,0.615,6.139,5.833,0.401,0.284,1.170,2.952,0.930,3.325,7.295,1.709,2.128,10.350,1.583,7.470,3.035,9.928,5.627,2.518,5.833,2.417,7.577,10.880
Control-GRP-GC121340,0.920,5.484,2.023,0.155,1.536,0.231,1.863,5.700,3.404,5.130,6.613,1.801,6.608,3.140,9.243,7.859,3.673,1.935,9.565,4.741,2.083,15.630,0.663
Control-GRP-GC121341,1.059,3.292,0.940,0.121,6.469,2.476,3.124,2.718,2.290,6.493,9.662,3.008,2.887,6.451,3.927,6.451,4.759,2.783,4.778,3.570,0.947,14.416,7.382
Control-GRP-GC121342,2.475,7.457,2.038,0.057,3.067,1.074,3.382,4.501,5.094,7.004,3.668,2.249,4.116,9.121,7.937,8.617,0.518,3.958,2.205,4.748,3.793,5.015,7.907
Control-GRP-GC121343,0.861,11.228,5.795,0.183,0.885,0.655,0.350,6.407,4.184,4.133,5.256,4.832,7.060,10.509,1.742,0.170,3.590,1.783,9.001,1.880,9.464,8.360,1.670
Control-GRP-GC121346,0.167,3.110,1.260,0.015,1.867,0.839,2.700,6.394,0.424,2.400,7.467,7.001,16.827,7.601,2.774,3.801,3.477,9.149,4.710,1.472,2.746,2.336,11.464
Control-GRP-GC121347,3.552,5.723,5.760,0.186,5.088,0.655,3.626,2.224,5.161,4.308,4.257,3.085,7.025,3.537,6.832,2.110,5.548,3.845,9.467,5.546,6.941,0.954,4.571
Control-GRP-GC121348,0.394,5.524,4.214,0.183,1.053,0.684,3.533,2.724,1.911,0.986,2.815,3.847,0.975,16.206,4.398,2.495,7.633,12.086,7.869,0.884,1.011,11.216,7.360
Control-GRP-GC121349,0.343,5.668,3.143,0.035,1.304,1.351,0.276,2.613,5.757,4.075,5.829,2.219,14.605,5.563,2.848,4.721,10.525,3.344,7.369,2.789,2.494,12.577,0.553
