Sample,BRCA,CEAD,CESC,COAD,OV,READ,bcell,cd4tcell,cd8tcell,erythroblast,monocyte,naturalkillercell,neutrophil
Br62_rep5_Dep6_Tu0.5,0.658,2.166,0.000,0.000,1.742,0.120,2.210,2.434,0.595,12.295,8.703,2.923,66.155
Br62_rep5_Dep6_Tu3,2.789,3.066,0.225,0.000,1.522,0.074,1.738,1.954,0.000,13.640,7.739,2.921,64.332
Br62_rep6_Dep6_Tu30,24.838,3.535,0.956,2.139,1.517,0.000,2.037,4.781,0.760,6.170,5.703,1.713,45.850
Br62_rep7_Dep6_Tu20,17.447,2.843,0.874,0.500,1.933,0.083,1.805,2.521,1.502,10.143,6.571,1.463,52.315
Br62_rep2_Dep6_Tu40,32.512,6.217,0.929,2.390,1.740,0.000,0.642,3.649,0.740,4.551,4.762,1.899,39.968
Br62_rep8_Dep6_Tu0.5,0.619,3.187,0.064,0.000,1.572,0.000,2.539,2.223,2.503,11.875,7.851,2.327,65.241
Br62_rep5_Dep6_Tu2,1.748,3.486,0.018,0.000,1.204,0.000,2.209,0.407,3.100,12.863,8.495,1.776,64.695
Br62_rep4_Dep6_Tu50,39.574,5.197,1.756,4.121,1.827,0.000,1.710,2.406,0.000,3.760,4.089,1.236,34.324
Br62_rep8_Dep6_Tu40,32.632,4.460,0.992,2.642,1.995,0.000,0.936,3.184,0.000,7.495,3.982,1.307,40.374
Br62_rep7_Dep6_Tu2,2.293,3.236,0.000,0.000,0.999,0.035,2.329,2.172,0.392,11.723,9.304,2.899,64.619
Br62_rep9_Dep6_Tu40,33.085,5.099,1.070,2.663,1.794,0.000,1.098,0.713,0.000,6.501,4.657,2.489,40.832
Br62_rep10_Dep6_Tu2,1.747,2.993,0.446,0.000,1.559,0.000,2.571,4.753,0.000,11.804,7.203,2.442,64.483
Br62_rep6_Dep6_Tu10,8.294,4.616,0.271,0.223,1.937,0.093,1.616,0.000,2.402,11.387,7.561,2.385,59.215
Br62_rep2_Dep6_Tu2,2.149,2.880,0.222,0.000,2.052,0.405,2.647,0.726,2.257,11.128,10.071,2.033,63.431
Br62_rep9_Dep6_Tu5,4.667,2.290,0.780,0.000,1.930,0.023,2.278,2.531,1.139,10.649,9.989,2.199,61.526
Br62_rep6_Dep6_Tu40,32.398,4.300,1.416,2.013,1.689,0.000,0.575,2.965,0.000,8.629,4.860,0.952,40.205
Br62_rep4_Dep6_Tu20,17.586,3.873,0.442,0.701,1.798,0.000,1.899,0.930,1.775,9.434,6.760,2.088,52.714
Br62_rep9_Dep6_Tu1,1.630,1.980,0.439,0.000,2.148,0.233,1.893,1.319,2.353,12.236,8.398,2.678,64.692
Br62_rep1_Dep6_Tu0.3,0.000,2.948,0.306,0.000,1.204,0.196,2.620,1.897,1.660,11.924,10.766,2.552,63.927
Br62_rep3_Dep6_Tu5,4.270,3.399,0.106,0.000,2.583,0.000,2.123,0.704,2.810,11.081,7.389,2.984,62.551
Br62_rep9_Dep6_Tu50,39.257,5.395,2.060,3.618,1.491,0.000,1.209,1.427,0.000,5.760,3.740,1.452,34.592
Br62_rep5_Dep6_Tu30,24.669,4.268,0.886,0.931,1.905,0.000,2.180,4.073,0.000,9.187,4.699,1.622,45.579
Br62_rep9_Dep6_Tu0.5,0.365,1.178,0.374,0.000,2.243,0.340,2.010,3.727,0.978,12.194,8.788,2.344,65.461
Br62_rep1_Dep6_Tu20,17.476,3.985,0.526,0.429,2.051,0.000,1.529,0.358,2.334,9.277,7.605,1.497,52.934
Br62_rep4_Dep6_Tu2,1.876,2.868,0.000,0.000,2.295,0.381,1.697,0.000,5.679,10.074,8.465,2.013,64.652
Br62_rep8_Dep6_Tu3,2.821,3.642,0.235,0.000,1.615,0.000,1.855,0.951,2.735,11.394,7.910,2.738,64.105
Br62_rep2_Dep6_Tu5,5.255,3.354,0.198,0.000,1.466,0.036,1.771,3.008,0.000,11.791,7.470,2.933,62.716
Br62_rep2_Dep6_Tu1,0.922,2.791,0.079,0.000,1.070,0.000,2.408,2.740,0.992,13.255,9.453,1.725,64.566
Br62_rep8_Dep6_Tu1,1.593,2.093,0.074,0.000,2.062,0.198,2.297,0.175,2.990,11.823,9.185,2.431,65.079
Br62_rep10_Dep6_Tu0.1,0.493,2.847,0.253,0.000,1.503,0.510,2.642,0.292,4.199,10.615,9.612,2.311,64.723
Br62_rep3_Dep6_Tu40,32.786,4.333,1.126,2.770,1.109,0.000,1.337,2.829,1.021,6.382,4.122,2.574,39.614
Br62_rep8_Dep6_Tu0.3,0.027,2.410,0.029,0.000,1.430,0.000,2.480,3.381,0.000,13.193,7.950,2.604,66.497
Br62_rep4_Dep6_Tu0.5,0.808,2.744,0.000,0.000,1.659,0.555,2.532,0.000,4.497,10.866,9.372,2.031,64.936
Br62_rep6_Dep6_Tu50,38.429,5.346,1.664,3.539,1.113,0.000,1.437,2.002,0.000,7.461,3.911,1.245,33.853
Br62_rep7_Dep6_Tu0.1,0.252,1.756,0.386,0.000,2.219,0.297,2.482,2.364,1.262,12.594,8.224,2.003,66.159
Br62_rep9_Dep6_Tu30,25.074,5.861,0.746,1.579,1.649,0.000,1.620,0.000,0.000,9.478,5.242,2.554,46.197
Br62_rep6_Dep6_Tu20,16.780,4.057,0.475,0.306,1.114,0.000,1.741,4.332,1.861,9.016,5.204,1.882,53.231
Br62_rep5_Dep6_Tu5,4.773,2.895,0.582,0.000,1.472,0.053,2.127,3.900,0.798,10.728,8.562,2.102,62.008
Br62_rep4_Dep6_Tu40,31.525,4.447,1.080,2.044,1.658,0.000,2.357,3.346,0.000,8.568,5.054,0.697,39.224
Br62_rep8_Dep6_Tu0.1,0.298,3.147,0.298,0.000,1.644,0.150,2.800,1.405,2.117,12.018,9.215,2.693,64.216
Br62_rep1_Dep6_Tu40,31.962,4.666,0.756,3.605,1.617,0.000,1.172,3.075,0.000,7.285,4.220,1.515,40.126
Br62_rep3_Dep6_Tu30,25.547,4.246,0.791,1.226,2.485,0.000,1.822,1.993,0.000,10.318,3.841,1.608,46.124
Br62_rep7_Dep6_Tu0.5,0.494,3.862,0.000,0.000,1.452,0.190,2.434,2.525,2.662,10.788,7.166,2.353,66.074
Br62_rep1_Dep6_Tu10,8.695,3.512,0.407,0.197,1.224,0.000,2.559,1.193,3.579,9.514,8.244,1.405,59.470
Br62_rep10_Dep6_Tu20,17.384,4.814,0.151,0.919,0.618,0.000,1.681,5.022,1.349,6.996,7.481,2.075,51.511
Br62_rep1_Dep6_Tu5,4.610,3.427,0.217,0.000,1.849,0.180,2.002,2.218,2.275,10.948,7.854,2.523,61.898
Br62_rep3_Dep6_Tu50,38.916,4.753,1.746,3.837,1.920,0.000,1.854,2.680,0.000,6.203,4.214,1.002,32.874
Br62_rep1_Dep6_Tu3,2.349,3.674,0.182,0.000,1.162,0.010,2.400,0.027,3.183,11.788,9.639,2.100,63.486
Br62_rep7_Dep6_Tu30,24.634,5.491,0.917,1.347,1.207,0.000,1.216,2.692,0.000,8.678,5.294,1.894,46.630
Br62_rep6_Dep6_Tu1,0.576,2.904,0.178,0.000,1.965,0.000,1.983,0.402,1.943,13.458,8.375,2.910,65.305
Br62_rep1_Dep6_Tu0.5,0.301,3.133,0.118,0.000,1.523,0.000,2.586,2.686,1.869,12.151,9.326,1.829,64.477
Br62_rep1_Dep6_Tu0.1,0.167,2.608,0.026,0.000,1.493,0.000,1.975,0.827,2.815,13.174,8.189,2.538,66.186
Br62_rep9_Dep6_Tu3,2.579,2.941,0.384,0.000,1.409,0.000,1.952,2.405,1.993,12.411,8.156,2.469,63.302
Br62_rep5_Dep6_Tu40,31.585,4.033,1.454,2.851,2.324,0.000,1.869,4.091,0.000,4.897,4.081,2.347,40.469
Br62_rep10_Dep6_Tu3,2.471,3.315,0.337,0.000,1.841,0.000,2.399,1.641,0.747,12.909,7.666,2.835,63.838
Br62_rep2_Dep6_Tu0.3,0.647,3.433,0.104,0.000,1.420,0.058,2.044,2.722,0.000,12.456,8.433,3.071,65.613
Br62_rep10_Dep6_Tu40,31.375,6.394,0.789,2.596,2.323,0.000,1.278,2.706,0.000,8.193,3.638,1.688,39.021
Br62_rep3_Dep6_Tu2,1.695,2.751,0.506,0.000,1.958,0.345,2.972,0.747,4.424,10.194,8.887,1.703,63.818
Br62_rep5_Dep6_Tu1,1.084,2.076,0.731,0.000,1.618,0.186,2.380,2.286,1.092,11.482,10.351,2.611,64.103
Br62_rep4_Dep6_Tu1,1.150,2.978,0.350,0.000,1.771,0.335,2.401,0.000,2.927,10.155,10.488,2.536,64.910
Br62_rep10_Dep6_Tu0.5,0.592,2.662,0.305,0.000,1.462,0.234,2.825,0.000,4.987,10.275,9.536,1.755,65.367
Br62_rep5_Dep6_Tu20,17.428,5.046,0.691,0.681,2.052,0.000,1.740,1.004,2.078,7.972,6.835,2.598,51.874
Br62_rep6_Dep6_Tu0.3,0.047,1.775,0.314,0.000,1.022,0.000,2.227,1.830,3.605,12.667,8.725,2.431,65.358
Br62_rep9_Dep6_Tu0.3,0.096,2.437,0.058,0.000,1.339,0.000,2.487,3.378,0.000,13.174,8.053,2.658,66.321
Br62_rep2_Dep6_Tu20,17.253,3.198,0.679,0.479,1.909,0.000,2.280,2.901,0.000,10.295,6.952,1.750,52.303
Br62_rep6_Dep6_Tu0.5,0.888,2.670,0.088,0.000,1.493,0.103,2.803,0.466,3.661,11.128,8.590,2.353,65.758
Br62_rep8_Dep6_Tu10,9.148,3.875,0.027,0.000,1.136,0.000,1.877,2.092,4.223,8.743,7.945,2.219,58.715
Br62_rep2_Dep6_Tu0.1,0.000,2.588,0.386,0.000,2.222,0.095,1.737,0.380,3.860,11.855,9.482,2.685,64.711
Br62_rep5_Dep6_Tu10,9.022,1.794,0.576,0.092,1.724,0.000,1.779,1.687,0.975,12.385,8.179,2.227,59.561
Br62_rep10_Dep6_Tu10,9.312,3.498,0.530,0.325,1.632,0.000,2.923,2.924,0.000,8.992,8.394,2.924,58.546
Br62_rep4_Dep6_Tu10,8.903,5.337,0.172,0.070,1.125,0.000,2.080,0.412,1.878,10.640,8.320,1.839,59.224
Br62_rep3_Dep6_Tu0.1,0.094,2.806,0.205,0.000,2.031,0.094,1.952,0.838,2.352,11.856,10.497,2.789,64.485
Br62_rep2_Dep6_Tu50,39.736,4.617,1.769,2.827,2.266,0.000,1.222,1.932,0.000,6.645,4.068,1.265,33.653
Br62_rep9_Dep6_Tu10,9.271,2.560,0.081,0.779,1.806,0.000,2.369,1.218,0.910,11.344,7.991,2.838,58.832
Br62_rep5_Dep6_Tu0.3,0.278,1.661,0.427,0.000,1.191,0.377,2.407,2.864,3.280,11.527,9.259,1.961,64.767
Br62_rep8_Dep6_Tu50,39.941,4.387,1.531,4.114,2.064,0.000,2.026,2.433,1.570,2.393,4.032,1.807,33.703
Br62_rep4_Dep6_Tu0.3,0.000,2.606,0.293,0.000,1.566,0.098,2.243,0.000,3.352,14.721,7.733,2.310,65.079
Br62_rep7_Dep6_Tu1,0.866,1.266,0.424,0.000,2.260,0.000,2.484,2.203,1.902,12.442,7.835,2.458,65.861
Br62_rep3_Dep6_Tu0.5,0.364,1.689,0.333,0.000,1.006,0.000,2.235,1.893,3.411,12.764,8.564,2.421,65.321
Br62_rep7_Dep6_Tu40,31.899,5.526,1.262,2.202,1.718,0.000,1.038,1.879,0.353,8.796,3.632,1.950,39.745
Br62_rep2_Dep6_Tu3,3.446,2.772,0.468,0.000,1.373,0.335,2.747,2.424,0.376,11.485,9.327,2.505,62.743
Br62_rep2_Dep6_Tu0.5,0.172,2.963,0.197,0.000,1.956,0.000,2.314,1.215,1.143,13.201,8.052,3.036,65.751
Br62_rep1_Dep6_Tu50,39.511,4.430,1.329,3.133,1.684,0.000,1.436,3.105,0.000,6.216,3.570,0.977,34.609
Br62_rep3_Dep6_Tu3,2.700,3.113,0.000,0.000,1.434,0.316,2.420,2.359,1.643,12.349,7.125,2.622,63.919
Br62_rep7_Dep6_Tu3,3.047,3.557,0.362,0.000,1.351,0.480,2.374,0.675,3.539,10.729,9.097,1.683,63.106
Br62_rep3_Dep6_Tu0.3,0.361,3.163,0.163,0.000,1.569,0.000,2.543,2.364,2.413,11.746,7.743,2.286,65.650
Br62_rep8_Dep6_Tu30,24.351,3.552,1.297,1.757,2.438,0.000,2.031,1.755,0.000,9.240,6.173,1.883,45.522
Br62_rep4_Dep6_Tu30,23.962,5.211,1.102,1.254,2.321,0.000,1.974,1.159,1.335,9.976,4.307,1.817,45.582
Br62_rep6_Dep6_Tu3,3.373,3.048,0.000,0.000,1.788,0.388,2.396,1.225,2.962,11.127,8.140,1.548,64.004
Br62_rep4_Dep6_Tu0.1,0.457,1.990,0.201,0.000,1.193,0.188,2.805,3.647,0.415,12.193,8.737,2.445,65.731
Br62_rep8_Dep6_Tu5,5.078,3.468,0.000,0.000,1.398,0.000,2.207,0.000,3.707,11.094,8.570,2.273,62.206
Br62_rep10_Dep6_Tu50,38.804,6.593,2.132,3.919,0.850,0.000,1.245,0.000,0.000,7.619,3.564,1.543,33.732
Br62_rep10_Dep6_Tu0.3,0.262,2.486,0.115,0.000,1.647,0.114,2.060,1.914,3.236,11.305,9.973,1.825,65.063
Br62_rep3_Dep6_Tu20,16.207,2.889,0.802,0.722,1.660,0.000,1.905,3.165,0.465,10.258,6.430,1.968,53.530
Br62_rep1_Dep6_Tu1,1.155,2.536,0.212,0.000,1.660,0.290,2.675,0.000,4.705,10.691,9.761,2.386,63.929
Br62_rep3_Dep6_Tu1,0.710,1.690,0.517,0.000,1.943,0.314,2.128,0.000,4.539,11.862,8.964,2.650,64.682
Br62_rep9_Dep6_Tu2,1.672,2.326,0.211,0.000,2.174,0.110,2.659,2.679,1.051,12.474,8.078,1.749,64.816
Br62_rep7_Dep6_Tu50,39.055,6.013,1.618,3.461,1.980,0.000,0.895,4.660,0.000,5.154,3.643,0.799,32.723
Br62_rep7_Dep6_Tu5,4.567,2.705,0.489,0.000,2.216,0.132,1.914,4.089,0.953,10.357,9.227,1.967,61.384
Br62_rep8_Dep6_Tu2,1.952,2.423,0.002,0.000,1.635,0.221,1.920,0.000,3.043,13.596,9.169,2.970,63.070
Br62_rep5_Dep6_Tu0.1,0.320,1.437,0.349,0.000,1.576,0.199,2.372,3.450,0.010,12.878,8.967,2.758,65.684
Br62_rep6_Dep6_Tu5,4.270,3.536,0.000,0.000,1.414,0.000,2.237,2.501,0.370,11.351,8.619,2.940,62.762
Br62_rep9_Dep6_Tu20,16.745,4.223,0.549,1.017,1.461,0.000,2.207,2.121,1.674,8.474,6.571,1.812,53.147
Br62_rep2_Dep6_Tu30,25.209,3.520,0.768,2.056,1.667,0.000,1.273,2.070,0.000,9.613,4.709,2.591,46.524
Br62_rep7_Dep6_Tu10,8.428,3.036,0.469,0.000,2.400,0.264,1.835,3.419,0.822,10.391,7.230,1.945,59.762
Br62_rep6_Dep6_Tu0.1,0.507,2.291,0.041,0.000,1.503,0.343,2.525,0.000,5.033,12.112,8.858,1.933,64.854
Br62_rep5_Dep6_Tu50,39.070,8.200,1.018,3.343,1.684,0.000,0.573,0.211,0.000,5.879,4.754,1.405,33.864
Br62_rep10_Dep6_Tu1,0.826,3.399,0.653,0.000,1.536,0.000,2.325,0.000,3.452,11.452,10.008,2.479,63.871
Br62_rep1_Dep6_Tu30,23.897,5.420,0.852,2.021,1.541,0.000,1.819,1.826,1.417,7.195,4.870,1.844,47.297
Br62_rep7_Dep6_Tu0.3,0.248,3.319,0.061,0.000,1.621,0.260,2.265,0.568,2.482,12.086,8.878,2.022,66.191
Br62_rep2_Dep6_Tu10,8.894,2.394,0.835,0.063,2.010,0.000,2.431,4.554,0.096,11.077,6.547,1.808,59.290
Br62_rep9_Dep6_Tu0.1,0.145,3.173,0.365,0.000,1.397,0.329,2.574,0.378,3.720,11.304,9.870,2.536,64.210
Br62_rep3_Dep6_Tu10,9.663,2.466,0.223,0.228,1.524,0.000,2.819,3.583,1.098,10.411,7.990,1.714,58.282
Br62_rep4_Dep6_Tu5,4.722,2.758,0.573,0.000,1.437,0.448,2.434,3.127,1.473,10.025,9.246,2.294,61.463
Br62_rep8_Dep6_Tu20,15.830,5.273,0.474,1.407,1.129,0.000,1.514,2.279,2.489,8.411,6.036,1.778,53.379
Br62_rep1_Dep6_Tu2,2.159,1.988,0.282,0.000,1.818,0.268,2.006,1.687,2.898,12.072,8.273,2.744,63.807
Br62_rep10_Dep6_Tu5,4.570,3.576,0.000,0.000,1.610,0.000,1.797,0.000,6.721,10.370,7.511,2.010,61.836
Br62_rep10_Dep6_Tu30,24.671,3.211,1.175,1.526,2.743,0.000,1.621,2.358,1.945,7.708,4.611,1.608,46.822
Br62_rep6_Dep6_Tu2,1.781,2.725,0.173,0.000,1.643,0.099,2.248,2.022,2.885,10.819,9.400,1.848,64.358
Br62_rep4_Dep6_Tu3,3.170,2.332,0.343,0.000,1.810,0.180,1.731,3.504,0.609,11.092,8.317,3.044,63.869
