Sample,BRCA,CEAD,CESC,COAD,OV,READ,bcell,cd4tcell,cd8tcell,erythroblast,monocyte,naturalkillercell,neutrophil
Br62_rep5_Dep6_Tu0.5,2.210,0.000,1.276,0.000,3.430,2.126,2.865,0.000,0.000,10.912,7.582,3.799,65.800
Br62_rep5_Dep6_Tu3,4.016,0.905,1.396,0.000,2.925,1.743,2.263,0.000,0.000,12.351,6.813,3.521,64.066
Br62_rep6_Dep6_Tu30,25.323,3.149,1.365,2.295,2.170,0.416,2.421,2.250,0.091,6.656,5.600,2.389,45.875
Br62_rep7_Dep6_Tu20,18.128,2.189,1.483,0.309,2.735,0.995,2.339,0.000,0.161,10.473,6.455,2.424,52.308
Br62_rep2_Dep6_Tu40,32.765,6.073,1.115,2.742,2.134,0.000,0.842,2.077,0.355,4.967,4.675,2.262,39.992
Br62_rep8_Dep6_Tu0.5,2.076,1.400,1.262,0.000,3.105,1.616,3.284,0.000,0.000,11.461,7.150,3.676,64.969
Br62_rep5_Dep6_Tu2,3.232,1.255,1.344,0.000,2.851,1.764,2.883,0.000,0.000,11.771,7.466,3.032,64.402
Br62_rep4_Dep6_Tu50,39.340,5.349,1.567,3.769,1.417,0.000,1.516,4.319,0.000,3.340,4.179,0.923,34.281
Br62_rep8_Dep6_Tu40,32.697,4.423,1.040,2.732,2.097,0.000,0.985,2.708,0.000,7.595,3.960,1.385,40.379
Br62_rep7_Dep6_Tu2,3.758,0.878,1.255,0.000,2.658,1.974,2.945,0.000,0.000,10.338,8.209,3.681,64.305
Br62_rep9_Dep6_Tu40,33.091,5.093,1.074,2.673,1.804,0.000,1.104,0.664,0.000,6.512,4.655,2.497,40.833
Br62_rep10_Dep6_Tu2,3.190,1.269,1.615,0.000,3.080,1.637,3.330,0.000,0.000,11.545,6.622,3.495,64.216
Br62_rep6_Dep6_Tu10,9.273,2.959,1.249,0.000,3.084,1.526,2.123,0.000,0.000,10.529,6.859,3.318,59.080
Br62_rep2_Dep6_Tu2,3.374,0.937,1.349,0.000,3.405,2.005,3.227,0.000,0.000,10.193,9.237,3.072,63.201
Br62_rep9_Dep6_Tu5,6.052,0.171,2.044,0.000,3.489,1.839,2.972,0.000,0.000,9.778,9.117,3.249,61.291
Br62_rep6_Dep6_Tu40,32.538,4.219,1.518,2.207,1.909,0.000,0.681,1.934,0.000,8.845,4.809,1.122,40.216
Br62_rep4_Dep6_Tu20,18.136,3.256,0.925,0.846,2.498,0.519,2.257,0.000,0.000,9.553,6.493,2.835,52.682
Br62_rep9_Dep6_Tu1,2.983,0.000,1.639,0.000,3.612,1.950,2.568,0.000,0.000,11.382,7.590,3.848,64.429
Br62_rep1_Dep6_Tu0.3,1.241,0.600,1.746,0.000,2.975,2.233,3.339,0.000,0.000,10.835,9.717,3.686,63.628
Br62_rep3_Dep6_Tu5,5.474,1.607,1.202,0.000,3.919,1.524,2.743,0.000,0.000,10.376,6.662,4.148,62.344
Br62_rep9_Dep6_Tu50,39.066,5.519,1.908,3.331,1.159,0.000,1.050,2.972,0.000,5.426,3.812,1.199,34.557
Br62_rep5_Dep6_Tu30,25.046,4.076,1.135,1.404,2.434,0.000,2.429,1.590,0.000,9.703,4.579,2.025,45.579
Br62_rep9_Dep6_Tu0.5,1.788,0.000,1.464,0.000,3.677,2.048,2.727,0.000,0.000,11.625,8.028,3.472,65.169
Br62_rep1_Dep6_Tu20,18.175,3.038,1.156,0.802,2.985,0.545,1.905,0.000,0.000,9.143,7.067,2.317,52.868
Br62_rep4_Dep6_Tu2,3.352,1.105,1.179,0.000,3.841,2.151,2.546,0.000,0.000,9.722,7.785,3.922,64.396
Br62_rep8_Dep6_Tu3,4.193,1.594,1.467,0.000,3.134,1.702,2.533,0.000,0.000,10.528,7.051,3.954,63.843
Br62_rep2_Dep6_Tu5,6.476,1.433,1.328,0.000,2.861,1.650,2.379,0.000,0.000,10.970,6.726,3.694,62.485
Br62_rep2_Dep6_Tu1,2.599,0.334,1.544,0.000,2.911,1.977,3.150,0.000,0.000,12.104,8.346,2.804,64.232
Br62_rep8_Dep6_Tu1,3.035,0.000,1.387,0.000,3.644,2.140,2.937,0.000,0.000,10.412,8.063,3.614,64.769
Br62_rep10_Dep6_Tu0.1,1.940,0.821,1.514,0.000,3.045,2.298,3.385,0.000,0.000,9.890,8.796,3.856,64.455
Br62_rep3_Dep6_Tu40,32.979,4.229,1.268,3.040,1.415,0.000,1.487,1.620,0.721,6.700,4.056,2.851,39.633
Br62_rep8_Dep6_Tu0.3,1.657,0.005,1.448,0.000,3.200,1.937,3.183,0.000,0.000,12.039,6.911,3.484,66.135
Br62_rep4_Dep6_Tu0.5,2.302,0.881,1.090,0.000,3.250,2.376,3.269,0.000,0.000,10.083,8.487,3.607,64.655
Br62_rep6_Dep6_Tu50,38.388,5.372,1.632,3.477,1.045,0.000,1.405,2.330,0.000,7.391,3.925,1.191,33.846
Br62_rep7_Dep6_Tu0.1,1.624,0.000,1.548,0.000,3.666,2.009,3.129,0.000,0.000,11.730,7.401,3.028,65.863
Br62_rep9_Dep6_Tu30,25.319,5.328,0.986,2.005,2.070,0.000,1.647,0.000,0.000,9.126,4.812,2.548,46.158
Br62_rep6_Dep6_Tu20,17.672,3.377,1.178,0.474,2.188,0.788,2.392,0.207,0.739,9.732,5.053,3.008,53.193
Br62_rep5_Dep6_Tu5,6.092,1.230,1.702,0.000,2.911,1.662,2.875,0.000,0.000,10.482,8.005,3.243,61.797
Br62_rep4_Dep6_Tu40,31.723,4.336,1.223,2.313,1.965,0.000,2.500,1.915,0.000,8.868,4.983,0.932,39.242
Br62_rep8_Dep6_Tu0.1,1.583,1.290,1.421,0.000,3.021,1.751,3.426,0.000,0.000,11.273,8.469,3.793,63.975
Br62_rep1_Dep6_Tu40,32.054,4.613,0.823,3.728,1.760,0.000,1.240,2.409,0.000,7.426,4.189,1.623,40.133
Br62_rep3_Dep6_Tu30,25.771,4.131,0.940,1.508,2.800,0.000,1.972,0.512,0.000,10.623,3.771,1.849,46.123
Br62_rep7_Dep6_Tu0.5,1.972,2.046,1.211,0.000,2.992,1.926,3.238,0.000,0.000,10.461,6.553,3.814,65.786
Br62_rep1_Dep6_Tu10,9.897,2.003,1.484,0.000,2.581,1.538,3.285,0.000,0.000,9.302,7.687,2.893,59.329
Br62_rep10_Dep6_Tu20,18.344,4.064,0.918,1.082,1.791,0.862,2.388,0.542,0.138,7.797,7.285,3.293,51.494
Br62_rep1_Dep6_Tu5,5.852,1.804,1.295,0.000,3.201,1.715,2.712,0.000,0.000,10.630,7.295,3.790,61.705
Br62_rep3_Dep6_Tu50,38.787,4.836,1.644,3.644,1.697,0.000,1.748,3.724,0.000,5.980,4.264,0.831,32.846
Br62_rep1_Dep6_Tu3,3.762,1.314,1.512,0.000,2.755,1.903,3.058,0.000,0.000,10.534,8.610,3.336,63.216
Br62_rep7_Dep6_Tu30,24.994,5.303,1.154,1.795,1.715,0.000,1.457,0.331,0.000,9.173,5.176,2.277,46.625
Br62_rep6_Dep6_Tu1,2.114,0.337,1.594,0.000,3.685,1.884,2.588,0.000,0.000,11.859,7.125,3.843,64.972
Br62_rep1_Dep6_Tu0.5,1.922,1.165,1.427,0.000,3.244,1.647,3.338,0.000,0.000,11.580,8.407,3.087,64.182
Br62_rep1_Dep6_Tu0.1,1.774,0.126,1.470,0.000,3.246,2.010,2.709,0.000,0.000,11.901,7.112,3.811,65.841
Br62_rep9_Dep6_Tu3,4.158,0.858,1.721,0.000,3.137,1.742,2.716,0.000,0.000,11.697,7.229,3.721,63.022
Br62_rep5_Dep6_Tu40,31.611,4.019,1.473,2.887,2.365,0.000,1.888,3.899,0.000,4.938,4.071,2.378,40.471
Br62_rep10_Dep6_Tu3,3.725,1.521,1.417,0.000,3.245,1.306,2.900,0.000,0.000,12.015,6.741,3.535,63.594
Br62_rep2_Dep6_Tu0.3,2.105,1.054,1.432,0.000,3.030,1.951,2.679,0.000,0.000,11.192,7.437,3.830,65.291
Br62_rep10_Dep6_Tu40,31.361,6.403,0.778,2.576,2.301,0.000,1.267,2.811,0.000,8.171,3.642,1.670,39.019
Br62_rep3_Dep6_Tu2,3.047,1.080,1.642,0.000,3.376,1.964,3.736,0.000,0.000,9.909,8.287,3.364,63.595
Br62_rep5_Dep6_Tu1,2.589,0.000,2.044,0.000,3.251,2.142,3.051,0.000,0.000,10.248,9.276,3.602,63.798
Br62_rep4_Dep6_Tu1,2.584,0.555,1.694,0.000,3.367,2.247,3.040,0.000,0.000,8.811,9.398,3.693,64.611
Br62_rep10_Dep6_Tu0.5,2.152,0.491,1.665,0.000,3.128,2.168,3.635,0.000,0.000,9.521,8.662,3.507,65.071
Br62_rep5_Dep6_Tu20,18.092,4.251,1.280,0.866,2.898,0.626,2.158,0.000,0.000,8.055,6.476,3.456,51.841
Br62_rep6_Dep6_Tu0.3,1.738,0.000,1.654,0.000,2.787,1.836,3.064,0.000,0.000,12.054,7.793,4.038,65.036
Br62_rep9_Dep6_Tu0.3,1.699,0.065,1.456,0.000,3.080,1.926,3.187,0.000,0.000,12.045,7.039,3.535,65.967
Br62_rep2_Dep6_Tu20,17.855,2.636,1.163,0.695,2.664,0.464,2.654,0.000,0.000,10.580,6.716,2.307,52.267
Br62_rep6_Dep6_Tu0.5,2.352,0.516,1.391,0.000,3.074,1.954,3.527,0.000,0.000,10.230,7.713,3.782,65.462
Br62_rep8_Dep6_Tu10,10.401,2.593,1.075,0.000,2.529,1.426,2.727,0.000,0.000,9.086,7.572,4.000,58.590
Br62_rep2_Dep6_Tu0.1,1.355,0.552,1.657,0.000,3.765,1.903,2.476,0.000,0.000,11.064,8.641,4.146,64.442
Br62_rep5_Dep6_Tu10,10.297,0.000,1.752,0.010,3.245,1.544,2.340,0.000,0.000,11.298,7.124,3.032,59.357
Br62_rep10_Dep6_Tu10,10.304,2.178,1.411,0.221,2.785,1.167,3.430,0.000,0.000,8.666,7.824,3.598,58.417
Br62_rep4_Dep6_Tu10,10.013,3.328,1.293,0.000,2.479,1.559,2.605,0.000,0.000,9.536,7.418,2.717,59.051
Br62_rep3_Dep6_Tu0.1,1.612,0.345,1.593,0.000,3.686,2.070,2.637,0.000,0.000,10.538,9.410,3.926,64.182
Br62_rep2_Dep6_Tu50,39.553,4.736,1.621,2.547,1.947,0.000,1.069,3.426,0.000,6.325,4.139,1.021,33.617
Br62_rep9_Dep6_Tu10,10.376,0.706,1.189,0.430,3.117,1.598,2.889,0.000,0.000,10.301,7.146,3.570,58.679
Br62_rep5_Dep6_Tu0.3,1.886,0.000,1.698,0.000,2.836,2.233,3.303,0.000,0.000,11.298,8.597,3.665,64.485
Br62_rep8_Dep6_Tu50,39.803,4.472,1.418,3.902,1.823,0.000,1.907,3.395,1.807,2.132,4.084,1.584,33.674
Br62_rep4_Dep6_Tu0.3,1.245,0.470,1.566,0.000,3.100,1.903,2.897,0.000,0.000,13.622,6.821,3.574,64.803
Br62_rep7_Dep6_Tu1,2.288,0.000,1.544,0.000,3.730,1.703,3.136,0.000,0.000,11.555,6.900,3.591,65.553
Br62_rep3_Dep6_Tu0.5,2.006,0.000,1.635,0.000,2.726,1.803,3.049,0.000,0.000,12.150,7.650,3.975,65.006
Br62_rep7_Dep6_Tu40,31.998,5.471,1.334,2.338,1.871,0.000,1.114,1.272,0.206,8.951,3.600,2.090,39.754
Br62_rep2_Dep6_Tu3,4.623,0.937,1.540,0.000,2.694,1.865,3.304,0.000,0.000,10.667,8.576,3.270,62.524
Br62_rep2_Dep6_Tu0.5,1.636,0.559,1.530,0.000,3.575,1.807,2.899,0.000,0.000,11.773,6.934,3.859,65.429
Br62_rep1_Dep6_Tu50,39.443,4.474,1.272,3.028,1.563,0.000,1.378,3.668,0.000,6.095,3.597,0.884,34.596
Br62_rep3_Dep6_Tu3,3.971,1.681,0.863,0.000,2.799,1.831,3.065,0.000,0.000,11.889,6.499,3.713,63.688
Br62_rep7_Dep6_Tu3,4.256,1.914,1.418,0.000,2.663,1.980,3.042,0.000,0.000,10.283,8.475,3.062,62.906
Br62_rep3_Dep6_Tu0.3,1.842,1.346,1.377,0.000,3.122,1.648,3.300,0.000,0.000,11.324,7.039,3.637,65.366
Br62_rep8_Dep6_Tu30,24.717,3.150,1.609,2.006,2.959,0.224,2.254,0.000,0.000,9.390,5.959,2.210,45.523
Br62_rep4_Dep6_Tu30,24.084,5.150,1.182,1.408,2.491,0.000,2.058,0.486,1.171,10.145,4.271,1.972,45.583
Br62_rep6_Dep6_Tu3,4.587,1.564,0.942,0.000,3.096,1.868,3.053,0.000,0.000,10.721,7.537,2.845,63.789
Br62_rep4_Dep6_Tu0.1,2.009,0.000,1.512,0.000,2.848,2.110,3.532,0.000,0.000,11.286,7.833,3.469,65.402
Br62_rep8_Dep6_Tu5,6.352,1.610,1.091,0.000,2.842,1.652,2.857,0.000,0.000,10.266,7.740,3.602,61.989
Br62_rep10_Dep6_Tu50,38.599,6.781,1.959,3.593,0.485,0.000,1.091,1.136,0.357,7.358,3.688,1.255,33.696
Br62_rep10_Dep6_Tu0.3,1.915,0.266,1.526,0.000,3.391,2.122,2.919,0.000,0.000,10.604,9.102,3.404,64.751
Br62_rep3_Dep6_Tu20,16.929,2.188,1.417,0.694,2.526,0.800,2.406,0.000,0.000,10.555,6.232,2.759,53.494
Br62_rep1_Dep6_Tu1,2.565,0.607,1.443,0.000,3.163,2.036,3.426,0.000,0.000,10.069,8.990,4.017,63.685
Br62_rep3_Dep6_Tu1,2.164,0.000,1.743,0.000,3.470,2.159,2.860,0.000,0.000,10.946,8.041,4.215,64.403
Br62_rep9_Dep6_Tu2,3.067,0.312,1.438,0.000,3.680,1.859,3.340,0.000,0.000,11.677,7.295,2.794,64.538
Br62_rep7_Dep6_Tu50,38.958,6.078,1.540,3.314,1.811,0.000,0.814,5.453,0.000,4.982,3.680,0.669,32.701
Br62_rep7_Dep6_Tu5,5.902,1.109,1.603,0.000,3.644,1.728,2.693,0.000,0.000,10.246,8.710,3.182,61.185
Br62_rep8_Dep6_Tu2,3.348,0.093,1.319,0.000,3.198,2.089,2.567,0.000,0.000,12.286,8.146,4.145,62.809
Br62_rep5_Dep6_Tu0.1,1.811,0.000,1.552,0.000,3.135,2.128,3.001,0.000,0.000,11.588,7.864,3.581,65.341
Br62_rep6_Dep6_Tu5,5.651,1.458,1.154,0.000,2.987,1.748,2.849,0.000,0.000,10.274,7.648,3.736,62.498
Br62_rep9_Dep6_Tu20,17.371,3.718,1.043,1.204,2.223,0.507,2.649,0.000,0.145,8.934,6.407,2.683,53.117
Br62_rep2_Dep6_Tu30,25.454,3.397,0.931,2.361,2.012,0.000,1.438,0.456,0.000,9.949,4.630,2.850,46.522
Br62_rep7_Dep6_Tu10,9.483,1.731,1.386,0.000,3.578,1.577,2.486,0.000,0.000,10.332,6.840,2.967,59.621
Br62_rep6_Dep6_Tu0.1,1.968,0.360,1.296,0.000,3.046,2.123,3.312,0.000,0.000,11.523,8.111,3.669,64.591
Br62_rep5_Dep6_Tu50,38.891,8.323,0.872,3.072,1.372,0.000,0.420,1.576,0.111,5.563,4.823,1.149,33.828
Br62_rep10_Dep6_Tu1,2.208,1.247,1.899,0.000,3.048,1.767,2.980,0.000,0.000,10.410,9.069,3.759,63.613
Br62_rep1_Dep6_Tu30,24.319,5.183,1.135,2.561,2.133,0.000,2.103,0.000,0.376,7.750,4.714,2.435,47.289
Br62_rep7_Dep6_Tu0.3,1.760,0.812,1.459,0.000,3.285,2.244,2.933,0.000,0.000,10.695,7.789,3.165,65.856
Br62_rep2_Dep6_Tu10,9.981,1.330,1.707,0.000,3.204,1.179,3.096,0.000,0.000,11.320,6.235,2.788,59.161
Br62_rep9_Dep6_Tu0.1,1.573,1.104,1.617,0.000,2.924,2.111,3.285,0.000,0.000,10.466,9.015,3.955,63.949
Br62_rep3_Dep6_Tu10,10.842,1.132,1.246,0.000,2.847,1.448,3.529,0.000,0.000,10.397,7.533,2.870,58.157
Br62_rep4_Dep6_Tu5,5.990,1.153,1.655,0.000,2.821,1.994,3.154,0.000,0.000,9.786,8.689,3.488,61.270
Br62_rep8_Dep6_Tu20,16.691,4.591,1.098,2.070,2.217,0.349,2.049,0.000,0.000,9.033,5.676,2.913,53.312
Br62_rep1_Dep6_Tu2,3.583,0.057,1.519,0.000,3.348,2.029,2.768,0.000,0.000,11.466,7.543,4.135,63.554
Br62_rep10_Dep6_Tu5,5.994,2.368,0.912,0.000,3.103,1.580,2.684,0.000,0.000,10.528,7.014,4.167,61.651
Br62_rep10_Dep6_Tu30,25.070,3.024,1.437,2.028,3.295,0.000,1.896,0.146,1.400,8.278,4.489,2.120,46.818
Br62_rep6_Dep6_Tu2,3.303,0.673,1.486,0.000,3.272,1.969,3.056,0.000,0.000,10.223,8.616,3.322,64.079
Br62_rep4_Dep6_Tu3,4.567,0.394,1.561,0.000,3.333,1.919,2.462,0.000,0.000,10.488,7.596,4.075,63.606
