Sample,BRCA,CEAD,CESC,COAD,OV,READ,bcell,cd4tcell,cd8tcell,erythroblast,monocyte,naturalkillercell,neutrophil
Colo_rep2_Dep6_Tu0.5,0.079,19.916,3.990,0.019,22.197,1.538,1.388,3.519,2.664,8.275,6.594,3.128,26.693
Colo_rep2_Dep6_Tu50,2.004,6.814,11.399,0.309,7.202,36.562,5.740,2.013,5.586,6.096,9.797,3.996,2.484
Colo_rep6_Dep6_Tu1,0.095,24.189,8.669,0.002,9.656,3.161,2.365,0.531,2.900,6.548,9.658,4.548,27.680
Colo_rep3_Dep6_Tu2,0.011,22.438,8.497,0.007,29.343,2.439,6.007,4.944,3.097,5.307,1.627,2.957,13.326
Colo_rep7_Dep6_Tu2,0.082,13.167,7.372,0.005,25.477,6.078,2.792,0.119,5.585,7.216,9.387,2.768,19.954
Colo_rep8_Dep6_Tu0.1,0.007,3.941,12.300,0.000,13.336,4.775,4.061,3.598,3.457,6.320,8.747,3.839,35.618
Colo_rep10_Dep6_Tu2,0.041,25.243,4.660,0.004,23.772,5.350,1.268,3.164,4.370,6.149,18.855,3.139,3.985
Colo_rep6_Dep6_Tu3,0.039,15.550,1.346,0.009,32.638,3.487,5.335,3.372,3.687,5.035,11.847,2.118,15.536
Colo_rep9_Dep6_Tu30,1.275,6.972,6.080,0.038,7.982,19.391,6.102,1.568,1.450,10.564,13.865,4.171,20.543
Colo_rep9_Dep6_Tu0.5,0.036,17.296,4.806,0.035,27.908,2.138,2.617,4.812,1.041,5.755,10.655,3.464,19.437
Colo_rep6_Dep6_Tu20,0.957,15.787,3.865,0.029,22.311,15.996,2.240,5.537,0.124,9.057,14.840,7.037,2.218
Colo_rep8_Dep6_Tu30,4.098,0.971,12.192,0.183,24.509,16.115,2.546,6.867,2.685,10.058,12.840,2.252,4.682
Colo_rep3_Dep6_Tu5,0.005,28.173,10.450,0.002,14.561,5.703,3.498,0.959,2.594,7.406,13.771,4.485,8.392
Colo_rep4_Dep6_Tu3,0.375,7.359,5.359,0.024,27.438,5.591,2.514,0.931,6.108,6.926,8.403,3.071,25.900
Colo_rep2_Dep6_Tu10,0.152,6.091,8.036,0.222,33.251,6.150,2.816,1.836,5.895,5.941,9.150,4.235,16.225
Colo_rep3_Dep6_Tu40,0.724,5.474,18.207,0.524,6.975,30.669,4.968,5.131,1.439,3.772,14.255,6.901,0.961
Colo_rep3_Dep6_Tu30,2.658,15.574,2.510,0.212,23.746,20.409,4.133,5.643,1.830,3.291,14.139,4.981,0.875
Colo_rep6_Dep6_Tu30,0.926,5.527,8.437,0.218,13.390,21.726,2.347,7.867,5.713,4.134,7.380,4.611,17.723
Colo_rep4_Dep6_Tu50,0.632,0.114,2.753,0.677,16.849,30.351,6.015,7.314,7.503,8.016,9.942,3.411,6.422
Colo_rep5_Dep6_Tu50,2.016,7.242,8.965,0.422,5.072,33.222,0.117,3.596,7.899,10.000,5.216,4.011,12.222
Colo_rep6_Dep6_Tu2,0.051,5.932,13.951,0.025,19.745,3.517,2.284,1.296,4.748,8.024,12.258,3.711,24.457
Colo_rep10_Dep6_Tu50,3.382,4.727,4.436,0.840,5.062,36.077,5.223,5.703,6.676,7.201,7.625,5.166,7.883
Colo_rep7_Dep6_Tu50,4.131,1.236,7.363,0.157,10.377,29.306,5.397,4.641,12.126,5.519,5.497,1.925,12.326
Colo_rep9_Dep6_Tu40,3.834,3.908,8.296,0.127,11.747,24.890,8.294,0.666,5.978,10.823,2.165,2.851,16.421
Colo_rep8_Dep6_Tu5,0.094,1.373,7.756,0.284,27.181,9.047,3.485,1.018,4.792,7.753,11.506,4.276,21.436
Colo_rep1_Dep6_Tu20,1.158,0.515,10.707,0.384,25.314,12.125,4.706,6.714,4.012,8.148,3.862,4.226,18.130
Colo_rep9_Dep6_Tu2,0.082,23.036,1.437,0.015,20.814,4.024,2.969,0.587,4.148,11.717,6.613,1.667,22.890
Colo_rep5_Dep6_Tu30,2.083,10.687,7.889,0.054,13.335,18.895,5.745,2.524,5.878,8.843,9.165,3.586,11.315
Colo_rep4_Dep6_Tu0.1,0.006,14.123,8.516,0.002,26.398,3.151,1.984,3.483,1.508,6.786,14.270,2.525,17.248
Colo_rep5_Dep6_Tu0.1,0.054,12.659,11.677,0.001,27.224,3.373,2.075,2.632,4.365,2.277,16.753,2.092,14.817
Colo_rep9_Dep6_Tu3,0.037,4.588,10.887,0.010,22.533,3.465,2.429,3.252,5.326,7.220,14.144,3.190,22.918
Colo_rep2_Dep6_Tu0.1,0.009,17.243,9.716,0.001,24.707,4.471,2.647,6.006,1.649,4.693,14.898,5.233,8.727
Colo_rep8_Dep6_Tu10,0.149,21.941,8.141,0.001,12.696,6.045,4.636,6.358,4.344,5.880,11.328,3.563,14.919
Colo_rep4_Dep6_Tu30,0.859,15.581,11.002,0.238,12.083,21.203,2.063,5.190,6.658,5.758,9.372,2.581,7.411
Colo_rep2_Dep6_Tu2,0.040,15.166,10.015,0.002,29.077,3.319,2.543,4.485,2.568,7.443,9.146,2.724,13.471
Colo_rep1_Dep6_Tu5,0.010,25.451,11.533,0.010,15.867,6.651,3.443,5.087,2.184,6.127,15.641,2.375,5.622
Colo_rep8_Dep6_Tu50,1.598,4.537,4.540,1.093,5.370,36.250,6.910,8.262,0.961,7.082,9.632,6.063,7.702
Colo_rep5_Dep6_Tu5,0.005,18.319,10.405,0.001,13.960,6.214,3.685,4.429,1.838,6.820,14.745,4.436,15.143
Colo_rep6_Dep6_Tu50,1.920,8.644,5.061,0.013,1.406,35.626,4.865,3.157,7.041,10.826,8.560,4.318,8.564
Colo_rep5_Dep6_Tu0.5,0.125,12.447,7.880,0.013,26.901,1.363,1.474,3.252,3.896,5.110,16.555,0.408,20.576
Colo_rep4_Dep6_Tu20,0.880,2.830,9.550,0.317,23.817,15.797,4.092,4.901,6.746,3.593,12.610,4.052,10.815
Colo_rep8_Dep6_Tu40,2.883,9.052,7.644,1.273,16.230,23.123,4.485,6.207,5.061,6.989,5.570,3.612,7.872
Colo_rep7_Dep6_Tu0.3,0.055,19.551,4.549,0.010,23.875,2.692,2.138,1.632,1.862,9.347,13.017,3.215,18.058
Colo_rep7_Dep6_Tu30,1.747,7.543,7.747,0.170,16.046,26.787,2.907,3.840,2.798,7.051,9.939,4.183,9.242
Colo_rep10_Dep6_Tu20,1.769,0.609,3.387,0.079,10.333,14.487,5.533,6.182,1.841,9.924,13.230,0.519,32.108
Colo_rep9_Dep6_Tu10,0.254,20.727,8.237,0.080,11.696,9.259,4.350,0.384,7.038,1.240,17.218,2.415,17.102
Colo_rep9_Dep6_Tu0.1,0.012,16.555,7.205,0.000,16.658,3.668,3.363,3.117,5.508,7.265,10.766,2.988,22.895
Colo_rep10_Dep6_Tu0.3,0.043,12.981,6.079,0.046,28.597,0.888,2.314,1.769,7.059,6.593,12.431,2.288,18.913
Colo_rep8_Dep6_Tu20,0.511,4.729,4.636,0.013,19.894,13.782,4.596,5.283,5.453,8.763,8.060,3.464,20.817
Colo_rep3_Dep6_Tu3,0.021,30.559,7.237,0.020,2.537,9.033,2.255,2.643,4.049,5.621,14.356,2.936,18.734
Colo_rep4_Dep6_Tu2,0.019,15.127,7.805,0.002,14.445,2.534,3.040,1.930,5.234,5.774,10.330,3.068,30.692
Colo_rep10_Dep6_Tu0.1,0.033,8.795,2.209,0.000,29.028,2.984,2.559,1.772,5.263,6.042,14.127,3.952,23.234
Colo_rep4_Dep6_Tu0.3,0.028,22.103,3.783,0.002,26.726,2.435,2.487,1.605,4.059,6.618,10.259,2.737,17.158
Colo_rep9_Dep6_Tu0.3,0.204,4.248,0.769,0.041,36.943,1.879,1.430,2.525,3.363,6.115,6.926,2.528,33.029
Colo_rep1_Dep6_Tu10,0.092,20.091,9.962,0.006,19.005,8.414,4.612,5.067,4.580,5.788,16.651,5.134,0.597
Colo_rep6_Dep6_Tu0.3,0.028,21.756,8.701,0.001,20.286,2.867,1.731,2.482,5.232,4.409,20.449,4.555,7.503
Colo_rep6_Dep6_Tu0.5,0.023,31.237,6.613,0.007,6.737,3.781,3.168,4.081,4.956,4.282,8.311,3.370,23.433
Colo_rep10_Dep6_Tu10,0.320,21.757,6.364,0.425,10.980,9.979,5.150,4.729,4.588,7.693,12.571,3.227,12.218
Colo_rep10_Dep6_Tu1,0.016,10.667,5.300,0.019,22.913,2.782,3.514,3.645,5.509,6.694,12.077,3.167,23.697
Colo_rep10_Dep6_Tu5,0.300,2.412,9.826,0.141,33.311,10.170,1.936,2.627,6.726,5.740,17.637,3.260,5.916
Colo_rep10_Dep6_Tu40,0.937,8.969,8.554,0.939,4.187,28.898,4.417,3.807,4.487,8.648,12.135,3.174,10.848
Colo_rep10_Dep6_Tu0.5,0.015,4.062,5.458,0.001,36.094,1.483,5.459,2.781,7.383,5.748,6.297,4.665,20.552
Colo_rep1_Dep6_Tu1,0.016,14.700,5.342,0.000,27.476,2.819,4.063,3.154,5.832,3.449,4.123,4.539,24.488
Colo_rep7_Dep6_Tu20,0.902,2.869,13.256,0.093,22.754,17.626,2.302,4.217,2.636,8.176,14.236,2.498,8.436
Colo_rep6_Dep6_Tu10,0.219,16.238,12.405,0.100,27.115,11.100,2.984,1.660,4.914,0.898,14.272,5.986,2.110
Colo_rep10_Dep6_Tu3,0.513,16.567,6.978,0.249,22.304,2.244,2.727,2.098,7.304,6.429,5.303,0.566,26.719
Colo_rep1_Dep6_Tu30,0.567,15.688,15.581,0.026,2.775,24.874,3.131,1.012,4.546,9.299,13.659,4.364,4.477
Colo_rep1_Dep6_Tu0.1,0.187,13.028,3.708,0.021,16.637,3.009,3.366,2.424,0.672,5.237,11.623,2.814,37.275
Colo_rep7_Dep6_Tu5,0.254,15.335,6.379,0.843,24.839,1.092,4.099,3.062,3.653,6.810,10.015,2.979,20.640
Colo_rep7_Dep6_Tu0.1,0.030,7.380,14.913,0.001,23.264,2.856,2.319,2.795,2.755,7.481,5.669,2.790,27.746
Colo_rep6_Dep6_Tu40,2.111,1.395,6.751,0.151,13.369,29.918,4.116,4.203,1.320,9.965,7.997,4.315,14.389
Colo_rep8_Dep6_Tu2,0.021,24.261,13.955,0.001,3.693,5.710,3.499,0.727,3.282,5.032,14.159,4.432,21.227
Colo_rep7_Dep6_Tu0.5,0.008,36.435,8.616,0.007,2.599,1.793,2.741,2.828,3.153,7.217,13.542,4.182,16.879
Colo_rep5_Dep6_Tu20,0.798,3.424,8.232,0.005,10.778,13.693,4.586,4.720,1.180,9.397,11.090,5.740,26.356
Colo_rep8_Dep6_Tu0.3,0.077,16.031,12.802,0.008,5.796,3.673,1.265,3.043,0.151,5.366,15.139,3.109,33.540
Colo_rep4_Dep6_Tu5,0.040,18.364,3.179,0.001,16.980,6.475,1.294,3.939,5.903,8.767,12.259,3.309,19.491
Colo_rep9_Dep6_Tu1,0.124,8.144,1.595,0.014,25.277,3.319,2.152,2.324,4.133,7.883,13.277,0.487,31.271
Colo_rep1_Dep6_Tu0.5,0.066,15.679,3.539,0.007,26.958,2.486,2.369,4.057,4.087,8.475,4.517,1.478,26.283
Colo_rep8_Dep6_Tu3,0.074,0.232,16.752,0.001,14.757,7.438,2.001,2.972,0.976,9.338,12.561,2.923,29.975
Colo_rep5_Dep6_Tu0.3,0.011,30.999,1.642,0.000,1.718,5.014,1.757,3.260,0.663,7.738,15.128,5.897,26.172
Colo_rep2_Dep6_Tu30,2.552,11.215,4.948,0.287,12.513,20.131,0.216,3.361,5.207,7.270,11.050,4.124,17.126
Colo_rep7_Dep6_Tu10,0.149,1.601,9.845,0.090,35.473,10.432,2.854,4.781,4.772,7.351,7.469,2.957,12.225
Colo_rep2_Dep6_Tu40,3.490,9.016,4.725,0.297,6.118,27.044,8.200,4.824,4.322,8.171,8.468,2.479,12.846
Colo_rep3_Dep6_Tu0.1,0.025,21.432,10.900,0.001,25.489,3.859,1.320,4.177,0.378,7.438,19.926,4.330,0.725
Colo_rep3_Dep6_Tu1,0.020,6.212,4.035,0.001,32.041,1.720,3.125,2.572,4.285,4.836,15.010,1.782,24.362
Colo_rep8_Dep6_Tu1,0.025,20.538,7.970,0.011,17.904,8.542,2.075,0.894,3.611,5.812,17.235,4.040,11.342
Colo_rep4_Dep6_Tu1,0.037,12.808,3.153,0.005,28.472,2.816,5.772,3.978,4.551,3.687,10.910,3.590,20.220
Colo_rep5_Dep6_Tu40,0.671,8.801,8.061,0.225,10.189,27.215,3.433,6.997,4.460,7.629,11.309,5.282,5.727
Colo_rep5_Dep6_Tu10,0.416,16.427,2.788,0.067,19.937,9.556,4.301,0.546,6.704,8.253,14.019,2.022,14.963
Colo_rep2_Dep6_Tu0.3,0.114,5.736,13.641,0.014,14.463,1.714,2.039,3.086,2.138,12.146,10.194,1.448,33.268
Colo_rep10_Dep6_Tu30,1.397,8.376,9.051,0.233,19.210,18.244,4.207,4.860,3.689,8.315,6.439,3.208,12.771
Colo_rep1_Dep6_Tu40,2.867,2.108,8.374,0.370,11.377,26.736,3.918,6.561,8.444,6.289,9.689,1.212,12.056
Colo_rep6_Dep6_Tu0.1,0.096,38.946,5.879,0.004,0.176,2.620,2.626,3.442,3.541,4.713,17.264,2.240,18.453
Colo_rep7_Dep6_Tu40,2.279,8.909,5.797,0.835,3.946,27.135,4.106,4.144,3.971,11.700,12.059,3.414,11.706
Colo_rep1_Dep6_Tu50,2.249,5.713,3.586,0.862,4.737,39.530,6.026,3.149,3.779,11.859,1.454,6.572,10.483
Colo_rep1_Dep6_Tu0.3,0.018,18.242,5.385,0.007,18.147,1.715,2.153,4.078,3.466,5.211,14.604,2.869,24.105
Colo_rep9_Dep6_Tu20,1.410,13.201,6.247,0.008,17.905,14.365,4.227,2.502,3.310,13.536,5.833,2.744,14.713
Colo_rep4_Dep6_Tu10,1.324,19.666,4.679,0.032,17.656,6.133,3.663,2.014,2.580,9.521,8.594,1.968,22.170
Colo_rep6_Dep6_Tu5,0.052,7.445,9.562,0.001,25.785,5.120,4.655,3.568,7.965,3.069,5.662,0.010,27.106
Colo_rep9_Dep6_Tu5,0.161,12.458,10.408,0.038,16.364,3.619,3.143,4.003,5.153,8.980,10.866,3.271,21.536
Colo_rep3_Dep6_Tu50,2.301,7.938,5.977,1.106,9.617,33.069,6.159,0.448,6.297,9.490,12.482,2.657,2.459
Colo_rep5_Dep6_Tu1,0.091,9.149,8.969,0.029,23.242,1.375,3.703,3.914,3.557,9.389,7.758,4.061,24.765
Colo_rep5_Dep6_Tu3,0.072,13.536,4.879,0.037,28.541,4.824,1.557,4.386,3.382,3.008,12.374,3.963,19.440
Colo_rep2_Dep6_Tu1,0.099,20.669,14.052,0.001,21.539,5.053,1.195,4.714,4.722,2.425,19.706,4.212,1.614
Colo_rep7_Dep6_Tu1,0.033,24.146,10.282,0.001,20.494,1.896,1.843,2.570,3.554,4.082,19.194,3.426,8.479
Colo_rep5_Dep6_Tu2,0.054,11.977,0.836,0.003,44.195,4.482,2.501,6.671,0.866,6.501,12.500,6.860,2.552
Colo_rep4_Dep6_Tu40,3.056,9.768,6.048,0.264,10.042,27.958,5.075,2.864,5.156,11.788,3.781,3.277,10.922
Colo_rep2_Dep6_Tu20,0.170,11.647,8.632,0.021,19.115,18.105,4.252,2.273,6.919,8.572,11.054,2.747,6.493
Colo_rep4_Dep6_Tu0.5,0.035,11.768,5.329,0.001,15.898,4.039,2.399,1.773,2.857,8.400,13.306,3.192,31.003
Colo_rep2_Dep6_Tu5,0.181,2.435,10.410,0.002,25.728,6.518,1.025,4.908,3.266,9.633,9.259,2.012,24.622
Colo_rep2_Dep6_Tu3,0.028,4.352,4.633,0.000,34.784,5.207,1.617,5.891,5.163,4.709,15.183,1.169,17.264
Colo_rep3_Dep6_Tu10,1.025,14.476,5.521,0.187,21.558,6.661,4.374,4.553,2.000,7.183,12.540,2.011,17.910
Colo_rep8_Dep6_Tu0.5,0.044,16.763,1.758,0.002,38.282,4.060,5.225,5.518,2.636,3.323,9.595,2.771,10.026
Colo_rep7_Dep6_Tu3,0.028,19.301,6.961,0.000,17.001,5.599,3.053,4.281,6.035,1.257,10.926,3.659,21.899
Colo_rep3_Dep6_Tu0.5,0.019,12.290,10.672,0.001,23.205,3.060,2.089,2.247,4.536,6.942,19.480,3.955,11.505
Colo_rep3_Dep6_Tu20,1.766,18.360,9.049,0.104,15.791,16.071,4.437,0.450,3.314,3.404,14.889,5.659,6.706
Colo_rep1_Dep6_Tu2,0.482,24.834,8.143,0.003,13.452,3.696,2.700,1.199,5.796,4.112,12.812,1.756,21.017
Colo_rep9_Dep6_Tu50,4.745,2.237,11.139,0.518,7.091,39.375,2.928,3.336,3.105,7.158,5.351,3.553,9.464
Colo_rep3_Dep6_Tu0.3,0.012,10.803,8.176,0.015,28.974,2.816,4.711,1.020,5.606,6.443,12.276,1.503,17.645
Colo_rep1_Dep6_Tu3,0.075,0.244,1.577,0.048,36.479,4.547,3.179,3.329,0.810,8.074,17.062,3.433,21.144
Br62_rep5_Dep6_Tu0.5,0.237,12.317,9.471,0.063,23.329,0.773,1.300,3.146,3.459,3.170,14.287,2.930,25.518
Br62_rep5_Dep6_Tu3,1.725,12.392,20.122,2.470,1.218,7.187,1.831,1.858,1.294,8.408,12.330,3.226,25.939
Br62_rep6_Dep6_Tu30,25.946,6.379,7.474,10.513,10.765,4.975,1.359,2.857,1.661,6.698,8.225,3.127,10.023
Br62_rep7_Dep6_Tu20,17.382,4.516,17.643,9.043,19.996,4.833,0.844,2.722,2.664,2.100,11.005,1.565,5.687
Br62_rep2_Dep6_Tu40,35.659,12.036,9.679,16.385,2.521,1.248,1.922,2.270,2.153,2.533,5.822,1.689,6.081
Br62_rep8_Dep6_Tu0.5,0.112,12.451,0.336,0.286,34.013,3.998,5.007,1.292,4.720,6.817,10.865,1.969,18.136
Br62_rep5_Dep6_Tu2,2.280,5.487,5.305,1.333,33.524,4.528,2.956,3.934,4.733,4.873,6.341,3.932,20.776
Br62_rep4_Dep6_Tu50,43.245,4.109,1.923,21.667,13.104,0.091,0.339,1.384,2.859,5.540,2.846,2.030,0.863
Br62_rep8_Dep6_Tu40,36.192,3.694,4.612,16.342,16.535,0.609,1.393,1.835,2.130,5.564,5.405,0.634,5.054
Br62_rep7_Dep6_Tu2,0.984,20.795,9.144,0.057,24.545,4.626,4.142,4.046,6.471,3.225,4.447,0.411,17.107
Br62_rep9_Dep6_Tu40,34.864,6.223,10.501,16.789,6.378,1.674,0.947,0.631,1.312,5.187,6.033,1.629,7.830
Br62_rep10_Dep6_Tu2,0.742,23.888,8.594,0.407,16.699,4.479,2.246,3.125,3.371,5.275,11.514,3.200,16.461
Br62_rep6_Dep6_Tu10,3.421,10.814,12.999,7.717,25.314,4.254,1.022,2.236,5.058,5.103,12.224,2.608,7.231
Br62_rep2_Dep6_Tu2,0.159,13.187,7.638,0.504,31.648,5.626,0.901,2.576,5.355,6.119,13.553,2.328,10.406
Br62_rep9_Dep6_Tu5,2.286,3.674,14.820,3.006,21.552,4.505,2.865,3.059,3.106,8.593,9.018,3.092,20.423
Br62_rep6_Dep6_Tu40,31.286,7.656,4.406,19.881,16.719,2.260,0.570,0.574,2.324,6.183,5.860,1.929,0.353
Br62_rep4_Dep6_Tu20,15.707,7.546,11.246,12.799,20.882,3.962,1.939,2.516,5.062,3.552,10.879,1.431,2.478
Br62_rep9_Dep6_Tu1,0.261,12.728,13.402,0.763,21.039,3.354,2.907,2.637,2.837,5.678,7.170,2.520,24.705
Br62_rep1_Dep6_Tu0.3,0.007,14.547,3.496,0.074,22.847,1.042,3.908,2.143,2.313,6.826,14.700,3.896,24.200
Br62_rep3_Dep6_Tu5,1.331,20.452,5.756,2.045,19.775,6.154,2.145,1.311,3.703,8.926,7.438,2.193,18.769
Br62_rep9_Dep6_Tu50,40.413,9.066,4.427,20.325,11.742,1.216,1.553,1.289,3.108,0.691,2.424,1.695,2.051
Br62_rep5_Dep6_Tu30,21.080,2.724,14.161,12.792,12.974,3.855,3.145,3.253,0.669,7.872,5.174,2.434,9.867
Br62_rep9_Dep6_Tu0.5,0.048,16.841,11.162,0.008,12.992,4.392,2.008,2.811,1.484,5.808,14.043,3.289,25.115
Br62_rep1_Dep6_Tu20,17.332,6.357,6.395,8.896,22.899,1.747,1.849,1.656,5.280,3.738,6.284,3.420,14.147
Br62_rep4_Dep6_Tu2,0.371,14.620,6.267,1.194,19.563,0.603,3.111,2.937,1.528,5.714,12.778,4.955,26.359
Br62_rep8_Dep6_Tu3,2.236,10.268,6.249,2.680,29.719,1.957,2.238,2.434,1.346,9.223,8.363,3.672,19.614
Br62_rep2_Dep6_Tu5,2.651,25.696,21.959,3.314,6.308,4.504,1.927,2.493,1.801,9.480,8.556,4.009,7.302
Br62_rep2_Dep6_Tu1,0.311,16.499,2.835,0.046,24.273,4.242,2.654,1.880,5.200,5.223,10.998,3.282,22.555
Br62_rep8_Dep6_Tu1,0.133,28.887,2.154,0.013,10.115,6.693,1.459,1.425,3.938,5.900,15.764,4.006,19.513
Br62_rep10_Dep6_Tu0.1,0.049,9.570,2.482,0.000,28.168,2.923,3.214,5.111,4.942,3.030,11.025,2.761,26.724
Br62_rep3_Dep6_Tu40,35.076,4.209,9.007,18.155,12.836,2.781,1.641,2.268,0.460,3.180,0.976,3.285,6.127
Br62_rep8_Dep6_Tu0.3,0.195,9.428,11.335,0.055,28.298,5.236,0.731,2.046,3.387,4.485,14.315,2.467,18.022
Br62_rep4_Dep6_Tu0.5,0.006,0.862,10.963,0.001,39.447,4.476,3.021,1.129,5.731,6.990,16.641,2.271,8.462
Br62_rep6_Dep6_Tu50,36.344,1.118,8.868,20.017,4.673,2.366,1.143,2.927,2.967,6.834,0.875,3.341,8.526
Br62_rep7_Dep6_Tu0.1,0.002,21.273,13.077,0.001,26.998,2.830,2.429,2.545,5.165,4.275,16.498,1.806,3.100
Br62_rep9_Dep6_Tu30,26.786,3.592,11.054,7.865,8.064,2.333,1.698,2.143,2.557,4.574,10.644,3.145,15.544
Br62_rep6_Dep6_Tu20,13.367,12.113,10.717,9.720,20.697,2.983,1.858,3.776,4.612,2.484,9.099,3.209,5.366
Br62_rep5_Dep6_Tu5,3.023,15.348,13.317,2.169,22.239,3.688,2.793,3.002,7.691,6.969,12.087,2.107,5.568
Br62_rep4_Dep6_Tu40,31.091,0.258,15.006,18.486,12.131,3.012,1.489,0.608,0.450,5.733,3.598,2.079,6.058
Br62_rep8_Dep6_Tu0.1,0.021,10.761,9.904,0.019,11.924,1.570,4.643,3.702,3.853,5.757,10.994,4.085,32.768
Br62_rep1_Dep6_Tu40,32.749,3.146,13.572,19.367,9.194,3.698,1.158,3.406,4.303,1.576,0.174,1.963,5.693
Br62_rep3_Dep6_Tu30,24.702,9.009,13.353,16.549,13.674,0.797,1.380,1.284,1.678,3.859,3.473,1.920,8.321
Br62_rep7_Dep6_Tu0.5,0.018,16.585,12.152,0.002,14.043,3.013,1.890,1.849,5.435,7.786,9.538,3.021,24.668
Br62_rep1_Dep6_Tu10,1.899,10.955,12.813,6.905,14.919,4.855,6.390,3.971,5.472,8.545,3.628,0.232,19.415
Br62_rep10_Dep6_Tu20,23.694,14.663,11.412,4.000,2.048,2.890,3.030,3.397,4.362,3.469,3.791,0.417,22.827
Br62_rep1_Dep6_Tu5,5.276,27.590,2.074,2.338,12.247,2.687,1.934,2.405,6.185,3.579,13.020,1.585,19.081
Br62_rep3_Dep6_Tu50,38.461,10.187,7.229,19.336,9.140,2.684,2.489,0.873,1.105,4.678,2.701,0.412,0.706
Br62_rep1_Dep6_Tu3,1.096,23.633,0.816,1.509,25.867,6.293,2.514,5.028,1.116,4.827,15.055,3.433,8.814
Br62_rep7_Dep6_Tu30,28.926,7.472,15.917,10.084,4.504,5.214,0.502,1.338,2.123,6.238,4.408,0.659,12.614
Br62_rep6_Dep6_Tu1,0.368,21.195,11.578,0.099,19.414,5.022,0.291,4.783,0.035,8.309,9.063,4.549,15.293
Br62_rep1_Dep6_Tu0.5,0.098,16.082,4.663,0.005,27.591,2.799,3.315,4.224,2.329,6.026,13.006,2.183,17.679
Br62_rep1_Dep6_Tu0.1,0.020,19.830,4.679,0.027,15.338,0.749,2.509,2.772,3.642,5.049,11.044,2.247,32.095
Br62_rep9_Dep6_Tu3,2.158,15.379,4.379,1.633,19.033,5.347,2.554,3.496,4.799,3.364,12.213,3.298,22.347
Br62_rep5_Dep6_Tu40,31.849,7.626,7.035,16.650,10.634,0.569,2.011,0.811,3.408,5.904,3.282,2.187,8.033
Br62_rep10_Dep6_Tu3,1.790,38.802,15.251,0.639,3.390,5.489,1.162,3.953,0.715,8.426,15.277,3.394,1.713
Br62_rep2_Dep6_Tu0.3,0.055,16.975,11.371,0.003,19.431,4.515,2.272,3.545,4.135,3.619,10.193,2.803,21.082
Br62_rep10_Dep6_Tu40,32.808,18.396,8.970,13.853,2.851,3.971,1.385,1.497,2.424,4.705,4.912,1.661,2.566
Br62_rep3_Dep6_Tu2,0.563,16.380,6.166,0.351,29.085,3.550,1.817,1.822,4.851,5.960,15.112,3.974,10.371
Br62_rep5_Dep6_Tu1,1.808,19.697,6.920,0.221,10.413,3.054,2.720,1.024,5.067,9.708,12.377,3.098,23.891
Br62_rep4_Dep6_Tu1,0.119,25.110,6.552,0.433,4.545,7.157,4.368,1.395,2.225,8.065,11.628,4.460,23.944
Br62_rep10_Dep6_Tu0.5,0.095,13.087,4.779,0.022,26.410,3.444,5.216,2.889,5.277,5.907,10.094,4.551,18.228
Br62_rep5_Dep6_Tu20,22.238,15.658,4.295,8.585,12.144,0.384,1.770,0.939,4.091,2.968,8.611,2.070,16.246
Br62_rep6_Dep6_Tu0.3,0.187,14.245,18.323,0.004,2.124,3.833,3.226,3.597,1.244,7.212,17.374,4.227,24.403
Br62_rep9_Dep6_Tu0.3,0.042,7.954,3.866,0.009,33.083,4.434,1.027,3.339,1.741,5.231,14.767,2.405,22.102
Br62_rep2_Dep6_Tu20,17.005,23.499,9.505,7.275,1.684,7.373,1.776,3.588,4.649,4.975,6.553,0.644,11.473
Br62_rep6_Dep6_Tu0.5,0.164,15.268,5.046,0.145,23.353,3.726,3.712,1.523,7.297,6.349,11.941,1.695,19.781
Br62_rep8_Dep6_Tu10,5.369,13.675,13.979,4.141,13.784,4.771,4.192,5.921,4.318,3.841,1.109,2.463,22.437
Br62_rep2_Dep6_Tu0.1,0.056,16.697,10.407,0.000,12.513,4.684,2.281,5.641,1.942,5.410,10.721,4.905,24.743
Br62_rep5_Dep6_Tu10,10.826,17.441,9.392,6.118,11.467,3.282,2.598,3.802,1.596,8.532,11.688,0.059,13.200
Br62_rep10_Dep6_Tu10,9.861,6.083,7.001,3.537,25.425,2.975,2.139,0.367,8.880,7.074,10.397,0.710,15.551
Br62_rep4_Dep6_Tu10,2.339,32.010,12.608,5.991,7.879,3.512,2.339,2.967,1.615,9.360,15.782,1.499,2.098
Br62_rep3_Dep6_Tu0.1,0.036,13.146,5.154,0.002,24.715,3.197,2.364,0.784,3.903,8.036,12.354,2.950,23.359
Br62_rep2_Dep6_Tu50,42.256,6.068,15.216,17.975,5.347,1.063,0.960,1.421,1.311,1.847,1.750,1.188,3.599
Br62_rep9_Dep6_Tu10,4.670,2.741,16.750,8.287,22.759,1.006,3.274,3.383,2.912,4.597,8.722,2.328,18.570
Br62_rep5_Dep6_Tu0.3,0.172,23.949,3.942,0.001,16.906,5.904,1.772,0.959,6.768,3.290,15.337,4.707,16.296
Br62_rep8_Dep6_Tu50,36.649,1.223,5.247,23.306,13.034,3.490,2.996,2.673,0.663,6.851,0.990,2.063,0.815
Br62_rep4_Dep6_Tu0.3,0.096,28.061,4.866,0.009,23.173,3.375,1.367,3.168,5.322,1.157,15.032,3.029,11.344
Br62_rep7_Dep6_Tu1,1.281,26.787,5.109,0.032,26.777,3.331,2.001,3.475,2.185,3.131,16.178,3.790,5.922
Br62_rep3_Dep6_Tu0.5,0.651,10.647,8.602,0.022,17.152,3.662,2.506,1.890,2.769,7.832,16.676,4.012,23.580
Br62_rep7_Dep6_Tu40,27.475,7.625,9.426,19.075,10.209,3.116,2.236,2.317,0.948,5.256,3.673,2.993,5.652
Br62_rep2_Dep6_Tu3,2.685,11.722,2.820,0.731,22.952,3.806,0.841,4.917,2.626,9.414,10.110,2.808,24.569
Br62_rep2_Dep6_Tu0.5,0.220,2.966,9.798,0.017,41.712,3.197,2.315,4.503,0.685,7.431,17.942,3.490,5.723
Br62_rep1_Dep6_Tu50,34.233,7.825,0.542,21.069,6.548,2.570,1.006,3.783,2.478,9.841,1.569,1.152,7.383
Br62_rep3_Dep6_Tu3,4.124,10.798,13.336,0.926,20.098,4.815,1.577,1.632,6.368,6.214,11.844,1.389,16.877
Br62_rep7_Dep6_Tu3,2.812,27.459,9.768,0.577,10.775,5.075,3.021,3.027,4.209,6.032,11.115,3.070,13.061
Br62_rep3_Dep6_Tu0.3,0.096,2.613,10.453,0.016,33.447,3.617,4.260,2.322,5.999,5.594,6.717,1.523,23.341
Br62_rep8_Dep6_Tu30,26.722,12.472,10.716,12.381,9.831,0.848,2.030,0.724,2.988,7.061,6.245,0.987,6.994
Br62_rep4_Dep6_Tu30,26.264,12.880,11.528,15.330,12.735,3.465,1.393,2.423,2.971,0.419,3.933,0.743,5.918
Br62_rep6_Dep6_Tu3,0.688,18.330,14.732,1.450,22.129,5.173,4.129,0.372,6.153,2.763,14.168,2.367,7.546
Br62_rep4_Dep6_Tu0.1,0.032,19.603,5.333,0.003,26.354,3.035,1.273,2.154,4.071,4.521,14.926,2.999,15.697
Br62_rep8_Dep6_Tu5,3.156,18.636,10.077,2.182,18.234,7.473,1.608,2.615,7.180,2.239,11.504,2.963,12.133
Br62_rep10_Dep6_Tu50,45.400,1.577,7.748,18.183,5.821,2.322,2.202,4.025,2.353,1.719,3.262,1.172,4.215
Br62_rep10_Dep6_Tu0.3,0.028,7.498,5.825,0.004,28.918,3.346,2.524,3.081,5.995,4.776,10.052,2.050,25.903
Br62_rep3_Dep6_Tu20,22.232,17.320,8.478,6.073,6.660,1.712,0.659,0.085,4.112,2.699,8.627,1.975,19.370
Br62_rep1_Dep6_Tu1,0.106,11.559,11.651,0.008,26.360,2.533,3.469,1.082,7.479,5.990,3.376,4.830,21.557
Br62_rep3_Dep6_Tu1,0.069,0.833,17.975,0.009,31.031,4.396,2.837,3.378,1.703,1.863,17.338,5.235,13.332
Br62_rep9_Dep6_Tu2,1.411,10.502,10.602,1.305,26.148,2.833,2.574,2.056,1.329,8.032,11.450,4.890,16.868
Br62_rep7_Dep6_Tu50,38.743,0.541,20.490,19.957,3.053,2.033,2.346,0.742,0.983,8.521,0.333,1.297,0.961
Br62_rep7_Dep6_Tu5,0.897,12.027,20.496,3.972,7.187,5.161,3.149,3.120,4.427,5.338,11.528,1.931,20.767
Br62_rep8_Dep6_Tu2,2.538,9.357,9.584,1.350,21.188,5.708,2.716,3.639,2.672,4.843,12.426,2.046,21.933
Br62_rep5_Dep6_Tu0.1,0.108,25.222,1.260,0.005,17.988,3.598,4.064,2.558,0.280,6.728,10.481,2.355,25.353
Br62_rep6_Dep6_Tu5,0.613,16.613,14.162,3.571,15.712,4.870,2.683,0.762,4.675,7.380,11.964,2.299,14.696
Br62_rep9_Dep6_Tu20,16.305,14.871,2.500,9.752,21.860,3.062,0.256,2.118,3.187,7.653,7.791,1.905,8.741
Br62_rep2_Dep6_Tu30,29.477,6.329,3.585,15.055,20.892,1.378,0.547,1.981,0.340,3.927,6.792,1.817,7.881
Br62_rep7_Dep6_Tu10,8.528,28.173,9.222,3.396,8.483,5.764,2.262,3.233,1.840,3.577,10.874,2.262,12.386
Br62_rep6_Dep6_Tu0.1,0.114,21.125,3.078,0.002,23.449,3.183,3.127,2.556,4.224,5.146,16.646,2.217,15.132
Br62_rep5_Dep6_Tu50,43.142,3.042,16.148,16.641,4.888,0.162,1.260,0.665,1.649,2.526,3.898,1.081,4.898
Br62_rep10_Dep6_Tu1,0.022,17.194,7.547,0.033,15.784,4.630,2.349,2.084,5.898,8.345,14.906,3.409,17.802
Br62_rep1_Dep6_Tu30,20.254,15.504,8.402,12.538,6.394,5.427,2.152,1.181,1.683,8.732,5.641,2.066,10.027
Br62_rep7_Dep6_Tu0.3,0.046,19.331,9.052,0.242,24.050,1.659,2.058,0.826,3.729,9.055,12.234,2.930,14.788
Br62_rep2_Dep6_Tu10,2.949,18.023,12.655,7.082,17.954,0.638,2.086,2.919,2.280,4.335,11.654,3.011,14.413
Br62_rep9_Dep6_Tu0.1,0.067,13.463,2.634,0.018,24.269,1.659,4.512,0.347,7.195,10.054,7.541,2.621,25.619
Br62_rep3_Dep6_Tu10,4.554,2.189,16.480,4.276,21.962,5.234,3.497,2.848,2.376,10.726,1.692,3.095,21.073
Br62_rep4_Dep6_Tu5,2.350,14.409,10.209,3.622,8.372,7.249,1.684,5.309,3.872,5.106,8.693,3.710,25.416
Br62_rep8_Dep6_Tu20,17.625,0.894,13.517,8.214,16.929,4.341,1.226,3.399,3.082,4.712,8.293,2.596,15.171
Br62_rep1_Dep6_Tu2,1.140,17.702,8.320,0.641,18.691,4.434,1.986,3.370,3.566,7.234,9.046,1.852,22.017
Br62_rep10_Dep6_Tu5,3.895,8.662,24.969,0.711,4.015,7.844,2.145,5.975,3.695,1.969,14.194,3.388,18.537
Br62_rep10_Dep6_Tu30,19.063,19.172,9.202,12.847,8.463,1.191,2.199,1.567,3.440,6.456,6.601,0.937,8.862
Br62_rep6_Dep6_Tu2,0.639,16.688,13.687,0.080,14.308,6.942,2.208,3.746,3.426,6.194,1.846,3.797,26.440
Br62_rep4_Dep6_Tu3,1.730,24.526,24.710,1.470,1.680,0.389,0.424,1.726,4.170,9.120,18.861,4.692,6.502
Br66_rep4_Dep6_Tu50,49.102,10.115,3.914,5.657,7.519,1.101,2.780,0.345,6.624,3.269,8.523,0.779,0.272
Br66_rep3_Dep6_Tu0.5,0.631,12.294,7.355,0.003,25.489,1.057,2.222,3.641,3.476,7.079,16.949,3.574,16.230
Br66_rep2_Dep6_Tu3,1.084,3.938,5.958,0.018,26.823,1.135,1.615,3.343,4.035,11.048,12.702,3.239,25.062
Br66_rep6_Dep6_Tu40,37.322,9.540,9.054,6.543,8.028,1.080,1.550,0.984,2.167,5.661,8.657,1.688,7.725
Br66_rep9_Dep6_Tu0.1,0.010,9.849,7.695,0.003,28.528,3.693,1.469,2.394,5.900,8.897,14.864,3.820,12.877
Br66_rep9_Dep6_Tu5,5.724,5.593,5.674,2.178,27.506,2.197,3.552,1.709,3.153,5.647,9.862,4.357,22.850
Br66_rep10_Dep6_Tu1,0.144,7.129,12.340,0.016,21.413,3.400,2.946,4.999,0.133,10.132,11.360,1.440,24.549
Br66_rep6_Dep6_Tu20,19.963,10.006,4.282,4.673,28.105,1.566,1.741,3.005,0.815,6.505,10.032,3.144,6.162
Br66_rep10_Dep6_Tu30,28.613,3.793,11.612,4.363,28.020,2.941,3.627,3.068,1.764,5.814,2.743,2.755,0.888
Br66_rep10_Dep6_Tu5,4.584,29.534,7.344,0.067,11.323,4.485,4.737,2.933,4.548,3.987,3.370,3.023,20.064
Br66_rep7_Dep6_Tu1,0.702,19.943,0.691,0.025,27.499,0.200,2.195,1.550,5.963,5.866,15.151,0.560,19.654
Br66_rep6_Dep6_Tu0.3,0.055,16.118,11.015,0.000,22.191,2.756,2.813,2.463,4.075,3.633,21.383,4.740,8.759
Br66_rep1_Dep6_Tu30,31.397,17.075,5.040,4.327,10.756,0.002,2.123,2.863,3.512,0.966,7.026,2.992,11.920
Br66_rep3_Dep6_Tu1,0.165,11.506,7.648,0.001,26.400,1.978,1.758,1.438,3.754,4.193,14.497,4.663,21.999
Br66_rep3_Dep6_Tu30,30.206,11.224,7.282,5.277,13.588,2.133,2.170,0.422,2.554,3.098,11.567,2.148,8.331
Br66_rep9_Dep6_Tu1,0.632,20.681,10.068,0.013,20.327,3.095,3.977,1.456,3.736,4.766,13.034,1.949,16.266
Br66_rep9_Dep6_Tu40,39.314,15.477,5.803,5.526,9.289,4.879,1.977,0.573,3.574,0.061,6.762,2.118,4.647
Br66_rep5_Dep6_Tu1,0.640,7.243,12.271,0.100,24.263,1.263,3.319,0.117,3.406,10.897,14.255,4.768,17.458
Br66_rep2_Dep6_Tu5,1.832,23.117,9.140,0.020,15.424,6.623,2.145,5.253,1.914,2.615,11.330,4.462,16.124
Br66_rep5_Dep6_Tu30,27.350,15.445,6.865,3.273,6.430,5.667,3.259,3.894,1.976,6.738,7.538,2.287,9.278
Br66_rep7_Dep6_Tu50,44.462,3.794,10.152,8.302,8.465,2.719,2.165,2.790,2.749,4.969,3.388,1.922,4.123
Br66_rep4_Dep6_Tu40,37.245,10.394,6.347,8.438,9.387,2.900,0.053,1.715,2.663,4.632,9.745,2.468,4.015
Br66_rep8_Dep6_Tu5,3.938,14.364,3.319,0.577,22.592,5.501,3.717,2.916,3.574,5.756,11.319,4.192,18.233
Br66_rep9_Dep6_Tu2,0.636,18.790,6.430,0.940,28.358,0.266,2.849,3.300,2.338,8.065,10.360,3.726,13.940
Br66_rep6_Dep6_Tu30,28.604,0.284,9.734,5.474,18.581,0.385,4.260,0.663,5.092,4.838,9.098,2.583,10.405
Br66_rep4_Dep6_Tu0.1,0.022,13.432,6.315,0.003,25.459,2.466,2.866,1.221,1.582,7.746,7.867,3.667,27.355
Br66_rep5_Dep6_Tu10,11.934,14.854,0.398,0.736,24.209,1.824,3.900,5.451,1.545,4.950,10.359,2.658,17.181
Br66_rep3_Dep6_Tu40,38.267,9.859,3.055,6.583,11.255,3.649,2.950,1.580,0.809,1.605,3.576,4.599,12.212
Br66_rep9_Dep6_Tu0.5,0.101,16.425,7.263,0.229,25.692,0.026,2.452,0.879,6.288,4.600,10.172,3.221,22.653
Br66_rep8_Dep6_Tu2,1.341,14.108,8.574,0.061,18.757,4.466,2.765,4.107,0.620,6.050,12.296,4.187,22.668
Br66_rep10_Dep6_Tu2,0.054,18.876,2.301,0.419,29.799,4.626,4.262,3.538,3.010,8.629,10.950,2.650,10.887
Br66_rep6_Dep6_Tu0.1,0.005,18.143,5.949,0.002,21.773,2.916,3.904,2.729,6.719,0.651,12.257,1.953,22.999
Br66_rep5_Dep6_Tu0.5,0.217,28.390,12.472,0.001,3.223,3.235,3.056,0.954,0.785,2.044,14.752,4.020,26.852
Br66_rep2_Dep6_Tu20,19.524,14.405,11.692,3.802,17.092,3.635,3.426,3.177,3.322,4.205,5.634,2.175,7.913
Br66_rep4_Dep6_Tu0.5,0.164,7.876,6.456,0.001,35.050,3.543,2.600,2.171,4.589,7.625,12.735,2.219,14.970
Br66_rep4_Dep6_Tu5,1.812,22.216,6.835,0.117,10.512,5.244,4.370,5.359,3.515,7.205,1.683,4.511,26.621
Br66_rep8_Dep6_Tu0.5,0.043,22.386,6.388,0.015,20.896,3.005,4.440,3.069,5.269,5.575,12.693,0.804,15.417
Br66_rep5_Dep6_Tu20,20.472,14.721,4.846,2.741,10.316,4.018,4.008,0.619,2.197,3.790,11.144,3.936,17.192
Br66_rep1_Dep6_Tu3,2.317,16.987,4.253,0.847,32.911,3.741,2.561,5.454,0.751,4.585,16.353,3.817,5.423
Br66_rep10_Dep6_Tu10,10.509,9.170,10.150,0.863,21.345,3.217,2.684,1.691,5.043,5.983,6.794,3.474,19.077
Br66_rep3_Dep6_Tu10,8.288,6.177,12.140,0.741,23.104,2.607,1.451,1.675,4.057,8.725,12.114,2.199,16.724
Br66_rep10_Dep6_Tu40,31.681,0.275,2.268,11.707,18.639,1.080,4.244,2.516,4.968,5.014,3.238,0.633,13.738
Br66_rep1_Dep6_Tu50,48.542,6.546,2.663,7.663,6.602,1.110,1.619,2.116,1.610,4.596,6.912,2.691,7.331
Br66_rep10_Dep6_Tu0.5,0.016,15.678,6.574,0.007,24.429,3.077,3.231,1.697,2.729,6.636,13.563,3.152,19.210
Br66_rep1_Dep6_Tu0.3,0.026,26.601,8.223,0.484,3.848,2.282,3.810,2.842,2.974,4.217,13.935,3.330,27.426
Br66_rep10_Dep6_Tu0.1,0.015,25.646,12.193,0.000,6.727,2.910,3.065,3.492,3.838,4.835,12.363,5.156,19.759
Br66_rep8_Dep6_Tu40,39.600,17.492,5.477,7.077,4.295,4.391,3.152,2.402,0.020,4.861,6.702,0.088,4.444
Br66_rep3_Dep6_Tu20,21.404,35.443,5.373,1.270,2.422,4.020,2.187,2.292,3.788,1.464,14.235,2.528,3.575
Br66_rep9_Dep6_Tu0.3,0.275,17.291,4.610,0.010,19.783,4.465,0.549,0.995,1.303,5.960,15.189,3.231,26.338
Br66_rep7_Dep6_Tu0.3,0.024,29.599,9.496,0.010,17.268,3.998,2.349,2.456,1.361,8.031,13.854,3.242,8.312
Br66_rep5_Dep6_Tu2,0.566,6.737,12.414,0.004,15.311,4.451,3.019,1.630,4.852,8.139,6.616,4.788,31.474
Br66_rep5_Dep6_Tu0.3,0.034,7.925,11.734,0.291,33.096,2.869,1.998,2.715,2.331,5.886,17.419,7.232,6.470
Br66_rep6_Dep6_Tu5,6.394,12.435,10.589,0.121,22.998,4.496,4.624,3.765,3.542,0.341,10.897,1.320,18.479
Br66_rep5_Dep6_Tu3,1.731,10.370,5.954,0.117,30.532,4.561,0.167,5.749,0.632,8.798,12.725,3.056,15.607
Br66_rep1_Dep6_Tu5,3.941,13.511,5.576,0.198,29.500,3.758,2.904,4.689,1.958,6.301,11.736,2.905,13.023
Br66_rep6_Dep6_Tu10,9.529,16.970,11.672,0.358,19.229,4.154,2.699,0.413,4.645,2.537,12.688,4.340,10.766
Br66_rep3_Dep6_Tu5,4.104,4.222,5.244,1.670,33.464,3.181,2.484,1.996,5.049,7.265,9.435,0.435,21.450
Br66_rep1_Dep6_Tu1,0.373,4.734,4.708,0.000,28.583,2.052,3.541,3.474,1.044,7.820,13.402,4.988,25.280
Br66_rep4_Dep6_Tu30,25.927,7.967,10.333,7.267,15.115,3.008,1.135,3.474,1.064,5.115,5.318,1.502,12.774
Br66_rep8_Dep6_Tu20,21.794,15.875,9.884,0.410,15.616,5.461,2.338,4.792,1.906,3.574,7.994,3.907,6.449
Br66_rep4_Dep6_Tu10,11.193,13.721,10.934,0.997,18.795,3.669,1.987,0.893,4.377,3.920,17.951,1.124,10.439
Br66_rep2_Dep6_Tu1,0.619,12.142,10.028,0.074,25.358,4.212,1.758,2.503,5.789,6.734,17.409,2.195,11.179
Br66_rep6_Dep6_Tu2,0.236,13.312,6.580,0.006,26.425,5.295,2.447,3.309,4.679,1.663,13.159,3.922,18.967
Br66_rep6_Dep6_Tu0.5,0.079,24.314,2.585,0.033,10.577,2.881,4.444,0.925,4.389,7.233,10.761,3.505,28.273
Br66_rep5_Dep6_Tu0.1,0.126,22.760,9.263,0.001,23.106,4.036,3.625,2.777,0.581,2.240,14.749,3.814,12.920
Br66_rep2_Dep6_Tu2,1.245,19.003,0.049,0.042,30.105,3.525,2.639,0.419,6.251,7.602,11.468,1.161,16.490
Br66_rep10_Dep6_Tu50,54.980,12.571,8.434,6.249,3.775,2.721,1.740,1.882,0.832,1.244,3.520,1.489,0.565
Br66_rep7_Dep6_Tu3,2.006,14.580,7.812,0.011,18.264,5.913,1.512,3.239,3.087,7.066,12.031,4.018,20.463
Br66_rep7_Dep6_Tu10,9.594,8.139,18.116,0.420,18.897,4.671,2.605,3.633,3.124,3.632,14.084,2.061,11.026
Br66_rep2_Dep6_Tu0.5,0.073,22.733,7.900,0.003,16.327,3.132,0.789,0.235,5.739,4.179,17.612,3.154,18.125
Br66_rep5_Dep6_Tu50,45.498,10.287,5.312,11.513,8.377,1.085,2.025,0.779,3.567,0.405,5.915,1.703,3.536
Br66_rep9_Dep6_Tu20,19.885,13.659,6.783,1.344,28.437,3.815,3.094,6.465,1.081,2.994,4.163,1.409,6.872
Br66_rep8_Dep6_Tu3,3.485,17.957,3.594,0.085,20.787,4.639,1.156,0.995,4.231,6.931,11.419,3.498,21.223
Br66_rep9_Dep6_Tu10,8.399,20.113,3.705,0.877,13.127,3.268,2.926,1.690,1.725,5.897,12.026,3.851,22.394
Br66_rep7_Dep6_Tu2,1.135,25.339,2.813,0.007,15.648,3.905,3.996,2.659,2.572,7.517,10.754,1.482,22.173
Br66_rep6_Dep6_Tu3,1.081,22.415,5.486,0.043,21.782,5.944,5.292,0.665,7.000,3.661,9.563,1.502,15.564
Br66_rep1_Dep6_Tu0.5,0.115,8.051,5.525,0.008,30.331,2.990,2.300,0.198,8.588,6.168,11.471,0.235,24.019
Br66_rep2_Dep6_Tu40,40.143,11.150,1.671,4.806,10.473,2.651,4.377,2.806,0.917,2.829,3.242,2.202,12.732
Br66_rep1_Dep6_Tu2,2.884,35.904,3.291,0.011,10.945,1.795,2.094,0.693,3.610,7.514,14.511,2.702,14.047
Br66_rep8_Dep6_Tu1,0.160,19.809,3.965,0.010,22.744,6.744,0.715,1.094,1.079,7.580,12.559,6.593,16.949
Br66_rep4_Dep6_Tu3,0.612,19.790,10.788,0.294,24.199,4.323,3.368,3.898,4.373,6.001,15.881,2.359,4.115
Br66_rep7_Dep6_Tu40,35.546,8.716,12.554,6.087,7.426,6.273,2.420,1.792,2.233,2.963,7.720,3.472,2.798
Br66_rep7_Dep6_Tu0.5,0.003,26.809,9.254,0.005,13.258,2.418,1.353,2.830,6.167,8.139,13.430,1.706,14.629
Br66_rep2_Dep6_Tu30,35.417,9.439,6.174,5.384,13.381,1.490,0.391,2.096,1.585,1.329,8.353,2.240,12.722
Br66_rep2_Dep6_Tu0.1,0.029,8.154,8.125,0.003,24.601,4.159,1.186,3.243,6.018,6.241,12.558,4.351,21.330
Br66_rep7_Dep6_Tu0.1,0.043,13.706,11.651,0.083,26.117,0.930,3.040,2.378,3.605,6.491,13.016,1.806,17.134
Br66_rep1_Dep6_Tu40,39.073,7.658,1.951,6.480,12.406,3.254,1.954,0.669,4.407,5.173,5.418,0.568,10.989
Br66_rep7_Dep6_Tu5,4.047,21.820,0.053,1.725,20.801,4.190,2.039,0.213,4.986,5.978,10.669,2.787,20.692
Br66_rep4_Dep6_Tu1,0.210,7.880,6.492,0.055,28.475,6.190,5.051,3.405,2.155,5.920,15.906,3.484,14.775
Br66_rep8_Dep6_Tu0.1,0.005,4.230,6.136,0.001,30.851,3.850,4.863,3.557,2.718,6.359,5.245,4.520,27.666
Br66_rep4_Dep6_Tu2,0.886,23.235,8.953,0.007,6.083,2.956,2.315,2.461,4.661,3.413,13.541,3.203,28.286
Br66_rep1_Dep6_Tu0.1,0.026,28.630,3.502,0.000,7.149,3.881,2.226,0.613,4.462,4.490,10.792,2.483,31.745
Br66_rep2_Dep6_Tu10,9.533,16.553,6.343,0.167,27.469,0.717,2.495,3.842,3.964,2.214,14.001,2.666,10.039
Br66_rep4_Dep6_Tu20,18.322,26.169,3.116,5.751,0.003,2.594,4.671,3.358,3.478,2.638,12.748,2.740,14.413
Br66_rep4_Dep6_Tu0.3,0.029,24.774,10.287,0.000,20.930,3.864,2.029,3.590,6.137,0.092,13.664,1.037,13.566
Br66_rep10_Dep6_Tu3,3.641,18.618,4.967,0.210,16.585,3.832,2.919,2.256,2.529,6.354,13.543,3.389,21.156
Br66_rep1_Dep6_Tu20,16.680,20.545,2.029,1.538,17.327,4.381,2.655,2.360,5.544,5.861,6.040,4.090,10.949
Br66_rep6_Dep6_Tu1,0.398,20.321,2.069,0.006,26.481,2.089,3.196,4.862,0.680,7.591,3.373,3.660,25.275
Br66_rep6_Dep6_Tu50,43.574,12.055,2.764,7.534,11.222,2.851,1.459,4.456,2.371,3.638,2.993,2.953,2.129
Br66_rep9_Dep6_Tu3,2.396,15.031,4.158,0.317,18.672,2.772,3.167,4.110,2.189,9.774,10.699,3.976,22.739
Br66_rep3_Dep6_Tu50,48.533,4.699,4.369,6.353,11.854,1.503,3.342,0.411,1.653,1.152,7.521,2.821,5.790
Br66_rep8_Dep6_Tu30,27.662,3.155,6.890,7.175,32.746,0.141,0.653,4.970,0.055,2.555,9.132,3.322,1.546
Br66_rep7_Dep6_Tu20,19.871,22.416,13.492,1.968,4.051,4.324,2.050,1.990,1.409,5.367,9.790,2.987,10.287
Br66_rep3_Dep6_Tu2,0.182,24.226,7.483,0.033,8.514,4.329,4.487,1.731,5.514,4.454,9.948,1.894,27.205
Br66_rep8_Dep6_Tu50,44.659,7.816,3.904,9.774,7.080,4.525,3.041,2.103,3.042,1.346,2.284,3.145,7.280
Br66_rep3_Dep6_Tu3,2.337,6.307,4.256,0.060,30.536,4.546,1.596,2.067,4.408,8.192,15.167,3.934,16.594
Br66_rep3_Dep6_Tu0.3,0.198,23.334,8.445,0.156,10.892,1.418,5.442,3.877,0.430,7.320,13.222,1.757,23.509
Br66_rep8_Dep6_Tu0.3,0.134,6.518,8.038,0.001,23.267,4.323,1.243,2.317,0.697,6.441,13.641,2.212,31.169
Br66_rep3_Dep6_Tu0.1,0.041,2.531,14.166,0.002,23.655,3.918,0.531,3.351,2.826,8.709,19.223,1.416,19.632
Br66_rep10_Dep6_Tu0.3,0.011,13.537,1.960,0.002,17.701,4.277,1.894,0.938,2.615,7.405,20.140,3.115,26.405
Br66_rep2_Dep6_Tu50,41.303,6.065,6.825,9.264,11.075,4.869,2.144,0.981,2.004,1.462,5.322,1.050,7.639
Br66_rep5_Dep6_Tu5,3.614,10.315,11.055,0.287,29.975,6.110,4.514,0.786,8.907,2.571,12.113,1.875,7.878
Br66_rep10_Dep6_Tu20,16.731,18.398,3.448,4.764,17.804,4.077,2.589,6.070,2.764,4.327,4.997,2.105,11.928
Br66_rep7_Dep6_Tu30,31.000,19.304,12.369,1.917,3.937,1.188,2.425,2.735,1.427,3.318,2.799,2.931,14.651
Br66_rep9_Dep6_Tu30,28.993,18.251,5.700,4.576,9.983,1.403,2.884,3.138,1.267,3.541,11.924,3.734,4.606
Br66_rep5_Dep6_Tu40,39.134,0.843,4.889,4.957,5.120,2.625,1.956,1.310,4.916,6.438,2.320,2.050,23.444
Br66_rep8_Dep6_Tu10,13.542,18.870,1.181,0.055,18.502,3.680,1.969,4.212,4.452,1.641,13.903,3.823,14.171
Br66_rep9_Dep6_Tu50,42.801,3.375,5.853,11.044,15.869,2.403,0.589,2.395,1.235,2.196,2.214,2.014,8.013
Br66_rep2_Dep6_Tu0.3,0.170,17.444,8.263,0.004,21.567,2.942,1.866,2.013,5.076,4.768,10.269,3.678,21.940
Br66_rep1_Dep6_Tu10,8.933,26.832,7.421,0.818,7.117,2.075,5.509,5.119,1.508,1.430,12.501,5.705,15.031
Cer77_rep9_Dep6_Tu3,0.216,23.970,13.491,1.032,4.155,3.549,3.133,5.110,5.640,7.670,13.593,3.445,14.995
Cer77_rep5_Dep6_Tu30,9.738,6.930,17.468,18.249,4.074,2.191,3.726,12.650,2.810,7.771,9.473,3.269,1.649
Cer77_rep3_Dep6_Tu30,11.539,25.979,4.352,20.930,0.032,1.602,4.791,7.146,5.480,3.278,5.454,1.373,8.045
Cer77_rep8_Dep6_Tu50,8.642,1.753,7.948,33.887,2.820,1.214,6.744,17.889,5.759,2.393,5.285,3.500,2.166
Cer77_rep1_Dep6_Tu1,0.075,24.720,0.490,0.002,9.680,2.547,3.210,0.793,4.314,7.409,13.357,5.064,28.341
Cer77_rep7_Dep6_Tu3,0.541,28.074,1.811,0.303,14.654,5.680,4.624,6.028,0.336,4.612,13.655,4.890,14.791
Cer77_rep10_Dep6_Tu2,0.534,14.508,4.821,2.969,23.044,1.750,5.033,2.531,1.302,8.398,2.584,3.340,29.185
Cer77_rep2_Dep6_Tu0.5,0.033,23.442,10.399,0.023,10.964,2.417,1.431,3.043,2.776,6.706,14.252,2.629,21.884
Cer77_rep3_Dep6_Tu20,8.769,20.062,6.876,12.053,6.712,2.978,0.483,10.087,4.141,5.819,6.143,0.696,15.181
Cer77_rep1_Dep6_Tu2,0.859,25.786,8.939,0.098,8.633,2.945,3.580,2.726,4.137,8.878,7.345,0.068,26.005
Cer77_rep2_Dep6_Tu5,1.799,7.192,0.548,2.759,23.021,5.996,3.992,4.712,3.035,8.733,3.275,2.249,32.688
Cer77_rep5_Dep6_Tu0.5,0.112,16.023,7.391,0.004,25.219,3.279,2.396,3.060,2.333,3.633,14.292,2.815,19.443
Cer77_rep2_Dep6_Tu50,9.700,12.363,9.639,33.395,2.665,0.717,5.874,4.772,2.353,5.840,5.723,4.960,1.999
Cer77_rep9_Dep6_Tu0.5,0.033,18.676,14.972,0.002,10.079,4.745,0.962,4.298,5.348,1.508,9.985,2.720,26.671
Cer77_rep4_Dep6_Tu10,1.936,24.650,10.943,6.167,2.220,2.912,4.349,4.972,1.702,6.184,13.084,2.490,18.390
Cer77_rep9_Dep6_Tu20,4.992,4.941,12.356,13.295,15.335,3.709,2.031,11.771,4.220,6.283,10.633,2.867,7.566
Cer77_rep3_Dep6_Tu10,0.711,19.382,7.777,9.686,10.046,2.769,1.479,6.021,3.217,6.564,10.340,3.483,18.525
Cer77_rep6_Dep6_Tu5,1.015,25.052,10.599,2.197,13.837,2.853,5.260,7.063,2.452,2.061,11.346,3.637,12.625
Cer77_rep5_Dep6_Tu1,0.035,10.834,12.072,0.052,27.372,2.397,3.343,5.781,3.696,7.611,6.485,3.980,16.342
Cer77_rep5_Dep6_Tu0.3,0.068,7.153,8.202,0.001,25.674,3.916,2.187,4.874,1.399,7.352,13.709,4.051,21.414
Cer77_rep4_Dep6_Tu50,14.340,6.089,6.920,29.413,1.678,0.478,6.991,20.727,1.685,2.944,2.609,3.123,3.003
Cer77_rep6_Dep6_Tu0.3,0.096,5.993,7.261,0.001,25.697,1.820,2.849,3.557,2.840,7.654,14.563,3.437,24.232
Cer77_rep4_Dep6_Tu40,9.313,9.388,6.331,26.468,4.307,3.628,5.358,8.530,5.483,8.420,4.452,2.430,5.892
Cer77_rep10_Dep6_Tu5,0.295,19.627,10.133,5.447,14.238,4.830,3.529,2.196,4.189,4.392,13.135,2.643,15.346
Cer77_rep3_Dep6_Tu1,0.254,21.387,1.049,0.024,33.223,3.517,3.372,2.412,3.638,4.367,17.726,4.591,4.440
Cer77_rep8_Dep6_Tu40,10.000,5.230,4.267,25.421,6.896,1.512,5.787,16.130,5.561,1.245,7.235,4.171,6.544
Cer77_rep7_Dep6_Tu0.3,0.034,32.950,7.097,0.323,5.218,3.814,2.089,0.826,3.485,8.330,13.735,2.490,19.608
Cer77_rep3_Dep6_Tu0.1,0.026,2.842,9.466,0.010,28.433,2.921,2.622,2.204,3.245,7.994,9.100,2.616,28.521
Cer77_rep4_Dep6_Tu0.3,0.029,30.663,12.229,0.005,12.458,2.792,0.285,1.569,2.922,6.947,16.179,4.922,9.001
Cer77_rep6_Dep6_Tu2,0.138,26.222,6.944,1.318,2.930,3.710,3.116,1.956,3.930,7.543,11.223,3.574,27.396
Cer77_rep6_Dep6_Tu20,5.749,27.672,3.048,14.499,8.368,2.651,3.960,6.164,5.590,3.304,9.715,3.588,5.693
Cer77_rep9_Dep6_Tu40,10.078,9.131,2.445,22.924,5.235,1.452,10.584,11.076,1.014,8.003,6.384,2.950,8.724
