Sample,BRCA,CEAD,CESC,COAD,OV,READ,bcell,cd4tcell,cd8tcell,erythroblast,monocyte,naturalkillercell,neutrophil,Unknown-1
Colo_rep2_Dep6_Tu0.5,8.110,0.000,0.000,0.000,0.000,67.819,0.000,10.742,0.035,0.000,0.000,0.000,13.293,0.000
Colo_rep2_Dep6_Tu50,14.415,0.000,0.000,36.441,0.000,30.884,0.000,7.690,3.812,0.000,0.000,0.034,6.725,0.000
Colo_rep6_Dep6_Tu1,20.663,0.000,0.000,0.000,0.000,59.077,0.000,9.088,0.000,0.000,0.000,0.000,11.171,0.000
Colo_rep3_Dep6_Tu2,22.816,0.000,0.000,0.000,0.000,56.679,0.000,1.534,0.003,0.000,0.000,0.000,16.982,1.986
Colo_rep7_Dep6_Tu2,21.593,0.000,0.000,0.000,0.000,62.662,0.000,4.905,0.000,0.000,0.000,0.000,10.839,0.000
Colo_rep8_Dep6_Tu0.1,17.751,0.000,0.000,0.000,0.000,61.705,1.254,2.676,0.016,0.000,0.000,0.000,3.071,13.528
Colo_rep10_Dep6_Tu2,5.151,0.000,0.000,0.000,0.000,64.193,0.000,14.954,0.000,0.000,0.009,0.000,15.692,0.000
Colo_rep6_Dep6_Tu3,23.517,0.000,0.000,0.000,0.000,56.939,0.000,2.856,0.000,0.000,0.000,0.000,16.371,0.317
Colo_rep9_Dep6_Tu30,8.740,0.000,0.000,25.936,0.000,38.115,0.000,9.223,1.266,0.000,0.000,0.000,6.712,10.008
Colo_rep9_Dep6_Tu0.5,13.751,0.000,0.000,0.000,0.000,66.331,0.000,7.258,1.493,0.000,0.000,0.000,11.167,0.000
Colo_rep6_Dep6_Tu20,18.492,0.000,0.704,15.947,0.000,46.650,0.000,7.994,0.104,0.000,0.000,0.000,10.108,0.000
Colo_rep8_Dep6_Tu30,4.541,0.000,0.000,22.184,0.000,43.327,0.000,12.008,0.421,0.000,0.003,1.892,15.622,0.000
Colo_rep3_Dep6_Tu5,14.075,0.000,0.000,0.000,0.000,65.382,0.000,11.734,0.000,0.000,0.000,0.000,8.808,0.000
Colo_rep4_Dep6_Tu3,4.526,0.000,0.000,0.000,0.000,64.407,0.000,16.665,0.185,0.000,0.007,0.000,3.086,11.123
Colo_rep2_Dep6_Tu10,7.487,0.000,0.000,7.432,0.000,57.976,0.000,13.920,0.000,0.000,0.000,0.000,13.185,0.000
Colo_rep3_Dep6_Tu40,18.612,0.000,0.000,36.000,0.000,30.866,0.000,6.037,3.743,0.000,0.000,0.000,4.741,0.000
Colo_rep3_Dep6_Tu30,11.765,0.000,0.000,22.446,0.000,38.979,0.000,10.297,1.823,0.000,0.000,0.653,14.036,0.000
Colo_rep6_Dep6_Tu30,30.149,0.000,0.000,26.872,0.000,34.425,0.000,3.666,1.367,0.000,0.000,0.000,3.522,0.000
Colo_rep4_Dep6_Tu50,28.022,0.000,0.000,39.690,0.000,23.841,0.000,4.651,0.000,0.000,0.000,0.717,3.079,0.000
Colo_rep5_Dep6_Tu50,15.884,0.000,0.000,42.207,0.000,27.130,0.000,5.327,0.000,0.000,0.000,0.113,9.339,0.000
Colo_rep6_Dep6_Tu2,33.558,0.000,0.000,0.000,0.000,59.315,0.000,4.397,0.183,0.000,0.000,0.000,2.546,0.000
Colo_rep10_Dep6_Tu50,28.120,0.000,0.000,41.450,0.000,18.083,0.000,6.441,2.981,0.000,0.000,0.308,2.617,0.000
Colo_rep7_Dep6_Tu50,20.637,0.000,0.000,39.554,0.000,25.021,0.000,5.510,0.000,0.000,0.000,1.588,7.688,0.000
Colo_rep9_Dep6_Tu40,19.187,0.000,0.000,30.054,0.000,29.854,0.000,9.623,5.349,0.000,0.000,0.826,5.106,0.000
Colo_rep8_Dep6_Tu5,30.673,0.000,0.000,1.836,0.000,53.281,5.978,3.237,0.246,0.000,0.000,0.000,4.749,0.000
Colo_rep1_Dep6_Tu20,30.829,0.000,0.000,16.809,0.000,46.790,0.000,4.204,0.581,0.000,0.000,0.000,0.787,0.000
Colo_rep9_Dep6_Tu2,6.305,0.000,0.000,0.000,0.000,60.452,0.000,16.841,1.397,0.000,0.000,0.000,15.006,0.000
Colo_rep5_Dep6_Tu30,24.960,0.000,0.000,20.280,0.000,33.231,0.000,6.902,3.171,0.000,0.000,0.008,11.448,0.000
Colo_rep4_Dep6_Tu0.1,21.191,0.000,0.000,0.000,0.000,60.240,0.000,4.633,0.000,0.000,0.000,0.000,13.935,0.000
Colo_rep5_Dep6_Tu0.1,1.971,0.000,0.000,0.000,0.000,64.188,0.000,15.338,0.000,0.000,0.000,0.000,18.503,0.000
Colo_rep9_Dep6_Tu3,6.553,0.000,0.000,0.000,0.000,55.817,20.373,10.240,0.159,0.000,0.000,0.000,6.859,0.000
Colo_rep2_Dep6_Tu0.1,3.950,0.000,0.000,0.000,0.000,51.403,0.318,13.133,0.006,24.181,0.000,0.000,7.008,0.000
Colo_rep8_Dep6_Tu10,17.354,0.000,0.000,0.002,0.000,59.288,1.098,2.508,0.000,0.000,0.000,0.000,5.024,14.725
Colo_rep4_Dep6_Tu30,10.217,0.000,0.849,26.086,0.000,43.472,0.000,9.948,0.000,0.000,0.172,0.289,8.967,0.000
Colo_rep2_Dep6_Tu2,24.097,0.000,0.000,0.000,0.000,55.720,0.000,5.518,0.000,0.000,0.000,0.000,14.665,0.000
Colo_rep1_Dep6_Tu5,22.527,0.000,0.000,0.000,0.000,61.037,0.000,3.979,0.000,0.000,0.176,0.000,12.279,0.000
Colo_rep8_Dep6_Tu50,24.585,0.000,0.000,45.021,0.000,20.896,0.000,6.333,0.000,0.000,0.004,0.208,2.952,0.000
Colo_rep5_Dep6_Tu5,30.276,0.000,0.000,0.000,0.000,57.394,0.000,7.552,0.000,0.000,0.000,0.000,4.778,0.000
Colo_rep6_Dep6_Tu50,29.390,0.000,0.000,37.563,0.000,20.118,0.000,5.461,6.019,0.000,0.000,0.000,1.449,0.000
Colo_rep5_Dep6_Tu0.5,7.630,0.000,0.000,0.000,0.000,67.283,0.000,10.527,1.078,0.000,0.000,0.000,13.482,0.000
Colo_rep4_Dep6_Tu20,17.552,0.000,0.000,21.433,0.000,43.165,0.000,8.696,2.847,0.000,0.000,0.000,6.306,0.000
Colo_rep8_Dep6_Tu40,17.410,0.000,0.000,32.762,0.000,35.277,0.000,4.710,3.163,0.000,0.000,0.027,6.651,0.000
Colo_rep7_Dep6_Tu0.3,4.600,0.000,0.000,0.000,0.000,61.878,0.000,16.907,0.000,0.000,0.000,0.000,16.614,0.000
Colo_rep7_Dep6_Tu30,13.060,0.000,0.000,27.646,0.000,39.505,0.000,6.681,7.122,0.000,0.000,0.000,5.986,0.000
Colo_rep10_Dep6_Tu20,17.777,0.000,0.000,13.064,0.000,50.147,0.000,2.456,0.000,0.000,0.012,0.760,1.438,14.345
Colo_rep9_Dep6_Tu10,5.068,0.000,0.000,7.335,0.000,55.852,0.000,10.564,0.269,0.000,0.011,0.000,8.386,12.516
Colo_rep9_Dep6_Tu0.1,30.557,0.000,0.000,0.000,0.000,56.672,0.000,8.698,0.032,0.000,0.000,0.000,4.040,0.000
Colo_rep10_Dep6_Tu0.3,33.386,0.000,0.000,0.000,0.000,59.653,0.000,4.156,0.116,0.000,0.000,0.000,2.689,0.000
Colo_rep8_Dep6_Tu20,17.430,0.000,0.000,16.482,0.000,49.355,0.000,13.611,0.560,0.000,0.000,0.000,2.561,0.000
Colo_rep3_Dep6_Tu3,11.817,0.000,0.231,0.000,0.000,62.629,0.000,12.807,0.000,0.000,0.024,0.000,12.491,0.000
Colo_rep4_Dep6_Tu2,6.997,0.000,0.000,0.000,0.000,60.210,10.969,12.691,0.030,0.000,0.000,0.000,9.103,0.000
Colo_rep10_Dep6_Tu0.1,9.519,0.000,0.000,0.000,0.000,54.583,2.002,5.316,0.000,0.000,0.000,0.000,9.654,18.927
Colo_rep4_Dep6_Tu0.3,14.387,0.000,0.000,0.000,0.000,59.757,0.000,12.029,0.000,0.000,0.000,0.000,13.826,0.000
Colo_rep9_Dep6_Tu0.3,7.167,0.000,0.000,0.000,0.000,72.801,0.000,9.055,0.064,0.000,0.000,0.000,10.912,0.000
Colo_rep1_Dep6_Tu10,14.603,0.000,0.000,5.546,0.000,46.003,0.890,6.559,0.000,0.000,0.000,0.000,10.192,16.207
Colo_rep6_Dep6_Tu0.3,4.242,0.000,0.000,0.000,0.000,50.928,27.640,8.000,0.000,0.000,0.000,0.000,9.100,0.091
Colo_rep6_Dep6_Tu0.5,6.217,0.000,0.000,0.000,0.000,53.857,0.000,6.519,0.000,3.183,0.000,0.000,10.584,19.639
Colo_rep10_Dep6_Tu10,25.446,0.000,0.000,0.000,0.000,56.180,0.000,4.242,2.285,0.000,0.008,0.000,3.448,8.390
Colo_rep10_Dep6_Tu1,25.532,0.000,0.000,0.000,0.000,53.456,3.896,11.673,0.048,0.000,0.000,0.000,5.394,0.000
Colo_rep10_Dep6_Tu5,17.951,0.000,0.000,0.000,0.000,63.592,0.000,12.450,0.098,0.000,0.025,0.000,5.884,0.000
Colo_rep10_Dep6_Tu40,11.172,0.000,0.000,34.772,0.000,31.325,0.000,10.466,0.000,0.000,0.000,1.272,10.993,0.000
Colo_rep10_Dep6_Tu0.5,12.588,0.000,0.000,0.000,0.000,51.089,1.506,6.735,0.000,0.000,0.000,0.000,10.877,17.206
Colo_rep1_Dep6_Tu1,19.061,0.000,0.000,0.000,0.000,54.562,7.267,8.635,0.000,0.000,0.000,0.000,10.475,0.000
Colo_rep7_Dep6_Tu20,13.189,0.000,0.000,16.133,0.000,50.840,0.000,8.234,0.611,0.000,0.000,0.000,10.992,0.000
Colo_rep6_Dep6_Tu10,11.373,0.000,0.239,9.947,0.000,55.018,5.504,11.527,0.000,0.000,0.027,0.000,6.367,0.000
Colo_rep10_Dep6_Tu3,6.824,0.000,0.014,0.000,0.000,66.415,0.000,11.672,0.068,0.000,0.607,0.000,14.400,0.000
Colo_rep1_Dep6_Tu30,7.882,0.000,0.000,27.277,0.000,40.000,0.000,12.548,0.781,0.000,0.000,0.000,11.511,0.000
Colo_rep1_Dep6_Tu0.1,4.743,0.000,0.000,0.000,0.000,69.609,0.000,12.050,0.000,0.000,0.000,0.000,13.598,0.000
Colo_rep7_Dep6_Tu5,21.252,0.000,0.000,0.000,0.000,58.688,0.000,5.845,0.315,0.000,0.000,0.000,13.900,0.000
Colo_rep7_Dep6_Tu0.1,11.340,0.000,0.000,0.000,0.000,64.383,0.000,9.552,0.831,0.000,0.000,0.000,13.894,0.000
Colo_rep6_Dep6_Tu40,14.382,0.000,0.000,34.596,0.000,32.322,0.000,8.182,0.284,0.000,0.000,0.000,10.233,0.000
Colo_rep8_Dep6_Tu2,4.695,0.000,0.000,0.000,0.000,58.405,11.013,13.160,0.000,0.000,0.000,0.000,8.636,4.090
Colo_rep7_Dep6_Tu0.5,22.577,0.000,0.000,0.000,0.000,57.515,0.000,7.033,0.009,0.000,0.000,0.000,12.866,0.000
Colo_rep5_Dep6_Tu20,29.420,0.000,0.000,18.993,0.000,39.676,0.000,7.456,0.000,0.000,0.000,0.042,4.412,0.000
Colo_rep8_Dep6_Tu0.3,7.066,0.000,0.000,0.000,0.000,72.737,0.000,9.165,0.081,0.000,0.000,0.000,10.950,0.000
Colo_rep4_Dep6_Tu5,29.283,0.000,0.000,0.000,0.000,54.319,0.000,12.118,0.889,0.000,0.000,0.000,3.389,0.000
Colo_rep9_Dep6_Tu1,2.878,0.000,0.000,0.000,0.000,62.608,0.000,16.754,0.000,0.000,0.000,0.000,17.760,0.000
Colo_rep1_Dep6_Tu0.5,24.207,0.000,0.000,0.000,0.000,54.948,0.000,4.971,0.252,0.000,0.000,0.000,15.622,0.000
Colo_rep8_Dep6_Tu3,7.908,0.000,0.000,0.000,0.000,66.926,0.000,22.477,0.963,0.000,0.000,0.000,1.726,0.000
Colo_rep5_Dep6_Tu0.3,28.664,0.000,0.000,0.000,0.000,55.029,8.593,3.694,0.040,0.000,0.000,0.000,3.979,0.000
Colo_rep2_Dep6_Tu30,10.592,0.000,0.000,21.959,0.000,49.189,0.000,6.267,1.738,0.000,0.000,2.411,7.845,0.000
Colo_rep7_Dep6_Tu10,14.539,0.000,0.000,10.103,0.000,56.163,0.000,6.812,2.277,0.000,0.000,0.000,10.104,0.000
Colo_rep2_Dep6_Tu40,14.073,0.000,0.000,30.493,0.000,29.128,0.000,5.678,0.000,0.000,0.000,0.160,6.256,14.211
Colo_rep3_Dep6_Tu0.1,11.337,0.000,0.000,0.000,0.000,62.963,0.000,16.488,0.503,0.000,0.000,0.000,8.709,0.000
Colo_rep3_Dep6_Tu1,4.951,0.000,0.000,0.000,0.000,59.683,0.000,10.621,0.036,0.000,0.000,0.000,10.560,14.148
Colo_rep8_Dep6_Tu1,6.101,0.000,0.000,0.000,0.000,63.518,8.824,15.079,0.000,0.000,0.056,0.000,6.421,0.000
Colo_rep4_Dep6_Tu1,11.699,0.000,0.000,0.000,0.000,50.284,0.393,6.871,0.000,0.000,0.000,0.000,10.223,20.529
Colo_rep5_Dep6_Tu40,23.478,0.000,2.965,28.227,0.000,33.894,0.000,2.941,1.476,0.000,0.000,0.132,6.887,0.000
Colo_rep5_Dep6_Tu10,11.768,0.000,0.000,8.371,0.000,56.984,0.000,18.140,0.994,0.000,0.078,0.000,3.664,0.000
Colo_rep2_Dep6_Tu0.3,8.775,0.000,0.000,0.000,0.000,67.814,0.000,21.852,0.183,0.000,0.000,0.000,1.376,0.000
Colo_rep10_Dep6_Tu30,17.849,0.000,0.000,22.017,0.000,38.793,0.000,3.994,3.407,0.000,0.009,1.696,12.235,0.000
Colo_rep1_Dep6_Tu40,15.168,0.000,0.000,30.040,0.000,36.474,0.000,14.829,0.000,0.000,0.012,1.604,1.873,0.000
Colo_rep6_Dep6_Tu0.1,25.560,0.000,0.000,0.000,0.000,55.994,0.000,1.827,0.000,0.000,0.000,0.000,16.618,0.000
Colo_rep7_Dep6_Tu40,10.911,0.000,0.000,36.344,0.000,30.381,0.000,12.412,4.986,0.000,0.000,0.366,4.601,0.000
Colo_rep1_Dep6_Tu50,22.274,0.000,0.000,44.765,0.000,21.519,0.000,7.873,2.332,0.000,0.000,0.062,1.174,0.000
Colo_rep1_Dep6_Tu0.3,24.284,0.000,0.000,0.000,0.000,56.319,0.000,2.157,0.000,0.000,0.000,0.000,17.239,0.000
Colo_rep9_Dep6_Tu20,24.051,0.000,0.000,15.525,0.000,43.792,0.000,4.599,0.000,0.000,0.000,0.000,12.032,0.000
Colo_rep4_Dep6_Tu10,2.958,0.000,0.000,6.754,0.000,56.311,0.000,17.746,0.000,0.000,0.000,0.079,16.153,0.000
Colo_rep6_Dep6_Tu5,22.527,0.000,0.000,0.000,0.000,60.538,0.000,5.671,0.000,0.000,0.000,0.000,11.263,0.000
Colo_rep9_Dep6_Tu5,27.334,0.000,0.000,0.000,0.000,54.167,0.000,10.800,0.000,0.000,0.000,0.000,7.698,0.000
Colo_rep3_Dep6_Tu50,20.322,0.000,0.000,39.773,0.000,23.719,0.000,4.730,0.149,0.000,0.017,0.194,11.096,0.000
Colo_rep5_Dep6_Tu1,27.222,0.000,0.000,0.000,0.000,53.952,0.000,10.432,0.000,0.000,0.000,0.000,8.393,0.000
Colo_rep5_Dep6_Tu3,9.994,0.000,0.000,0.000,0.000,64.113,0.000,9.971,6.489,0.000,0.000,0.000,9.433,0.000
Colo_rep2_Dep6_Tu1,16.586,0.000,0.120,0.000,0.000,60.500,0.000,10.686,0.314,0.000,0.000,0.000,11.794,0.000
Colo_rep7_Dep6_Tu1,9.277,0.000,0.000,0.000,0.000,64.555,0.000,10.987,0.000,0.000,0.000,0.000,15.181,0.000
Colo_rep5_Dep6_Tu2,31.574,0.000,0.000,0.000,0.000,55.781,6.066,2.048,0.359,0.000,0.000,0.000,4.172,0.000
Colo_rep4_Dep6_Tu40,13.551,0.000,0.000,30.424,0.000,27.952,0.000,11.622,3.548,0.000,0.000,0.468,12.436,0.000
Colo_rep2_Dep6_Tu20,28.302,0.000,0.000,19.410,0.000,41.461,0.000,1.850,0.000,0.000,0.000,0.000,8.976,0.000
Colo_rep4_Dep6_Tu0.5,5.089,0.000,0.000,0.000,0.000,55.137,0.007,4.293,0.000,0.000,0.000,0.000,8.392,27.081
Colo_rep2_Dep6_Tu5,9.135,0.000,0.000,0.000,0.000,67.802,0.000,21.759,0.319,0.000,0.026,0.000,0.958,0.000
Colo_rep2_Dep6_Tu3,13.614,0.000,0.000,0.000,0.000,61.338,0.000,12.323,0.259,0.000,0.000,0.000,12.466,0.000
Colo_rep3_Dep6_Tu10,21.699,0.000,0.000,4.879,0.000,55.955,0.000,4.518,0.000,0.000,0.152,0.030,12.767,0.000
Colo_rep8_Dep6_Tu0.5,23.095,0.000,0.000,0.000,0.000,57.064,0.000,3.897,0.030,0.000,0.000,0.000,15.182,0.731
Colo_rep7_Dep6_Tu3,32.436,0.000,0.000,0.000,0.000,56.049,0.000,7.133,0.053,0.000,0.000,0.000,4.328,0.000
Colo_rep3_Dep6_Tu0.5,4.331,0.000,0.000,0.000,0.000,50.956,27.595,8.019,0.000,0.000,0.000,0.000,9.087,0.011
Colo_rep3_Dep6_Tu20,8.358,0.000,0.004,16.418,0.000,54.482,0.000,8.977,0.000,0.000,0.000,2.324,9.435,0.000
Colo_rep1_Dep6_Tu2,4.585,0.000,0.000,0.000,0.000,61.521,0.000,16.615,0.000,0.000,0.000,0.000,17.278,0.000
Colo_rep9_Dep6_Tu50,22.628,0.000,0.000,38.732,0.000,25.856,0.000,5.130,4.753,0.000,0.000,0.425,2.475,0.000
Colo_rep3_Dep6_Tu0.3,23.026,0.000,0.000,0.000,0.000,56.865,0.000,3.877,0.056,0.000,0.000,0.000,15.167,1.008
Colo_rep1_Dep6_Tu3,19.731,0.000,0.000,0.000,0.000,58.080,0.000,4.949,0.000,0.000,0.000,0.000,17.240,0.000
Br62_rep5_Dep6_Tu0.5,8.689,0.000,0.000,0.000,0.000,66.381,0.000,10.056,0.739,0.000,0.000,0.000,14.135,0.000
Br62_rep5_Dep6_Tu3,10.089,0.000,0.000,0.000,0.000,63.076,0.000,9.272,7.513,0.000,0.490,0.000,9.558,0.000
Br62_rep6_Dep6_Tu30,17.117,0.000,0.000,0.000,0.000,37.209,0.000,8.433,0.000,1.181,3.487,30.536,2.037,0.000
Br62_rep7_Dep6_Tu20,4.494,0.000,0.000,0.000,0.000,49.994,0.000,7.747,0.000,0.000,2.046,26.476,9.243,0.000
Br62_rep2_Dep6_Tu40,0.000,0.000,0.000,0.000,0.000,30.458,0.000,12.442,0.000,0.000,6.791,44.762,5.546,0.000
Br62_rep8_Dep6_Tu0.5,22.950,0.000,0.000,0.000,0.000,56.660,0.000,4.176,0.093,0.000,0.000,0.000,15.070,1.051
Br62_rep5_Dep6_Tu2,31.468,0.000,0.000,0.000,0.000,55.737,5.242,2.488,1.223,0.000,0.033,0.000,3.809,0.000
Br62_rep4_Dep6_Tu50,0.000,0.000,0.000,0.000,0.000,23.804,0.000,8.332,0.000,0.000,5.371,57.706,4.786,0.000
Br62_rep8_Dep6_Tu40,0.000,0.000,0.000,0.000,0.000,34.682,0.000,4.861,2.301,0.000,7.094,44.902,6.160,0.000
Br62_rep7_Dep6_Tu2,22.854,0.000,0.000,0.000,0.000,61.970,0.000,4.624,0.000,0.000,0.000,0.000,10.551,0.000
Br62_rep9_Dep6_Tu40,0.000,0.000,0.000,0.000,0.000,32.896,0.000,11.189,0.000,0.000,4.999,47.060,3.855,0.000
Br62_rep10_Dep6_Tu2,5.621,0.000,0.000,0.000,0.000,64.033,0.000,14.906,0.000,0.000,0.112,0.000,15.327,0.000
Br62_rep6_Dep6_Tu10,6.521,0.000,2.278,0.000,0.000,54.776,4.667,14.281,0.062,0.000,0.886,9.559,6.969,0.000
Br62_rep2_Dep6_Tu2,23.596,0.000,0.000,0.000,0.000,56.257,0.000,5.337,0.000,0.000,0.025,0.000,14.784,0.000
Br62_rep9_Dep6_Tu5,26.577,0.000,0.042,0.000,0.000,53.426,0.000,10.784,0.007,0.000,0.179,1.007,7.978,0.000
Br62_rep6_Dep6_Tu40,0.000,0.000,0.000,0.000,0.000,30.800,0.000,9.125,2.239,0.000,5.553,41.498,10.784,0.000
Br62_rep4_Dep6_Tu20,7.843,0.000,0.000,0.000,0.000,44.470,0.000,7.314,3.619,4.479,3.537,22.122,6.617,0.000
Br62_rep9_Dep6_Tu1,2.958,0.000,0.000,0.000,0.000,62.679,0.000,16.827,0.000,0.000,0.046,0.000,17.490,0.000
Br62_rep1_Dep6_Tu0.3,24.213,0.000,0.000,0.000,0.000,56.209,0.000,2.042,0.000,0.000,0.000,0.000,17.535,0.000
Br62_rep3_Dep6_Tu5,13.106,0.000,0.000,0.000,0.000,62.715,0.000,9.751,0.000,0.000,0.823,5.063,8.541,0.000
Br62_rep9_Dep6_Tu50,0.000,0.000,0.000,0.000,0.000,30.888,0.000,8.909,0.000,0.000,7.697,50.704,1.801,0.000
Br62_rep5_Dep6_Tu30,1.017,0.000,1.246,0.000,0.000,35.077,0.000,11.185,2.475,0.044,6.640,32.084,10.232,0.000
Br62_rep9_Dep6_Tu0.5,13.667,0.000,0.000,0.000,0.000,66.515,0.000,7.446,0.994,0.000,0.000,0.000,11.378,0.000
Br62_rep1_Dep6_Tu20,21.880,0.000,0.000,0.000,0.000,41.711,3.627,3.490,0.270,0.000,1.506,25.540,1.976,0.000
Br62_rep4_Dep6_Tu2,6.557,0.000,0.000,0.000,0.000,59.690,11.027,13.714,0.028,0.000,0.107,0.000,8.876,0.000
Br62_rep8_Dep6_Tu3,6.980,0.000,0.000,0.000,0.000,66.184,0.000,22.478,2.388,0.000,0.656,0.000,1.315,0.000
Br62_rep2_Dep6_Tu5,6.107,0.000,0.000,0.000,0.000,63.727,0.000,22.010,0.000,0.000,0.970,5.960,1.225,0.000
Br62_rep2_Dep6_Tu1,18.358,0.000,0.385,0.000,0.000,59.404,0.000,9.190,0.533,0.000,0.000,0.000,12.129,0.000
Br62_rep8_Dep6_Tu1,11.748,0.000,0.000,0.000,0.000,65.819,0.000,16.340,0.000,0.000,0.463,0.000,5.629,0.000
Br62_rep10_Dep6_Tu0.1,9.990,0.000,0.000,0.000,0.000,54.581,1.948,5.332,0.000,0.000,0.000,0.000,9.415,18.734
Br62_rep3_Dep6_Tu40,0.000,0.000,0.000,0.000,0.000,31.313,0.000,8.699,0.000,0.000,8.578,46.048,5.361,0.000
Br62_rep8_Dep6_Tu0.3,7.229,0.000,0.000,0.000,0.000,72.508,0.000,9.264,0.110,0.000,0.019,0.000,10.871,0.000
Br62_rep4_Dep6_Tu0.5,5.780,0.000,0.000,0.000,0.000,54.706,0.000,4.605,0.000,0.000,0.000,0.000,8.461,26.446
Br62_rep6_Dep6_Tu50,0.000,0.000,0.000,0.000,0.000,25.427,0.000,13.056,0.000,1.285,7.043,49.553,3.637,0.000
Br62_rep7_Dep6_Tu0.1,11.363,0.000,0.000,0.000,0.000,64.329,0.000,9.705,0.760,0.000,0.000,0.000,13.842,0.000
Br62_rep9_Dep6_Tu30,0.595,0.000,0.000,0.000,0.000,39.372,6.430,11.932,0.795,0.000,1.565,32.172,7.138,0.000
Br62_rep6_Dep6_Tu20,12.493,0.000,0.000,0.000,0.000,44.998,0.115,6.915,1.986,0.658,3.363,20.299,9.173,0.000
Br62_rep5_Dep6_Tu5,30.076,0.000,0.000,0.000,0.000,54.087,0.000,7.412,0.286,0.000,0.900,2.844,4.393,0.000
Br62_rep4_Dep6_Tu40,0.000,0.000,0.000,0.000,0.000,31.840,0.000,12.083,0.000,0.000,7.191,41.540,7.346,0.000
Br62_rep8_Dep6_Tu0.1,17.820,0.000,0.000,0.000,0.000,61.611,1.114,2.635,0.012,0.000,0.000,0.000,3.161,13.645
Br62_rep1_Dep6_Tu40,0.000,0.000,0.000,0.000,0.000,32.153,0.000,14.011,0.000,3.984,7.341,41.988,0.523,0.000
Br62_rep3_Dep6_Tu30,0.000,0.000,0.000,0.000,0.000,35.844,0.000,8.476,2.815,0.000,4.241,35.016,13.608,0.000
Br62_rep7_Dep6_Tu0.5,22.475,0.000,0.000,0.000,0.000,57.679,0.000,6.649,0.092,0.000,0.000,0.000,13.104,0.000
Br62_rep1_Dep6_Tu10,12.675,0.000,0.000,0.000,0.000,46.386,1.647,11.081,0.000,0.000,1.061,1.626,11.279,14.245
Br62_rep10_Dep6_Tu20,11.906,0.000,0.000,0.000,1.262,45.915,0.000,2.210,0.000,0.375,0.286,25.609,2.767,9.670
Br62_rep1_Dep6_Tu5,19.947,0.000,0.000,0.000,0.000,58.411,0.000,3.635,0.000,0.000,0.740,4.920,12.347,0.000
Br62_rep3_Dep6_Tu50,0.000,0.000,0.000,0.000,0.000,29.009,0.000,7.295,0.000,0.000,7.781,48.622,7.292,0.000
Br62_rep1_Dep6_Tu3,19.012,0.000,0.000,0.000,0.000,57.157,0.000,4.828,0.000,0.000,1.067,0.345,17.590,0.000
Br62_rep7_Dep6_Tu30,0.000,0.000,4.723,0.000,0.000,40.649,0.000,7.883,0.000,0.000,1.845,37.786,7.115,0.000
Br62_rep6_Dep6_Tu1,22.001,0.000,0.000,0.000,0.000,58.701,0.000,8.893,0.000,0.000,0.005,0.000,10.398,0.000
Br62_rep1_Dep6_Tu0.5,24.547,0.000,0.000,0.000,0.000,54.907,0.000,5.360,0.373,0.000,0.000,0.000,14.813,0.000
Br62_rep1_Dep6_Tu0.1,5.031,0.000,0.000,0.000,0.000,69.505,0.000,11.826,0.000,0.000,0.000,0.000,13.637,0.000
Br62_rep9_Dep6_Tu3,6.411,0.000,0.000,0.000,0.000,55.075,19.922,10.682,1.011,0.000,0.132,0.000,6.768,0.000
Br62_rep5_Dep6_Tu40,11.942,0.000,0.000,0.000,0.000,35.174,0.000,2.434,0.000,0.000,6.047,43.309,1.093,0.000
Br62_rep10_Dep6_Tu3,6.824,0.000,0.000,0.000,0.000,66.832,0.000,11.660,0.738,0.000,0.163,0.000,13.783,0.000
Br62_rep2_Dep6_Tu0.3,8.628,0.000,0.000,0.000,0.000,67.575,0.000,21.838,0.533,0.000,0.000,0.000,1.425,0.000
Br62_rep10_Dep6_Tu40,0.000,0.000,0.000,0.000,0.000,31.912,0.000,12.738,0.000,0.000,4.322,41.587,9.440,0.000
Br62_rep3_Dep6_Tu2,23.565,0.000,0.000,0.000,0.000,55.755,0.000,1.966,0.053,0.000,0.010,0.000,17.022,1.629
Br62_rep5_Dep6_Tu1,26.938,0.000,0.000,0.000,0.000,53.737,0.000,10.589,0.000,0.000,0.002,0.000,8.734,0.000
Br62_rep4_Dep6_Tu1,12.638,0.000,0.000,0.000,0.000,49.886,0.416,7.144,0.000,0.000,0.003,0.000,10.250,19.662
Br62_rep10_Dep6_Tu0.5,14.068,0.000,0.000,0.000,0.000,50.952,1.757,7.718,0.000,0.000,0.000,0.000,10.372,15.133
Br62_rep5_Dep6_Tu20,9.628,0.000,0.000,0.000,0.000,42.115,10.483,4.087,0.000,0.263,1.855,24.173,7.395,0.000
Br62_rep6_Dep6_Tu0.3,4.221,0.000,0.000,0.000,0.000,50.933,27.703,7.938,0.000,0.000,0.000,0.000,9.163,0.041
Br62_rep9_Dep6_Tu0.3,7.358,0.000,0.000,0.000,0.000,72.514,0.000,9.103,0.116,0.000,0.000,0.000,10.909,0.000
Br62_rep2_Dep6_Tu20,16.330,0.000,0.000,0.000,0.000,40.702,0.000,4.140,2.291,0.000,2.099,25.627,8.811,0.000
Br62_rep6_Dep6_Tu0.5,6.292,0.000,0.000,0.000,0.000,54.122,0.000,6.423,0.002,2.851,0.000,0.000,10.653,19.657
Br62_rep8_Dep6_Tu10,15.627,0.000,0.000,0.000,0.000,56.141,0.000,1.968,0.000,0.507,0.312,9.510,2.958,12.977
Br62_rep2_Dep6_Tu0.1,3.778,0.000,0.000,0.000,0.000,51.934,0.182,13.316,0.010,23.728,0.000,0.000,7.050,0.000
Br62_rep5_Dep6_Tu10,3.588,0.000,0.000,0.000,0.000,54.014,0.000,15.808,1.086,0.000,1.578,13.798,3.822,6.306
Br62_rep10_Dep6_Tu10,12.087,0.000,0.000,0.000,0.677,48.912,0.714,3.676,1.857,3.703,0.193,12.231,4.576,11.373
Br62_rep4_Dep6_Tu10,1.777,0.000,0.000,0.000,0.000,55.558,0.000,16.862,0.000,0.000,0.588,8.640,16.574,0.000
Br62_rep3_Dep6_Tu0.1,11.174,0.000,0.000,0.000,0.000,62.519,0.000,17.143,0.531,0.000,0.000,0.000,8.633,0.000
Br62_rep2_Dep6_Tu50,0.000,0.000,0.000,0.000,0.000,31.940,0.000,7.221,0.000,0.000,7.624,52.155,1.059,0.000
Br62_rep9_Dep6_Tu10,7.949,0.000,0.000,0.000,0.000,56.085,0.000,11.899,0.000,0.000,1.964,9.677,6.944,5.482
Br62_rep5_Dep6_Tu0.3,28.184,0.000,0.000,0.000,0.000,54.715,8.896,3.940,0.056,0.000,0.000,0.000,4.207,0.000
Br62_rep8_Dep6_Tu50,0.000,0.000,0.000,0.000,0.000,23.082,0.000,10.059,0.000,4.680,9.576,50.433,2.169,0.000
Br62_rep4_Dep6_Tu0.3,14.577,0.000,0.000,0.000,0.000,59.687,0.000,11.868,0.000,0.000,0.000,0.000,13.867,0.000
Br62_rep7_Dep6_Tu1,9.499,0.000,0.000,0.000,0.000,64.557,0.000,10.629,0.000,0.000,0.016,0.000,15.299,0.000
Br62_rep3_Dep6_Tu0.5,4.172,0.000,0.000,0.000,0.000,50.955,27.750,7.919,0.000,0.000,0.000,0.000,9.161,0.043
Br62_rep7_Dep6_Tu40,0.000,0.000,0.000,0.000,0.000,32.851,0.000,11.979,4.918,0.000,7.516,39.712,3.024,0.000
Br62_rep2_Dep6_Tu3,13.003,0.000,0.000,0.000,0.000,58.637,0.469,12.002,4.219,0.000,0.063,0.000,11.606,0.000
Br62_rep2_Dep6_Tu0.5,7.979,0.000,0.000,0.000,0.000,67.976,0.000,10.718,0.078,0.000,0.000,0.000,13.247,0.000
Br62_rep1_Dep6_Tu50,0.000,0.000,0.000,0.000,0.000,27.953,0.000,11.489,0.000,0.000,6.038,52.615,1.905,0.000
Br62_rep3_Dep6_Tu3,11.149,0.000,2.186,0.000,0.000,59.260,0.000,10.995,0.000,0.000,0.077,3.372,12.961,0.000
Br62_rep7_Dep6_Tu3,32.137,0.000,0.000,0.000,0.000,54.705,0.000,7.269,0.688,0.000,0.197,0.000,5.004,0.000
Br62_rep3_Dep6_Tu0.3,22.831,0.000,0.000,0.000,0.000,56.966,0.000,4.392,0.115,0.000,0.000,0.000,14.759,0.936
Br62_rep8_Dep6_Tu30,0.000,0.000,0.000,0.000,0.000,40.016,0.000,13.466,0.000,0.000,2.925,32.613,10.980,0.000
Br62_rep4_Dep6_Tu30,0.000,0.000,0.000,0.000,0.000,45.940,0.000,10.163,0.000,0.000,5.152,35.843,2.902,0.000
Br62_rep6_Dep6_Tu3,23.504,0.000,0.000,0.000,0.000,56.697,0.000,2.802,0.000,0.000,0.562,0.000,16.435,0.000
Br62_rep4_Dep6_Tu0.1,21.119,0.000,0.000,0.000,0.000,60.152,0.000,4.687,0.000,0.000,0.000,0.000,14.042,0.000
Br62_rep8_Dep6_Tu5,29.284,0.000,0.000,0.000,0.000,51.888,5.345,4.657,0.815,0.000,0.836,0.977,6.197,0.000
Br62_rep10_Dep6_Tu50,0.000,0.000,4.205,0.000,0.000,19.156,0.000,11.090,0.000,0.000,4.727,55.743,5.079,0.000
Br62_rep10_Dep6_Tu0.3,32.829,0.000,0.000,0.000,0.000,59.831,0.000,4.409,0.139,0.000,0.000,0.000,2.792,0.000
Br62_rep3_Dep6_Tu20,0.000,0.000,0.000,0.000,0.000,52.703,0.000,8.758,0.000,0.000,1.083,28.255,9.201,0.000
Br62_rep1_Dep6_Tu1,18.150,0.000,0.000,0.000,0.000,53.995,8.085,8.976,0.000,0.000,0.000,0.000,10.795,0.000
Br62_rep3_Dep6_Tu1,5.984,0.000,0.000,0.000,0.000,60.354,0.000,10.345,0.035,0.000,0.000,0.000,10.177,13.105
Br62_rep9_Dep6_Tu2,6.012,0.000,0.000,0.000,0.000,58.875,0.000,16.502,1.988,0.000,1.547,0.000,15.076,0.000
Br62_rep7_Dep6_Tu50,0.000,0.000,0.000,0.000,0.000,23.639,0.000,8.016,0.000,0.000,8.587,51.229,8.529,0.000
Br62_rep7_Dep6_Tu5,22.940,0.000,0.000,0.000,0.000,56.583,0.000,6.469,0.000,0.000,1.082,0.216,12.710,0.000
Br62_rep8_Dep6_Tu2,4.378,0.000,0.000,0.000,0.000,56.980,12.629,13.902,1.725,0.000,0.148,0.000,8.380,1.857
Br62_rep5_Dep6_Tu0.1,2.224,0.000,0.000,0.000,0.000,64.246,0.000,15.047,0.000,0.000,0.000,0.000,18.483,0.000
Br62_rep6_Dep6_Tu5,24.123,0.000,0.000,0.000,0.000,60.849,0.000,4.154,0.000,0.000,1.609,0.000,9.265,0.000
Br62_rep9_Dep6_Tu20,15.678,0.000,0.000,0.000,0.000,44.019,0.000,6.002,0.000,0.000,3.060,19.688,11.552,0.000
Br62_rep2_Dep6_Tu30,0.000,0.000,0.000,0.000,0.000,43.083,0.000,7.089,0.000,0.000,3.116,39.185,7.526,0.000
Br62_rep7_Dep6_Tu10,10.964,0.000,0.000,0.000,0.000,55.608,0.000,5.332,4.247,0.000,0.233,13.915,9.698,0.000
Br62_rep6_Dep6_Tu0.1,25.702,0.000,0.000,0.000,0.000,56.058,0.000,1.709,0.000,0.000,0.000,0.000,16.530,0.000
Br62_rep5_Dep6_Tu50,0.000,0.000,7.779,0.000,0.000,26.871,0.000,7.105,0.000,0.000,4.111,46.320,7.813,0.000
Br62_rep10_Dep6_Tu1,26.578,0.000,0.000,0.000,0.000,54.023,0.000,14.030,0.066,0.000,0.000,0.000,5.303,0.000
Br62_rep1_Dep6_Tu30,0.000,0.000,0.000,0.000,0.000,41.147,0.000,12.569,0.000,0.000,3.316,32.921,10.046,0.000
Br62_rep7_Dep6_Tu0.3,4.487,0.000,0.000,0.000,0.000,61.796,0.000,16.859,0.000,0.000,0.000,0.000,16.858,0.000
Br62_rep2_Dep6_Tu10,5.083,0.000,0.000,0.000,0.000,59.823,0.000,15.558,0.000,0.000,1.195,5.091,13.249,0.000
Br62_rep9_Dep6_Tu0.1,30.449,0.000,0.000,0.000,0.000,56.571,0.000,9.029,0.064,0.000,0.000,0.000,3.888,0.000
Br62_rep3_Dep6_Tu10,21.409,0.000,0.000,0.000,0.000,50.429,0.000,5.085,0.000,0.000,1.256,9.094,12.727,0.000
Br62_rep4_Dep6_Tu5,28.343,0.000,0.000,0.000,0.000,53.223,0.000,11.685,1.575,0.000,0.564,0.838,3.771,0.000
Br62_rep8_Dep6_Tu20,0.000,0.000,0.000,0.000,18.973,43.612,0.000,5.333,3.119,0.919,3.467,21.347,3.228,0.000
Br62_rep1_Dep6_Tu2,4.149,0.000,0.000,0.000,0.000,62.383,0.000,16.038,0.000,0.000,0.249,0.000,17.179,0.000
Br62_rep10_Dep6_Tu5,7.443,0.000,0.000,0.000,0.000,54.698,0.000,12.505,0.000,14.544,0.058,4.435,6.316,0.000
Br62_rep10_Dep6_Tu30,0.000,0.000,5.990,0.000,0.000,41.666,0.000,10.801,2.976,0.000,4.480,21.665,12.423,0.000
Br62_rep6_Dep6_Tu2,32.410,0.000,0.000,0.000,0.000,59.439,0.000,5.264,0.530,0.000,0.000,0.000,2.357,0.000
Br62_rep4_Dep6_Tu3,9.823,0.000,0.000,0.000,0.000,64.035,0.000,20.257,2.161,0.000,0.230,0.000,3.492,0.000
Br66_rep4_Dep6_Tu50,0.000,0.000,0.000,0.000,0.949,24.360,0.492,1.928,0.000,7.751,4.061,44.325,5.848,10.286
Br66_rep3_Dep6_Tu0.5,4.258,0.000,0.000,0.000,0.000,50.914,27.709,7.992,0.000,0.000,0.000,0.000,9.111,0.015
Br66_rep2_Dep6_Tu3,12.982,0.000,0.000,0.000,0.000,60.448,0.000,11.377,3.436,0.000,0.000,0.000,11.756,0.000
Br66_rep6_Dep6_Tu40,0.000,0.000,0.000,0.000,0.000,34.035,1.859,4.966,0.741,0.000,2.588,45.814,9.997,0.000
Br66_rep9_Dep6_Tu0.1,30.571,0.000,0.000,0.000,0.000,56.642,0.000,8.645,0.036,0.000,0.000,0.000,4.106,0.000
Br66_rep9_Dep6_Tu5,25.561,0.000,0.000,0.000,0.000,52.335,0.000,10.941,0.032,0.000,0.326,3.238,7.566,0.000
Br66_rep10_Dep6_Tu1,6.798,0.000,0.000,0.000,0.000,65.765,0.000,23.545,1.728,0.000,0.000,0.000,2.164,0.000
Br66_rep6_Dep6_Tu20,0.000,0.000,0.000,0.000,0.000,43.868,0.599,10.059,0.000,10.367,1.223,22.513,11.371,0.000
Br66_rep10_Dep6_Tu30,13.515,0.000,0.000,0.000,0.000,37.758,0.000,3.521,1.806,0.000,1.245,32.118,10.037,0.000
Br66_rep10_Dep6_Tu5,18.254,0.000,0.000,0.000,0.000,56.046,0.000,5.980,0.000,0.000,0.145,5.014,14.561,0.000
Br66_rep7_Dep6_Tu1,9.223,0.000,0.000,0.000,0.000,64.730,0.000,10.303,0.000,0.000,0.000,0.000,15.742,0.000
Br66_rep6_Dep6_Tu0.3,4.307,0.000,0.000,0.000,0.000,50.934,27.648,7.994,0.000,0.000,0.000,0.000,9.096,0.020
Br66_rep1_Dep6_Tu30,0.000,0.000,0.000,0.000,0.000,41.353,0.541,11.746,0.000,0.000,1.577,33.318,11.464,0.000
Br66_rep3_Dep6_Tu1,4.536,0.000,0.000,0.000,0.000,60.161,0.000,10.373,0.052,0.000,0.000,0.000,10.345,14.533
Br66_rep3_Dep6_Tu30,0.000,0.000,0.000,0.000,0.000,41.152,0.000,9.738,2.504,0.000,4.288,29.299,13.019,0.000
Br66_rep9_Dep6_Tu1,3.134,0.000,0.000,0.000,0.000,62.365,0.000,16.750,0.000,0.000,0.000,0.000,17.750,0.000
Br66_rep9_Dep6_Tu40,0.000,0.000,0.000,0.000,2.849,35.721,0.000,5.879,0.000,0.000,2.114,48.727,4.709,0.000
Br66_rep5_Dep6_Tu1,26.884,0.000,0.000,0.000,0.000,53.942,0.000,10.360,0.000,0.000,0.000,0.325,8.488,0.000
Br66_rep2_Dep6_Tu5,8.661,0.000,0.000,0.000,0.000,66.560,0.000,22.419,0.016,0.000,0.000,0.902,1.443,0.000
Br66_rep5_Dep6_Tu30,12.541,0.000,0.000,0.000,0.000,36.448,0.000,6.817,0.000,0.631,2.034,31.406,9.780,0.342
Br66_rep7_Dep6_Tu50,0.000,0.000,0.000,0.000,2.003,25.750,2.861,5.792,0.000,0.000,5.039,50.757,7.797,0.000
Br66_rep4_Dep6_Tu40,0.000,0.000,0.000,0.000,0.000,30.009,0.000,11.687,0.000,0.000,3.367,44.583,10.353,0.000
Br66_rep8_Dep6_Tu5,19.392,0.000,0.000,0.000,0.000,51.808,2.738,3.796,0.838,0.000,1.346,1.200,7.443,11.439
Br66_rep9_Dep6_Tu2,5.861,0.000,0.000,0.000,0.000,58.862,0.000,17.374,1.465,0.000,1.045,0.000,15.392,0.000
Br66_rep6_Dep6_Tu30,7.867,0.000,0.000,0.000,0.053,35.833,12.015,2.587,0.000,0.114,3.621,32.267,5.644,0.000
Br66_rep4_Dep6_Tu0.1,21.212,0.000,0.000,0.000,0.000,60.227,0.000,4.626,0.000,0.000,0.000,0.000,13.935,0.000
Br66_rep5_Dep6_Tu10,4.536,0.000,0.000,0.000,0.000,54.325,0.000,15.294,0.641,0.000,0.052,13.002,3.990,8.160
Br66_rep3_Dep6_Tu40,0.000,0.000,0.000,0.000,0.000,30.441,10.866,3.571,4.538,0.000,7.075,38.712,4.796,0.000
Br66_rep9_Dep6_Tu0.5,13.615,0.000,0.000,0.000,0.000,65.309,0.000,6.664,3.207,0.000,0.000,0.000,11.205,0.000
Br66_rep8_Dep6_Tu2,3.954,0.000,0.000,0.000,0.000,58.856,12.480,13.003,0.000,0.000,0.004,1.159,8.808,1.735
Br66_rep10_Dep6_Tu2,18.104,0.000,0.000,0.000,0.000,60.897,0.000,13.947,0.000,0.000,0.231,0.000,6.820,0.000
Br66_rep6_Dep6_Tu0.1,25.666,0.000,0.000,0.000,0.000,55.973,0.000,1.725,0.000,0.000,0.000,0.000,16.636,0.000
Br66_rep5_Dep6_Tu0.5,7.961,0.000,0.000,0.000,0.000,67.300,0.000,10.555,0.322,0.000,0.000,0.000,13.862,0.000
Br66_rep2_Dep6_Tu20,16.197,0.000,0.000,0.000,0.000,41.530,0.000,2.980,0.000,0.427,0.759,25.098,12.159,0.851
Br66_rep4_Dep6_Tu0.5,4.479,0.000,0.000,0.000,0.000,55.071,0.000,4.453,0.023,0.000,0.000,0.000,8.496,27.477
Br66_rep4_Dep6_Tu5,31.214,0.000,0.000,0.000,0.000,52.814,0.000,10.417,2.400,0.000,0.000,0.000,3.155,0.000
Br66_rep8_Dep6_Tu0.5,23.281,0.000,0.000,0.000,0.000,57.099,0.000,3.799,0.061,0.000,0.000,0.000,15.017,0.742
Br66_rep5_Dep6_Tu20,2.561,0.000,0.000,0.000,0.000,42.615,3.984,1.498,0.000,0.000,0.704,19.277,6.913,22.448
Br66_rep1_Dep6_Tu3,20.828,0.000,0.000,0.000,0.000,58.579,0.000,4.333,0.000,0.000,0.083,0.024,16.152,0.000
Br66_rep10_Dep6_Tu10,15.837,0.000,0.000,0.000,0.000,51.348,0.000,8.017,0.015,0.000,0.543,13.482,10.757,0.000
Br66_rep3_Dep6_Tu10,18.505,0.000,0.000,0.000,0.000,54.315,0.000,6.161,0.000,0.000,0.194,7.900,12.926,0.000
Br66_rep10_Dep6_Tu40,0.000,0.000,0.000,0.000,0.000,33.425,0.941,0.805,0.000,3.392,2.898,35.235,6.173,17.131
Br66_rep1_Dep6_Tu50,0.000,0.000,0.000,0.000,0.000,28.440,8.360,4.233,0.000,0.000,4.373,50.811,3.783,0.000
Br66_rep10_Dep6_Tu0.5,17.631,0.000,0.000,0.000,0.000,62.712,0.000,9.825,0.000,0.000,0.000,0.000,9.832,0.000
Br66_rep1_Dep6_Tu0.3,24.334,0.000,0.000,0.000,0.000,56.123,0.000,2.141,0.000,0.000,0.000,0.000,17.401,0.000
Br66_rep10_Dep6_Tu0.1,18.338,0.000,0.000,0.000,0.000,57.458,5.456,5.972,0.000,0.000,0.000,0.000,12.776,0.000
Br66_rep8_Dep6_Tu40,0.000,0.000,0.000,0.000,0.000,36.324,0.000,6.099,0.823,0.000,3.188,47.591,5.975,0.000
Br66_rep3_Dep6_Tu20,1.915,0.000,0.000,0.000,0.000,54.612,0.794,8.812,0.000,0.000,1.777,21.329,10.762,0.000
Br66_rep9_Dep6_Tu0.3,7.063,0.000,0.000,0.000,0.000,72.724,0.000,9.160,0.128,0.000,0.000,0.000,10.925,0.000
Br66_rep7_Dep6_Tu0.3,4.450,0.000,0.000,0.000,0.000,61.932,0.000,16.995,0.000,0.000,0.005,0.000,16.617,0.000
Br66_rep5_Dep6_Tu2,30.680,0.000,0.000,0.000,0.000,55.567,7.006,1.942,0.447,0.000,0.000,0.000,4.357,0.000
Br66_rep5_Dep6_Tu0.3,28.623,0.000,0.000,0.000,0.000,54.504,9.015,3.768,0.093,0.000,0.000,0.000,3.997,0.000
Br66_rep6_Dep6_Tu5,21.509,0.000,0.000,0.000,0.000,60.267,0.000,3.781,0.000,0.000,0.274,4.069,10.099,0.000
Br66_rep5_Dep6_Tu3,10.486,0.000,0.000,0.000,0.000,63.514,0.000,8.929,7.386,0.000,0.000,0.000,9.685,0.000
Br66_rep1_Dep6_Tu5,21.566,0.000,0.000,0.000,0.000,57.504,0.000,3.419,0.000,0.000,0.235,5.056,12.220,0.000
Br66_rep6_Dep6_Tu10,8.496,0.000,2.001,0.000,0.000,55.777,6.110,12.903,0.290,0.000,0.007,7.561,6.854,0.000
Br66_rep3_Dep6_Tu5,13.989,0.000,0.000,0.000,0.000,62.243,0.000,9.757,0.000,0.000,0.586,5.278,8.146,0.000
Br66_rep1_Dep6_Tu1,20.221,0.000,0.000,0.000,0.000,54.164,6.833,8.255,0.000,0.000,0.000,0.000,10.527,0.000
Br66_rep4_Dep6_Tu30,0.000,0.000,0.000,0.000,0.000,43.843,0.000,9.097,0.000,0.000,5.879,30.608,10.572,0.000
Br66_rep8_Dep6_Tu20,1.289,0.000,0.000,0.000,20.578,46.135,0.710,6.760,0.000,0.000,1.381,19.312,3.834,0.000
Br66_rep4_Dep6_Tu10,1.168,0.000,0.000,0.000,0.000,56.220,0.000,15.173,0.000,0.000,0.148,9.941,17.349,0.000
Br66_rep2_Dep6_Tu1,17.982,0.000,0.000,0.000,0.000,60.478,0.000,9.198,0.223,0.000,0.000,0.000,12.118,0.000
Br66_rep6_Dep6_Tu2,33.052,0.000,0.000,0.000,0.000,59.211,0.000,4.143,0.284,0.000,0.000,0.000,3.310,0.000
Br66_rep6_Dep6_Tu0.5,5.442,0.000,0.000,0.000,0.000,53.849,0.149,6.751,0.000,3.331,0.000,0.000,10.816,19.662
Br66_rep5_Dep6_Tu0.1,1.975,0.000,0.000,0.000,0.000,64.215,0.000,15.351,0.000,0.000,0.000,0.000,18.459,0.000
Br66_rep2_Dep6_Tu2,24.039,0.000,0.000,0.000,0.000,56.250,0.000,5.444,0.007,0.000,0.000,0.000,14.259,0.000
Br66_rep10_Dep6_Tu50,0.000,0.000,0.000,0.000,0.000,23.594,0.000,1.874,0.000,0.000,2.781,64.139,7.611,0.000
Br66_rep7_Dep6_Tu3,30.011,0.000,0.000,0.000,0.000,53.762,6.310,4.312,0.140,0.000,0.000,0.000,5.465,0.000
Br66_rep7_Dep6_Tu10,12.500,0.000,0.000,0.000,0.000,59.261,0.000,6.909,2.329,0.000,0.255,8.917,9.829,0.000
Br66_rep2_Dep6_Tu0.5,7.814,0.000,0.000,0.000,0.000,67.993,0.000,10.778,0.059,0.000,0.000,0.000,13.356,0.000
Br66_rep5_Dep6_Tu50,0.000,0.000,0.000,0.000,0.000,27.722,3.320,0.911,0.000,0.000,8.629,50.556,8.861,0.000
Br66_rep9_Dep6_Tu20,19.984,0.000,0.000,0.000,0.000,46.152,0.000,3.811,0.000,0.000,0.171,18.968,10.913,0.000
Br66_rep8_Dep6_Tu3,6.325,0.000,0.000,0.000,0.000,66.082,0.000,22.458,1.768,0.000,0.076,1.061,2.230,0.000
Br66_rep9_Dep6_Tu10,2.643,0.000,0.000,0.000,0.000,55.944,0.000,12.187,0.000,0.000,0.138,9.707,7.787,11.595
Br66_rep7_Dep6_Tu2,24.068,0.000,0.000,0.000,0.000,61.703,0.000,5.587,0.000,0.000,0.000,0.000,8.641,0.000
Br66_rep6_Dep6_Tu3,23.826,0.000,0.000,0.000,0.000,55.448,0.000,2.903,0.315,0.000,0.920,0.000,16.588,0.000
Br66_rep1_Dep6_Tu0.5,23.701,0.000,0.000,0.000,0.000,55.229,0.000,4.834,0.242,0.000,0.000,0.000,15.994,0.000
Br66_rep2_Dep6_Tu40,0.000,0.000,0.000,0.000,0.000,29.505,1.116,2.131,0.000,0.000,2.516,35.015,7.432,22.285
Br66_rep1_Dep6_Tu2,2.154,0.000,0.000,0.000,0.000,61.651,0.000,16.915,0.000,0.000,0.000,1.678,17.601,0.000
Br66_rep8_Dep6_Tu1,5.574,0.000,0.000,0.000,0.000,63.283,8.883,15.924,0.000,0.000,0.023,0.000,6.311,0.000
Br66_rep4_Dep6_Tu3,10.352,0.000,0.000,0.000,0.000,63.854,0.000,20.206,2.691,0.000,0.031,0.000,2.865,0.000
Br66_rep7_Dep6_Tu40,0.000,0.000,0.000,0.000,0.000,37.577,5.188,6.705,0.000,0.000,4.638,40.553,5.338,0.000
Br66_rep7_Dep6_Tu0.5,22.303,0.000,0.000,0.000,0.000,57.459,0.000,7.176,0.011,0.000,0.000,0.000,13.051,0.000
Br66_rep2_Dep6_Tu30,0.000,0.000,0.000,0.000,0.000,44.314,0.000,2.853,0.000,0.000,4.915,39.181,8.736,0.000
Br66_rep2_Dep6_Tu0.1,3.889,0.000,0.000,0.000,0.000,51.560,0.383,13.223,0.000,23.879,0.000,0.000,7.065,0.000
Br66_rep7_Dep6_Tu0.1,11.379,0.000,0.000,0.000,0.000,64.356,0.000,9.411,0.806,0.000,0.000,0.000,14.047,0.000
Br66_rep1_Dep6_Tu40,0.000,0.000,0.000,0.000,4.124,35.257,5.021,10.771,2.426,0.000,2.803,36.794,2.803,0.000
Br66_rep7_Dep6_Tu5,19.445,0.000,0.000,0.000,0.000,56.080,0.000,6.248,0.173,0.000,1.414,3.429,13.210,0.000
Br66_rep4_Dep6_Tu1,11.738,0.000,0.000,0.000,0.000,49.984,0.762,7.106,0.000,0.000,0.000,0.000,10.180,20.228
Br66_rep8_Dep6_Tu0.1,17.815,0.000,0.000,0.000,0.000,61.692,1.205,2.758,0.011,0.000,0.000,0.000,3.051,13.466
Br66_rep4_Dep6_Tu2,7.122,0.000,0.000,0.000,0.000,59.713,10.680,13.167,0.125,0.000,0.000,0.000,9.193,0.000
Br66_rep1_Dep6_Tu0.1,4.765,0.000,0.000,0.000,0.000,69.605,0.000,11.998,0.000,0.000,0.000,0.000,13.631,0.000
Br66_rep2_Dep6_Tu10,2.515,0.000,0.000,0.000,0.000,57.992,0.000,15.772,0.000,0.000,0.009,8.539,15.173,0.000
Br66_rep4_Dep6_Tu20,1.889,0.000,0.000,0.000,0.000,44.930,9.435,2.673,0.000,6.792,2.521,23.260,7.027,1.473
Br66_rep4_Dep6_Tu0.3,13.987,0.000,0.000,0.000,0.000,60.073,0.000,11.741,0.000,0.000,0.000,0.000,14.198,0.000
Br66_rep10_Dep6_Tu3,15.833,0.000,0.000,0.000,0.000,60.948,0.000,12.153,0.000,0.000,0.042,2.358,8.666,0.000
Br66_rep1_Dep6_Tu20,24.000,0.000,0.000,0.000,0.000,44.696,5.776,3.656,0.798,0.156,0.548,18.561,1.809,0.000
Br66_rep6_Dep6_Tu1,21.664,0.000,0.000,0.000,0.000,58.903,0.000,9.021,0.000,0.000,0.000,0.000,10.411,0.000
Br66_rep6_Dep6_Tu50,0.000,0.000,0.000,0.000,7.783,24.831,10.657,2.534,2.961,0.000,5.065,40.004,6.164,0.000
Br66_rep9_Dep6_Tu3,6.225,0.000,0.000,0.000,0.000,54.868,19.794,10.833,0.513,0.000,0.091,1.029,6.646,0.000
Br66_rep3_Dep6_Tu50,0.000,0.000,0.000,0.000,0.000,28.189,1.034,3.984,0.000,0.000,7.753,43.419,8.814,6.806
Br66_rep8_Dep6_Tu30,0.142,0.000,0.000,0.000,0.000,39.979,0.385,12.146,1.355,0.000,0.792,30.797,14.404,0.000
Br66_rep7_Dep6_Tu20,3.487,0.000,0.000,0.000,0.000,46.319,0.000,8.254,8.141,0.000,0.849,24.343,8.607,0.000
Br66_rep3_Dep6_Tu2,22.734,0.000,0.000,0.000,0.000,56.518,0.000,1.724,0.024,0.000,0.000,0.000,17.010,1.990
Br66_rep8_Dep6_Tu50,8.213,0.000,0.000,0.000,0.000,23.932,2.428,5.804,0.000,0.000,8.093,45.870,2.218,3.440
Br66_rep3_Dep6_Tu3,11.021,0.000,1.528,0.000,0.000,61.058,0.000,13.280,0.000,0.000,0.013,0.000,13.099,0.000
Br66_rep3_Dep6_Tu0.3,22.997,0.000,0.000,0.000,0.000,56.886,0.000,3.878,0.100,0.000,0.000,0.000,15.154,0.984
Br66_rep8_Dep6_Tu0.3,7.123,0.000,0.000,0.000,0.000,72.804,0.000,9.096,0.061,0.000,0.000,0.000,10.915,0.000
Br66_rep3_Dep6_Tu0.1,11.246,0.000,0.000,0.000,0.000,63.058,0.000,16.535,0.418,0.000,0.000,0.000,8.741,0.000
Br66_rep10_Dep6_Tu0.3,19.310,0.000,0.000,0.000,0.000,64.600,0.000,4.769,0.000,0.000,0.000,0.000,11.321,0.000
Br66_rep2_Dep6_Tu50,0.000,0.000,0.000,0.000,0.000,32.452,0.000,4.782,0.000,0.000,3.344,52.436,6.986,0.000
Br66_rep5_Dep6_Tu5,32.345,0.000,0.000,0.000,0.000,55.339,0.000,6.389,0.282,0.000,0.534,1.906,3.203,0.000
Br66_rep10_Dep6_Tu20,22.735,0.000,0.000,0.000,0.000,45.333,0.000,3.336,1.079,2.765,5.012,17.269,2.469,0.000
Br66_rep7_Dep6_Tu30,4.522,0.000,0.000,0.000,0.000,46.257,0.000,7.044,0.000,0.000,0.586,34.179,7.411,0.000
Br66_rep9_Dep6_Tu30,0.000,0.000,0.000,0.000,0.000,38.193,6.867,6.939,0.000,0.000,1.375,33.858,8.628,4.141
Br66_rep5_Dep6_Tu40,0.000,0.000,0.000,0.000,0.000,36.326,4.852,4.538,0.000,0.000,4.673,40.628,8.961,0.021
Br66_rep8_Dep6_Tu10,6.326,0.000,0.000,0.000,0.000,52.133,3.392,1.462,0.000,2.944,0.000,10.342,4.693,18.707
Br66_rep9_Dep6_Tu50,0.000,0.000,0.000,0.000,0.000,32.365,0.433,4.557,0.000,0.000,5.069,50.437,7.139,0.000
Br66_rep2_Dep6_Tu0.3,8.671,0.000,0.000,0.000,0.000,67.718,0.000,21.832,0.217,0.000,0.000,0.000,1.561,0.000
Br66_rep1_Dep6_Tu10,9.895,0.000,0.000,0.000,0.000,46.976,1.018,5.673,0.000,0.000,0.061,7.545,10.641,18.190
Cer77_rep9_Dep6_Tu3,6.358,0.000,2.006,0.000,0.000,52.339,18.815,10.706,0.564,1.552,0.004,0.000,7.655,0.000
Cer77_rep5_Dep6_Tu30,4.462,48.185,2.059,0.400,4.222,26.470,0.936,2.716,3.987,0.000,0.342,0.091,5.402,0.730
Cer77_rep3_Dep6_Tu30,2.096,57.430,3.117,0.000,0.000,23.208,0.466,0.000,6.704,0.000,0.416,0.129,6.374,0.059
Cer77_rep8_Dep6_Tu50,0.376,65.704,4.512,2.100,3.681,9.733,3.945,0.000,5.940,0.000,0.917,0.149,0.633,2.310
Cer77_rep1_Dep6_Tu1,20.510,0.000,0.000,0.000,0.000,54.206,6.726,8.219,0.000,0.000,0.000,0.000,10.337,0.000
Cer77_rep7_Dep6_Tu3,32.441,0.000,0.000,0.000,0.000,55.232,0.000,7.649,0.392,0.000,0.000,0.000,4.286,0.000
Cer77_rep10_Dep6_Tu2,16.366,0.000,0.000,0.000,0.000,59.572,0.000,11.784,0.588,0.000,1.426,0.000,5.837,4.427
Cer77_rep2_Dep6_Tu0.5,7.720,0.000,0.000,0.000,0.000,67.978,0.000,11.136,0.091,0.000,0.000,0.000,13.074,0.000
Cer77_rep3_Dep6_Tu20,3.704,42.498,2.000,0.327,0.000,38.430,0.000,4.493,3.045,0.000,0.121,0.035,5.346,0.000
Cer77_rep1_Dep6_Tu2,3.990,0.000,2.159,0.000,0.000,60.065,0.000,16.688,0.031,0.000,0.000,0.026,17.041,0.000
Cer77_rep2_Dep6_Tu5,6.157,13.343,0.000,0.000,0.000,58.922,0.000,20.010,0.622,0.000,0.059,0.000,0.887,0.000
Cer77_rep5_Dep6_Tu0.5,8.370,0.000,0.000,0.000,0.000,66.177,0.000,9.498,2.876,0.000,0.000,0.000,13.078,0.000
Cer77_rep2_Dep6_Tu50,1.401,65.515,6.445,0.000,0.000,18.604,0.133,0.000,6.211,0.000,1.128,0.108,0.313,0.143
