Sample,BRCA,CEAD,CESC,COAD,OV,READ,bcell,cd4tcell,cd8tcell,erythroblast,monocyte,naturalkillercell,neutrophil
Colo_rep2_Dep6_Tu0.5,0.000,0.000,0.000,0.000,1.321,0.000,0.998,1.222,0.000,18.139,14.182,1.138,63.000
Colo_rep2_Dep6_Tu50,1.956,0.000,3.222,0.000,9.349,25.283,1.667,0.030,0.000,15.612,8.249,3.523,31.108
Colo_rep6_Dep6_Tu1,0.000,1.412,0.000,0.000,0.000,0.000,5.288,0.000,0.000,18.907,6.316,2.515,65.561
Colo_rep3_Dep6_Tu2,0.000,0.000,0.000,0.000,3.089,0.000,5.048,0.000,0.000,13.794,13.962,2.700,61.407
Colo_rep7_Dep6_Tu2,0.000,0.000,1.618,0.000,0.000,0.000,4.134,0.000,0.673,17.198,8.719,3.350,64.308
Colo_rep8_Dep6_Tu0.1,0.000,0.000,0.000,0.000,6.284,0.000,6.598,0.390,1.551,12.189,9.041,5.424,58.522
Colo_rep10_Dep6_Tu2,0.000,0.000,0.000,0.604,5.886,0.000,0.000,1.536,0.000,15.719,16.013,2.940,57.303
Colo_rep6_Dep6_Tu3,0.000,0.000,0.153,0.000,4.376,0.000,6.143,0.000,1.799,14.616,12.944,0.000,59.968
Colo_rep9_Dep6_Tu30,0.458,1.126,0.000,0.000,8.170,15.331,3.142,0.000,0.000,16.787,11.600,2.403,40.983
Colo_rep9_Dep6_Tu0.5,0.000,0.000,1.099,0.000,2.650,0.000,2.050,1.620,0.000,14.680,14.169,4.361,59.371
Colo_rep6_Dep6_Tu20,0.325,0.000,5.059,0.000,0.822,10.480,0.012,0.000,5.696,14.044,13.928,1.769,47.864
Colo_rep8_Dep6_Tu30,3.897,0.000,4.297,0.000,8.687,10.277,0.309,0.000,0.000,15.721,9.772,2.826,44.214
Colo_rep3_Dep6_Tu5,1.771,0.000,0.000,0.124,0.583,0.200,4.952,1.229,0.000,20.052,7.396,1.463,62.232
Colo_rep4_Dep6_Tu3,0.000,0.000,0.000,0.246,3.883,0.000,3.476,1.544,0.749,16.909,10.054,2.634,60.504
Colo_rep2_Dep6_Tu10,2.310,0.000,0.000,0.180,4.478,4.605,0.461,0.000,0.000,16.086,13.959,3.982,53.939
Colo_rep3_Dep6_Tu40,0.000,2.262,0.000,0.000,8.458,20.902,2.593,0.000,0.000,12.627,10.725,5.516,36.917
Colo_rep3_Dep6_Tu30,3.676,1.105,0.000,0.000,7.138,13.378,1.669,0.294,0.000,16.413,10.327,3.285,42.715
Colo_rep6_Dep6_Tu30,0.000,5.326,0.000,0.000,10.118,14.469,0.299,0.030,1.036,13.760,10.778,4.228,39.957
Colo_rep4_Dep6_Tu50,2.666,0.000,4.048,0.000,6.011,26.166,1.640,0.000,5.943,15.841,11.221,0.190,26.275
Colo_rep5_Dep6_Tu50,3.913,2.640,0.000,0.000,4.160,23.318,0.575,0.000,0.000,16.586,12.988,5.328,30.492
Colo_rep6_Dep6_Tu2,0.000,0.000,0.000,0.000,6.936,0.000,1.027,0.000,6.273,16.721,8.348,0.000,60.695
Colo_rep10_Dep6_Tu50,1.514,0.000,1.477,0.000,14.762,26.947,1.554,0.000,2.073,17.781,10.974,1.529,21.388
Colo_rep7_Dep6_Tu50,5.833,6.862,0.000,0.000,3.899,21.457,1.150,2.476,3.728,12.867,10.693,2.820,28.214
Colo_rep9_Dep6_Tu40,2.031,4.637,0.000,0.000,5.410,19.134,4.428,1.246,0.370,14.572,9.104,1.396,37.672
Colo_rep8_Dep6_Tu5,0.000,0.000,0.000,0.000,8.163,0.000,4.944,0.000,2.498,14.309,10.589,3.541,55.956
Colo_rep1_Dep6_Tu20,0.000,0.000,2.046,0.000,10.183,8.946,1.375,0.000,4.153,14.230,6.926,4.859,47.282
Colo_rep9_Dep6_Tu2,0.000,0.000,0.000,0.000,3.584,0.000,1.942,0.000,0.000,24.021,11.274,1.518,57.660
Colo_rep5_Dep6_Tu30,0.000,0.000,3.761,0.000,4.391,13.265,6.109,1.510,0.526,19.115,10.587,0.758,39.977
Colo_rep4_Dep6_Tu0.1,0.000,0.000,0.958,0.000,1.427,0.000,2.154,0.841,0.000,16.710,12.931,2.003,62.976
Colo_rep5_Dep6_Tu0.1,0.000,0.000,0.000,0.000,2.216,0.000,3.445,0.664,0.000,16.493,13.839,0.000,63.344
Colo_rep9_Dep6_Tu3,0.000,0.000,0.000,0.000,5.050,0.000,2.201,1.612,2.897,14.994,12.417,3.650,57.179
Colo_rep2_Dep6_Tu0.1,0.629,0.000,0.000,0.000,2.092,0.000,2.226,1.508,2.834,17.148,9.282,5.037,59.244
Colo_rep8_Dep6_Tu10,1.144,2.243,0.000,0.000,0.000,1.930,7.642,0.000,3.297,13.218,7.613,3.761,59.152
Colo_rep4_Dep6_Tu30,6.326,0.000,2.048,0.000,4.675,10.517,0.000,0.794,4.149,16.497,8.567,0.000,46.428
Colo_rep2_Dep6_Tu2,0.000,0.000,2.444,0.000,2.101,0.000,2.604,0.000,0.289,18.326,14.220,0.867,59.148
Colo_rep1_Dep6_Tu5,0.000,0.008,2.822,0.000,3.358,0.000,4.017,0.000,3.595,12.920,9.042,2.386,61.852
Colo_rep8_Dep6_Tu50,5.039,0.000,4.467,0.000,8.089,25.913,4.047,1.386,0.000,10.738,8.047,4.822,27.453
Colo_rep5_Dep6_Tu5,0.000,0.401,0.000,0.000,2.490,0.000,5.541,1.919,1.849,16.400,12.254,4.164,54.981
Colo_rep6_Dep6_Tu50,0.000,0.000,3.457,0.000,15.457,24.793,0.608,0.000,2.666,17.764,9.715,1.124,24.415
Colo_rep5_Dep6_Tu0.5,0.266,0.000,0.000,0.000,1.408,0.000,2.910,1.408,0.000,12.405,10.158,4.417,67.028
Colo_rep4_Dep6_Tu20,1.942,0.000,0.613,0.000,12.301,11.160,1.484,1.966,0.000,8.702,13.226,5.572,43.033
Colo_rep8_Dep6_Tu40,0.124,0.000,2.401,0.000,14.477,16.311,2.357,0.476,0.000,15.529,8.203,4.313,35.809
Colo_rep7_Dep6_Tu0.3,0.000,0.410,0.000,0.187,0.540,0.000,0.000,0.000,0.000,22.538,12.308,1.216,62.801
Colo_rep7_Dep6_Tu30,0.165,0.000,1.336,0.000,9.029,18.760,0.000,0.000,0.000,14.527,7.285,4.028,44.871
Colo_rep10_Dep6_Tu20,3.991,0.000,2.173,0.422,0.000,7.005,7.521,0.920,1.724,15.127,6.973,2.052,52.091
Colo_rep9_Dep6_Tu10,0.000,0.000,0.000,0.616,5.610,1.751,4.939,1.680,0.000,15.757,13.604,2.404,53.639
Colo_rep9_Dep6_Tu0.1,0.000,0.000,0.000,0.000,7.621,0.000,3.641,0.000,1.116,17.123,11.666,2.534,56.299
Colo_rep10_Dep6_Tu0.3,0.000,0.000,0.000,0.000,6.693,0.000,0.979,0.000,6.168,15.988,8.373,0.273,61.526
Colo_rep8_Dep6_Tu20,0.651,0.000,1.259,0.000,4.897,7.802,4.618,6.386,0.391,12.386,9.230,2.193,50.187
Colo_rep3_Dep6_Tu3,0.000,0.000,4.593,0.000,0.767,0.000,1.670,2.104,0.000,15.938,12.794,4.997,57.137
Colo_rep4_Dep6_Tu2,0.000,0.000,0.000,0.000,9.131,0.000,2.087,0.000,0.190,13.302,11.846,4.303,59.141
Colo_rep10_Dep6_Tu0.1,0.670,1.904,0.000,0.000,0.543,0.000,4.159,0.000,0.790,14.372,8.873,4.911,63.778
Colo_rep4_Dep6_Tu0.3,0.000,0.593,0.000,0.000,0.000,0.000,2.993,0.000,0.000,18.660,11.413,1.679,64.663
Colo_rep9_Dep6_Tu0.3,0.183,0.436,0.000,0.000,1.983,0.000,0.000,0.000,0.224,14.392,13.342,2.680,66.760
Colo_rep1_Dep6_Tu10,0.000,0.000,0.000,0.000,3.023,3.150,6.525,0.000,1.693,17.196,12.209,5.024,51.179
Colo_rep6_Dep6_Tu0.3,0.000,0.000,0.000,0.000,0.384,0.000,5.018,0.220,3.062,16.319,13.802,3.609,57.586
Colo_rep6_Dep6_Tu0.5,0.000,0.000,0.000,0.000,4.083,0.000,4.181,0.000,3.635,15.244,10.897,2.001,59.959
Colo_rep10_Dep6_Tu10,0.000,0.000,0.251,0.000,11.538,3.328,7.190,2.906,0.000,15.122,9.531,2.271,47.863
Colo_rep10_Dep6_Tu1,0.000,0.421,0.000,0.000,7.111,0.000,3.514,0.000,0.000,17.022,11.590,4.777,55.565
Colo_rep10_Dep6_Tu5,1.305,0.000,0.000,0.000,3.974,1.050,3.766,0.889,4.995,13.805,10.435,2.666,57.114
Colo_rep10_Dep6_Tu40,7.747,0.000,0.163,0.000,7.368,20.058,1.797,0.888,0.000,13.089,15.752,3.333,29.805
Colo_rep10_Dep6_Tu0.5,0.000,0.000,0.000,0.000,2.782,0.000,7.413,0.000,1.457,17.722,12.509,4.795,53.320
Colo_rep1_Dep6_Tu1,0.000,0.000,0.000,0.000,0.869,0.000,4.205,0.000,0.908,16.429,12.862,4.777,59.949
Colo_rep7_Dep6_Tu20,0.000,0.000,0.000,0.000,9.942,8.387,4.284,1.492,0.000,18.291,11.501,0.168,45.934
Colo_rep6_Dep6_Tu10,0.000,0.000,1.853,1.226,4.399,1.378,3.012,0.000,0.017,13.630,11.457,6.998,56.031
Colo_rep10_Dep6_Tu3,0.000,1.039,2.374,0.270,2.490,0.000,1.697,0.369,0.000,14.086,12.672,1.860,63.141
Colo_rep1_Dep6_Tu30,2.196,1.914,1.152,0.000,6.141,14.057,0.000,0.000,0.000,14.675,10.012,5.740,44.112
Colo_rep1_Dep6_Tu0.1,0.476,0.000,0.000,0.000,1.610,0.000,1.947,0.203,1.817,15.527,7.634,1.299,69.488
Colo_rep7_Dep6_Tu5,0.259,0.000,0.000,0.000,6.385,1.931,4.456,1.485,0.000,14.404,9.649,1.739,59.691
Colo_rep7_Dep6_Tu0.1,0.000,0.000,0.000,0.000,5.197,0.000,2.131,1.039,0.000,15.382,13.992,2.448,59.812
Colo_rep6_Dep6_Tu40,0.815,0.000,0.000,0.000,10.288,24.384,0.000,0.000,0.000,17.703,11.336,2.684,32.789
Colo_rep8_Dep6_Tu2,0.369,0.000,0.000,0.000,0.561,0.000,4.684,0.000,0.000,17.031,12.118,4.424,60.813
Colo_rep7_Dep6_Tu0.5,0.000,0.000,0.821,0.000,4.653,0.000,1.421,0.000,4.115,16.502,10.194,2.369,59.925
Colo_rep5_Dep6_Tu20,3.358,3.326,0.000,0.000,3.237,11.122,3.104,0.000,0.614,14.490,7.961,4.393,48.395
Colo_rep8_Dep6_Tu0.3,0.277,0.425,0.000,0.000,2.176,0.000,0.000,0.000,0.227,14.276,12.796,3.024,66.799
Colo_rep4_Dep6_Tu5,0.000,0.000,0.000,0.000,9.176,1.428,3.642,1.015,2.194,17.027,9.866,2.436,53.216
Colo_rep9_Dep6_Tu1,0.296,0.000,0.000,0.000,2.595,0.000,3.921,0.000,0.000,16.088,13.554,1.874,61.672
Colo_rep1_Dep6_Tu0.5,0.000,0.000,0.581,0.000,6.134,0.000,2.744,0.000,1.302,15.792,9.628,1.472,62.346
Colo_rep8_Dep6_Tu3,0.000,1.685,0.000,0.678,5.528,0.420,0.652,0.000,1.290,14.669,10.406,4.138,60.534
Colo_rep5_Dep6_Tu0.3,0.000,1.896,0.168,0.000,3.128,0.030,2.714,0.000,3.809,14.687,12.923,4.611,56.033
Colo_rep2_Dep6_Tu30,3.637,0.000,1.473,0.000,6.427,16.087,0.000,2.161,0.000,11.520,10.691,1.542,46.463
Colo_rep7_Dep6_Tu10,0.000,0.000,0.000,0.088,6.371,3.111,4.528,1.706,0.000,14.244,12.983,4.088,52.881
Colo_rep2_Dep6_Tu40,2.105,3.445,2.338,0.000,1.665,20.332,8.420,0.000,0.000,14.371,7.471,2.789,37.065
Colo_rep3_Dep6_Tu0.1,0.000,0.000,0.000,0.000,8.310,0.000,0.784,1.198,0.000,14.076,15.544,2.742,57.345
Colo_rep3_Dep6_Tu1,0.000,0.000,0.000,0.000,2.458,0.000,2.702,0.000,0.000,15.389,13.790,4.607,61.055
Colo_rep8_Dep6_Tu1,0.000,0.000,0.000,0.794,1.040,0.000,0.264,0.000,0.000,18.450,13.572,4.839,61.041
Colo_rep4_Dep6_Tu1,0.000,0.000,0.000,0.000,2.668,0.000,6.522,0.000,2.273,16.388,13.139,2.773,56.237
Colo_rep5_Dep6_Tu40,0.000,0.000,4.378,0.463,4.457,18.046,2.302,5.647,0.000,12.082,9.868,5.565,37.193
Colo_rep5_Dep6_Tu10,0.000,0.835,0.000,1.348,4.616,0.816,4.338,0.901,0.361,20.129,11.814,3.853,50.989
Colo_rep2_Dep6_Tu0.3,0.000,1.579,0.000,0.000,5.036,0.000,1.847,1.586,0.061,15.717,7.112,2.857,64.205
Colo_rep10_Dep6_Tu30,4.058,0.000,3.287,0.000,7.955,8.634,2.653,0.000,2.112,13.545,10.397,4.253,43.106
Colo_rep1_Dep6_Tu40,3.491,0.000,0.000,1.849,3.553,20.579,2.074,3.341,4.727,14.782,9.101,0.127,36.375
Colo_rep6_Dep6_Tu0.1,0.000,0.000,1.182,0.000,0.811,0.000,2.895,0.626,3.205,14.046,15.498,0.000,61.736
Colo_rep7_Dep6_Tu40,5.070,0.000,0.000,0.000,5.620,21.358,4.587,0.000,1.358,18.133,7.559,0.432,35.883
Colo_rep1_Dep6_Tu50,3.804,0.000,0.000,0.000,10.609,31.163,2.180,0.000,0.000,13.601,8.817,5.947,23.878
Colo_rep1_Dep6_Tu0.3,0.000,0.000,1.037,0.000,0.000,0.000,2.203,0.609,0.000,15.736,14.410,3.049,62.956
Colo_rep9_Dep6_Tu20,0.000,3.322,0.000,0.000,2.982,9.318,3.941,0.000,0.000,20.640,9.016,3.819,46.962
Colo_rep4_Dep6_Tu10,0.000,3.077,0.000,0.826,0.000,0.000,0.592,0.000,0.000,23.471,12.305,0.000,59.729
Colo_rep6_Dep6_Tu5,0.000,0.000,2.351,0.000,0.135,1.141,3.710,0.655,2.582,15.144,10.182,2.672,61.428
Colo_rep9_Dep6_Tu5,2.099,0.000,0.000,0.000,0.883,0.000,4.976,1.298,3.397,17.927,11.069,2.582,55.768
Colo_rep3_Dep6_Tu50,3.624,0.000,3.344,0.000,9.448,24.711,2.191,0.000,0.000,14.944,13.545,0.613,27.579
Colo_rep5_Dep6_Tu1,0.643,0.000,0.000,0.000,0.000,0.000,4.635,1.380,2.057,18.312,12.184,4.008,56.782
Colo_rep5_Dep6_Tu3,0.000,0.000,0.000,0.000,7.538,0.000,0.549,0.000,0.000,17.749,10.547,4.106,59.510
Colo_rep2_Dep6_Tu1,0.000,0.000,2.439,0.000,5.032,0.000,0.369,0.308,0.000,14.844,12.692,4.901,59.417
Colo_rep7_Dep6_Tu1,0.000,0.000,0.000,0.000,0.047,0.000,2.218,0.794,0.522,14.423,14.105,5.251,62.640
Colo_rep5_Dep6_Tu2,0.000,0.000,1.676,0.000,5.101,0.000,0.125,0.000,4.091,15.294,10.317,4.242,59.155
Colo_rep4_Dep6_Tu40,3.875,0.195,1.996,0.000,7.707,21.262,2.670,0.000,0.000,17.887,10.751,2.151,31.506
Colo_rep2_Dep6_Tu20,0.000,0.000,0.000,0.000,6.898,12.008,5.780,0.000,1.709,15.020,8.123,3.309,47.153
Colo_rep4_Dep6_Tu0.5,0.000,0.000,0.000,0.000,0.528,0.000,5.329,0.000,0.229,18.339,10.054,3.803,61.719
Colo_rep2_Dep6_Tu5,1.730,1.360,0.000,0.000,3.040,0.000,0.928,1.886,0.000,18.239,5.992,4.509,62.315
Colo_rep2_Dep6_Tu3,0.000,0.000,0.000,0.000,8.151,0.000,0.000,1.776,0.000,14.476,13.088,6.125,56.383
Colo_rep3_Dep6_Tu10,0.343,0.000,2.548,0.000,1.435,5.000,2.567,1.014,0.000,19.655,11.642,0.000,55.795
Colo_rep8_Dep6_Tu0.5,0.000,0.000,0.000,0.000,6.456,0.000,5.359,0.000,2.767,12.109,9.797,1.841,61.672
Colo_rep7_Dep6_Tu3,0.000,0.000,0.000,0.000,6.020,0.000,4.844,0.000,0.000,16.136,11.554,4.873,56.573
Colo_rep3_Dep6_Tu0.5,0.000,0.000,0.000,0.000,0.899,0.000,4.949,0.366,3.129,16.265,13.173,3.541,57.678
Colo_rep3_Dep6_Tu20,3.701,0.875,4.264,0.000,0.744,6.088,1.387,2.945,1.103,14.481,9.281,2.011,53.120
Colo_rep1_Dep6_Tu2,2.497,0.000,0.000,0.000,4.768,0.000,2.854,0.466,0.046,15.912,12.844,1.975,58.637
Colo_rep9_Dep6_Tu50,1.154,0.000,3.778,0.000,8.519,26.866,0.000,0.000,0.000,14.856,9.287,2.344,33.196
Colo_rep3_Dep6_Tu0.3,0.000,0.000,0.000,0.000,6.857,0.000,5.181,0.000,3.050,12.051,9.759,1.537,61.565
Colo_rep1_Dep6_Tu3,0.000,0.000,2.986,0.000,1.187,0.000,2.885,0.000,0.000,14.634,14.764,4.948,58.598
Br62_rep5_Dep6_Tu0.5,0.193,0.000,0.000,0.000,1.919,0.000,2.975,1.629,0.000,11.592,10.077,4.535,67.081
Br62_rep5_Dep6_Tu3,0.778,0.000,0.425,1.983,8.513,0.000,0.935,0.165,0.000,17.131,7.555,3.173,59.342
Br62_rep6_Dep6_Tu30,25.353,0.000,0.000,9.963,1.044,0.000,2.159,0.000,0.000,12.934,8.760,2.694,37.094
Br62_rep7_Dep6_Tu20,13.503,0.000,0.000,7.526,5.436,0.000,1.385,0.000,0.000,14.392,9.982,1.591,46.186
Br62_rep2_Dep6_Tu40,31.833,0.000,0.000,12.194,0.000,0.000,2.200,0.000,0.000,11.895,5.294,0.000,36.585
Br62_rep8_Dep6_Tu0.5,0.000,0.000,0.000,0.000,6.951,0.000,4.918,0.000,2.885,12.984,9.632,1.640,60.990
Br62_rep5_Dep6_Tu2,0.000,0.000,1.568,0.000,6.692,0.000,1.105,0.000,4.512,14.778,8.557,3.589,59.200
Br62_rep4_Dep6_Tu50,36.849,0.000,0.000,13.704,3.679,0.000,0.000,0.000,1.518,14.886,4.476,0.282,24.605
Br62_rep8_Dep6_Tu40,26.478,0.000,0.000,11.550,8.104,0.000,0.364,2.676,0.000,14.228,6.366,0.879,29.355
Br62_rep7_Dep6_Tu2,0.000,0.000,2.759,0.000,0.000,0.000,3.658,0.558,1.178,16.704,9.102,2.402,63.639
Br62_rep9_Dep6_Tu40,32.382,0.000,0.000,11.467,2.644,0.000,0.000,1.024,0.000,10.687,8.238,0.000,33.559
Br62_rep10_Dep6_Tu2,0.000,0.000,0.000,1.690,4.985,0.000,0.000,2.143,0.000,15.752,12.464,3.091,59.875
Br62_rep6_Dep6_Tu10,4.083,0.000,1.210,5.588,4.193,0.000,0.000,0.000,1.604,13.624,10.585,4.249,54.865
Br62_rep2_Dep6_Tu2,0.107,0.000,2.996,0.735,2.112,0.000,1.469,0.000,1.314,18.506,13.409,0.000,59.351
Br62_rep9_Dep6_Tu5,4.215,0.000,0.000,0.000,0.000,0.000,5.266,1.416,1.423,17.489,10.738,3.547,55.906
Br62_rep6_Dep6_Tu40,26.731,0.000,0.000,10.825,6.813,0.000,0.000,0.000,0.000,17.657,8.199,0.000,29.775
Br62_rep4_Dep6_Tu20,14.063,0.000,0.000,8.080,9.030,0.000,1.747,2.113,0.318,9.149,10.005,1.867,43.628
Br62_rep9_Dep6_Tu1,1.426,0.000,0.000,0.000,2.287,0.000,3.667,0.175,0.000,16.048,12.761,1.228,62.408
Br62_rep1_Dep6_Tu0.3,0.000,0.000,1.236,0.000,0.000,0.000,2.327,0.563,0.000,16.412,14.426,3.249,61.787
Br62_rep3_Dep6_Tu5,4.630,0.000,0.000,2.757,0.000,0.000,1.928,0.000,0.492,21.596,6.425,0.909,61.264
Br62_rep9_Dep6_Tu50,34.903,0.000,0.000,12.763,4.047,0.000,0.000,0.000,0.000,14.800,4.147,0.000,29.339
Br62_rep5_Dep6_Tu30,21.829,0.000,3.249,5.959,3.446,0.000,0.281,0.000,1.787,17.731,4.377,0.000,41.342
Br62_rep9_Dep6_Tu0.5,0.000,0.000,0.986,0.000,3.095,0.000,1.693,1.673,0.000,15.237,13.557,4.061,59.698
Br62_rep1_Dep6_Tu20,15.746,0.000,0.000,4.371,6.303,0.000,0.000,0.000,3.970,15.639,5.842,1.654,46.475
Br62_rep4_Dep6_Tu2,0.000,0.058,0.000,0.000,7.739,0.000,2.232,0.000,1.201,14.097,12.140,3.377,59.156
Br62_rep8_Dep6_Tu3,0.511,2.876,0.000,2.716,5.103,0.000,0.000,0.000,2.381,15.100,6.852,2.439,62.023
Br62_rep2_Dep6_Tu5,5.121,0.000,0.000,4.205,2.136,0.000,0.678,0.868,0.000,17.852,5.981,2.924,60.235
Br62_rep2_Dep6_Tu1,0.000,0.000,2.477,0.000,5.613,0.000,0.000,0.535,0.000,15.795,12.513,4.029,59.038
Br62_rep8_Dep6_Tu1,0.000,0.000,0.000,0.581,1.840,0.000,0.000,0.000,0.000,18.859,13.563,4.477,60.680
Br62_rep10_Dep6_Tu0.1,0.478,1.485,0.000,0.000,1.139,0.000,4.042,0.000,0.353,15.078,8.989,5.081,63.356
Br62_rep3_Dep6_Tu40,28.736,0.000,0.000,13.390,4.694,0.000,0.000,0.000,0.000,12.420,6.527,2.431,31.803
Br62_rep8_Dep6_Tu0.3,0.000,0.671,0.000,0.000,3.068,0.000,0.000,0.000,0.000,13.910,12.869,2.918,66.564
Br62_rep4_Dep6_Tu0.5,0.000,0.000,0.000,0.000,0.508,0.000,5.362,0.000,0.489,18.573,10.592,3.279,61.196
Br62_rep6_Dep6_Tu50,32.744,0.000,0.000,10.985,1.523,0.000,0.000,0.000,4.714,18.855,6.890,0.000,24.288
Br62_rep7_Dep6_Tu0.1,0.000,0.000,0.000,0.000,5.496,0.000,1.659,1.117,0.000,15.498,13.993,2.527,59.711
Br62_rep9_Dep6_Tu30,24.831,0.000,0.000,6.036,1.234,0.000,1.036,0.000,0.000,15.405,10.855,2.608,37.994
Br62_rep6_Dep6_Tu20,14.449,0.000,0.000,4.298,3.385,0.000,0.147,0.000,8.402,12.358,9.135,0.239,47.587
Br62_rep5_Dep6_Tu5,1.122,0.000,0.000,2.335,4.949,0.000,4.843,2.116,1.738,16.811,10.200,3.649,52.236
Br62_rep4_Dep6_Tu40,29.709,0.000,0.000,14.448,1.357,0.000,0.000,0.000,0.000,15.785,4.295,0.746,33.659
Br62_rep8_Dep6_Tu0.1,0.000,0.000,0.000,0.000,6.156,0.000,6.590,0.871,1.672,12.029,8.668,5.094,58.920
Br62_rep1_Dep6_Tu40,29.951,0.000,0.000,15.775,0.000,0.000,0.000,0.000,2.028,15.419,2.943,0.000,33.882
Br62_rep3_Dep6_Tu30,23.438,0.000,0.000,10.110,2.286,0.000,0.175,0.000,0.000,15.941,5.509,0.216,42.327
Br62_rep7_Dep6_Tu0.5,0.000,0.000,0.444,0.000,5.810,0.000,0.912,0.000,3.999,17.033,10.064,1.890,59.848
Br62_rep1_Dep6_Tu10,3.762,0.000,0.000,4.397,2.586,0.000,5.984,0.000,0.109,18.790,10.986,4.787,48.600
Br62_rep10_Dep6_Tu20,19.910,0.000,1.256,1.658,0.000,0.000,5.847,1.419,1.881,10.995,5.982,0.000,51.052
Br62_rep1_Dep6_Tu5,3.971,0.000,0.692,1.095,4.185,0.000,3.093,0.358,1.704,14.682,9.864,1.795,58.562
Br62_rep3_Dep6_Tu50,34.459,0.000,0.000,11.425,5.830,0.000,0.000,0.000,0.000,14.388,5.093,0.000,28.806
Br62_rep1_Dep6_Tu3,3.711,0.000,1.285,0.128,0.191,0.000,1.067,0.000,0.000,16.448,14.029,4.141,59.000
Br62_rep7_Dep6_Tu30,25.557,0.000,2.661,6.447,0.000,0.000,0.000,0.000,0.000,16.293,1.773,0.049,47.220
Br62_rep6_Dep6_Tu1,0.000,3.100,0.000,0.000,0.000,0.000,4.637,0.000,0.000,18.278,6.900,2.831,64.254
Br62_rep1_Dep6_Tu0.5,0.000,0.000,0.377,0.000,5.928,0.000,3.236,0.000,1.851,16.025,9.477,0.988,62.118
Br62_rep1_Dep6_Tu0.1,0.063,0.000,0.000,0.000,1.538,0.000,2.059,0.508,1.790,15.530,7.576,1.313,69.623
Br62_rep9_Dep6_Tu3,0.000,0.000,0.000,0.000,6.156,0.000,2.727,2.827,1.613,15.323,10.749,4.208,56.396
Br62_rep5_Dep6_Tu40,27.479,0.000,0.000,13.097,3.102,0.000,1.506,1.428,0.000,12.346,2.316,1.995,36.730
Br62_rep10_Dep6_Tu3,2.952,0.000,1.847,0.000,5.073,0.000,1.464,0.441,0.000,14.433,10.242,1.101,62.447
Br62_rep2_Dep6_Tu0.3,0.000,2.458,0.000,0.000,4.181,0.000,1.604,1.989,0.292,15.334,6.924,2.607,64.611
Br62_rep10_Dep6_Tu40,29.639,0.000,0.000,9.337,3.013,0.000,2.208,0.000,0.849,13.972,9.893,0.653,30.435
Br62_rep3_Dep6_Tu2,0.000,0.000,0.684,0.000,2.932,0.000,4.519,0.000,0.000,14.044,13.215,3.179,61.427
Br62_rep5_Dep6_Tu1,1.388,0.000,0.000,0.000,0.000,0.000,4.627,1.675,2.079,17.803,11.894,3.126,57.407
Br62_rep4_Dep6_Tu1,0.000,0.000,0.000,0.000,3.434,0.000,6.577,0.000,0.777,17.004,13.057,3.278,55.874
Br62_rep10_Dep6_Tu0.5,0.000,0.000,0.000,0.000,2.601,0.000,6.823,0.000,1.080,18.150,11.968,4.434,54.943
Br62_rep5_Dep6_Tu20,16.271,3.445,0.000,6.922,1.677,0.000,2.119,0.000,0.336,13.324,6.687,0.799,48.420
Br62_rep6_Dep6_Tu0.3,0.000,0.578,0.000,0.000,0.296,0.000,4.920,0.849,2.799,16.293,13.562,3.512,57.190
Br62_rep9_Dep6_Tu0.3,0.222,1.408,0.000,0.000,2.023,0.000,0.000,0.000,0.000,14.337,12.829,2.522,66.658
Br62_rep2_Dep6_Tu20,15.371,0.000,0.000,5.410,2.414,0.000,3.938,0.000,2.559,17.606,5.160,0.000,47.541
Br62_rep6_Dep6_Tu0.5,0.000,0.000,0.000,0.000,3.659,0.000,4.357,0.000,3.876,15.512,10.536,1.642,60.419
Br62_rep8_Dep6_Tu10,7.129,0.728,3.049,1.262,0.000,0.000,5.600,1.729,4.112,11.079,6.231,0.884,58.197
Br62_rep2_Dep6_Tu0.1,0.478,0.000,0.000,0.000,2.298,0.000,2.287,1.445,2.920,17.351,9.165,4.771,59.284
Br62_rep5_Dep6_Tu10,7.711,0.000,0.000,5.224,0.220,0.000,4.336,1.137,0.349,20.254,11.273,1.034,48.462
Br62_rep10_Dep6_Tu10,7.023,0.000,0.000,1.943,10.108,0.000,3.526,1.568,1.204,13.625,9.357,2.352,49.294
Br62_rep4_Dep6_Tu10,4.017,1.166,0.000,3.897,0.000,0.000,0.000,0.000,0.000,21.708,12.486,0.000,56.726
Br62_rep3_Dep6_Tu0.1,0.000,0.000,0.000,0.000,8.095,0.000,1.365,0.728,0.000,14.647,15.321,2.769,57.075
Br62_rep2_Dep6_Tu50,40.031,0.000,0.000,10.818,2.293,0.000,0.000,0.589,0.000,13.313,3.101,0.000,29.857
Br62_rep9_Dep6_Tu10,7.736,0.000,0.000,5.447,0.000,0.000,4.779,0.470,0.000,14.580,11.870,1.579,53.539
Br62_rep5_Dep6_Tu0.3,0.000,2.063,0.458,0.000,3.358,0.535,2.658,0.000,3.931,14.385,12.818,4.459,55.335
Br62_rep8_Dep6_Tu50,32.382,0.000,0.000,17.705,8.935,0.000,2.399,0.000,0.000,10.446,3.873,0.000,24.260
Br62_rep4_Dep6_Tu0.3,0.000,1.902,0.000,0.000,0.000,0.000,2.415,0.000,0.000,18.407,10.882,1.914,64.480
Br62_rep7_Dep6_Tu1,0.000,0.000,0.000,0.000,0.176,0.000,2.668,1.035,0.623,14.263,13.796,4.722,62.716
Br62_rep3_Dep6_Tu0.5,0.000,0.157,0.000,0.000,0.750,0.000,5.058,0.920,2.496,16.373,13.700,3.601,56.944
Br62_rep7_Dep6_Tu40,30.709,0.000,0.000,10.899,2.209,0.000,2.117,0.000,0.000,14.742,6.080,1.183,32.061
Br62_rep2_Dep6_Tu3,0.000,0.000,0.000,0.000,8.659,0.000,0.093,2.281,0.000,15.250,13.270,6.204,54.243
Br62_rep2_Dep6_Tu0.5,0.000,0.000,0.000,0.000,2.035,0.000,0.673,1.339,0.000,18.132,13.746,0.883,63.192
Br62_rep1_Dep6_Tu50,30.735,0.000,0.000,15.889,0.000,0.000,0.000,1.839,0.000,19.412,3.249,0.349,28.527
Br62_rep3_Dep6_Tu3,2.962,0.000,3.510,0.000,0.506,0.000,1.329,2.629,0.000,14.974,10.342,5.437,58.312
Br62_rep7_Dep6_Tu3,0.000,0.000,0.000,0.767,7.529,0.000,4.571,0.000,0.000,17.310,11.042,4.402,54.378
Br62_rep3_Dep6_Tu0.3,0.000,0.000,0.000,0.000,7.294,0.000,5.061,0.000,3.049,12.207,9.758,1.566,61.066
Br62_rep8_Dep6_Tu30,28.995,0.000,0.000,5.618,1.941,0.000,0.793,0.000,0.000,16.555,4.854,0.000,41.244
Br62_rep4_Dep6_Tu30,26.808,0.000,0.000,10.109,0.000,0.000,0.000,2.535,1.159,13.444,4.230,0.000,41.715
Br62_rep6_Dep6_Tu3,0.000,0.000,0.628,0.000,4.896,0.000,4.450,0.000,1.701,15.699,12.956,0.000,59.671
Br62_rep4_Dep6_Tu0.1,0.000,0.000,0.911,0.000,1.780,0.000,1.973,0.898,0.000,16.881,12.692,1.929,62.934
Br62_rep8_Dep6_Tu5,3.210,0.000,0.000,0.000,4.975,0.000,4.222,0.000,2.862,17.051,9.984,1.714,55.983
Br62_rep10_Dep6_Tu50,34.216,4.737,0.000,13.609,4.350,0.000,0.313,0.000,0.000,16.440,5.664,0.044,20.627
Br62_rep10_Dep6_Tu0.3,0.000,0.000,0.000,0.000,7.705,0.000,0.374,0.000,6.399,15.929,8.034,0.000,61.560
Br62_rep3_Dep6_Tu20,18.606,0.000,0.000,4.452,0.464,0.000,0.000,0.000,1.560,14.854,8.434,0.000,51.631
Br62_rep1_Dep6_Tu1,0.000,0.000,0.000,0.000,1.993,0.000,3.662,0.000,1.664,16.136,12.267,4.662,59.615
Br62_rep3_Dep6_Tu1,0.000,0.000,0.000,0.000,3.006,0.000,3.091,0.000,0.000,15.480,13.250,4.942,60.231
Br62_rep9_Dep6_Tu2,0.000,0.000,0.000,0.562,3.406,0.000,2.629,0.000,0.000,22.988,10.697,2.913,56.805
Br62_rep7_Dep6_Tu50,37.756,0.000,0.000,13.070,3.129,0.000,0.072,0.000,0.000,12.304,6.575,1.105,25.989
Br62_rep7_Dep6_Tu5,4.902,0.000,0.000,1.258,3.643,0.000,2.891,1.510,0.694,15.333,9.224,0.908,59.637
Br62_rep8_Dep6_Tu2,1.894,0.000,0.000,0.188,2.630,0.000,4.490,0.000,0.000,15.601,11.255,3.789,60.152
Br62_rep5_Dep6_Tu0.1,0.000,0.000,0.000,0.000,2.361,0.000,3.503,1.023,0.000,16.407,13.334,0.000,63.373
Br62_rep6_Dep6_Tu5,1.309,0.000,2.335,2.155,1.638,0.000,3.110,0.475,1.798,14.469,9.710,2.314,60.686
Br62_rep9_Dep6_Tu20,16.156,0.696,0.000,7.311,0.089,0.000,3.737,0.084,1.123,17.754,4.861,0.962,47.227
Br62_rep2_Dep6_Tu30,25.675,0.000,0.000,12.412,0.000,0.000,0.000,0.000,0.000,10.700,4.769,0.000,46.445
Br62_rep7_Dep6_Tu10,7.745,0.000,0.000,0.777,5.282,0.000,2.142,1.812,0.000,13.338,12.138,2.228,54.538
Br62_rep6_Dep6_Tu0.1,0.000,0.000,1.462,0.000,0.886,0.000,2.805,0.495,3.238,14.344,15.119,0.000,61.650
Br62_rep5_Dep6_Tu50,37.669,0.000,4.284,10.181,0.000,0.000,0.000,0.000,0.164,12.803,4.685,0.000,30.213
Br62_rep10_Dep6_Tu1,0.000,0.732,0.000,0.000,7.581,0.000,3.597,0.000,0.000,17.194,11.447,4.157,55.292
Br62_rep1_Dep6_Tu30,20.555,0.000,0.000,10.481,1.622,0.000,0.088,0.000,1.080,14.954,8.144,1.996,41.079
Br62_rep7_Dep6_Tu0.3,0.000,0.713,0.000,0.000,0.000,0.000,0.000,0.000,0.000,22.831,11.947,1.341,63.167
Br62_rep2_Dep6_Tu10,5.199,0.000,0.000,3.390,3.400,0.000,0.083,0.794,0.000,16.505,11.713,3.549,55.366
Br62_rep9_Dep6_Tu0.1,0.000,0.000,0.000,0.000,8.093,0.000,3.622,0.000,1.174,17.078,11.358,2.398,56.276
Br62_rep3_Dep6_Tu10,7.440,0.000,1.671,4.937,1.300,0.388,0.294,0.574,1.922,18.561,9.487,0.000,53.423
Br62_rep4_Dep6_Tu5,1.204,0.000,0.000,1.678,8.440,0.012,3.980,3.354,0.545,15.906,9.714,2.211,52.957
Br62_rep8_Dep6_Tu20,15.583,0.000,0.000,5.864,7.174,0.000,0.000,5.897,0.000,11.508,5.225,0.000,48.749
Br62_rep1_Dep6_Tu2,3.135,0.000,0.000,0.000,5.748,0.000,2.285,1.711,0.000,15.519,12.233,1.524,57.846
Br62_rep10_Dep6_Tu5,5.381,0.000,0.000,0.000,0.147,0.000,3.523,0.000,5.343,15.394,10.352,1.753,58.107
Br62_rep10_Dep6_Tu30,18.697,0.000,0.274,5.175,4.888,0.000,0.000,0.000,2.682,18.131,7.324,0.000,42.830
Br62_rep6_Dep6_Tu2,0.868,0.000,0.000,0.000,7.278,0.000,0.333,0.000,6.689,16.317,8.294,0.238,59.984
Br62_rep4_Dep6_Tu3,0.052,0.000,0.000,0.485,4.714,0.000,2.678,2.534,0.000,17.669,10.783,2.339,58.746
Br66_rep4_Dep6_Tu50,47.503,0.000,0.000,2.643,0.000,0.000,2.129,1.474,1.817,8.404,10.204,1.630,24.196
Br66_rep3_Dep6_Tu0.5,0.000,0.083,0.000,0.000,0.716,0.000,4.707,0.341,2.751,16.497,13.887,3.761,57.256
Br66_rep2_Dep6_Tu3,0.000,0.000,0.000,0.000,8.073,0.000,0.000,2.646,0.000,15.360,13.505,5.672,54.744
Br66_rep6_Dep6_Tu40,33.243,3.804,0.000,4.696,2.886,0.000,0.000,0.000,0.000,11.883,10.506,1.588,31.394
Br66_rep9_Dep6_Tu0.1,0.000,0.000,0.000,0.000,7.658,0.000,3.643,0.000,1.203,17.110,11.737,2.481,56.169
Br66_rep9_Dep6_Tu5,6.272,0.368,0.000,0.000,0.000,0.000,4.508,0.230,3.652,17.403,9.725,2.422,55.420
Br66_rep10_Dep6_Tu1,0.000,0.803,0.000,0.353,6.223,0.000,1.090,0.000,2.938,14.252,9.960,3.529,60.852
Br66_rep6_Dep6_Tu20,20.828,0.000,1.483,0.027,0.000,0.000,0.000,0.000,5.763,13.356,9.806,1.452,47.285
Br66_rep10_Dep6_Tu30,27.830,1.104,0.652,1.471,0.000,0.000,0.123,0.000,1.983,11.678,14.719,0.466,39.974
Br66_rep10_Dep6_Tu5,4.891,0.000,0.000,0.000,3.798,0.000,1.674,1.531,0.000,16.242,14.517,2.675,54.672
Br66_rep7_Dep6_Tu1,0.000,0.000,0.000,0.000,0.000,0.000,2.316,0.828,0.635,14.245,14.192,4.822,62.962
Br66_rep6_Dep6_Tu0.3,0.000,0.000,0.000,0.000,0.551,0.000,4.893,0.217,3.017,16.331,13.857,3.626,57.507
Br66_rep1_Dep6_Tu30,27.647,0.000,0.000,6.248,0.000,0.000,0.000,0.495,0.000,13.100,5.671,3.402,43.438
Br66_rep3_Dep6_Tu1,0.000,0.000,0.000,0.000,2.641,0.000,2.879,0.000,0.000,15.484,14.209,4.521,60.265
Br66_rep3_Dep6_Tu30,32.310,0.000,0.000,0.638,0.000,0.000,0.000,0.000,0.209,15.248,10.305,1.255,40.035
Br66_rep9_Dep6_Tu1,1.247,0.000,0.000,0.000,2.678,0.000,3.576,0.000,0.000,16.085,12.793,1.429,62.191
Br66_rep9_Dep6_Tu40,35.220,0.000,0.000,5.901,0.000,0.000,0.116,4.614,0.000,8.938,8.858,0.000,36.354
Br66_rep5_Dep6_Tu1,2.341,0.000,0.000,0.000,0.000,0.000,4.379,1.147,1.858,17.825,11.987,3.267,57.196
Br66_rep2_Dep6_Tu5,4.856,0.842,0.000,0.000,2.857,0.000,1.105,1.634,0.000,17.299,6.501,4.215,60.692
Br66_rep5_Dep6_Tu30,28.259,0.000,0.000,0.000,0.408,0.000,3.439,1.341,2.246,15.535,8.315,0.923,39.534
Br66_rep7_Dep6_Tu50,41.078,2.192,0.000,7.133,0.000,0.000,0.000,5.168,0.000,8.354,8.311,1.428,26.336
Br66_rep4_Dep6_Tu40,35.579,0.000,0.000,6.450,1.394,0.000,0.000,0.000,0.000,13.450,11.923,1.675,29.529
Br66_rep8_Dep6_Tu5,4.213,0.000,0.000,0.000,5.041,0.000,4.120,0.030,3.015,14.956,10.723,3.092,54.810
Br66_rep9_Dep6_Tu2,0.000,0.000,0.000,0.000,4.163,0.000,2.172,0.000,0.000,23.285,10.774,1.954,57.652
Br66_rep6_Dep6_Tu30,30.371,0.000,0.000,6.807,1.790,0.000,0.000,0.000,0.369,9.259,11.038,4.631,35.734
Br66_rep4_Dep6_Tu0.1,0.000,0.000,0.896,0.000,1.479,0.000,2.128,0.858,0.000,16.677,12.917,2.022,63.024
Br66_rep5_Dep6_Tu10,8.407,0.000,0.000,0.619,2.139,0.000,3.828,3.598,0.000,19.208,10.957,2.196,49.047
Br66_rep3_Dep6_Tu40,33.242,0.000,0.000,3.081,3.404,0.000,0.468,3.800,0.000,7.770,9.354,3.933,34.947
Br66_rep9_Dep6_Tu0.5,0.000,0.000,0.901,0.000,2.908,0.000,1.821,1.876,0.000,14.677,13.759,4.339,59.720
Br66_rep8_Dep6_Tu2,3.108,0.000,0.000,0.000,0.000,0.000,4.291,0.000,0.000,15.550,12.273,3.895,60.884
Br66_rep10_Dep6_Tu2,0.889,0.000,0.000,0.000,4.544,0.000,3.135,0.000,0.343,20.779,8.414,2.055,59.841
Br66_rep6_Dep6_Tu0.1,0.000,0.000,1.024,0.000,1.431,0.000,2.991,0.700,3.300,14.314,15.704,0.000,60.536
Br66_rep5_Dep6_Tu0.5,0.601,0.000,0.000,0.000,0.984,0.000,2.887,1.489,0.000,12.243,10.373,4.366,67.056
Br66_rep2_Dep6_Tu20,20.785,0.000,0.000,1.803,0.000,0.000,4.059,0.000,3.766,13.861,7.359,1.143,47.224
Br66_rep4_Dep6_Tu0.5,0.007,0.000,0.000,0.000,0.951,0.000,5.016,0.000,0.530,18.184,10.598,3.478,61.238
Br66_rep4_Dep6_Tu5,0.000,0.000,0.000,0.000,11.177,0.795,3.730,1.560,0.974,16.894,10.469,3.721,50.679
Br66_rep8_Dep6_Tu0.5,0.000,0.000,0.000,0.000,6.155,0.000,5.318,0.000,3.318,11.720,10.003,1.394,62.092
Br66_rep5_Dep6_Tu20,23.582,0.000,0.000,1.971,0.000,0.000,3.297,0.000,0.000,11.683,9.384,1.844,48.240
Br66_rep1_Dep6_Tu3,3.041,0.000,1.903,0.000,1.618,0.000,2.000,0.000,0.000,14.010,15.046,4.477,57.903
Br66_rep10_Dep6_Tu10,10.723,0.929,0.510,0.000,0.844,0.000,2.151,1.775,0.357,15.829,9.034,3.853,53.993
Br66_rep3_Dep6_Tu10,7.276,0.000,0.000,0.045,1.248,0.000,2.623,4.182,0.000,17.266,12.283,0.583,54.495
Br66_rep10_Dep6_Tu40,29.924,0.000,0.000,6.675,0.000,0.000,4.538,2.652,3.630,10.170,6.072,0.000,36.339
Br66_rep1_Dep6_Tu50,42.987,0.000,0.000,10.043,0.000,0.000,0.000,1.768,0.000,10.648,4.545,0.000,30.010
Br66_rep10_Dep6_Tu0.5,0.000,0.000,0.000,0.000,4.098,0.000,3.146,0.000,0.000,16.809,11.469,3.793,60.686
Br66_rep1_Dep6_Tu0.3,0.000,0.000,1.338,0.000,0.000,0.000,2.299,0.492,0.000,15.673,14.378,3.021,62.798
Br66_rep10_Dep6_Tu0.1,0.000,0.000,0.000,0.000,1.299,0.000,2.552,1.412,2.390,15.915,10.893,4.391,61.148
Br66_rep8_Dep6_Tu40,33.874,0.000,0.000,7.086,4.025,0.000,2.283,0.000,0.000,11.841,6.693,1.745,32.453
Br66_rep3_Dep6_Tu20,18.489,0.618,0.000,3.606,0.000,0.000,0.889,1.128,1.170,11.023,10.416,1.542,51.119
Br66_rep9_Dep6_Tu0.3,1.317,0.231,0.000,0.000,1.574,0.000,0.000,0.000,0.144,14.313,13.064,2.557,66.799
Br66_rep7_Dep6_Tu0.3,0.000,0.000,0.000,0.000,0.000,0.000,0.000,0.000,0.000,22.725,12.497,1.481,63.297
Br66_rep5_Dep6_Tu2,0.000,0.000,1.965,0.000,4.955,0.000,0.199,0.000,4.602,15.200,9.922,4.882,58.275
Br66_rep5_Dep6_Tu0.3,0.000,2.321,0.340,0.000,2.803,0.204,2.870,0.000,3.900,14.702,12.740,4.460,55.662
Br66_rep6_Dep6_Tu5,5.008,0.000,2.529,0.000,0.000,0.000,3.052,0.000,2.332,14.682,7.537,2.597,62.264
Br66_rep5_Dep6_Tu3,0.000,0.000,0.000,0.000,8.526,0.000,0.147,0.102,0.000,17.968,8.914,4.679,59.665
Br66_rep1_Dep6_Tu5,5.537,0.000,1.509,0.000,1.821,0.000,2.522,0.632,2.689,12.566,9.534,2.793,60.396
Br66_rep6_Dep6_Tu10,8.470,0.000,3.167,0.000,1.013,0.000,1.667,0.000,0.000,13.034,10.976,4.390,57.284
Br66_rep3_Dep6_Tu5,6.764,0.000,0.000,1.967,0.000,0.000,2.354,0.000,0.430,19.829,7.319,0.755,60.582
Br66_rep1_Dep6_Tu1,0.000,0.000,0.394,0.000,1.522,0.000,4.038,0.000,1.439,16.049,12.388,4.202,59.969
Br66_rep4_Dep6_Tu30,29.344,0.000,0.000,3.752,1.457,0.000,0.000,0.000,1.114,14.552,9.524,0.181,40.077
Br66_rep8_Dep6_Tu20,19.838,0.000,1.475,0.150,1.067,0.000,1.380,7.733,0.000,10.317,5.250,2.088,50.703
Br66_rep4_Dep6_Tu10,9.844,0.753,0.000,0.000,0.000,0.000,0.000,0.000,0.000,17.893,16.759,0.000,54.750
Br66_rep2_Dep6_Tu1,0.000,0.000,0.075,0.000,5.489,0.000,0.632,1.199,0.000,14.588,12.684,5.089,60.245
Br66_rep6_Dep6_Tu2,0.004,0.376,0.000,0.000,7.027,0.000,0.465,0.000,5.821,16.857,9.402,0.000,60.049
Br66_rep6_Dep6_Tu0.5,0.000,0.000,0.000,0.000,3.632,0.000,4.240,0.000,3.572,15.438,11.109,2.083,59.925
Br66_rep5_Dep6_Tu0.1,0.000,0.000,0.000,0.000,2.497,0.000,3.383,0.516,0.000,16.612,13.683,0.000,63.309
Br66_rep2_Dep6_Tu2,0.379,0.000,1.712,0.000,1.836,0.000,2.169,0.000,0.794,17.166,14.515,0.792,60.637
Br66_rep10_Dep6_Tu50,50.857,0.000,0.000,8.117,0.000,0.000,0.000,0.000,0.000,8.853,7.217,0.000,24.957
Br66_rep7_Dep6_Tu3,0.000,0.000,0.000,0.000,6.190,0.000,4.972,0.000,0.000,16.649,11.036,5.082,56.071
Br66_rep7_Dep6_Tu10,7.276,0.000,0.000,0.944,3.545,0.000,3.651,3.271,0.000,11.610,12.697,3.003,54.002
Br66_rep2_Dep6_Tu0.5,0.000,0.000,0.000,0.000,1.880,0.000,1.215,1.181,0.000,18.178,13.634,1.057,62.856
Br66_rep5_Dep6_Tu50,44.799,0.000,0.000,7.868,0.702,0.000,0.000,0.000,0.111,8.560,12.008,2.232,23.720
Br66_rep9_Dep6_Tu20,20.239,0.000,0.000,2.224,0.464,0.000,2.862,0.122,0.862,15.207,7.928,1.558,48.533
Br66_rep8_Dep6_Tu3,2.434,1.274,0.000,1.752,4.374,0.000,0.197,0.000,1.699,13.823,8.699,3.571,62.178
Br66_rep9_Dep6_Tu10,8.023,0.000,0.000,0.331,0.000,0.000,5.102,1.629,0.000,14.837,12.081,2.477,55.520
Br66_rep7_Dep6_Tu2,0.000,0.000,2.170,0.000,0.000,0.000,3.674,0.000,1.856,17.424,8.216,2.536,64.124
Br66_rep6_Dep6_Tu3,1.158,0.000,0.383,0.000,6.165,0.000,4.519,0.000,2.315,14.983,12.767,0.000,57.710
Br66_rep1_Dep6_Tu0.5,0.000,0.000,1.071,0.000,4.956,0.000,3.277,0.000,1.676,15.592,9.514,1.593,62.320
Br66_rep2_Dep6_Tu40,35.504,2.309,0.000,4.451,0.000,0.000,3.817,0.000,0.000,12.293,8.427,0.029,33.169
Br66_rep1_Dep6_Tu2,3.509,0.000,0.000,0.000,3.844,0.000,3.054,0.000,0.000,15.640,11.763,1.908,60.282
Br66_rep8_Dep6_Tu1,0.000,0.000,0.000,0.653,1.372,0.000,0.000,0.000,0.000,18.433,13.165,4.493,61.885
Br66_rep4_Dep6_Tu3,2.403,0.000,0.000,0.263,4.509,0.000,2.031,2.045,0.402,17.775,10.816,1.679,58.077
Br66_rep7_Dep6_Tu40,38.118,0.000,0.000,7.602,0.000,0.000,1.087,0.000,0.000,10.676,6.733,2.617,33.168
Br66_rep7_Dep6_Tu0.5,0.000,0.000,0.829,0.000,4.682,0.000,1.592,0.000,4.536,16.369,10.738,1.687,59.568
Br66_rep2_Dep6_Tu30,34.940,0.000,0.000,5.614,0.000,0.000,0.000,0.000,0.000,6.986,7.539,0.769,44.153
Br66_rep2_Dep6_Tu0.1,0.728,0.000,0.000,0.000,2.046,0.000,2.376,1.189,2.733,17.191,9.390,5.336,59.010
Br66_rep7_Dep6_Tu0.1,0.000,0.000,0.000,0.000,5.748,0.000,1.741,1.042,0.000,15.270,14.010,2.511,59.677
Br66_rep1_Dep6_Tu40,37.022,0.000,0.000,5.823,0.000,0.000,0.000,3.745,0.000,9.692,7.750,1.110,34.858
Br66_rep7_Dep6_Tu5,5.269,0.000,0.723,0.206,4.249,0.490,2.650,1.102,0.730,14.558,11.802,0.304,57.917
Br66_rep4_Dep6_Tu1,0.236,0.000,0.000,0.000,2.902,0.000,6.888,0.000,0.272,16.670,13.457,3.676,55.898
Br66_rep8_Dep6_Tu0.1,0.000,0.000,0.000,0.000,6.083,0.000,6.611,0.788,1.459,12.158,8.958,5.256,58.686
Br66_rep4_Dep6_Tu2,0.000,1.207,0.000,0.000,7.718,0.000,1.819,0.000,0.000,13.409,12.336,4.483,59.029
Br66_rep1_Dep6_Tu0.1,0.298,0.000,0.000,0.000,1.650,0.000,1.999,0.283,1.753,15.625,7.734,1.372,69.286
Br66_rep2_Dep6_Tu10,9.136,0.000,0.000,1.568,0.107,0.000,0.000,0.547,0.000,15.916,13.230,4.091,55.405
Br66_rep4_Dep6_Tu20,15.000,0.000,0.000,6.792,9.226,0.000,1.992,1.635,0.000,8.371,11.893,3.184,41.908
Br66_rep4_Dep6_Tu0.3,0.000,0.792,0.000,0.000,0.557,0.000,3.143,0.000,0.000,18.983,11.810,2.094,62.621
Br66_rep10_Dep6_Tu3,4.162,0.000,0.000,0.847,3.688,0.000,3.117,0.655,0.158,14.971,10.373,2.775,59.253
Br66_rep1_Dep6_Tu20,15.379,1.447,0.000,0.000,4.191,0.000,0.000,0.000,7.596,14.513,8.158,2.544,46.172
Br66_rep6_Dep6_Tu1,0.036,2.086,0.000,0.000,0.000,0.000,4.964,0.000,0.000,18.163,6.069,2.517,66.166
Br66_rep6_Dep6_Tu50,42.357,0.000,0.000,5.771,3.542,0.000,0.000,3.971,0.793,10.753,4.830,0.000,27.984
Br66_rep9_Dep6_Tu3,0.122,0.000,0.000,0.000,6.902,0.000,2.530,2.225,2.223,15.561,12.007,3.864,54.567
Br66_rep3_Dep6_Tu50,48.587,0.000,0.000,3.485,0.000,0.000,0.000,0.000,0.000,8.989,11.866,1.142,25.931
Br66_rep8_Dep6_Tu30,29.601,0.000,0.000,2.566,4.355,0.000,0.000,2.122,0.000,9.629,10.418,0.916,40.394
Br66_rep7_Dep6_Tu20,18.585,0.000,0.000,2.102,7.629,0.000,0.101,1.683,0.000,12.533,10.863,1.312,45.192
Br66_rep3_Dep6_Tu2,0.000,0.000,0.338,0.000,3.566,0.000,4.861,0.000,0.000,12.896,13.703,3.003,61.634
Br66_rep8_Dep6_Tu50,44.369,0.000,1.768,7.291,3.899,0.000,1.188,2.714,0.000,3.730,5.640,2.740,26.662
Br66_rep3_Dep6_Tu3,0.470,0.000,4.185,0.000,0.000,0.000,1.795,2.263,0.000,17.336,11.567,6.086,56.299
Br66_rep3_Dep6_Tu0.3,0.000,0.000,0.000,0.000,6.648,0.000,5.354,0.000,2.803,11.932,9.855,1.924,61.485
Br66_rep8_Dep6_Tu0.3,0.374,1.153,0.000,0.000,1.342,0.000,0.000,0.000,0.104,14.286,13.170,2.492,67.079
Br66_rep3_Dep6_Tu0.1,0.000,0.000,0.000,0.000,8.036,0.000,0.941,0.705,0.000,14.914,15.695,2.729,56.979
Br66_rep10_Dep6_Tu0.3,0.000,0.000,0.000,0.000,2.587,0.000,0.000,1.237,1.356,11.979,13.766,6.108,62.966
Br66_rep2_Dep6_Tu50,42.089,0.000,0.000,7.253,0.689,0.000,0.000,2.548,0.000,7.141,10.037,0.000,30.243
Br66_rep5_Dep6_Tu5,0.000,4.375,0.000,0.000,5.876,0.000,5.025,2.302,1.284,14.479,10.749,3.302,52.608
Br66_rep10_Dep6_Tu20,15.607,0.000,0.000,6.002,2.344,0.000,1.722,1.361,1.856,12.307,7.135,1.689,49.976
Br66_rep7_Dep6_Tu30,31.491,0.000,0.000,1.145,1.556,0.000,0.000,3.480,0.000,7.455,7.176,2.063,45.635
Br66_rep9_Dep6_Tu30,29.973,0.000,0.000,3.461,0.000,0.000,2.094,0.000,0.000,13.049,10.437,3.658,37.328
Br66_rep5_Dep6_Tu40,31.898,0.262,0.000,7.271,0.000,0.000,0.910,1.878,0.000,10.656,9.647,3.260,34.217
Br66_rep8_Dep6_Tu10,13.396,0.000,0.000,0.000,0.000,0.000,5.099,0.000,2.387,10.838,9.726,4.198,54.356
Br66_rep9_Dep6_Tu50,39.334,0.000,0.000,8.950,0.000,0.000,0.000,0.000,0.000,9.359,4.436,2.702,35.219
Br66_rep2_Dep6_Tu0.3,0.000,2.262,0.000,0.000,4.611,0.000,1.823,1.588,0.064,15.419,7.394,2.957,63.881
Br66_rep1_Dep6_Tu10,10.942,0.000,0.000,0.000,0.000,0.000,5.790,0.683,0.050,16.761,11.011,4.328,50.436
Cer77_rep9_Dep6_Tu3,0.000,2.002,0.107,0.000,6.220,0.000,2.208,1.915,2.387,15.806,11.774,4.465,53.117
Cer77_rep5_Dep6_Tu30,8.728,3.174,12.175,6.685,17.671,3.818,1.155,1.395,2.662,8.073,5.255,0.680,28.529
Cer77_rep3_Dep6_Tu30,4.013,12.100,11.652,10.185,15.894,0.000,0.550,0.000,0.000,7.181,3.039,2.793,32.593
Cer77_rep8_Dep6_Tu50,6.143,17.810,14.674,14.316,19.595,4.083,1.497,2.151,0.000,1.291,2.643,2.108,13.689
Cer77_rep1_Dep6_Tu1,0.000,0.000,0.276,0.000,3.101,0.000,3.411,0.000,1.356,15.925,12.247,4.729,58.955
Cer77_rep7_Dep6_Tu3,0.000,0.791,0.888,0.000,9.492,0.000,3.475,0.000,0.000,14.866,10.779,6.094,53.616
Cer77_rep10_Dep6_Tu2,0.000,0.000,0.000,1.020,6.421,0.000,3.808,0.000,0.000,19.567,7.970,1.924,59.290
Cer77_rep2_Dep6_Tu0.5,0.000,0.000,0.000,0.000,2.333,0.000,0.561,1.276,0.000,18.170,13.765,0.900,62.995
Cer77_rep3_Dep6_Tu20,4.726,11.315,8.311,5.677,5.622,1.593,0.289,0.000,0.425,9.891,5.781,2.234,44.137
Cer77_rep1_Dep6_Tu2,3.041,0.000,0.000,0.000,6.972,0.000,2.400,0.000,0.227,15.150,11.759,2.407,58.044
Cer77_rep2_Dep6_Tu5,0.310,6.437,0.000,2.639,4.853,0.000,2.567,1.097,0.511,16.771,5.601,2.671,56.542
Cer77_rep5_Dep6_Tu0.5,0.629,0.000,0.000,0.000,1.595,0.000,2.996,1.654,0.000,12.048,10.011,4.615,66.452
Cer77_rep2_Dep6_Tu50,4.761,11.157,20.209,12.350,21.675,1.882,0.349,0.474,0.000,0.554,4.146,0.913,21.530
Cer77_rep9_Dep6_Tu0.5,0.000,0.000,1.646,0.000,4.397,0.000,1.330,1.929,0.000,14.087,13.891,3.891,58.827
Cer77_rep4_Dep6_Tu10,0.000,8.496,1.379,4.630,3.688,0.000,0.000,0.000,0.000,16.955,12.520,0.000,52.332
Cer77_rep9_Dep6_Tu20,0.060,12.429,9.004,5.702,7.355,1.658,2.502,2.264,0.000,11.317,7.279,2.514,37.914
Cer77_rep3_Dep6_Tu10,1.032,7.307,0.904,4.433,7.418,0.000,2.607,0.960,0.000,15.026,8.775,2.591,48.946
Cer77_rep6_Dep6_Tu5,0.000,1.553,6.119,0.161,5.079,0.000,3.324,0.545,1.883,13.632,7.258,2.993,57.454
Cer77_rep5_Dep6_Tu1,0.956,0.000,0.073,0.000,0.200,0.000,4.423,1.459,1.769,17.766,12.086,3.813,57.454
Cer77_rep5_Dep6_Tu0.3,0.000,2.621,0.000,0.000,2.841,0.036,2.883,0.000,3.944,14.481,12.450,4.691,56.052
Cer77_rep4_Dep6_Tu50,5.308,17.881,17.980,13.846,16.071,3.033,0.000,3.007,0.000,4.458,4.471,0.106,13.838
Cer77_rep6_Dep6_Tu0.3,0.000,0.000,0.000,0.000,1.309,0.000,4.530,0.217,3.134,16.315,13.890,3.321,57.284
Cer77_rep4_Dep6_Tu40,2.274,10.820,15.343,11.878,19.936,4.863,0.000,0.000,0.000,7.835,4.701,1.194,21.157
Cer77_rep10_Dep6_Tu5,5.101,0.000,2.054,2.552,5.945,0.000,1.714,0.703,0.000,15.678,11.239,1.898,53.115
Cer77_rep3_Dep6_Tu1,0.000,0.000,0.000,0.000,4.785,0.000,2.602,0.000,0.000,15.017,13.113,4.941,59.542
Cer77_rep8_Dep6_Tu40,0.000,14.372,15.714,10.998,19.460,1.403,2.019,4.171,0.000,5.884,4.390,1.612,19.977
Cer77_rep7_Dep6_Tu0.3,0.000,0.527,0.000,0.000,0.000,0.000,0.000,0.000,0.000,22.722,12.449,1.594,62.709
Cer77_rep3_Dep6_Tu0.1,0.000,0.000,0.000,0.000,8.210,0.000,0.909,0.714,0.000,14.905,15.628,2.663,56.971
Cer77_rep4_Dep6_Tu0.3,0.000,0.095,1.076,0.000,0.333,0.000,2.738,0.000,0.000,18.785,10.808,1.811,64.355
Cer77_rep6_Dep6_Tu2,0.000,2.308,0.260,0.000,6.902,0.000,0.902,0.000,6.193,15.720,8.250,0.000,59.465
Cer77_rep6_Dep6_Tu20,1.612,11.398,8.540,6.264,9.479,0.000,0.937,1.989,1.956,8.544,7.791,3.137,38.354
Cer77_rep9_Dep6_Tu40,4.024,14.413,15.216,8.689,18.750,0.000,2.772,5.448,0.000,2.114,6.307,0.000,22.268
Cer77_rep6_Dep6_Tu40,1.875,17.414,13.729,10.063,16.278,1.056,0.116,0.000,0.000,7.400,7.163,2.012,22.893
Cer77_rep8_Dep6_Tu5,0.606,1.251,4.654,1.012,8.676,0.000,4.010,0.118,4.281,12.568,9.005,1.509,52.309
