Sample,BRCA,CEAD,CESC,COAD,OV,READ,bcell,cd4tcell,cd8tcell,erythroblast,monocyte,naturalkillercell,neutrophil
Colo_rep2_Dep6_Tu0.5,0.000,0.000,0.000,0.000,3.627,0.000,1.041,0.000,0.403,16.818,14.152,1.647,62.312
Colo_rep2_Dep6_Tu50,1.588,0.000,1.908,0.000,11.141,26.202,1.606,0.000,0.000,14.580,8.385,3.691,30.900
Colo_rep6_Dep6_Tu1,0.000,0.405,0.000,0.000,1.293,0.000,5.542,0.000,0.000,17.880,6.641,3.075,65.165
Colo_rep3_Dep6_Tu2,0.000,0.000,0.000,0.000,4.815,0.660,4.804,0.000,0.000,12.307,13.911,2.843,60.661
Colo_rep7_Dep6_Tu2,0.000,0.000,0.387,0.000,1.820,0.519,4.192,0.000,0.773,15.999,8.902,3.653,63.755
Colo_rep8_Dep6_Tu0.1,0.000,0.000,0.000,0.000,7.072,0.000,6.545,0.000,1.752,11.728,9.069,5.527,58.308
Colo_rep10_Dep6_Tu2,0.000,0.000,0.000,0.011,7.505,0.530,0.000,0.867,0.000,14.859,16.011,3.390,56.828
Colo_rep6_Dep6_Tu3,0.000,0.000,0.000,0.000,6.578,0.000,6.003,0.000,1.903,13.216,12.921,0.000,59.379
Colo_rep9_Dep6_Tu30,0.407,0.734,0.000,0.000,8.611,15.571,3.133,0.000,0.000,16.571,11.632,2.469,40.873
Colo_rep9_Dep6_Tu0.5,0.000,0.000,0.054,0.000,5.122,0.000,2.160,0.952,0.000,13.768,14.176,4.876,58.892
Colo_rep6_Dep6_Tu20,0.000,0.000,2.524,0.000,4.139,12.491,0.000,0.000,5.589,12.197,13.977,2.058,47.027
Colo_rep8_Dep6_Tu30,3.432,0.000,2.814,0.000,10.686,11.580,0.253,0.000,0.000,14.567,9.895,3.031,43.742
Colo_rep3_Dep6_Tu5,0.350,0.000,0.000,0.000,3.283,2.159,4.739,0.000,0.721,18.344,7.612,1.769,61.024
Colo_rep4_Dep6_Tu3,0.000,0.000,0.000,0.000,5.510,0.000,3.469,0.602,1.302,16.038,10.113,2.886,60.079
Colo_rep2_Dep6_Tu10,1.191,0.000,0.000,0.000,6.382,6.010,0.353,0.000,0.000,14.776,13.964,4.115,53.209
Colo_rep3_Dep6_Tu40,0.000,1.448,0.000,0.000,9.283,21.304,2.575,0.000,0.000,12.240,10.800,5.609,36.742
Colo_rep3_Dep6_Tu30,3.583,0.665,0.000,0.000,7.706,13.685,1.667,0.051,0.189,16.161,10.379,3.345,42.567
Colo_rep6_Dep6_Tu30,0.000,5.309,0.000,0.000,10.137,14.480,0.300,0.017,1.045,13.751,10.780,4.230,39.952
Colo_rep4_Dep6_Tu50,2.381,0.000,3.067,0.000,7.369,26.828,1.578,0.000,5.898,15.070,11.288,0.346,26.175
Colo_rep5_Dep6_Tu50,3.731,1.708,0.000,0.000,5.274,23.819,0.569,0.000,0.000,16.066,13.059,5.448,30.326
Colo_rep6_Dep6_Tu2,0.000,0.000,0.000,0.000,8.628,1.458,0.809,0.000,5.886,14.807,8.461,0.265,59.687
Colo_rep10_Dep6_Tu50,1.673,0.000,2.014,0.000,14.052,26.575,1.586,0.000,2.062,18.233,10.939,1.457,21.409
Colo_rep7_Dep6_Tu50,5.622,5.961,0.000,0.000,5.026,21.979,1.146,1.968,4.080,12.416,10.796,2.938,28.067
Colo_rep9_Dep6_Tu40,1.983,4.396,0.000,0.000,5.715,19.283,4.418,1.110,0.475,14.444,9.137,1.432,37.607
Colo_rep8_Dep6_Tu5,0.000,0.000,0.000,0.000,9.536,0.187,4.807,0.000,2.379,13.232,10.606,3.713,55.539
Colo_rep1_Dep6_Tu20,0.000,0.000,0.571,0.000,11.889,10.097,1.297,0.000,4.112,13.157,7.078,4.978,46.821
Colo_rep9_Dep6_Tu2,0.000,0.000,0.000,0.000,6.402,0.000,1.796,0.000,0.000,21.748,11.278,1.870,56.906
Colo_rep5_Dep6_Tu30,0.000,0.000,2.466,0.000,6.082,14.263,6.002,0.634,1.072,18.159,10.695,0.971,39.655
Colo_rep4_Dep6_Tu0.1,0.000,0.000,0.000,0.000,4.346,0.000,2.254,0.000,0.000,15.476,12.962,2.681,62.281
Colo_rep5_Dep6_Tu0.1,0.000,0.000,0.000,0.000,4.969,0.000,3.505,0.000,0.000,14.987,13.803,0.173,62.564
Colo_rep9_Dep6_Tu3,0.000,0.000,0.000,0.000,7.078,0.000,2.179,0.301,3.568,13.825,12.436,3.949,56.664
Colo_rep2_Dep6_Tu0.1,0.165,0.000,0.000,0.000,4.047,0.000,2.232,0.513,3.405,16.230,9.356,5.270,58.782
Colo_rep8_Dep6_Tu10,1.168,1.873,0.000,0.000,0.000,2.404,7.673,0.000,3.324,12.984,7.711,3.834,59.031
Colo_rep4_Dep6_Tu30,5.661,0.000,0.179,0.000,7.521,12.284,0.000,0.000,4.774,15.017,8.784,0.048,45.733
Colo_rep2_Dep6_Tu2,0.000,0.000,0.618,0.000,5.434,0.418,2.564,0.000,0.394,16.672,14.223,1.276,58.401
Colo_rep1_Dep6_Tu5,0.000,0.000,0.854,0.000,5.865,1.638,3.850,0.000,3.564,11.517,9.200,2.609,60.902
Colo_rep8_Dep6_Tu50,5.137,0.000,4.798,0.000,7.610,25.680,4.054,1.549,0.000,10.956,8.007,4.728,27.481
Colo_rep5_Dep6_Tu5,0.000,0.000,0.000,0.000,4.471,0.889,5.393,0.540,2.569,15.108,12.319,4.408,54.303
Colo_rep6_Dep6_Tu50,0.000,0.000,2.840,0.000,16.123,25.156,0.584,0.000,2.654,17.300,9.758,1.202,24.384
Colo_rep5_Dep6_Tu0.5,0.000,0.000,0.000,0.000,3.433,0.000,2.947,0.626,0.000,11.502,10.209,4.887,66.395
Colo_rep4_Dep6_Tu20,1.864,0.000,0.322,0.000,12.731,11.443,1.488,1.813,0.000,8.509,13.242,5.655,42.933
Colo_rep8_Dep6_Tu40,0.100,0.000,2.285,0.000,14.644,16.410,2.354,0.421,0.000,15.444,8.216,4.347,35.779
Colo_rep7_Dep6_Tu0.3,0.000,0.000,0.000,0.000,3.957,0.000,0.000,0.000,0.000,20.243,12.311,1.680,61.808
Colo_rep7_Dep6_Tu30,0.000,0.000,0.235,0.000,10.445,19.575,0.000,0.000,0.000,13.679,7.397,4.143,44.526
Colo_rep10_Dep6_Tu20,4.105,0.000,1.772,0.049,0.000,7.900,7.601,0.453,2.057,14.738,7.148,2.201,51.976
Colo_rep9_Dep6_Tu10,0.000,0.000,0.000,0.000,6.725,2.852,4.900,1.042,0.000,14.935,13.643,2.732,53.171
Colo_rep9_Dep6_Tu0.1,0.000,0.000,0.000,0.000,9.175,0.000,3.539,0.000,1.028,15.954,11.659,2.753,55.891
Colo_rep10_Dep6_Tu0.3,0.000,0.000,0.000,0.000,8.476,1.096,0.798,0.000,5.811,14.197,8.466,0.558,60.598
Colo_rep8_Dep6_Tu20,0.000,0.000,0.000,0.000,7.577,9.523,4.468,4.816,1.294,11.037,9.420,2.488,49.375
Colo_rep3_Dep6_Tu3,0.000,0.000,2.933,0.000,3.169,1.384,1.680,1.194,0.213,14.776,12.875,5.380,56.395
Colo_rep4_Dep6_Tu2,0.000,0.000,0.000,0.000,10.213,0.000,2.033,0.000,0.140,12.522,11.839,4.436,58.817
Colo_rep10_Dep6_Tu0.1,0.764,0.181,0.000,0.000,3.203,0.000,4.149,0.000,0.995,13.397,9.054,5.174,63.083
Colo_rep4_Dep6_Tu0.3,0.000,0.000,0.000,0.000,2.556,0.000,2.944,0.000,0.000,17.078,11.475,2.068,63.879
Colo_rep9_Dep6_Tu0.3,0.000,0.000,0.000,0.000,4.092,0.000,0.000,0.000,0.255,13.284,13.343,2.935,66.091
Colo_rep1_Dep6_Tu10,0.000,0.000,0.000,0.000,4.172,4.039,6.289,0.000,1.518,15.962,12.207,5.113,50.700
Colo_rep6_Dep6_Tu0.3,0.000,0.000,0.000,0.000,2.658,0.000,4.854,0.000,3.034,14.819,13.748,3.882,57.006
Colo_rep6_Dep6_Tu0.5,0.000,0.000,0.000,0.000,5.412,0.000,4.091,0.000,3.524,14.319,10.897,2.186,59.571
Colo_rep10_Dep6_Tu10,0.000,0.000,0.000,0.000,12.123,3.792,7.138,2.571,0.000,14.698,9.575,2.434,47.668
Colo_rep10_Dep6_Tu1,0.000,0.000,0.000,0.000,8.317,0.000,3.487,0.000,0.000,16.362,11.616,4.925,55.293
Colo_rep10_Dep6_Tu5,0.487,0.000,0.000,0.000,5.480,2.134,3.665,0.000,5.456,12.942,10.514,2.821,56.501
Colo_rep10_Dep6_Tu40,7.292,0.000,0.000,0.000,8.274,20.564,1.788,0.504,0.000,12.602,15.750,3.535,29.691
Colo_rep10_Dep6_Tu0.5,0.000,0.000,0.000,0.000,4.717,0.000,7.212,0.000,1.355,16.325,12.481,5.006,52.904
Colo_rep1_Dep6_Tu1,0.000,0.000,0.000,0.000,2.605,0.000,4.091,0.000,0.823,15.224,12.834,4.964,59.458
Colo_rep7_Dep6_Tu20,0.000,0.000,0.000,0.000,10.708,8.958,4.223,0.918,0.000,17.566,11.519,0.442,45.665
Colo_rep6_Dep6_Tu10,0.000,0.000,0.000,0.066,7.238,3.839,2.912,0.000,0.143,12.000,11.619,7.149,55.034
Colo_rep10_Dep6_Tu3,0.000,0.000,1.521,0.350,5.592,0.000,1.822,0.000,0.000,13.068,12.765,2.456,62.427
Colo_rep1_Dep6_Tu30,2.084,0.974,0.338,0.000,7.939,15.073,0.000,0.000,0.000,13.841,10.160,5.918,43.672
Colo_rep1_Dep6_Tu0.1,0.000,0.000,0.000,0.000,3.983,0.000,1.895,0.000,1.896,14.206,7.734,1.612,68.674
Colo_rep7_Dep6_Tu5,0.058,0.000,0.000,0.000,6.773,2.218,4.438,1.306,0.000,14.181,9.670,1.835,59.521
Colo_rep7_Dep6_Tu0.1,0.000,0.000,0.000,0.000,6.874,0.000,2.166,0.273,0.000,14.452,13.956,2.913,59.366
Colo_rep6_Dep6_Tu40,0.180,0.000,0.000,0.000,11.239,24.888,0.000,0.000,0.000,16.949,11.359,2.759,32.627
Colo_rep8_Dep6_Tu2,0.000,0.000,0.000,0.000,2.293,0.727,4.492,0.000,0.000,15.704,12.123,4.535,60.126
Colo_rep7_Dep6_Tu0.5,0.000,0.000,0.000,0.000,7.254,0.000,1.394,0.000,4.043,15.051,10.254,2.696,59.309
Colo_rep5_Dep6_Tu20,3.156,2.264,0.000,0.000,4.481,11.805,3.058,0.000,0.715,13.922,8.095,4.485,48.018
Colo_rep8_Dep6_Tu0.3,0.000,0.000,0.000,0.000,4.272,0.000,0.000,0.000,0.274,13.220,12.816,3.270,66.148
Colo_rep4_Dep6_Tu5,0.000,0.000,0.000,0.000,9.973,2.098,3.551,0.241,2.550,16.267,9.910,2.559,52.850
Colo_rep9_Dep6_Tu1,0.000,0.000,0.000,0.000,4.947,0.000,3.788,0.000,0.000,14.597,13.510,2.163,60.995
Colo_rep1_Dep6_Tu0.5,0.000,0.000,0.000,0.000,7.399,0.000,2.734,0.000,1.331,15.181,9.669,1.634,62.052
Colo_rep8_Dep6_Tu3,0.000,0.000,0.000,0.000,7.802,2.231,0.625,0.000,1.435,13.421,10.621,4.337,59.529
Colo_rep5_Dep6_Tu0.3,0.000,0.375,0.000,0.000,4.880,1.158,2.655,0.000,3.895,13.861,13.042,4.742,55.392
Colo_rep2_Dep6_Tu30,3.314,0.000,0.341,0.000,8.187,17.101,0.000,1.575,0.000,10.739,10.795,1.930,46.019
Colo_rep7_Dep6_Tu10,0.000,0.000,0.000,0.000,7.103,3.714,4.475,1.204,0.000,13.649,12.994,4.293,52.567
Colo_rep2_Dep6_Tu40,2.111,3.494,2.380,0.000,1.569,20.286,8.427,0.000,0.000,14.413,7.461,2.778,37.082
Colo_rep3_Dep6_Tu0.1,0.000,0.000,0.000,0.000,9.682,0.000,0.824,0.552,0.000,13.309,15.504,3.132,56.996
Colo_rep3_Dep6_Tu1,0.000,0.000,0.000,0.000,4.809,0.000,2.563,0.000,0.000,13.736,13.727,4.818,60.347
Colo_rep8_Dep6_Tu1,0.000,0.000,0.000,0.000,4.373,0.849,0.183,0.000,0.000,15.997,13.537,5.139,59.922
Colo_rep4_Dep6_Tu1,0.000,0.000,0.000,0.000,5.086,0.000,6.290,0.000,2.112,14.698,13.089,3.090,55.635
Colo_rep5_Dep6_Tu40,0.000,0.000,4.181,0.348,4.771,18.273,2.311,5.530,0.000,11.933,9.893,5.624,37.135
Colo_rep5_Dep6_Tu10,0.000,0.000,0.000,0.469,6.373,2.359,4.292,0.000,1.017,19.098,11.969,4.052,50.371
Colo_rep2_Dep6_Tu0.3,0.000,0.182,0.000,0.000,7.550,0.000,1.926,0.623,0.824,14.849,7.327,3.188,63.532
Colo_rep10_Dep6_Tu30,3.793,0.000,2.474,0.000,9.071,9.376,2.595,0.000,2.129,12.919,10.461,4.328,42.853
Colo_rep1_Dep6_Tu40,2.976,0.000,0.000,1.089,4.945,21.581,2.055,2.481,5.217,14.005,9.226,0.324,36.100
Colo_rep6_Dep6_Tu0.1,0.000,0.000,0.000,0.000,3.826,0.000,2.940,0.000,3.850,12.806,15.479,0.000,61.099
Colo_rep7_Dep6_Tu40,4.611,0.000,0.000,0.000,6.320,21.727,4.511,0.000,1.342,17.630,7.606,0.505,35.747
Colo_rep1_Dep6_Tu50,3.587,0.000,0.000,0.000,10.924,31.297,2.153,0.000,0.000,13.376,8.834,5.962,23.867
Colo_rep1_Dep6_Tu0.3,0.000,0.000,0.624,0.000,0.000,0.345,2.746,0.000,0.000,14.991,14.604,3.807,62.882
Colo_rep9_Dep6_Tu20,0.000,1.331,0.000,0.000,5.082,10.495,3.870,0.000,0.000,19.562,9.230,4.080,46.348
Colo_rep4_Dep6_Tu10,0.000,0.854,0.000,0.000,1.981,3.024,1.130,0.000,0.000,21.605,12.723,0.000,58.682
Colo_rep6_Dep6_Tu5,0.000,0.000,0.583,0.000,2.483,2.739,3.593,0.000,2.960,13.877,10.322,2.894,60.548
Colo_rep9_Dep6_Tu5,1.521,0.000,0.000,0.000,2.618,0.360,4.913,0.371,3.918,17.056,11.117,2.807,55.319
Colo_rep3_Dep6_Tu50,3.227,0.000,2.064,0.000,11.191,25.610,2.116,0.000,0.000,13.946,13.589,0.821,27.436
Colo_rep5_Dep6_Tu1,0.363,0.000,0.000,0.000,1.524,0.000,4.672,0.389,2.652,17.409,12.246,4.286,56.460
Colo_rep5_Dep6_Tu3,0.000,0.000,0.000,0.000,9.328,0.000,0.479,0.000,0.000,16.370,10.563,4.287,58.973
Colo_rep2_Dep6_Tu1,0.000,0.000,1.599,0.000,6.860,0.000,0.443,0.000,0.000,14.106,12.718,5.225,59.048
Colo_rep7_Dep6_Tu1,0.000,0.000,0.000,0.000,1.842,0.000,2.182,0.000,0.939,13.389,14.080,5.464,62.104
Colo_rep5_Dep6_Tu2,0.000,0.000,0.023,0.000,7.822,0.669,0.125,0.000,4.081,13.912,10.417,4.496,58.455
Colo_rep4_Dep6_Tu40,3.720,0.000,1.431,0.000,8.635,21.747,2.638,0.000,0.000,17.369,10.811,2.265,31.386
Colo_rep2_Dep6_Tu20,0.000,0.000,0.000,0.000,8.042,12.785,5.543,0.000,1.523,13.759,8.199,3.432,46.717
Colo_rep4_Dep6_Tu0.5,0.000,0.000,0.000,0.000,3.496,0.000,5.094,0.000,0.101,16.234,10.093,4.152,60.829
Colo_rep2_Dep6_Tu5,1.553,0.000,0.000,0.000,6.537,0.000,1.103,0.854,0.137,16.875,6.277,5.237,61.426
Colo_rep2_Dep6_Tu3,0.000,0.000,0.000,0.000,9.182,0.000,0.000,1.301,0.000,13.915,13.092,6.382,56.129
Colo_rep3_Dep6_Tu10,0.000,0.000,0.526,0.000,4.623,7.109,2.677,0.298,0.000,18.141,11.794,0.000,54.830
Colo_rep8_Dep6_Tu0.5,0.000,0.000,0.000,0.000,7.891,0.000,5.243,0.000,2.659,11.125,9.819,2.053,61.210
Colo_rep7_Dep6_Tu3,0.000,0.000,0.000,0.000,7.610,0.248,4.671,0.000,0.000,14.844,11.553,4.995,56.079
Colo_rep3_Dep6_Tu0.5,0.000,0.000,0.000,0.000,3.039,0.000,4.804,0.000,3.203,14.879,13.138,3.805,57.131
Colo_rep3_Dep6_Tu20,3.489,0.000,3.204,0.000,3.015,7.455,1.375,1.974,1.791,13.537,9.485,2.248,52.427
Colo_rep1_Dep6_Tu2,1.935,0.000,0.000,0.000,6.755,0.000,2.821,0.000,0.361,14.886,12.854,2.239,58.151
Colo_rep9_Dep6_Tu50,1.049,0.000,3.399,0.000,9.032,27.120,0.000,0.000,0.000,14.561,9.318,2.395,33.127
Colo_rep3_Dep6_Tu0.3,0.000,0.000,0.000,0.000,8.343,0.000,5.062,0.000,2.933,11.037,9.778,1.762,61.085
Colo_rep1_Dep6_Tu3,0.000,0.000,1.364,0.000,3.543,1.058,2.805,0.000,0.000,13.398,14.774,5.151,57.907
Br62_rep5_Dep6_Tu0.5,0.000,0.000,0.000,0.000,3.749,0.000,3.010,0.888,0.000,10.766,10.124,4.967,66.496
Br62_rep5_Dep6_Tu3,0.522,0.000,0.000,1.696,10.735,0.000,0.983,0.000,0.000,16.017,7.669,3.536,58.841
Br62_rep6_Dep6_Tu30,25.325,0.000,0.000,9.949,1.107,0.000,2.159,0.000,0.000,12.904,8.762,2.703,37.091
Br62_rep7_Dep6_Tu20,13.171,0.000,0.000,7.276,6.483,0.000,1.390,0.000,0.000,13.861,10.010,1.749,46.060
Br62_rep2_Dep6_Tu40,31.788,0.000,0.000,12.131,0.000,0.000,2.282,0.000,0.000,11.785,5.346,0.000,36.668
Br62_rep8_Dep6_Tu0.5,0.000,0.000,0.000,0.000,8.448,0.000,4.798,0.000,2.771,11.937,9.660,1.864,60.521
Br62_rep5_Dep6_Tu2,0.000,0.000,0.000,0.000,9.455,0.444,1.097,0.000,4.499,13.406,8.693,3.876,58.531
Br62_rep4_Dep6_Tu50,36.967,0.000,0.000,13.770,3.449,0.000,0.000,0.000,1.515,15.003,4.459,0.248,24.588
Br62_rep8_Dep6_Tu40,26.843,0.000,0.000,11.780,7.157,0.000,0.308,3.022,0.000,14.642,6.303,0.620,29.325
Br62_rep7_Dep6_Tu2,0.000,0.000,1.516,0.000,2.062,0.382,3.765,0.000,1.614,15.499,9.296,2.792,63.075
Br62_rep9_Dep6_Tu40,32.604,0.000,0.000,11.574,2.059,0.000,0.000,1.134,0.000,10.872,8.201,0.000,33.557
Br62_rep10_Dep6_Tu2,0.000,0.000,0.000,1.288,6.911,0.000,0.000,1.425,0.000,14.858,12.502,3.604,59.412
Br62_rep6_Dep6_Tu10,3.846,0.000,0.000,5.253,7.423,0.000,0.000,0.000,1.703,12.177,10.673,4.599,54.325
Br62_rep2_Dep6_Tu2,0.014,0.000,1.405,0.357,5.260,0.724,1.503,0.000,1.585,16.972,13.457,0.113,58.610
Br62_rep9_Dep6_Tu5,4.000,0.000,0.000,0.000,1.009,0.000,5.315,0.650,1.897,16.826,10.815,3.778,55.711
Br62_rep6_Dep6_Tu40,26.632,0.000,0.000,10.772,7.050,0.000,0.000,0.000,0.000,17.548,8.212,0.000,29.785
Br62_rep4_Dep6_Tu20,13.833,0.000,0.000,7.909,9.808,0.000,1.763,1.701,0.583,8.829,10.036,1.988,43.551
Br62_rep9_Dep6_Tu1,0.615,0.000,0.000,0.000,5.171,0.000,3.596,0.000,0.000,14.558,12.750,1.671,61.639
Br62_rep1_Dep6_Tu0.3,0.000,0.000,0.732,0.000,0.665,0.000,2.788,0.000,0.000,15.599,14.569,3.969,61.677
Br62_rep3_Dep6_Tu5,4.134,0.000,0.000,2.236,2.403,0.000,2.000,0.000,0.562,20.021,6.622,1.338,60.684
Br62_rep9_Dep6_Tu50,34.922,0.000,0.000,12.775,4.003,0.000,0.000,0.000,0.000,14.828,4.140,0.000,29.332
Br62_rep5_Dep6_Tu30,21.634,0.000,2.683,5.875,4.626,0.000,0.321,0.000,1.909,17.198,4.469,0.000,41.285
Br62_rep9_Dep6_Tu0.5,0.000,0.000,0.000,0.000,5.597,0.000,1.802,0.962,0.000,14.270,13.572,4.604,59.193
Br62_rep1_Dep6_Tu20,15.410,0.000,0.000,4.170,7.283,0.000,0.000,0.000,3.966,15.122,5.904,1.788,46.357
Br62_rep4_Dep6_Tu2,0.000,0.000,0.000,0.000,8.837,0.000,2.180,0.000,1.149,13.341,12.138,3.520,58.836
Br62_rep8_Dep6_Tu3,0.658,0.862,0.000,2.529,8.223,0.000,0.000,0.000,2.639,13.912,7.139,2.818,61.219
Br62_rep2_Dep6_Tu5,4.753,0.000,0.000,3.876,4.087,0.000,0.781,0.221,0.000,16.972,6.111,3.402,59.796
Br62_rep2_Dep6_Tu1,0.000,0.000,1.622,0.000,7.601,0.000,0.000,0.028,0.000,15.063,12.567,4.474,58.644
Br62_rep8_Dep6_Tu1,0.000,0.000,0.000,0.000,5.521,0.000,0.000,0.000,0.000,16.409,13.506,4.872,59.692
Br62_rep10_Dep6_Tu0.1,0.472,0.000,0.000,0.000,3.745,0.000,4.025,0.000,0.537,14.058,9.151,5.336,62.676
Br62_rep3_Dep6_Tu40,28.579,0.000,0.000,13.291,5.049,0.000,0.000,0.000,0.000,12.248,6.546,2.480,31.807
Br62_rep8_Dep6_Tu0.3,0.000,0.000,0.000,0.000,5.219,0.000,0.000,0.000,0.000,12.804,12.893,3.206,65.879
Br62_rep4_Dep6_Tu0.5,0.000,0.000,0.000,0.000,3.295,0.250,5.109,0.000,0.344,16.484,10.622,3.606,60.291
Br62_rep6_Dep6_Tu50,33.011,0.000,0.000,11.123,0.931,0.000,0.000,0.000,4.666,19.156,6.857,0.000,24.255
Br62_rep7_Dep6_Tu0.1,0.000,0.000,0.000,0.000,7.163,0.000,1.700,0.355,0.000,14.572,13.970,2.985,59.255
Br62_rep9_Dep6_Tu30,24.594,0.000,0.000,5.910,1.826,0.000,1.040,0.000,0.000,15.108,10.866,2.688,37.968
Br62_rep6_Dep6_Tu20,13.981,0.000,0.000,4.006,4.831,0.000,0.161,0.000,8.332,11.653,9.185,0.449,47.402
Br62_rep5_Dep6_Tu5,0.760,0.000,0.000,2.000,7.025,0.000,4.834,1.057,2.380,15.853,10.282,3.931,51.878
Br62_rep4_Dep6_Tu40,29.356,0.000,0.000,14.221,2.167,0.000,0.000,0.000,0.000,15.381,4.356,0.867,33.652
Br62_rep8_Dep6_Tu0.1,0.000,0.000,0.000,0.000,7.060,0.000,6.542,0.280,1.995,11.528,8.720,5.207,58.667
Br62_rep1_Dep6_Tu40,29.937,0.000,0.000,15.736,0.000,0.000,0.000,0.000,2.062,15.375,2.980,0.000,33.911
Br62_rep3_Dep6_Tu30,23.163,0.000,0.000,9.935,2.984,0.000,0.186,0.000,0.000,15.584,5.553,0.324,42.271
Br62_rep7_Dep6_Tu0.5,0.000,0.000,0.000,0.000,8.091,0.000,0.872,0.000,3.884,15.583,10.106,2.213,59.251
Br62_rep1_Dep6_Tu10,3.250,0.000,0.000,3.939,4.834,0.000,5.896,0.000,0.165,17.578,11.021,5.020,48.298
Br62_rep10_Dep6_Tu20,20.034,0.000,0.967,1.633,0.000,0.000,6.030,0.961,2.299,10.705,6.148,0.054,51.170
Br62_rep1_Dep6_Tu5,3.748,0.000,0.000,0.906,6.502,0.000,3.090,0.000,1.972,13.648,9.943,2.102,58.088
Br62_rep3_Dep6_Tu50,34.301,0.000,0.000,11.349,6.170,0.000,0.000,0.000,0.000,14.239,5.124,0.000,28.819
Br62_rep1_Dep6_Tu3,3.362,0.000,0.000,0.000,2.871,0.823,1.055,0.000,0.000,15.127,14.047,4.419,58.295
Br62_rep7_Dep6_Tu30,25.574,0.000,2.155,6.357,0.421,0.000,0.000,0.000,0.000,15.766,2.024,0.400,47.304
Br62_rep6_Dep6_Tu1,0.000,1.891,0.000,0.000,1.684,0.000,4.842,0.000,0.000,17.245,7.187,3.352,63.799
Br62_rep1_Dep6_Tu0.5,0.000,0.000,0.000,0.000,7.149,0.000,3.201,0.000,1.841,15.335,9.515,1.160,61.799
Br62_rep1_Dep6_Tu0.1,0.000,0.000,0.000,0.000,3.660,0.000,2.000,0.000,1.993,14.215,7.671,1.631,68.829
Br62_rep9_Dep6_Tu3,0.000,0.000,0.000,0.000,7.791,0.000,2.697,1.740,2.181,14.367,10.792,4.442,55.990
Br62_rep5_Dep6_Tu40,27.536,0.000,0.000,13.133,2.954,0.000,1.499,1.478,0.000,12.405,2.303,1.958,36.734
Br62_rep10_Dep6_Tu3,2.937,0.000,0.860,0.000,7.220,0.000,1.546,0.000,0.000,13.587,10.311,1.569,61.970
Br62_rep2_Dep6_Tu0.3,0.000,0.948,0.000,0.000,6.877,0.000,1.686,0.961,1.102,14.420,7.159,2.967,63.880
Br62_rep10_Dep6_Tu40,29.676,0.000,0.000,9.356,2.932,0.000,2.207,0.000,0.847,14.013,9.893,0.642,30.433
Br62_rep3_Dep6_Tu2,0.000,0.000,0.000,0.000,5.174,0.000,4.439,0.000,0.000,12.866,13.198,3.441,60.881
Br62_rep5_Dep6_Tu1,1.223,0.000,0.000,0.000,1.149,0.000,4.741,0.635,2.713,16.919,11.994,3.457,57.169
Br62_rep4_Dep6_Tu1,0.000,0.000,0.000,0.000,5.618,0.000,6.371,0.000,0.664,15.439,13.025,3.549,55.334
Br62_rep10_Dep6_Tu0.5,0.000,0.000,0.000,0.000,4.733,0.000,6.617,0.000,0.967,16.611,11.953,4.675,54.445
Br62_rep5_Dep6_Tu20,16.129,1.951,0.000,6.729,3.951,0.000,2.140,0.000,0.524,12.516,6.891,1.092,48.078
Br62_rep6_Dep6_Tu0.3,0.000,0.000,0.000,0.000,2.996,0.000,4.825,0.000,3.269,14.923,13.575,3.848,56.564
Br62_rep9_Dep6_Tu0.3,0.210,0.000,0.000,0.000,4.613,0.000,0.000,0.000,0.090,13.346,12.931,2.903,65.907
Br62_rep2_Dep6_Tu20,14.553,0.000,0.000,4.866,4.847,0.138,3.918,0.000,2.771,16.342,5.330,0.000,47.235
Br62_rep6_Dep6_Tu0.5,0.000,0.000,0.000,0.000,4.939,0.000,4.272,0.000,3.765,14.623,10.536,1.822,60.043
Br62_rep8_Dep6_Tu10,7.450,0.463,2.745,1.245,0.156,0.000,5.777,1.191,4.474,10.729,6.418,1.155,58.197
Br62_rep2_Dep6_Tu0.1,0.014,0.000,0.000,0.000,4.242,0.000,2.292,0.452,3.503,16.436,9.248,4.996,58.817
Br62_rep5_Dep6_Tu10,7.426,0.000,0.000,4.989,1.507,0.000,4.333,0.515,0.755,19.646,11.307,1.230,48.292
Br62_rep10_Dep6_Tu10,6.900,0.000,0.000,1.859,10.616,0.000,3.530,1.301,1.373,13.395,9.382,2.431,49.215
Br62_rep4_Dep6_Tu10,4.049,0.000,0.000,3.598,2.644,0.000,0.000,0.000,0.000,20.304,12.662,0.523,56.220
Br62_rep3_Dep6_Tu0.1,0.000,0.000,0.000,0.000,9.341,0.000,1.402,0.147,0.000,13.947,15.286,3.117,56.759
Br62_rep2_Dep6_Tu50,40.007,0.000,0.000,10.810,2.349,0.000,0.000,0.569,0.000,13.296,3.108,0.000,29.862
Br62_rep9_Dep6_Tu10,7.459,0.000,0.000,5.176,1.410,0.000,4.829,0.000,0.000,13.945,11.904,1.969,53.307
Br62_rep5_Dep6_Tu0.3,0.000,0.812,0.000,0.000,5.093,1.650,2.605,0.000,4.013,13.573,12.925,4.587,54.742
Br62_rep8_Dep6_Tu50,33.083,0.000,0.000,18.161,7.441,0.000,2.341,0.000,0.000,11.103,3.747,0.000,24.125
Br62_rep4_Dep6_Tu0.3,0.000,0.000,0.000,0.000,3.213,0.000,2.507,0.000,0.000,17.136,11.051,2.452,63.642
Br62_rep7_Dep6_Tu1,0.000,0.000,0.000,0.000,2.085,0.000,2.633,0.000,1.186,13.200,13.781,4.965,62.149
Br62_rep3_Dep6_Tu0.5,0.000,0.000,0.000,0.000,3.180,0.000,4.939,0.000,2.945,14.981,13.681,3.914,56.360
Br62_rep7_Dep6_Tu40,30.829,0.000,0.000,10.968,1.943,0.000,2.117,0.000,0.000,14.876,6.064,1.144,32.059
Br62_rep2_Dep6_Tu3,0.000,0.000,0.000,0.000,9.445,0.000,0.125,1.900,0.000,14.803,13.264,6.397,54.067
Br62_rep2_Dep6_Tu0.5,0.000,0.000,0.000,0.000,4.400,0.000,0.747,0.245,0.088,16.791,13.721,1.524,62.483
Br62_rep1_Dep6_Tu50,30.781,0.000,0.000,16.052,0.000,0.000,0.000,2.087,0.000,19.668,3.071,0.051,28.291
Br62_rep3_Dep6_Tu3,2.951,0.000,2.383,0.000,3.020,0.000,1.448,1.916,0.049,14.042,10.415,5.917,57.858
Br62_rep7_Dep6_Tu3,0.000,0.000,0.000,0.232,9.428,0.000,4.511,0.000,0.000,16.111,11.075,4.646,53.997
Br62_rep3_Dep6_Tu0.3,0.000,0.000,0.000,0.000,8.734,0.000,4.942,0.000,2.937,11.206,9.785,1.784,60.612
Br62_rep8_Dep6_Tu30,28.560,0.000,0.000,5.420,2.999,0.000,0.847,0.000,0.000,16.061,4.927,0.000,41.186
Br62_rep4_Dep6_Tu30,26.672,0.000,0.000,9.932,0.323,0.000,0.000,2.015,1.692,13.105,4.429,0.000,41.832
Br62_rep6_Dep6_Tu3,0.000,0.000,0.000,0.000,7.016,0.000,4.401,0.000,1.861,14.564,12.950,0.000,59.208
Br62_rep4_Dep6_Tu0.1,0.000,0.000,0.000,0.000,4.695,0.000,2.083,0.000,0.000,15.639,12.723,2.622,62.238
Br62_rep8_Dep6_Tu5,2.671,0.000,0.000,0.000,6.668,0.000,4.149,0.000,2.841,16.101,10.017,1.926,55.627
Br62_rep10_Dep6_Tu50,34.559,5.795,0.000,13.824,2.601,0.000,0.174,0.000,0.000,17.045,5.502,0.000,20.500
Br62_rep10_Dep6_Tu0.3,0.000,0.000,0.000,0.000,9.505,1.398,0.193,0.000,6.100,14.002,8.148,0.123,60.531
Br62_rep3_Dep6_Tu20,18.194,0.000,0.000,4.228,1.674,0.000,0.000,0.000,1.682,14.283,8.488,0.000,51.450
Br62_rep1_Dep6_Tu1,0.000,0.000,0.000,0.000,3.560,0.000,3.563,0.000,1.570,15.052,12.254,4.831,59.170
Br62_rep3_Dep6_Tu1,0.000,0.000,0.000,0.000,5.301,0.000,2.944,0.000,0.000,13.854,13.202,5.142,59.557
Br62_rep9_Dep6_Tu2,0.000,0.000,0.000,0.000,5.993,0.000,2.573,0.000,0.000,21.213,10.740,3.254,56.228
Br62_rep7_Dep6_Tu50,38.152,0.682,0.002,13.294,1.734,0.000,0.029,0.000,0.000,12.823,6.460,0.870,25.954
Br62_rep7_Dep6_Tu5,4.592,0.000,0.000,1.026,5.159,0.000,2.905,0.753,1.179,14.661,9.292,1.146,59.286
Br62_rep8_Dep6_Tu2,1.400,0.000,0.000,0.000,4.621,0.000,4.429,0.000,0.000,14.578,11.277,4.021,59.675
Br62_rep5_Dep6_Tu0.1,0.000,0.000,0.000,0.000,5.235,0.000,3.625,0.039,0.000,14.961,13.321,0.239,62.579
Br62_rep6_Dep6_Tu5,1.297,0.000,1.104,2.034,4.361,0.000,3.115,0.000,2.160,13.328,9.823,2.657,60.121
Br62_rep9_Dep6_Tu20,15.893,0.000,0.000,7.081,1.801,0.000,3.731,0.000,1.270,17.021,5.009,1.189,47.005
Br62_rep2_Dep6_Tu30,25.673,0.000,0.000,12.303,0.000,0.000,0.000,0.000,0.000,10.523,4.944,0.000,46.557
Br62_rep7_Dep6_Tu10,7.413,0.000,0.000,0.561,6.803,0.000,2.207,1.281,0.000,12.701,12.159,2.619,54.254
Br62_rep6_Dep6_Tu0.1,0.000,0.000,0.033,0.000,4.098,0.000,2.858,0.000,3.837,13.064,15.109,0.000,61.001
Br62_rep5_Dep6_Tu50,37.686,0.000,4.401,10.236,0.000,0.000,0.000,0.000,0.046,12.963,4.593,0.000,30.076
Br62_rep10_Dep6_Tu1,0.000,0.000,0.000,0.000,8.823,0.000,3.608,0.000,0.000,16.688,11.504,4.343,55.034
Br62_rep1_Dep6_Tu30,20.588,0.000,0.000,10.510,1.517,0.000,0.088,0.000,1.080,15.011,8.137,1.983,41.088
Br62_rep7_Dep6_Tu0.3,0.000,0.000,0.000,0.000,3.462,0.000,0.000,0.000,0.000,20.507,12.005,1.875,62.151
Br62_rep2_Dep6_Tu10,4.824,0.000,0.000,3.069,5.366,0.000,0.202,0.133,0.000,15.645,11.748,4.022,54.991
Br62_rep9_Dep6_Tu0.1,0.000,0.000,0.000,0.000,9.663,0.000,3.519,0.000,1.084,15.890,11.357,2.623,55.863
Br62_rep3_Dep6_Tu10,6.920,0.000,0.000,3.782,4.339,2.899,0.332,0.000,2.575,16.933,9.727,0.000,52.492
Br62_rep4_Dep6_Tu5,0.775,0.000,0.000,1.001,9.621,1.172,3.940,2.587,1.026,15.192,9.819,2.365,52.500
Br62_rep8_Dep6_Tu20,15.025,0.000,0.000,5.526,9.103,0.000,0.000,4.895,0.811,10.755,5.399,0.000,48.487
Br62_rep1_Dep6_Tu2,2.568,0.000,0.000,0.000,7.880,0.000,2.302,0.632,0.606,14.525,12.262,1.874,57.351
Br62_rep10_Dep6_Tu5,4.709,0.000,0.000,0.000,2.225,0.000,3.460,0.000,5.275,14.305,10.384,2.006,57.635
Br62_rep10_Dep6_Tu30,18.597,0.000,0.000,5.131,5.530,0.000,0.000,0.000,2.750,17.841,7.362,0.000,42.789
Br62_rep6_Dep6_Tu2,0.000,0.000,0.000,0.000,9.444,1.311,0.202,0.000,6.445,14.637,8.416,0.526,59.020
Br62_rep4_Dep6_Tu3,0.000,0.000,0.000,0.125,6.543,0.000,2.750,1.824,0.000,16.774,10.826,2.826,58.332
Br66_rep4_Dep6_Tu50,47.437,0.000,0.000,2.614,0.000,0.000,2.177,1.341,1.902,8.328,10.232,1.688,24.280
Br66_rep3_Dep6_Tu0.5,0.000,0.000,0.000,0.000,2.865,0.000,4.581,0.000,2.834,15.124,13.848,4.026,56.722
Br66_rep2_Dep6_Tu3,0.000,0.000,0.000,0.000,9.106,0.000,0.000,2.162,0.000,14.791,13.498,5.928,54.515
Br66_rep6_Dep6_Tu40,33.105,3.348,0.000,4.650,3.612,0.000,0.000,0.000,0.000,11.641,10.551,1.715,31.377
Br66_rep9_Dep6_Tu0.1,0.000,0.000,0.000,0.000,9.209,0.000,3.542,0.000,1.114,15.943,11.728,2.700,55.764
Br66_rep9_Dep6_Tu5,6.239,0.000,0.000,0.000,0.779,0.000,4.571,0.000,3.822,16.876,9.817,2.614,55.281
Br66_rep10_Dep6_Tu1,0.000,0.000,0.000,0.055,8.467,0.000,1.123,0.000,2.997,13.203,10.062,3.803,60.289
Br66_rep6_Dep6_Tu20,21.132,0.000,0.637,0.000,0.089,0.000,0.000,0.000,5.868,12.468,10.171,2.043,47.592
Br66_rep10_Dep6_Tu30,27.555,0.357,0.061,1.136,1.515,0.852,0.196,0.000,2.100,10.959,14.800,0.695,39.772
Br66_rep10_Dep6_Tu5,4.486,0.000,0.000,0.000,5.328,0.000,1.713,0.909,0.151,15.545,14.502,2.997,54.369
Br66_rep7_Dep6_Tu1,0.000,0.000,0.000,0.000,1.765,0.000,2.290,0.000,1.078,13.212,14.172,5.052,62.431
Br66_rep6_Dep6_Tu0.3,0.000,0.000,0.000,0.000,2.820,0.000,4.731,0.000,2.989,14.831,13.802,3.897,56.930
Br66_rep1_Dep6_Tu30,27.320,0.000,0.000,6.087,0.896,0.000,0.000,0.200,0.000,12.740,5.752,3.641,43.365
Br66_rep3_Dep6_Tu1,0.000,0.000,0.000,0.000,4.930,0.000,2.738,0.000,0.000,13.870,14.138,4.729,59.595
Br66_rep3_Dep6_Tu30,32.059,0.000,0.000,0.499,0.308,0.000,0.000,0.000,0.285,14.762,10.425,1.494,40.169
Br66_rep9_Dep6_Tu1,0.452,0.000,0.000,0.000,5.391,0.000,3.489,0.000,0.000,14.640,12.775,1.784,61.468
Br66_rep9_Dep6_Tu40,34.847,0.000,0.000,5.732,0.782,0.000,0.202,4.139,0.333,8.595,8.923,0.066,36.381
Br66_rep5_Dep6_Tu1,2.241,0.000,0.000,0.000,0.914,0.000,4.524,0.132,2.500,16.986,12.093,3.595,57.015
Br66_rep2_Dep6_Tu5,4.633,0.000,0.000,0.000,5.150,0.000,1.166,0.694,0.621,16.387,6.688,4.533,60.128
Br66_rep5_Dep6_Tu30,27.802,0.000,0.000,0.000,1.389,0.000,3.428,0.840,2.546,15.093,8.363,1.078,39.461
Br66_rep7_Dep6_Tu50,41.070,2.105,0.000,7.110,0.000,0.000,0.000,5.079,0.000,8.294,8.368,1.547,26.427
Br66_rep4_Dep6_Tu40,35.015,0.000,0.000,6.212,2.528,0.000,0.000,0.000,0.000,12.910,11.947,1.834,29.555
Br66_rep8_Dep6_Tu5,3.354,0.000,0.000,0.000,6.859,0.632,3.995,0.000,2.988,13.860,10.765,3.270,54.277
Br66_rep9_Dep6_Tu2,0.000,0.000,0.000,0.000,6.647,0.000,2.036,0.000,0.000,21.289,10.790,2.254,56.984
Br66_rep6_Dep6_Tu30,29.986,0.000,0.000,6.613,2.623,0.026,0.000,0.000,0.392,8.875,11.055,4.718,35.714
Br66_rep4_Dep6_Tu0.1,0.000,0.000,0.000,0.000,4.360,0.000,2.222,0.000,0.000,15.457,12.936,2.689,62.335
Br66_rep5_Dep6_Tu10,8.003,0.000,0.000,0.360,4.010,0.000,3.877,2.944,0.000,18.360,11.000,2.654,48.791
Br66_rep3_Dep6_Tu40,32.675,0.000,0.000,2.866,4.733,0.000,0.541,3.322,0.000,7.285,9.403,4.251,34.924
Br66_rep9_Dep6_Tu0.5,0.000,0.000,0.000,0.000,5.196,0.000,1.922,1.229,0.000,13.798,13.762,4.832,59.261
Br66_rep8_Dep6_Tu2,2.545,0.000,0.000,0.000,1.889,0.000,4.230,0.000,0.000,14.534,12.278,4.116,60.409
Br66_rep10_Dep6_Tu2,0.423,0.000,0.000,0.000,6.142,0.000,3.078,0.000,0.368,19.834,8.472,2.247,59.437
Br66_rep6_Dep6_Tu0.1,0.000,0.000,0.000,0.000,4.309,0.000,3.027,0.000,3.965,13.086,15.679,0.000,59.935
Br66_rep5_Dep6_Tu0.5,0.141,0.000,0.000,0.000,3.076,0.000,2.927,0.755,0.000,11.398,10.419,4.845,66.439
Br66_rep2_Dep6_Tu20,20.066,0.000,0.000,1.408,1.921,0.000,4.072,0.000,3.758,12.756,7.499,1.479,47.041
Br66_rep4_Dep6_Tu0.5,0.000,0.000,0.000,0.000,3.852,0.000,4.796,0.000,0.396,16.133,10.616,3.825,60.382
Br66_rep4_Dep6_Tu5,0.000,0.000,0.000,0.000,11.720,1.268,3.665,1.005,1.238,16.362,10.500,3.803,50.440
Br66_rep8_Dep6_Tu0.5,0.000,0.000,0.000,0.000,7.720,0.000,5.187,0.000,3.192,10.656,10.027,1.631,61.587
Br66_rep5_Dep6_Tu20,23.521,0.000,0.000,1.801,0.000,0.000,3.481,0.000,0.000,11.224,9.501,2.103,48.369
Br66_rep1_Dep6_Tu3,2.967,0.000,0.727,0.000,4.082,0.000,2.016,0.000,0.000,12.962,15.023,4.771,57.452
Br66_rep10_Dep6_Tu10,10.739,0.000,0.000,0.000,3.151,0.000,2.214,0.941,1.002,15.031,9.189,4.136,53.596
Br66_rep3_Dep6_Tu10,6.490,0.000,0.000,0.000,4.196,0.000,2.703,3.087,0.000,15.944,12.309,1.339,53.932
Br66_rep10_Dep6_Tu40,29.900,0.000,0.000,6.630,0.000,0.000,4.593,2.507,3.762,10.082,6.117,0.000,36.408
Br66_rep1_Dep6_Tu50,42.893,0.000,0.000,9.949,0.000,0.000,0.000,1.678,0.000,10.494,4.724,0.000,30.261
Br66_rep10_Dep6_Tu0.5,0.000,0.000,0.000,0.000,6.244,0.000,3.005,0.000,0.000,15.240,11.466,4.008,60.038
Br66_rep1_Dep6_Tu0.3,0.000,0.000,0.969,0.000,0.200,0.000,2.828,0.000,0.000,14.931,14.561,3.748,62.764
Br66_rep10_Dep6_Tu0.1,0.000,0.000,0.000,0.000,3.346,0.000,2.523,0.142,3.053,14.761,10.942,4.666,60.567
Br66_rep8_Dep6_Tu40,33.426,0.000,0.000,6.893,4.926,0.000,2.279,0.000,0.000,11.407,6.741,1.876,32.452
Br66_rep3_Dep6_Tu20,18.513,0.000,0.000,3.452,0.795,0.000,1.135,0.322,1.761,10.461,10.592,1.896,51.073
Br66_rep9_Dep6_Tu0.3,0.806,0.000,0.000,0.000,3.730,0.000,0.000,0.000,0.201,13.253,13.069,2.801,66.140
Br66_rep7_Dep6_Tu0.3,0.000,0.000,0.000,0.000,2.934,0.000,0.000,0.000,0.000,20.338,12.473,1.891,62.363
Br66_rep5_Dep6_Tu2,0.000,0.000,0.042,0.000,7.447,1.540,0.135,0.000,4.544,13.742,10.055,5.060,57.436
Br66_rep5_Dep6_Tu0.3,0.000,0.972,0.000,0.000,4.540,1.328,2.805,0.000,3.977,13.891,12.857,4.583,55.046
Br66_rep6_Dep6_Tu5,4.872,0.000,1.274,0.000,2.164,0.401,3.061,0.000,2.380,13.564,7.701,2.882,61.702
Br66_rep5_Dep6_Tu3,0.000,0.000,0.000,0.000,10.303,0.000,0.102,0.000,0.000,16.618,8.966,4.885,59.126
Br66_rep1_Dep6_Tu5,5.429,0.000,0.313,0.000,4.439,0.000,2.545,0.000,3.116,11.543,9.636,3.116,59.864
Br66_rep6_Dep6_Tu10,8.227,0.000,1.481,0.000,4.484,0.000,1.706,0.000,0.000,11.578,11.053,4.801,56.670
Br66_rep3_Dep6_Tu5,6.161,0.000,0.000,1.484,2.515,0.000,2.367,0.000,0.488,18.391,7.455,1.135,60.003
Br66_rep1_Dep6_Tu1,0.000,0.000,0.000,0.000,3.465,0.000,3.952,0.000,1.397,14.903,12.385,4.413,59.485
Br66_rep4_Dep6_Tu30,28.810,0.000,0.000,3.524,2.658,0.000,0.000,0.000,1.136,13.957,9.560,0.352,40.003
Br66_rep8_Dep6_Tu20,19.504,0.000,0.289,0.110,3.807,0.000,1.519,6.870,0.000,9.398,5.444,2.705,50.353
Br66_rep4_Dep6_Tu10,9.603,0.000,0.000,0.000,2.396,0.000,0.000,0.000,0.000,16.781,16.828,0.006,54.386
Br66_rep2_Dep6_Tu1,0.000,0.000,0.000,0.000,6.854,0.000,0.692,0.602,0.000,13.868,12.676,5.427,59.881
Br66_rep6_Dep6_Tu2,0.000,0.000,0.000,0.000,9.053,1.234,0.342,0.000,5.712,15.053,9.506,0.000,59.102
Br66_rep6_Dep6_Tu0.5,0.000,0.000,0.000,0.000,4.862,0.000,4.154,0.000,3.473,14.577,11.111,2.255,59.568
Br66_rep5_Dep6_Tu0.1,0.000,0.000,0.000,0.000,5.277,0.000,3.450,0.000,0.000,15.070,13.648,0.025,62.530
Br66_rep2_Dep6_Tu2,0.346,0.000,0.126,0.000,5.136,0.000,2.163,0.000,0.911,15.647,14.506,1.213,59.952
Br66_rep10_Dep6_Tu50,50.767,0.000,0.000,8.071,0.000,0.000,0.000,0.000,0.000,8.764,7.294,0.000,25.103
Br66_rep7_Dep6_Tu3,0.000,0.000,0.000,0.000,7.586,0.000,4.847,0.000,0.000,15.611,11.042,5.205,55.709
Br66_rep7_Dep6_Tu10,6.994,0.000,0.000,0.745,4.909,0.000,3.689,2.784,0.000,11.072,12.714,3.338,53.755
Br66_rep2_Dep6_Tu0.5,0.000,0.000,0.000,0.000,4.089,0.000,1.280,0.206,0.000,16.940,13.613,1.672,62.201
Br66_rep5_Dep6_Tu50,44.928,0.000,0.000,7.925,0.481,0.000,0.000,0.000,0.086,8.660,12.001,2.215,23.705
Br66_rep9_Dep6_Tu20,19.471,0.000,0.000,1.840,2.605,0.000,2.843,0.000,0.976,14.152,8.023,1.840,48.251
Br66_rep8_Dep6_Tu3,2.340,0.000,0.000,1.518,7.068,0.000,0.264,0.000,1.849,12.721,8.864,3.881,61.495
Br66_rep9_Dep6_Tu10,8.233,0.000,0.000,0.168,0.054,0.000,5.406,1.052,0.000,14.256,12.221,3.031,55.579
Br66_rep7_Dep6_Tu2,0.000,0.000,0.982,0.000,1.849,0.352,3.763,0.000,1.935,16.226,8.403,2.880,63.610
Br66_rep6_Dep6_Tu3,0.759,0.000,0.000,0.000,8.273,0.000,4.479,0.000,2.497,13.944,12.775,0.000,57.273
Br66_rep1_Dep6_Tu0.5,0.000,0.000,0.442,0.000,6.222,0.000,3.266,0.000,1.709,15.011,9.558,1.752,62.039
Br66_rep2_Dep6_Tu40,35.503,2.045,0.000,4.401,0.000,0.000,3.928,0.000,0.000,12.094,8.512,0.194,33.324
Br66_rep1_Dep6_Tu2,2.920,0.000,0.000,0.000,5.697,0.000,3.000,0.000,0.000,14.654,11.767,2.153,59.808
Br66_rep8_Dep6_Tu1,0.000,0.000,0.000,0.000,4.601,0.862,0.000,0.000,0.000,15.929,13.123,4.760,60.726
Br66_rep4_Dep6_Tu3,1.987,0.000,0.000,0.000,6.632,0.000,2.064,0.959,1.094,16.774,10.883,2.001,57.606
Br66_rep7_Dep6_Tu40,37.447,0.000,0.000,7.279,1.196,0.000,1.149,0.000,0.000,10.019,6.833,2.836,33.241
Br66_rep7_Dep6_Tu0.5,0.000,0.000,0.000,0.000,7.298,0.000,1.561,0.000,4.454,14.914,10.785,2.031,58.957
Br66_rep2_Dep6_Tu30,34.117,0.000,0.000,5.263,1.678,0.000,0.000,0.000,0.000,6.263,7.641,1.038,44.001
Br66_rep2_Dep6_Tu0.1,0.258,0.000,0.000,0.000,4.004,0.000,2.378,0.200,3.313,16.276,9.461,5.558,58.552
Br66_rep7_Dep6_Tu0.1,0.000,0.000,0.000,0.000,7.377,0.000,1.781,0.296,0.000,14.371,13.990,2.962,59.224
Br66_rep1_Dep6_Tu40,36.909,0.000,0.000,5.704,0.000,0.000,0.000,3.391,0.000,9.435,7.938,1.524,35.099
Br66_rep7_Dep6_Tu5,5.105,0.000,0.123,0.000,5.265,1.296,2.629,0.604,1.085,14.066,11.853,0.422,57.553
Br66_rep4_Dep6_Tu1,0.000,0.000,0.000,0.000,5.434,0.000,6.668,0.000,0.204,15.010,13.409,3.972,55.304
Br66_rep8_Dep6_Tu0.1,0.000,0.000,0.000,0.000,6.903,0.000,6.565,0.263,1.738,11.702,8.985,5.377,58.467
Br66_rep4_Dep6_Tu2,0.000,0.179,0.000,0.000,9.350,0.000,1.856,0.000,0.060,12.809,12.406,4.698,58.643
Br66_rep1_Dep6_Tu0.1,0.000,0.000,0.000,0.000,3.904,0.000,1.941,0.000,1.855,14.299,7.830,1.683,68.488
Br66_rep2_Dep6_Tu10,8.534,0.000,0.000,1.183,2.734,0.000,0.000,0.000,0.000,14.773,13.255,4.611,54.909
Br66_rep4_Dep6_Tu20,14.662,0.000,0.000,6.543,10.439,0.000,2.053,1.185,0.000,7.894,11.918,3.501,41.805
Br66_rep4_Dep6_Tu0.3,0.000,0.000,0.000,0.000,3.149,0.000,3.085,0.000,0.000,17.555,11.861,2.451,61.899
Br66_rep10_Dep6_Tu3,3.598,0.000,0.000,0.145,5.439,1.025,3.082,0.000,0.607,14.017,10.472,2.985,58.630
Br66_rep1_Dep6_Tu20,15.267,0.471,0.000,0.000,5.696,0.000,0.000,0.000,7.652,13.953,8.276,2.720,45.964
Br66_rep6_Dep6_Tu1,0.701,0.853,0.000,0.000,0.553,0.000,5.288,0.000,0.000,17.196,6.435,3.081,65.893
Br66_rep6_Dep6_Tu50,42.112,0.000,0.000,5.688,4.023,0.000,0.000,3.728,0.954,10.571,4.871,0.056,27.997
Br66_rep9_Dep6_Tu3,0.000,0.000,0.000,0.000,8.594,0.000,2.513,1.161,2.791,14.616,12.031,4.106,54.188
Br66_rep3_Dep6_Tu50,48.384,0.000,0.000,3.394,0.000,0.000,0.000,0.000,0.000,8.749,11.956,1.350,26.168
Br66_rep8_Dep6_Tu30,29.032,0.000,0.000,2.351,5.796,0.000,0.000,1.648,0.000,9.101,10.469,1.308,40.295
Br66_rep7_Dep6_Tu20,18.377,0.000,0.000,1.999,8.286,0.000,0.141,1.451,0.000,12.257,10.880,1.489,45.121
Br66_rep3_Dep6_Tu2,0.000,0.000,0.000,0.000,5.578,0.000,4.740,0.000,0.000,11.699,13.670,3.237,61.076
Br66_rep8_Dep6_Tu50,44.058,0.000,1.306,7.217,4.923,0.000,1.239,2.424,0.000,3.434,5.710,2.977,26.712
Br66_rep3_Dep6_Tu3,0.610,0.000,3.047,0.000,2.293,0.000,1.954,1.484,0.114,16.334,11.648,6.579,55.937
Br66_rep3_Dep6_Tu0.3,0.000,0.000,0.000,0.000,8.151,0.000,5.230,0.000,2.690,10.901,9.878,2.146,61.003
Br66_rep8_Dep6_Tu0.3,0.233,0.000,0.000,0.000,3.863,0.000,0.000,0.000,0.267,13.264,13.238,2.792,66.342
Br66_rep3_Dep6_Tu0.1,0.000,0.000,0.000,0.000,9.341,0.000,0.985,0.098,0.000,14.179,15.652,3.095,56.650
Br66_rep10_Dep6_Tu0.3,0.000,0.000,0.000,0.000,4.157,0.000,0.000,0.257,1.899,11.140,13.761,6.296,62.488
Br66_rep2_Dep6_Tu50,41.541,0.000,0.000,7.078,1.898,0.000,0.000,2.310,0.000,6.800,10.095,0.000,30.278
Br66_rep5_Dep6_Tu5,0.000,3.241,0.000,0.000,7.830,0.000,5.037,1.532,1.866,13.825,10.862,3.555,52.252
Br66_rep10_Dep6_Tu20,14.992,0.000,0.000,5.543,4.299,0.206,1.759,0.363,2.472,11.467,7.265,1.985,49.649
Br66_rep7_Dep6_Tu30,30.642,0.000,0.000,0.874,3.661,0.000,0.000,2.777,0.000,6.737,7.304,2.596,45.410
Br66_rep9_Dep6_Tu30,29.885,0.000,0.000,3.363,0.000,0.000,2.207,0.000,0.000,12.775,10.499,3.799,37.472
Br66_rep5_Dep6_Tu40,31.876,0.410,0.000,7.310,0.000,0.000,0.814,1.994,0.000,10.765,9.594,3.122,34.115
Br66_rep8_Dep6_Tu10,13.357,0.000,0.000,0.000,0.000,0.000,5.219,0.000,2.397,10.434,9.823,4.373,54.396
Br66_rep9_Dep6_Tu50,39.243,0.000,0.000,8.867,0.000,0.000,0.000,0.000,0.000,9.204,4.526,2.832,35.328
Br66_rep2_Dep6_Tu0.3,0.000,0.925,0.000,0.000,6.996,0.000,1.893,0.678,0.792,14.601,7.597,3.270,63.248
Br66_rep1_Dep6_Tu10,10.160,0.000,0.000,0.000,2.289,0.000,5.715,0.000,0.496,15.606,11.064,4.596,50.074
Cer77_rep9_Dep6_Tu3,0.000,1.190,0.000,0.000,7.827,0.000,2.241,1.302,2.853,15.251,11.858,4.660,52.819
Cer77_rep5_Dep6_Tu30,9.068,4.846,14.227,8.125,13.946,0.655,1.103,3.201,1.341,9.654,4.681,0.150,29.002
Cer77_rep3_Dep6_Tu30,3.632,14.824,13.625,10.537,11.030,0.000,0.359,0.000,0.000,8.854,2.491,1.978,32.670
Cer77_rep8_Dep6_Tu50,6.210,22.093,18.785,16.833,12.036,0.000,1.134,4.391,0.000,3.699,1.482,0.154,13.182
Cer77_rep1_Dep6_Tu1,0.000,0.000,0.000,0.000,4.591,0.000,3.351,0.000,1.316,15.022,12.246,4.887,58.587
Cer77_rep7_Dep6_Tu3,0.000,0.362,0.584,0.000,10.616,0.000,3.493,0.000,0.000,14.448,10.829,6.244,53.423
Cer77_rep10_Dep6_Tu2,0.000,0.000,0.000,0.785,7.205,0.000,3.790,0.000,0.000,19.067,8.006,2.049,59.098
Cer77_rep2_Dep6_Tu0.5,0.000,0.000,0.000,0.000,4.599,0.000,0.637,0.257,0.012,16.895,13.744,1.535,62.321
Cer77_rep3_Dep6_Tu20,4.774,12.528,9.464,6.381,2.993,0.000,0.197,0.845,0.000,10.869,5.455,1.794,44.700
Cer77_rep1_Dep6_Tu2,2.627,0.000,0.000,0.000,8.257,0.000,2.367,0.000,0.241,14.444,11.764,2.564,57.735
Cer77_rep2_Dep6_Tu5,0.323,6.163,0.000,2.611,5.318,0.000,2.580,0.915,0.664,16.605,5.651,2.731,56.440
Cer77_rep5_Dep6_Tu0.5,0.235,0.000,0.000,0.000,3.400,0.000,3.032,1.016,0.000,11.315,10.064,5.017,65.919
Cer77_rep2_Dep6_Tu50,4.531,14.144,23.623,13.593,15.465,0.000,0.000,1.793,0.000,2.221,3.338,0.000,21.292
Cer77_rep9_Dep6_Tu0.5,0.000,0.000,0.728,0.000,6.515,0.000,1.440,1.342,0.000,13.302,13.904,4.349,58.419
Cer77_rep4_Dep6_Tu10,0.000,7.794,0.911,4.630,5.450,0.000,0.000,0.000,0.000,16.335,12.585,0.233,52.061
Cer77_rep9_Dep6_Tu20,0.058,13.304,9.909,6.328,5.481,0.178,2.456,2.791,0.000,12.062,7.060,2.093,38.279
Cer77_rep3_Dep6_Tu10,1.069,7.151,0.788,4.424,7.800,0.000,2.628,0.870,0.000,14.896,8.796,2.680,48.897
Cer77_rep6_Dep6_Tu5,0.000,0.857,5.405,0.000,6.697,0.942,3.304,0.000,2.310,12.962,7.432,3.166,56.926
Cer77_rep5_Dep6_Tu1,0.532,0.000,0.000,0.000,2.156,0.000,4.394,0.495,2.354,16.865,12.119,4.055,57.031
Cer77_rep5_Dep6_Tu0.3,0.000,1.077,0.000,0.000,4.459,1.068,2.821,0.000,4.025,13.719,12.573,4.808,55.450
Cer77_rep4_Dep6_Tu50,5.295,20.976,21.372,15.522,9.633,0.000,0.000,4.057,0.000,6.220,3.556,0.000,13.367
Cer77_rep6_Dep6_Tu0.3,0.000,0.000,0.000,0.000,3.455,0.000,4.390,0.000,3.112,14.871,13.839,3.593,56.740
Cer77_rep4_Dep6_Tu40,2.381,14.078,18.573,14.256,14.555,0.235,0.000,0.000,0.000,10.318,3.845,0.286,21.473
Cer77_rep10_Dep6_Tu5,5.094,0.000,1.739,2.527,6.647,0.000,1.748,0.510,0.000,15.404,11.258,2.064,53.010
Cer77_rep3_Dep6_Tu1,0.000,0.000,0.000,0.000,6.781,0.000,2.482,0.000,0.000,13.586,13.074,5.118,58.959
Cer77_rep8_Dep6_Tu40,0.000,17.621,18.930,11.970,12.524,0.000,1.637,6.092,0.000,8.041,3.605,0.000,19.580
Cer77_rep7_Dep6_Tu0.3,0.000,0.000,0.000,0.000,3.126,0.000,0.000,0.000,0.000,20.539,12.479,2.067,61.789
Cer77_rep3_Dep6_Tu0.1,0.000,0.000,0.000,0.000,9.476,0.000,0.951,0.124,0.000,14.191,15.587,3.019,56.651
Cer77_rep4_Dep6_Tu0.3,0.000,0.000,0.000,0.000,3.272,0.000,2.715,0.000,0.000,17.311,10.871,2.208,63.624
Cer77_rep6_Dep6_Tu2,0.000,0.230,0.000,0.000,9.814,0.878,0.928,0.000,6.361,14.455,8.512,0.248,58.574
Cer77_rep6_Dep6_Tu20,1.459,12.283,9.184,6.331,7.628,0.000,0.870,2.703,1.426,9.115,7.647,2.892,38.463
Cer77_rep9_Dep6_Tu40,3.535,17.208,17.819,8.905,12.836,0.000,2.206,6.491,0.000,3.481,5.790,0.000,21.728
Cer77_rep6_Dep6_Tu40,1.460,20.578,16.336,10.856,10.507,0.000,0.000,0.954,0.000,9.301,6.609,0.683,22.715
Cer77_rep8_Dep6_Tu5,0.638,1.130,4.545,1.010,8.986,0.000,4.018,0.014,4.359,12.464,9.019,1.552,52.264
