Sample,BRCA,CEAD,CESC,COAD,OV,READ,bcell,cd4tcell,cd8tcell,erythroblast,monocyte,naturalkillercell,neutrophil
Colo_rep2_Dep6_Tu0.5,0.000,3.219,0.006,0.000,1.916,0.014,23.677,0.000,0.285,0.000,5.241,2.153,63.488
Colo_rep2_Dep6_Tu50,0.037,22.860,0.000,39.263,3.207,0.000,4.605,2.258,0.460,0.000,0.373,1.984,24.953
Colo_rep6_Dep6_Tu1,0.000,3.320,0.000,0.000,5.782,0.020,21.896,0.000,0.539,0.000,4.280,0.634,63.528
Colo_rep3_Dep6_Tu2,0.000,0.407,0.013,2.359,7.319,0.000,17.750,0.000,0.573,0.000,6.479,6.403,58.697
Colo_rep7_Dep6_Tu2,0.000,0.220,0.000,4.385,3.879,0.000,20.652,0.000,4.600,0.000,4.499,0.118,61.646
Colo_rep8_Dep6_Tu0.1,0.000,1.930,0.010,0.000,10.747,0.000,13.156,0.236,7.573,0.000,0.896,3.939,61.513
Colo_rep10_Dep6_Tu2,0.000,6.442,0.029,0.035,1.887,0.000,23.004,0.011,0.601,0.000,5.742,1.369,60.881
Colo_rep6_Dep6_Tu3,0.001,0.734,0.000,0.009,5.114,0.000,19.968,0.000,4.290,0.000,8.388,0.097,61.399
Colo_rep9_Dep6_Tu30,0.000,23.587,0.000,21.093,11.279,0.000,7.236,0.022,0.542,0.000,0.193,3.256,32.791
Colo_rep9_Dep6_Tu0.5,0.000,3.376,0.001,0.000,1.870,0.000,30.629,0.228,0.357,0.000,0.232,0.142,63.166
Colo_rep6_Dep6_Tu20,0.000,4.768,0.000,20.749,1.532,0.000,13.896,0.000,10.352,0.000,2.908,0.091,45.704
Colo_rep8_Dep6_Tu30,0.000,20.539,0.000,21.418,2.341,0.000,6.648,0.417,0.816,0.000,10.360,0.151,37.311
Colo_rep3_Dep6_Tu5,0.000,6.792,0.013,1.927,3.937,0.000,24.422,0.129,0.863,0.000,1.023,0.421,60.473
Colo_rep4_Dep6_Tu3,0.004,13.246,0.006,0.194,6.667,0.032,16.047,0.179,3.541,0.000,0.124,0.023,59.938
Colo_rep2_Dep6_Tu10,0.000,10.880,0.004,6.345,1.986,0.000,19.483,0.062,0.755,0.000,4.342,3.889,52.255
Colo_rep3_Dep6_Tu40,0.000,27.205,0.000,29.110,8.225,0.000,2.409,2.935,1.304,0.008,0.418,0.000,28.386
Colo_rep3_Dep6_Tu30,0.000,19.791,0.000,24.633,3.042,0.000,14.077,0.136,1.801,0.030,0.028,0.000,36.463
Colo_rep6_Dep6_Tu30,0.000,15.008,0.000,26.330,11.851,0.000,3.634,2.776,7.414,0.000,0.042,0.000,32.945
Colo_rep4_Dep6_Tu50,0.004,17.313,0.000,36.725,8.862,0.007,1.709,10.988,2.598,0.000,0.157,0.000,21.636
Colo_rep5_Dep6_Tu50,0.000,22.261,0.000,37.110,3.184,0.177,5.133,5.102,1.904,0.000,0.000,2.105,23.024
Colo_rep6_Dep6_Tu2,0.008,1.947,0.071,2.594,15.465,0.000,14.610,0.000,1.505,0.000,0.239,2.359,61.200
Colo_rep10_Dep6_Tu50,0.000,19.939,0.000,38.269,12.183,0.022,2.434,0.462,6.746,0.000,0.000,0.000,19.944
Colo_rep7_Dep6_Tu50,0.000,14.874,0.000,42.389,6.783,0.092,4.248,5.748,1.301,0.000,0.334,0.000,24.230
Colo_rep9_Dep6_Tu40,0.004,26.571,0.000,28.571,9.786,0.097,2.626,1.766,0.564,0.006,0.996,1.747,27.265
Colo_rep8_Dep6_Tu5,0.000,3.919,0.000,2.877,12.301,0.000,13.558,0.000,7.446,0.000,0.090,0.998,58.811
Colo_rep1_Dep6_Tu20,0.000,9.313,0.000,21.089,14.911,0.000,7.396,0.227,4.404,0.000,0.000,0.000,42.660
Colo_rep9_Dep6_Tu2,0.005,4.547,0.000,0.348,4.066,0.000,28.885,0.119,0.220,0.000,0.076,0.576,61.158
Colo_rep5_Dep6_Tu30,0.000,8.184,0.000,27.816,7.735,0.028,15.283,2.737,1.683,0.000,0.308,0.504,35.722
Colo_rep4_Dep6_Tu0.1,0.000,0.163,0.007,0.000,7.195,0.000,17.974,0.000,0.543,0.000,8.420,3.856,61.841
Colo_rep5_Dep6_Tu0.1,0.000,3.806,0.007,0.000,2.325,0.000,19.727,0.000,0.403,0.000,11.174,0.221,62.336
Colo_rep9_Dep6_Tu3,0.000,14.679,0.109,0.038,8.844,0.000,12.954,0.000,1.841,0.000,0.063,3.129,58.343
Colo_rep2_Dep6_Tu0.1,0.000,12.421,0.000,0.000,5.879,0.000,15.544,0.000,5.286,0.000,0.078,0.158,60.634
Colo_rep8_Dep6_Tu10,0.000,8.003,0.000,6.436,9.031,0.037,5.539,0.000,10.007,0.008,7.522,0.050,53.366
Colo_rep4_Dep6_Tu30,0.000,19.351,0.000,25.356,1.663,0.080,15.144,0.256,1.427,0.000,0.000,0.315,36.406
Colo_rep2_Dep6_Tu2,0.000,0.280,0.000,2.419,6.290,0.002,21.106,0.000,1.490,0.000,7.478,0.172,60.763
Colo_rep1_Dep6_Tu5,0.000,0.343,0.075,4.780,3.600,0.000,19.458,0.000,6.147,0.000,6.257,0.000,59.340
Colo_rep8_Dep6_Tu50,0.000,21.705,0.000,39.055,10.274,0.000,0.835,0.678,6.244,0.000,0.183,0.000,21.027
Colo_rep5_Dep6_Tu5,0.004,3.907,0.002,2.546,12.812,0.000,14.873,0.000,9.551,0.000,0.042,0.706,55.557
Colo_rep6_Dep6_Tu50,0.000,18.482,0.000,40.627,13.812,0.030,1.853,1.738,1.604,0.000,0.000,1.021,20.834
Colo_rep5_Dep6_Tu0.5,0.000,3.840,0.000,0.000,1.763,0.000,24.657,0.000,0.127,0.000,5.593,0.224,63.795
Colo_rep4_Dep6_Tu20,0.000,14.047,0.000,17.940,5.520,0.000,8.851,0.000,10.499,0.000,0.041,0.000,43.101
Colo_rep8_Dep6_Tu40,0.000,19.526,0.000,30.794,2.565,0.000,9.764,7.026,0.173,0.000,0.357,0.085,29.710
Colo_rep7_Dep6_Tu0.3,0.000,2.424,0.002,0.000,4.112,0.092,28.239,0.000,0.300,0.000,1.551,0.191,63.089
Colo_rep7_Dep6_Tu30,0.000,16.781,0.000,24.965,2.059,0.000,15.175,3.448,0.279,0.000,0.516,0.350,36.426
Colo_rep10_Dep6_Tu20,0.000,12.551,0.000,15.795,8.003,0.000,2.552,0.141,11.432,0.000,6.159,0.000,43.366
Colo_rep9_Dep6_Tu10,0.000,17.935,0.000,2.907,8.867,0.000,11.229,0.176,0.336,0.000,0.102,6.627,51.821
Colo_rep9_Dep6_Tu0.1,0.000,1.176,0.119,0.000,13.647,0.000,12.798,0.000,9.820,0.000,0.194,2.285,59.960
Colo_rep10_Dep6_Tu0.3,0.009,1.197,0.044,0.465,15.343,0.000,15.447,0.000,2.232,0.000,0.246,2.285,62.732
Colo_rep8_Dep6_Tu20,0.000,21.052,0.004,13.135,6.527,0.050,7.510,0.747,0.939,0.000,0.059,6.025,43.953
Colo_rep3_Dep6_Tu3,0.003,6.647,0.341,0.316,4.709,0.356,21.351,0.000,3.409,0.000,2.725,0.151,59.992
Colo_rep4_Dep6_Tu2,0.000,12.611,0.000,0.072,8.968,0.000,15.204,0.000,2.488,0.000,0.962,0.058,59.636
Colo_rep10_Dep6_Tu0.1,0.000,1.807,0.008,0.000,12.055,0.000,7.656,0.000,8.897,0.000,4.960,3.763,60.854
Colo_rep4_Dep6_Tu0.3,0.000,2.262,0.004,0.000,6.575,0.000,22.275,0.000,1.150,0.000,2.992,1.623,63.119
Colo_rep9_Dep6_Tu0.3,0.000,1.411,0.000,0.000,1.683,0.000,21.177,0.305,0.135,0.000,8.369,2.037,64.883
Colo_rep1_Dep6_Tu10,0.003,5.502,0.000,6.908,14.905,0.000,12.896,0.000,9.060,0.000,0.090,0.822,49.813
Colo_rep6_Dep6_Tu0.3,0.000,13.192,0.815,0.000,9.508,0.000,12.712,0.000,1.508,0.000,0.268,1.743,60.254
Colo_rep6_Dep6_Tu0.5,0.000,1.566,0.141,0.000,11.371,0.000,10.709,0.000,10.464,0.000,0.818,3.886,61.045
Colo_rep10_Dep6_Tu10,0.000,6.035,0.011,7.591,10.416,0.000,7.991,5.140,7.213,0.000,0.554,3.298,51.751
Colo_rep10_Dep6_Tu1,0.004,1.721,0.017,0.000,13.641,0.000,13.801,0.000,9.567,0.000,0.110,2.294,58.843
Colo_rep10_Dep6_Tu5,0.000,13.945,0.000,0.425,5.361,0.009,15.660,0.000,7.109,0.000,0.123,0.000,57.368
Colo_rep10_Dep6_Tu40,0.000,10.253,0.000,23.842,3.402,28.599,3.938,0.039,0.585,0.000,0.208,0.737,28.397
Colo_rep10_Dep6_Tu0.5,0.000,1.734,0.015,0.000,15.061,0.000,15.166,0.000,8.419,0.000,0.112,0.605,58.887
Colo_rep1_Dep6_Tu1,0.000,1.284,0.013,0.000,11.720,0.000,10.439,0.000,10.059,0.000,1.067,4.883,60.534
Colo_rep7_Dep6_Tu20,0.000,12.490,0.000,16.414,1.848,0.030,21.944,2.008,0.243,0.000,0.305,0.000,44.717
Colo_rep6_Dep6_Tu10,0.000,17.479,0.006,3.843,8.577,0.000,13.058,0.000,1.514,0.000,0.600,0.315,54.608
Colo_rep10_Dep6_Tu3,0.009,5.119,0.000,0.777,1.593,0.011,23.390,0.000,0.867,0.000,5.543,0.934,61.756
Colo_rep1_Dep6_Tu30,0.000,20.302,0.000,25.003,1.560,0.326,9.850,0.000,0.646,0.000,0.208,6.227,35.879
Colo_rep1_Dep6_Tu0.1,0.000,1.593,0.000,0.000,1.660,0.000,20.408,0.148,0.102,0.000,9.956,0.493,65.639
Colo_rep7_Dep6_Tu5,0.002,0.811,0.005,5.348,8.346,0.000,17.657,0.100,0.386,0.004,7.002,3.914,56.424
Colo_rep7_Dep6_Tu0.1,0.000,3.329,0.009,0.000,1.957,0.000,30.063,0.459,0.264,0.000,0.600,0.084,63.236
Colo_rep6_Dep6_Tu40,0.000,21.832,0.001,31.894,5.235,0.000,10.953,0.316,0.713,0.000,0.000,0.050,29.006
Colo_rep8_Dep6_Tu2,0.000,13.531,0.000,0.042,10.767,0.000,12.509,0.046,0.231,0.000,0.245,5.508,57.120
Colo_rep7_Dep6_Tu0.5,0.000,0.364,0.000,0.000,2.039,0.000,21.411,0.000,7.593,0.000,5.506,0.089,62.997
Colo_rep5_Dep6_Tu20,0.000,11.338,0.000,15.177,11.906,0.097,2.411,0.059,8.750,0.000,5.594,2.579,42.088
Colo_rep8_Dep6_Tu0.3,0.000,1.457,0.000,0.000,1.693,0.000,21.146,0.362,0.155,0.000,8.345,2.007,64.835
Colo_rep4_Dep6_Tu5,0.000,3.921,0.012,3.003,15.845,0.000,15.393,0.322,6.427,0.000,0.083,0.173,54.820
Colo_rep9_Dep6_Tu1,0.000,5.227,0.030,0.000,2.325,0.000,20.118,0.000,0.405,0.000,10.851,0.073,60.971
Colo_rep1_Dep6_Tu0.5,0.000,0.500,0.157,0.000,5.486,0.000,22.585,0.000,1.943,0.000,3.859,3.526,61.944
Colo_rep8_Dep6_Tu3,0.002,15.048,0.000,0.034,4.259,0.038,14.069,0.000,6.853,0.000,0.059,0.020,59.617
Colo_rep5_Dep6_Tu0.3,0.000,1.995,0.023,0.061,15.649,0.000,16.174,0.000,6.769,0.000,0.106,0.300,58.922
Colo_rep2_Dep6_Tu30,0.000,15.448,0.000,22.128,1.491,0.000,6.376,15.208,0.003,0.000,0.955,0.655,37.736
Colo_rep7_Dep6_Tu10,0.000,8.131,0.000,6.922,1.571,0.000,27.817,0.242,0.381,0.000,0.150,0.041,54.746
Colo_rep2_Dep6_Tu40,0.000,17.622,0.000,29.174,11.124,0.017,1.025,1.745,3.610,0.000,5.127,2.752,27.804
Colo_rep3_Dep6_Tu0.1,0.000,14.144,0.002,0.000,9.275,0.000,12.532,0.114,0.091,0.001,0.533,4.968,58.341
Colo_rep3_Dep6_Tu1,0.000,13.282,0.000,0.000,9.818,0.000,12.319,0.000,0.293,0.000,0.691,4.906,58.690
Colo_rep8_Dep6_Tu1,0.000,12.832,0.000,0.000,9.559,0.000,13.801,0.000,2.284,0.000,1.309,0.241,59.974
Colo_rep4_Dep6_Tu1,0.000,2.238,0.063,0.000,15.038,0.055,15.007,0.000,8.851,0.000,0.117,0.162,58.468
Colo_rep5_Dep6_Tu40,0.000,17.374,0.000,30.430,6.338,0.000,2.375,10.709,2.653,0.009,0.099,2.288,27.727
Colo_rep5_Dep6_Tu10,0.000,16.794,0.000,3.790,9.071,0.148,12.820,0.000,1.704,0.000,0.055,2.912,52.705
Colo_rep2_Dep6_Tu0.3,0.000,13.761,0.000,0.000,4.418,0.000,14.626,0.000,6.076,0.000,0.106,0.107,60.906
Colo_rep10_Dep6_Tu30,0.016,19.099,0.000,26.557,1.355,0.003,13.926,0.429,0.624,0.000,0.472,0.409,37.110
Colo_rep1_Dep6_Tu40,0.000,27.436,0.000,30.032,3.159,0.002,2.551,0.121,8.003,0.027,0.076,0.000,28.594
Colo_rep6_Dep6_Tu0.1,0.000,0.190,0.000,0.000,5.719,0.000,20.238,0.000,2.612,0.000,8.791,0.090,62.358
Colo_rep7_Dep6_Tu40,0.003,26.923,0.000,29.119,8.850,0.000,4.245,0.067,0.973,0.000,1.518,1.219,27.083
Colo_rep1_Dep6_Tu50,0.007,26.707,0.000,37.287,5.131,0.051,1.927,0.313,6.177,0.000,0.102,0.000,22.298
Colo_rep1_Dep6_Tu0.3,0.000,0.272,0.017,1.818,8.583,0.000,17.436,0.069,0.260,0.000,6.827,5.577,59.141
Colo_rep9_Dep6_Tu20,0.000,7.515,0.000,19.868,2.858,0.000,13.450,0.229,1.138,0.000,0.339,9.020,45.583
Colo_rep4_Dep6_Tu10,0.000,9.691,0.000,7.401,3.391,0.108,24.803,0.000,0.242,0.000,0.484,0.000,53.879
Colo_rep6_Dep6_Tu5,0.000,0.255,0.000,6.418,3.840,0.000,20.847,0.000,5.370,0.000,3.372,0.031,59.867
Colo_rep9_Dep6_Tu5,0.000,4.306,0.731,2.189,13.569,0.000,20.346,0.000,1.576,0.000,0.372,0.246,56.664
Colo_rep3_Dep6_Tu50,0.000,15.518,0.000,40.835,7.589,1.083,5.386,1.082,1.703,0.000,2.575,0.000,24.230
Colo_rep5_Dep6_Tu1,0.000,2.621,0.509,0.000,13.744,0.000,21.361,0.000,1.102,0.000,0.324,0.359,59.980
Colo_rep5_Dep6_Tu3,0.008,5.734,0.000,1.331,1.765,0.001,26.706,0.345,0.131,0.000,1.880,0.097,62.001
Colo_rep2_Dep6_Tu1,0.000,3.237,0.002,0.000,6.862,0.000,23.040,0.000,1.056,0.000,0.791,1.981,63.032
Colo_rep7_Dep6_Tu1,0.000,4.469,0.000,0.000,1.937,0.000,26.953,0.000,0.218,0.000,2.437,0.549,63.437
Colo_rep5_Dep6_Tu2,0.000,1.738,0.039,2.471,14.258,0.000,14.516,0.000,4.118,0.000,0.030,2.635,60.195
Colo_rep4_Dep6_Tu40,0.000,20.599,0.000,32.362,4.626,0.000,12.452,0.600,0.449,0.000,0.045,0.000,28.866
Colo_rep2_Dep6_Tu20,0.000,5.242,0.000,20.224,2.934,0.000,13.123,0.485,1.645,0.000,2.070,8.427,45.852
Colo_rep4_Dep6_Tu0.5,0.000,1.954,0.000,0.000,15.375,0.000,13.979,0.000,7.956,0.000,0.604,0.430,59.702
Colo_rep2_Dep6_Tu5,0.000,15.113,0.000,0.217,3.912,0.159,14.427,0.000,7.132,0.000,0.021,0.058,58.962
Colo_rep2_Dep6_Tu3,0.000,5.569,0.001,0.667,7.804,0.000,22.753,0.000,0.930,0.000,0.115,1.393,60.767
Colo_rep3_Dep6_Tu10,0.008,1.425,0.000,10.541,7.471,0.000,14.609,0.000,0.827,0.000,8.877,3.221,53.020
Colo_rep8_Dep6_Tu0.5,0.000,0.525,2.737,0.000,3.118,0.000,19.682,0.000,1.862,0.000,4.560,5.630,61.885
Colo_rep7_Dep6_Tu3,0.002,3.180,0.025,1.091,14.294,0.000,15.036,0.000,8.983,0.000,0.026,0.828,56.534
Colo_rep3_Dep6_Tu0.5,0.000,13.300,1.430,0.000,9.406,0.000,12.550,0.000,1.410,0.000,0.243,1.722,59.938
Colo_rep3_Dep6_Tu20,0.000,14.656,0.000,16.397,1.925,0.044,12.069,2.563,0.207,0.000,6.213,0.615,45.312
Colo_rep1_Dep6_Tu2,0.003,4.560,0.004,0.000,1.727,4.591,18.953,0.000,0.668,0.000,10.196,0.070,59.228
Colo_rep9_Dep6_Tu50,0.004,24.564,0.000,39.908,4.091,0.020,7.110,0.446,0.293,0.000,0.499,0.000,23.064
Colo_rep3_Dep6_Tu0.3,0.000,0.464,2.052,0.000,3.165,0.000,19.856,0.000,1.960,0.000,4.648,5.704,62.152
Colo_rep1_Dep6_Tu3,0.018,0.484,0.000,2.376,7.419,0.000,17.285,0.000,0.439,0.000,7.510,5.501,58.968
