Sample,BRCA,CEAD,CESC,COAD,OV,READ,bcell,cd4tcell,cd8tcell,erythroblast,monocyte,naturalkillercell,neutrophil
Colo_rep2_Dep6_Tu0.5,0.000,0.350,0.000,0.000,5.942,0.000,2.450,0.005,2.024,13.737,8.058,3.402,64.032
Colo_rep2_Dep6_Tu50,0.106,3.785,0.000,1.030,5.990,30.292,3.612,2.253,1.906,9.700,6.647,2.426,32.254
Colo_rep6_Dep6_Tu1,0.000,1.041,0.000,0.000,4.464,0.000,2.709,0.000,3.021,14.155,8.281,3.091,63.237
Colo_rep3_Dep6_Tu2,0.000,0.830,0.000,0.000,4.604,1.548,2.855,0.000,2.893,12.952,8.889,3.578,61.851
Colo_rep7_Dep6_Tu2,0.000,0.000,0.455,0.000,3.737,0.647,2.504,0.000,1.687,16.186,8.922,3.026,62.835
Colo_rep8_Dep6_Tu0.1,0.000,1.297,0.171,0.000,4.639,0.008,3.892,1.923,0.993,13.144,9.496,2.458,61.979
Colo_rep10_Dep6_Tu2,0.000,0.241,1.036,0.000,5.359,0.637,2.481,2.329,0.000,14.600,7.601,3.726,61.989
Colo_rep6_Dep6_Tu3,0.000,0.000,0.000,0.000,5.515,1.040,4.824,0.000,3.661,12.863,7.831,2.661,61.605
Colo_rep9_Dep6_Tu30,0.000,3.073,0.000,0.000,7.010,19.126,1.806,0.000,2.316,13.438,7.437,2.896,42.897
Colo_rep9_Dep6_Tu0.5,0.000,0.000,0.000,0.000,5.464,0.000,2.184,2.210,1.030,15.254,8.325,2.514,63.019
Colo_rep6_Dep6_Tu20,0.000,0.503,0.741,0.000,5.760,13.833,2.362,0.374,6.045,8.780,7.538,3.424,50.641
Colo_rep8_Dep6_Tu30,0.000,0.311,0.258,0.436,9.316,17.568,2.911,3.205,1.675,9.960,9.189,1.781,43.391
Colo_rep3_Dep6_Tu5,0.000,0.000,0.626,0.097,6.782,2.983,2.179,0.000,2.788,13.788,7.580,3.479,59.698
Colo_rep4_Dep6_Tu3,0.000,2.568,0.000,0.473,4.361,1.041,2.629,3.150,1.641,12.197,8.287,1.901,61.750
Colo_rep2_Dep6_Tu10,0.000,0.000,0.808,0.000,6.476,6.906,1.527,1.723,2.480,12.318,8.435,3.353,55.974
Colo_rep3_Dep6_Tu40,0.845,2.365,0.000,0.000,5.676,25.112,0.263,8.306,1.743,8.883,8.251,0.846,37.710
Colo_rep3_Dep6_Tu30,1.365,0.680,0.000,0.000,6.799,19.298,1.743,2.465,4.650,9.543,8.603,1.812,43.041
Colo_rep6_Dep6_Tu30,0.000,0.783,0.000,0.000,9.353,19.692,3.118,0.883,8.213,8.059,6.614,0.319,42.965
Colo_rep4_Dep6_Tu50,1.007,2.825,0.000,0.968,4.462,31.030,3.236,2.000,5.451,10.220,5.563,0.000,33.238
Colo_rep5_Dep6_Tu50,0.000,0.902,0.000,0.000,8.749,30.773,1.163,3.453,2.443,12.130,7.920,2.257,30.209
Colo_rep6_Dep6_Tu2,0.000,2.007,0.000,0.000,2.621,1.640,3.345,0.000,2.421,14.222,9.430,2.660,61.653
Colo_rep10_Dep6_Tu50,0.000,1.888,0.396,0.374,8.177,31.033,1.728,1.539,6.084,9.633,7.463,1.137,30.547
Colo_rep7_Dep6_Tu50,0.000,1.403,0.000,0.000,7.035,31.350,2.296,5.865,1.938,8.865,7.032,1.518,32.696
Colo_rep9_Dep6_Tu40,0.525,4.183,0.000,0.476,5.738,24.705,2.024,3.480,2.242,9.046,6.909,1.813,38.858
Colo_rep8_Dep6_Tu5,0.575,0.604,0.000,0.000,7.338,3.065,2.145,0.000,2.949,11.276,8.772,3.463,59.813
Colo_rep1_Dep6_Tu20,0.000,0.742,0.000,0.010,7.279,13.183,0.479,0.000,6.926,11.744,9.075,0.876,49.687
Colo_rep9_Dep6_Tu2,0.000,0.000,0.000,0.000,5.234,1.032,2.704,0.343,1.688,15.061,8.149,3.230,62.558
Colo_rep5_Dep6_Tu30,0.000,1.431,0.000,0.000,8.675,17.667,1.378,3.474,0.000,14.940,8.360,2.062,42.014
Colo_rep4_Dep6_Tu0.1,0.226,1.027,0.000,0.000,1.994,0.000,4.115,0.000,1.971,14.299,8.758,3.702,63.908
Colo_rep5_Dep6_Tu0.1,0.000,0.008,0.796,0.000,4.545,0.000,2.945,0.667,2.461,12.994,9.270,2.667,63.647
Colo_rep9_Dep6_Tu3,0.000,0.293,0.153,0.481,7.870,0.692,0.553,0.497,3.896,13.571,8.785,2.622,60.586
Colo_rep2_Dep6_Tu0.1,0.000,1.337,0.000,0.000,7.437,0.000,1.378,0.430,2.213,12.536,8.994,3.437,62.237
Colo_rep8_Dep6_Tu10,0.000,1.940,0.000,0.572,4.830,5.746,3.391,0.000,5.589,11.113,8.750,1.614,56.456
Colo_rep4_Dep6_Tu30,0.000,1.268,0.000,0.000,7.252,18.480,1.522,0.000,4.742,15.749,6.827,1.141,43.019
Colo_rep2_Dep6_Tu2,0.833,0.609,0.000,0.000,3.443,1.167,3.755,0.000,0.760,15.991,9.868,2.618,60.954
Colo_rep1_Dep6_Tu5,0.000,2.006,0.183,0.000,5.472,3.025,3.696,0.000,1.779,12.746,8.549,2.939,59.605
Colo_rep8_Dep6_Tu50,1.682,1.807,0.000,0.812,7.641,30.720,2.686,0.000,9.005,7.062,6.521,0.884,31.180
Colo_rep5_Dep6_Tu5,0.319,1.175,0.000,0.000,7.434,3.115,2.338,0.000,6.040,10.581,8.259,1.757,58.983
Colo_rep6_Dep6_Tu50,0.000,1.272,0.000,0.000,8.550,32.495,0.524,2.993,3.548,8.607,8.991,1.462,31.559
Colo_rep5_Dep6_Tu0.5,0.000,0.000,0.000,0.000,6.076,0.000,3.264,0.000,0.000,15.437,8.093,3.396,63.735
Colo_rep4_Dep6_Tu20,0.000,2.063,0.000,0.000,6.635,12.294,2.099,0.000,4.047,13.050,6.865,2.664,50.283
Colo_rep8_Dep6_Tu40,0.000,1.667,0.000,0.013,8.136,24.771,3.142,4.246,0.000,10.920,7.143,2.129,37.834
Colo_rep7_Dep6_Tu0.3,0.000,1.636,0.000,0.000,4.158,0.000,2.298,0.000,2.467,13.726,8.845,2.776,64.095
Colo_rep7_Dep6_Tu30,0.685,0.877,0.000,0.000,7.144,19.252,1.971,2.648,3.704,10.658,7.518,2.335,43.208
Colo_rep10_Dep6_Tu20,0.592,1.756,0.000,0.297,6.036,12.078,2.781,0.769,7.104,9.680,7.827,1.139,49.943
Colo_rep9_Dep6_Tu10,0.000,0.000,0.000,0.000,8.354,5.740,2.494,0.648,2.095,13.133,8.579,3.046,55.913
Colo_rep9_Dep6_Tu0.1,0.000,0.665,0.514,0.000,6.184,0.045,1.773,0.000,6.601,10.447,9.230,3.048,61.495
Colo_rep10_Dep6_Tu0.3,0.000,1.348,0.000,0.000,2.820,0.294,3.421,0.000,2.630,14.300,9.630,2.712,62.844
Colo_rep8_Dep6_Tu20,0.000,2.901,0.000,0.724,7.609,12.020,0.014,3.837,0.000,13.153,6.903,2.700,50.139
Colo_rep3_Dep6_Tu3,0.000,1.641,1.146,0.000,2.795,0.651,3.845,0.000,5.122,14.439,7.565,1.396,61.402
Colo_rep4_Dep6_Tu2,0.000,1.668,0.000,0.000,7.927,1.242,2.364,0.000,4.814,9.529,8.708,1.994,61.755
Colo_rep10_Dep6_Tu0.1,0.000,1.626,0.469,0.000,6.260,0.000,2.732,0.000,3.255,11.545,9.190,2.842,62.081
Colo_rep4_Dep6_Tu0.3,0.000,0.000,0.539,0.000,4.587,0.000,2.394,0.000,4.757,14.468,7.768,2.755,62.732
Colo_rep9_Dep6_Tu0.3,0.000,0.000,0.000,0.000,3.665,0.000,4.327,0.732,0.000,15.675,7.485,3.072,65.044
Colo_rep1_Dep6_Tu10,0.000,1.679,0.000,0.000,5.950,6.065,1.574,0.000,4.827,13.576,8.710,2.186,55.433
Colo_rep6_Dep6_Tu0.3,0.000,0.000,0.543,0.000,4.867,0.000,2.626,0.000,4.514,12.614,9.292,2.050,63.494
Colo_rep6_Dep6_Tu0.5,0.000,0.156,0.792,0.000,6.758,0.000,2.164,0.000,4.002,13.184,7.632,2.078,63.232
Colo_rep10_Dep6_Tu10,0.000,0.802,0.088,0.000,5.695,6.388,3.611,5.685,0.000,9.653,8.835,3.125,56.117
Colo_rep10_Dep6_Tu1,0.000,0.659,0.067,0.000,5.486,0.416,1.617,0.000,4.781,12.836,9.619,3.095,61.426
Colo_rep10_Dep6_Tu5,0.000,2.149,0.000,0.000,8.343,2.959,2.247,0.000,4.893,11.196,7.821,1.784,58.609
Colo_rep10_Dep6_Tu40,0.402,4.484,0.508,0.217,3.993,24.729,1.731,0.000,3.151,12.187,7.153,3.143,38.303
Colo_rep10_Dep6_Tu0.5,0.000,1.395,0.000,0.000,5.937,0.000,2.601,0.000,3.682,12.379,9.164,2.687,62.156
Colo_rep1_Dep6_Tu1,0.000,0.000,0.467,0.000,6.534,0.083,2.250,0.000,2.368,13.667,8.900,3.884,61.846
Colo_rep7_Dep6_Tu20,0.000,1.521,0.000,0.000,5.584,12.803,2.875,2.612,3.110,11.670,8.552,1.127,50.146
Colo_rep6_Dep6_Tu10,0.000,1.740,0.921,0.000,5.273,7.437,2.790,0.000,1.458,10.773,8.485,3.549,57.575
Colo_rep10_Dep6_Tu3,0.000,0.089,0.033,0.376,4.499,1.075,2.789,0.262,4.422,14.158,8.128,2.109,62.060
Colo_rep1_Dep6_Tu30,0.451,2.643,0.000,0.000,7.384,19.458,2.710,0.000,2.018,11.332,5.974,4.407,43.624
Colo_rep1_Dep6_Tu0.1,0.000,0.000,0.000,0.000,4.481,0.000,3.920,0.000,0.787,14.808,8.277,3.215,64.512
Colo_rep7_Dep6_Tu5,2.301,0.000,0.000,0.000,5.023,2.781,3.383,1.096,0.062,12.824,9.776,3.201,59.551
Colo_rep7_Dep6_Tu0.1,0.000,0.073,0.000,0.067,4.094,0.000,2.983,2.923,1.497,13.396,8.592,2.190,64.184
Colo_rep6_Dep6_Tu40,0.000,0.000,0.170,0.625,8.024,25.034,0.000,3.842,2.990,12.250,8.669,1.901,36.495
Colo_rep8_Dep6_Tu2,0.000,0.447,0.000,0.000,5.439,0.506,2.543,0.591,1.575,14.021,9.881,3.642,61.355
Colo_rep7_Dep6_Tu0.5,0.000,2.438,0.000,0.000,5.907,0.068,2.980,0.000,2.670,11.439,6.721,4.414,63.363
Colo_rep5_Dep6_Tu20,0.000,4.400,0.000,0.000,6.662,11.863,2.560,0.000,3.464,10.184,8.711,3.222,48.933
Colo_rep8_Dep6_Tu0.3,0.000,0.000,0.025,0.000,3.316,0.000,4.283,1.325,0.000,15.348,7.483,3.078,65.141
Colo_rep4_Dep6_Tu5,0.518,0.656,0.509,0.000,5.246,2.443,2.505,4.265,1.992,11.711,8.804,2.302,59.050
Colo_rep9_Dep6_Tu1,0.490,0.000,0.996,0.000,5.380,0.000,3.215,0.000,2.581,13.766,8.736,2.128,62.708
Colo_rep1_Dep6_Tu0.5,0.000,0.242,1.260,0.000,4.306,0.000,2.109,0.385,2.312,14.939,8.957,2.346,63.141
Colo_rep8_Dep6_Tu3,0.000,2.538,0.000,0.000,5.257,0.220,1.724,0.619,4.540,14.693,7.441,1.683,61.285
Colo_rep5_Dep6_Tu0.3,0.000,0.000,0.000,0.000,6.434,0.469,2.505,0.317,4.212,12.691,8.771,2.753,61.848
Colo_rep2_Dep6_Tu30,0.000,0.000,0.000,0.000,7.017,19.731,1.560,5.944,0.000,12.078,6.832,1.776,45.062
Colo_rep7_Dep6_Tu10,0.000,0.000,0.052,0.000,4.852,5.836,2.449,2.072,2.305,14.329,8.780,2.237,57.089
Colo_rep2_Dep6_Tu40,1.125,3.515,0.000,0.000,6.526,25.646,3.083,3.490,1.602,7.827,5.692,2.684,38.808
Colo_rep3_Dep6_Tu0.1,0.000,1.397,0.000,0.000,7.284,0.000,1.701,2.170,1.185,11.581,9.996,2.524,62.162
Colo_rep3_Dep6_Tu1,0.000,0.000,0.000,0.000,5.954,0.315,3.257,0.108,1.762,12.895,8.908,3.993,62.809
Colo_rep8_Dep6_Tu1,1.007,0.284,0.000,0.000,5.444,0.000,3.993,0.129,1.336,12.517,9.630,3.008,62.651
Colo_rep4_Dep6_Tu1,0.000,3.330,0.000,0.000,6.420,0.000,1.267,0.000,1.934,11.838,10.269,3.214,61.727
Colo_rep5_Dep6_Tu40,1.491,0.514,0.141,0.000,6.309,26.303,3.152,3.018,4.656,7.822,6.696,2.010,37.888
Colo_rep5_Dep6_Tu10,0.000,3.490,0.000,0.000,5.486,5.443,2.037,0.000,4.085,11.044,9.477,1.950,56.988
Colo_rep2_Dep6_Tu0.3,0.000,2.171,0.179,0.000,4.489,0.000,1.365,2.673,1.555,12.943,8.108,3.155,63.362
Colo_rep10_Dep6_Tu30,0.274,1.966,0.000,1.054,6.999,18.922,1.765,1.249,4.870,10.319,6.160,1.394,45.027
Colo_rep1_Dep6_Tu40,0.096,4.102,0.000,0.096,6.493,25.564,4.342,0.000,7.327,7.730,6.520,0.205,37.524
Colo_rep6_Dep6_Tu0.1,0.193,0.000,0.000,0.000,2.626,0.000,3.829,0.000,4.645,16.048,8.112,1.480,63.068
Colo_rep7_Dep6_Tu40,0.000,1.381,0.000,0.573,6.458,25.303,1.997,0.000,4.799,13.660,6.150,1.766,37.912
Colo_rep1_Dep6_Tu50,1.039,2.574,0.000,0.714,8.334,32.248,2.858,0.000,9.002,4.809,5.837,1.082,31.503
Colo_rep1_Dep6_Tu0.3,0.000,0.276,0.666,0.000,3.706,0.000,2.505,1.193,0.864,14.562,10.966,2.881,62.382
Colo_rep9_Dep6_Tu20,0.000,0.273,0.000,0.000,9.340,12.673,1.471,1.569,2.243,11.494,7.240,3.558,50.138
Colo_rep4_Dep6_Tu10,0.000,2.782,0.000,0.000,4.880,6.354,2.073,0.000,2.750,13.907,9.035,1.490,56.729
Colo_rep6_Dep6_Tu5,0.000,0.000,0.353,0.000,3.624,2.045,2.732,0.000,3.155,17.296,8.633,1.976,60.186
Colo_rep9_Dep6_Tu5,0.262,2.014,0.000,0.000,4.992,2.211,2.343,0.204,2.374,14.353,9.507,2.725,59.015
Colo_rep3_Dep6_Tu50,1.544,2.161,0.000,0.000,5.105,31.053,2.425,1.362,6.583,10.236,7.171,0.311,32.048
Colo_rep5_Dep6_Tu1,0.063,1.543,0.000,0.000,4.829,0.000,2.465,0.000,2.401,13.818,10.006,3.294,61.581
Colo_rep5_Dep6_Tu3,0.000,1.282,0.000,0.751,3.893,0.700,3.465,1.588,0.000,16.156,7.410,2.435,62.321
Colo_rep2_Dep6_Tu1,0.000,1.466,0.000,0.000,4.356,0.000,2.653,0.000,1.681,14.614,9.834,2.978,62.418
Colo_rep7_Dep6_Tu1,0.000,0.704,0.000,0.000,5.688,0.000,2.332,0.000,0.565,16.325,7.673,3.324,63.390
Colo_rep5_Dep6_Tu2,0.000,0.574,0.000,0.000,5.414,1.965,1.808,1.514,3.206,10.755,8.875,3.120,62.771
Colo_rep4_Dep6_Tu40,0.000,0.923,0.000,0.215,7.853,25.722,2.057,2.223,3.492,12.344,7.696,0.898,36.577
Colo_rep2_Dep6_Tu20,0.000,0.000,0.000,0.000,6.968,12.325,3.657,1.068,3.978,12.047,6.412,2.150,51.396
Colo_rep4_Dep6_Tu0.5,0.602,1.620,0.000,0.000,5.447,0.284,2.139,0.000,2.405,12.737,9.137,3.656,61.973
Colo_rep2_Dep6_Tu5,0.654,4.303,0.236,0.000,4.641,1.574,0.715,0.000,4.069,13.842,6.907,2.792,60.267
Colo_rep2_Dep6_Tu3,0.000,0.075,0.000,0.000,6.389,1.234,1.728,3.666,0.000,12.869,9.725,3.484,60.830
Colo_rep3_Dep6_Tu10,1.669,0.000,0.222,0.000,3.023,5.550,4.909,0.000,3.379,13.934,8.023,2.498,56.793
Colo_rep8_Dep6_Tu0.5,0.000,0.000,0.742,0.000,5.204,0.000,2.984,0.000,2.047,12.985,7.482,4.365,64.191
Colo_rep7_Dep6_Tu3,0.000,1.668,0.000,0.000,6.769,1.724,1.666,0.000,3.153,13.118,8.442,3.392,60.067
Colo_rep3_Dep6_Tu0.5,0.000,0.000,0.711,0.000,4.940,0.000,2.709,0.000,3.769,13.226,9.192,2.290,63.164
Colo_rep3_Dep6_Tu20,0.000,2.507,0.000,0.000,5.825,12.142,2.494,0.512,1.130,14.600,6.192,2.371,52.227
Colo_rep1_Dep6_Tu2,0.382,1.228,0.322,0.130,4.514,0.000,1.541,0.000,3.995,15.958,8.375,1.857,61.698
Colo_rep9_Dep6_Tu50,1.746,0.445,0.000,1.239,6.057,31.506,2.592,2.295,1.106,12.788,7.707,0.805,31.715
Colo_rep3_Dep6_Tu0.3,0.000,0.000,0.670,0.000,5.220,0.000,2.897,0.000,2.132,12.907,7.445,4.431,64.298
Colo_rep1_Dep6_Tu3,0.992,0.539,0.540,0.000,3.099,1.279,2.828,0.000,1.644,14.604,9.791,3.263,61.421
