Sample,BRCA,CEAD,CESC,COAD,OV,READ,bcell,cd4tcell,cd8tcell,erythroblast,monocyte,naturalkillercell,neutrophil
Colo_rep2_Dep6_Tu0.5,0.000,0.000,0.000,0.000,6.858,2.813,2.815,0.000,0.000,9.564,8.961,4.824,64.164
Colo_rep2_Dep6_Tu50,1.145,2.528,0.000,0.474,7.145,32.520,4.320,0.000,0.000,6.996,7.599,4.273,33.001
Colo_rep6_Dep6_Tu1,0.690,0.000,0.000,0.000,6.057,2.471,3.130,0.000,0.000,10.435,9.149,4.775,63.294
Colo_rep3_Dep6_Tu2,0.448,0.000,0.000,0.000,5.523,3.878,3.330,0.000,0.000,10.033,9.642,5.172,61.974
Colo_rep7_Dep6_Tu2,0.000,0.000,0.234,0.000,4.689,3.696,2.821,0.000,0.000,11.263,9.875,4.402,63.019
Colo_rep8_Dep6_Tu0.1,0.000,0.088,0.452,0.000,5.769,2.362,4.407,0.000,0.000,10.753,10.264,3.838,62.066
Colo_rep10_Dep6_Tu2,0.000,0.000,0.952,0.000,6.293,3.196,2.896,0.000,0.000,11.220,8.456,4.862,62.125
Colo_rep6_Dep6_Tu3,0.000,0.000,0.000,0.000,6.381,3.722,5.305,0.000,0.000,9.526,8.697,4.594,61.775
Colo_rep9_Dep6_Tu30,0.000,2.143,0.000,0.000,7.990,20.942,2.253,0.000,0.000,11.018,8.124,4.261,43.267
Colo_rep9_Dep6_Tu0.5,0.000,0.000,0.000,0.000,6.550,2.176,2.637,0.000,0.000,12.603,9.068,3.875,63.091
Colo_rep6_Dep6_Tu20,0.234,0.000,0.774,0.000,6.653,15.796,2.974,0.000,2.215,6.818,8.260,5.342,50.934
Colo_rep8_Dep6_Tu30,0.663,0.000,0.247,0.000,10.192,19.799,3.647,0.000,0.000,7.914,10.004,3.653,43.882
Colo_rep3_Dep6_Tu5,0.268,0.000,0.463,0.000,7.472,5.237,2.607,0.000,0.000,10.757,8.315,5.000,59.880
Colo_rep4_Dep6_Tu3,0.782,1.394,0.000,0.000,5.722,4.062,3.449,0.000,0.000,9.540,9.272,3.903,61.877
Colo_rep2_Dep6_Tu10,0.154,0.000,0.722,0.000,7.231,8.770,2.118,0.000,0.099,10.671,9.077,4.997,56.160
Colo_rep3_Dep6_Tu40,1.910,1.024,0.000,0.000,6.993,27.334,1.256,3.434,0.428,7.008,9.225,3.026,38.362
Colo_rep3_Dep6_Tu30,2.107,0.000,0.000,0.000,7.703,21.250,2.474,0.000,2.167,7.681,9.378,3.744,43.496
Colo_rep6_Dep6_Tu30,0.000,0.221,0.000,0.000,10.152,21.096,3.593,0.000,6.002,6.805,7.175,1.698,43.258
Colo_rep4_Dep6_Tu50,2.075,1.653,0.000,0.425,5.689,33.222,4.083,0.000,2.499,7.891,6.535,1.956,33.973
Colo_rep5_Dep6_Tu50,0.000,0.061,0.000,0.000,10.109,32.837,2.045,0.000,0.514,10.300,8.834,4.336,30.964
Colo_rep6_Dep6_Tu2,0.000,0.826,0.000,0.000,3.903,4.220,3.820,0.000,0.000,10.998,10.249,4.212,61.773
Colo_rep10_Dep6_Tu50,0.000,0.740,0.790,0.000,9.443,33.246,2.566,0.000,2.578,7.528,8.395,3.400,31.313
Colo_rep7_Dep6_Tu50,0.293,0.490,0.000,0.000,8.354,33.309,3.156,1.525,0.800,7.252,7.948,3.485,33.387
Colo_rep9_Dep6_Tu40,1.449,3.278,0.000,0.017,6.739,26.600,2.787,0.000,1.039,7.491,7.702,3.528,39.368
Colo_rep8_Dep6_Tu5,1.112,0.000,0.000,0.000,8.014,5.027,2.600,0.000,0.000,8.897,9.416,4.979,59.954
Colo_rep1_Dep6_Tu20,0.224,0.000,0.000,0.000,8.140,14.872,1.033,0.000,3.543,10.048,9.669,2.538,49.933
Colo_rep9_Dep6_Tu2,0.000,0.000,0.000,0.000,5.984,3.691,3.032,0.000,0.000,11.003,9.006,4.560,62.726
Colo_rep5_Dep6_Tu30,0.000,0.724,0.000,0.000,9.716,19.476,1.988,0.000,0.000,13.284,9.068,3.344,42.399
Colo_rep4_Dep6_Tu0.1,1.297,0.000,0.000,0.000,3.577,2.298,4.323,0.000,0.000,9.992,9.589,4.971,63.952
Colo_rep5_Dep6_Tu0.1,0.110,0.000,0.766,0.000,6.162,2.124,3.270,0.000,0.000,9.678,10.020,4.194,63.676
Colo_rep9_Dep6_Tu3,0.104,0.000,0.292,0.000,8.793,3.248,1.268,0.000,0.000,11.291,9.566,4.692,60.746
Colo_rep2_Dep6_Tu0.1,0.000,0.737,0.000,0.000,8.604,1.636,1.784,0.000,0.000,10.705,9.549,4.717,62.268
Colo_rep8_Dep6_Tu10,0.917,0.823,0.000,0.092,5.952,8.338,4.131,0.000,0.912,8.652,9.585,3.908,56.690
Colo_rep4_Dep6_Tu30,0.000,0.301,0.000,0.000,8.544,20.777,2.283,0.000,0.096,13.339,7.707,3.461,43.492
Colo_rep2_Dep6_Tu2,1.279,0.000,0.000,0.000,4.203,3.849,3.937,0.000,0.000,11.259,10.714,3.602,61.156
Colo_rep1_Dep6_Tu5,0.000,0.782,0.447,0.000,6.411,5.081,4.055,0.000,0.000,10.128,9.233,4.129,59.733
Colo_rep8_Dep6_Tu50,2.473,0.865,0.000,0.405,8.506,32.449,3.308,0.000,5.088,5.089,7.246,2.788,31.784
Colo_rep5_Dep6_Tu5,1.098,0.007,0.000,0.000,8.377,5.299,2.982,0.000,1.885,8.462,8.993,3.770,59.128
Colo_rep6_Dep6_Tu50,0.000,0.763,0.000,0.000,9.418,33.757,1.101,0.257,2.806,7.601,9.555,2.728,32.015
Colo_rep5_Dep6_Tu0.5,0.000,0.000,0.000,0.000,7.107,2.322,3.250,0.000,0.000,10.578,8.887,4.011,63.845
Colo_rep4_Dep6_Tu20,0.004,1.247,0.000,0.000,7.717,14.278,2.715,0.000,0.252,11.107,7.592,4.541,50.548
Colo_rep8_Dep6_Tu40,0.384,0.899,0.000,0.000,9.067,26.333,3.743,0.464,0.000,9.584,7.835,3.421,38.270
Colo_rep7_Dep6_Tu0.3,0.176,0.509,0.000,0.000,5.598,2.381,2.735,0.000,0.000,10.553,9.635,4.275,64.138
Colo_rep7_Dep6_Tu30,1.503,0.000,0.000,0.000,8.124,21.257,2.725,0.000,1.335,8.772,8.339,4.282,43.663
Colo_rep10_Dep6_Tu20,1.527,0.596,0.000,0.000,7.113,14.418,3.525,0.000,3.112,7.436,8.663,3.323,50.287
Colo_rep9_Dep6_Tu10,0.000,0.000,0.000,0.000,9.003,7.802,2.900,0.000,0.000,10.457,9.264,4.437,56.137
Colo_rep9_Dep6_Tu0.1,0.208,0.000,0.606,0.000,7.104,2.257,2.393,0.000,2.482,8.415,9.929,5.003,61.603
Colo_rep10_Dep6_Tu0.3,0.000,0.163,0.000,0.000,4.136,2.961,3.923,0.000,0.000,11.064,10.464,4.348,62.942
Colo_rep8_Dep6_Tu20,0.000,2.025,0.226,0.311,8.775,14.344,0.749,0.000,0.000,11.205,7.760,4.153,50.451
Colo_rep3_Dep6_Tu3,0.000,0.000,1.528,0.000,4.399,3.917,4.655,0.000,0.000,11.264,8.649,4.040,61.548
Colo_rep4_Dep6_Tu2,0.000,0.869,0.000,0.000,8.975,3.401,2.973,0.000,1.009,7.654,9.398,3.880,61.841
Colo_rep10_Dep6_Tu0.1,0.436,0.408,0.697,0.000,7.538,2.064,3.211,0.000,0.000,9.107,9.894,4.506,62.140
Colo_rep4_Dep6_Tu0.3,0.522,0.000,0.417,0.000,5.823,2.043,2.951,0.000,0.000,12.098,8.480,4.872,62.794
Colo_rep9_Dep6_Tu0.3,0.000,0.000,0.000,0.000,4.755,2.704,4.417,0.000,0.000,10.636,8.405,3.934,65.149
Colo_rep1_Dep6_Tu10,0.673,0.369,0.113,0.000,7.033,8.404,2.291,0.000,0.344,11.248,9.507,4.362,55.657
Colo_rep6_Dep6_Tu0.3,0.000,0.000,0.616,0.000,6.284,1.686,3.126,0.000,0.000,10.887,9.881,4.020,63.500
Colo_rep6_Dep6_Tu0.5,0.487,0.000,0.692,0.000,7.793,1.991,2.665,0.000,0.000,10.810,8.318,3.950,63.294
Colo_rep10_Dep6_Tu10,0.000,0.000,0.295,0.000,6.909,8.703,4.337,1.000,0.000,8.087,9.661,4.706,56.301
Colo_rep10_Dep6_Tu1,0.000,0.000,0.220,0.000,6.447,2.600,2.230,0.000,0.822,10.842,10.303,5.005,61.531
Colo_rep10_Dep6_Tu5,0.000,1.419,0.000,0.000,9.284,4.884,2.800,0.000,1.456,9.477,8.458,3.490,58.732
Colo_rep10_Dep6_Tu40,1.229,2.789,0.723,0.000,5.113,26.986,2.329,0.000,0.000,8.929,8.065,4.940,38.896
Colo_rep10_Dep6_Tu0.5,0.474,0.151,0.054,0.000,7.105,2.464,3.205,0.000,0.000,9.736,9.957,4.602,62.251
Colo_rep1_Dep6_Tu1,0.000,0.000,0.332,0.000,7.289,2.462,2.626,0.000,0.000,10.367,9.640,5.290,61.994
Colo_rep7_Dep6_Tu20,0.384,0.676,0.000,0.000,6.638,14.720,3.545,0.000,1.404,10.134,9.266,2.818,50.414
Colo_rep6_Dep6_Tu10,0.000,0.748,1.128,0.000,6.040,9.055,3.094,0.000,0.000,8.679,9.041,4.512,57.704
Colo_rep10_Dep6_Tu3,0.000,0.000,0.077,0.000,5.592,4.041,3.491,0.000,0.000,11.097,9.051,4.424,62.226
Colo_rep1_Dep6_Tu30,0.992,1.567,0.051,0.000,8.096,20.968,3.078,0.000,0.000,9.173,6.583,5.553,43.939
Colo_rep1_Dep6_Tu0.1,0.000,0.000,0.000,0.000,6.014,2.376,3.937,0.000,0.000,9.862,9.124,4.116,64.569
Colo_rep7_Dep6_Tu5,2.596,0.000,0.000,0.000,5.556,5.200,3.574,0.000,0.000,8.675,10.552,4.074,59.773
Colo_rep7_Dep6_Tu0.1,0.431,0.000,0.000,0.000,5.049,2.147,3.574,0.000,0.000,11.413,9.319,3.833,64.235
Colo_rep6_Dep6_Tu40,0.389,0.000,0.202,0.095,9.032,27.063,0.315,0.000,1.866,10.676,9.526,3.763,37.072
Colo_rep8_Dep6_Tu2,0.262,0.000,0.000,0.000,6.344,3.440,2.928,0.000,0.000,9.623,10.798,5.054,61.550
Colo_rep7_Dep6_Tu0.5,0.000,1.445,0.091,0.000,6.919,2.209,3.452,0.000,0.000,9.134,7.436,5.885,63.430
Colo_rep5_Dep6_Tu20,0.633,2.991,0.000,0.000,7.779,14.218,3.158,0.000,0.000,7.297,9.545,5.087,49.292
Colo_rep8_Dep6_Tu0.3,0.000,0.000,0.000,0.000,4.494,2.689,4.452,0.000,0.000,10.676,8.407,4.054,65.228
Colo_rep4_Dep6_Tu5,1.323,0.000,0.459,0.000,6.223,4.682,3.257,0.254,0.869,10.091,9.581,4.074,59.187
Colo_rep9_Dep6_Tu1,1.362,0.000,0.686,0.000,6.527,2.213,3.479,0.000,0.000,9.853,9.496,3.578,62.805
Colo_rep1_Dep6_Tu0.5,0.000,0.000,1.353,0.000,5.899,1.740,2.395,0.000,0.000,12.181,9.599,3.682,63.150
Colo_rep8_Dep6_Tu3,0.316,0.924,0.272,0.000,6.732,3.374,2.583,0.000,0.000,11.661,8.499,4.215,61.425
Colo_rep5_Dep6_Tu0.3,0.154,0.000,0.000,0.000,7.002,2.166,2.966,0.000,1.127,11.045,9.310,4.286,61.943
Colo_rep2_Dep6_Tu30,0.000,0.000,0.000,0.000,7.951,21.621,2.250,1.331,0.000,10.473,7.621,3.294,45.460
Colo_rep7_Dep6_Tu10,0.000,0.000,0.000,0.000,5.891,8.525,3.092,0.000,0.000,11.305,9.682,4.165,57.340
Colo_rep2_Dep6_Tu40,1.817,2.620,0.000,0.000,7.372,27.090,3.689,0.373,0.748,6.622,6.369,4.082,39.216
Colo_rep3_Dep6_Tu0.1,0.407,0.721,0.000,0.000,8.592,1.626,2.167,0.000,0.000,9.934,10.574,3.806,62.172
Colo_rep3_Dep6_Tu1,0.000,0.000,0.000,0.000,6.632,2.804,3.548,0.000,0.000,9.124,9.690,5.240,62.962
Colo_rep8_Dep6_Tu1,1.705,0.000,0.000,0.000,6.506,2.579,4.140,0.000,0.000,7.633,10.489,4.156,62.792
Colo_rep4_Dep6_Tu1,0.377,2.043,0.000,0.000,7.626,2.341,1.672,0.000,0.000,8.584,11.017,4.516,61.824
Colo_rep5_Dep6_Tu40,1.978,0.000,0.149,0.000,6.909,27.383,3.604,0.634,3.957,6.897,7.193,3.082,38.214
Colo_rep5_Dep6_Tu10,0.444,2.121,0.000,0.000,6.783,8.144,2.734,0.000,0.000,8.090,10.365,4.110,57.208
Colo_rep2_Dep6_Tu0.3,0.320,1.481,0.401,0.000,6.093,1.510,1.891,0.000,0.000,11.649,8.718,4.617,63.320
Colo_rep10_Dep6_Tu30,1.173,0.998,0.000,0.600,7.959,20.974,2.484,0.000,1.745,8.347,6.959,3.328,45.432
Colo_rep1_Dep6_Tu40,0.910,2.914,0.000,0.000,7.459,27.406,4.964,0.000,3.119,5.630,7.293,2.259,38.047
Colo_rep6_Dep6_Tu0.1,0.932,0.000,0.000,0.000,3.620,2.375,4.350,0.000,0.000,12.975,8.915,3.657,63.175
Colo_rep7_Dep6_Tu40,0.000,0.608,0.000,0.226,7.720,27.512,2.743,0.000,0.340,11.342,7.023,4.004,38.483
Colo_rep1_Dep6_Tu50,1.653,1.842,0.000,0.405,8.984,33.555,3.331,0.000,6.005,3.322,6.403,2.538,31.962
Colo_rep1_Dep6_Tu0.3,0.283,0.000,0.473,0.000,4.707,2.983,2.882,0.000,0.000,10.045,11.873,4.201,62.553
Colo_rep9_Dep6_Tu20,0.000,0.000,0.000,0.000,10.118,14.335,2.029,0.000,0.170,10.057,7.858,5.050,50.382
Colo_rep4_Dep6_Tu10,0.000,1.756,0.000,0.000,6.025,8.611,2.585,0.000,0.000,11.231,9.782,3.096,56.914
Colo_rep6_Dep6_Tu5,0.000,0.000,0.142,0.000,4.793,5.528,3.234,0.000,0.000,12.130,9.739,3.983,60.452
Colo_rep9_Dep6_Tu5,1.140,0.267,0.000,0.000,6.210,5.061,2.872,0.000,0.000,10.435,10.434,4.368,59.212
Colo_rep3_Dep6_Tu50,2.517,0.732,0.000,0.000,6.359,33.152,3.262,0.000,2.493,7.820,8.122,2.732,32.810
Colo_rep5_Dep6_Tu1,0.928,0.000,0.000,0.000,6.031,2.779,2.933,0.000,0.000,9.859,10.893,4.856,61.720
Colo_rep5_Dep6_Tu3,0.000,0.000,0.000,0.252,5.406,4.055,3.933,0.000,0.000,11.694,8.491,3.695,62.473
Colo_rep2_Dep6_Tu1,0.495,0.134,0.000,0.000,5.863,2.343,2.971,0.000,0.000,10.880,10.620,4.206,62.487
Colo_rep7_Dep6_Tu1,0.000,0.000,0.000,0.000,6.839,2.478,2.512,0.000,0.000,11.977,8.505,4.196,63.493
Colo_rep5_Dep6_Tu2,0.000,0.044,0.000,0.000,6.272,3.590,2.319,0.000,1.569,9.569,9.411,4.414,62.812
Colo_rep4_Dep6_Tu40,0.000,0.458,0.000,0.000,8.773,27.249,2.645,0.000,2.152,11.087,8.315,2.319,37.002
Colo_rep2_Dep6_Tu20,0.339,0.000,0.000,0.000,7.733,14.474,4.297,0.000,0.125,9.816,7.221,4.269,51.727
Colo_rep4_Dep6_Tu0.5,1.271,0.374,0.000,0.000,6.352,2.421,2.588,0.000,0.000,10.053,9.827,5.044,62.070
Colo_rep2_Dep6_Tu5,1.488,2.641,0.413,0.000,5.779,4.193,1.422,0.000,0.000,10.959,7.811,4.880,60.416
Colo_rep2_Dep6_Tu3,0.000,0.000,0.000,0.000,7.422,4.189,2.326,0.000,0.000,9.398,10.680,4.975,61.011
Colo_rep3_Dep6_Tu10,2.303,0.000,0.000,0.000,3.979,8.940,5.343,0.000,0.000,8.569,9.156,4.542,57.168
Colo_rep8_Dep6_Tu0.5,0.000,0.000,0.666,0.000,6.007,1.795,3.262,0.000,0.000,10.429,8.080,5.507,64.255
Colo_rep7_Dep6_Tu3,0.138,0.847,0.000,0.000,7.703,3.676,2.197,0.000,0.000,11.200,9.077,4.990,60.173
Colo_rep3_Dep6_Tu0.5,0.000,0.000,0.714,0.000,6.170,1.907,3.155,0.000,0.000,10.947,9.831,4.066,63.210
Colo_rep3_Dep6_Tu20,0.386,1.002,0.000,0.000,7.009,14.628,2.907,0.000,0.000,10.788,7.119,3.627,52.534
Colo_rep1_Dep6_Tu2,1.411,0.000,0.347,0.000,5.876,3.049,2.177,0.000,0.000,11.877,9.386,4.028,61.847
Colo_rep9_Dep6_Tu50,2.460,0.000,0.004,0.697,6.834,33.288,3.157,0.000,0.000,10.501,8.452,2.258,32.349
Colo_rep3_Dep6_Tu0.3,0.000,0.000,0.629,0.000,6.129,1.621,3.158,0.000,0.000,10.564,8.005,5.556,64.338
Colo_rep1_Dep6_Tu3,1.522,0.000,0.391,0.000,3.887,3.680,3.132,0.000,0.000,10.805,10.545,4.456,61.582
