Sample,BRCA,CEAD,CESC,COAD,OV,READ,bcell,cd4tcell,cd8tcell,erythroblast,monocyte,naturalkillercell,neutrophil,Unknown-1
Br62_rep5_Dep6_Tu0.5,0.000,0.000,0.000,0.000,0.000,0.000,1.188,0.000,0.000,0.000,0.000,0.000,55.020,43.791
Br62_rep5_Dep6_Tu3,0.000,0.000,0.000,0.000,0.000,0.000,0.940,0.000,0.000,0.000,0.000,0.000,54.881,44.178
Br62_rep6_Dep6_Tu30,2.759,0.000,0.000,0.000,0.000,0.000,0.000,0.000,0.000,0.000,34.995,0.000,37.036,25.209
Br62_rep7_Dep6_Tu20,0.096,0.000,0.000,0.000,0.000,0.000,0.188,0.000,0.000,0.000,25.823,0.000,38.931,34.962
Br62_rep2_Dep6_Tu40,6.273,0.000,1.707,0.000,0.000,0.000,0.000,0.000,0.000,0.000,40.538,0.000,28.639,22.842
Br62_rep8_Dep6_Tu0.5,0.000,0.000,0.000,0.000,0.000,0.000,1.168,0.000,0.000,0.000,0.000,0.000,56.705,42.127
Br62_rep5_Dep6_Tu2,0.000,0.000,0.000,0.000,0.000,0.000,0.659,0.000,0.000,0.000,0.000,0.000,64.166,35.175
Br62_rep4_Dep6_Tu50,8.289,0.000,0.330,0.000,0.000,0.000,0.000,0.000,0.000,0.000,51.389,0.000,20.951,19.040
Br62_rep8_Dep6_Tu40,2.093,0.000,0.086,0.000,0.000,0.000,0.000,0.000,0.000,0.000,48.136,0.000,25.559,24.125
Br62_rep7_Dep6_Tu2,0.000,0.000,0.000,0.000,0.000,0.000,0.774,0.000,0.000,0.000,0.000,0.000,56.786,42.439
Br62_rep9_Dep6_Tu40,2.939,0.000,0.088,0.000,0.000,0.000,0.000,0.000,0.000,0.000,48.166,0.000,28.129,20.678
Br62_rep10_Dep6_Tu2,0.000,0.000,0.000,0.000,0.000,0.000,0.579,0.000,0.000,0.000,0.000,0.000,53.262,46.158
Br62_rep6_Dep6_Tu10,0.000,0.000,0.000,0.000,0.000,0.000,0.133,0.000,0.000,0.000,10.013,0.000,53.310,36.544
Br62_rep2_Dep6_Tu2,0.000,0.000,0.000,0.000,0.000,0.000,0.754,0.000,0.000,0.000,0.000,0.000,58.054,41.192
Br62_rep9_Dep6_Tu5,0.000,0.000,0.000,0.000,0.000,0.000,1.242,0.000,0.000,0.000,1.301,0.000,59.067,38.389
Br62_rep6_Dep6_Tu40,1.833,0.000,0.311,0.000,0.000,0.000,0.000,0.000,0.000,0.000,45.795,0.000,26.640,25.421
Br62_rep4_Dep6_Tu20,0.400,0.000,0.000,0.000,0.000,0.000,0.000,0.000,0.000,0.000,26.418,0.000,42.544,30.637
Br62_rep9_Dep6_Tu1,0.000,0.000,0.000,0.000,0.000,0.000,1.410,0.000,0.000,0.000,0.000,0.000,52.926,45.664
Br62_rep1_Dep6_Tu0.3,0.000,0.000,0.000,0.000,0.000,0.000,2.339,0.000,0.000,0.000,0.000,0.000,57.137,40.523
Br62_rep3_Dep6_Tu5,0.000,0.000,0.000,0.000,0.000,0.000,0.107,0.000,0.000,0.000,0.823,0.000,56.748,42.321
Br62_rep9_Dep6_Tu50,6.058,0.000,0.822,0.000,0.000,0.000,0.000,0.000,0.000,0.000,53.963,0.000,18.990,20.166
Br62_rep5_Dep6_Tu30,1.048,0.000,0.000,0.000,0.000,0.000,0.000,0.000,0.000,0.000,35.046,0.000,34.082,29.823
Br62_rep9_Dep6_Tu0.5,0.000,0.000,0.000,0.000,0.000,0.000,1.895,0.000,0.000,0.000,0.000,0.000,54.374,43.730
Br62_rep1_Dep6_Tu20,1.230,0.000,0.000,0.000,0.000,0.000,0.057,0.000,0.000,0.000,25.554,0.000,46.539,26.620
Br62_rep4_Dep6_Tu2,0.000,0.000,0.000,0.000,0.000,0.000,0.729,0.000,0.000,0.000,0.000,0.000,60.009,39.262
Br62_rep8_Dep6_Tu3,0.000,0.000,0.000,0.000,0.000,0.000,0.296,0.000,0.000,0.000,0.000,0.000,60.345,39.358
Br62_rep2_Dep6_Tu5,0.000,0.000,0.000,0.000,0.000,0.000,0.088,0.000,0.000,0.000,1.444,0.000,59.088,39.380
Br62_rep2_Dep6_Tu1,0.000,0.000,0.000,0.000,0.000,0.000,3.880,0.000,0.000,0.000,0.000,0.000,56.776,39.343
Br62_rep8_Dep6_Tu1,0.000,0.000,0.000,0.000,0.000,0.000,1.161,0.000,0.000,0.000,0.000,0.000,60.852,37.987
Br62_rep10_Dep6_Tu0.1,0.000,0.000,0.000,0.000,0.000,0.000,0.632,0.000,0.000,0.000,0.000,0.000,63.047,36.321
Br62_rep3_Dep6_Tu40,4.468,0.000,0.048,0.000,0.000,0.000,0.000,0.000,0.000,0.000,45.813,0.000,27.040,22.629
Br62_rep8_Dep6_Tu0.3,0.000,0.000,0.000,0.000,0.000,0.000,2.150,0.000,0.000,0.000,0.000,0.000,53.827,44.022
Br62_rep4_Dep6_Tu0.5,0.000,0.000,0.000,0.000,0.000,0.000,0.668,0.000,0.000,0.000,0.000,0.000,63.710,35.621
Br62_rep6_Dep6_Tu50,8.016,0.000,2.627,0.000,0.000,0.000,0.000,0.000,0.000,0.000,50.398,0.000,21.431,17.528
Br62_rep7_Dep6_Tu0.1,0.000,0.000,0.000,0.000,0.000,0.000,1.346,0.000,0.000,0.000,0.000,0.000,54.560,44.094
Br62_rep9_Dep6_Tu30,1.366,0.000,0.315,0.000,0.000,0.000,0.147,0.000,0.000,0.000,37.456,0.000,35.181,25.534
Br62_rep6_Dep6_Tu20,0.172,0.000,0.000,0.000,0.000,0.000,0.000,0.000,0.000,0.000,22.625,0.000,42.799,34.403
Br62_rep5_Dep6_Tu5,0.000,0.000,0.000,0.000,0.000,0.000,0.334,0.000,0.000,0.000,1.630,0.000,61.957,36.078
Br62_rep4_Dep6_Tu40,1.121,0.000,0.084,0.000,0.000,0.000,0.000,0.000,0.000,0.000,46.327,0.000,25.934,26.533
Br62_rep8_Dep6_Tu0.1,0.000,0.000,0.000,0.000,0.000,0.000,0.889,0.000,0.000,0.000,0.000,0.000,62.575,36.535
Br62_rep1_Dep6_Tu40,3.515,0.000,0.093,0.000,0.000,0.000,0.000,0.000,0.000,0.000,45.213,0.000,28.167,23.011
Br62_rep3_Dep6_Tu30,0.530,0.000,0.170,0.000,0.000,0.000,0.000,0.000,0.000,0.000,37.228,0.000,32.111,29.961
Br62_rep7_Dep6_Tu0.5,0.000,0.000,0.000,0.000,0.000,0.000,0.450,0.000,0.000,0.000,0.000,0.000,57.517,42.032
Br62_rep1_Dep6_Tu10,0.000,0.000,0.000,0.000,0.000,0.000,0.296,0.000,0.000,0.000,7.707,0.000,58.238,33.758
Br62_rep10_Dep6_Tu20,0.578,0.000,0.000,0.000,0.000,0.000,0.320,0.000,0.000,0.000,23.922,0.000,46.786,28.393
Br62_rep1_Dep6_Tu5,0.000,0.000,0.000,0.000,0.000,0.000,0.465,0.000,0.000,0.000,1.202,0.000,55.771,42.561
Br62_rep3_Dep6_Tu50,4.863,0.000,5.001,0.000,0.000,0.000,0.000,0.000,0.000,0.000,49.798,0.000,20.082,20.256
Br62_rep1_Dep6_Tu3,0.000,0.000,0.000,0.000,0.000,0.000,1.428,0.000,0.000,0.000,0.000,0.000,56.404,42.167
Br62_rep7_Dep6_Tu30,1.526,0.000,0.016,0.000,0.000,0.000,0.000,0.000,0.000,0.000,36.351,0.000,32.533,29.573
Br62_rep6_Dep6_Tu1,0.000,0.000,0.000,0.000,0.000,0.000,1.131,0.000,0.000,0.000,0.000,0.000,57.869,41.000
Br62_rep1_Dep6_Tu0.5,0.000,0.000,0.000,0.000,0.000,0.000,1.352,0.000,0.000,0.000,0.000,0.000,56.952,41.695
Br62_rep1_Dep6_Tu0.1,0.000,0.000,0.000,0.000,0.000,0.000,1.846,0.000,0.000,0.000,0.000,0.000,54.319,43.835
Br62_rep9_Dep6_Tu3,0.000,0.000,0.000,0.000,0.000,0.000,1.267,0.000,0.000,0.000,0.000,0.000,59.258,39.474
Br62_rep5_Dep6_Tu40,1.686,0.000,0.000,0.000,0.000,0.000,0.000,0.000,0.000,0.000,46.210,0.000,28.112,23.991
Br62_rep10_Dep6_Tu3,0.000,0.000,0.000,0.000,0.000,0.000,1.274,0.000,0.000,0.000,0.000,0.000,53.451,45.274
Br62_rep2_Dep6_Tu0.3,0.000,0.000,0.000,0.000,0.000,0.000,0.286,0.000,0.000,0.000,0.000,0.000,60.524,39.189
Br62_rep10_Dep6_Tu40,1.520,0.000,0.009,0.000,0.000,0.000,0.000,0.000,0.000,0.000,45.069,0.000,24.684,28.718
Br62_rep3_Dep6_Tu2,0.000,0.000,0.000,0.000,0.000,0.000,1.544,0.000,0.000,0.000,0.000,0.000,56.894,41.561
Br62_rep5_Dep6_Tu1,0.000,0.000,0.000,0.000,0.000,0.000,1.515,0.000,0.000,0.000,0.000,0.000,60.239,38.244
Br62_rep4_Dep6_Tu1,0.000,0.000,0.000,0.000,0.000,0.000,0.863,0.000,0.000,0.000,0.000,0.000,63.315,35.822
Br62_rep10_Dep6_Tu0.5,0.000,0.000,0.000,0.000,0.000,0.000,0.743,0.000,0.000,0.000,0.000,0.000,63.573,35.683
Br62_rep5_Dep6_Tu20,0.711,0.000,0.038,0.000,0.000,0.000,0.061,0.000,0.000,0.000,24.279,0.000,46.406,28.504
Br62_rep6_Dep6_Tu0.3,0.000,0.000,0.000,0.000,0.000,0.000,2.777,0.000,0.000,0.000,0.000,0.000,59.096,38.126
Br62_rep9_Dep6_Tu0.3,0.000,0.000,0.000,0.000,0.000,0.000,2.189,0.000,0.000,0.000,0.000,0.000,53.801,44.009
Br62_rep2_Dep6_Tu20,0.167,0.000,0.000,0.000,0.000,0.000,0.266,0.000,0.000,0.000,23.306,0.000,41.583,34.677
Br62_rep6_Dep6_Tu0.5,0.000,0.000,0.000,0.000,0.000,0.000,0.781,0.000,0.000,0.000,0.000,0.000,62.603,36.615
Br62_rep8_Dep6_Tu10,0.000,0.000,0.000,0.000,0.000,0.000,0.252,0.000,0.000,0.000,11.538,0.000,55.483,32.727
Br62_rep2_Dep6_Tu0.1,0.000,0.000,0.000,0.000,0.000,0.000,0.592,0.000,0.000,0.000,0.000,0.000,59.876,39.531
Br62_rep5_Dep6_Tu10,0.000,0.000,0.000,0.000,0.000,0.000,0.857,0.000,0.000,0.000,11.119,0.000,52.133,35.890
Br62_rep10_Dep6_Tu10,0.000,0.000,0.000,0.000,0.000,0.000,0.340,0.000,0.000,0.000,10.453,0.000,55.659,33.547
Br62_rep4_Dep6_Tu10,0.000,0.000,0.000,0.000,0.000,0.000,0.891,0.000,0.000,0.000,9.416,0.000,48.469,41.223
Br62_rep3_Dep6_Tu0.1,0.000,0.000,0.000,0.000,0.000,0.000,1.616,0.000,0.000,0.000,0.000,0.000,60.566,37.817
Br62_rep2_Dep6_Tu50,2.403,0.000,0.230,0.000,0.000,0.000,0.000,0.000,0.000,0.000,57.409,0.000,20.541,19.415
Br62_rep9_Dep6_Tu10,0.011,0.000,0.000,0.000,0.000,0.000,0.488,0.000,0.000,0.000,10.095,0.000,53.506,35.899
Br62_rep5_Dep6_Tu0.3,0.000,0.000,0.000,0.000,0.000,0.000,1.315,0.000,0.000,0.000,0.000,0.000,63.056,35.628
Br62_rep8_Dep6_Tu50,5.814,0.000,1.587,0.000,0.000,0.000,0.000,0.000,0.000,0.000,51.719,0.000,21.211,19.669
Br62_rep4_Dep6_Tu0.3,0.000,0.000,0.000,0.000,0.000,0.000,0.912,0.000,0.000,0.000,0.000,0.000,58.044,41.043
Br62_rep7_Dep6_Tu1,0.000,0.000,0.000,0.000,0.000,0.000,2.258,0.000,0.000,0.000,0.000,0.000,54.918,42.823
Br62_rep3_Dep6_Tu0.5,0.000,0.000,0.000,0.000,0.000,0.000,2.770,0.000,0.000,0.000,0.000,0.000,59.074,38.155
Br62_rep7_Dep6_Tu40,2.171,0.000,0.785,0.000,0.000,0.000,0.000,0.000,0.000,0.000,47.101,0.000,27.038,22.905
Br62_rep2_Dep6_Tu3,0.000,0.000,0.000,0.000,0.000,0.000,1.689,0.000,0.000,0.000,0.000,0.000,56.143,42.167
Br62_rep2_Dep6_Tu0.5,0.000,0.000,0.000,0.000,0.000,0.000,1.880,0.000,0.000,0.000,0.000,0.000,53.539,44.580
Br62_rep1_Dep6_Tu50,3.923,0.000,0.255,0.000,0.000,0.000,0.000,0.000,0.000,0.000,55.060,0.000,20.783,19.979
Br62_rep3_Dep6_Tu3,0.000,0.000,0.000,0.000,0.000,0.000,0.427,0.000,0.000,0.000,0.000,0.000,55.837,43.736
Br62_rep7_Dep6_Tu3,0.000,0.000,0.000,0.000,0.000,0.000,0.633,0.000,0.000,0.000,0.000,0.000,62.810,36.557
Br62_rep3_Dep6_Tu0.3,0.000,0.000,0.000,0.000,0.000,0.000,1.139,0.000,0.000,0.000,0.000,0.000,56.739,42.121
Br62_rep8_Dep6_Tu30,0.504,0.000,0.373,0.000,0.000,0.000,0.000,0.000,0.000,0.000,34.244,0.000,32.147,32.732
Br62_rep4_Dep6_Tu30,0.672,0.000,0.000,0.000,0.000,0.000,0.000,0.000,0.000,0.000,37.081,0.000,31.419,30.827
Br62_rep6_Dep6_Tu3,0.000,0.000,0.000,0.000,0.000,0.000,0.572,0.000,0.000,0.000,0.000,0.000,57.611,41.817
Br62_rep4_Dep6_Tu0.1,0.000,0.000,0.000,0.000,0.000,0.000,1.761,0.000,0.000,0.000,0.000,0.000,58.040,40.198
Br62_rep8_Dep6_Tu5,0.000,0.000,0.000,0.000,0.000,0.000,0.319,0.000,0.000,0.000,1.682,0.000,62.672,35.327
Br62_rep10_Dep6_Tu50,10.628,0.000,3.574,0.000,0.000,0.000,0.000,0.000,0.000,0.000,47.391,0.000,19.549,18.858
Br62_rep10_Dep6_Tu0.3,0.000,0.000,0.000,0.000,0.000,0.000,1.017,0.000,0.000,0.000,0.000,0.000,63.871,35.111
Br62_rep3_Dep6_Tu20,0.058,0.000,0.000,0.000,0.000,0.000,0.410,0.000,0.000,0.000,25.020,0.000,39.077,35.435
Br62_rep1_Dep6_Tu1,0.000,0.000,0.000,0.000,0.000,0.000,0.996,0.000,0.000,0.000,0.000,0.000,62.438,36.565
Br62_rep3_Dep6_Tu1,0.000,0.000,0.000,0.000,0.000,0.000,1.746,0.000,0.000,0.000,0.000,0.000,60.576,37.677
Br62_rep9_Dep6_Tu2,0.000,0.000,0.000,0.000,0.000,0.000,1.101,0.000,0.000,0.000,0.000,0.000,54.915,43.984
Br62_rep7_Dep6_Tu50,5.009,0.000,4.990,0.000,0.000,0.000,0.000,0.000,0.000,0.000,49.956,0.000,19.313,20.732
Br62_rep7_Dep6_Tu5,0.000,0.000,0.000,0.000,0.000,0.000,0.531,0.000,0.000,0.000,1.740,0.000,56.304,41.424
Br62_rep8_Dep6_Tu2,0.000,0.000,0.000,0.000,0.000,0.000,1.464,0.000,0.000,0.000,0.000,0.000,59.749,38.786
Br62_rep5_Dep6_Tu0.1,0.000,0.000,0.000,0.000,0.000,0.000,1.136,0.000,0.000,0.000,0.000,0.000,53.438,45.425
Br62_rep6_Dep6_Tu5,0.000,0.000,0.000,0.000,0.000,0.000,0.655,0.000,0.000,0.000,1.685,0.000,55.518,42.142
Br62_rep9_Dep6_Tu20,0.208,0.000,0.000,0.000,0.000,0.000,0.136,0.000,0.000,0.000,23.414,0.000,41.553,34.689
Br62_rep2_Dep6_Tu30,0.859,0.000,0.000,0.000,0.000,0.000,0.000,0.000,0.000,0.000,38.341,0.000,31.024,29.776
Br62_rep7_Dep6_Tu10,0.000,0.000,0.000,0.000,0.000,0.000,0.496,0.000,0.000,0.000,10.565,0.000,48.081,40.857
Br62_rep6_Dep6_Tu0.1,0.000,0.000,0.000,0.000,0.000,0.000,1.274,0.000,0.000,0.000,0.000,0.000,58.007,40.718
Br62_rep5_Dep6_Tu50,5.780,0.000,1.197,0.000,0.000,0.000,0.000,0.000,0.000,0.000,53.473,0.000,18.453,21.096
Br62_rep10_Dep6_Tu1,0.000,0.000,0.000,0.000,0.000,0.000,0.949,0.000,0.000,0.000,0.000,0.000,62.273,36.777
Br62_rep1_Dep6_Tu30,1.194,0.000,0.000,0.000,0.000,0.000,0.000,0.000,0.000,0.000,34.437,0.000,31.246,33.123
Br62_rep7_Dep6_Tu0.3,0.000,0.000,0.000,0.000,0.000,0.000,0.940,0.000,0.000,0.000,0.000,0.000,54.725,44.335
Br62_rep2_Dep6_Tu10,0.000,0.000,0.000,0.000,0.000,0.000,0.235,0.000,0.000,0.000,9.262,0.000,47.374,43.129
Br62_rep9_Dep6_Tu0.1,0.000,0.000,0.000,0.000,0.000,0.000,0.680,0.000,0.000,0.000,0.000,0.000,62.643,36.676
Br62_rep3_Dep6_Tu10,0.000,0.000,0.000,0.000,0.000,0.000,0.797,0.000,0.000,0.000,11.897,0.000,50.541,36.764
Br62_rep4_Dep6_Tu5,0.000,0.000,0.000,0.000,0.000,0.000,0.884,0.000,0.000,0.000,1.120,0.000,62.252,35.743
Br62_rep8_Dep6_Tu20,0.789,0.000,0.000,0.000,0.000,0.000,0.144,0.000,0.000,0.000,24.077,0.000,43.277,31.712
Br62_rep1_Dep6_Tu2,0.000,0.000,0.000,0.000,0.000,0.000,0.752,0.000,0.000,0.000,0.000,0.000,52.877,46.370
Br62_rep10_Dep6_Tu5,0.000,0.000,0.000,0.000,0.000,0.000,0.461,0.000,0.000,0.000,1.657,0.000,58.120,39.762
Br62_rep10_Dep6_Tu30,0.399,0.000,0.000,0.000,0.000,0.000,0.014,0.000,0.000,0.000,36.972,0.000,32.751,29.863
Br62_rep6_Dep6_Tu2,0.000,0.000,0.000,0.000,0.000,0.000,1.045,0.000,0.000,0.000,0.000,0.000,63.848,35.106
Br62_rep4_Dep6_Tu3,0.000,0.000,0.000,0.000,0.000,0.000,0.474,0.000,0.000,0.000,0.000,0.000,60.247,39.278
