Sample,BRCA,CEAD,CESC,COAD,OV,READ,bcell,cd4tcell,cd8tcell,erythroblast,monocyte,naturalkillercell,neutrophil
Ov9433_rep10_Dep6_Tu5,2.050,0.853,1.879,0.000,4.369,2.474,3.941,0.000,0.000,10.763,7.435,2.838,63.397
Ov9433_rep6_Dep6_Tu20,3.618,1.922,3.353,2.413,6.785,4.051,3.813,0.000,0.000,8.369,5.130,3.518,57.027
Ov9433_rep8_Dep6_Tu5,2.354,0.845,1.869,0.000,3.530,2.771,3.736,0.000,0.000,9.883,7.863,3.719,63.430
Ov9433_rep2_Dep6_Tu5,2.095,2.142,1.674,0.000,3.618,2.459,3.165,0.000,0.000,11.243,6.620,3.702,63.280
Ov9433_rep5_Dep6_Tu0.5,1.500,0.000,1.413,0.000,3.547,2.201,3.143,0.000,0.000,10.814,7.580,3.937,65.865
Ov9433_rep5_Dep6_Tu5,2.051,1.145,2.131,0.000,3.680,2.728,3.994,0.000,0.000,10.292,7.626,3.438,62.913
Ov9433_rep8_Dep6_Tu30,4.603,0.000,4.217,4.261,9.901,5.254,3.969,0.000,0.000,6.467,5.492,3.463,52.373
Ov9433_rep6_Dep6_Tu0.3,1.454,0.000,1.565,0.000,2.751,1.967,3.291,0.000,0.000,11.078,8.432,4.232,65.231
Ov9433_rep1_Dep6_Tu0.3,1.027,0.277,1.772,0.000,3.018,2.245,3.576,0.000,0.000,10.290,9.852,3.621,64.322
Ov9433_rep2_Dep6_Tu10,2.799,0.692,2.687,0.508,5.702,2.957,3.205,0.000,0.000,9.910,7.061,3.199,61.280
Ov9433_rep4_Dep6_Tu20,3.703,1.718,2.846,2.624,6.868,3.929,4.005,0.000,0.000,8.331,5.752,3.448,56.778
Ov9433_rep3_Dep6_Tu10,2.798,0.905,2.190,0.635,5.404,3.211,4.402,0.000,0.000,8.929,7.594,3.272,60.660
Ov9433_rep4_Dep6_Tu0.3,1.195,0.228,1.365,0.000,2.846,1.957,3.040,0.000,0.000,13.680,7.042,3.439,65.209
Ov9433_rep9_Dep6_Tu0.1,1.477,1.843,1.409,0.000,2.598,2.073,3.729,0.000,0.000,10.538,8.519,3.931,63.882
Ov9433_rep10_Dep6_Tu0.5,1.147,0.619,1.552,0.000,3.320,2.087,3.563,0.000,0.000,11.591,7.896,3.553,64.671
Ov9433_rep6_Dep6_Tu30,4.470,1.087,4.238,3.905,8.910,5.443,4.727,0.000,0.000,7.414,4.757,3.702,51.347
Ov9433_rep1_Dep6_Tu2,1.896,0.435,1.550,0.000,3.581,2.404,3.011,0.000,0.000,10.825,7.741,4.145,64.413
Ov9433_rep1_Dep6_Tu5,1.966,0.796,1.927,0.000,4.484,2.696,3.781,0.000,0.000,9.696,7.520,3.803,63.331
Ov9433_rep5_Dep6_Tu1,1.957,0.367,1.743,0.000,3.008,2.115,3.252,0.000,0.000,10.924,9.233,3.479,63.923
Ov9433_rep9_Dep6_Tu5,2.263,0.011,2.228,0.000,4.251,2.668,3.395,0.000,0.000,10.195,8.640,3.685,62.663
Ov9433_rep9_Dep6_Tu0.3,1.442,0.000,1.419,0.000,3.090,2.053,3.287,0.000,0.000,11.708,7.153,3.367,66.482
Ov9433_rep4_Dep6_Tu10,3.025,0.166,2.258,0.388,4.880,3.609,3.593,0.000,0.000,10.402,8.286,2.933,60.460
Ov9433_rep1_Dep6_Tu3,1.687,0.559,1.729,0.000,3.343,2.586,3.904,0.000,0.000,10.256,8.711,3.208,64.017
Ov9433_rep4_Dep6_Tu50,7.258,0.000,6.080,9.174,14.628,6.919,5.342,0.000,0.000,3.225,3.194,2.448,41.733
Ov9433_rep9_Dep6_Tu30,4.724,0.266,4.541,4.926,9.685,4.884,3.869,0.000,0.000,7.107,4.821,3.164,52.014
Ov9433_rep4_Dep6_Tu2,1.555,1.649,1.234,0.000,3.865,2.564,2.753,0.000,0.000,9.545,8.566,4.243,64.026
Ov9433_rep7_Dep6_Tu3,1.919,1.994,1.587,0.000,3.327,2.358,3.272,0.000,0.000,10.848,7.876,3.191,63.628
Ov9433_rep8_Dep6_Tu1,2.012,0.913,1.195,0.000,3.402,2.321,2.852,0.000,0.000,10.473,8.782,3.340,64.710
Ov9433_rep2_Dep6_Tu30,4.207,0.000,3.785,4.742,10.370,4.818,3.760,0.000,0.000,8.478,4.172,2.737,52.928
Ov9433_rep7_Dep6_Tu1,1.158,0.000,1.509,0.000,4.062,1.878,3.410,0.000,0.000,12.076,6.753,3.591,65.561
Ov9433_rep6_Dep6_Tu3,2.148,0.727,1.387,0.000,3.780,2.564,3.725,0.000,0.000,10.849,7.424,3.043,64.353
Ov9433_rep8_Dep6_Tu0.3,1.472,0.000,1.401,0.000,3.133,2.052,3.260,0.000,0.000,11.758,7.145,3.359,66.420
Ov9433_rep5_Dep6_Tu3,1.328,0.539,1.822,0.000,3.525,2.407,2.913,0.000,0.000,11.637,7.282,3.792,64.757
Ov9433_rep4_Dep6_Tu0.1,1.901,0.555,1.399,0.000,2.869,2.029,4.058,0.000,0.000,10.404,8.050,3.381,65.353
Ov9433_rep2_Dep6_Tu40,6.248,1.733,5.711,6.130,12.015,5.919,4.405,0.000,0.000,3.838,3.545,3.052,47.404
Ov9433_rep2_Dep6_Tu20,3.098,0.095,3.421,1.816,7.507,3.990,3.972,0.000,0.000,9.664,6.168,3.344,56.924
Ov9433_rep10_Dep6_Tu3,2.376,0.818,1.603,0.000,3.577,2.532,3.697,0.000,0.000,10.259,7.072,3.240,64.826
Ov9433_rep4_Dep6_Tu3,2.141,0.799,1.673,0.000,3.571,2.551,2.755,0.000,0.000,10.724,7.812,4.018,63.955
Ov9433_rep2_Dep6_Tu3,1.957,0.707,1.677,0.000,3.258,2.597,3.454,0.000,0.000,10.585,8.578,3.202,63.984
Ov9433_rep3_Dep6_Tu50,7.575,0.186,6.650,8.873,13.687,7.383,4.693,0.000,0.000,3.197,3.073,2.058,42.625
Ov9433_rep6_Dep6_Tu2,1.847,0.220,1.743,0.000,3.440,2.375,3.479,0.000,0.000,10.238,8.867,3.355,64.435
Ov9433_rep1_Dep6_Tu30,4.786,0.508,4.281,5.195,9.846,4.583,3.846,0.000,0.000,7.269,4.681,3.464,51.541
Ov9433_rep9_Dep6_Tu40,5.754,1.326,5.218,7.095,11.911,5.903,3.256,0.000,0.000,5.709,3.956,2.896,46.976
Ov9433_rep8_Dep6_Tu0.1,1.522,1.580,1.418,0.000,2.838,1.710,3.421,0.000,0.000,11.438,9.195,3.535,63.343
Ov9433_rep7_Dep6_Tu0.5,1.605,1.703,1.511,0.000,2.885,1.937,3.447,0.000,0.000,10.772,6.499,3.813,65.830
Ov9433_rep7_Dep6_Tu0.1,1.544,0.333,1.299,0.000,3.279,2.182,3.126,0.000,0.000,11.302,8.222,2.981,65.732
Ov9433_rep9_Dep6_Tu2,1.705,1.121,1.473,0.000,3.361,2.216,3.283,0.000,0.000,11.468,7.762,2.929,64.683
Ov9433_rep3_Dep6_Tu2,1.587,0.589,1.887,0.000,3.719,2.339,4.137,0.000,0.000,9.189,8.684,3.643,64.225
Ov9433_rep4_Dep6_Tu40,5.925,0.000,5.058,6.315,12.138,6.115,4.300,0.000,0.000,6.590,4.177,2.171,47.211
Ov9433_rep9_Dep6_Tu10,2.253,0.042,2.515,1.277,5.516,2.966,3.583,0.000,0.000,9.937,7.730,3.442,60.738
Ov9433_rep9_Dep6_Tu50,6.912,0.020,6.771,8.677,14.298,7.265,3.985,0.000,0.000,5.356,2.093,2.359,42.265
Ov9433_rep2_Dep6_Tu1,1.411,0.428,1.719,0.000,2.652,2.242,3.708,0.000,0.000,11.462,8.704,3.116,64.559
Ov9433_rep8_Dep6_Tu3,1.642,1.854,1.360,0.000,3.748,2.211,2.746,0.000,0.000,11.392,7.193,3.806,64.048
Ov9433_rep3_Dep6_Tu40,6.123,0.000,5.716,6.594,11.317,6.317,4.375,0.000,0.000,5.147,4.000,2.938,47.473
Ov9433_rep6_Dep6_Tu40,6.312,0.000,5.335,6.550,11.877,5.932,3.280,0.000,0.000,6.879,4.890,2.485,46.461
Ov9433_rep6_Dep6_Tu50,6.592,0.000,6.581,8.636,13.999,7.485,4.332,0.000,0.000,5.315,1.646,2.306,43.109
Ov9433_rep5_Dep6_Tu2,1.390,0.681,1.823,0.000,2.931,2.261,3.034,0.000,0.000,11.677,7.892,3.375,64.935
Ov9433_rep9_Dep6_Tu3,1.716,0.817,1.702,0.192,3.469,2.273,3.325,0.000,0.000,11.661,7.587,3.798,63.459
Ov9433_rep10_Dep6_Tu40,6.365,0.223,5.359,6.593,12.189,5.951,4.691,0.000,0.000,5.386,2.525,3.384,47.333
Ov9433_rep1_Dep6_Tu50,6.822,0.637,5.708,9.382,14.219,7.102,5.472,0.000,0.000,3.835,1.559,2.555,42.710
Ov9433_rep6_Dep6_Tu5,2.246,0.034,2.052,0.000,3.838,2.562,3.344,0.000,0.000,10.874,7.983,3.571,63.495
Ov9433_rep2_Dep6_Tu2,1.969,0.459,1.644,0.000,3.475,2.572,3.357,0.000,0.000,10.629,9.081,3.163,63.649
Ov9433_rep9_Dep6_Tu0.5,1.288,0.000,1.605,0.000,3.520,2.145,3.005,0.000,0.000,11.442,8.275,3.632,65.088
Ov9433_rep3_Dep6_Tu5,2.130,0.864,1.769,0.210,4.434,2.357,3.525,0.000,0.000,10.633,6.846,4.136,63.098
Ov9433_rep4_Dep6_Tu1,1.598,1.379,1.584,0.000,3.117,2.312,3.317,0.000,0.000,9.278,9.556,3.606,64.254
Ov9433_rep3_Dep6_Tu1,1.442,0.804,1.448,0.000,3.475,2.286,3.276,0.000,0.000,10.081,8.227,4.322,64.638
Ov9433_rep1_Dep6_Tu0.5,1.443,0.135,1.931,0.000,3.180,1.790,3.915,0.000,0.000,11.081,8.361,3.159,65.007
Ov9433_rep5_Dep6_Tu0.1,1.647,0.000,1.490,0.000,3.297,2.062,3.181,0.000,0.000,10.965,8.406,3.625,65.328
Ov9433_rep7_Dep6_Tu0.3,1.771,0.393,1.520,0.000,2.809,2.285,3.252,0.000,0.000,11.034,8.079,3.236,65.621
Ov9433_rep1_Dep6_Tu40,5.558,0.000,5.148,6.943,12.244,5.882,4.186,0.000,0.000,6.663,2.789,2.640,47.948
Ov9433_rep8_Dep6_Tu2,1.447,0.721,1.430,0.000,3.640,2.420,2.999,0.000,0.000,11.184,8.566,4.028,63.566
Ov9433_rep2_Dep6_Tu0.3,1.677,1.942,1.311,0.000,2.485,1.922,2.843,0.000,0.000,11.635,7.346,3.730,65.109
Ov9433_rep7_Dep6_Tu20,3.756,0.218,3.180,2.120,7.236,4.289,3.940,0.000,0.000,9.588,6.719,2.747,56.208
Ov9433_rep6_Dep6_Tu0.5,1.965,1.074,1.298,0.000,2.905,2.063,3.916,0.000,0.000,10.149,7.356,3.675,65.600
Ov9433_rep8_Dep6_Tu40,5.558,0.000,5.360,6.839,12.313,6.012,3.639,0.000,0.000,6.427,3.912,2.379,47.560
Ov9433_rep10_Dep6_Tu30,5.167,0.179,4.496,4.356,9.167,5.011,4.463,0.000,0.000,6.822,5.167,2.766,52.406
Ov9433_rep7_Dep6_Tu50,7.112,0.000,6.723,9.072,14.431,7.246,4.366,0.000,0.000,4.876,2.642,2.137,41.395
Ov9433_rep1_Dep6_Tu1,1.887,0.446,1.464,0.000,3.032,2.173,4.011,0.000,0.000,10.236,8.416,3.887,64.449
Ov9433_rep2_Dep6_Tu0.5,1.353,0.510,1.477,0.000,3.187,1.939,2.809,0.000,0.000,11.873,7.008,3.812,66.032
Ov9433_rep1_Dep6_Tu10,2.636,0.842,2.625,0.506,4.884,3.272,3.990,0.000,0.000,8.970,7.594,3.637,61.042
Ov9433_rep5_Dep6_Tu0.3,1.480,0.179,1.646,0.000,2.897,2.274,3.562,0.000,0.000,11.175,8.342,3.879,64.566
Ov9433_rep7_Dep6_Tu40,5.423,0.000,5.488,7.662,11.961,5.878,4.367,0.000,0.000,6.040,3.191,2.939,47.051
Ov9433_rep8_Dep6_Tu50,7.825,1.372,6.072,9.445,13.689,7.053,5.668,0.000,0.000,2.488,2.142,2.639,41.606
Ov9433_rep5_Dep6_Tu50,7.538,0.342,5.950,9.119,14.770,7.034,4.096,0.000,0.000,4.567,1.972,2.480,42.132
Ov9433_rep4_Dep6_Tu5,2.141,0.628,2.030,0.000,3.895,2.822,3.634,0.000,0.000,10.422,8.569,3.366,62.492
Ov9433_rep3_Dep6_Tu3,2.080,1.388,1.259,0.000,3.192,2.518,3.512,0.000,0.000,11.525,6.981,3.388,64.157
Ov9433_rep8_Dep6_Tu0.5,1.494,1.091,1.613,0.000,2.858,1.803,3.897,0.000,0.000,10.786,6.839,3.689,65.932
Ov9433_rep9_Dep6_Tu20,4.094,0.275,3.201,2.245,7.540,3.923,4.348,0.000,0.000,8.274,5.977,3.214,56.908
Ov9433_rep10_Dep6_Tu0.3,1.612,0.841,1.389,0.000,2.829,1.877,3.100,0.000,0.000,11.603,7.333,3.757,65.658
Ov9433_rep5_Dep6_Tu40,6.127,0.417,5.049,5.970,11.878,6.087,4.999,0.000,0.000,5.480,4.130,3.245,46.617
Ov9433_rep2_Dep6_Tu50,6.582,0.000,6.789,9.339,14.287,6.749,4.171,0.000,0.000,6.376,3.460,1.299,40.949
Ov9433_rep1_Dep6_Tu20,3.525,0.702,3.454,1.677,6.899,4.378,3.330,0.000,0.000,8.823,6.005,3.651,57.556
Ov9433_rep3_Dep6_Tu0.1,1.518,1.560,1.184,0.000,3.451,2.041,2.685,0.000,0.000,10.378,9.379,3.933,63.871
Ov9433_rep5_Dep6_Tu20,3.534,1.925,3.424,1.919,7.332,4.217,3.902,0.000,0.000,7.054,6.517,3.554,56.622
Ov9433_rep3_Dep6_Tu30,4.472,0.289,4.101,4.988,9.266,4.653,4.682,0.000,0.000,9.284,4.124,2.030,52.112
Ov9433_rep6_Dep6_Tu0.1,1.881,0.000,1.372,0.000,2.683,2.165,3.553,0.000,0.000,12.189,7.510,3.449,65.197
Ov9433_rep5_Dep6_Tu30,5.011,0.000,4.255,4.655,9.383,4.505,4.668,0.000,0.000,8.277,5.110,2.671,51.466
Ov9433_rep3_Dep6_Tu0.3,1.422,1.102,1.566,0.000,2.774,1.814,3.812,0.000,0.000,10.867,6.903,3.666,66.074
Ov9433_rep9_Dep6_Tu1,2.136,0.207,1.478,0.000,3.558,2.217,3.054,0.000,0.000,10.515,8.363,3.798,64.675
Ov9433_rep6_Dep6_Tu1,1.247,0.344,1.632,0.000,3.510,2.063,2.916,0.000,0.000,12.186,7.506,3.767,64.828
Ov9433_rep10_Dep6_Tu1,1.484,1.572,1.309,0.000,3.258,1.896,2.850,0.000,0.000,11.853,7.171,3.913,64.694
Ov9433_rep7_Dep6_Tu5,2.515,0.000,2.443,0.000,4.370,2.697,3.468,0.000,0.000,9.283,9.408,3.315,62.501
Ov9433_rep3_Dep6_Tu0.5,1.497,0.000,1.605,0.000,2.725,1.970,3.332,0.000,0.000,10.997,8.457,4.214,65.204
Ov9433_rep4_Dep6_Tu30,4.325,0.000,4.025,5.071,9.613,4.439,4.133,0.000,0.000,8.801,4.798,2.542,52.252
Ov9433_rep4_Dep6_Tu0.5,1.756,0.737,1.242,0.000,3.169,2.331,3.798,0.000,0.000,10.541,8.664,3.454,64.308
Ov9433_rep3_Dep6_Tu20,3.575,0.000,3.404,2.698,7.124,3.937,3.712,0.000,0.000,8.591,5.527,3.047,58.386
Ov9433_rep6_Dep6_Tu10,1.810,1.708,2.042,0.735,4.847,3.277,3.298,0.000,0.000,10.242,7.071,3.848,61.121
Ov9433_rep5_Dep6_Tu10,2.231,0.803,2.195,1.398,5.484,3.074,3.218,0.000,0.000,9.835,7.473,2.909,61.379
Ov9433_rep8_Dep6_Tu10,2.840,1.081,2.233,0.216,4.853,3.532,3.729,0.000,0.000,8.974,7.815,4.133,60.595
Ov9433_rep7_Dep6_Tu2,1.860,0.079,1.853,0.000,3.198,2.190,3.426,0.000,0.000,10.786,8.056,3.463,65.089
Ov9433_rep10_Dep6_Tu2,1.554,0.853,1.764,0.000,3.784,2.138,3.482,0.000,0.000,10.018,7.459,3.614,65.333
Ov9433_rep7_Dep6_Tu30,4.538,0.759,4.404,3.919,9.375,5.085,3.971,0.000,0.000,7.520,4.840,3.171,52.418
Ov9433_rep1_Dep6_Tu0.1,1.696,0.207,1.516,0.000,3.110,1.990,2.757,0.000,0.000,11.495,7.605,3.814,65.811
Ov9433_rep8_Dep6_Tu20,3.435,0.598,3.214,3.003,7.070,4.030,3.382,0.000,0.000,9.276,5.694,3.390,56.908
Ov9433_rep10_Dep6_Tu0.1,1.669,0.746,1.203,0.000,2.928,2.046,3.394,0.000,0.000,11.340,7.970,3.728,64.977
Ov9433_rep7_Dep6_Tu10,2.411,0.010,2.631,0.357,5.210,3.560,3.553,0.000,0.000,9.637,8.075,3.626,60.929
Ov9433_rep10_Dep6_Tu50,6.749,1.282,6.532,9.044,14.471,6.876,4.839,0.000,0.000,4.615,2.288,1.585,41.719
Ov9433_rep2_Dep6_Tu0.1,1.166,0.628,1.601,0.000,3.105,1.951,2.535,0.000,0.000,11.974,8.453,4.343,64.244
Ov9433_rep10_Dep6_Tu10,2.339,1.705,2.225,0.215,5.163,3.258,3.860,0.000,0.000,10.180,6.951,3.242,60.863
Ov9433_rep10_Dep6_Tu20,3.569,0.350,3.567,1.729,7.012,4.122,4.150,0.000,0.000,9.914,6.433,3.374,55.781
