Sample,BRCA,CEAD,CESC,COAD,OV,READ,bcell,cd4tcell,cd8tcell,erythroblast,monocyte,naturalkillercell,neutrophil
Cer81_rep10_Dep6_Tu5,0.000,16.225,0.000,0.096,0.000,59.831,5.995,0.000,0.000,0.924,10.711,3.934,2.283
Cer81_rep8_Dep6_Tu2,0.000,8.476,0.000,0.058,0.000,61.438,4.700,0.000,0.000,11.844,12.888,0.000,0.596
Cer81_rep6_Dep6_Tu3,0.000,11.855,0.000,0.393,0.000,60.466,3.521,0.000,0.000,0.000,11.476,10.113,2.176
Cer81_rep2_Dep6_Tu3,0.000,15.132,0.000,0.044,0.000,57.710,0.000,0.000,0.283,3.676,12.455,0.000,10.699
Cer81_rep7_Dep6_Tu20,17.983,12.846,0.000,0.445,5.388,44.493,1.367,0.000,0.059,0.542,3.582,0.000,13.293
Cer81_rep5_Dep6_Tu5,0.000,6.318,0.000,0.150,0.763,48.988,5.717,0.000,0.000,8.334,13.404,6.279,10.047
Cer81_rep4_Dep6_Tu0.1,0.000,17.211,0.000,0.000,0.000,68.189,3.158,0.000,0.000,0.589,10.508,0.000,0.344
Cer81_rep9_Dep6_Tu20,1.518,12.604,0.000,0.573,9.306,40.672,4.022,0.000,0.000,0.000,6.452,6.606,18.246
Cer81_rep9_Dep6_Tu5,0.000,13.310,0.000,1.324,0.000,51.798,5.162,0.000,0.000,4.240,11.022,9.457,3.687
Cer81_rep2_Dep6_Tu1,0.000,15.420,0.000,0.000,0.000,59.337,0.000,0.000,0.000,0.000,16.107,7.907,1.228
Cer81_rep8_Dep6_Tu3,0.000,11.764,0.000,0.497,0.000,61.684,0.000,0.000,0.000,16.417,7.277,0.000,2.361
Cer81_rep8_Dep6_Tu1,0.000,7.368,0.000,0.086,0.000,61.265,1.603,0.000,0.000,13.933,14.474,0.000,1.270
Cer81_rep1_Dep6_Tu50,12.027,3.466,0.000,4.181,26.867,21.706,0.000,0.000,5.585,2.626,7.729,3.918,11.895
Cer81_rep9_Dep6_Tu1,0.000,17.338,0.000,0.096,0.000,64.536,6.981,0.000,0.000,0.000,9.493,0.000,1.555
Cer81_rep4_Dep6_Tu30,16.046,12.939,0.000,1.069,20.041,36.751,0.000,0.000,0.000,0.000,6.648,0.000,6.506
Cer81_rep5_Dep6_Tu20,0.000,3.095,0.000,1.265,10.150,45.982,9.718,0.000,0.000,8.625,9.682,2.544,8.939
Cer81_rep2_Dep6_Tu0.5,0.000,20.057,0.000,0.013,0.000,67.859,0.049,0.000,0.000,0.704,10.786,0.000,0.531
Cer81_rep2_Dep6_Tu2,0.000,14.479,0.000,0.066,0.000,62.528,0.707,0.000,0.000,0.000,8.049,12.331,1.838
Cer81_rep5_Dep6_Tu1,0.000,13.501,0.000,0.001,0.030,53.461,3.991,0.000,0.000,6.802,12.054,9.724,0.436
Cer81_rep7_Dep6_Tu0.5,0.000,16.786,0.000,0.000,0.000,60.725,1.543,0.000,0.000,0.365,9.559,10.632,0.390
Cer81_rep5_Dep6_Tu0.1,0.000,17.832,0.000,0.000,0.000,65.366,6.989,0.000,0.000,0.000,9.344,0.000,0.469
Cer81_rep8_Dep6_Tu0.1,0.000,5.895,0.000,0.000,0.000,54.530,4.508,19.183,0.000,2.773,11.003,1.538,0.569
Cer81_rep10_Dep6_Tu10,0.000,10.432,0.000,0.468,3.318,50.491,6.288,0.000,0.000,3.778,13.583,1.649,9.992
Cer81_rep2_Dep6_Tu5,0.000,11.368,0.000,0.406,1.102,60.029,0.091,0.000,0.000,16.452,7.147,0.000,3.405
Cer81_rep8_Dep6_Tu50,14.565,1.532,0.000,1.884,20.054,16.037,0.000,0.000,21.821,0.987,4.741,0.000,18.379
Cer81_rep2_Dep6_Tu40,18.730,0.337,0.000,1.612,24.140,28.650,5.592,0.000,0.000,4.129,12.828,1.070,2.912
Cer81_rep6_Dep6_Tu30,9.456,3.603,0.000,1.119,11.505,31.939,1.488,0.000,0.000,5.639,10.298,7.474,17.479
Cer81_rep4_Dep6_Tu1,0.000,7.014,0.000,0.000,0.000,52.214,8.402,0.000,0.000,10.216,13.685,7.139,1.331
Cer81_rep3_Dep6_Tu0.3,0.000,11.755,0.000,0.000,0.000,62.172,6.416,0.000,0.000,0.000,9.790,8.855,1.011
Cer81_rep9_Dep6_Tu0.1,0.000,6.470,0.000,0.000,0.000,56.739,4.712,0.000,0.000,9.458,10.343,11.068,1.210
Cer81_rep1_Dep6_Tu40,16.532,9.194,0.000,0.743,21.804,26.022,0.000,0.000,3.810,5.124,7.927,0.749,8.095
Cer81_rep10_Dep6_Tu2,0.000,12.195,0.000,0.031,0.000,60.378,3.419,0.000,0.000,7.557,12.062,0.000,4.357
Cer81_rep7_Dep6_Tu50,0.642,9.866,42.361,1.195,14.798,22.409,0.000,0.000,0.000,0.000,5.586,0.000,3.143
Cer81_rep8_Dep6_Tu0.3,0.000,15.596,0.000,0.000,0.000,70.320,0.000,0.000,0.000,0.000,13.680,0.000,0.404
Cer81_rep8_Dep6_Tu40,0.000,10.064,0.000,0.760,23.604,26.659,0.418,0.000,0.000,0.713,8.146,0.000,29.636
Cer81_rep9_Dep6_Tu40,20.029,5.706,0.000,1.523,20.440,28.857,0.000,0.000,0.878,3.516,7.750,0.000,11.302
Cer81_rep9_Dep6_Tu10,0.000,5.680,0.000,0.483,0.000,53.806,7.238,0.000,0.000,8.381,9.018,0.000,15.393
Cer81_rep2_Dep6_Tu50,27.738,10.575,0.000,0.957,18.465,27.137,0.000,0.000,0.000,0.000,5.011,0.000,10.115
Cer81_rep8_Dep6_Tu10,0.000,3.692,0.000,0.411,6.354,53.097,7.617,0.000,0.000,6.877,8.467,6.955,6.529
Cer81_rep10_Dep6_Tu0.1,0.000,13.375,0.000,0.000,0.000,59.360,6.799,0.000,0.000,2.414,14.929,2.989,0.134
Cer81_rep3_Dep6_Tu1,0.000,7.357,0.000,0.005,0.000,58.244,5.101,0.000,0.000,9.765,18.924,0.000,0.604
Cer81_rep9_Dep6_Tu50,23.973,9.587,0.000,1.071,19.585,23.843,0.000,0.000,3.684,0.000,4.287,0.000,13.970
Cer81_rep8_Dep6_Tu30,0.000,15.352,0.000,0.698,18.715,37.693,3.719,0.000,0.000,0.000,5.692,0.000,18.130
Cer81_rep4_Dep6_Tu20,0.000,5.365,0.000,0.486,12.656,34.374,4.169,0.000,0.000,5.506,12.205,0.207,25.033
Cer81_rep10_Dep6_Tu20,0.000,3.599,0.000,1.188,4.441,42.706,0.000,0.000,26.485,0.943,5.800,4.418,10.420
Cer81_rep7_Dep6_Tu3,0.000,6.309,0.000,0.012,0.000,51.720,2.950,2.683,0.000,7.931,15.839,7.201,5.355
Cer81_rep2_Dep6_Tu30,8.645,8.249,0.000,4.462,18.455,40.294,0.000,0.000,0.000,0.000,7.779,0.000,12.115
Cer81_rep1_Dep6_Tu0.1,0.000,16.093,0.000,0.000,0.000,71.028,2.320,0.000,0.000,0.000,9.874,0.000,0.685
Cer81_rep5_Dep6_Tu10,0.000,9.035,0.000,0.464,2.428,47.950,5.751,0.000,0.000,10.328,8.188,0.000,15.857
Cer81_rep7_Dep6_Tu0.1,0.000,20.898,0.000,0.000,0.000,63.131,0.983,0.000,0.000,0.352,11.568,0.470,2.598
Cer81_rep8_Dep6_Tu0.5,0.000,11.805,0.000,0.000,0.000,62.155,6.478,0.000,0.000,0.000,9.800,8.750,1.012
Cer81_rep7_Dep6_Tu1,0.000,17.935,0.000,0.152,0.000,65.078,2.082,0.000,0.000,0.327,14.106,0.000,0.320
Cer81_rep10_Dep6_Tu0.5,0.000,11.676,0.000,0.000,0.000,62.805,7.809,0.000,0.000,3.146,14.203,0.000,0.361
Cer81_rep8_Dep6_Tu20,0.000,5.489,0.000,1.096,11.532,46.567,7.271,0.000,0.000,7.539,8.256,0.348,11.902
Cer81_rep4_Dep6_Tu5,0.000,3.994,0.000,0.238,0.000,48.871,0.607,0.000,0.000,11.848,14.896,8.825,10.720
Cer81_rep3_Dep6_Tu30,0.000,10.664,0.000,0.961,25.445,33.306,1.072,0.000,0.000,0.000,6.616,0.000,21.936
Cer81_rep9_Dep6_Tu0.3,0.000,15.594,0.000,0.102,0.000,70.239,0.000,0.000,0.000,0.000,13.757,0.000,0.307
Cer81_rep4_Dep6_Tu0.3,0.000,14.853,0.000,0.000,0.000,60.579,6.704,0.000,0.000,4.171,13.231,0.104,0.358
Cer81_rep1_Dep6_Tu30,3.598,15.334,0.000,0.879,20.629,34.284,0.025,0.000,0.000,0.000,5.707,0.000,19.544
Cer81_rep1_Dep6_Tu1,0.000,8.136,0.000,0.000,0.000,58.834,10.565,0.000,0.000,7.667,9.554,4.658,0.585
Cer81_rep4_Dep6_Tu50,15.395,8.156,0.000,1.168,32.647,19.403,0.000,0.000,0.000,0.000,8.999,0.000,14.232
Cer81_rep6_Dep6_Tu0.1,0.000,12.668,0.000,0.000,0.000,61.194,1.874,0.000,0.000,0.000,11.526,12.370,0.368
Cer81_rep1_Dep6_Tu0.5,0.000,13.575,0.000,0.000,0.000,60.703,5.306,0.000,0.000,0.000,9.472,9.935,1.009
Cer81_rep3_Dep6_Tu50,3.948,6.241,0.000,1.069,33.446,24.676,0.000,0.000,0.000,0.000,7.623,0.000,22.996
Cer81_rep6_Dep6_Tu50,0.000,5.610,0.000,2.216,33.366,16.097,0.000,0.000,7.474,4.236,9.093,4.574,17.334
Cer81_rep4_Dep6_Tu40,10.194,14.261,0.000,1.272,19.911,21.190,0.000,0.000,0.000,0.000,12.355,0.000,20.816
Cer81_rep7_Dep6_Tu5,0.000,14.753,0.000,0.214,0.001,57.523,6.645,0.000,1.305,0.226,9.362,5.406,4.565
Cer81_rep9_Dep6_Tu30,0.000,6.331,4.509,1.224,15.160,32.099,3.246,0.000,0.000,9.099,10.032,0.000,18.300
Cer81_rep5_Dep6_Tu0.5,0.000,15.248,0.000,0.000,0.000,66.608,1.983,0.000,0.000,0.037,15.112,0.054,0.957
Cer81_rep5_Dep6_Tu2,0.000,5.594,0.000,0.075,0.000,54.385,0.281,0.000,0.000,9.059,13.195,14.881,2.529
Cer81_rep5_Dep6_Tu3,0.000,15.618,0.000,0.215,0.000,59.941,0.348,0.000,0.000,1.405,10.259,0.000,12.214
Cer81_rep2_Dep6_Tu0.3,0.000,11.940,0.000,0.000,0.000,63.117,0.164,0.000,0.000,17.185,6.650,0.000,0.943
Cer81_rep10_Dep6_Tu1,0.000,11.417,0.000,0.320,0.000,62.495,0.045,0.000,0.000,17.395,7.310,0.055,0.963
Cer81_rep3_Dep6_Tu20,0.000,14.340,0.000,0.441,19.180,47.511,0.000,0.000,0.000,0.000,10.419,0.000,8.109
Cer81_rep4_Dep6_Tu10,0.000,12.508,0.000,1.358,0.000,53.051,0.000,0.000,0.000,0.000,13.992,0.000,19.091
Cer81_rep4_Dep6_Tu2,0.000,8.104,0.000,0.000,0.000,57.178,2.456,0.000,0.000,8.242,20.845,1.633,1.540
Cer81_rep1_Dep6_Tu20,0.086,3.800,0.000,0.683,15.512,35.287,0.000,0.000,0.000,7.403,8.980,7.162,21.088
Cer81_rep3_Dep6_Tu40,0.000,2.888,0.000,1.613,25.537,23.850,2.447,0.000,0.000,7.391,6.227,0.000,30.045
Cer81_rep9_Dep6_Tu0.5,0.000,16.458,0.000,0.000,0.000,62.134,0.291,0.000,0.000,0.641,12.045,1.647,6.784
Cer81_rep2_Dep6_Tu10,0.000,20.026,0.000,1.720,0.000,55.183,0.355,0.000,0.000,1.116,12.263,0.380,8.955
Cer81_rep6_Dep6_Tu0.3,0.000,9.862,0.000,0.000,0.000,54.543,5.649,0.000,0.000,9.434,19.512,0.380,0.620
Cer81_rep10_Dep6_Tu30,0.000,12.207,0.000,0.838,24.855,32.034,0.000,0.000,0.000,0.000,8.417,1.306,20.343
Cer81_rep1_Dep6_Tu10,0.000,7.538,0.000,0.178,0.000,42.953,10.731,0.000,0.000,9.214,11.443,4.279,13.664
Cer81_rep7_Dep6_Tu2,0.000,17.521,0.000,0.000,0.000,70.134,6.098,0.000,0.000,0.359,5.390,0.000,0.498
Cer81_rep6_Dep6_Tu2,0.000,4.832,0.000,0.108,0.000,56.299,0.019,0.000,0.000,7.619,15.651,13.748,1.724
Cer81_rep10_Dep6_Tu40,0.000,2.991,0.000,1.030,34.829,28.016,5.232,0.000,0.000,2.142,7.397,3.859,14.503
Cer81_rep6_Dep6_Tu5,0.000,16.237,0.000,0.125,7.539,65.121,4.696,0.000,0.000,0.000,5.281,0.000,1.000
Cer81_rep5_Dep6_Tu40,5.452,6.098,0.000,1.216,21.588,31.267,0.000,0.000,1.249,3.103,8.069,1.863,20.094
Cer81_rep3_Dep6_Tu3,0.000,15.928,0.000,0.145,2.795,57.450,2.956,0.000,0.000,4.018,14.080,0.924,1.704
Cer81_rep1_Dep6_Tu2,0.000,18.083,0.000,0.026,0.000,64.404,6.824,0.000,0.000,1.238,8.098,0.000,1.326
Cer81_rep6_Dep6_Tu10,0.000,9.191,0.000,1.245,4.827,56.747,0.452,0.000,0.000,8.824,16.053,0.000,2.661
Cer81_rep9_Dep6_Tu2,0.000,21.909,0.000,0.157,0.000,59.677,0.753,0.000,0.000,0.535,15.364,0.000,1.605
Cer81_rep6_Dep6_Tu0.5,0.000,6.427,0.000,0.000,0.000,59.280,7.645,0.000,0.000,8.496,9.727,7.793,0.632
Cer81_rep1_Dep6_Tu0.3,0.000,8.706,0.000,0.000,0.000,59.973,4.396,0.000,0.000,0.430,15.118,11.067,0.309
Cer81_rep1_Dep6_Tu3,0.000,13.019,0.000,0.141,0.000,54.866,7.177,0.000,0.000,0.473,14.901,6.039,3.384
Cer81_rep2_Dep6_Tu0.1,0.000,10.446,0.000,0.000,0.000,57.461,1.463,0.000,0.000,12.559,15.444,2.010,0.617
Cer81_rep7_Dep6_Tu0.3,0.000,18.085,0.000,0.286,0.000,61.518,0.967,0.000,0.000,0.000,17.399,1.167,0.577
Cer81_rep5_Dep6_Tu30,0.000,19.025,0.000,1.558,14.132,36.162,8.960,0.000,0.000,0.000,2.480,0.000,17.682
Cer81_rep10_Dep6_Tu3,0.000,9.610,0.000,0.140,0.000,61.042,5.221,0.000,0.000,7.932,13.275,0.000,2.780
Cer81_rep6_Dep6_Tu40,0.588,8.512,0.000,1.363,26.334,28.794,0.000,0.000,0.000,2.980,8.581,0.000,22.848
Cer81_rep3_Dep6_Tu0.5,0.000,9.580,0.000,0.000,0.000,54.372,5.601,0.000,0.000,9.721,19.552,0.538,0.635
Cer81_rep8_Dep6_Tu5,0.000,7.105,0.000,0.367,2.306,52.906,4.734,0.000,0.000,6.743,9.694,11.475,4.670
Cer81_rep7_Dep6_Tu30,25.166,10.172,0.000,0.923,9.936,33.451,0.000,0.000,0.000,0.000,5.312,0.000,15.038
Cer81_rep3_Dep6_Tu2,0.000,6.220,0.000,0.116,0.000,58.555,4.718,0.000,0.000,0.383,14.096,11.365,4.547
Cer81_rep5_Dep6_Tu50,23.391,8.694,0.000,1.916,26.348,23.244,2.435,0.000,0.000,0.514,5.324,1.049,7.086
Cer81_rep2_Dep6_Tu20,0.000,8.560,0.000,0.438,13.650,44.230,5.523,0.000,0.000,0.228,5.343,4.008,18.020
Cer81_rep7_Dep6_Tu40,17.119,7.137,0.000,1.042,10.654,28.470,1.584,0.000,11.514,4.034,5.446,0.000,13.002
Cer81_rep10_Dep6_Tu0.3,0.000,11.686,0.000,0.000,0.000,62.901,0.000,0.000,0.000,0.000,16.297,8.373,0.743
Cer81_rep4_Dep6_Tu3,0.000,10.093,2.624,0.037,0.000,61.289,1.090,0.000,0.000,14.087,9.427,0.174,1.180
Cer81_rep6_Dep6_Tu1,0.000,13.448,0.000,0.000,0.000,60.759,9.755,0.000,0.000,1.608,13.375,0.000,1.054
Cer81_rep4_Dep6_Tu0.5,0.000,5.187,0.000,0.000,0.000,59.111,11.040,0.000,0.000,10.850,13.194,0.000,0.617
Cer81_rep3_Dep6_Tu0.1,0.000,8.650,0.000,0.000,0.000,57.049,5.700,0.000,0.000,8.548,19.295,0.000,0.758
Cer81_rep7_Dep6_Tu10,0.000,15.442,0.000,0.468,4.003,51.369,0.077,0.000,0.000,0.893,9.315,1.960,16.472
Cer81_rep10_Dep6_Tu50,21.856,4.302,0.000,1.811,24.776,28.116,0.000,0.000,0.000,0.000,6.897,0.000,12.243
Cer81_rep5_Dep6_Tu0.3,0.000,5.258,0.000,0.000,0.000,54.244,0.513,0.000,0.000,11.741,17.386,10.136,0.721
Cer81_rep6_Dep6_Tu20,0.000,13.003,0.000,0.695,17.869,46.483,0.000,0.000,0.000,0.470,7.091,10.730,3.659
Cer81_rep3_Dep6_Tu5,0.000,12.916,0.000,0.315,0.000,64.523,7.524,0.000,0.000,4.272,6.942,0.000,3.506
Cer81_rep3_Dep6_Tu10,0.000,17.689,0.000,0.547,9.236,58.190,2.853,0.000,0.000,0.000,5.890,0.000,5.593
Cer81_rep9_Dep6_Tu3,0.000,7.789,0.000,0.090,0.000,58.240,7.981,0.000,0.000,8.754,13.018,1.015,3.113
Cer81_rep1_Dep6_Tu5,0.000,15.126,0.000,0.193,4.789,56.793,1.626,0.000,0.000,0.000,8.747,8.970,3.755
