Sample,BRCA,CEAD,CESC,COAD,OV,READ,bcell,cd4tcell,cd8tcell,erythroblast,monocyte,naturalkillercell,neutrophil,Unknown-1,Unknown-2,Unknown-3,Unknown-4,Unknown-5,Unknown-6,Unknown-7,Unknown-8,Unknown-9,Unknown-10
Cer77_rep9_Dep6_Tu3,0.000,0.000,0.000,0.000,5.566,0.000,0.000,0.000,0.000,19.935,0.000,0.000,0.824,0.000,0.000,0.000,5.109,0.000,3.884,48.733,6.818,9.130,0.000
Cer77_rep5_Dep6_Tu30,0.086,5.489,0.000,0.319,17.819,8.177,0.000,33.958,0.000,0.000,0.000,3.538,2.033,0.000,0.000,0.000,0.000,0.000,0.000,25.214,0.000,3.365,0.000
Cer77_rep3_Dep6_Tu30,0.009,16.797,0.000,0.653,5.419,0.000,0.000,45.022,0.000,0.000,0.000,0.000,5.002,0.000,0.000,0.000,0.000,0.000,0.000,26.439,0.000,0.658,0.000
Cer77_rep8_Dep6_Tu50,0.535,12.707,0.000,1.585,16.331,12.664,0.000,44.141,0.000,0.000,0.000,0.000,3.069,0.000,0.000,0.000,0.000,0.000,6.295,2.432,0.000,0.239,0.000
Cer77_rep1_Dep6_Tu1,0.000,0.000,0.000,0.000,0.276,0.000,17.623,0.000,0.000,0.000,0.000,0.000,0.000,0.000,0.000,0.000,5.024,0.000,0.000,55.232,7.137,5.329,9.377
Cer77_rep7_Dep6_Tu3,0.000,0.000,0.000,0.000,0.359,0.000,0.000,0.000,0.000,0.000,0.000,0.000,0.000,0.000,0.000,0.000,8.028,0.000,28.836,51.788,0.000,10.987,0.000
Cer77_rep10_Dep6_Tu2,0.000,0.000,0.000,0.236,1.122,0.000,0.000,0.000,0.000,0.000,20.752,0.000,0.000,0.000,0.000,0.000,5.841,0.000,0.000,52.215,0.000,10.061,9.771
Cer77_rep2_Dep6_Tu0.5,0.000,0.000,0.000,0.000,0.423,0.000,0.000,0.000,0.000,0.000,0.000,0.000,0.000,0.000,0.000,0.000,14.018,0.000,0.000,59.955,13.173,12.429,0.000
Cer77_rep3_Dep6_Tu20,0.032,4.377,0.000,0.206,2.394,10.207,0.000,0.000,0.000,0.000,0.000,0.000,2.763,0.000,0.000,39.273,0.000,0.000,0.000,35.404,0.000,5.344,0.000
Cer77_rep1_Dep6_Tu2,0.000,0.000,0.000,0.000,0.645,0.000,0.000,0.000,0.000,0.000,0.000,11.039,0.000,0.000,0.000,0.000,19.545,0.000,0.000,61.396,0.000,7.373,0.000
Cer77_rep2_Dep6_Tu5,0.000,0.058,0.000,0.106,0.609,0.000,0.000,20.257,0.000,0.000,0.000,0.000,0.749,0.000,0.000,0.000,18.642,0.000,0.000,54.074,0.000,5.504,0.000
Cer77_rep5_Dep6_Tu0.5,0.000,0.000,0.000,0.000,0.161,0.000,0.000,0.000,0.000,0.000,0.000,0.000,0.000,2.794,7.259,0.294,10.248,0.000,0.000,60.240,3.815,14.566,0.622
Cer77_rep2_Dep6_Tu50,0.535,4.891,0.000,2.239,2.370,0.000,0.000,61.228,0.000,0.000,0.000,0.000,19.302,0.000,0.000,0.000,0.000,0.000,0.000,9.433,0.000,0.000,0.000
Cer77_rep9_Dep6_Tu0.5,0.000,0.000,0.000,0.000,0.675,0.000,0.000,0.000,0.000,0.000,0.000,0.000,0.000,0.000,11.262,0.000,11.166,0.000,0.000,51.827,8.723,12.452,3.894
Cer77_rep4_Dep6_Tu10,0.061,0.774,0.000,0.204,3.415,0.000,0.000,0.000,0.000,0.000,0.559,0.000,0.000,0.000,0.000,33.404,5.391,0.000,0.332,46.222,0.000,6.671,2.967
Cer77_rep9_Dep6_Tu20,0.120,2.324,0.000,0.309,1.682,0.000,0.000,15.636,0.000,0.000,0.000,0.000,2.831,0.000,0.000,40.104,0.000,0.000,0.000,34.600,0.000,2.394,0.000
Cer77_rep3_Dep6_Tu10,0.000,1.410,0.000,0.540,0.501,0.000,0.001,36.990,0.000,0.000,4.331,0.000,0.000,0.000,0.000,0.000,3.911,0.000,0.000,45.818,0.000,6.497,0.000
Cer77_rep6_Dep6_Tu5,0.000,0.000,0.000,0.041,1.293,0.000,0.725,0.000,0.000,0.000,0.000,0.000,0.001,0.000,0.000,0.000,10.685,0.000,8.808,55.586,0.000,3.866,18.994
Cer77_rep5_Dep6_Tu1,0.000,0.000,0.000,0.000,0.078,0.000,0.000,0.000,0.000,0.000,0.000,0.000,0.000,18.605,0.000,0.000,9.065,2.329,0.000,45.267,0.000,10.417,14.238
Cer77_rep5_Dep6_Tu0.3,0.000,0.000,0.000,0.000,0.012,0.000,0.000,0.000,0.000,4.650,6.818,0.000,0.000,4.358,0.000,0.000,0.997,0.000,0.000,44.773,0.000,12.004,26.388
Cer77_rep4_Dep6_Tu50,0.926,14.826,0.000,0.897,8.770,0.000,0.000,40.334,0.000,0.000,0.000,0.000,13.093,0.000,4.343,0.000,0.000,0.000,13.367,3.172,0.000,0.271,0.000
Cer77_rep6_Dep6_Tu0.3,0.000,0.000,0.000,0.000,0.104,0.000,0.000,0.000,0.000,24.124,0.000,0.000,0.000,0.000,0.000,0.000,5.765,0.000,0.000,44.995,5.928,16.349,2.735
Cer77_rep4_Dep6_Tu40,0.251,3.950,0.000,0.479,6.380,12.656,0.000,51.480,0.000,0.000,0.000,0.000,9.343,0.000,0.000,0.000,0.000,0.000,0.000,14.373,0.000,1.086,0.000
Cer77_rep10_Dep6_Tu5,0.000,0.000,0.000,0.173,0.798,0.000,0.000,0.000,0.000,0.000,0.000,0.000,0.000,25.913,0.000,18.904,1.644,0.000,0.000,46.271,0.000,6.295,0.000
Cer77_rep3_Dep6_Tu1,0.000,0.000,0.000,0.000,0.706,0.000,5.306,0.000,0.000,0.000,18.565,0.000,0.141,0.000,0.000,0.000,4.385,0.000,0.000,53.804,0.000,17.092,0.000
Cer77_rep8_Dep6_Tu40,0.000,11.430,0.000,0.416,7.351,0.000,0.000,58.377,0.000,0.000,0.000,0.000,9.570,0.000,0.000,0.000,0.000,0.000,0.000,12.607,0.000,0.248,0.000
Cer77_rep7_Dep6_Tu0.3,0.000,0.000,0.000,0.000,0.203,0.000,0.000,0.000,0.000,0.000,0.000,0.000,0.000,15.735,0.000,0.000,15.633,0.000,0.000,60.729,0.000,7.607,0.092
Cer77_rep3_Dep6_Tu0.1,0.000,0.000,0.000,0.000,0.591,0.000,0.000,0.000,0.000,0.000,0.000,0.000,0.000,0.000,0.000,0.000,10.717,0.000,0.000,57.355,0.000,16.106,15.229
Cer77_rep4_Dep6_Tu0.3,0.000,0.000,0.000,0.000,0.130,0.000,0.000,0.000,0.000,0.000,0.000,0.693,0.054,10.120,0.000,0.000,10.463,0.000,0.000,55.651,8.978,11.964,1.947
Cer77_rep6_Dep6_Tu2,0.000,0.000,0.000,0.009,0.007,0.000,0.000,2.800,0.000,0.000,0.000,0.000,0.002,0.000,0.000,0.000,0.865,0.000,0.000,49.430,0.000,7.019,39.866
Cer77_rep6_Dep6_Tu20,0.000,16.580,0.000,1.240,0.311,0.000,0.000,38.522,0.000,0.000,4.926,0.000,0.000,0.000,0.000,0.000,0.000,0.000,0.000,33.225,0.000,5.194,0.000
Cer77_rep9_Dep6_Tu40,0.122,7.913,0.000,0.737,12.151,0.000,0.003,29.132,0.000,0.000,0.000,0.000,18.475,0.000,0.000,0.000,0.000,0.000,17.793,12.519,0.000,1.153,0.000
Cer77_rep6_Dep6_Tu40,0.152,8.757,0.000,1.391,2.310,0.000,0.000,0.000,0.000,0.000,0.000,0.000,22.393,0.000,0.000,0.000,0.000,0.000,50.816,13.099,0.000,1.081,0.000
Cer77_rep8_Dep6_Tu5,0.000,0.733,0.000,1.219,8.322,0.000,0.000,0.000,0.000,0.000,14.360,0.000,0.000,0.000,4.374,0.000,1.341,0.000,0.000,40.333,14.654,5.075,9.586
Cer77_rep5_Dep6_Tu50,0.000,12.889,0.000,0.577,1.808,10.545,0.000,49.506,0.000,0.000,0.000,0.000,10.823,0.000,0.000,0.000,0.000,0.000,0.000,9.428,0.000,4.423,0.000
Cer77_rep1_Dep6_Tu30,0.079,12.346,0.000,0.671,7.650,0.000,0.000,39.445,0.000,0.000,0.000,0.000,4.736,0.000,0.000,10.847,0.000,0.000,0.000,24.113,0.000,0.112,0.000
Cer77_rep2_Dep6_Tu20,5.790,5.020,0.000,0.428,3.160,0.000,0.000,0.000,0.000,0.000,0.000,0.000,6.345,0.000,0.000,0.000,0.000,0.000,46.183,27.672,0.000,5.399,0.000
Cer77_rep4_Dep6_Tu0.5,0.000,0.000,0.000,0.000,0.322,0.000,15.139,0.000,0.000,0.000,0.000,0.000,0.000,0.000,0.000,0.000,3.650,0.000,2.074,53.546,0.000,10.154,15.113
Cer77_rep2_Dep6_Tu40,0.000,19.721,0.000,0.810,0.000,10.563,9.537,41.754,0.000,0.000,0.000,0.000,2.940,0.000,0.000,0.436,0.000,0.000,0.000,13.867,0.000,0.372,0.000
Cer77_rep8_Dep6_Tu30,0.000,12.086,0.000,0.280,1.917,0.000,0.252,0.000,0.000,0.000,0.000,29.450,8.329,0.000,0.000,25.813,0.000,0.000,0.000,21.165,0.000,0.706,0.000
Cer77_rep3_Dep6_Tu40,3.384,15.491,0.000,1.083,6.232,0.000,0.000,57.160,0.000,0.000,0.000,0.000,0.000,0.000,0.000,0.000,0.000,0.000,0.000,16.394,0.000,0.256,0.000
Cer77_rep4_Dep6_Tu0.1,0.000,0.000,0.000,0.000,0.049,0.000,0.044,0.000,0.000,0.000,0.000,0.000,0.000,28.265,0.000,0.000,3.691,0.000,0.000,59.299,0.000,7.540,1.110
Cer77_rep2_Dep6_Tu1,0.000,0.000,0.000,0.000,1.162,0.000,0.000,0.000,0.000,0.000,0.000,0.000,0.000,13.148,0.000,0.000,10.746,0.000,0.000,54.959,0.000,9.965,10.019
Cer77_rep3_Dep6_Tu3,0.000,0.000,0.000,0.017,0.000,0.000,0.000,0.000,0.000,0.000,0.000,3.176,0.257,0.000,0.000,13.766,17.454,0.000,1.014,53.812,0.000,10.502,0.000
Cer77_rep2_Dep6_Tu30,0.267,13.156,0.000,2.533,6.195,0.000,0.000,42.678,0.000,0.000,0.000,0.000,6.840,0.000,0.000,0.000,0.000,0.000,0.385,25.779,0.000,2.165,0.000
Cer77_rep9_Dep6_Tu30,0.106,4.839,0.000,0.320,6.485,5.916,0.000,54.270,0.000,0.000,0.000,0.000,1.530,0.000,0.000,0.000,0.000,0.000,0.000,19.895,0.000,6.638,0.000
Cer77_rep7_Dep6_Tu20,0.090,4.542,0.000,0.202,2.607,0.000,0.000,38.369,0.000,0.000,0.000,0.000,3.359,0.000,0.000,0.000,0.000,0.000,13.209,33.539,0.000,4.081,0.000
Cer77_rep6_Dep6_Tu1,0.000,0.000,0.000,0.000,0.211,0.000,1.477,0.000,0.000,0.000,0.000,0.350,0.205,6.807,0.000,0.000,5.860,0.000,0.000,56.819,14.540,13.253,0.477
Cer77_rep7_Dep6_Tu50,0.273,17.040,0.000,1.823,1.969,0.000,0.000,62.887,0.000,0.000,0.000,0.000,10.777,0.000,0.000,0.000,0.000,0.000,0.000,4.923,0.000,0.309,0.000
Cer77_rep3_Dep6_Tu5,0.000,0.000,0.000,0.192,0.711,0.000,1.906,0.000,0.000,0.000,5.719,15.425,0.000,0.000,0.000,0.000,9.558,0.000,0.000,56.481,0.000,10.007,0.000
Cer77_rep8_Dep6_Tu0.5,0.000,0.000,0.000,0.000,0.356,0.000,0.309,0.000,0.000,0.000,0.000,0.000,0.000,0.000,0.000,0.000,4.350,0.000,0.841,54.585,34.857,4.702,0.000
Cer77_rep9_Dep6_Tu0.3,0.000,0.000,0.000,0.000,0.121,0.000,0.000,0.000,0.000,0.000,0.000,0.000,0.000,0.000,8.612,0.000,11.372,0.000,0.000,63.455,0.000,15.440,0.998
Cer77_rep6_Dep6_Tu0.5,0.000,0.000,0.000,0.000,0.352,0.000,16.038,0.000,9.760,0.000,0.000,0.000,0.000,0.000,0.000,0.000,3.610,0.000,0.000,52.050,9.652,7.664,0.872
Cer77_rep7_Dep6_Tu1,0.000,0.000,0.000,0.000,0.000,0.000,0.000,0.000,0.000,0.000,0.000,0.000,0.000,0.000,6.231,0.827,12.585,0.000,0.000,58.083,10.193,12.080,0.000
Cer77_rep5_Dep6_Tu3,0.000,0.255,0.000,0.000,1.524,0.000,0.000,0.000,0.000,0.000,0.000,0.000,0.000,0.000,0.000,13.908,16.850,0.000,1.419,52.579,0.000,13.463,0.000
Cer77_rep10_Dep6_Tu3,0.000,0.000,0.000,0.000,0.594,0.000,6.470,0.000,0.000,0.000,0.000,0.000,0.000,0.000,0.000,0.000,8.372,0.000,2.131,52.313,14.925,11.811,3.383
Cer77_rep9_Dep6_Tu5,0.000,0.000,0.000,0.025,0.553,0.000,0.273,13.812,0.000,0.000,0.000,0.000,1.206,0.000,0.000,0.000,11.863,16.834,0.000,46.291,0.000,9.142,0.000
Cer77_rep10_Dep6_Tu20,0.003,0.302,0.000,1.016,3.743,0.000,0.000,58.399,0.000,0.000,0.000,0.000,6.999,0.000,0.000,0.000,0.000,0.000,0.000,28.088,0.000,1.449,0.000
Cer77_rep1_Dep6_Tu3,0.000,0.584,0.000,0.125,2.277,0.000,0.000,0.000,0.000,0.000,0.000,0.000,0.060,4.088,0.000,0.000,3.529,0.000,2.063,48.769,20.819,11.143,6.544
Cer77_rep5_Dep6_Tu2,0.000,0.000,0.000,0.000,0.615,0.000,0.000,0.000,0.000,1.317,0.000,0.000,0.000,9.809,0.000,0.000,1.390,0.000,0.000,49.978,1.015,4.362,31.512
Cer77_rep5_Dep6_Tu5,0.000,0.000,0.000,0.000,3.678,0.000,2.334,1.354,0.000,0.000,0.000,0.000,0.028,0.000,0.000,1.744,1.578,0.000,6.916,46.982,0.000,2.841,32.543
Cer77_rep8_Dep6_Tu2,0.000,0.000,0.000,0.133,1.262,0.000,7.953,0.000,0.000,10.231,0.000,0.000,0.000,4.165,0.000,0.000,7.979,0.000,0.000,54.040,0.000,9.068,5.168
Cer77_rep8_Dep6_Tu10,0.000,4.650,0.000,0.449,1.820,0.000,13.850,27.479,0.000,0.000,0.000,0.000,0.000,0.000,0.000,0.000,0.000,0.000,2.586,47.506,0.000,1.658,0.000
Cer77_rep10_Dep6_Tu30,0.000,5.428,0.000,0.932,7.000,3.924,0.000,0.000,0.000,0.000,0.000,53.659,11.796,0.000,0.000,0.000,0.000,0.000,0.000,17.109,0.000,0.151,0.000
Cer77_rep10_Dep6_Tu0.1,0.000,0.000,0.000,0.000,0.000,0.000,1.013,0.000,0.000,4.287,0.000,0.000,0.000,0.000,0.000,0.000,5.432,0.000,0.398,52.999,20.880,11.905,3.084
Cer77_rep6_Dep6_Tu3,0.000,0.000,0.000,0.115,1.490,0.000,0.029,0.000,0.000,0.000,0.000,0.000,0.000,0.000,0.000,8.792,1.997,0.000,0.000,52.293,27.107,8.176,0.000
Cer77_rep7_Dep6_Tu10,0.000,0.094,0.000,0.114,6.056,0.000,0.000,0.000,0.000,0.000,0.000,0.000,0.973,0.000,0.000,24.737,11.098,0.000,0.000,39.770,0.000,8.477,8.679
Cer77_rep1_Dep6_Tu0.1,0.000,0.000,0.000,0.000,0.375,0.000,0.335,0.000,0.000,0.000,0.000,0.000,0.000,0.000,0.000,0.000,10.591,0.000,0.000,65.290,15.732,7.676,0.000
Cer77_rep10_Dep6_Tu50,0.000,14.758,0.000,1.598,6.383,14.235,0.000,44.454,0.000,0.000,0.000,0.000,9.355,0.000,0.000,0.000,0.000,0.000,0.000,8.825,0.000,0.391,0.000
Cer77_rep3_Dep6_Tu2,0.000,0.000,0.000,0.004,0.709,0.339,1.529,0.000,0.000,0.000,0.000,0.000,0.007,0.000,0.000,0.000,1.715,0.000,9.699,51.989,0.000,13.998,20.010
Cer77_rep2_Dep6_Tu10,0.053,11.078,0.000,0.151,5.279,0.000,0.000,0.000,0.000,0.000,0.000,0.000,0.000,0.000,33.535,5.622,0.268,0.000,0.000,41.073,0.000,2.939,0.000
Cer77_rep4_Dep6_Tu5,0.000,0.000,0.000,0.079,2.146,0.000,0.000,0.000,0.000,0.000,19.145,0.000,0.000,0.000,0.000,0.000,0.423,0.000,16.099,37.709,0.000,7.903,16.496
Cer77_rep4_Dep6_Tu2,0.000,0.000,0.000,0.000,0.489,0.000,8.703,0.000,11.390,4.097,0.000,0.000,0.000,0.000,8.681,0.000,2.695,0.000,0.000,48.330,0.240,13.614,1.760
Cer77_rep8_Dep6_Tu3,0.000,0.000,0.000,0.164,0.819,0.000,0.000,0.000,0.000,0.000,39.029,0.000,0.000,0.000,0.000,0.000,5.071,0.000,0.000,48.346,0.000,6.570,0.000
Cer77_rep7_Dep6_Tu5,0.057,0.000,0.000,0.047,0.235,0.000,0.087,0.000,0.000,0.000,5.460,0.000,0.064,0.000,0.000,0.000,6.657,0.000,25.844,55.082,0.000,6.467,0.000
Cer77_rep4_Dep6_Tu3,0.000,0.000,0.000,0.000,0.635,0.000,0.077,6.733,0.000,0.004,28.818,0.000,0.000,0.000,0.000,0.000,2.166,0.000,1.156,52.960,0.000,6.723,0.726
Cer77_rep7_Dep6_Tu2,0.000,0.000,0.000,0.000,0.519,0.000,0.725,0.000,0.000,0.000,0.773,0.000,0.000,0.000,0.000,0.000,6.296,0.000,4.244,58.210,21.454,2.574,5.204
Cer77_rep10_Dep6_Tu40,0.000,8.958,0.000,0.632,5.031,0.000,9.620,43.184,0.000,0.000,0.000,0.000,10.819,0.000,0.000,0.000,0.000,0.000,10.958,10.392,0.000,0.405,0.000
Cer77_rep6_Dep6_Tu10,0.000,2.377,0.000,0.270,0.750,0.000,0.000,0.000,0.000,0.000,0.000,0.000,1.523,0.000,0.000,21.292,0.000,0.000,20.161,42.857,0.000,10.768,0.000
Cer77_rep6_Dep6_Tu50,0.472,5.359,0.000,1.087,4.212,0.000,0.000,66.309,0.000,0.000,0.000,0.000,17.615,0.000,0.000,0.000,0.000,0.000,0.000,4.417,0.000,0.529,0.000
Cer77_rep2_Dep6_Tu2,0.000,0.000,0.000,0.000,0.252,0.000,0.000,0.000,0.000,0.000,0.000,0.000,0.000,35.343,0.000,0.000,4.620,0.000,4.616,49.216,0.000,5.953,0.000
Cer77_rep1_Dep6_Tu5,0.123,1.228,0.000,0.008,0.686,0.000,0.562,0.000,0.000,0.000,0.000,0.000,0.000,0.000,0.000,9.252,4.684,0.000,0.961,45.913,27.864,8.718,0.000
Cer77_rep5_Dep6_Tu0.1,0.000,0.000,0.000,0.000,0.468,0.000,5.279,0.000,0.000,0.000,0.000,2.191,0.000,0.000,0.000,0.000,18.608,0.000,0.000,60.105,0.123,12.317,0.907
Cer77_rep9_Dep6_Tu50,0.364,7.336,0.000,1.017,5.017,14.090,0.000,27.698,0.000,0.000,0.000,24.659,9.957,0.000,0.661,0.000,0.000,0.000,0.000,9.200,0.000,0.000,0.000
Cer77_rep10_Dep6_Tu0.3,0.000,0.000,0.000,0.000,0.008,0.000,0.000,0.000,18.041,0.000,0.000,0.000,0.000,7.621,0.000,0.647,5.045,0.000,0.000,59.078,0.000,9.443,0.115
Cer77_rep3_Dep6_Tu0.3,0.000,0.000,0.000,0.000,0.492,0.000,0.342,0.000,0.000,0.000,0.000,0.000,0.000,0.000,0.000,0.000,4.271,0.000,0.559,54.221,34.894,5.220,0.000
Cer77_rep1_Dep6_Tu0.5,0.000,0.000,0.000,0.000,0.556,0.000,0.000,0.000,0.000,0.000,0.000,0.000,0.000,0.000,0.000,0.000,4.522,0.000,0.000,57.607,31.247,6.066,0.000
Cer77_rep4_Dep6_Tu1,0.000,0.000,0.000,0.000,0.806,0.000,13.591,0.000,0.000,5.291,0.000,0.000,0.000,12.719,0.000,0.000,5.841,0.000,0.532,47.266,8.010,5.943,0.000
Cer77_rep2_Dep6_Tu0.3,0.000,0.000,0.000,0.000,0.093,0.000,0.000,0.000,0.000,0.000,30.631,0.000,0.000,0.000,0.000,0.000,10.457,0.000,0.000,53.281,0.000,5.530,0.006
Cer77_rep10_Dep6_Tu10,0.123,1.493,0.000,0.291,23.273,0.000,1.056,0.000,0.000,0.000,0.000,0.000,0.000,0.000,0.000,0.000,6.391,0.000,0.000,39.230,19.305,8.837,0.000
Cer77_rep3_Dep6_Tu50,0.258,11.582,0.000,1.073,5.531,0.000,0.000,0.000,0.000,0.000,0.000,0.000,20.475,0.000,0.000,53.958,0.000,0.000,0.000,7.121,0.000,0.000,0.000
Cer77_rep3_Dep6_Tu0.5,0.000,0.000,0.000,0.000,0.131,0.000,0.037,0.000,0.000,24.103,0.000,0.000,0.000,0.000,0.000,0.000,5.773,0.000,0.000,44.984,5.919,16.330,2.722
Cer77_rep5_Dep6_Tu40,0.091,9.299,0.000,0.391,6.029,13.911,0.000,46.301,0.000,0.000,0.000,0.000,5.133,0.000,0.000,0.000,0.000,0.000,0.000,18.661,0.000,0.183,0.000
Cer77_rep9_Dep6_Tu2,0.000,0.000,0.000,0.027,0.620,0.000,0.000,0.000,0.000,0.000,0.000,0.000,0.000,6.400,26.646,0.000,12.384,0.000,0.000,45.506,0.000,8.416,0.000
Cer77_rep8_Dep6_Tu20,0.000,0.869,0.000,0.103,16.631,0.000,0.000,0.000,0.000,0.000,0.000,0.000,7.527,0.000,0.000,22.962,0.000,0.000,15.429,28.991,0.000,7.485,0.000
Cer77_rep7_Dep6_Tu0.5,0.000,0.000,0.000,0.000,0.121,0.000,0.000,0.000,0.000,0.000,0.000,0.000,0.000,0.000,0.000,0.000,5.358,0.000,0.925,53.889,31.183,8.523,0.000
Cer77_rep1_Dep6_Tu50,0.000,21.323,0.000,0.735,7.101,0.000,0.000,39.653,0.000,0.000,0.000,0.000,8.965,0.000,0.000,0.000,0.000,0.000,16.269,5.952,0.000,0.000,0.000
Cer77_rep10_Dep6_Tu1,0.000,0.000,0.000,0.000,0.149,0.000,0.000,0.357,0.000,0.000,35.573,0.000,0.000,0.040,0.000,0.000,6.279,0.000,0.000,49.795,0.000,4.877,2.928
Cer77_rep8_Dep6_Tu0.3,0.000,0.000,0.000,0.003,0.097,0.000,0.000,0.000,0.000,0.000,0.000,0.000,0.000,3.224,7.267,0.000,11.693,0.000,0.000,61.356,0.000,15.480,0.879
Cer77_rep4_Dep6_Tu20,0.046,11.660,0.000,0.288,5.997,0.000,0.289,37.499,0.000,0.000,0.000,0.000,0.000,0.000,0.000,0.000,0.000,0.000,9.551,32.098,0.000,2.571,0.000
Cer77_rep7_Dep6_Tu30,0.480,8.594,0.000,0.376,5.084,0.000,0.000,54.979,0.000,0.000,0.000,0.000,3.900,0.000,0.000,0.749,0.000,0.000,0.000,24.436,0.000,1.401,0.000
Cer77_rep7_Dep6_Tu40,0.230,5.848,0.000,1.354,19.377,0.000,0.000,58.919,0.000,0.000,0.000,0.000,4.164,0.000,0.000,0.000,0.000,0.000,0.000,9.337,0.000,0.770,0.000
Cer77_rep9_Dep6_Tu0.1,0.000,0.000,0.000,0.000,0.545,0.000,13.208,0.000,0.000,5.115,0.000,0.000,0.000,0.000,0.000,0.000,5.153,0.000,0.986,46.263,12.467,9.118,7.145
Cer77_rep5_Dep6_Tu20,0.048,3.549,0.000,0.558,3.309,0.000,15.121,15.334,0.000,0.000,0.000,0.000,2.700,0.000,0.000,18.153,0.000,0.000,8.039,31.448,0.000,1.740,0.000
Cer77_rep8_Dep6_Tu1,0.000,0.000,0.000,0.012,0.821,0.000,0.000,0.000,0.000,8.326,0.000,0.000,0.000,4.627,0.000,0.000,10.536,0.000,0.000,58.042,0.000,5.859,11.778
Cer77_rep6_Dep6_Tu0.1,0.000,0.000,0.000,0.000,0.133,0.000,0.000,0.000,0.000,0.000,0.000,0.000,0.000,0.000,0.000,0.000,2.216,0.000,0.000,53.228,35.765,7.677,0.980
Cer77_rep2_Dep6_Tu3,0.000,0.000,0.000,0.007,1.784,0.000,0.000,0.000,0.000,0.000,0.000,0.000,0.000,0.000,0.000,0.000,12.045,0.000,20.990,54.944,0.000,10.229,0.000
Cer77_rep1_Dep6_Tu0.3,0.000,0.000,0.000,0.000,0.118,0.000,0.637,0.000,0.000,0.000,0.000,0.000,0.000,22.626,0.000,0.000,1.866,0.000,0.000,52.563,10.868,10.979,0.342
Cer77_rep1_Dep6_Tu40,0.000,8.969,0.000,1.419,16.185,0.000,0.000,46.008,0.000,0.000,0.000,0.000,10.756,0.000,0.000,0.000,0.000,0.000,0.000,16.662,0.000,0.000,0.000
Cer77_rep6_Dep6_Tu30,0.070,4.570,0.000,1.385,15.764,0.000,0.000,51.324,0.000,0.000,0.000,0.000,2.160,0.000,0.000,0.000,0.000,0.000,0.000,22.319,0.000,2.408,0.000
Cer77_rep2_Dep6_Tu0.1,0.000,0.000,0.000,0.000,0.194,0.000,0.000,0.000,0.000,9.700,14.782,0.000,0.000,0.000,0.000,0.000,10.343,0.000,0.000,50.490,0.000,12.675,1.814
Cer77_rep1_Dep6_Tu20,0.000,0.519,0.000,0.496,8.882,0.000,0.000,28.522,0.000,0.000,0.000,0.000,2.690,0.000,6.336,0.000,0.000,0.000,22.208,28.389,0.000,1.958,0.000
Cer77_rep4_Dep6_Tu30,0.743,12.516,0.000,1.135,5.673,0.000,0.000,55.741,0.000,0.000,0.000,0.000,0.000,0.000,0.000,0.000,0.000,0.000,0.000,23.815,0.000,0.376,0.000
Cer77_rep10_Dep6_Tu0.5,0.000,0.000,0.000,0.000,0.185,0.000,8.280,0.000,0.000,0.000,0.000,0.000,0.000,7.625,0.000,0.000,10.419,0.000,0.000,57.551,4.247,11.692,0.000
Cer77_rep5_Dep6_Tu10,0.000,0.793,0.000,0.213,2.895,0.000,0.159,0.000,0.000,0.000,0.000,0.000,0.000,0.000,0.000,0.000,0.000,53.841,0.000,39.785,0.000,2.313,0.000
Cer77_rep9_Dep6_Tu1,0.000,0.000,0.000,0.000,0.390,0.000,5.848,0.000,0.000,0.000,0.000,0.000,0.000,0.000,0.000,0.000,16.996,0.000,4.518,64.093,0.000,8.154,0.000
Cer77_rep1_Dep6_Tu10,0.000,3.845,0.000,0.876,3.550,0.000,2.790,0.000,0.000,0.000,0.000,0.000,0.000,0.000,0.000,0.000,0.000,0.000,16.597,36.463,0.000,5.120,30.757
Cer77_rep8_Dep6_Tu0.1,0.000,0.000,0.000,0.000,0.085,0.000,6.285,0.000,0.000,0.000,1.109,0.000,0.000,1.421,0.000,0.000,1.959,0.000,0.000,53.728,4.004,6.591,24.817
Cer77_rep9_Dep6_Tu10,0.024,0.411,0.000,0.106,2.747,0.000,12.083,33.464,0.000,0.000,0.000,0.000,1.245,0.000,0.000,0.000,0.000,0.000,0.000,39.786,0.000,10.132,0.000
Cer77_rep7_Dep6_Tu0.1,0.000,0.000,0.000,0.000,0.222,0.000,0.000,0.000,0.000,0.000,0.000,0.000,0.000,0.000,0.000,0.000,19.789,0.000,0.000,58.157,0.000,11.720,10.111
