Sample,BRCA,CEAD,CESC,COAD,OV,READ,bcell,cd4tcell,cd8tcell,erythroblast,monocyte,naturalkillercell,neutrophil
Cer77_rep9_Dep6_Tu3,0.000,0.000,0.727,0.000,14.859,0.000,2.687,0.000,2.004,8.924,11.898,3.504,55.398
Cer77_rep5_Dep6_Tu30,4.893,11.571,3.446,4.188,25.074,9.684,0.928,0.000,0.341,5.076,3.835,1.289,29.673
Cer77_rep3_Dep6_Tu30,5.076,23.388,0.000,8.481,20.344,0.000,1.635,0.000,0.000,2.475,3.798,3.019,31.783
Cer77_rep8_Dep6_Tu50,7.615,17.978,6.481,13.984,25.359,8.589,0.754,0.000,0.000,0.000,5.133,4.481,9.625
Cer77_rep1_Dep6_Tu1,0.000,0.000,0.527,0.000,15.650,0.000,4.541,0.000,2.431,8.674,8.075,2.240,57.862
Cer77_rep7_Dep6_Tu3,0.003,0.000,0.000,0.000,16.656,0.181,4.422,0.000,0.000,10.496,9.713,5.474,53.055
Cer77_rep10_Dep6_Tu2,0.175,0.000,0.000,0.279,14.019,0.000,3.213,0.000,0.000,12.643,11.531,1.457,56.683
Cer77_rep2_Dep6_Tu0.5,0.000,0.000,0.000,0.106,9.928,0.000,0.946,0.000,0.000,14.837,13.362,1.172,59.649
Cer77_rep3_Dep6_Tu20,6.119,6.252,2.724,6.655,18.691,4.566,0.000,0.000,0.000,6.728,7.272,1.939,39.054
Cer77_rep1_Dep6_Tu2,0.000,0.000,0.000,0.000,16.736,0.000,2.469,0.000,0.000,12.785,9.301,3.023,55.687
Cer77_rep2_Dep6_Tu5,0.000,0.000,1.916,4.692,13.706,0.213,1.924,0.000,0.000,10.537,9.150,4.312,53.550
Cer77_rep5_Dep6_Tu0.5,0.000,0.000,0.000,0.000,7.712,0.000,3.915,0.000,0.000,11.461,6.748,4.224,65.939
Cer77_rep2_Dep6_Tu50,8.102,12.513,12.933,13.113,18.571,3.916,0.362,2.868,0.000,0.000,3.388,2.008,22.227
Cer77_rep9_Dep6_Tu0.5,0.000,0.000,0.000,0.000,15.487,0.000,1.310,0.000,0.000,11.744,11.425,4.091,55.943
Cer77_rep4_Dep6_Tu10,0.000,3.551,1.679,5.454,14.158,0.000,1.189,0.000,0.000,9.124,14.806,1.759,48.279
Cer77_rep9_Dep6_Tu20,4.915,4.598,6.244,5.287,13.124,5.877,2.764,2.146,0.000,7.876,7.253,2.644,37.272
Cer77_rep3_Dep6_Tu10,4.583,3.098,0.000,2.172,13.339,0.000,3.846,0.000,0.000,14.489,7.749,0.127,50.597
Cer77_rep6_Dep6_Tu5,0.000,0.000,3.276,0.000,14.287,3.136,4.417,0.000,0.000,11.159,5.743,2.330,55.652
Cer77_rep5_Dep6_Tu1,0.000,0.000,0.000,0.000,7.718,2.181,4.141,0.000,1.353,13.705,12.270,3.354,55.277
Cer77_rep5_Dep6_Tu0.3,0.000,0.000,0.000,0.000,12.687,0.222,3.027,0.000,1.416,9.681,13.043,5.261,54.664
Cer77_rep4_Dep6_Tu50,5.497,18.498,6.598,16.150,22.200,5.706,0.069,4.924,0.000,0.350,5.084,1.432,13.494
Cer77_rep6_Dep6_Tu0.3,0.000,0.000,0.000,0.000,9.028,0.000,4.092,0.000,1.378,9.117,15.645,3.164,57.576
Cer77_rep4_Dep6_Tu40,2.859,13.193,6.252,11.387,23.443,9.831,0.104,0.000,0.000,3.006,4.923,3.882,21.120
Cer77_rep10_Dep6_Tu5,1.597,0.987,0.000,2.106,15.792,0.000,2.315,0.000,0.000,14.102,8.624,3.080,51.396
Cer77_rep3_Dep6_Tu1,0.000,0.000,0.000,0.000,12.501,0.000,2.100,0.000,0.268,8.541,12.776,5.196,58.618
Cer77_rep8_Dep6_Tu40,1.809,18.921,9.258,9.335,25.095,2.660,1.020,2.295,0.000,2.988,4.791,3.867,17.959
Cer77_rep7_Dep6_Tu0.3,0.000,0.000,0.000,0.000,8.622,0.000,0.937,0.000,0.000,15.109,11.082,3.134,61.115
Cer77_rep3_Dep6_Tu0.1,0.000,4.415,0.000,0.000,11.676,0.000,1.062,0.000,0.000,8.903,15.517,3.629,54.798
Cer77_rep4_Dep6_Tu0.3,0.000,2.092,0.151,0.000,6.590,0.000,3.431,0.000,1.697,11.079,11.233,2.887,60.840
Cer77_rep6_Dep6_Tu2,3.029,0.000,0.000,0.860,4.607,0.000,2.530,0.000,6.656,10.211,10.072,2.391,59.645
Cer77_rep6_Dep6_Tu20,1.876,16.658,2.778,7.519,10.591,3.991,2.341,0.000,0.000,3.815,8.250,5.065,37.115
Cer77_rep9_Dep6_Tu40,7.340,11.804,12.329,8.277,23.403,0.000,2.962,4.421,0.000,0.000,6.117,1.766,21.583
Cer77_rep6_Dep6_Tu40,1.940,17.355,6.647,10.907,17.183,4.763,1.111,2.696,0.000,2.097,4.437,4.049,26.813
Cer77_rep8_Dep6_Tu5,5.197,2.311,0.000,1.730,11.730,0.000,3.767,0.000,1.950,7.370,7.927,4.111,53.907
Cer77_rep5_Dep6_Tu50,4.425,19.518,9.440,9.921,18.836,6.931,1.948,0.000,0.000,2.097,7.229,2.977,16.679
Cer77_rep1_Dep6_Tu30,0.297,16.849,3.632,9.181,25.781,4.988,1.176,0.000,0.583,1.541,3.417,4.072,28.483
Cer77_rep2_Dep6_Tu20,0.935,18.570,0.796,2.652,18.798,3.959,3.573,0.484,0.000,8.792,7.010,0.676,33.754
Cer77_rep4_Dep6_Tu0.5,0.000,0.000,0.000,0.000,11.314,0.284,7.165,0.000,0.000,9.620,5.053,4.232,62.332
Cer77_rep2_Dep6_Tu40,3.783,22.769,4.752,11.116,16.639,5.473,5.419,1.331,0.000,1.547,2.338,1.458,23.376
Cer77_rep8_Dep6_Tu30,1.315,20.633,5.363,6.936,21.363,3.559,2.356,0.000,0.504,1.738,2.672,2.915,30.647
Cer77_rep3_Dep6_Tu40,3.050,23.055,1.009,10.219,23.325,5.717,2.471,0.000,0.946,0.000,3.697,3.700,22.812
Cer77_rep4_Dep6_Tu0.1,0.141,0.000,0.000,0.000,4.765,0.000,2.829,0.000,0.000,16.313,11.760,0.000,64.192
Cer77_rep2_Dep6_Tu1,0.000,0.000,0.000,0.000,10.913,0.000,0.000,0.000,0.000,15.704,10.879,2.294,60.210
Cer77_rep3_Dep6_Tu3,0.238,0.000,2.786,0.451,7.568,0.000,1.157,0.000,0.575,12.059,12.529,6.817,55.821
Cer77_rep2_Dep6_Tu30,4.008,14.576,4.158,13.679,24.582,0.000,0.229,0.000,0.000,4.009,4.860,1.769,28.129
Cer77_rep9_Dep6_Tu30,1.856,18.028,3.473,7.875,19.809,4.050,2.884,0.000,0.000,1.464,8.368,4.650,27.543
Cer77_rep7_Dep6_Tu20,2.885,15.069,5.820,5.117,17.118,0.000,0.561,0.000,0.000,7.286,7.150,3.336,35.659
Cer77_rep6_Dep6_Tu1,0.000,2.053,0.000,0.000,10.508,0.000,5.801,0.000,0.000,9.924,8.586,1.724,61.404
Cer77_rep7_Dep6_Tu50,6.143,24.516,8.350,12.969,13.454,2.839,1.877,1.155,0.000,5.176,4.729,0.924,17.869
Cer77_rep3_Dep6_Tu5,0.000,0.000,0.000,5.107,14.397,0.000,2.835,0.000,0.000,11.348,8.025,3.078,55.210
Cer77_rep8_Dep6_Tu0.5,0.000,0.488,0.000,0.000,12.059,0.000,5.857,0.000,0.000,11.578,7.413,0.000,62.605
Cer77_rep9_Dep6_Tu0.3,0.000,0.573,0.000,0.000,5.487,0.000,2.037,0.000,0.000,13.679,14.185,1.223,62.816
Cer77_rep6_Dep6_Tu0.5,0.000,0.000,0.000,0.000,13.758,0.000,5.305,0.000,3.532,7.863,8.805,2.465,58.271
Cer77_rep7_Dep6_Tu1,0.000,0.457,0.000,0.000,7.899,0.000,5.391,0.000,0.000,12.766,12.246,0.849,60.392
Cer77_rep5_Dep6_Tu3,0.000,5.615,0.000,1.456,7.632,0.000,1.505,0.000,0.000,13.622,10.222,3.384,56.564
Cer77_rep10_Dep6_Tu3,0.000,1.017,0.446,0.053,19.119,0.000,3.480,0.000,0.000,9.201,10.830,3.057,52.797
Cer77_rep9_Dep6_Tu5,0.000,0.000,3.602,1.663,8.325,4.081,4.681,0.000,1.773,12.118,11.433,2.534,49.790
Cer77_rep10_Dep6_Tu20,3.382,2.151,4.998,11.354,19.100,4.488,1.388,0.195,1.497,5.479,3.753,4.501,37.713
Cer77_rep1_Dep6_Tu3,0.740,0.000,4.847,0.694,2.528,0.290,4.557,0.000,1.104,13.900,11.063,2.350,57.927
Cer77_rep5_Dep6_Tu2,0.000,0.000,0.226,0.000,14.655,0.555,1.317,0.000,1.639,8.770,10.940,4.286,57.613
Cer77_rep5_Dep6_Tu5,0.000,0.000,0.000,0.000,19.930,3.846,6.956,0.000,0.000,6.570,7.894,5.847,48.957
Cer77_rep8_Dep6_Tu2,0.000,0.000,0.000,1.904,10.830,0.000,4.826,0.000,0.000,10.760,10.305,3.587,57.788
Cer77_rep8_Dep6_Tu10,3.077,5.101,0.808,5.479,10.708,0.000,6.613,0.000,0.964,5.764,3.260,2.897,55.329
Cer77_rep10_Dep6_Tu30,1.845,11.106,11.537,7.238,20.286,5.896,0.499,0.000,0.000,5.274,5.403,1.959,28.956
Cer77_rep10_Dep6_Tu0.1,0.000,0.000,0.988,0.000,4.899,0.000,4.838,0.000,0.938,13.089,9.429,4.433,61.387
Cer77_rep6_Dep6_Tu3,0.000,0.000,0.000,0.000,20.069,0.000,3.794,0.000,0.473,9.466,8.860,1.557,55.781
Cer77_rep7_Dep6_Tu10,0.000,0.172,3.664,3.661,22.233,0.000,1.702,2.349,0.280,9.457,7.963,5.216,43.302
Cer77_rep1_Dep6_Tu0.1,0.000,0.000,0.000,0.000,7.823,0.000,2.952,0.000,1.924,12.423,8.628,0.000,66.250
Cer77_rep10_Dep6_Tu50,4.043,18.627,7.730,12.804,21.989,8.016,0.000,0.000,0.000,0.000,3.826,5.642,17.324
Cer77_rep3_Dep6_Tu2,0.000,0.000,1.417,1.545,8.584,0.679,6.263,0.000,0.713,9.218,10.264,2.582,58.736
Cer77_rep2_Dep6_Tu10,1.398,1.625,2.257,4.180,19.084,0.000,1.421,0.000,1.262,7.378,10.352,3.779,47.264
Cer77_rep4_Dep6_Tu5,0.000,0.000,0.000,2.471,23.838,1.251,1.563,0.000,0.000,7.543,10.787,4.279,48.268
Cer77_rep4_Dep6_Tu2,0.000,0.000,0.000,0.910,17.496,0.000,4.087,0.000,3.848,4.189,11.455,4.195,53.820
Cer77_rep8_Dep6_Tu3,0.482,0.994,0.000,2.808,11.760,0.000,0.311,0.000,0.000,11.006,10.676,5.796,56.167
Cer77_rep7_Dep6_Tu5,7.070,0.000,0.000,2.759,7.401,0.000,4.780,0.253,3.014,8.197,6.786,0.439,59.302
Cer77_rep4_Dep6_Tu3,0.000,0.908,0.000,0.448,16.359,0.000,3.472,0.000,0.000,7.756,10.323,5.931,54.802
Cer77_rep7_Dep6_Tu2,0.000,0.000,1.677,0.000,7.615,0.000,4.954,0.000,0.000,14.343,8.051,2.742,60.618
Cer77_rep10_Dep6_Tu40,1.365,15.012,9.725,11.676,23.665,4.084,5.187,0.970,0.307,1.616,5.628,2.355,18.409
Cer77_rep6_Dep6_Tu10,0.000,1.425,2.238,7.495,15.047,0.000,2.833,0.000,0.535,4.648,11.890,6.667,47.224
Cer77_rep6_Dep6_Tu50,2.549,15.386,14.038,12.468,21.290,4.833,0.000,3.901,0.000,0.000,5.965,2.235,17.333
Cer77_rep2_Dep6_Tu2,1.365,0.000,0.000,0.194,10.026,0.000,4.569,0.000,0.582,13.905,10.697,2.250,56.412
Cer77_rep1_Dep6_Tu5,1.532,0.000,1.822,0.000,14.591,0.000,5.331,0.000,3.408,11.444,8.091,1.616,52.165
Cer77_rep5_Dep6_Tu0.1,0.000,0.000,0.000,0.000,12.774,0.000,3.654,0.000,0.000,12.784,9.432,0.059,61.298
Cer77_rep9_Dep6_Tu50,6.923,18.395,5.906,9.617,20.088,11.170,0.263,0.000,0.000,0.000,3.386,1.746,22.506
Cer77_rep10_Dep6_Tu0.3,0.000,0.000,0.000,0.000,6.587,0.000,0.206,0.000,4.753,12.790,10.265,3.481,61.918
Cer77_rep3_Dep6_Tu0.3,0.000,0.000,0.000,0.000,11.899,0.000,5.619,0.000,0.000,11.784,8.415,0.000,62.282
Cer77_rep1_Dep6_Tu0.5,0.000,1.889,0.000,0.000,10.679,0.000,2.294,0.000,2.203,11.290,10.791,0.000,60.854
Cer77_rep4_Dep6_Tu1,0.000,0.000,0.000,0.000,11.363,0.000,6.844,0.000,0.000,9.352,9.783,3.930,58.727
Cer77_rep2_Dep6_Tu0.3,0.000,1.224,0.643,0.000,8.601,0.000,1.310,0.000,0.000,11.797,9.883,3.581,62.962
Cer77_rep10_Dep6_Tu10,3.112,2.499,2.839,2.418,16.115,0.000,3.984,0.000,0.927,10.866,5.711,3.700,47.829
Cer77_rep3_Dep6_Tu50,2.802,17.969,8.790,14.137,25.305,5.464,1.204,0.000,0.000,0.000,3.301,4.361,16.667
Cer77_rep3_Dep6_Tu0.5,0.000,0.000,0.000,0.000,9.191,0.000,4.423,0.000,1.326,8.895,15.526,3.449,57.190
Cer77_rep5_Dep6_Tu40,2.252,16.235,6.608,11.639,20.850,8.765,0.000,0.887,0.000,0.827,3.928,5.552,22.456
Cer77_rep9_Dep6_Tu2,0.000,0.000,0.000,1.761,10.470,0.000,3.146,0.000,0.000,17.253,11.211,0.000,56.159
Cer77_rep8_Dep6_Tu20,0.000,5.600,7.932,5.849,22.438,2.643,3.395,3.749,1.695,0.926,4.282,2.945,38.545
Cer77_rep7_Dep6_Tu0.5,0.000,0.000,0.000,0.000,12.719,0.000,4.870,0.000,0.000,9.445,8.284,5.695,58.986
Cer77_rep1_Dep6_Tu50,5.533,16.100,11.042,10.262,22.217,9.322,0.000,2.931,0.000,0.000,5.811,2.699,14.083
Cer77_rep10_Dep6_Tu1,0.000,0.000,0.668,0.671,11.318,0.000,0.076,0.000,0.694,9.874,11.462,5.503,59.733
Cer77_rep8_Dep6_Tu0.3,0.000,0.920,0.000,0.000,5.082,0.000,1.558,0.000,0.000,13.685,14.513,1.247,62.995
Cer77_rep4_Dep6_Tu20,5.692,9.318,5.365,5.630,15.181,0.215,3.734,0.000,0.000,4.020,6.010,6.584,38.251
Cer77_rep7_Dep6_Tu30,5.255,15.514,3.778,6.167,12.926,5.114,1.523,2.044,0.000,8.280,3.694,2.682,33.024
Cer77_rep7_Dep6_Tu40,4.216,14.791,9.532,12.046,23.894,5.077,2.558,0.000,0.000,0.616,4.257,2.450,20.564
Cer77_rep9_Dep6_Tu0.1,0.000,0.000,0.000,0.000,14.502,0.000,4.728,0.000,0.515,11.852,9.879,4.985,53.538
Cer77_rep5_Dep6_Tu20,0.000,9.098,2.472,9.104,22.860,1.514,6.315,0.000,2.680,1.855,4.495,2.688,36.920
Cer77_rep8_Dep6_Tu1,0.000,0.000,0.000,0.000,9.652,0.000,1.744,0.000,0.000,13.868,10.226,3.439,61.071
Cer77_rep6_Dep6_Tu0.1,0.000,0.000,0.000,0.000,10.815,0.000,2.279,0.000,1.683,13.969,11.846,0.428,58.980
Cer77_rep2_Dep6_Tu3,0.000,0.000,0.000,0.354,15.460,0.000,2.288,1.944,0.000,14.467,8.736,3.172,53.578
Cer77_rep1_Dep6_Tu0.3,0.000,3.144,0.000,0.000,5.039,0.000,3.351,0.309,0.000,13.648,10.787,1.830,61.893
Cer77_rep1_Dep6_Tu40,0.000,17.687,7.500,12.910,23.324,5.984,0.000,1.315,0.000,2.770,3.366,4.046,21.098
Cer77_rep6_Dep6_Tu30,4.544,11.733,0.842,8.935,21.381,5.185,1.064,1.806,0.439,4.735,6.019,5.295,28.020
Cer77_rep2_Dep6_Tu0.1,0.000,0.000,0.000,0.000,12.608,0.000,4.441,0.000,0.000,9.316,11.236,6.623,55.777
Cer77_rep1_Dep6_Tu20,0.000,3.061,4.140,7.794,21.439,4.575,0.446,0.000,5.086,7.354,8.167,4.621,33.318
Cer77_rep4_Dep6_Tu30,8.164,12.614,4.434,8.160,22.106,0.834,0.000,0.000,0.051,4.976,5.870,2.927,29.864
Cer77_rep10_Dep6_Tu0.5,0.000,0.000,0.000,0.000,10.233,0.000,4.996,0.000,0.000,13.188,10.394,1.777,59.413
Cer77_rep5_Dep6_Tu10,0.000,4.446,0.000,5.858,15.127,0.000,6.220,1.531,0.000,10.374,7.771,2.086,46.587
Cer77_rep9_Dep6_Tu1,0.251,0.000,0.000,0.000,12.883,0.000,4.818,0.000,0.000,11.920,9.660,0.977,59.491
Cer77_rep1_Dep6_Tu10,0.000,6.774,0.000,4.645,13.775,0.000,8.467,0.000,0.000,8.087,5.287,5.237,47.728
Cer77_rep8_Dep6_Tu0.1,0.000,0.000,0.000,0.000,12.189,0.000,6.615,0.368,1.082,9.563,9.294,2.957,57.933
Cer77_rep9_Dep6_Tu10,1.174,5.059,0.587,3.670,16.863,3.425,5.581,0.000,0.000,3.950,11.523,2.245,45.923
Cer77_rep7_Dep6_Tu0.1,0.000,0.000,0.000,0.000,12.191,0.000,2.278,0.021,0.000,11.865,13.170,3.416,57.058
