Sample,BRCA,CEAD,CESC,COAD,OV,READ,bcell,cd4tcell,cd8tcell,erythroblast,monocyte,naturalkillercell,neutrophil
Cer77_rep9_Dep6_Tu3,0.000,0.000,0.577,0.000,15.059,0.000,2.713,0.000,2.135,8.676,11.951,3.544,55.345
Cer77_rep5_Dep6_Tu30,6.087,13.193,4.571,5.476,23.061,6.464,0.336,0.000,0.000,7.891,2.784,0.087,30.050
Cer77_rep3_Dep6_Tu30,6.193,26.550,0.000,8.607,17.231,0.000,0.664,0.000,0.000,5.281,2.653,1.185,31.637
Cer77_rep8_Dep6_Tu50,10.209,21.975,8.563,17.103,22.067,2.892,0.143,0.000,0.000,1.234,3.693,2.911,9.211
Cer77_rep1_Dep6_Tu1,0.000,0.000,0.425,0.000,15.784,0.000,4.557,0.000,2.520,8.504,8.119,2.270,57.822
Cer77_rep7_Dep6_Tu3,0.021,0.000,0.000,0.000,16.648,0.173,4.422,0.000,0.000,10.498,9.712,5.470,53.056
Cer77_rep10_Dep6_Tu2,0.000,0.000,0.000,0.208,14.468,0.000,3.346,0.000,0.000,12.032,11.653,1.752,56.542
Cer77_rep2_Dep6_Tu0.5,0.000,0.000,0.000,0.000,10.270,0.000,1.037,0.000,0.231,14.176,13.470,1.312,59.504
Cer77_rep3_Dep6_Tu20,7.145,7.254,3.685,7.750,16.599,1.671,0.000,0.000,0.000,8.974,6.451,0.711,39.761
Cer77_rep1_Dep6_Tu2,0.000,0.000,0.000,0.000,16.966,0.000,2.550,0.000,0.000,12.294,9.402,3.204,55.584
Cer77_rep2_Dep6_Tu5,0.000,0.000,2.062,4.795,13.538,0.000,1.880,0.000,0.000,10.775,9.092,4.223,53.634
Cer77_rep5_Dep6_Tu0.5,0.000,0.000,0.000,0.000,8.546,0.000,4.122,0.000,0.149,9.950,7.101,4.684,65.447
Cer77_rep2_Dep6_Tu50,9.973,15.127,15.083,15.050,14.916,0.000,0.000,2.420,0.000,3.144,1.838,0.178,22.271
Cer77_rep9_Dep6_Tu0.5,0.000,0.000,0.000,0.000,15.998,0.000,1.506,0.000,0.000,10.685,11.624,4.475,55.712
Cer77_rep4_Dep6_Tu10,0.000,3.792,1.846,5.462,13.707,0.000,1.047,0.000,0.000,9.558,14.718,1.516,48.354
Cer77_rep9_Dep6_Tu20,5.660,5.483,7.010,6.118,11.559,3.765,2.447,1.916,0.000,9.727,6.682,1.928,37.705
Cer77_rep3_Dep6_Tu10,4.630,3.197,0.000,2.167,13.190,0.000,3.808,0.000,0.000,14.635,7.707,0.040,50.627
Cer77_rep6_Dep6_Tu5,0.000,0.000,3.029,0.000,14.492,3.409,4.449,0.000,0.000,10.832,5.827,2.439,55.524
Cer77_rep5_Dep6_Tu1,0.000,0.000,0.000,0.000,7.912,2.624,4.141,0.000,1.627,12.872,12.389,3.387,55.048
Cer77_rep5_Dep6_Tu0.3,0.000,0.000,0.000,0.000,12.839,0.646,3.035,0.000,1.671,8.920,13.150,5.284,54.456
Cer77_rep4_Dep6_Tu50,7.429,21.416,8.642,18.861,18.442,0.195,0.000,4.162,0.000,4.326,3.351,0.000,13.177
Cer77_rep6_Dep6_Tu0.3,0.000,0.000,0.000,0.000,9.430,0.000,4.152,0.000,1.732,8.257,15.758,3.273,57.398
Cer77_rep4_Dep6_Tu40,4.558,15.491,8.238,13.714,19.908,4.810,0.000,0.000,0.000,6.948,3.274,1.757,21.302
Cer77_rep10_Dep6_Tu5,1.637,1.084,0.000,2.098,15.647,0.000,2.274,0.000,0.000,14.251,8.584,2.997,51.428
Cer77_rep3_Dep6_Tu1,0.000,0.000,0.000,0.000,13.354,0.000,2.277,0.000,1.112,6.572,13.104,5.403,58.179
Cer77_rep8_Dep6_Tu40,3.158,22.047,11.186,10.554,21.607,0.000,0.000,1.721,0.000,7.043,3.311,1.998,17.376
Cer77_rep7_Dep6_Tu0.3,0.000,0.000,0.000,0.000,9.455,0.000,1.224,0.000,0.000,13.582,11.353,3.682,60.705
Cer77_rep3_Dep6_Tu0.1,0.000,3.874,0.000,0.000,12.328,0.000,1.262,0.000,0.000,8.290,15.644,3.980,54.622
Cer77_rep4_Dep6_Tu0.3,0.000,1.558,0.000,0.000,7.357,0.000,3.542,0.000,2.157,10.322,11.426,3.035,60.602
Cer77_rep6_Dep6_Tu2,2.359,0.000,0.000,0.483,5.412,0.736,2.628,0.000,7.167,9.109,10.328,2.535,59.244
Cer77_rep6_Dep6_Tu20,2.848,18.264,3.800,8.811,8.206,0.818,1.798,0.000,0.000,6.303,7.464,3.950,37.739
Cer77_rep9_Dep6_Tu40,8.586,14.369,14.078,8.328,19.825,0.000,2.037,4.028,0.000,2.923,4.945,0.000,20.879
Cer77_rep6_Dep6_Tu40,3.489,20.166,8.440,13.094,13.772,0.000,0.242,2.188,0.000,6.066,2.956,2.434,27.153
Cer77_rep8_Dep6_Tu5,5.243,2.410,0.000,1.727,11.598,0.000,3.748,0.000,1.867,7.497,7.886,4.086,53.938
Cer77_rep5_Dep6_Tu50,6.496,22.843,11.906,12.604,14.792,0.980,0.866,0.000,0.000,6.805,5.627,0.659,16.422
Cer77_rep1_Dep6_Tu30,1.604,19.245,5.089,11.110,23.224,0.585,0.445,0.000,0.000,5.011,2.032,2.749,28.906
Cer77_rep2_Dep6_Tu20,1.490,19.613,1.321,3.300,17.612,2.141,3.319,0.243,0.000,10.379,6.524,0.020,34.037
Cer77_rep4_Dep6_Tu0.5,0.000,0.000,0.000,0.000,11.709,1.276,7.206,0.000,0.042,8.062,5.415,4.575,61.716
Cer77_rep2_Dep6_Tu40,5.456,25.861,6.453,13.392,13.209,0.498,4.767,0.639,0.000,5.462,0.720,0.000,23.542
Cer77_rep8_Dep6_Tu30,2.134,22.206,6.278,8.019,19.704,0.897,1.980,0.000,0.000,3.833,1.812,2.166,30.972
Cer77_rep3_Dep6_Tu40,4.755,26.345,2.433,12.486,20.373,0.855,1.885,0.000,0.000,3.146,2.208,2.479,23.035
Cer77_rep4_Dep6_Tu0.1,0.000,0.000,0.000,0.000,6.102,0.000,3.184,0.000,0.603,14.194,12.149,0.184,63.584
Cer77_rep2_Dep6_Tu1,0.000,0.000,0.000,0.000,12.402,0.000,0.000,0.000,0.000,13.362,11.386,3.315,59.535
Cer77_rep3_Dep6_Tu3,0.234,0.000,2.773,0.444,7.601,0.000,1.164,0.000,0.589,12.022,12.535,6.821,55.818
Cer77_rep2_Dep6_Tu30,4.781,16.315,5.254,13.835,21.624,0.000,0.000,0.000,0.000,6.456,3.821,0.000,27.914
Cer77_rep9_Dep6_Tu30,3.124,20.223,4.852,9.545,17.086,0.000,2.185,0.000,0.000,4.627,7.337,3.146,27.875
Cer77_rep7_Dep6_Tu20,3.363,16.306,6.561,5.038,15.134,0.000,0.000,0.000,0.000,9.064,6.582,2.288,35.664
Cer77_rep6_Dep6_Tu1,0.000,1.425,0.000,0.000,11.314,0.000,5.992,0.000,0.000,9.161,8.816,2.172,61.119
Cer77_rep7_Dep6_Tu50,7.776,28.067,10.372,14.419,8.949,0.000,0.629,0.020,0.000,9.435,3.138,0.000,17.195
Cer77_rep3_Dep6_Tu5,0.000,0.059,0.000,5.303,13.916,0.000,2.676,0.000,0.000,12.105,7.837,2.737,55.367
Cer77_rep8_Dep6_Tu0.5,0.000,0.000,0.000,0.000,13.085,0.000,6.049,0.000,0.818,10.060,7.823,0.000,62.165
Cer77_rep9_Dep6_Tu0.3,0.000,0.200,0.000,0.000,6.013,0.000,2.178,0.000,0.000,13.187,14.288,1.501,62.632
Cer77_rep6_Dep6_Tu0.5,0.000,0.000,0.000,0.000,13.958,0.000,5.332,0.000,3.731,7.366,8.917,2.531,58.165
Cer77_rep7_Dep6_Tu1,0.000,0.000,0.000,0.000,8.804,0.000,5.609,0.000,0.000,11.675,12.469,1.386,60.056
Cer77_rep5_Dep6_Tu3,0.000,5.280,0.000,1.418,8.027,0.080,1.615,0.000,0.000,13.232,10.331,3.583,56.433
Cer77_rep10_Dep6_Tu3,0.000,0.705,0.230,0.088,19.716,0.000,3.636,0.000,0.000,8.613,10.985,3.377,52.649
Cer77_rep9_Dep6_Tu5,0.000,0.000,3.752,1.776,8.175,3.844,4.676,0.000,1.650,12.367,11.380,2.516,49.863
Cer77_rep10_Dep6_Tu20,4.494,3.474,6.101,12.892,16.960,1.232,0.987,0.541,0.000,8.274,2.704,3.964,38.377
Cer77_rep1_Dep6_Tu3,0.651,0.000,4.734,0.605,2.708,0.529,4.561,0.000,1.227,13.673,11.109,2.370,57.836
Cer77_rep5_Dep6_Tu2,0.000,0.000,0.000,0.000,14.907,1.071,1.348,0.000,1.944,7.980,11.075,4.325,57.349
Cer77_rep5_Dep6_Tu5,0.000,0.000,0.194,0.534,19.543,2.745,6.855,0.000,0.000,7.703,7.608,5.514,49.304
Cer77_rep8_Dep6_Tu2,0.000,0.000,0.000,1.769,11.120,0.000,4.890,0.000,0.150,10.263,10.412,3.713,57.683
Cer77_rep8_Dep6_Tu10,3.370,5.785,1.108,5.476,9.543,0.000,6.497,0.000,0.257,6.822,2.864,2.669,55.608
Cer77_rep10_Dep6_Tu30,3.042,12.783,13.210,8.794,17.701,2.060,0.000,0.000,0.000,8.355,4.270,0.396,29.388
Cer77_rep10_Dep6_Tu0.1,0.000,0.000,0.556,0.000,5.558,0.000,4.904,0.000,1.323,12.334,9.599,4.541,61.186
Cer77_rep6_Dep6_Tu3,0.000,0.000,0.000,0.000,20.160,0.000,3.813,0.000,0.586,9.199,8.916,1.595,55.731
Cer77_rep7_Dep6_Tu10,0.000,0.793,4.081,3.665,21.243,0.000,1.442,2.348,0.000,10.554,7.649,4.818,43.407
Cer77_rep1_Dep6_Tu0.1,0.000,0.000,0.000,0.000,8.589,0.000,3.104,0.000,2.682,10.868,8.962,0.000,65.794
Cer77_rep10_Dep6_Tu50,6.287,22.226,10.032,15.725,18.015,2.135,0.000,0.000,0.000,2.346,2.047,3.732,17.454
Cer77_rep3_Dep6_Tu2,0.000,0.000,1.080,1.271,8.937,1.250,6.272,0.000,1.003,8.661,10.396,2.624,58.507
Cer77_rep2_Dep6_Tu10,1.659,2.242,2.569,4.161,18.066,0.000,1.237,0.000,0.578,8.426,10.065,3.572,47.424
Cer77_rep4_Dep6_Tu5,0.000,0.000,0.000,2.731,23.768,0.863,1.494,0.000,0.000,7.901,10.709,4.169,48.366
Cer77_rep4_Dep6_Tu2,0.000,0.099,0.000,0.991,17.267,0.000,4.037,0.000,3.659,4.556,11.370,4.133,53.887
Cer77_rep8_Dep6_Tu3,0.147,0.136,0.000,2.838,13.024,0.000,0.619,0.000,0.409,9.794,10.996,6.218,55.817
Cer77_rep7_Dep6_Tu5,6.979,0.000,0.000,2.728,7.520,0.042,4.794,0.209,3.115,8.057,6.826,0.472,59.257
Cer77_rep4_Dep6_Tu3,0.000,0.453,0.000,0.452,16.903,0.000,3.629,0.000,0.000,7.214,10.477,6.225,54.646
Cer77_rep7_Dep6_Tu2,0.000,0.000,1.086,0.000,8.397,0.357,5.092,0.000,0.000,13.393,8.274,3.117,60.285
Cer77_rep10_Dep6_Tu40,2.803,17.711,11.651,13.628,20.542,0.000,4.556,0.521,0.000,5.503,4.232,0.707,18.145
Cer77_rep6_Dep6_Tu10,0.000,1.933,2.514,7.552,14.298,0.000,2.710,0.000,0.023,5.401,11.693,6.538,47.338
Cer77_rep6_Dep6_Tu50,4.459,18.703,16.756,14.784,16.896,0.000,0.000,3.378,0.000,3.696,4.202,0.000,17.127
Cer77_rep2_Dep6_Tu2,0.842,0.000,0.000,0.119,10.814,0.000,4.668,0.000,1.118,12.887,10.912,2.439,56.201
Cer77_rep1_Dep6_Tu5,1.562,0.000,1.867,0.000,14.507,0.000,5.322,0.000,3.357,11.541,8.066,1.597,52.181
Cer77_rep5_Dep6_Tu0.1,0.000,0.000,0.000,0.000,13.783,0.000,3.954,0.000,0.000,10.820,9.824,0.866,60.753
Cer77_rep9_Dep6_Tu50,9.384,21.501,8.578,12.461,15.048,4.523,0.000,0.000,0.000,4.591,1.067,0.000,22.847
Cer77_rep10_Dep6_Tu0.3,0.000,0.000,0.000,0.000,7.146,0.000,0.333,0.000,5.172,11.615,10.483,3.625,61.627
Cer77_rep3_Dep6_Tu0.3,0.000,0.000,0.000,0.000,12.527,0.429,5.728,0.000,0.673,10.099,8.777,0.000,61.767
Cer77_rep1_Dep6_Tu0.5,0.000,1.027,0.000,0.000,11.637,0.000,2.495,0.000,2.935,10.298,11.069,0.000,60.540
Cer77_rep4_Dep6_Tu1,0.000,0.000,0.000,0.000,12.108,0.186,7.009,0.000,0.000,7.838,10.085,4.461,58.314
Cer77_rep2_Dep6_Tu0.3,0.000,0.593,0.199,0.000,10.022,0.000,1.690,0.000,0.000,10.520,10.218,4.272,62.487
Cer77_rep10_Dep6_Tu10,3.448,3.243,3.223,2.364,14.866,0.000,3.807,0.000,0.112,12.167,5.294,3.449,48.028
Cer77_rep3_Dep6_Tu50,4.771,21.403,11.122,16.941,21.747,0.000,0.205,0.000,0.000,3.560,1.527,2.301,16.423
Cer77_rep3_Dep6_Tu0.5,0.000,0.000,0.000,0.000,9.597,0.000,4.490,0.000,1.686,8.021,15.638,3.553,57.015
Cer77_rep5_Dep6_Tu40,3.929,18.953,8.538,13.978,17.209,3.750,0.000,0.136,0.000,4.756,2.216,3.824,22.710
Cer77_rep9_Dep6_Tu2,0.000,0.000,0.000,1.383,11.536,0.000,3.524,0.000,0.000,15.564,11.538,0.625,55.830
Cer77_rep8_Dep6_Tu20,0.438,6.741,8.853,6.849,21.058,0.305,3.201,4.378,0.086,2.845,3.532,2.690,39.022
Cer77_rep7_Dep6_Tu0.5,0.000,0.000,0.000,0.000,12.849,0.197,4.879,0.000,0.169,8.954,8.385,5.729,58.839
Cer77_rep1_Dep6_Tu50,7.677,19.193,13.555,12.837,18.157,3.636,0.000,2.220,0.000,4.416,3.988,0.531,13.791
Cer77_rep10_Dep6_Tu1,0.000,0.000,0.000,0.497,12.507,0.000,0.315,0.000,1.509,8.317,11.790,5.715,59.350
Cer77_rep8_Dep6_Tu0.3,0.000,0.502,0.000,0.000,5.670,0.000,1.725,0.000,0.000,13.136,14.622,1.550,62.794
Cer77_rep4_Dep6_Tu20,6.483,10.820,6.378,5.635,12.397,0.000,3.066,0.000,0.000,6.388,5.179,5.266,38.388
Cer77_rep7_Dep6_Tu30,6.235,17.007,4.682,7.270,10.916,2.369,1.061,1.741,0.000,10.687,2.846,1.751,33.435
Cer77_rep7_Dep6_Tu40,5.968,17.373,11.659,14.426,20.693,0.000,1.653,0.000,0.000,4.581,2.696,0.401,20.550
Cer77_rep9_Dep6_Tu0.1,0.000,0.000,0.000,0.000,14.822,0.000,4.775,0.000,0.848,11.042,10.035,5.069,53.410
Cer77_rep5_Dep6_Tu20,0.000,11.043,3.461,9.994,20.918,0.000,6.112,0.000,1.058,4.358,3.551,2.287,37.218
Cer77_rep8_Dep6_Tu1,0.000,0.000,0.000,0.000,10.621,0.000,2.065,0.000,0.000,12.071,10.563,4.089,60.592
Cer77_rep6_Dep6_Tu0.1,0.000,0.000,0.000,0.000,11.502,0.000,2.412,0.000,2.310,12.360,12.114,0.667,58.635
Cer77_rep2_Dep6_Tu3,0.000,0.000,0.000,0.303,15.588,0.000,2.336,1.948,0.000,14.235,8.788,3.264,53.539
Cer77_rep1_Dep6_Tu0.3,0.000,1.982,0.000,0.000,6.415,0.000,3.575,0.044,0.962,12.270,11.153,2.165,61.433
Cer77_rep1_Dep6_Tu40,0.000,20.573,9.515,15.247,20.507,1.566,0.000,0.716,0.000,6.353,1.815,2.488,21.220
Cer77_rep6_Dep6_Tu30,5.956,13.770,2.029,10.699,18.829,1.153,0.407,1.582,0.000,8.128,4.869,4.195,28.384
Cer77_rep2_Dep6_Tu0.1,0.000,0.000,0.000,0.000,12.677,0.000,4.461,0.000,0.000,9.189,11.257,6.666,55.750
Cer77_rep1_Dep6_Tu20,0.000,4.823,5.324,9.304,19.674,1.583,0.109,0.080,3.433,10.219,7.291,4.400,33.762
Cer77_rep4_Dep6_Tu30,9.483,14.697,5.915,8.399,18.199,0.000,0.000,0.000,0.000,8.215,4.525,0.711,29.856
Cer77_rep10_Dep6_Tu0.5,0.000,0.000,0.000,0.000,10.813,0.000,5.149,0.000,0.000,12.104,10.597,2.193,59.144
Cer77_rep5_Dep6_Tu10,0.000,5.792,0.000,5.971,13.684,0.000,5.893,1.295,0.000,11.905,7.310,1.329,46.821
Cer77_rep9_Dep6_Tu1,0.000,0.000,0.000,0.000,13.508,0.000,4.976,0.000,0.000,11.025,9.851,1.392,59.248
Cer77_rep1_Dep6_Tu10,0.000,7.102,0.000,4.663,13.415,0.000,8.389,0.000,0.000,8.441,5.162,5.039,47.789
Cer77_rep8_Dep6_Tu0.1,0.000,0.000,0.000,0.000,12.530,0.000,6.652,0.131,1.531,8.867,9.447,3.067,57.774
Cer77_rep9_Dep6_Tu10,1.530,5.506,0.936,4.103,16.055,2.225,5.420,0.000,0.000,4.886,11.274,1.785,46.279
Cer77_rep7_Dep6_Tu0.1,0.000,0.000,0.000,0.000,12.618,0.000,2.417,0.025,0.000,11.043,13.300,3.721,56.875
