Sample,BRCA,CEAD,CESC,COAD,OV,READ,bcell,cd4tcell,cd8tcell,erythroblast,monocyte,naturalkillercell,neutrophil,Unknown-1
Colo_rep2_Dep6_Tu0.5,0.000,0.001,0.846,0.000,0.009,0.465,0.085,0.186,0.077,2.886,10.696,0.391,23.273,61.084
Colo_rep2_Dep6_Tu50,0.000,35.905,0.000,0.000,0.012,6.994,0.414,0.003,0.015,1.800,5.457,0.582,5.919,42.898
Colo_rep6_Dep6_Tu1,0.215,0.223,0.430,0.000,0.795,0.002,1.732,0.101,0.004,3.350,4.388,1.206,24.821,62.733
Colo_rep3_Dep6_Tu2,0.000,0.000,0.107,0.000,0.406,0.125,2.921,0.104,0.274,0.855,11.056,1.421,21.275,61.455
Colo_rep7_Dep6_Tu2,0.106,0.053,0.023,0.000,0.001,2.723,1.159,0.207,0.043,2.810,7.130,0.661,19.109,65.974
Colo_rep8_Dep6_Tu0.1,0.000,0.000,0.000,0.000,0.143,0.099,2.743,2.642,0.259,0.599,6.857,1.728,23.932,60.997
Colo_rep10_Dep6_Tu2,0.000,0.021,1.093,0.000,0.001,1.263,0.033,1.396,0.483,1.770,11.531,0.670,19.357,62.382
Colo_rep6_Dep6_Tu3,0.000,0.000,0.685,0.016,0.870,0.000,3.952,0.186,0.715,0.462,9.457,0.002,16.138,67.517
Colo_rep9_Dep6_Tu30,0.000,23.745,0.000,0.000,0.182,0.992,1.947,0.016,0.006,3.405,8.474,0.221,16.511,44.501
Colo_rep9_Dep6_Tu0.5,0.000,0.000,1.288,0.000,0.424,0.007,0.026,0.844,0.123,0.547,11.142,0.798,17.081,67.721
Colo_rep6_Dep6_Tu20,0.000,14.367,1.992,0.054,0.166,0.533,0.079,0.011,2.021,2.163,8.882,1.787,12.814,55.131
Colo_rep8_Dep6_Tu30,1.138,27.321,0.000,0.000,0.001,0.080,0.068,0.094,0.001,1.643,6.171,0.826,9.225,53.432
Colo_rep3_Dep6_Tu5,0.770,2.470,0.011,0.020,0.119,0.010,1.615,0.665,0.360,4.527,5.349,0.369,22.510,61.206
Colo_rep4_Dep6_Tu3,0.009,1.975,0.423,0.608,0.022,1.079,0.465,1.026,0.991,3.226,7.953,0.563,27.445,54.215
Colo_rep2_Dep6_Tu10,0.000,5.370,0.177,0.002,0.002,1.289,0.075,0.064,0.199,0.401,10.074,2.163,10.872,69.313
Colo_rep3_Dep6_Tu40,0.000,31.565,0.000,0.000,0.007,4.628,0.160,0.008,0.001,0.418,4.957,2.098,11.515,44.642
Colo_rep3_Dep6_Tu30,0.058,24.276,0.000,0.000,0.000,3.107,0.017,0.004,0.005,1.071,8.492,0.130,7.799,55.042
Colo_rep6_Dep6_Tu30,0.000,24.919,0.000,0.000,0.255,1.678,0.000,0.648,1.346,3.006,7.157,1.017,12.986,46.987
Colo_rep4_Dep6_Tu50,0.000,36.279,0.000,0.000,0.005,4.065,0.373,0.616,2.881,4.736,5.585,0.301,8.511,36.649
Colo_rep5_Dep6_Tu50,0.000,36.143,0.000,0.000,0.002,4.922,0.188,0.025,0.051,3.268,7.928,1.351,5.864,40.258
Colo_rep6_Dep6_Tu2,0.000,0.127,0.012,0.428,3.342,0.000,0.169,0.324,1.030,2.911,6.556,1.342,24.082,59.676
Colo_rep10_Dep6_Tu50,0.000,47.244,0.000,0.000,0.059,2.932,0.290,0.160,0.427,3.529,7.141,1.269,3.616,33.332
Colo_rep7_Dep6_Tu50,0.000,38.261,0.000,0.000,0.003,3.933,0.804,1.320,0.884,4.365,9.147,0.096,6.649,34.539
Colo_rep9_Dep6_Tu40,0.000,35.941,0.000,0.000,0.092,1.153,1.467,1.035,0.323,2.208,5.138,0.006,10.915,41.722
Colo_rep8_Dep6_Tu5,0.000,0.000,1.065,0.000,1.186,4.640,1.493,0.109,0.272,1.931,9.336,2.917,17.282,59.767
Colo_rep1_Dep6_Tu20,0.000,18.796,0.000,0.000,1.008,0.775,0.542,1.280,0.674,0.503,3.227,1.887,10.270,61.037
Colo_rep9_Dep6_Tu2,0.890,0.059,0.102,0.001,1.436,0.000,0.145,0.055,0.374,5.734,8.034,0.965,13.456,68.750
Colo_rep5_Dep6_Tu30,0.000,21.251,0.000,0.000,1.806,0.448,3.004,0.426,0.532,5.854,5.139,0.008,9.367,52.165
Colo_rep4_Dep6_Tu0.1,0.000,0.003,0.856,0.048,0.005,0.001,0.213,0.420,0.003,2.177,8.626,0.232,21.779,65.637
Colo_rep5_Dep6_Tu0.1,0.000,0.001,1.597,0.000,0.000,0.000,1.001,0.077,0.001,1.898,8.855,0.120,22.343,64.106
Colo_rep9_Dep6_Tu3,0.000,0.005,1.153,0.034,0.038,0.473,0.832,1.167,1.904,2.775,9.062,1.534,23.768,57.254
Colo_rep2_Dep6_Tu0.1,0.000,0.000,0.841,0.000,0.021,0.057,0.186,1.036,2.807,3.415,8.181,1.726,22.328,59.403
Colo_rep8_Dep6_Tu10,0.048,3.145,0.739,0.000,0.573,0.071,3.942,1.039,2.912,2.536,5.828,0.768,28.403,49.996
Colo_rep4_Dep6_Tu30,0.000,24.362,0.000,0.000,0.000,2.236,0.035,0.339,0.297,1.989,5.211,0.008,9.102,56.421
Colo_rep2_Dep6_Tu2,0.000,0.000,1.552,0.000,0.200,0.000,1.168,0.181,0.118,2.728,9.925,0.300,17.231,66.597
Colo_rep1_Dep6_Tu5,0.000,0.161,2.411,0.000,0.405,0.885,1.599,0.151,2.084,1.110,7.234,0.031,18.362,65.566
Colo_rep8_Dep6_Tu50,0.000,45.270,0.000,0.000,0.000,3.728,0.302,0.316,0.029,3.262,7.067,1.381,8.111,30.534
Colo_rep5_Dep6_Tu5,0.000,0.001,0.000,0.000,2.726,0.130,1.535,1.353,0.857,1.959,9.803,1.497,13.392,66.747
Colo_rep6_Dep6_Tu50,0.000,43.083,0.000,0.000,0.188,1.131,0.263,0.370,0.034,4.470,4.935,1.039,2.701,41.787
Colo_rep5_Dep6_Tu0.5,0.129,0.000,1.138,0.002,0.010,0.000,0.076,0.286,0.045,0.193,11.134,0.462,23.712,62.811
Colo_rep4_Dep6_Tu20,0.000,20.290,0.000,0.000,0.139,2.008,0.103,0.185,0.384,0.406,9.836,2.089,12.936,51.625
Colo_rep8_Dep6_Tu40,0.000,36.413,0.000,0.290,0.037,0.758,0.212,0.224,0.050,1.328,4.595,0.263,3.973,51.856
Colo_rep7_Dep6_Tu0.3,0.000,0.010,0.880,0.000,0.018,0.000,0.026,0.044,0.094,5.122,8.854,0.768,18.859,65.325
Colo_rep7_Dep6_Tu30,0.000,24.410,0.000,0.000,0.088,5.418,0.002,0.084,0.005,1.285,4.112,1.217,14.836,48.542
Colo_rep10_Dep6_Tu20,0.000,16.180,0.000,0.634,0.000,0.049,1.908,2.429,0.510,2.299,5.590,0.627,20.990,48.783
Colo_rep9_Dep6_Tu10,0.000,9.006,0.000,0.271,0.330,0.083,2.194,0.689,0.004,0.513,10.591,0.159,19.058,57.103
Colo_rep9_Dep6_Tu0.1,0.000,0.000,0.034,0.000,1.752,0.003,1.737,1.123,0.445,4.443,7.653,1.508,20.729,60.574
Colo_rep10_Dep6_Tu0.3,0.000,0.000,0.001,0.000,2.477,0.000,0.342,0.345,1.409,2.239,6.993,1.184,23.799,61.212
Colo_rep8_Dep6_Tu20,0.000,17.184,0.000,0.000,1.149,0.166,1.347,1.315,0.261,4.687,5.714,2.391,22.062,43.724
Colo_rep3_Dep6_Tu3,0.000,3.126,0.836,0.795,0.000,0.166,0.179,0.210,0.422,2.589,9.414,0.659,14.636,66.968
Colo_rep4_Dep6_Tu2,0.000,0.115,0.199,0.078,0.156,0.001,1.288,0.077,1.125,0.818,11.388,2.017,24.620,58.119
Colo_rep10_Dep6_Tu0.1,0.000,0.000,0.987,0.000,0.029,0.000,1.336,0.545,0.733,0.577,8.140,3.001,23.574,61.079
Colo_rep4_Dep6_Tu0.3,0.000,0.001,0.978,0.000,0.069,0.000,1.059,0.006,0.056,1.410,8.051,1.096,16.909,70.366
Colo_rep9_Dep6_Tu0.3,0.000,0.003,1.056,0.000,0.001,0.015,0.000,0.019,0.013,1.634,8.598,0.225,28.423,60.012
Colo_rep1_Dep6_Tu10,0.317,6.232,0.000,0.000,1.129,0.065,2.430,0.941,1.157,2.133,9.250,3.044,12.972,60.331
Colo_rep6_Dep6_Tu0.3,0.000,0.001,0.882,0.000,0.005,0.000,1.042,0.203,0.823,2.784,11.548,1.728,19.595,61.389
Colo_rep6_Dep6_Tu0.5,0.000,0.000,1.608,0.000,0.164,0.020,1.935,0.204,1.351,3.273,8.118,0.358,23.011,59.957
Colo_rep10_Dep6_Tu10,0.000,4.256,0.000,0.879,3.936,0.146,3.466,3.207,0.344,1.793,6.506,0.640,11.742,63.084
Colo_rep10_Dep6_Tu1,0.000,0.000,0.000,0.000,1.022,0.093,2.145,0.381,0.330,6.306,8.013,2.146,23.130,56.437
Colo_rep10_Dep6_Tu5,0.000,8.104,0.000,0.734,0.486,0.004,0.090,0.481,2.780,0.713,7.866,0.645,20.454,57.642
Colo_rep10_Dep6_Tu40,0.000,33.077,0.000,0.000,0.000,6.120,0.007,0.731,0.162,1.021,8.086,0.244,9.923,40.629
Colo_rep10_Dep6_Tu0.5,0.000,0.000,0.000,0.000,1.351,0.000,3.131,1.122,1.805,1.082,10.912,2.653,13.003,64.942
Colo_rep1_Dep6_Tu1,0.000,0.000,0.762,0.000,0.001,0.000,1.441,0.065,0.893,2.511,9.566,2.418,23.156,59.188
Colo_rep7_Dep6_Tu20,0.000,18.361,0.000,0.000,0.058,0.606,1.315,0.014,0.003,1.458,6.276,0.001,8.142,63.767
Colo_rep6_Dep6_Tu10,0.000,10.486,0.080,0.226,1.845,0.016,0.004,0.000,0.139,0.204,7.610,2.104,17.027,60.258
Colo_rep10_Dep6_Tu3,0.000,2.807,0.342,0.615,0.004,0.538,0.066,0.310,0.286,2.506,9.660,0.303,21.811,60.750
Colo_rep1_Dep6_Tu30,0.000,26.057,0.002,0.000,0.026,2.603,0.002,0.001,0.121,2.776,5.042,1.030,15.233,47.108
Colo_rep1_Dep6_Tu0.1,0.041,0.000,0.353,0.325,0.000,0.665,1.253,0.162,0.105,3.023,6.301,0.272,34.962,52.538
Colo_rep7_Dep6_Tu5,0.113,0.290,0.083,1.213,1.064,0.003,1.419,0.765,0.224,2.935,7.607,0.558,23.791,59.935
Colo_rep7_Dep6_Tu0.1,0.000,0.000,0.639,0.000,0.046,0.000,0.671,0.650,0.024,1.854,10.224,0.328,17.847,67.716
Colo_rep6_Dep6_Tu40,0.000,35.329,0.000,0.000,0.001,2.492,0.001,0.000,0.009,1.313,7.812,0.451,6.580,46.010
Colo_rep8_Dep6_Tu2,0.000,0.275,0.616,0.000,0.055,0.358,1.257,0.364,0.121,2.394,9.701,2.020,25.868,56.970
Colo_rep7_Dep6_Tu0.5,0.000,0.000,0.919,0.000,0.695,0.000,0.212,0.454,0.729,3.746,8.776,0.908,18.837,64.725
Colo_rep5_Dep6_Tu20,0.000,17.337,0.000,0.000,0.006,0.521,1.397,0.097,0.602,3.980,6.094,3.165,24.760,42.041
Colo_rep8_Dep6_Tu0.3,0.000,0.004,1.044,0.000,0.003,0.034,0.000,0.034,0.056,1.758,8.193,0.569,29.202,59.104
Colo_rep4_Dep6_Tu5,0.000,0.027,0.000,0.000,3.038,0.115,0.008,2.975,0.903,4.452,9.425,1.782,20.771,56.503
Colo_rep9_Dep6_Tu1,0.000,0.000,1.411,0.000,0.000,0.000,1.616,0.249,0.218,1.704,8.672,0.051,23.027,63.051
Colo_rep1_Dep6_Tu0.5,0.000,0.000,1.528,0.000,0.259,0.011,0.613,0.249,0.430,4.857,8.569,0.009,22.579,60.895
Colo_rep8_Dep6_Tu3,0.000,0.233,1.643,0.071,0.345,0.218,0.626,0.122,0.144,4.303,5.021,0.886,23.655,62.733
Colo_rep5_Dep6_Tu0.3,0.000,0.000,0.283,0.000,1.657,0.000,0.000,0.326,0.913,1.399,10.469,3.018,15.624,66.311
Colo_rep2_Dep6_Tu30,0.299,19.344,0.003,0.000,0.202,5.440,0.020,1.189,0.004,1.821,7.843,0.759,20.665,42.411
Colo_rep7_Dep6_Tu10,0.288,3.269,0.001,0.000,0.232,4.042,0.389,2.933,0.264,2.663,9.289,0.423,13.362,62.847
Colo_rep2_Dep6_Tu40,0.000,37.367,0.000,0.000,0.002,0.390,3.937,0.011,0.007,1.922,5.924,0.399,16.322,33.720
Colo_rep3_Dep6_Tu0.1,0.000,0.008,0.818,0.058,0.235,0.003,0.123,0.557,0.030,3.038,11.820,0.821,22.149,60.340
Colo_rep3_Dep6_Tu1,0.000,0.000,0.185,0.000,0.223,0.000,1.460,0.004,0.144,0.980,10.324,1.949,22.415,62.316
Colo_rep8_Dep6_Tu1,0.000,0.000,0.457,0.000,0.006,2.880,0.040,0.041,0.016,1.624,9.160,2.667,21.220,61.888
Colo_rep4_Dep6_Tu1,0.000,0.000,0.762,0.000,0.768,0.000,3.036,0.143,1.814,2.558,10.735,1.084,15.282,63.819
Colo_rep5_Dep6_Tu40,0.000,29.049,0.000,0.000,0.060,2.900,0.025,2.599,0.184,1.783,6.117,2.235,8.703,46.343
Colo_rep5_Dep6_Tu10,0.000,8.587,0.763,0.000,0.660,1.188,1.109,0.311,0.961,5.251,8.305,0.133,21.480,51.252
Colo_rep2_Dep6_Tu0.3,0.000,0.008,1.086,0.000,0.126,0.001,0.101,0.771,0.147,5.676,4.064,0.366,25.311,62.344
Colo_rep10_Dep6_Tu30,0.004,22.446,0.738,0.152,0.196,0.790,0.320,0.127,0.406,0.738,7.286,0.705,5.027,61.065
Colo_rep1_Dep6_Tu40,0.001,31.277,0.000,0.001,0.000,3.958,0.061,1.061,2.660,2.212,3.889,0.034,9.935,44.910
Colo_rep6_Dep6_Tu0.1,1.257,0.001,0.030,0.000,0.016,0.000,1.523,1.203,0.169,0.586,11.705,0.080,18.420,65.009
Colo_rep7_Dep6_Tu40,0.000,29.885,0.000,0.000,0.046,5.504,1.273,0.009,0.030,7.110,5.063,0.166,12.398,38.516
Colo_rep1_Dep6_Tu50,0.000,45.137,0.000,0.000,0.002,5.904,0.012,0.005,0.018,3.926,3.077,3.039,8.894,29.987
Colo_rep1_Dep6_Tu0.3,0.000,0.000,0.004,0.000,0.000,0.000,1.227,2.034,0.017,0.544,12.091,1.410,22.534,60.139
Colo_rep9_Dep6_Tu20,0.001,16.508,0.000,0.000,0.840,0.928,1.275,0.085,0.073,4.973,6.400,0.459,6.862,61.597
Colo_rep4_Dep6_Tu10,0.832,9.789,0.000,0.000,0.001,0.000,0.065,0.002,0.000,5.081,6.615,0.002,17.896,59.717
Colo_rep6_Dep6_Tu5,0.551,0.438,0.098,0.000,0.030,0.058,1.923,1.803,0.598,1.964,8.096,0.366,17.320,66.755
Colo_rep9_Dep6_Tu5,0.000,0.060,0.772,0.044,1.616,0.000,1.934,1.844,0.802,6.234,7.578,1.317,16.104,61.695
Colo_rep3_Dep6_Tu50,0.000,41.629,0.000,0.000,0.001,3.337,1.467,0.003,0.003,0.241,6.736,0.002,2.800,43.781
Colo_rep5_Dep6_Tu1,0.000,0.000,0.731,0.011,0.602,0.000,1.180,2.068,0.865,4.922,8.432,1.392,17.612,62.185
Colo_rep5_Dep6_Tu3,0.000,0.148,0.233,0.402,1.476,0.173,0.063,0.809,0.001,3.508,10.093,1.033,19.435,62.628
Colo_rep2_Dep6_Tu1,0.000,0.000,2.728,0.000,0.436,0.000,0.002,1.125,0.447,3.223,10.810,1.280,21.889,58.059
Colo_rep7_Dep6_Tu1,0.484,0.000,0.314,0.000,0.041,0.000,0.076,0.219,0.227,0.514,12.747,1.130,16.247,68.002
Colo_rep5_Dep6_Tu2,0.000,0.000,0.013,0.001,4.037,0.000,0.058,0.190,2.794,1.486,6.512,2.945,20.472,61.493
Colo_rep4_Dep6_Tu40,0.000,29.730,0.000,0.000,0.030,5.768,0.009,0.001,0.003,7.997,6.568,0.428,2.616,46.850
Colo_rep2_Dep6_Tu20,0.000,15.281,0.000,0.000,0.106,2.163,1.672,0.175,1.317,3.071,6.646,0.178,8.706,60.685
Colo_rep4_Dep6_Tu0.5,0.000,0.000,0.397,0.000,0.501,0.000,1.312,1.008,0.161,2.279,9.212,1.088,20.947,63.094
Colo_rep2_Dep6_Tu5,0.001,2.235,1.218,0.386,0.002,0.263,0.186,0.939,0.079,6.438,2.274,1.201,26.376,58.405
Colo_rep2_Dep6_Tu3,0.000,0.003,0.004,0.000,1.146,0.387,0.000,1.928,0.039,5.860,9.623,0.989,21.522,58.497
Colo_rep3_Dep6_Tu10,0.946,7.712,0.000,0.363,0.093,0.079,1.987,0.064,0.003,3.865,7.113,0.002,19.758,58.014
Colo_rep8_Dep6_Tu0.5,0.000,0.000,0.418,0.000,1.565,0.050,3.230,0.113,0.360,1.138,10.294,0.003,17.578,65.252
Colo_rep7_Dep6_Tu3,0.000,0.000,1.185,0.000,0.122,0.000,2.428,1.412,0.983,1.789,8.944,0.974,15.616,66.547
Colo_rep3_Dep6_Tu0.5,0.000,0.004,1.028,0.000,0.007,0.000,0.806,0.197,0.983,3.100,11.084,1.740,20.049,61.001
Colo_rep3_Dep6_Tu20,0.334,16.607,0.001,0.000,0.002,2.157,0.009,0.940,0.413,3.363,6.215,0.005,18.613,51.342
Colo_rep1_Dep6_Tu2,2.241,1.050,0.331,0.000,0.000,0.000,0.278,0.225,0.079,3.534,7.369,0.046,21.585,63.261
Colo_rep9_Dep6_Tu50,0.000,46.111,0.000,0.000,0.004,2.138,0.000,0.000,0.000,0.456,1.816,0.006,4.137,45.332
Colo_rep3_Dep6_Tu0.3,0.000,0.000,0.435,0.001,1.525,0.074,3.099,0.093,0.409,1.229,9.884,0.003,17.700,65.548
Colo_rep1_Dep6_Tu3,0.000,0.208,1.126,0.260,0.357,0.015,1.455,0.392,0.034,1.488,12.235,1.275,18.142,63.014
