Sample,BRCA,CEAD,CESC,COAD,OV,READ,bcell,cd4tcell,cd8tcell,erythroblast,monocyte,naturalkillercell,neutrophil,Unknown-1,Unknown-2,Unknown-3,Unknown-4,Unknown-5,Unknown-6,Unknown-7,Unknown-8,Unknown-9,Unknown-10
Colo_rep2_Dep6_Tu0.5,0.029,1.445,0.698,0.002,2.088,0.104,2.324,1.894,1.943,1.323,6.657,2.469,2.991,1.661,7.784,7.693,4.718,5.751,8.623,21.186,1.724,4.317,12.575
Colo_rep2_Dep6_Tu50,1.015,1.634,1.199,0.465,6.103,11.540,6.487,0.595,4.211,3.708,6.931,3.186,4.006,15.636,0.142,1.601,0.889,0.655,1.661,2.685,0.615,18.843,6.193
Colo_rep6_Dep6_Tu1,0.016,0.816,0.279,0.007,2.811,0.429,4.323,1.637,1.383,4.862,2.046,2.675,16.437,6.364,8.720,7.206,7.030,0.809,4.815,10.662,4.471,1.794,10.410
Colo_rep3_Dep6_Tu2,0.010,0.328,1.209,0.006,0.085,0.678,2.533,3.566,0.489,4.425,6.651,3.336,13.678,5.438,2.115,9.502,4.509,8.497,12.943,7.302,7.266,2.916,2.518
Colo_rep7_Dep6_Tu2,0.088,0.903,0.332,0.005,2.306,0.418,3.014,3.444,2.124,0.735,6.767,1.679,10.691,1.085,18.078,0.195,6.811,10.957,5.672,1.518,16.453,4.260,2.463
Colo_rep8_Dep6_Tu0.1,0.001,0.716,0.415,0.000,2.875,0.107,2.865,0.646,2.435,3.019,5.603,3.020,13.013,4.183,7.748,2.795,16.529,2.152,8.341,15.067,6.926,0.026,1.519
Colo_rep10_Dep6_Tu2,0.090,0.422,1.415,0.004,1.184,0.045,1.863,1.045,2.207,4.783,9.526,2.420,8.496,0.645,15.998,4.054,9.775,8.567,7.542,0.287,6.288,7.911,5.432
Colo_rep6_Dep6_Tu3,0.027,0.552,0.826,0.001,3.078,0.186,2.707,2.351,3.090,2.721,6.737,1.662,10.937,6.255,12.859,4.088,1.585,7.397,10.991,11.526,7.264,3.040,0.120
Colo_rep9_Dep6_Tu30,1.164,0.661,1.802,0.131,4.816,6.880,3.717,4.106,0.977,4.322,8.730,1.775,2.400,11.056,3.755,2.116,2.753,13.030,4.835,6.401,6.136,7.521,0.915
Colo_rep9_Dep6_Tu0.5,0.015,0.931,0.858,0.001,2.783,0.062,2.910,2.384,2.695,2.050,2.512,2.804,3.055,5.886,14.658,8.627,4.514,1.989,3.795,17.835,8.615,3.749,7.270
Colo_rep6_Dep6_Tu20,0.538,3.878,0.416,0.595,2.572,3.011,3.215,0.698,3.793,6.393,6.112,4.012,10.596,7.384,1.641,5.334,6.484,4.556,0.219,6.893,5.804,8.199,7.654
Colo_rep8_Dep6_Tu30,0.877,4.240,0.255,0.946,5.492,3.647,3.436,3.711,1.034,6.393,0.564,4.292,7.816,0.848,2.772,6.070,1.584,10.867,0.205,3.965,8.380,19.575,3.031
Colo_rep3_Dep6_Tu5,0.126,0.785,1.115,0.004,1.176,0.703,4.376,3.166,1.280,4.111,1.807,1.919,8.442,1.251,13.332,9.406,10.278,6.070,7.420,5.573,0.168,8.527,8.964
Colo_rep4_Dep6_Tu3,0.037,1.095,0.291,0.064,2.615,0.393,1.470,3.161,1.245,0.377,8.838,3.093,11.139,4.388,3.677,10.192,8.624,2.597,0.695,5.256,15.494,0.135,15.125
Colo_rep2_Dep6_Tu10,0.186,0.835,0.936,0.003,2.188,0.823,0.170,2.649,3.087,4.644,5.295,2.718,9.243,11.688,2.543,5.249,0.953,0.830,4.188,13.147,10.510,5.762,12.352
Colo_rep3_Dep6_Tu40,0.595,1.999,0.855,0.363,0.794,12.728,4.908,3.219,2.548,3.067,2.945,3.787,5.249,1.897,2.475,2.709,6.021,7.999,1.082,0.733,9.161,21.881,2.985
Colo_rep3_Dep6_Tu30,1.170,0.185,2.750,0.106,3.663,7.008,2.739,2.620,2.128,4.326,6.986,1.459,5.145,4.502,1.096,6.236,2.687,2.314,8.639,3.645,12.871,16.183,1.543
Colo_rep6_Dep6_Tu30,0.169,0.945,0.511,0.257,4.929,10.415,1.156,2.347,4.796,4.088,2.599,3.114,10.244,2.046,2.363,2.498,3.673,1.773,14.561,1.605,14.667,9.718,1.526
Colo_rep4_Dep6_Tu50,0.728,8.082,0.571,0.985,0.955,5.739,5.965,6.665,3.426,2.204,4.204,3.752,2.486,1.610,0.826,0.370,7.759,4.041,0.691,0.136,9.189,27.545,2.069
Colo_rep5_Dep6_Tu50,0.360,6.693,0.489,0.575,4.130,7.890,4.378,2.666,3.029,4.256,4.445,4.413,2.533,9.066,0.867,2.258,2.017,6.399,0.603,1.945,0.061,26.136,4.791
Colo_rep6_Dep6_Tu2,0.057,1.350,0.448,0.027,2.955,0.120,0.151,2.120,4.049,5.966,7.545,1.520,13.192,4.356,7.956,13.841,0.115,10.136,3.895,6.147,5.530,1.421,7.104
Colo_rep10_Dep6_Tu50,1.986,5.707,0.488,0.142,3.619,11.621,3.371,5.085,4.692,4.373,5.344,2.326,3.062,17.553,1.326,0.004,5.187,4.438,0.428,1.255,4.058,10.867,3.068
Colo_rep7_Dep6_Tu50,0.203,8.685,2.293,0.284,1.497,7.605,6.949,3.769,1.495,4.120,4.292,3.117,6.171,3.526,4.401,1.763,4.825,1.200,1.889,0.566,8.856,21.807,0.687
Colo_rep9_Dep6_Tu40,1.371,5.270,1.565,0.316,4.303,8.555,4.695,3.549,3.898,2.385,7.255,2.589,2.805,14.819,2.489,3.467,4.656,8.415,4.124,0.398,5.270,2.356,5.451
Colo_rep8_Dep6_Tu5,0.004,1.409,1.251,0.076,1.999,0.597,0.820,2.923,2.272,5.429,5.634,4.924,10.755,1.498,7.301,11.014,6.853,10.567,10.668,1.772,6.322,2.419,3.495
Colo_rep1_Dep6_Tu20,1.204,0.094,1.227,0.467,1.595,4.397,1.388,5.461,4.489,3.934,6.438,2.893,3.244,13.670,4.084,5.253,3.143,8.941,2.866,9.625,1.315,4.116,10.155
Colo_rep9_Dep6_Tu2,0.310,1.255,1.061,0.012,1.539,0.307,1.982,1.915,1.369,7.286,7.219,1.705,5.269,10.210,4.797,6.872,3.042,6.668,12.412,6.591,5.099,0.714,12.368
Colo_rep5_Dep6_Tu30,2.532,1.250,0.655,0.244,5.292,8.282,0.485,3.353,4.267,5.787,2.548,1.880,2.242,1.245,3.133,8.669,10.788,1.156,9.914,9.453,3.374,12.104,1.346
Colo_rep4_Dep6_Tu0.1,0.010,0.917,0.907,0.004,2.261,0.197,1.987,1.252,1.997,4.119,3.562,1.104,13.057,3.330,7.286,6.433,9.216,5.505,17.758,12.799,1.723,4.100,0.479
Colo_rep5_Dep6_Tu0.1,0.028,0.728,1.353,0.001,1.645,0.109,1.808,0.548,2.205,4.522,7.336,1.647,7.730,7.589,4.521,10.035,7.725,2.193,7.900,12.579,9.876,2.842,5.078
Colo_rep9_Dep6_Tu3,0.007,0.604,0.942,0.000,1.081,0.208,3.188,3.424,0.014,3.859,6.908,2.958,10.928,7.540,16.197,11.246,6.186,2.144,9.648,1.617,2.622,8.373,0.306
Colo_rep2_Dep6_Tu0.1,0.041,0.482,0.075,0.004,2.207,0.058,1.633,2.835,3.356,4.874,8.785,1.832,8.657,0.628,1.781,7.698,5.802,3.331,1.990,8.289,5.664,2.574,27.404
Colo_rep8_Dep6_Tu10,0.150,3.447,0.079,0.008,4.270,0.075,2.387,0.562,4.245,2.666,8.681,1.894,7.780,2.369,7.118,12.182,12.719,0.902,4.333,10.689,5.223,5.051,3.171
Colo_rep4_Dep6_Tu30,0.436,5.930,0.284,0.702,2.650,6.900,2.666,1.532,3.490,3.292,4.000,2.861,2.750,10.688,6.110,2.044,1.962,3.770,5.820,6.956,4.646,12.993,7.519
Colo_rep2_Dep6_Tu2,0.016,1.141,0.653,0.012,2.685,0.401,0.544,1.798,1.482,4.505,7.980,2.776,9.461,10.905,12.493,12.291,2.661,3.346,3.003,9.597,7.289,1.246,3.715
Colo_rep1_Dep6_Tu5,0.094,0.917,1.760,0.066,1.488,0.222,3.942,2.019,2.588,6.179,1.856,2.012,12.992,7.724,4.919,7.897,8.768,6.401,4.083,6.578,3.589,3.162,10.744
Colo_rep8_Dep6_Tu50,0.232,5.279,0.643,1.509,2.596,11.683,4.144,0.008,6.016,5.344,5.679,1.463,3.463,15.845,0.087,1.746,4.372,4.175,3.317,0.134,10.013,12.125,0.127
Colo_rep5_Dep6_Tu5,0.037,0.526,0.647,0.000,2.952,0.153,1.082,4.189,0.764,2.041,6.702,4.001,8.980,0.590,5.550,10.681,12.110,4.278,9.999,5.206,9.673,4.608,5.230
Colo_rep6_Dep6_Tu50,0.226,4.445,1.000,0.128,2.254,12.103,5.087,4.554,4.619,6.637,2.413,2.026,4.773,6.449,2.127,0.761,5.040,5.776,0.345,1.205,6.937,17.116,3.978
Colo_rep5_Dep6_Tu0.5,0.063,0.805,0.979,0.024,0.982,0.156,2.685,2.213,2.354,0.186,3.401,2.105,15.548,1.325,6.682,2.376,0.906,3.007,14.669,13.484,4.898,4.432,16.717
Colo_rep4_Dep6_Tu20,0.011,3.003,1.842,0.051,1.329,4.427,4.917,2.785,1.666,2.890,5.454,3.516,7.755,5.416,3.513,4.149,8.150,1.433,6.413,4.649,9.497,12.729,4.405
Colo_rep8_Dep6_Tu40,1.034,2.332,2.507,1.000,6.594,3.486,3.761,2.577,3.049,6.102,0.790,2.633,4.913,14.570,0.474,0.574,0.443,0.254,4.734,3.692,5.083,23.010,6.389
Colo_rep7_Dep6_Tu0.3,0.060,0.146,0.896,0.002,1.571,0.052,1.733,1.270,3.047,6.181,9.309,0.608,8.744,3.175,11.580,5.133,4.860,3.079,9.057,8.092,8.347,2.268,10.794
Colo_rep7_Dep6_Tu30,1.450,4.410,1.253,0.064,2.200,5.919,2.890,3.100,1.074,5.543,3.399,3.897,5.231,10.510,4.836,2.371,2.012,11.285,1.565,8.923,8.618,4.320,5.130
Colo_rep10_Dep6_Tu20,0.480,4.447,0.475,0.272,4.098,2.505,4.850,3.901,1.072,2.048,5.487,1.274,3.480,8.703,3.326,9.032,18.076,2.632,2.030,5.046,14.042,0.301,2.421
Colo_rep9_Dep6_Tu10,0.004,0.710,1.049,0.060,2.276,0.165,3.057,1.883,2.653,4.011,8.898,3.049,2.957,2.853,9.204,10.681,6.282,11.864,7.031,4.642,3.115,9.458,4.096
Colo_rep9_Dep6_Tu0.1,0.005,0.890,0.392,0.000,1.881,0.227,2.181,2.578,2.092,2.207,6.960,3.420,0.993,0.708,15.415,11.725,19.170,10.493,2.361,3.762,4.415,4.203,3.923
Colo_rep10_Dep6_Tu0.3,0.034,0.896,0.215,0.002,0.800,0.439,1.897,2.302,3.388,1.655,7.412,3.115,13.899,1.051,13.547,10.638,7.594,0.356,8.904,5.706,8.633,3.400,4.118
Colo_rep8_Dep6_Tu20,0.026,1.566,0.808,0.115,5.561,1.908,3.597,3.228,2.306,4.379,2.422,4.666,7.910,11.037,4.357,5.664,4.933,2.342,2.240,4.524,4.710,12.573,9.128
Colo_rep3_Dep6_Tu3,0.015,0.738,0.757,0.033,1.353,0.184,2.906,0.431,3.284,3.531,7.575,2.164,5.601,12.765,3.151,6.070,9.824,0.814,2.891,8.312,11.735,2.685,13.177
Colo_rep4_Dep6_Tu2,0.014,0.662,0.245,0.001,2.609,0.190,1.514,1.620,2.334,3.047,7.341,2.153,14.708,5.666,16.527,3.796,10.313,0.021,3.718,1.923,3.858,2.442,15.302
Colo_rep10_Dep6_Tu0.1,0.012,1.189,0.471,0.002,1.502,0.002,0.140,0.788,2.597,3.995,9.686,3.666,12.207,2.547,1.428,21.577,7.651,5.060,1.056,4.690,3.658,0.858,15.218
Colo_rep4_Dep6_Tu0.3,0.098,0.022,1.072,0.000,1.667,0.204,3.247,4.994,0.090,2.101,9.861,1.698,6.619,3.206,9.030,12.244,1.853,16.061,6.257,0.295,17.123,2.111,0.147
Colo_rep9_Dep6_Tu0.3,0.027,1.451,0.454,0.005,1.120,0.131,1.263,2.400,1.078,4.756,2.436,1.911,15.214,3.868,9.097,9.111,3.631,1.213,5.209,9.544,9.656,4.802,11.624
Colo_rep1_Dep6_Tu10,0.817,1.373,0.704,0.002,1.286,0.441,5.101,2.627,1.658,5.841,3.394,3.887,8.793,2.776,6.966,9.678,11.559,9.906,4.892,4.086,3.400,6.028,4.783
Colo_rep6_Dep6_Tu0.3,0.039,0.879,0.727,0.002,1.516,0.012,2.508,2.251,2.150,5.344,9.419,0.882,8.794,2.001,5.812,13.524,6.942,11.688,1.315,8.253,6.952,1.487,7.503
Colo_rep6_Dep6_Tu0.5,0.002,1.530,0.848,0.001,2.533,0.256,1.322,1.123,3.380,4.826,3.451,1.651,14.875,2.195,9.675,18.049,5.810,3.926,15.342,4.993,1.323,2.644,0.245
Colo_rep10_Dep6_Tu10,0.268,1.342,0.358,0.087,1.894,0.154,4.270,3.855,2.998,3.184,5.734,4.098,8.305,4.339,8.506,8.947,8.540,2.266,6.743,9.082,8.815,6.101,0.113
Colo_rep10_Dep6_Tu1,0.003,0.883,0.220,0.000,2.847,0.227,1.673,3.411,1.686,2.218,4.288,3.000,12.096,0.197,14.695,14.655,15.281,0.578,1.086,1.396,11.791,3.243,4.526
Colo_rep10_Dep6_Tu5,0.174,0.807,1.517,0.067,3.330,0.483,2.033,3.585,2.799,3.386,3.865,1.528,6.797,8.402,12.294,13.441,1.352,1.867,3.894,5.740,3.670,6.757,12.213
Colo_rep10_Dep6_Tu40,0.233,4.158,0.752,0.304,2.976,11.715,3.021,6.903,0.368,3.547,6.623,0.692,5.490,17.137,4.328,0.906,6.035,1.052,0.394,0.327,6.308,11.631,5.099
Colo_rep10_Dep6_Tu0.5,0.002,0.008,0.244,0.008,2.218,0.079,3.658,3.073,3.234,3.107,8.664,1.605,12.242,2.892,2.776,9.611,17.446,12.805,12.844,1.263,0.823,0.615,0.782
Colo_rep1_Dep6_Tu1,0.049,0.818,0.120,0.006,1.430,0.274,2.191,3.142,2.777,4.696,1.873,2.754,8.024,5.490,10.744,17.896,11.540,3.643,6.184,3.247,8.484,0.545,4.073
Colo_rep7_Dep6_Tu20,0.436,3.225,0.295,0.300,3.986,2.086,3.990,1.250,1.434,4.090,6.599,2.210,5.190,15.148,5.384,0.232,4.753,1.422,5.666,14.570,1.845,10.802,5.087
Colo_rep6_Dep6_Tu10,0.853,0.439,2.306,0.058,2.585,0.368,2.169,1.771,3.709,1.506,8.593,2.970,9.302,12.617,3.111,4.537,8.576,14.880,7.343,1.975,4.666,3.207,2.458
Colo_rep10_Dep6_Tu3,0.206,2.333,0.672,0.150,1.768,0.099,2.029,1.640,1.153,5.921,4.338,2.287,10.485,5.208,0.466,4.493,5.511,6.067,8.452,17.834,2.449,4.897,11.543
Colo_rep1_Dep6_Tu30,0.681,3.222,1.087,0.219,1.364,7.561,4.331,0.568,4.965,1.672,3.314,3.251,10.137,12.748,4.695,1.919,6.490,8.156,3.893,2.744,3.765,8.518,4.698
Colo_rep1_Dep6_Tu0.1,0.041,1.485,1.111,0.029,2.099,0.124,3.670,0.501,1.946,4.874,2.670,0.541,2.980,4.723,4.664,6.241,11.412,0.674,5.162,16.097,9.932,2.197,16.827
Colo_rep7_Dep6_Tu5,0.008,0.787,1.176,0.043,1.578,0.324,2.178,2.243,2.313,3.522,6.913,1.788,4.756,3.631,1.757,5.155,13.312,7.340,10.044,15.741,5.789,6.454,3.150
Colo_rep7_Dep6_Tu0.1,0.002,0.985,0.397,0.008,2.313,0.205,2.365,2.020,1.064,4.699,8.445,2.101,0.580,0.876,11.141,6.339,2.838,7.829,12.177,18.846,3.944,4.955,5.872
Colo_rep6_Dep6_Tu40,0.622,3.433,1.324,0.682,1.757,11.788,0.357,1.785,4.184,4.222,6.467,3.828,6.378,1.370,2.968,3.467,4.260,2.836,4.948,0.683,7.048,19.897,5.696
Colo_rep8_Dep6_Tu2,0.016,1.090,0.652,0.002,2.658,0.267,2.552,2.240,1.654,3.211,8.322,2.628,2.732,5.033,7.327,12.242,1.533,14.208,10.879,2.263,7.908,2.017,8.566
Colo_rep7_Dep6_Tu0.5,0.023,0.753,0.375,0.003,1.950,0.169,1.361,1.326,2.127,6.940,6.993,2.962,11.599,2.921,5.758,2.774,10.102,4.381,11.473,8.729,1.907,2.212,13.163
Colo_rep5_Dep6_Tu20,0.421,4.290,0.935,0.210,0.361,3.385,3.158,0.606,2.967,0.745,5.874,4.780,10.250,7.450,6.012,7.319,14.729,3.337,2.687,1.536,7.950,9.907,1.090
Colo_rep8_Dep6_Tu0.3,0.033,1.081,0.488,0.000,2.032,0.200,1.242,3.183,0.936,2.093,6.364,2.046,8.803,5.330,7.109,5.418,5.785,4.182,8.449,14.518,6.938,3.596,10.177
Colo_rep4_Dep6_Tu5,0.004,0.713,0.662,0.000,2.872,0.416,1.247,2.986,3.204,3.747,7.881,1.698,0.238,1.129,5.359,15.858,11.927,8.628,7.475,1.710,13.685,3.912,4.646
Colo_rep9_Dep6_Tu1,0.075,1.455,0.609,0.032,1.469,0.050,2.539,1.549,0.929,5.350,4.466,2.232,14.047,10.349,12.965,7.298,5.209,1.850,1.848,12.023,10.679,0.086,2.889
Colo_rep1_Dep6_Tu0.5,0.048,1.894,0.039,0.013,3.320,0.157,2.498,3.088,0.484,4.757,4.502,1.497,14.940,6.087,1.575,7.639,5.494,3.414,21.904,2.472,11.338,1.474,1.367
Colo_rep8_Dep6_Tu3,0.122,0.650,0.660,0.096,0.343,0.302,1.891,1.547,2.800,4.702,2.984,2.083,10.282,11.309,11.730,3.818,11.234,4.050,1.742,2.462,2.781,2.192,20.220
Colo_rep5_Dep6_Tu0.3,0.018,0.280,0.691,0.000,2.449,0.203,0.715,2.804,1.449,3.623,1.104,3.906,11.723,3.238,8.084,20.001,4.760,5.110,13.411,1.041,7.536,4.707,3.147
Colo_rep2_Dep6_Tu30,1.804,5.323,0.922,0.100,3.566,2.522,3.136,2.508,2.919,2.269,6.695,2.940,4.791,0.635,2.198,2.609,5.144,4.760,0.587,7.517,6.069,20.256,10.730
Colo_rep7_Dep6_Tu10,0.137,2.374,1.089,0.025,1.522,1.388,2.601,1.428,3.902,4.384,6.376,3.034,8.130,12.453,3.889,4.606,3.399,0.103,15.551,2.197,9.440,10.547,1.425
Colo_rep2_Dep6_Tu40,1.844,5.790,0.207,0.283,4.565,7.571,3.091,5.471,4.135,3.810,4.309,1.065,2.554,5.378,0.537,4.740,3.972,10.976,4.010,1.893,4.604,15.396,3.801
Colo_rep3_Dep6_Tu0.1,0.014,1.261,0.492,0.004,1.976,0.029,2.532,2.911,0.626,2.347,9.098,0.116,4.854,2.027,6.333,0.770,9.179,12.337,11.552,6.250,6.630,1.636,17.026
Colo_rep3_Dep6_Tu1,0.008,0.021,0.381,0.003,2.779,0.221,3.375,2.433,0.836,2.440,10.122,2.770,6.633,0.304,8.827,15.643,3.656,7.413,1.152,11.656,5.204,4.874,9.248
Colo_rep8_Dep6_Tu1,0.022,0.240,0.263,0.002,2.022,0.086,1.828,1.440,2.828,3.789,5.465,3.387,5.505,7.126,5.800,9.405,15.007,5.775,8.171,7.341,1.916,2.529,10.052
Colo_rep4_Dep6_Tu1,0.021,0.847,0.383,0.000,2.887,0.122,2.863,1.693,2.295,1.000,3.383,3.795,12.116,3.344,17.178,13.257,16.372,0.046,6.378,1.719,3.921,5.093,1.286
Colo_rep5_Dep6_Tu40,0.220,2.410,0.592,0.413,3.709,6.938,4.373,1.673,5.209,7.929,2.461,2.151,7.106,2.190,5.349,0.850,3.422,1.454,5.865,4.431,3.745,23.200,4.310
Colo_rep5_Dep6_Tu10,0.183,1.159,1.504,0.090,2.606,1.088,1.477,5.373,4.641,3.528,5.857,0.842,2.579,2.753,2.162,1.798,7.117,21.553,13.782,4.687,4.879,9.643,0.699
Colo_rep2_Dep6_Tu0.3,0.016,0.477,0.413,0.002,2.167,0.028,2.257,0.996,2.783,3.491,4.408,1.632,8.886,0.610,16.248,13.206,5.539,9.431,1.464,4.241,4.441,4.032,13.232
Colo_rep10_Dep6_Tu30,0.559,3.142,0.556,1.042,2.089,3.140,3.985,2.623,5.089,5.477,6.143,2.043,6.470,18.813,1.857,7.051,1.166,6.868,4.508,0.358,3.991,6.002,7.030
Colo_rep1_Dep6_Tu40,0.560,1.639,1.828,0.290,3.971,8.386,5.674,4.267,4.255,3.575,4.878,0.258,3.187,13.301,1.886,5.908,4.235,2.722,3.476,1.027,9.035,12.706,2.935
Colo_rep6_Dep6_Tu0.1,0.026,1.418,0.551,0.001,1.417,0.147,1.620,3.904,3.141,0.804,9.975,1.277,2.310,6.399,11.877,8.709,10.336,2.390,9.952,10.917,0.530,3.284,9.014
Colo_rep7_Dep6_Tu40,1.521,0.843,0.390,0.579,4.484,9.158,4.175,2.934,3.133,3.365,5.506,2.716,5.698,11.388,1.129,1.110,6.248,1.219,2.611,1.343,8.232,19.278,2.941
Colo_rep1_Dep6_Tu50,1.054,1.057,0.992,1.498,2.605,10.324,5.401,5.186,1.571,4.057,2.442,6.622,1.195,18.040,1.578,4.017,1.115,7.229,2.266,1.235,1.199,18.757,0.559
Colo_rep1_Dep6_Tu0.3,0.041,1.190,0.935,0.002,1.459,0.273,1.531,2.777,3.000,0.828,4.974,3.443,15.422,2.858,5.582,2.671,10.224,9.429,12.999,7.099,10.247,2.802,0.216
Colo_rep9_Dep6_Tu20,0.158,2.670,0.552,0.120,4.014,2.781,3.922,3.247,1.938,3.450,7.326,3.295,7.577,7.775,9.742,1.501,5.454,0.579,3.074,7.301,9.587,12.149,1.787
Colo_rep4_Dep6_Tu10,0.993,2.003,0.449,0.010,1.728,1.328,3.026,2.020,0.641,5.783,1.627,2.285,5.141,18.153,7.990,1.388,7.100,13.739,13.551,0.745,3.348,3.575,3.376
Colo_rep6_Dep6_Tu5,0.283,0.840,0.344,0.005,2.667,0.280,2.471,2.334,2.648,5.966,4.476,2.519,14.659,6.330,5.225,0.296,1.685,7.906,9.071,13.471,9.258,5.466,1.801
Colo_rep9_Dep6_Tu5,0.067,1.795,0.760,0.003,2.218,0.313,1.288,4.004,3.446,1.531,7.690,2.970,8.408,7.505,9.884,7.371,6.462,8.500,8.880,3.329,4.519,2.307,6.749
Colo_rep3_Dep6_Tu50,2.077,4.774,0.603,0.807,1.583,13.462,6.103,4.149,3.625,4.418,0.313,1.645,3.542,4.371,3.848,2.122,2.554,7.684,1.542,0.287,10.698,19.348,0.446
Colo_rep5_Dep6_Tu1,0.088,1.123,0.631,0.001,2.435,0.125,2.405,4.572,1.349,4.857,6.455,0.913,13.197,1.850,11.482,1.911,1.578,16.665,15.274,1.701,1.007,2.024,8.354
Colo_rep5_Dep6_Tu3,0.070,2.260,0.821,0.044,0.403,0.233,2.148,0.324,2.616,5.562,0.573,3.453,16.685,8.157,1.486,0.063,2.102,8.856,9.243,13.730,3.968,3.740,13.463
Colo_rep2_Dep6_Tu1,0.064,1.781,0.152,0.005,1.779,0.122,1.348,2.379,2.045,5.446,10.854,2.290,11.631,1.219,5.047,11.527,6.881,1.860,9.308,11.077,1.378,4.079,7.727
Colo_rep7_Dep6_Tu1,0.142,0.917,0.617,0.066,0.907,0.307,0.559,2.681,2.312,2.212,10.616,2.205,1.607,8.534,2.264,9.979,2.626,2.195,7.991,18.349,8.892,1.377,12.645
Colo_rep5_Dep6_Tu2,0.291,1.164,0.586,0.000,1.596,0.200,0.914,1.958,3.436,4.322,3.923,4.151,9.247,1.299,0.908,17.277,4.531,10.988,6.080,14.576,4.655,5.989,1.908
Colo_rep4_Dep6_Tu40,1.511,5.863,1.616,0.020,1.123,7.174,4.750,2.503,3.826,6.333,5.831,4.243,7.062,23.104,1.684,2.162,0.513,0.303,7.883,1.676,4.386,3.308,3.127
Colo_rep2_Dep6_Tu20,0.204,1.923,0.265,0.015,3.119,3.355,4.327,4.063,2.453,5.481,5.330,2.557,3.709,5.527,1.403,1.298,9.791,2.238,7.281,11.417,10.349,12.488,1.410
Colo_rep4_Dep6_Tu0.5,0.006,0.358,0.373,0.002,3.260,0.073,2.371,0.642,1.641,5.626,6.665,1.320,10.901,7.400,25.935,0.997,6.106,6.410,2.806,0.729,1.927,3.390,11.063
Colo_rep2_Dep6_Tu5,0.016,1.277,0.525,0.015,1.530,0.240,2.367,2.906,1.695,4.366,1.688,2.494,9.743,6.233,20.744,7.849,5.217,6.991,2.043,0.596,0.359,7.649,13.456
Colo_rep2_Dep6_Tu3,0.040,0.841,0.463,0.002,2.247,0.092,0.784,4.147,1.366,4.396,9.453,2.160,5.434,5.837,14.029,8.343,3.421,1.050,6.480,9.555,7.245,1.515,11.100
Colo_rep3_Dep6_Tu10,0.254,2.807,0.695,0.145,3.163,1.095,3.311,2.132,0.738,6.332,5.982,1.934,3.238,4.741,2.575,2.457,13.666,7.801,0.078,20.665,6.929,8.246,1.015
Colo_rep8_Dep6_Tu0.5,0.030,0.645,0.617,0.010,2.469,0.255,5.002,4.142,0.211,7.296,3.158,0.022,10.850,2.941,12.326,9.559,4.285,7.241,4.339,17.874,1.433,2.120,3.175
Colo_rep7_Dep6_Tu3,0.121,0.526,0.309,0.102,1.794,0.152,1.251,2.959,3.384,2.557,9.002,1.875,16.982,3.890,1.344,12.869,7.045,5.750,1.783,6.787,13.901,3.790,1.829
Colo_rep3_Dep6_Tu0.5,0.022,0.874,0.779,0.002,1.495,0.080,1.640,0.397,1.875,6.337,8.576,2.279,9.602,1.575,12.378,5.532,1.820,5.074,9.274,6.497,6.359,5.014,12.519
Colo_rep3_Dep6_Tu20,2.168,0.604,0.243,0.716,4.370,0.131,2.800,5.388,0.296,4.453,5.392,2.468,9.310,15.942,7.410,0.403,4.346,0.267,0.262,8.124,1.599,16.395,6.914
Colo_rep1_Dep6_Tu2,0.174,1.556,0.339,0.002,1.326,0.276,1.091,2.948,1.849,7.466,3.898,1.761,16.593,15.166,4.993,9.579,3.465,3.774,5.911,9.644,3.097,0.344,4.748
Colo_rep9_Dep6_Tu50,1.341,8.882,1.134,0.217,0.375,15.637,3.726,1.541,3.291,4.171,1.527,2.312,4.706,17.736,1.010,1.266,3.192,0.939,4.745,1.204,4.759,14.894,1.394
Colo_rep3_Dep6_Tu0.3,0.061,0.183,0.911,0.028,2.763,0.083,1.937,3.447,3.029,5.368,2.767,0.996,9.065,1.808,8.887,1.834,3.153,8.863,17.890,5.523,9.469,4.183,7.751
Colo_rep1_Dep6_Tu3,0.006,1.410,1.316,0.024,2.007,0.456,1.652,3.192,0.289,5.031,8.481,2.898,6.037,3.678,9.007,1.938,5.744,4.782,12.515,13.216,11.471,1.111,3.740
