Sample,BRCA,CEAD,CESC,COAD,OV,READ,bcell,cd4tcell,cd8tcell,erythroblast,monocyte,naturalkillercell,neutrophil,Unknown-1,Unknown-2,Unknown-3,Unknown-4,Unknown-5,Unknown-6,Unknown-7,Unknown-8,Unknown-9,Unknown-10
Colo_rep2_Dep6_Tu0.5,0.000,0.266,0.000,0.000,0.000,0.000,0.000,0.000,0.000,19.246,10.133,0.000,0.107,8.385,0.000,0.000,0.000,61.276,0.000,0.000,0.000,0.586,0.000
Colo_rep2_Dep6_Tu50,0.102,0.000,0.000,14.314,0.000,5.018,0.000,0.000,0.000,2.056,4.208,0.000,0.000,3.107,0.000,0.000,0.000,25.035,0.000,46.157,0.000,0.000,0.000
Colo_rep6_Dep6_Tu1,0.000,0.000,0.000,0.000,0.000,0.000,10.804,0.000,0.000,11.182,13.891,0.000,0.000,0.248,0.000,7.632,0.000,56.240,0.000,0.000,0.000,0.000,0.000
Colo_rep3_Dep6_Tu2,0.000,0.000,0.000,0.169,0.000,0.000,0.454,0.000,0.000,4.049,8.227,0.000,0.000,0.000,0.000,0.000,29.375,57.543,0.000,0.000,0.000,0.182,0.000
Colo_rep7_Dep6_Tu2,0.000,0.000,0.000,0.000,0.000,0.000,0.121,0.000,0.000,12.963,5.315,0.000,0.000,2.665,0.000,0.000,8.192,63.596,0.000,0.000,0.000,7.146,0.000
Colo_rep8_Dep6_Tu0.1,0.000,0.000,0.000,0.000,0.000,0.000,0.167,0.000,0.000,3.164,6.614,1.779,0.000,2.009,0.000,0.000,0.000,58.694,0.000,0.000,23.191,4.382,0.000
Colo_rep10_Dep6_Tu2,0.000,0.000,0.000,0.000,0.000,0.000,0.000,0.000,0.000,16.790,11.094,0.000,0.065,11.852,0.000,0.000,0.000,60.197,0.000,0.000,0.000,0.000,0.000
Colo_rep6_Dep6_Tu3,0.000,0.000,0.000,0.000,0.000,0.000,2.396,0.000,0.000,5.493,10.779,0.000,0.000,0.270,0.000,0.000,24.858,56.203,0.000,0.000,0.000,0.000,0.000
Colo_rep9_Dep6_Tu30,0.104,0.000,0.000,21.807,0.000,0.000,0.000,0.000,0.000,3.774,13.004,0.000,0.000,22.704,0.000,0.000,0.000,38.606,0.000,0.000,0.000,0.000,0.000
Colo_rep9_Dep6_Tu0.5,0.000,0.000,0.000,0.000,0.000,0.000,0.000,0.000,0.000,13.203,15.083,0.000,0.043,4.997,0.000,0.867,0.000,57.014,0.000,0.000,0.450,8.342,0.000
Colo_rep6_Dep6_Tu20,0.215,0.000,0.000,6.655,0.000,0.000,0.000,0.000,0.000,11.252,5.049,0.000,0.002,27.262,0.000,0.000,0.000,49.562,0.000,0.000,0.000,0.000,0.000
Colo_rep8_Dep6_Tu30,0.010,0.000,0.000,12.683,0.000,0.444,0.000,0.000,0.000,8.562,4.250,0.000,5.147,7.881,0.000,17.848,0.000,43.174,0.000,0.000,0.000,0.000,0.000
Colo_rep3_Dep6_Tu5,0.000,0.000,0.000,0.000,0.000,0.000,5.931,0.000,0.000,11.356,5.952,0.000,0.035,11.203,0.000,0.000,0.000,62.854,0.000,0.000,2.666,0.000,0.000
Colo_rep4_Dep6_Tu3,0.000,0.000,0.000,0.000,0.000,0.000,3.490,0.000,0.000,8.477,10.617,0.000,0.000,9.708,0.000,0.000,0.000,66.390,0.000,0.000,0.000,1.316,0.000
Colo_rep2_Dep6_Tu10,0.000,0.000,0.000,1.666,0.000,0.000,0.000,0.000,0.000,10.962,10.783,0.000,0.071,19.681,0.000,0.000,0.000,56.836,0.000,0.000,0.000,0.000,0.000
Colo_rep3_Dep6_Tu40,0.975,0.000,0.000,34.269,0.000,0.000,0.000,0.000,0.000,3.500,11.573,0.000,0.000,0.000,0.000,0.000,19.498,30.183,0.000,0.000,0.000,0.000,0.000
Colo_rep3_Dep6_Tu30,0.181,19.442,0.000,9.381,0.000,0.000,0.000,0.000,0.000,6.768,10.399,0.000,0.000,0.000,0.000,0.000,8.449,36.712,0.000,0.000,0.000,1.675,6.991
Colo_rep6_Dep6_Tu30,0.000,0.000,0.000,9.526,0.000,0.000,0.000,0.000,0.000,1.250,7.052,0.000,0.024,0.000,0.000,0.000,0.000,36.192,45.956,0.000,0.000,0.000,0.000
Colo_rep4_Dep6_Tu50,4.995,0.000,0.000,16.690,0.000,0.000,0.000,0.000,0.000,2.533,6.593,0.000,0.028,11.390,0.000,31.846,0.000,25.924,0.000,0.000,0.000,0.000,0.000
Colo_rep5_Dep6_Tu50,1.661,0.000,0.000,23.901,0.000,0.000,0.000,0.000,0.000,4.133,5.334,0.000,0.000,0.000,0.000,39.330,0.000,25.639,0.000,0.000,0.000,0.000,0.000
Colo_rep6_Dep6_Tu2,0.000,0.000,0.000,0.007,0.000,0.000,0.000,0.000,0.000,5.056,8.407,0.000,0.000,0.905,0.000,0.000,0.000,52.967,0.000,0.000,32.090,0.567,0.000
Colo_rep10_Dep6_Tu50,5.971,0.000,0.000,31.766,0.000,0.000,0.000,0.000,0.000,4.850,4.988,0.000,0.000,0.000,0.000,0.000,30.133,22.291,0.000,0.000,0.000,0.000,0.000
Colo_rep7_Dep6_Tu50,1.299,0.000,0.000,25.828,0.000,0.000,0.000,0.000,0.000,10.580,4.888,0.000,0.000,17.458,0.000,13.411,0.000,26.534,0.000,0.000,0.000,0.000,0.000
Colo_rep9_Dep6_Tu40,1.460,0.000,0.000,16.966,0.000,4.393,0.000,0.000,0.000,1.063,7.430,0.000,0.000,19.125,0.000,0.000,16.542,33.020,0.000,0.000,0.000,0.000,0.000
Colo_rep8_Dep6_Tu5,0.000,0.000,0.000,0.000,0.000,0.000,0.000,0.000,0.000,3.242,11.424,5.597,0.000,0.000,0.000,0.000,23.996,55.397,0.000,0.000,0.000,0.343,0.000
Colo_rep1_Dep6_Tu20,0.138,0.000,0.000,2.795,0.000,0.000,0.000,0.000,0.000,4.246,3.036,0.000,0.003,0.000,0.000,0.000,8.184,43.245,0.000,37.645,0.000,0.000,0.706
Colo_rep9_Dep6_Tu2,0.000,0.039,0.000,0.000,0.000,0.337,0.000,0.000,0.000,16.318,11.133,0.000,0.520,0.000,0.000,0.000,0.000,56.007,0.000,0.000,0.000,15.645,0.000
Colo_rep5_Dep6_Tu30,0.542,0.000,0.000,15.487,0.000,1.738,0.028,0.000,0.000,12.377,4.096,0.000,0.027,0.000,0.000,0.000,23.885,41.819,0.000,0.000,0.000,0.000,0.000
Colo_rep4_Dep6_Tu0.1,0.000,0.000,0.000,0.000,0.000,0.000,0.000,0.000,0.000,9.678,8.031,0.000,0.000,3.045,0.000,1.138,18.415,59.692,0.000,0.000,0.000,0.000,0.000
Colo_rep5_Dep6_Tu0.1,0.000,0.213,0.000,0.000,0.000,0.012,6.320,0.000,0.000,13.184,12.620,0.000,0.000,2.332,0.000,0.000,0.000,64.866,0.452,0.000,0.000,0.000,0.000
Colo_rep9_Dep6_Tu3,0.000,0.000,0.000,0.450,0.000,0.000,0.000,0.000,0.000,6.949,6.781,0.000,0.044,5.142,0.000,7.664,0.209,59.258,0.000,0.000,13.314,0.186,0.000
Colo_rep2_Dep6_Tu0.1,0.000,0.000,0.000,0.000,0.000,0.000,3.719,0.000,0.000,10.076,13.166,5.409,0.000,2.269,0.000,0.000,0.000,60.804,0.000,0.000,0.000,4.555,0.000
Colo_rep8_Dep6_Tu10,0.000,0.000,0.000,0.932,0.000,0.074,8.003,0.000,0.000,1.362,6.814,0.000,0.000,3.041,0.000,0.000,21.821,57.952,0.000,0.000,0.000,0.000,0.000
Colo_rep4_Dep6_Tu30,0.000,0.000,0.000,9.891,0.000,0.000,0.000,0.000,0.000,5.293,3.100,0.000,3.934,36.383,0.000,0.000,0.000,41.397,0.000,0.000,0.000,0.000,0.000
Colo_rep2_Dep6_Tu2,0.000,0.000,0.000,0.000,0.000,0.032,0.000,0.000,0.000,9.407,8.247,0.000,0.042,1.896,0.000,0.000,0.000,61.281,0.000,0.000,0.000,19.094,0.000
Colo_rep1_Dep6_Tu5,0.000,0.371,0.000,0.000,0.000,0.000,2.053,0.000,0.000,10.093,7.419,0.000,1.071,0.000,0.000,10.278,9.868,58.224,0.000,0.000,0.000,0.623,0.000
Colo_rep8_Dep6_Tu50,0.130,0.000,0.000,26.488,0.000,0.000,0.000,0.000,0.000,1.147,4.898,0.000,0.000,0.889,0.000,0.000,5.080,22.221,0.000,39.146,0.000,0.000,0.000
Colo_rep5_Dep6_Tu5,0.000,0.000,0.000,0.000,0.000,0.000,0.000,0.000,0.000,4.428,9.758,0.000,0.000,1.716,0.000,0.000,14.720,59.830,0.000,0.000,0.000,9.546,0.000
Colo_rep6_Dep6_Tu50,1.961,0.000,0.000,33.349,0.000,0.000,0.000,0.000,0.000,2.856,3.186,0.000,0.000,0.000,0.000,0.000,30.051,28.595,0.000,0.000,0.000,0.000,0.000
Colo_rep5_Dep6_Tu0.5,0.000,0.000,0.000,0.000,0.000,0.000,2.581,0.000,0.000,9.796,18.721,0.000,0.000,2.943,0.000,0.000,0.000,59.944,0.000,0.000,0.000,6.013,0.000
Colo_rep4_Dep6_Tu20,0.045,5.407,0.000,3.096,0.000,0.000,0.000,0.000,0.000,3.534,5.194,0.000,0.062,11.941,0.000,0.000,0.000,44.163,25.392,0.000,0.000,1.165,0.000
Colo_rep8_Dep6_Tu40,2.194,0.000,0.000,15.156,0.000,0.000,0.000,0.000,0.000,7.475,7.322,0.000,0.338,34.305,0.000,0.000,0.000,33.209,0.000,0.000,0.000,0.000,0.000
Colo_rep7_Dep6_Tu0.3,0.000,0.000,0.000,0.000,0.000,0.000,0.000,0.000,0.000,18.922,15.371,0.000,0.000,3.909,0.000,0.000,0.000,58.970,0.000,0.000,0.000,2.826,0.000
Colo_rep7_Dep6_Tu30,3.069,0.000,0.000,12.448,0.000,14.189,0.000,0.000,0.000,10.809,9.018,0.000,0.000,0.000,0.000,0.000,7.533,36.296,4.486,0.000,0.000,2.152,0.000
Colo_rep10_Dep6_Tu20,3.236,0.000,0.000,7.916,0.000,0.000,8.318,0.000,0.000,1.526,4.512,0.000,0.012,3.363,0.000,6.195,16.172,48.751,0.000,0.000,0.000,0.000,0.000
Colo_rep9_Dep6_Tu10,0.000,0.000,0.000,2.296,0.000,0.000,5.080,0.000,0.000,6.206,13.822,0.000,0.008,7.033,0.000,3.557,0.000,56.599,0.000,0.000,0.000,5.397,0.000
Colo_rep9_Dep6_Tu0.1,0.000,0.000,0.000,0.000,0.000,0.000,0.000,0.000,0.000,7.877,4.167,0.000,0.000,4.101,0.000,0.000,0.000,61.630,0.000,0.000,22.223,0.000,0.000
Colo_rep10_Dep6_Tu0.3,0.000,0.000,0.000,0.000,0.000,0.000,0.000,0.000,0.000,4.689,8.518,0.000,0.000,0.061,0.000,0.510,0.000,52.826,0.000,0.000,32.725,0.670,0.000
Colo_rep8_Dep6_Tu20,0.000,0.000,0.000,5.260,0.000,0.453,0.000,0.000,0.000,3.482,9.465,0.000,0.000,6.305,0.000,21.833,0.000,45.105,0.000,8.096,0.000,0.000,0.000
Colo_rep3_Dep6_Tu3,0.000,0.000,0.000,0.000,0.000,0.000,0.000,0.000,0.000,9.509,15.221,0.000,0.141,4.552,0.000,14.690,0.000,54.983,0.000,0.000,0.000,0.904,0.000
Colo_rep4_Dep6_Tu2,0.000,0.000,0.000,0.000,0.000,0.000,0.000,0.000,0.000,5.683,18.733,0.058,0.000,2.999,0.000,0.000,0.000,60.024,0.000,0.000,0.000,12.501,0.000
Colo_rep10_Dep6_Tu0.1,0.000,0.000,0.000,0.000,0.000,0.000,2.928,0.000,0.000,3.724,12.328,16.848,0.000,3.924,0.000,0.485,0.000,57.494,0.000,0.000,0.000,2.268,0.000
Colo_rep4_Dep6_Tu0.3,0.000,0.000,0.000,0.000,0.000,0.107,9.838,0.000,0.000,9.108,13.630,0.000,0.000,2.074,0.000,0.000,3.876,61.365,0.000,0.000,0.000,0.000,0.000
Colo_rep9_Dep6_Tu0.3,0.000,0.072,0.000,0.000,0.000,0.000,0.000,0.000,0.000,16.197,13.270,0.000,0.012,5.806,0.000,0.000,0.000,62.751,0.000,0.000,0.000,1.891,0.000
Colo_rep1_Dep6_Tu10,0.202,0.000,0.000,1.019,0.000,0.000,8.110,0.000,0.000,4.281,8.952,0.000,0.000,0.000,0.000,13.495,0.000,50.427,0.000,0.000,0.000,13.513,0.000
Colo_rep6_Dep6_Tu0.3,0.000,0.000,0.000,0.000,0.000,0.000,7.912,0.000,0.000,7.007,15.581,0.000,0.000,4.447,0.000,0.000,0.000,51.390,0.000,0.000,13.661,0.000,0.000
Colo_rep6_Dep6_Tu0.5,0.000,0.000,0.000,0.000,0.000,0.000,0.000,0.000,0.000,11.644,7.311,0.000,0.000,12.583,0.000,0.000,0.000,68.460,0.000,0.000,0.000,0.000,0.000
Colo_rep10_Dep6_Tu10,0.000,0.000,0.000,0.000,0.000,0.000,0.726,0.000,0.000,5.247,7.300,0.000,0.012,0.542,0.000,14.541,0.000,49.960,0.000,0.000,21.670,0.000,0.000
Colo_rep10_Dep6_Tu1,0.000,0.000,0.000,0.000,0.000,0.000,0.000,0.000,0.000,8.428,3.678,0.000,0.000,2.575,0.000,7.035,0.000,61.361,0.000,0.000,0.000,16.922,0.000
Colo_rep10_Dep6_Tu5,0.000,0.000,0.000,0.000,0.000,0.000,0.000,0.000,0.000,3.059,11.668,0.000,0.769,21.043,0.000,0.000,0.000,61.096,0.000,0.000,0.000,2.363,0.000
Colo_rep10_Dep6_Tu40,0.186,0.000,0.000,28.653,0.000,0.000,0.000,0.000,0.000,5.205,11.094,0.000,0.000,17.807,0.000,0.000,7.817,29.238,0.000,0.000,0.000,0.000,0.000
Colo_rep10_Dep6_Tu0.5,0.000,0.000,0.000,0.000,0.000,0.000,5.289,0.000,0.000,3.424,9.343,6.551,0.000,0.522,0.000,0.000,6.292,54.528,2.037,0.000,0.000,12.014,0.000
Colo_rep1_Dep6_Tu1,0.000,0.000,0.000,0.000,0.000,0.000,0.000,0.000,0.000,8.809,8.614,15.499,0.000,0.643,0.000,0.000,0.000,59.246,1.563,0.000,3.608,2.016,0.000
Colo_rep7_Dep6_Tu20,0.000,0.000,0.000,7.175,0.000,0.000,0.244,0.000,0.000,12.654,8.490,0.000,0.282,10.020,0.000,13.582,0.000,47.552,0.000,0.000,0.000,0.000,0.000
Colo_rep6_Dep6_Tu10,0.458,0.000,0.000,0.978,0.000,0.000,0.000,0.000,0.000,2.471,12.578,14.289,0.011,15.607,0.000,0.000,0.000,53.605,0.000,0.000,0.000,0.000,0.000
Colo_rep10_Dep6_Tu3,0.000,0.496,0.000,0.000,0.000,0.000,0.000,0.000,0.000,14.972,7.800,0.000,0.820,18.017,0.000,0.000,0.000,57.894,0.000,0.000,0.000,0.000,0.000
Colo_rep1_Dep6_Tu30,0.401,0.000,0.000,20.427,0.000,0.000,0.000,0.000,0.000,14.365,8.382,0.000,0.015,17.198,0.000,0.000,0.000,39.211,0.000,0.000,0.000,0.000,0.000
Colo_rep1_Dep6_Tu0.1,0.000,0.000,0.000,0.000,0.000,0.000,0.000,0.000,0.000,15.014,8.390,0.000,1.051,5.034,0.000,1.899,0.000,63.805,0.000,0.000,0.000,4.806,0.000
Colo_rep7_Dep6_Tu5,0.000,0.000,0.000,0.028,0.000,0.000,0.585,0.000,0.000,8.495,5.396,0.000,0.086,0.000,0.000,7.074,0.000,58.514,0.000,0.000,0.000,19.822,0.000
Colo_rep7_Dep6_Tu0.1,0.000,0.000,0.000,0.000,0.000,0.000,0.000,0.000,0.000,17.312,11.260,0.000,0.000,0.000,0.000,0.000,0.000,57.824,0.000,0.000,2.011,11.592,0.000
Colo_rep6_Dep6_Tu40,0.000,0.000,0.000,29.023,0.000,0.000,0.000,0.000,0.000,7.687,11.037,0.000,0.498,0.000,0.000,0.000,14.615,37.139,0.000,0.000,0.000,0.000,0.000
Colo_rep8_Dep6_Tu2,0.000,0.000,0.000,0.117,0.000,0.000,2.904,0.000,0.000,4.707,12.863,0.000,0.002,4.798,0.000,0.000,0.000,57.266,0.000,0.000,16.913,0.430,0.000
Colo_rep7_Dep6_Tu0.5,0.000,0.000,0.000,0.000,0.000,0.000,0.000,0.000,0.000,14.486,6.845,0.000,0.000,1.133,0.000,0.000,13.142,61.211,0.000,0.000,0.000,3.182,0.000
Colo_rep5_Dep6_Tu20,0.000,0.000,0.000,19.929,0.000,0.000,0.000,0.000,0.000,2.888,7.663,0.000,0.000,1.385,0.000,0.000,21.899,46.234,0.000,0.000,0.000,0.000,0.000
Colo_rep8_Dep6_Tu0.3,0.000,0.063,0.000,0.000,0.000,0.000,0.000,0.000,0.000,16.068,12.561,0.000,0.011,6.339,0.000,0.000,0.000,62.981,0.000,0.000,0.000,1.976,0.000
Colo_rep4_Dep6_Tu5,0.000,0.000,0.000,0.000,0.000,0.000,0.000,0.000,0.000,3.830,9.116,0.000,0.000,0.367,0.000,0.000,3.829,54.241,0.000,0.000,15.495,13.120,0.000
Colo_rep9_Dep6_Tu1,0.000,0.000,0.000,0.000,0.000,0.000,2.167,0.000,0.000,18.369,10.372,0.000,0.000,0.910,0.000,0.000,0.887,63.966,0.000,0.000,0.000,3.328,0.000
Colo_rep1_Dep6_Tu0.5,0.000,0.000,0.000,0.000,0.000,0.000,0.000,0.000,0.000,7.748,9.529,0.000,0.000,0.000,0.000,0.000,15.047,56.881,0.000,0.000,0.000,10.795,0.000
Colo_rep8_Dep6_Tu3,0.000,0.000,0.000,0.000,0.000,0.000,0.000,0.000,0.000,11.261,9.551,0.000,0.336,12.494,0.000,0.000,0.000,66.357,0.000,0.000,0.000,0.000,0.000
Colo_rep5_Dep6_Tu0.3,0.000,0.000,0.000,0.000,0.000,0.000,0.000,0.000,0.000,3.501,13.995,0.000,0.000,0.371,0.000,0.337,0.000,55.017,0.000,0.000,0.000,26.777,0.000
Colo_rep2_Dep6_Tu30,10.185,0.000,0.000,7.004,0.000,0.000,0.000,0.000,0.000,6.481,5.706,0.000,0.000,0.000,0.000,26.885,0.000,43.738,0.000,0.000,0.000,0.000,0.000
Colo_rep7_Dep6_Tu10,0.000,0.000,0.000,0.000,0.000,0.000,0.000,0.000,0.000,11.678,13.254,0.000,0.338,21.009,0.000,5.610,0.000,47.833,0.000,0.000,0.000,0.277,0.000
Colo_rep2_Dep6_Tu40,5.832,0.000,0.000,20.719,0.000,0.000,3.164,0.000,0.000,2.197,3.779,0.000,0.000,9.559,0.000,0.000,18.493,36.256,0.000,0.000,0.000,0.000,0.000
Colo_rep3_Dep6_Tu0.1,0.000,0.000,0.000,0.000,0.000,0.000,0.000,0.000,0.000,7.522,16.296,0.000,0.000,0.973,0.000,3.611,0.000,60.605,0.000,0.000,0.000,10.991,0.000
Colo_rep3_Dep6_Tu1,0.000,0.000,0.000,0.000,0.000,0.000,8.917,0.000,0.000,6.152,16.741,0.000,0.000,0.000,0.000,0.000,0.000,58.724,0.000,0.000,0.000,9.464,0.000
Colo_rep8_Dep6_Tu1,0.000,0.000,0.000,0.000,0.000,0.000,0.000,0.000,0.000,11.406,10.759,11.397,0.000,3.596,0.000,0.000,0.000,62.227,0.000,0.000,0.613,0.000,0.000
Colo_rep4_Dep6_Tu1,0.000,0.000,0.000,0.000,0.000,0.000,0.051,0.000,0.000,6.448,8.856,0.000,0.000,2.020,0.000,0.000,22.701,59.922,0.000,0.000,0.000,0.000,0.000
Colo_rep5_Dep6_Tu40,0.000,0.000,0.000,12.685,0.000,0.000,0.000,0.000,0.000,1.868,7.557,0.000,0.107,3.683,0.000,38.767,0.000,35.332,0.000,0.000,0.000,0.000,0.000
Colo_rep5_Dep6_Tu10,0.000,0.000,0.000,4.700,0.000,0.000,0.293,0.000,0.000,8.806,9.348,0.000,0.027,12.399,0.000,0.000,0.000,51.137,0.000,0.000,13.288,0.000,0.000
Colo_rep2_Dep6_Tu0.3,0.000,0.000,0.000,0.000,0.000,0.000,0.000,0.000,0.000,10.621,7.178,0.000,0.000,10.109,0.000,1.329,0.000,70.761,0.000,0.000,0.000,0.000,0.000
Colo_rep10_Dep6_Tu30,0.000,0.000,0.000,4.167,0.000,0.000,0.999,0.000,0.000,2.966,10.288,0.000,4.684,36.895,0.000,0.000,0.000,40.001,0.000,0.000,0.000,0.000,0.000
Colo_rep1_Dep6_Tu40,2.677,0.000,0.000,22.105,0.000,0.000,0.000,0.000,0.000,4.799,11.375,0.000,0.000,11.606,0.000,15.143,0.000,32.294,0.000,0.000,0.000,0.000,0.000
Colo_rep6_Dep6_Tu0.1,0.000,0.000,0.000,0.000,0.000,0.000,0.000,0.000,0.000,9.417,12.400,0.000,0.000,0.000,0.000,0.000,20.992,57.190,0.000,0.000,0.000,0.000,0.000
Colo_rep7_Dep6_Tu40,0.482,0.000,0.000,25.319,0.000,0.000,0.000,0.000,0.000,4.672,4.339,0.000,0.040,33.221,0.000,0.000,0.000,31.927,0.000,0.000,0.000,0.000,0.000
Colo_rep1_Dep6_Tu50,0.032,0.000,0.000,14.444,0.000,0.000,0.000,0.000,0.000,1.556,3.540,0.000,0.161,0.000,0.000,0.000,1.284,20.655,2.792,0.000,0.000,0.000,55.534
Colo_rep1_Dep6_Tu0.3,0.000,0.000,0.000,0.000,0.000,0.000,0.026,0.000,0.000,5.384,12.705,0.000,0.000,1.197,0.000,0.000,17.394,54.654,0.000,0.000,0.000,8.637,0.000
Colo_rep9_Dep6_Tu20,0.000,0.000,0.000,6.489,0.000,0.000,0.000,0.000,0.000,10.136,10.673,0.000,0.008,0.000,0.000,0.000,35.063,37.162,0.467,0.000,0.000,0.000,0.000
Colo_rep4_Dep6_Tu10,0.408,0.000,0.000,5.410,0.000,0.000,0.000,0.000,0.000,19.502,12.188,0.000,0.000,0.000,0.000,5.664,0.000,56.826,0.000,0.000,0.000,0.000,0.000
Colo_rep6_Dep6_Tu5,0.000,0.000,0.000,0.000,0.000,0.000,0.000,0.000,0.000,11.999,6.331,0.000,0.000,7.401,0.000,0.000,8.360,57.335,0.000,0.000,0.000,8.573,0.000
Colo_rep9_Dep6_Tu5,0.000,0.000,0.000,0.077,0.000,0.000,0.000,0.000,0.000,5.324,9.391,0.000,0.000,3.650,0.000,26.473,0.000,55.084,0.000,0.000,0.000,0.000,0.000
Colo_rep3_Dep6_Tu50,1.229,0.000,0.000,24.091,0.000,0.000,0.103,0.000,0.000,1.923,6.354,0.000,0.050,25.229,0.000,0.000,2.752,24.580,13.687,0.000,0.000,0.000,0.000
Colo_rep5_Dep6_Tu1,0.000,0.000,0.000,0.000,0.000,0.000,0.000,0.000,0.000,7.435,6.243,0.000,0.000,10.988,0.000,16.115,0.000,59.218,0.000,0.000,0.000,0.000,0.000
Colo_rep5_Dep6_Tu3,0.000,0.000,0.000,0.000,0.000,5.347,0.000,0.000,0.000,9.150,11.467,0.000,0.000,13.439,0.000,0.000,0.000,58.459,0.000,0.000,0.000,2.136,0.000
Colo_rep2_Dep6_Tu1,0.000,0.293,0.000,0.000,0.000,0.000,0.000,0.000,0.000,10.168,15.992,0.000,0.000,8.234,0.000,0.000,6.455,58.856,0.000,0.000,0.000,0.000,0.000
Colo_rep7_Dep6_Tu1,0.000,0.020,0.000,0.000,0.000,0.000,0.000,0.000,0.000,10.468,18.639,0.000,0.000,5.406,0.000,0.000,4.302,56.145,0.000,0.000,0.000,5.018,0.000
Colo_rep5_Dep6_Tu2,0.000,0.000,0.000,0.000,0.000,0.000,0.000,0.000,0.000,4.450,7.205,2.940,0.002,1.804,0.000,2.033,0.000,55.394,0.000,0.000,22.413,3.756,0.000
Colo_rep4_Dep6_Tu40,3.302,0.000,0.000,18.832,0.000,0.000,0.000,0.000,0.000,13.273,6.836,0.000,0.000,26.952,0.000,0.000,0.000,30.805,0.000,0.000,0.000,0.000,0.000
Colo_rep2_Dep6_Tu20,0.000,0.000,0.000,6.593,0.000,0.000,0.000,0.000,0.000,7.772,6.756,0.000,0.000,0.000,0.000,0.000,34.419,44.459,0.000,0.000,0.000,0.000,0.000
Colo_rep4_Dep6_Tu0.5,0.000,0.000,0.000,0.000,0.000,0.000,0.000,0.000,0.000,2.771,8.693,0.000,0.000,0.000,0.000,2.141,0.000,60.826,0.000,0.000,16.698,8.870,0.000
Colo_rep2_Dep6_Tu5,0.000,0.000,0.000,0.000,0.000,0.000,0.000,0.000,0.000,8.354,5.436,0.000,0.066,16.713,0.000,0.000,0.000,69.430,0.000,0.000,0.000,0.000,0.000
Colo_rep2_Dep6_Tu3,0.000,0.000,0.000,0.000,0.000,0.000,0.000,0.000,0.000,13.096,16.532,0.000,0.000,1.788,0.000,0.000,0.000,57.599,4.872,0.000,0.000,6.111,0.000
Colo_rep3_Dep6_Tu10,0.000,0.000,0.000,3.258,0.000,0.000,0.000,0.000,0.000,12.666,5.702,0.000,0.198,22.441,0.000,0.000,0.000,55.733,0.000,0.000,0.000,0.000,0.000
Colo_rep8_Dep6_Tu0.5,0.000,0.000,0.000,0.000,0.000,0.000,0.941,0.000,0.000,8.294,7.461,0.000,0.000,0.052,0.000,0.000,30.175,53.075,0.000,0.000,0.000,0.000,0.000
Colo_rep7_Dep6_Tu3,0.000,0.000,0.000,0.000,0.000,0.000,0.000,0.000,0.000,4.629,12.105,0.000,0.000,2.740,0.000,0.000,22.455,58.069,0.000,0.000,0.000,0.000,0.000
Colo_rep3_Dep6_Tu0.5,0.000,0.000,0.000,0.000,0.000,0.000,7.963,0.000,0.000,6.958,15.603,0.000,0.000,4.400,0.000,0.000,0.000,51.330,0.000,0.000,13.745,0.000,0.000
Colo_rep3_Dep6_Tu20,0.639,0.000,0.000,5.153,0.000,0.000,0.000,0.000,0.000,8.390,8.541,0.000,0.225,16.905,0.000,10.610,0.000,49.537,0.000,0.000,0.000,0.000,0.000
Colo_rep1_Dep6_Tu2,0.000,0.000,0.000,0.000,0.000,0.000,0.000,0.000,0.000,17.033,9.944,0.000,0.000,6.388,0.000,0.000,0.000,61.733,0.000,0.000,0.000,4.901,0.000
Colo_rep9_Dep6_Tu50,0.042,0.000,0.000,19.203,0.000,35.029,0.000,0.000,0.000,3.538,3.731,0.000,0.000,7.307,0.000,7.063,0.000,24.086,0.000,0.000,0.000,0.000,0.000
Colo_rep3_Dep6_Tu0.3,0.000,0.000,0.000,0.000,0.000,0.000,0.734,0.000,0.000,8.470,7.331,0.000,0.000,0.406,0.000,0.000,29.784,53.243,0.000,0.000,0.000,0.030,0.000
Colo_rep1_Dep6_Tu3,0.000,0.000,0.000,0.005,0.000,0.000,0.000,0.000,0.000,8.851,13.326,0.000,0.051,0.000,0.000,0.000,22.910,54.599,0.000,0.000,0.000,0.258,0.000
