Sample,BRCA,CEAD,CESC,COAD,OV,READ,bcell,cd4tcell,cd8tcell,erythroblast,monocyte,naturalkillercell,neutrophil
Colo_rep2_Dep6_Tu0.5,0.000,0.061,65.905,0.000,19.019,0.078,0.000,0.000,0.000,0.344,14.296,0.000,0.297
Colo_rep2_Dep6_Tu50,0.000,0.000,28.622,38.251,16.423,0.000,0.669,0.070,0.000,1.924,9.596,0.222,4.223
Colo_rep6_Dep6_Tu1,0.089,0.000,63.050,0.000,14.141,0.000,9.287,0.000,0.000,3.212,9.901,0.000,0.320
Colo_rep3_Dep6_Tu2,0.000,0.000,57.948,0.270,9.928,0.000,13.738,0.000,0.051,0.894,16.678,0.000,0.491
Colo_rep7_Dep6_Tu2,0.000,0.000,62.782,0.034,16.008,0.000,12.557,0.000,0.346,0.592,7.554,0.000,0.127
Colo_rep8_Dep6_Tu0.1,0.000,0.000,56.133,0.012,6.791,0.000,7.014,6.423,7.199,7.590,6.863,0.000,1.974
Colo_rep10_Dep6_Tu2,0.000,6.656,58.571,1.007,14.352,0.000,0.000,1.907,0.277,0.662,16.306,0.000,0.262
Colo_rep6_Dep6_Tu3,0.000,0.000,57.901,0.000,9.595,0.000,9.513,0.022,4.883,0.000,16.018,0.000,2.069
Colo_rep9_Dep6_Tu30,0.000,0.000,33.802,22.143,8.692,0.000,2.750,0.000,0.000,10.266,14.205,1.035,7.106
Colo_rep9_Dep6_Tu0.5,0.000,0.000,57.639,0.000,14.404,0.000,0.385,5.250,0.302,0.320,15.089,0.000,6.610
Colo_rep6_Dep6_Tu20,0.000,0.000,39.045,6.606,10.394,25.201,0.000,0.000,5.218,1.122,10.659,0.019,1.736
Colo_rep8_Dep6_Tu30,0.000,0.000,40.482,12.324,10.786,0.000,1.944,0.000,0.000,1.878,11.787,19.473,1.326
Colo_rep3_Dep6_Tu5,0.000,0.000,63.399,0.400,17.433,0.000,4.144,2.833,1.078,2.275,7.221,0.362,0.854
Colo_rep4_Dep6_Tu3,0.000,0.089,60.432,0.000,13.415,0.000,0.519,0.153,11.534,3.049,6.190,0.000,4.617
Colo_rep2_Dep6_Tu10,0.000,0.000,53.616,9.377,15.825,0.000,0.196,0.000,0.802,2.832,16.492,0.134,0.726
Colo_rep3_Dep6_Tu40,0.000,0.000,31.312,26.072,6.611,0.000,0.536,0.164,0.000,12.071,13.790,0.000,9.444
Colo_rep3_Dep6_Tu30,0.000,0.000,38.775,15.746,10.961,0.000,0.154,0.000,0.000,3.736,17.976,8.626,4.026
Colo_rep6_Dep6_Tu30,0.000,0.000,31.821,21.566,7.126,0.000,0.000,0.876,4.959,8.128,13.517,0.000,12.008
Colo_rep4_Dep6_Tu50,0.000,0.000,20.863,31.545,8.868,0.000,3.807,7.640,8.902,0.521,10.735,3.934,3.185
Colo_rep5_Dep6_Tu50,0.000,0.000,22.783,25.778,9.392,0.421,2.086,0.000,0.130,2.746,15.659,11.917,9.087
Colo_rep6_Dep6_Tu2,0.000,0.000,55.581,0.000,7.841,0.000,0.217,0.000,15.181,2.746,9.114,0.000,9.321
Colo_rep10_Dep6_Tu50,0.000,0.000,16.375,30.806,8.804,0.000,6.669,0.998,6.462,1.770,11.609,2.194,14.313
Colo_rep7_Dep6_Tu50,9.833,0.000,24.049,30.332,15.719,0.000,1.862,3.364,0.486,0.881,10.902,1.174,1.398
Colo_rep9_Dep6_Tu40,0.000,0.000,32.512,17.124,10.154,0.000,4.901,1.877,3.073,0.000,9.296,12.207,8.854
Colo_rep8_Dep6_Tu5,0.000,0.000,51.412,0.526,7.153,0.000,8.725,0.000,5.307,7.710,9.947,0.000,9.219
Colo_rep1_Dep6_Tu20,0.000,0.000,41.123,10.578,6.917,0.000,3.728,3.769,4.425,7.127,8.078,0.004,14.251
Colo_rep9_Dep6_Tu2,0.000,1.178,57.869,0.000,21.651,0.000,0.000,0.000,0.000,0.383,15.991,0.000,2.928
Colo_rep5_Dep6_Tu30,0.000,0.000,38.815,20.331,14.121,0.000,9.247,0.139,2.761,0.000,8.652,0.051,5.883
Colo_rep4_Dep6_Tu0.1,0.000,1.392,60.390,0.000,11.017,0.000,12.105,0.406,0.000,1.680,12.789,0.000,0.222
Colo_rep5_Dep6_Tu0.1,0.000,0.000,63.683,0.000,17.934,0.000,2.640,0.000,0.000,0.000,15.635,0.000,0.106
Colo_rep9_Dep6_Tu3,0.000,0.000,59.111,0.000,12.589,0.000,1.002,0.328,1.871,13.976,9.979,0.000,1.145
Colo_rep2_Dep6_Tu0.1,0.000,0.000,60.394,0.000,13.528,0.000,0.031,0.000,9.208,6.463,9.984,0.000,0.392
Colo_rep8_Dep6_Tu10,0.000,0.000,55.226,2.388,6.193,0.000,11.037,5.218,5.315,7.874,6.278,0.176,0.294
Colo_rep4_Dep6_Tu30,0.000,0.000,43.157,19.733,16.890,1.915,0.000,4.550,1.663,0.000,7.460,3.692,0.938
Colo_rep2_Dep6_Tu2,0.000,0.000,56.198,0.161,12.891,0.002,9.262,0.000,7.381,0.016,13.043,0.000,1.046
Colo_rep1_Dep6_Tu5,0.000,0.243,58.192,0.730,12.833,5.739,5.046,0.000,5.286,0.000,10.530,0.028,1.373
Colo_rep8_Dep6_Tu50,0.000,0.000,18.566,39.224,6.839,0.000,2.811,0.924,0.000,8.801,14.189,0.746,7.899
Colo_rep5_Dep6_Tu5,0.000,0.000,52.179,0.148,8.471,0.000,5.877,1.171,9.122,6.079,12.213,0.000,4.738
Colo_rep6_Dep6_Tu50,0.000,0.000,20.218,27.319,8.145,0.000,4.408,1.036,0.671,7.599,9.585,0.000,21.019
Colo_rep5_Dep6_Tu0.5,0.000,0.000,66.202,0.000,15.820,0.000,0.374,0.000,0.000,0.560,15.356,0.000,1.686
Colo_rep4_Dep6_Tu20,0.000,0.000,38.225,18.798,8.472,0.000,0.281,0.867,0.265,9.956,16.912,0.042,6.183
Colo_rep8_Dep6_Tu40,0.000,0.000,27.832,16.509,10.609,0.000,0.834,8.939,0.000,0.513,11.384,7.448,15.933
Colo_rep7_Dep6_Tu0.3,0.000,1.891,62.702,0.000,21.000,0.000,0.000,0.000,0.000,0.000,14.167,0.000,0.240
Colo_rep7_Dep6_Tu30,0.000,0.000,40.271,25.170,15.797,0.000,0.040,0.000,0.000,0.656,5.103,2.756,10.207
Colo_rep10_Dep6_Tu20,0.000,0.000,47.265,8.172,6.222,0.000,11.705,6.889,5.875,7.467,3.984,1.870,0.551
Colo_rep9_Dep6_Tu10,0.000,0.008,54.707,5.458,8.958,0.000,2.307,0.948,0.000,13.343,13.160,0.000,1.111
Colo_rep9_Dep6_Tu0.1,0.000,0.000,54.814,0.000,7.836,0.000,7.466,0.230,13.905,5.328,9.138,0.000,1.283
Colo_rep10_Dep6_Tu0.3,0.000,0.000,57.000,0.000,7.730,0.000,0.102,0.000,15.459,2.021,8.746,0.000,8.941
Colo_rep8_Dep6_Tu20,0.000,0.000,44.503,12.409,8.733,0.000,3.047,3.823,1.112,9.796,7.626,0.000,8.950
Colo_rep3_Dep6_Tu3,0.000,2.353,54.169,0.945,15.741,2.161,0.667,1.147,0.392,6.862,15.433,0.000,0.130
Colo_rep4_Dep6_Tu2,0.000,0.000,56.319,0.000,7.505,0.000,0.394,0.000,4.190,10.336,16.340,0.000,4.915
Colo_rep10_Dep6_Tu0.1,0.000,0.000,59.030,0.000,5.633,0.000,9.516,0.050,6.697,8.691,10.256,0.000,0.127
Colo_rep4_Dep6_Tu0.3,0.000,0.000,60.099,0.000,15.811,0.000,7.084,0.000,0.000,3.080,13.579,0.000,0.347
Colo_rep9_Dep6_Tu0.3,0.000,6.578,69.097,0.000,11.440,0.000,0.000,0.000,0.000,1.526,10.877,0.000,0.481
Colo_rep1_Dep6_Tu10,0.000,0.000,43.660,3.516,10.409,0.000,12.401,0.000,1.233,11.090,15.248,0.000,2.444
Colo_rep6_Dep6_Tu0.3,0.000,0.000,57.185,0.000,12.459,0.000,1.208,0.000,1.411,14.578,13.011,0.000,0.148
Colo_rep6_Dep6_Tu0.5,0.000,0.000,56.993,0.000,7.176,0.000,5.332,0.000,14.461,3.115,12.658,0.000,0.264
Colo_rep10_Dep6_Tu10,0.000,0.000,44.624,0.684,9.633,0.000,11.273,10.682,0.000,7.890,7.565,0.000,7.649
Colo_rep10_Dep6_Tu1,0.000,0.000,53.630,0.000,9.664,0.000,5.680,0.000,15.022,4.160,10.172,0.000,1.672
Colo_rep10_Dep6_Tu5,0.000,0.088,54.565,1.705,10.097,0.000,0.738,0.000,9.154,6.755,12.023,0.000,4.874
Colo_rep10_Dep6_Tu40,0.000,0.000,33.183,28.024,6.096,0.000,1.115,0.301,0.167,5.868,12.805,11.779,0.664
Colo_rep10_Dep6_Tu0.5,0.000,0.000,49.096,0.000,10.202,0.000,11.289,0.000,5.526,7.692,15.550,0.000,0.645
Colo_rep1_Dep6_Tu1,0.000,0.000,56.990,0.000,6.585,0.000,8.352,0.000,9.452,6.272,12.294,0.000,0.055
Colo_rep7_Dep6_Tu20,0.000,0.000,41.896,8.067,19.522,0.000,0.984,5.053,0.000,0.000,12.569,0.000,11.909
Colo_rep6_Dep6_Tu10,0.000,0.028,53.911,7.564,10.779,1.552,1.179,0.000,0.000,11.455,10.283,0.000,3.249
Colo_rep10_Dep6_Tu3,0.000,12.141,60.880,0.000,12.461,0.447,0.000,0.000,0.054,0.647,12.744,0.000,0.626
Colo_rep1_Dep6_Tu30,0.000,0.000,34.828,28.756,16.596,0.000,0.083,0.000,0.506,1.730,15.283,0.031,2.185
Colo_rep1_Dep6_Tu0.1,0.000,0.248,70.722,0.000,17.374,0.000,1.193,0.000,0.000,0.379,9.813,0.000,0.271
Colo_rep7_Dep6_Tu5,0.000,0.035,56.902,4.050,12.152,0.000,11.360,0.878,0.000,0.856,11.700,0.000,2.065
Colo_rep7_Dep6_Tu0.1,0.000,0.000,58.842,0.000,20.372,0.000,0.542,3.287,0.000,0.164,14.988,0.000,1.804
Colo_rep6_Dep6_Tu40,0.000,0.000,31.328,33.828,13.569,0.000,0.000,0.000,0.088,2.429,16.942,0.193,1.623
Colo_rep8_Dep6_Tu2,0.000,0.000,55.606,0.486,9.671,0.000,3.636,0.000,0.000,15.537,14.877,0.000,0.185
Colo_rep7_Dep6_Tu0.5,0.000,0.000,59.551,0.000,17.613,0.000,0.000,0.000,9.712,0.074,12.056,0.000,0.993
Colo_rep5_Dep6_Tu20,30.235,0.000,44.198,3.742,7.058,0.000,1.497,0.018,1.116,4.324,7.231,0.081,0.499
Colo_rep8_Dep6_Tu0.3,0.000,6.780,69.098,0.000,11.294,0.000,0.000,0.000,0.000,1.478,10.779,0.000,0.570
Colo_rep4_Dep6_Tu5,0.000,0.000,50.283,0.510,9.570,0.000,0.698,0.370,14.327,4.353,11.288,0.000,8.602
Colo_rep9_Dep6_Tu1,0.000,0.016,63.087,0.000,17.945,0.000,2.218,0.000,0.059,2.035,14.602,0.000,0.039
Colo_rep1_Dep6_Tu0.5,0.000,0.000,57.842,0.000,14.381,0.000,10.822,0.135,1.737,0.010,12.599,0.000,2.474
Colo_rep8_Dep6_Tu3,0.000,0.000,62.286,2.212,14.086,0.000,0.000,0.000,0.000,14.064,4.018,0.000,3.333
Colo_rep5_Dep6_Tu0.3,0.000,0.000,52.516,0.000,7.282,0.000,0.000,0.000,12.828,5.705,12.908,0.000,8.761
Colo_rep2_Dep6_Tu30,0.000,0.000,45.336,9.610,8.088,0.000,0.000,9.717,0.000,1.539,7.387,14.056,4.267
Colo_rep7_Dep6_Tu10,0.000,0.000,50.417,2.912,15.745,0.000,0.981,6.301,0.058,0.647,14.729,0.000,8.209
Colo_rep2_Dep6_Tu40,13.256,0.000,32.325,22.606,8.834,0.000,7.385,0.088,0.000,6.199,7.776,0.345,1.186
Colo_rep3_Dep6_Tu0.1,0.000,0.000,60.380,0.000,11.363,0.000,2.316,0.000,0.000,11.492,11.887,0.000,2.561
Colo_rep3_Dep6_Tu1,0.000,0.000,58.236,0.000,9.308,0.000,4.325,0.000,0.000,12.704,15.056,0.000,0.370
Colo_rep8_Dep6_Tu1,0.000,0.376,60.880,0.401,10.535,0.000,0.000,0.000,0.000,15.666,11.321,0.000,0.821
Colo_rep4_Dep6_Tu1,0.000,0.000,50.256,0.000,7.504,0.000,9.892,0.000,7.603,9.096,14.934,0.000,0.713
Colo_rep5_Dep6_Tu40,0.000,0.000,30.636,18.867,9.049,0.000,1.775,12.040,0.023,5.413,12.370,5.125,4.701
Colo_rep5_Dep6_Tu10,0.000,0.462,48.229,5.743,13.852,0.000,1.582,0.000,0.178,14.032,10.651,0.000,5.272
Colo_rep2_Dep6_Tu0.3,0.000,0.000,64.097,0.000,14.626,0.000,0.000,0.000,2.704,12.205,3.688,0.000,2.680
Colo_rep10_Dep6_Tu30,0.000,0.000,39.498,19.887,15.558,0.000,2.255,0.026,0.652,1.076,14.316,1.437,5.294
Colo_rep1_Dep6_Tu40,0.000,0.000,36.308,19.699,11.064,0.000,0.743,0.762,12.146,0.000,5.353,12.520,1.404
Colo_rep6_Dep6_Tu0.1,0.000,0.000,58.218,0.000,9.673,0.000,9.644,0.046,5.622,0.000,16.615,0.000,0.181
Colo_rep7_Dep6_Tu40,0.000,0.000,28.770,33.073,15.375,0.000,2.960,0.000,0.139,4.780,6.817,3.230,4.856
Colo_rep1_Dep6_Tu50,0.000,0.000,21.938,40.540,7.831,0.000,1.136,2.721,0.416,9.753,7.497,4.570,3.598
Colo_rep1_Dep6_Tu0.3,0.000,0.000,55.907,0.009,9.652,0.020,11.903,1.656,0.219,0.800,19.817,0.000,0.017
Colo_rep9_Dep6_Tu20,0.000,0.000,42.007,12.391,17.493,0.000,13.585,0.294,0.000,0.860,11.507,0.022,1.841
Colo_rep4_Dep6_Tu10,0.000,0.000,56.428,5.927,19.064,0.000,0.437,0.000,0.000,0.000,14.449,3.695,0.000
Colo_rep6_Dep6_Tu5,0.000,0.000,59.663,0.593,15.072,0.000,10.781,1.234,3.773,0.180,8.432,0.000,0.271
Colo_rep9_Dep6_Tu5,0.000,0.000,52.680,0.008,17.345,0.000,4.901,0.248,12.608,0.420,10.625,0.046,1.118
Colo_rep3_Dep6_Tu50,0.000,0.000,20.424,37.671,12.247,0.000,6.325,0.380,0.000,0.000,18.530,0.184,4.238
Colo_rep5_Dep6_Tu1,0.000,0.000,52.886,0.000,17.698,0.000,6.293,0.306,11.694,0.663,10.092,0.000,0.368
Colo_rep5_Dep6_Tu3,0.000,0.097,60.887,0.000,18.952,0.000,0.000,0.000,0.000,0.864,10.518,0.000,8.680
Colo_rep2_Dep6_Tu1,0.000,0.000,57.680,0.000,15.300,1.054,0.000,1.592,1.494,6.634,14.840,0.000,1.405
Colo_rep7_Dep6_Tu1,0.000,0.000,61.961,0.000,18.030,0.000,0.000,0.000,0.515,1.382,17.953,0.000,0.159
Colo_rep5_Dep6_Tu2,0.000,0.000,56.807,0.000,6.979,0.000,0.257,0.000,13.057,4.750,9.723,0.000,8.427
Colo_rep4_Dep6_Tu40,0.000,0.000,29.936,22.393,17.010,0.000,0.126,0.000,0.000,2.384,12.401,11.308,4.443
Colo_rep2_Dep6_Tu20,0.000,0.000,41.836,15.412,12.681,0.000,11.394,0.210,3.672,0.137,11.262,0.000,3.395
Colo_rep4_Dep6_Tu0.5,0.000,0.000,57.835,0.000,6.670,0.000,12.307,0.036,0.000,14.650,8.126,0.000,0.376
Colo_rep2_Dep6_Tu5,0.000,1.169,63.119,0.000,14.210,0.000,0.084,0.057,0.000,14.130,3.129,0.000,4.101
Colo_rep2_Dep6_Tu3,0.000,0.000,57.615,0.115,15.975,0.000,0.000,1.402,0.000,7.906,14.860,0.000,2.126
Colo_rep3_Dep6_Tu10,0.000,0.000,54.476,5.910,13.368,0.000,12.798,1.729,0.000,0.000,11.098,0.250,0.370
Colo_rep8_Dep6_Tu0.5,0.000,0.000,61.119,0.000,12.638,0.000,12.887,0.000,1.319,0.122,11.233,0.000,0.682
Colo_rep7_Dep6_Tu3,0.000,0.000,53.195,0.169,8.338,0.000,5.434,0.000,9.940,6.754,12.697,0.000,3.474
Colo_rep3_Dep6_Tu0.5,0.000,0.000,57.043,0.000,12.473,0.000,1.212,0.000,1.467,14.594,12.995,0.000,0.217
Colo_rep3_Dep6_Tu20,0.000,0.000,50.292,9.258,9.930,0.075,0.000,12.591,0.729,0.501,9.147,7.237,0.239
Colo_rep1_Dep6_Tu2,0.000,0.000,59.432,0.000,17.168,0.000,0.904,0.000,0.026,1.728,14.379,6.189,0.174
Colo_rep9_Dep6_Tu50,0.000,0.000,30.002,32.010,14.823,0.000,0.000,0.000,0.000,0.741,5.896,1.106,15.421
Colo_rep3_Dep6_Tu0.3,0.000,0.000,61.037,0.000,12.692,0.000,12.757,0.000,1.497,0.000,11.269,0.000,0.747
Colo_rep1_Dep6_Tu3,0.000,0.015,53.221,4.806,11.242,0.000,7.948,0.063,0.423,2.395,19.367,0.000,0.518
