Sample,BRCA,CEAD,CESC,COAD,OV,READ,bcell,cd4tcell,cd8tcell,erythroblast,monocyte,naturalkillercell,neutrophil
Colo9345_rep1_Dep6_Tu5,1.782,5.199,42.512,10.646,7.913,3.229,6.471,0.000,0.000,0.000,8.840,0.000,13.407
Colo9345_rep8_Dep6_Tu30,0.000,7.838,35.319,14.547,20.287,9.089,1.513,0.000,0.000,0.000,1.515,0.000,9.890
Colo9345_rep5_Dep6_Tu1,1.807,11.393,47.459,0.849,0.000,0.445,6.473,0.000,12.868,2.615,3.421,0.265,12.405
Colo9345_rep5_Dep6_Tu20,12.141,6.420,19.436,31.614,16.404,10.209,0.000,0.000,0.000,0.000,1.668,0.000,2.108
Colo9345_rep7_Dep6_Tu20,4.441,0.574,19.998,35.199,22.613,5.909,0.000,0.000,0.000,0.000,0.000,0.000,11.265
Colo9345_rep6_Dep6_Tu2,0.000,7.285,51.630,3.124,2.527,0.766,0.764,0.000,18.856,5.538,3.485,0.000,6.024
Colo9345_rep10_Dep6_Tu10,0.000,13.430,47.012,4.898,3.637,1.274,4.911,0.000,6.325,4.201,6.022,0.000,8.290
Colo9345_rep1_Dep6_Tu10,0.833,3.837,26.524,23.167,12.495,3.257,12.556,0.000,0.000,0.000,11.074,0.000,6.256
Colo9345_rep3_Dep6_Tu30,2.978,1.964,11.852,40.814,30.505,7.472,0.000,0.000,0.000,0.000,1.546,0.000,2.868
Colo9345_rep6_Dep6_Tu1,0.609,16.519,53.762,0.613,0.000,0.688,11.984,0.000,0.000,1.697,2.724,0.000,11.404
Colo9345_rep2_Dep6_Tu10,0.000,9.959,30.187,21.909,14.287,6.070,0.000,0.000,0.000,0.000,5.756,0.000,11.833
Colo9345_rep6_Dep6_Tu5,0.000,2.854,44.508,12.817,6.654,9.292,10.597,0.000,0.000,0.000,1.555,0.000,11.723
Colo9345_rep5_Dep6_Tu10,4.987,6.534,29.208,21.876,14.161,0.434,0.334,0.000,0.000,0.000,16.138,0.000,6.328
Colo9345_rep5_Dep6_Tu40,10.427,0.241,7.562,46.883,20.675,11.932,0.000,0.000,0.000,0.000,0.000,0.000,2.279
Colo9345_rep1_Dep6_Tu0.1,0.000,12.307,63.786,0.000,0.000,0.000,5.910,0.000,0.000,0.000,0.586,0.000,17.412
Colo9345_rep3_Dep6_Tu10,0.000,6.898,32.021,16.527,12.412,3.014,0.000,22.096,0.000,0.000,2.735,0.000,4.297
Colo9345_rep4_Dep6_Tu2,0.206,19.393,47.728,5.648,0.000,0.000,0.577,0.000,3.502,10.649,4.651,0.000,7.645
Colo9345_rep2_Dep6_Tu20,11.280,0.962,16.194,27.757,19.760,12.366,0.000,0.000,0.000,0.000,9.996,0.000,1.684
Colo9345_rep3_Dep6_Tu50,5.318,0.000,1.825,51.403,28.175,13.280,0.000,0.000,0.000,0.000,0.000,0.000,0.000
Colo9345_rep6_Dep6_Tu0.1,0.000,11.090,55.825,0.000,0.000,0.000,17.147,0.000,4.352,0.000,0.989,0.000,10.596
Colo9345_rep3_Dep6_Tu40,0.000,0.000,7.282,46.551,31.668,13.633,0.000,0.000,0.000,0.000,0.000,0.000,0.866
Colo9345_rep6_Dep6_Tu3,0.000,12.530,42.593,1.649,4.680,7.710,12.422,0.000,0.789,0.000,6.130,0.000,11.497
Colo9345_rep9_Dep6_Tu50,0.000,7.642,17.216,26.320,22.193,13.258,0.000,0.000,0.000,0.000,0.447,0.000,12.925
Colo9345_rep1_Dep6_Tu3,0.000,14.574,43.524,6.452,3.047,7.899,10.466,0.000,3.868,0.349,3.427,0.000,6.392
Colo9345_rep6_Dep6_Tu30,0.016,1.224,11.867,43.732,29.647,12.019,0.000,0.000,0.000,0.000,0.000,0.000,1.494
Colo9345_rep1_Dep6_Tu20,9.461,2.568,17.067,25.744,13.869,14.394,0.000,0.000,0.000,0.000,9.271,5.060,2.566
Colo9345_rep4_Dep6_Tu0.5,0.000,8.408,51.769,0.000,0.000,0.000,16.342,0.000,0.000,17.767,2.254,0.000,3.460
Colo9345_rep9_Dep6_Tu10,0.000,13.464,46.656,8.206,0.000,2.947,2.468,0.000,0.000,0.000,20.726,0.000,5.532
Colo9345_rep3_Dep6_Tu1,0.000,20.451,50.565,0.260,0.186,0.000,1.167,0.000,0.000,14.599,8.167,0.067,4.538
Colo9345_rep7_Dep6_Tu0.1,0.000,13.363,60.481,0.000,0.000,0.000,2.574,0.049,1.216,0.333,1.214,0.000,20.770
Colo9345_rep4_Dep6_Tu20,0.528,1.045,20.558,30.633,21.600,8.349,0.000,0.000,0.000,0.000,9.658,6.823,0.805
Colo9345_rep7_Dep6_Tu5,0.000,4.600,43.642,9.073,2.919,5.565,4.750,15.140,0.224,0.000,6.353,0.000,7.733
Colo9345_rep10_Dep6_Tu50,0.464,4.680,26.120,33.693,14.954,9.267,0.000,0.000,0.000,0.000,0.000,6.630,4.192
Colo9345_rep2_Dep6_Tu50,0.714,0.000,3.469,48.531,30.089,17.197,0.000,0.000,0.000,0.000,0.000,0.000,0.000
Colo9345_rep10_Dep6_Tu40,2.725,3.539,24.517,24.331,14.191,9.701,12.695,0.000,0.000,0.000,1.871,4.674,1.756
Colo9345_rep9_Dep6_Tu20,0.000,4.123,38.678,11.133,4.897,3.951,11.086,0.000,4.942,0.000,12.764,0.000,8.426
Colo9345_rep8_Dep6_Tu3,0.000,7.200,55.743,0.314,0.000,0.000,0.000,0.000,0.002,19.588,1.209,0.000,15.943
Colo9345_rep5_Dep6_Tu3,0.000,10.133,49.824,8.111,4.392,3.236,0.000,0.000,0.000,1.876,5.210,0.000,17.219
Colo9345_rep1_Dep6_Tu40,3.391,0.000,7.415,48.007,26.159,12.718,0.000,0.000,0.000,0.000,0.754,0.000,1.556
Colo9345_rep9_Dep6_Tu0.3,0.000,18.144,64.440,0.599,0.000,0.000,0.000,0.000,0.000,0.261,0.501,0.000,16.053
Colo9345_rep4_Dep6_Tu1,0.000,9.041,47.545,0.354,0.000,0.000,15.055,0.000,1.066,13.901,5.590,0.000,7.448
Colo9345_rep10_Dep6_Tu20,0.000,8.061,38.636,4.834,2.099,7.150,0.000,9.746,6.457,6.472,3.587,9.985,2.972
Colo9345_rep1_Dep6_Tu1,0.000,8.708,51.882,0.238,0.000,0.036,14.171,0.000,1.738,13.607,2.520,0.000,7.099
Colo9345_rep6_Dep6_Tu50,0.367,1.210,29.237,1.659,0.067,9.130,0.000,0.000,0.000,0.000,57.853,0.478,0.000
Colo9345_rep7_Dep6_Tu0.5,0.000,8.074,56.617,0.178,0.000,0.709,11.317,0.000,4.615,0.151,0.785,0.000,17.555
Colo9345_rep10_Dep6_Tu0.3,0.000,12.191,61.519,0.000,0.000,0.000,0.000,0.000,14.409,0.000,1.241,0.000,10.640
Colo9345_rep9_Dep6_Tu3,0.000,19.396,50.928,0.011,0.150,0.000,1.835,0.000,0.471,16.227,3.867,0.000,7.114
Colo9345_rep3_Dep6_Tu0.1,0.000,21.551,52.031,0.011,0.000,0.000,1.946,0.000,0.000,13.259,2.596,0.000,8.606
Colo9345_rep6_Dep6_Tu20,0.281,1.847,21.392,38.127,18.672,12.183,0.000,0.000,0.000,0.000,1.558,0.000,5.939
Colo9345_rep8_Dep6_Tu0.5,0.000,8.210,58.614,0.000,0.000,0.000,13.549,0.000,6.428,0.000,1.391,0.000,11.808
Colo9345_rep9_Dep6_Tu0.5,0.000,15.806,57.526,0.000,0.000,0.000,0.666,0.000,2.938,0.443,4.464,0.000,18.158
Colo9345_rep9_Dep6_Tu2,0.000,16.226,55.041,0.112,0.000,0.025,1.119,0.000,0.000,0.000,6.068,0.000,21.410
Colo9345_rep8_Dep6_Tu0.3,0.000,17.080,64.226,0.537,0.000,0.000,0.000,0.000,2.066,0.000,0.422,0.000,15.668
Colo9345_rep6_Dep6_Tu0.5,0.000,9.026,52.304,0.000,0.000,0.000,14.155,0.000,4.636,13.904,1.567,0.000,4.408
Colo9345_rep4_Dep6_Tu0.1,0.000,8.252,61.139,0.000,0.000,0.000,17.497,0.000,0.000,0.906,1.021,0.000,11.184
Colo9345_rep1_Dep6_Tu0.3,0.000,16.229,57.725,0.000,0.000,0.501,13.913,0.000,6.524,0.187,0.692,0.000,4.228
Colo9345_rep5_Dep6_Tu30,5.366,0.000,10.419,39.495,18.865,15.747,0.000,0.000,0.000,0.000,4.677,0.000,5.431
Colo9345_rep2_Dep6_Tu2,0.000,5.695,53.751,2.660,3.303,3.720,16.624,0.000,0.046,0.000,1.308,0.000,12.893
Colo9345_rep4_Dep6_Tu40,3.250,0.000,6.658,47.567,25.785,10.763,0.000,0.000,0.000,0.000,0.000,0.000,5.975
Colo9345_rep7_Dep6_Tu30,0.769,0.000,14.108,39.506,25.725,15.638,0.000,0.000,0.000,0.000,0.000,0.000,4.254
Colo9345_rep5_Dep6_Tu0.3,0.000,14.423,49.942,0.000,0.000,0.034,1.562,0.000,12.293,10.660,4.707,0.000,6.379
Colo9345_rep5_Dep6_Tu0.5,0.000,14.768,65.019,0.000,2.750,0.000,1.366,0.000,0.000,0.073,1.908,0.000,14.114
Colo9345_rep2_Dep6_Tu1,0.000,10.464,56.539,2.950,0.334,0.000,0.000,0.000,11.942,0.000,3.637,0.000,14.133
Colo9345_rep2_Dep6_Tu3,0.000,7.331,48.653,10.556,5.133,1.416,0.000,0.000,0.000,0.828,12.818,0.000,13.265
Colo9345_rep4_Dep6_Tu30,8.798,0.379,11.513,39.676,20.591,13.200,0.000,0.000,0.000,0.000,0.000,0.000,5.842
Colo9345_rep7_Dep6_Tu2,0.000,4.270,55.384,6.925,0.000,2.518,15.956,0.000,0.000,0.000,2.141,0.015,12.791
Colo9345_rep8_Dep6_Tu40,0.000,6.042,24.357,26.182,15.370,9.670,0.000,0.512,0.000,0.740,3.869,0.000,13.256
Colo9345_rep10_Dep6_Tu3,0.000,13.789,55.454,0.186,0.000,0.000,8.475,0.000,0.077,11.278,1.036,0.000,9.705
Colo9345_rep3_Dep6_Tu0.3,0.000,7.830,57.708,0.190,0.000,0.233,14.006,0.000,6.179,0.000,2.370,0.000,11.486
Colo9345_rep5_Dep6_Tu0.1,0.000,15.595,60.157,0.000,0.000,0.000,5.809,0.000,0.000,0.000,0.603,0.000,17.836
Colo9345_rep2_Dep6_Tu0.5,0.000,15.763,58.816,0.035,0.000,2.146,0.438,0.000,0.000,0.259,2.207,0.000,20.336
Colo9345_rep6_Dep6_Tu10,0.000,11.398,27.516,14.714,6.985,4.368,2.470,0.000,0.000,1.686,2.363,22.066,6.434
Colo9345_rep9_Dep6_Tu0.1,0.000,15.541,49.035,0.000,0.000,0.000,11.554,0.000,7.076,11.407,1.147,0.000,4.240
Colo9345_rep7_Dep6_Tu10,5.739,5.596,29.629,21.732,10.112,4.376,0.000,0.000,0.000,0.000,10.412,0.000,12.404
Colo9345_rep10_Dep6_Tu2,0.000,10.030,58.266,0.003,0.000,0.139,2.766,0.000,2.791,11.955,2.577,0.000,11.473
Colo9345_rep7_Dep6_Tu40,0.000,0.000,34.766,5.862,0.490,4.941,0.000,0.000,0.000,0.000,53.940,0.000,0.000
Colo9345_rep8_Dep6_Tu20,1.168,5.629,43.918,11.192,12.908,1.501,0.000,0.000,5.786,0.000,10.326,0.000,7.572
Colo9345_rep3_Dep6_Tu5,0.000,9.051,47.396,16.476,4.244,3.255,5.456,0.000,0.000,1.302,3.415,0.000,9.405
Colo9345_rep5_Dep6_Tu2,0.000,9.216,46.861,1.122,0.039,0.113,1.508,9.424,11.187,6.042,10.134,0.000,4.354
Colo9345_rep1_Dep6_Tu30,4.777,2.550,10.514,41.279,20.735,15.269,0.000,0.000,0.000,0.000,0.000,0.000,4.875
Colo9345_rep10_Dep6_Tu1,0.000,7.546,56.269,0.008,0.000,0.000,0.000,0.000,0.027,19.372,0.986,0.000,15.791
Colo9345_rep4_Dep6_Tu10,0.000,8.341,30.465,24.442,19.515,4.950,0.000,0.000,0.000,0.000,3.478,0.000,8.808
Colo9345_rep3_Dep6_Tu3,0.000,11.345,42.573,10.216,5.007,4.454,1.402,0.000,0.115,4.997,1.875,0.000,18.016
Colo9345_rep5_Dep6_Tu50,4.526,0.000,3.595,48.840,26.094,16.945,0.000,0.000,0.000,0.000,0.000,0.000,0.000
Colo9345_rep2_Dep6_Tu40,9.661,0.580,6.809,44.509,25.435,12.180,0.000,0.000,0.000,0.000,0.000,0.000,0.825
Colo9345_rep1_Dep6_Tu2,5.354,11.402,53.967,0.679,1.368,0.000,1.897,0.000,0.000,0.000,1.859,5.940,17.534
Colo9345_rep2_Dep6_Tu5,0.051,5.287,42.053,9.182,3.268,1.613,0.000,0.000,0.000,11.825,2.264,10.483,13.972
Colo9345_rep2_Dep6_Tu0.1,0.000,13.380,53.657,0.000,0.000,0.000,0.412,0.000,4.723,15.083,0.598,0.000,12.148
Colo9345_rep10_Dep6_Tu5,0.000,11.363,49.347,1.888,0.000,2.991,14.488,0.000,0.096,0.475,8.000,0.000,11.350
Colo9345_rep1_Dep6_Tu0.5,0.000,10.192,54.458,0.000,0.000,0.000,12.453,0.000,5.771,0.000,3.204,0.000,13.921
Colo9345_rep8_Dep6_Tu10,7.873,6.034,49.713,3.559,0.110,4.692,8.421,0.000,9.715,7.447,0.913,0.000,1.522
Colo9345_rep9_Dep6_Tu5,0.000,9.949,49.950,2.279,1.569,0.000,6.066,0.000,12.319,2.885,2.452,0.000,12.530
Colo9345_rep7_Dep6_Tu1,0.000,15.726,56.441,1.588,0.213,3.388,1.136,0.000,0.000,0.000,0.412,4.782,16.312
Colo9345_rep5_Dep6_Tu5,0.000,7.056,35.365,8.509,5.577,5.910,8.901,0.237,0.195,11.575,11.569,0.000,5.105
Colo9345_rep7_Dep6_Tu50,4.188,1.351,0.730,51.089,25.394,13.232,0.000,0.000,0.000,0.000,0.000,0.000,4.016
Colo9345_rep3_Dep6_Tu20,5.154,1.504,21.623,37.235,20.134,6.619,0.000,0.000,0.000,0.000,3.732,0.000,3.999
Colo9345_rep8_Dep6_Tu1,0.000,13.155,56.790,0.077,0.000,0.000,0.948,0.000,0.019,18.909,1.691,0.456,7.954
Colo9345_rep4_Dep6_Tu5,0.000,10.115,37.347,9.987,12.111,1.835,0.000,0.000,4.941,11.002,9.203,0.000,3.458
Colo9345_rep10_Dep6_Tu30,8.779,4.297,29.996,8.108,14.100,12.478,0.000,0.000,0.000,0.000,15.083,0.000,7.159
Colo9345_rep10_Dep6_Tu0.5,0.000,19.366,55.080,0.000,0.000,0.000,7.633,0.000,0.000,7.102,0.374,0.000,10.444
Colo9345_rep8_Dep6_Tu2,0.000,14.701,52.831,0.164,0.000,0.016,3.860,0.000,0.000,15.892,7.338,0.000,5.198
Colo9345_rep7_Dep6_Tu0.3,0.000,16.976,59.937,1.113,0.076,0.000,0.000,0.000,0.000,0.000,1.776,0.000,20.122
Colo9345_rep4_Dep6_Tu3,1.139,8.283,46.571,8.604,7.555,0.062,1.238,0.000,0.579,13.248,1.503,0.000,11.218
Colo9345_rep3_Dep6_Tu0.5,0.000,22.159,51.421,0.036,0.000,0.000,0.528,0.000,2.234,14.988,1.062,0.000,7.570
Colo9345_rep8_Dep6_Tu50,0.000,5.820,19.592,35.577,23.731,10.151,0.000,0.000,0.000,0.000,0.000,0.000,5.129
Colo9345_rep2_Dep6_Tu30,0.726,2.568,14.854,42.541,26.426,11.009,0.000,0.000,0.000,0.000,0.000,0.000,1.875
Colo9345_rep8_Dep6_Tu5,0.000,7.797,50.816,0.313,1.934,2.863,10.953,0.000,8.563,7.968,3.154,0.000,5.640
Colo9345_rep1_Dep6_Tu50,2.006,0.000,3.248,49.190,29.440,16.115,0.000,0.000,0.000,0.000,0.000,0.000,0.000
Colo9345_rep8_Dep6_Tu0.1,0.000,9.177,58.544,0.000,0.000,0.051,6.476,0.549,8.430,10.997,0.767,0.000,5.009
Colo9345_rep6_Dep6_Tu0.3,0.000,22.088,50.815,0.000,0.000,0.000,0.905,0.000,2.076,15.548,1.150,0.000,7.417
Colo9345_rep9_Dep6_Tu1,0.000,13.626,62.296,0.000,0.000,0.000,6.036,0.000,0.000,1.359,0.537,0.000,16.144
Colo9345_rep7_Dep6_Tu3,0.000,9.611,38.655,6.021,2.475,3.272,9.212,0.000,0.307,11.985,14.353,0.000,4.108
Colo9345_rep9_Dep6_Tu40,4.221,4.677,28.215,25.639,17.956,5.529,0.000,0.000,0.000,0.000,7.810,0.000,5.953
Colo9345_rep3_Dep6_Tu2,0.000,15.334,49.572,3.427,0.000,5.147,14.629,0.000,2.604,0.772,5.838,0.000,2.676
Colo9345_rep2_Dep6_Tu0.3,0.000,6.050,57.050,0.025,0.000,0.002,0.085,0.000,0.000,17.971,0.953,2.778,15.086
Colo9345_rep4_Dep6_Tu0.3,0.766,18.601,54.679,0.072,0.000,0.000,5.989,0.000,0.585,6.515,1.291,0.000,11.501
Colo9345_rep9_Dep6_Tu30,16.349,11.543,32.609,12.726,6.915,6.395,0.010,0.000,0.000,7.553,1.921,0.000,3.978
Colo9345_rep6_Dep6_Tu40,6.131,0.448,7.590,47.289,26.417,12.126,0.000,0.000,0.000,0.000,0.000,0.000,0.000
Colo9345_rep10_Dep6_Tu0.1,0.000,11.473,58.646,0.000,0.000,0.000,9.409,0.000,7.226,3.543,0.244,0.000,9.459
Colo9345_rep4_Dep6_Tu50,2.663,0.000,1.880,51.068,26.932,17.457,0.000,0.000,0.000,0.000,0.000,0.000,0.000
