Sample,BRCA,CEAD,CESC,COAD,OV,READ,bcell,cd4tcell,cd8tcell,erythroblast,monocyte,naturalkillercell,neutrophil
Colo9345_rep1_Dep6_Tu5,9.660,0.000,0.000,10.286,9.361,3.174,3.041,0.000,0.000,12.313,9.255,0.636,42.275
Colo9345_rep8_Dep6_Tu30,7.347,2.960,1.175,16.104,13.379,6.453,1.865,0.000,0.000,7.346,5.874,0.000,37.497
Colo9345_rep5_Dep6_Tu1,2.637,0.000,0.274,2.349,7.353,2.552,4.179,0.000,0.562,12.732,13.333,2.650,51.379
Colo9345_rep5_Dep6_Tu20,14.199,0.000,7.526,31.511,7.266,7.143,0.162,0.000,0.165,5.092,5.800,0.000,21.135
Colo9345_rep7_Dep6_Tu20,18.377,1.753,0.727,31.798,5.728,6.609,0.000,0.000,0.000,10.149,2.231,0.000,22.630
Colo9345_rep6_Dep6_Tu2,8.380,0.000,0.000,3.543,0.961,0.788,2.881,0.000,5.612,11.574,8.569,2.286,55.406
Colo9345_rep10_Dep6_Tu10,3.464,0.000,3.719,7.653,4.379,0.000,2.188,0.000,0.453,13.706,7.410,2.893,54.135
Colo9345_rep1_Dep6_Tu10,10.321,3.381,0.000,22.590,6.757,3.879,4.309,0.000,0.000,11.372,4.111,0.000,33.280
Colo9345_rep3_Dep6_Tu30,24.669,2.301,1.498,37.544,1.172,5.994,0.000,0.000,0.000,8.494,2.579,0.000,15.749
Colo9345_rep6_Dep6_Tu1,0.000,3.163,0.000,0.177,10.181,0.000,5.252,0.000,0.000,10.770,8.446,1.537,60.475
Colo9345_rep2_Dep6_Tu10,6.142,0.000,1.027,20.819,11.937,9.887,0.000,0.000,0.000,10.388,9.171,0.000,30.631
Colo9345_rep6_Dep6_Tu5,5.893,0.000,1.662,12.921,2.943,3.816,2.947,0.000,0.000,13.714,4.985,0.000,51.119
Colo9345_rep5_Dep6_Tu10,11.348,4.940,1.856,23.672,2.295,0.000,0.969,0.000,0.000,11.943,7.915,0.000,35.062
Colo9345_rep5_Dep6_Tu40,21.356,5.440,0.000,44.150,0.000,10.125,0.000,0.000,0.000,5.614,2.904,0.000,10.410
Colo9345_rep1_Dep6_Tu0.1,0.000,0.000,0.000,0.000,7.302,0.000,2.867,0.000,1.870,12.871,9.589,0.000,65.500
Colo9345_rep3_Dep6_Tu10,13.178,0.000,0.000,19.304,6.192,7.020,0.000,0.200,0.000,9.831,8.485,0.000,35.789
Colo9345_rep4_Dep6_Tu2,0.000,2.237,0.000,4.940,14.426,0.000,3.538,0.000,1.886,6.697,13.458,3.578,49.241
Colo9345_rep2_Dep6_Tu20,18.343,0.000,5.276,28.222,7.721,10.766,0.000,0.000,0.000,6.155,3.855,0.000,19.662
Colo9345_rep3_Dep6_Tu50,26.041,2.807,3.953,45.344,0.389,10.991,0.000,0.000,0.000,5.079,0.000,0.000,5.396
Colo9345_rep6_Dep6_Tu0.1,0.000,0.000,0.402,0.000,10.800,0.000,2.219,0.000,1.598,13.878,11.879,0.283,58.942
Colo9345_rep3_Dep6_Tu40,24.382,0.574,0.806,41.368,6.019,12.245,0.000,0.000,0.000,5.170,1.060,0.000,8.376
Colo9345_rep6_Dep6_Tu3,1.380,0.000,0.000,4.783,18.517,0.000,1.979,0.000,0.000,12.182,8.918,1.246,50.994
Colo9345_rep9_Dep6_Tu50,12.655,0.000,0.380,29.676,0.000,11.616,0.000,0.000,0.000,13.949,7.117,0.000,24.607
Colo9345_rep1_Dep6_Tu3,6.037,0.000,0.573,9.667,0.000,3.718,2.868,0.000,1.181,15.120,10.237,1.403,49.196
Colo9345_rep6_Dep6_Tu30,23.832,0.000,1.907,35.991,1.912,12.432,0.000,0.000,0.000,6.277,1.367,0.000,16.281
Colo9345_rep1_Dep6_Tu20,18.606,0.000,5.937,29.894,4.048,8.942,0.000,0.000,0.000,8.156,3.067,0.000,21.350
Colo9345_rep4_Dep6_Tu0.5,0.289,0.000,0.263,0.000,10.778,1.539,7.051,0.000,0.000,10.208,5.587,3.588,60.697
Colo9345_rep9_Dep6_Tu10,0.000,0.000,0.000,9.358,13.523,1.649,4.464,0.000,0.000,7.941,10.434,0.499,52.130
Colo9345_rep3_Dep6_Tu1,0.074,0.000,0.000,2.035,10.492,0.000,1.928,0.000,0.908,9.323,13.852,3.658,57.731
Colo9345_rep7_Dep6_Tu0.1,0.000,0.000,0.000,0.000,12.207,0.000,2.279,0.000,0.000,12.076,13.038,3.311,57.089
Colo9345_rep4_Dep6_Tu20,18.879,0.000,3.560,29.326,6.704,8.416,0.000,0.000,0.000,5.058,3.758,0.372,23.925
Colo9345_rep7_Dep6_Tu5,9.643,0.000,0.000,12.571,5.075,3.549,2.973,0.000,1.993,11.184,5.510,0.000,47.500
Colo9345_rep10_Dep6_Tu50,15.382,0.000,2.562,29.790,7.985,5.892,0.000,0.000,0.000,7.904,3.460,0.000,27.027
Colo9345_rep2_Dep6_Tu50,24.555,0.000,4.346,44.368,0.000,12.729,0.000,0.000,0.000,6.040,0.402,0.000,7.562
Colo9345_rep10_Dep6_Tu40,12.842,0.000,5.168,23.711,1.660,8.311,4.075,1.007,0.000,9.030,3.484,0.000,30.712
Colo9345_rep9_Dep6_Tu20,7.800,0.000,0.000,11.452,10.064,5.392,2.684,0.000,0.000,11.660,6.112,0.000,44.837
Colo9345_rep8_Dep6_Tu3,0.000,0.000,0.000,2.678,8.667,0.000,0.681,0.000,0.460,14.263,10.813,3.869,58.569
Colo9345_rep5_Dep6_Tu3,5.082,0.000,0.000,8.759,8.231,0.989,1.455,0.000,0.000,14.196,6.923,3.100,51.265
Colo9345_rep1_Dep6_Tu40,21.555,0.000,2.330,43.843,6.995,9.479,0.000,0.000,0.000,6.872,0.336,0.000,8.591
Colo9345_rep9_Dep6_Tu0.3,0.000,0.514,0.000,0.000,5.148,0.000,1.714,0.000,0.000,13.993,14.336,1.198,63.096
Colo9345_rep4_Dep6_Tu1,1.603,0.000,0.000,0.196,11.141,0.000,7.192,0.000,0.000,12.221,9.479,3.930,54.237
Colo9345_rep10_Dep6_Tu20,5.933,0.000,2.902,14.743,3.555,5.792,0.303,1.193,0.282,10.277,6.088,3.104,45.827
Colo9345_rep1_Dep6_Tu1,1.492,0.000,0.000,1.103,14.129,0.000,4.782,0.000,2.067,9.332,8.329,1.693,57.073
Colo9345_rep6_Dep6_Tu50,0.000,0.000,4.622,10.827,8.655,0.522,0.000,0.000,0.000,12.740,12.957,0.000,49.677
Colo9345_rep7_Dep6_Tu0.5,0.000,0.000,0.000,0.738,12.564,1.240,4.141,0.000,0.118,10.397,8.760,4.527,57.515
Colo9345_rep10_Dep6_Tu0.3,0.000,0.000,0.000,0.000,6.215,0.000,0.282,0.000,4.552,13.180,9.929,3.291,62.549
Colo9345_rep9_Dep6_Tu3,1.222,0.000,0.000,0.000,15.267,0.000,2.612,0.000,0.113,8.295,12.963,3.291,56.237
Colo9345_rep3_Dep6_Tu0.1,0.000,2.445,0.000,0.000,12.607,0.000,1.343,0.000,0.000,9.231,15.817,4.039,54.517
Colo9345_rep6_Dep6_Tu20,18.237,0.000,4.786,29.898,2.593,10.548,0.000,0.000,0.000,7.883,3.833,0.000,22.222
Colo9345_rep8_Dep6_Tu0.5,0.000,0.000,0.000,0.000,11.936,0.000,5.685,0.000,0.000,11.994,8.203,0.000,62.182
Colo9345_rep9_Dep6_Tu0.5,0.000,0.000,0.000,0.000,16.717,0.000,1.469,0.000,0.000,11.194,11.520,3.751,55.349
Colo9345_rep9_Dep6_Tu2,0.000,0.000,0.000,0.912,10.026,0.000,4.007,0.000,0.000,17.174,10.730,0.000,57.152
Colo9345_rep8_Dep6_Tu0.3,0.000,0.887,0.000,0.000,5.770,0.000,1.549,0.000,0.000,14.044,13.712,1.032,63.006
Colo9345_rep6_Dep6_Tu0.5,0.000,0.000,0.000,0.000,15.416,0.000,5.406,0.000,3.845,8.064,7.065,2.039,58.164
Colo9345_rep4_Dep6_Tu0.1,0.114,0.000,0.000,0.000,4.762,0.000,3.006,0.000,0.000,16.578,11.257,0.000,64.284
Colo9345_rep1_Dep6_Tu0.3,0.000,3.438,0.000,0.000,4.300,0.000,3.187,0.000,0.263,13.996,10.592,1.490,62.734
Colo9345_rep5_Dep6_Tu30,18.170,0.000,2.521,35.908,5.065,14.013,0.000,0.000,0.000,9.036,1.239,0.000,14.048
Colo9345_rep2_Dep6_Tu2,5.843,0.000,0.000,2.496,7.202,0.406,3.282,0.000,0.000,15.857,7.651,0.626,56.637
Colo9345_rep4_Dep6_Tu40,23.690,2.624,1.909,41.687,0.994,10.202,0.000,0.000,0.000,6.653,2.140,0.000,10.101
Colo9345_rep7_Dep6_Tu30,17.399,0.000,1.793,37.043,0.000,16.006,0.000,0.000,0.000,9.350,1.406,0.000,17.002
Colo9345_rep5_Dep6_Tu0.3,0.000,0.000,0.000,0.000,12.829,1.318,3.073,0.000,0.987,10.155,12.908,5.175,53.554
Colo9345_rep5_Dep6_Tu0.5,0.601,0.000,0.000,0.000,8.885,0.000,3.569,0.000,0.000,12.609,6.731,3.076,64.529
Colo9345_rep2_Dep6_Tu1,2.899,2.717,0.000,0.000,10.243,0.000,0.000,0.000,0.000,16.371,9.697,1.494,56.580
Colo9345_rep2_Dep6_Tu3,6.574,0.000,0.000,8.729,10.919,0.000,1.170,0.723,0.000,14.633,7.076,1.680,48.495
Colo9345_rep4_Dep6_Tu30,20.507,0.000,4.133,35.316,2.727,10.700,0.000,0.000,0.000,9.042,2.509,0.000,15.066
Colo9345_rep7_Dep6_Tu2,0.000,0.000,3.520,3.009,9.481,3.081,4.211,0.000,0.000,13.206,6.624,0.000,56.868
Colo9345_rep8_Dep6_Tu40,9.521,0.664,2.956,23.485,10.222,6.435,0.000,0.000,0.398,10.862,7.517,1.095,26.845
Colo9345_rep10_Dep6_Tu3,0.000,0.000,0.000,0.000,17.144,0.000,3.101,0.000,0.000,11.114,10.500,2.122,56.019
Colo9345_rep3_Dep6_Tu0.3,0.000,0.662,0.000,1.298,10.573,0.000,5.854,0.000,0.000,12.173,8.070,0.000,61.370
Colo9345_rep5_Dep6_Tu0.1,0.000,0.172,0.000,0.000,12.341,0.000,3.806,0.000,0.000,12.703,9.772,0.281,60.926
Colo9345_rep2_Dep6_Tu0.5,0.000,0.000,0.000,1.083,10.449,0.000,1.992,0.000,0.000,14.763,13.245,0.782,57.685
Colo9345_rep6_Dep6_Tu10,6.641,0.000,3.870,22.338,7.680,4.798,1.340,0.000,0.000,8.323,10.592,0.000,34.418
Colo9345_rep9_Dep6_Tu0.1,0.000,0.000,0.000,0.000,14.549,0.000,4.680,0.000,0.451,11.884,10.319,4.814,53.303
Colo9345_rep7_Dep6_Tu10,11.578,0.000,2.121,20.157,11.103,0.758,0.000,0.170,0.000,13.359,7.377,0.000,33.376
Colo9345_rep10_Dep6_Tu2,0.000,0.000,0.000,0.000,13.946,0.000,2.712,0.000,0.000,12.869,12.277,1.130,57.066
Colo9345_rep7_Dep6_Tu40,2.011,0.000,0.000,18.156,7.512,4.565,2.627,0.000,0.000,4.906,7.309,0.000,52.915
Colo9345_rep8_Dep6_Tu20,9.335,0.533,1.278,12.413,12.641,2.958,2.168,0.000,1.430,7.574,3.400,0.000,46.270
Colo9345_rep3_Dep6_Tu5,1.454,0.861,0.000,15.233,7.652,4.139,1.672,0.000,0.000,10.316,6.810,2.230,49.633
Colo9345_rep5_Dep6_Tu2,2.060,0.000,0.000,6.272,11.984,0.425,2.161,0.000,1.810,8.425,8.911,3.806,54.147
Colo9345_rep1_Dep6_Tu30,21.792,0.000,4.713,38.276,2.746,11.502,0.000,0.000,0.000,5.752,2.138,0.000,13.080
Colo9345_rep10_Dep6_Tu1,0.000,0.000,0.307,1.061,11.622,0.000,0.000,0.000,0.163,10.260,12.764,5.216,58.607
Colo9345_rep4_Dep6_Tu10,10.922,0.000,0.000,23.097,3.243,7.443,0.000,0.000,0.000,9.332,11.418,0.000,34.545
Colo9345_rep3_Dep6_Tu3,2.783,0.000,0.000,8.827,7.214,3.489,0.846,0.000,0.000,14.706,8.500,4.093,49.541
Colo9345_rep5_Dep6_Tu50,24.173,0.000,5.761,44.613,0.000,13.815,0.000,0.000,0.000,5.095,1.368,0.000,5.175
Colo9345_rep2_Dep6_Tu40,24.400,3.531,3.029,41.830,0.000,11.541,0.000,0.000,0.000,4.953,0.825,0.000,9.891
Colo9345_rep1_Dep6_Tu2,3.473,0.413,0.000,3.191,13.514,0.858,2.356,0.000,0.000,11.939,9.476,1.645,53.134
Colo9345_rep2_Dep6_Tu5,3.862,1.483,4.390,11.475,6.818,3.074,1.362,0.647,0.000,11.820,8.731,1.794,44.545
Colo9345_rep2_Dep6_Tu0.1,0.000,0.000,0.000,0.000,12.558,0.000,4.335,0.000,0.000,9.546,11.207,6.472,55.882
Colo9345_rep10_Dep6_Tu5,0.000,0.000,0.000,3.161,10.467,0.740,3.270,0.000,0.000,13.763,11.621,2.911,54.067
Colo9345_rep1_Dep6_Tu0.5,0.721,3.376,0.000,0.000,9.818,0.000,2.044,0.000,1.799,11.084,10.759,0.027,60.373
Colo9345_rep8_Dep6_Tu10,2.750,0.000,0.000,9.213,8.013,0.000,6.386,0.000,3.139,8.276,6.087,1.161,54.975
Colo9345_rep9_Dep6_Tu5,1.147,0.000,0.000,2.943,10.863,1.941,3.654,0.000,1.023,15.338,9.119,1.918,52.054
Colo9345_rep7_Dep6_Tu1,0.000,0.070,1.857,3.194,6.398,0.000,2.861,0.000,0.000,11.919,12.002,0.000,61.698
Colo9345_rep5_Dep6_Tu5,7.645,0.000,0.000,8.998,8.163,5.754,4.915,0.000,0.000,9.389,8.879,2.503,43.754
Colo9345_rep7_Dep6_Tu50,23.953,1.569,3.088,46.569,0.000,11.481,0.000,0.000,0.000,6.506,2.059,0.000,4.774
Colo9345_rep3_Dep6_Tu20,18.504,0.000,2.232,32.265,4.576,5.770,0.000,0.000,0.000,7.606,4.722,0.000,24.325
Colo9345_rep8_Dep6_Tu1,0.000,0.000,0.000,0.000,8.776,0.000,1.728,0.000,0.000,13.948,9.561,3.422,62.565
Colo9345_rep4_Dep6_Tu5,10.240,0.000,0.000,10.926,15.368,2.310,0.271,0.000,0.000,8.930,8.453,3.310,40.193
Colo9345_rep10_Dep6_Tu30,14.671,0.000,1.977,13.520,5.023,8.003,0.000,0.000,0.000,12.588,4.517,0.000,39.699
Colo9345_rep10_Dep6_Tu0.5,0.000,0.000,0.000,0.000,8.554,0.000,5.277,0.000,0.000,13.766,10.792,1.463,60.148
Colo9345_rep8_Dep6_Tu2,0.095,0.000,0.000,1.145,10.717,0.000,3.912,0.000,0.000,11.083,10.340,3.569,59.138
Colo9345_rep7_Dep6_Tu0.3,0.000,0.000,0.000,0.386,8.175,0.000,0.609,0.000,0.000,15.197,11.760,2.925,60.948
Colo9345_rep4_Dep6_Tu3,4.324,2.629,0.000,6.561,12.721,0.000,2.350,0.000,0.000,9.516,9.911,4.426,47.562
Colo9345_rep3_Dep6_Tu0.5,0.000,0.000,0.434,0.000,10.224,0.000,4.279,0.000,2.216,8.980,13.758,3.688,56.422
Colo9345_rep8_Dep6_Tu50,22.604,0.000,0.000,31.577,4.225,9.131,0.000,0.000,0.000,7.068,5.135,0.000,20.259
Colo9345_rep2_Dep6_Tu30,23.820,0.108,1.913,39.157,0.720,8.312,0.000,0.000,0.000,7.274,2.753,0.000,15.943
Colo9345_rep8_Dep6_Tu5,4.545,0.000,0.000,0.000,9.111,0.000,3.948,0.000,0.839,12.529,9.209,4.014,55.805
Colo9345_rep1_Dep6_Tu50,24.102,0.000,4.936,45.069,0.000,13.423,0.000,0.000,0.000,4.688,1.672,0.000,6.109
Colo9345_rep8_Dep6_Tu0.1,0.000,0.000,0.000,0.000,11.863,0.000,6.781,0.672,0.668,9.476,9.343,3.088,58.109
Colo9345_rep6_Dep6_Tu0.3,0.000,0.000,0.000,0.000,9.718,0.000,4.689,0.000,1.301,8.919,15.865,3.341,56.168
Colo9345_rep9_Dep6_Tu1,0.000,0.000,0.000,0.000,11.864,0.000,4.210,0.000,0.000,12.324,11.054,0.761,59.787
Colo9345_rep7_Dep6_Tu3,7.263,0.000,0.000,8.084,8.913,2.308,4.161,0.000,0.000,9.743,8.468,2.989,48.072
Colo9345_rep9_Dep6_Tu40,15.772,3.327,0.000,23.008,5.939,5.667,0.000,0.000,0.000,8.936,6.780,0.000,30.572
Colo9345_rep3_Dep6_Tu2,0.872,1.035,1.474,9.115,3.684,0.000,4.786,0.202,0.000,10.016,10.143,2.060,56.612
Colo9345_rep2_Dep6_Tu0.3,0.000,1.103,1.990,1.094,8.101,0.000,0.848,0.000,0.000,11.192,10.129,2.877,62.666
Colo9345_rep4_Dep6_Tu0.3,0.000,0.869,0.000,0.000,6.518,0.000,3.690,0.000,1.991,11.543,11.927,3.094,60.369
Colo9345_rep9_Dep6_Tu30,10.730,3.046,0.000,19.233,4.212,0.274,1.839,0.000,0.000,12.172,7.025,3.129,38.342
Colo9345_rep6_Dep6_Tu40,22.107,2.065,4.682,41.998,0.000,11.193,0.000,0.000,0.000,5.868,1.316,0.000,10.771
Colo9345_rep10_Dep6_Tu0.1,0.000,0.000,0.904,0.000,5.118,0.000,4.883,0.000,0.825,13.202,9.353,4.697,61.017
Colo9345_rep4_Dep6_Tu50,26.154,0.000,4.040,45.087,0.000,12.763,0.000,0.000,0.000,5.796,1.702,0.000,4.457
